3.2864
-3.54734
-4.8822
-4.89574
-2.85073
7.69797
0.320447
-4.90942
10.6999
0.275484
-8.98114
5.84749
-2.20964
5.86854
-1.4844
0.461617
-2.35718
6.18959
-4.55093
4.29314
2.13063
-4.88855
-5.3816
-0.85738
-4.14912
-2.52685
-6.13262
0.760725
-6.63222
6.44012
2.42506
0.511367
0.618488
-3.07221
0.0658184
8.31564
-0.21417
-5.09257
0.909786
0.127274
-1.27564
-5.20454
-1.83113
2.00354
1.19699
2.13249
0.95653
1.91391
-2.07965
-0.799222
0.493048
2.01249
-1.92874
0.453355
1.47749
-0.751792
-0.396285
7.42658
-2.08047
-0.363084
-11.1699
-3.56722
-0.143098
0.867412
5.01176
4.89816
7.08737
4.01839
2.55613
4.17058
-2.86042
-3.48718
-0.338197
-4.89506
-2.02345
4.74387
2.69308
0.236331
-6.54945
-1.51432
4.88326
-1.41353
-1.94937
2.9437
2.23264
-1.81381
1.06218
-0.484197
-2.71464
-6.95993
-4.86542
-5.20139
-0.0271338
-4.41265
-3.3012
-4.31928
5.5355
4.6588
-7.11602
-9.43482
