1.48165
0.294947
-0.538126
0.273915
1.5735
0.551884
0.161689
1.90694
-1.96387
0.893727
0.859162
-3.65752
-1.76773
0.129638
0.00352299
1.55826
0.529411
-0.0948921
0.784551
1.01692
0.998834
1.60028
1.67957
1.69879
-0.636023
0.721368
1.02242
-1.02197
-0.444184
-0.0543781
-0.369872
-0.912443
0.0607373
-0.584719
0.592628
1.72889
1.20957
0.697641
1.95373
-0.326346
1.40161
0.314748
0.243801
1.55044
0.762305
0.0632755
1.44269
1.07197
-0.71471
2.14238
1.78407
1.79429
2.03428
1.69318
-0.00188466
1.19954
-0.293764
0.964991
0.234707
0.522882
0.0902222
0.0487525
0.170007
1.25164
0.278382
0.760419
1.11159
1.05937
1.30529
0.220193
1.18354
1.58255
-0.0156381
1.41448
0.497374
0.672574
-0.600098
-0.275675
2.54923
-0.0939386
0.408422
0.245356
-0.97623
-0.74909
0.223803
1.25258
1.32382
-0.816229
0.888728
0.679715
-0.281208
0.941609
0.504936
0.992155
1.35531
0.991138
1.99068
-0.173852
0.226293
0.0608813
1.14616
1.48597
2.10562
-0.374998
0.913263
1.15829
0.565495
1.30962
0.41416
2.02332
0.177655
1.03459
1.12699
1.32154
1.15066
1.78004
-0.348259
1.08372
1.86838
2.05911
-1.02527
2.17762
0.488708
0.529149
1.71045
2.37481
0.646977
0.728453
1.47061
-0.392278
1.53025
-0.707819
0.899596
0.284665
1.8711
-0.0821884
1.37882
-1.17731
-1.91964
0.572374
0.108498
1.52288
0.966842
2.00675
1.87871
2.45623
0.488605
-0.301679
1.2529
-0.273915
0.154748
1.16335
1.87653
2.38318
-0.625682
0.263307
-0.926474
1.39045
1.0671
0.249709
-1.87419
-0.817351
0.554266
0.705652
-1.41856
0.565562
-0.445422
-1.32206
2.00916
-0.443436
1.56086
1.28604
0.284564
1.37778
0.15498
-0.517299
1.08146
-0.995879
0.893142
-0.666405
-0.378294
1.25572
-0.754995
0.809367
-0.5627
1.94739
0.168717
-0.8513
-0.368172
0.529676
0.205846
0.667156
0.60768
1.5167
0.172438
2.05988
1.23995
0.757626
-2.09095
0.758072
2.08427
0.171114
0.45831
0.320974
-0.950566
-0.103557
0.385471
0.185286
1.7808
0.603596
0.667653
2.39387
-1.74436
-0.377381
1.23657
0.149266
2.0894
1.25805
0.392446
0.711835
0.593707
1.86124
0.525412
1.43342
1.33174
-1.36995
-1.10259
1.5911
0.0287444
2.01989
1.25968
-0.170426
-0.832207
0.91065
0.0717521
1.31406
1.77367
-0.871916
0.84639
0.938434
1.22133
-0.370675
1.22168
1.52341
-0.526123
1.009
1.25705
-0.689152
-0.918497
1.24804
-0.815178
0.919123
0.79105
1.373
0.525979
0.39184
0.122097
-0.0683948
-0.762262
1.01615
0.173224
1.94283
-0.893553
0.406061
0.535554
1.59733
0.978048
0.613171
0.828374
1.90258
0.363813
1.2917
0.237066
0.988723
1.32974
-0.103134
0.964214
2.05348
1.43911
0.188569
-0.728119
0.356816
1.78049
1.40034
-0.0327471
1.85251
1.56238
0.66434
2.25377
1.35262
0.668039
-0.589922
1.77565
-0.984651
1.26681
1.30316
-1.72159
1.44992
0.480353
-0.160821
-0.391883
0.284384
0.289206
0.867288
1.24122
2.27447
0.661758
0.36524
1.0054
1.7277
0.472583
0.839271
-1.76101
-0.770455
0.73177
-0.497186
1.59366
-0.514206
-1.60481
1.79482
2.0215
-0.064459
-2.20005
1.02355
-0.12605
0.169642
0.717346
0.739171
0.454508
1.68274
-0.651877
-0.360719
-1.41672
2.11427
2.25067
-0.74128
0.96303
1.17601
0.316725
-1.89656
1.71915
0.362991
-0.50337
0.861303
0.50712
-0.413241
-0.573451
1.73788
0.260511
1.60255
1.25812
1.13347
0.19724
-0.728553
1.01639
1.59613
0.116587
1.46646
0.590519
-0.89245
0.99548
0.0100257
0.851245
1.41458
0.840755
2.06092
1.49468
1.28284
0.322013
0.652438
-0.00584881
1.77005
1.08921
1.15715
-0.376182
1.39454
1.83908
-0.375647
-0.878924
1.5908
0.44174
-0.198865
0.993299
1.06166
1.57457
1.58911
-0.690448
1.35894
-0.205435
0.966658
1.47748
-1.0894
-0.269653
0.781088
-0.405833
1.36093
-0.126108
1.8286
-0.766723
1.56444
-0.0994381
0.668011
-0.558314
0.702914
0.641858
-0.363459
-2.75081
1.28683
2.63567
0.67672
1.18722
1.83801
-0.764398
-0.743585
0.0193096
-0.290895
1.17031
-0.0991646
0.0353046
1.33772
1.61627
0.642515
-0.516625
0.746016
-1.0138
1.11237
0.387055
0.0781786
1.54997
-0.519063
-0.691705
-0.0674381
1.60903
0.22174
1.39733
0.441945
0.724915
0.672903
0.136034
0.745112
1.57218
0.108386
1.57988
-0.481682
0.162369
-0.845818
-0.0496102
0.921645
0.445834
0.235085
1.79834
-3.64782
0.154168
-0.605599
0.649973
0.704258
2.42525
-1.2141
1.06654
-2.40024
-0.401487
1.50006
0.00757035
0.227914
-0.727952
0.364129
1.95824
0.0424806
-0.031595
-0.312071
-1.3507
0.139482
1.08117
0.704319
-0.991602
1.46987
2.30224
-1.76147
0.783796
1.11578
0.847237
0.618687
0.797753
0.544754
1.62389
1.08791
1.09039
2.34295
0.702651
0.697889
0.117595
0.861263
1.90682
0.892511
0.307788
0.850312
0.560323
0.107693
1.28662
0.661074
2.22023
0.0521887
-0.0659442
1.29209
0.753761
1.75284
1.06313
0.195973
-0.228289
2.01822
1.40099
1.61904
-0.0302371
-0.108526
1.28727
0.879574
0.0863997
0.169468
0.966363
2.0778
-0.505973
0.126329
-0.0740243
-0.413454
0.89226
1.45116
1.47505
-0.100889
0.0875652
0.933153
1.6396
-0.0367972
-0.175086
0.468965
0.889192
0.617005
0.127645
-0.829616
-0.358307
-0.179999
-1.17327
-1.54232
1.33887
1.5662
-0.127923
0.11499
-0.264052
-1.19796
-1.91155
1.54943
0.818049
1.20339
1.70596
1.31286
1.35158
0.548617
1.42502
1.57881
-0.523963
0.40425
-0.201446
1.279
0.465358
1.79092
0.934947
1.43018
-0.234062
-0.527456
0.494365
0.415508
0.777891
-0.814062
1.26509
0.99491
1.46953
0.498947
0.458183
1.19851
1.99669
0.368949
1.78894
0.24183
-0.593555
0.799883
0.919423
1.26673
0.205202
0.674666
1.12943
0.253741
-0.769581
0.234134
0.257824
1.75603
-0.764122
0.48215
0.333341
0.445598
-0.475191
0.326616
-0.50145
0.0755019
0.0354786
0.390881
1.40961
0.863203
0.904027
-4.32626
0.432177
2.02239
0.667718
0.799304
1.5442
-0.77072
1.56725
-0.417157
1.44038
2.45324
-1.05754
1.24076
1.10365
-1.27998
0.710421
1.57497
0.320141
0.502817
0.839755
0.725849
-1.72529
1.56439
0.374581
0.379767
-1.35468
1.48916
1.50159
1.02484
0.948614
0.81419
0.0604027
-0.809276
0.00982399
0.333312
1.5203
1.21779
1.35551
1.88603
0.417508
-0.15396
0.99353
1.03116
2.00818
-0.375425
0.331854
0.188198
-1.32993
0.405381
0.127389
0.738243
0.318284
1.71271
0.629936
-1.379
0.743942
1.09067
0.47188
1.11791
0.6285
-0.0762963
0.523305
0.802953
0.551359
0.124752
0.375061
2.138
1.13042
1.40269
1.74244
1.44554
-0.0919388
1.11028
0.72842
0.36411
1.21856
-0.423891
-0.135392
1.69696
0.747146
-1.59618
-0.247163
-1.44178
0.792254
0.894178
0.0134357
1.09692
2.04015
0.890704
2.44551
-0.261223
-1.51371
0.773495
-0.297251
2.07641
1.28622
0.843573
1.23947
1.86449
-0.385257
1.10985
1.37505
-0.173353
0.9862
0.723824
1.54875
0.980321
0.848135
0.0964525
0.780429
1.78863
1.99451
0.841634
-0.359033
1.13457
-2.11804
1.94336
1.08994
0.523033
1.5083
0.767457
0.607721
0.621826
-1.05843
0.457554
0.294477
-0.724918
-0.441335
0.731393
-2.26914
0.696678
1.25839
-2.56803
-1.17302
0.95588
1.83439
-1.6174
2.16759
0.524483
0.857814
1.30715
-0.633675
-0.282671
1.68462
-0.508345
-1.46727
1.17295
2.27404
0.583789
0.0540615
-0.596737
0.152007
0.463852
0.703506
0.961692
1.58175
0.897403
0.912599
1.10002
1.15795
1.51793
-0.406065
0.74527
1.40181
-0.298674
0.921518
1.37201
0.853137
-0.754429
0.571044
-1.35245
0.304781
0.0910511
-0.421439
1.6143
1.99866
-0.825933
0.269059
0.696445
-0.593875
-0.682554
0.575524
0.652676
1.06283
0.840063
-0.637665
1.88171
0.788757
0.632187
1.49979
-0.83817
-0.305441
-0.294251
0.280703
1.1069
-0.597439
0.374956
-1.27222
-1.85769
1.55643
0.677062
0.408894
1.21378
2.22183
0.848935
1.89962
1.70242
-0.277733
1.93071
-0.26094
0.926995
1.19284
0.956715
0.770269
1.06888
1.16376
0.844239
-1.58227
1.25832
2.13274
0.307534
1.3289
-0.381151
-0.899801
0.703337
0.612167
-0.613985
-0.214615
-1.22268
0.144676
0.157639
-0.313334
1.52652
0.910893
-0.126264
1.85457
-0.756103
1.44447
-1.38152
-0.190336
0.0878941
1.14888
0.102141
2.01574
0.354274
1.0027
1.67614
1.5811
1.27398
1.4888
0.672952
1.57374
1.69354
2.00107
1.56575
-0.149563
1.26047
1.10999
1.17024
0.0863248
0.206674
-1.68749
0.965205
1.5653
0.322818
1.2272
-0.114264
1.16955
1.24797
2.18648
1.01936
1.243
1.89495
-0.412002
0.804108
1.40884
-0.514671
0.640076
0.46506
1.41073
-0.0271348
0.85448
0.728852
0.257855
0.0317219
1.53372
2.07498
0.8897
1.69509
0.6129
0.645443
-0.82294
1.30578
0.6085
-0.942324
1.56968
-0.986585
-0.108105
0.270813
-0.277649
0.521283
-0.164336
2.83998
0.141763
-0.812877
0.624195
0.292185
-1.28048
0.317707
1.70867
-1.5481
1.641
0.328023
1.32392
1.4276
0.711456
-0.0514099
2.18314
1.14895
0.24564
0.54323
0.734457
-1.56468
1.4022
-2.13766
1.11609
0.962464
1.55287
0.400895
1.54746
-0.477387
0.374189
-0.224277
-1.02589
0.848529
1.37493
-1.38111
1.66196
0.547383
-0.753558
1.56426
1.02592
2.75378
0.603232
1.32413
1.5724
1.1875
-1.3206
1.23143
1.46986
1.4689
1.03483
1.16609
1.51491
0.759697
0.0894159
1.31245
-1.15524
0.575302
-0.302754
-1.32519
-0.603765
0.921162
0.829704
-0.559175
-0.452077
0.259871
0.0487521
-0.114546
1.21012
1.8968
1.56591
-1.69545
-0.489037
2.3732
0.439292
0.693785
0.815845
1.33927
1.52512
1.53653
0.847256
0.741131
0.15223
1.38465
0.517451
0.400706
-0.505328
0.681716
-0.314492
0.810904
0.632609
0.234603
1.09176
2.25161
0.044954
-0.2747
2.28367
1.75381
0.0343329
0.945647
-0.681404
0.925205
0.903802
1.39763
0.36867
-0.135867
0.556742
1.11246
0.232368
0.870477
-0.120892
1.71185
2.04343
1.66763
2.13927
1.36575
0.628883
1.47405
0.803523
0.624659
-3.19828
1.11224
1.92668
0.0937382
-0.401205
0.854377
0.126282
1.9417
1.62789
-0.0541405
0.824526
0.273633
0.208665
-0.298912
0.718837
1.3832
-1.22356
0.835705
-1.17805
0.605762
0.168189
2.31744
-0.104262
-1.95399
1.4508
0.661043
-0.755618
-0.0910563
-1.06894
0.478556
-0.21229
0.487695
0.402202
0.102261
1.25964
1.53666
0.0331147
0.720618
0.212377
-1.07254
-1.1047
1.20531
0.442154
1.08159
1.20683
-0.0274622
0.514982
1.34041
1.34385
0.29765
2.57497
1.81238
1.46293
-0.502821
1.09182
0.859885
1.7902
0.448894
1.00679
-0.565837
-1.28098
-0.418123
-1.26712
-0.00819548
0.391392
0.532147
0.128003
0.857443
-0.805419
-0.264654
-0.0798386
-0.507639
