1.16193
-0.314677
1.06754
3.63898
1.41676
-0.786535
2.42222
1.35656
1.28079
-0.419269
2.4511
-1.72556
0.481321
0.726404
-0.219164
1.21885
0.771411
0.251434
-0.0261932
-1.70315
0.695551
4.1331
1.93672
2.20433
-0.401094
-0.661022
2.34108
1.60662
1.43916
3.10184
3.51212
2.62577
0.678771
1.20518
-0.48082
0.910018
2.35985
1.51877
0.48014
1.76093
1.80866
0.909639
-0.797577
0.935836
-0.196197
1.99058
1.3498
2.09766
0.157754
1.39536
1.35344
1.1546
-0.530814
2.86353
1.37318
2.73711
-2.71898
1.23388
-0.123798
3.57294
1.02101
-0.155643
-0.815662
-0.779458
1.38652
1.13012
-0.325954
2.18439
3.05334
2.67836
-1.15112
0.820726
1.65873
-0.162668
1.80616
0.734233
1.5539
0.870241
0.818985
1.05583
0.526344
1.38514
2.96771
-0.405814
2.08544
-0.890977
-0.0380565
0.975464
-0.64287
2.51594
0.211172
0.574555
1.75294
3.0787
1.18723
0.31742
-1.25346
0.288312
2.33509
0.329434
2.57472
1.7115
1.73722
-0.218117
0.0397277
0.504777
0.645137
0.222683
-1.29503
1.38097
-1.16097
-0.961887
1.44248
1.48235
0.963628
-0.73411
2.53193
0.652717
1.38271
1.48882
1.10038
2.81778
1.4371
0.724992
-2.84354
0.0549173
0.69777
0.731282
-2.08395
0.957208
-1.45398
1.08386
-0.436185
0.998183
1.80484
1.03996
0.225624
-0.334605
2.61737
0.783834
-0.8235
0.993682
1.12563
0.360442
-0.0401958
-5.32599
-1.80614
-0.15563
0.300635
0.779569
-1.14204
-2.69062
0.340961
0.43554
0.956784
-1.33674
2.7777
1.5759
1.04718
-0.222961
0.886595
0.419136
2.16115
1.6193
-0.219475
-3.02227
-2.07532
1.19193
2.12279
-0.400085
0.852052
2.20958
-1.08732
2.05649
1.55511
-2.94394
-0.44648
0.492657
0.0411745
1.47051
1.04627
-0.378139
1.21108
-1.62536
0.422669
0.761285
0.537783
1.72192
-0.671416
0.567463
0.0387882
-0.230182
0.244123
1.52984
-1.44203
1.15882
0.299725
-1.15459
-0.929211
1.17291
-1.61565
1.62316
2.32799
1.30433
0.92345
0.916788
0.112997
3.87368
-0.0785213
1.64345
1.13718
-0.78447
0.86047
1.63625
1.37798
1.61564
2.88442
2.38994
1.72381
1.51928
1.62919
0.0233887
3.92527
-0.756044
0.885373
0.579697
-3.84864
0.956668
1.04893
1.83612
-1.21621
1.6136
-1.09294
-0.175077
0.105803
0.874841
1.81373
2.8553
1.36388
1.37749
1.46513
0.478787
0.297386
0.472911
-0.724544
-0.281132
1.47813
1.93788
1.94038
0.617905
-0.77809
-2.33781
1.19759
-0.00571011
-1.28077
1.49056
-0.371649
1.25142
0.87011
-0.127935
1.87527
-0.413298
2.19068
-1.56298
-0.36212
1.71335
-0.129751
0.113339
-0.969262
-2.17943
-0.0630943
2.31441
2.64917
0.129995
0.579272
2.36983
0.305155
1.09046
0.900585
0.0575201
-3.18108
-0.232124
0.151554
-1.09179
0.125296
-0.195047
-0.0587903
-1.57602
-0.148852
1.22528
1.08199
1.14421
-0.803614
0.747198
-1.96103
-0.304895
-0.378927
1.89493
-1.08435
-0.367775
1.96809
2.055
2.12707
0.242625
0.14591
1.77917
-0.66315
0.582448
-1.11992
0.465595
0.564679
0.343086
0.448641
-0.109878
0.228603
-0.0563761
1.29804
2.7367
1.79479
-1.19001
-0.699502
-0.544545
1.67791
1.46964
-4.36069
1.30453
0.921245
-0.907885
0.32533
-1.72729
-0.449681
1.40822
0.450943
0.867374
1.08221
0.825073
1.94385
1.79458
-1.03182
1.03751
-0.0276567
1.34176
-0.639585
0.0901772
0.416739
0.778673
-2.67354
1.63055
1.93534
0.155967
0.670815
-0.955629
2.32819
1.02656
1.57925
0.112516
0.882196
-0.0109753
-0.0753024
4.41498
0.287353
-2.53264
1.4889
2.18619
-2.32064
2.10527
0.0427407
0.948072
-0.132843
1.33786
-1.19876
0.148365
-2.14276
-0.426887
-2.44241
-0.333847
0.501808
-0.643403
-0.36765
2.99224
2.50409
0.394991
0.314562
0.319433
1.06853
1.0327
0.135115
0.80303
1.88575
3.10961
0.436151
0.678538
1.18028
-0.31631
1.11528
-1.61853
-0.962193
0.251005
0.0598531
1.59173
-2.55636
-0.0827574
3.11798
0.865517
1.73145
0.618967
-0.0640502
-1.1803
0.500773
0.339105
2.48988
-0.0772162
0.993113
0.146103
-2.81148
-0.499891
1.9628
0.0205512
-2.8499
-0.464028
-0.351372
-3.31659
0.178077
1.4748
1.87959
1.96074
1.88947
1.86863
0.514288
1.351
0.29621
0.286613
-1.93837
1.05301
-0.117414
0.609744
1.70208
-1.15504
0.97328
1.49707
0.391937
-2.44855
1.31806
0.760238
2.99948
2.555
0.338782
1.14827
0.991872
0.18595
2.29778
2.39566
0.129956
3.18584
1.79095
-0.468973
-0.00200192
0.757943
2.68533
1.07368
-0.541905
-0.13801
-2.11718
0.794352
1.45485
1.10983
1.04883
2.43462
-0.0808382
-0.456515
0.264014
3.71415
2.56477
0.433701
3.10528
2.54169
1.64214
-0.750053
1.50583
1.94222
-0.0323764
-0.67872
1.28378
0.954976
1.28407
-1.83396
1.10603
-0.647312
-0.0971661
1.31918
0.963582
0.877722
-1.82192
2.87306
-0.727459
-0.073785
2.71731
0.265687
-0.323037
0.60306
0.825506
1.43989
0.6836
-0.479996
1.01669
-0.826751
-0.524358
0.714111
-0.747703
-0.89245
-1.00264
-0.36177
0.543368
-0.953479
1.15946
1.82473
2.11108
1.04791
-0.55923
-0.0258044
1.64521
0.785809
0.505619
1.0261
-2.03056
0.659835
-0.0723942
2.98711
0.52451
1.00389
-0.466286
1.38599
1.13504
2.62801
-2.69274
2.83459
1.95411
2.08931
-1.53356
2.16743
1.26111
2.29781
3.39748
2.44641
2.3828
2.1853
-0.24863
3.77366
1.99193
1.20247
-0.926635
3.16613
4.11952
-1.48383
0.518274
0.527864
0.403961
-0.531389
1.36237
-0.708089
3.67008
3.24011
2.36441
3.40764
1.79684
-0.112092
1.5766
0.803525
2.80767
-1.01744
-0.198141
-0.469529
2.98514
1.21891
1.07508
1.83388
1.60077
4.11715
4.83948
3.72229
2.49388
2.16464
4.45422
2.37679
3.88178
4.95391
4.34805
1.7124
1.94423
2.70303
4.106
3.5913
-2.02387
0.907028
1.84223
2.12782
0.310031
0.824
-1.0344
2.03418
-0.377323
2.60361
-0.99103
0.986037
-2.21002
2.66253
0.984144
-0.242703
0.285679
-1.12847
2.89805
0.450253
-0.0364122
-0.777665
2.20267
-3.81153
1.04221
3.44554
-4.55931
-0.659946
0.461631
-0.16266
-2.93937
1.14508
-1.03048
2.68592
1.27646
2.43582
-0.69965
1.22332
-0.64061
0.103159
1.34554
1.97695
-0.892462
0.68522
0.368694
1.78168
0.634235
0.923978
-0.893687
-1.96738
-1.92575
-1.07457
2.75443
0.538647
1.11727
0.743473
1.1269
-0.485935
1.19906
-0.0771056
0.049951
0.206916
1.54602
0.429977
-0.536855
-1.9522
0.54669
0.815506
-2.36094
1.35344
-0.844379
-2.36473
1.03723
-0.409471
-0.388476
0.593958
-0.876788
-0.965099
2.86013
1.51777
1.71651
-0.0479098
0.662423
0.681863
-1.56635
1.90958
0.192943
1.09254
0.938847
-1.25369
-1.57506
0.527637
1.99598
2.51845
-1.88557
2.8535
2.12727
1.08503
0.669115
-1.23088
1.52088
0.604932
0.688109
-0.0811973
1.19521
2.37308
1.79318
-1.4508
0.914069
-0.424001
2.52714
-0.17323
2.17825
0.131346
1.34193
2.45678
0.252384
1.00243
0.774923
-2.97389
2.37901
1.42888
-2.34163
-0.982924
-0.2329
0.897787
0.877609
0.717336
2.98054
0.114715
0.651243
2.43029
0.958455
-0.690362
-1.06251
2.13576
-0.434189
1.63846
0.549148
-0.441348
0.174005
-2.33676
0.363918
0.0871899
2.15674
1.50817
-0.514191
-1.86223
-1.5961
0.093455
0.758643
1.02002
1.50405
2.28401
-2.16287
1.76147
0.0393842
1.1625
0.662372
-2.66339
-1.83685
1.39167
0.222967
0.78917
-2.78373
0.162601
2.06821
1.10535
-1.02641
0.181766
1.83123
-1.86944
1.77017
0.459561
2.31874
0.328014
0.0596255
0.338249
0.490447
-0.0790901
1.06323
2.68219
-0.757014
0.762317
1.35907
-0.467446
0.970477
-1.56039
0.239117
-2.58413
-0.773812
0.206985
-2.29929
0.738567
0.00196624
-0.411381
1.29886
2.6023
1.09837
-0.113142
-0.762332
1.06521
0.949169
-0.563917
1.03999
-0.544183
-2.30664
-3.36576
0.161373
1.41268
1.34059
-1.7101
0.954029
1.64211
1.03156
0.506792
0.46807
1.89266
1.82603
-1.21658
-0.940857
2.53198
0.831865
1.76318
0.627015
-1.30786
-1.77298
-1.49266
-0.841323
-0.776902
1.83544
0.0207638
-0.742041
2.07912
1.40313
1.38326
1.42819
-1.5968
2.32896
1.71734
1.04155
0.536046
-0.802
1.75082
0.597841
-1.6542
0.824003
2.51556
-1.1696
-0.628673
1.60958
1.3006
0.139188
0.579291
0.678557
1.77425
2.47763
-0.998584
-1.72605
1.80469
1.86095
0.57752
1.00899
-1.64728
1.73714
0.869915
1.12364
-0.345564
-1.18518
-1.11133
1.46758
-1.55319
-1.16784
-3.47411
-0.897667
1.08456
0.341537
1.44902
0.374466
2.86882
0.941156
1.5865
-2.95274
0.7309
1.63716
1.99267
1.88654
1.10324
0.735052
-2.64399
2.75186
1.71608
1.61146
1.69725
-1.62902
1.27341
1.38634
1.36798
0.420656
-1.22805
2.18664
-0.519229
2.27836
1.81386
1.28419
-0.0616406
-0.267634
-1.10222
-0.104646
0.690673
-0.64568
2.52432
-0.911461
1.09777
-0.492545
-1.39198
1.06861
-0.293444
1.38826
2.04862
0.407856
-0.602366
1.48016
1.44029
0.304034
-1.28912
1.22786
2.00507
0.315809
2.48631
0.303558
0.50681
0.946099
0.259543
-1.20496
0.21937
1.15251
-0.0224768
-0.0999717
0.33007
2.02798
-1.29512
-0.602502
-0.705832
-1.4115
-1.40466
0.680609
1.63381
2.4918
-2.40617
-0.196663
-0.45412
0.835268
1.46417
-1.32338
2.6066
2.16751
1.60449
1.18893
0.843152
-0.583765
-1.46312
0.135748
-0.393194
1.69353
2.52508
-0.153269
1.39916
0.480104
1.01155
1.02147
2.31974
-0.815668
0.74386
1.3021
2.1357
1.24635
2.13178
3.4156
2.79165
0.883192
0.944707
0.887025
0.799259
1.63127
0.0846405
3.69548
1.11098
-0.12041
2.02566
0.865558
2.4327
1.01727
-0.0228239
-0.602196
-2.95658
1.42214
-0.840067
1.32083
2.2685
0.381158
1.23237
1.65112
2.41269
2.75827
1.2067
3.05649
-0.58733
0.933612
0.499667
1.32402
-2.02168
3.3157
3.38482
0.64739
-0.38215
-0.849216
0.737379
0.66986
-0.774013
1.80879
1.27801
1.10195
-2.04449
0.442662
-0.922035
-0.638383
1.90834
2.78659
2.80293
1.171
-0.554707
-0.708363
-0.843725
1.20574
0.0800525
-0.697622
0.942097
0.0695055
0.568216
0.451405
-1.63355
-0.281774
-2.02083
2.38703
-0.09714
0.684556
-2.78889
3.01115
-2.42353
1.58607
1.39417
0.989374
0.409483
-0.387883
-2.45439
-2.44747
3.99014
2.02111
0.0992384
-0.441929
-0.257761
0.134958
0.800447
1.10651
2.6691
0.669007
0.540539
1.30894
-0.77606
-0.366748
0.410758
-0.28073
0.732526
0.732803
1.56415
2.89845
0.45466
2.92145
-1.11392
0.576982
0.167731
1.3284
1.06072
-1.26168
-0.31651
1.76025
-0.397164
-3.63955
-0.097053
-1.6337
0.185652
-0.464526
-2.19731
-0.345478
1.70708
-0.237154
2.51156
1.27388
0.761916
1.29314
-0.12187
0.660922
1.19579
-0.541134
0.777431
-1.08475
1.38591
0.151323
-1.01508
1.54387
-0.765446
-0.0825613
0.108935
2.19082
-0.616136
1.20113
1.13799
0.955757
-0.720999
0.321831
0.855145
1.18961
2.66301
0.395194
0.805901
2.56728
-0.339367
-0.426968
-1.1705
1.42888
2.42167
-0.638424
3.22173
-0.627186
-0.897658
2.02461
2.6083
2.47206
-3.00576
1.6076
1.39529
2.07163
-0.123085
0.413566
2.23451
2.02104
0.756289
0.227709
-1.09617
0.811857
1.39629
1.73683
0.512262
-0.298079
1.27967
2.92327
1.96009
1.05852
0.119781
-1.45808
3.08985
2.04839
0.95971
2.30463
1.16844
1.54254
2.87269
-0.985584
3.16232
0.425587
1.27839
1.19456
-1.0965
-0.0517408
2.07686
-0.825554
-1.30187
1.24362
-1.99172
0.841008
-0.509233
-3.87254
0.758627
0.594405
2.45689
0.625987
0.634803
2.44926
0.219342
0.845797
0.721971
-0.999861
1.86053
1.17618
1.19572
-0.310149
0.789869
0.439675
0.0777932
-1.66851
1.23825
2.76287
1.83139
2.23349
1.62236
-1.40105
1.04156
2.53314
-0.0230649
1.12623
-0.206955
0.334899
0.949978
-0.81824
1.54081
3.0069
1.38949
1.302
-0.225466
0.920601
0.188168
1.15419
2.22043
-0.383084
1.38835
1.11025
1.52467
0.475782
1.10264
0.90244
-0.546756
2.60257
3.27767
0.72013
1.29942
1.55202
1.55215
-0.614515
2.22682
-0.974393
2.42938
0.564397
1.42134
2.09452
-2.2142
-0.50002
2.84123
1.9868
2.91155
-1.24748
-0.473136
-0.551208
4.03148
0.890115
1.75083
1.35082
2.79408
-2.56541
-2.93306
-1.88303
-0.450921
1.25226
1.66817
-0.369395
-1.43511
-0.217927
0.966859
1.37392
-0.634029
-0.621829
-1.51688
1.35235
1.7318
2.422
-1.14681
2.32477
0.0607785
1.0795
-1.42861
1.05068
-0.0750846
-0.649237
-1.63976
2.38748
1.81538
0.755098
-1.19197
0.827922
-1.60488
-1.35083
1.31379
0.830876
-1.0545
1.52857
-0.198706
-2.76187
-0.410045
-2.65659
0.333181
0.278547
0.738304
0.968544
0.731192
-1.1072
1.88928
-0.483511
1.29877
0.637386
-0.977888
0.315996
0.837408
-0.352673
-1.61263
0.210766
2.45922
0.5009
-0.492948
1.23234
2.06395
1.55358
1.74936
-4.25696
1.17061
0.489941
4.14122
2.62592
-0.912925
1.00829
2.44212
0.379546
0.615913
-0.881784
1.58187
1.90396
-1.48647
0.334398
1.43946
-1.3548
1.77419
-0.707819
3.7632
0.842117
-0.0404789
1.04376
1.7113
2.07169
-0.874098
0.655307
0.183201
2.21509
0.980489
0.811756
-1.19426
0.937579
2.72046
-0.903368
-1.58722
2.09487
0.388885
1.9678
0.19662
1.39766
1.23291
-0.771055
0.521157
1.72754
0.987579
-0.172835
0.244104
1.29898
1.1636
-0.350152
1.11617
-0.264359
1.63914
-1.32057
-0.279426
2.2481
0.834506
-3.70291
-0.783947
-0.102764
1.3379
-0.256204
1.46018
1.61603
1.20039
1.87631
-1.63691
1.08215
-0.0984831
2.07028
1.77502
3.18075
0.547767
0.983078
1.90267
0.99497
0.729261
2.11002
-0.0048346
1.14572
1.75037
0.278941
-1.91227
1.64846
1.58972
2.46362
2.04726
2.10795
2.23947
0.383234
0.615203
2.87481
1.33271
1.68601
1.93198
0.259961
0.18826
-0.770385
0.849896
-0.44832
0.621631
-0.61287
0.328642
1.36316
-0.288806
1.84113
0.580922
0.400385
1.68653
1.99139
2.68199
0.511359
0.353142
-0.680048
-0.360298
0.0504518
0.415215
1.34043
2.11532
1.94536
0.163768
-1.30705
-1.50267
-1.26701
1.61059
-0.76657
1.19458
0.38687
2.05738
0.416786
1.77279
0.643784
2.98435
0.824584
0.480071
2.50359
0.926727
-0.449466
-1.13789
1.60836
2.00136
2.15286
1.15451
-1.71965
-3.53627
1.79504
-1.09022
-0.642191
1.48266
2.61881
0.0928239
0.29484
1.3189
1.17206
-0.0626541
-0.335364
-1.57763
1.96025
-0.88632
1.82674
0.467825
1.8734
-1.08768
-0.467839
-0.553379
-2.03869
0.616734
-0.530508
1.59592
0.883703
0.318478
0.653725
0.523352
-1.80783
-2.37943
-0.961915
1.2075
1.39934
2.02482
-0.455673
-0.442204
2.74456
0.479356
1.77722
1.40205
0.852756
0.167066
2.9384
0.557309
0.04729
2.19704
1.0023
1.27623
2.5803
2.45991
-1.46968
-0.120214
0.920236
-1.83837
0.447869
-0.82389
0.572655
1.67098
-3.67242
-1.85058
-0.292241
0.444941
0.139833
0.552013
2.70967
-0.646339
-0.731872
0.853542
-1.40825
1.16372
-0.59791
-4.03802
-1.25928
0.619372
-1.5011
1.97259
0.0400331
-0.666743
2.3285
0.430242
0.689606
0.0346296
0.519888
-1.35474
-0.843825
1.20167
1.99476
1.16338
-0.97568
-0.566905
1.32739
-1.40466
-0.504338
-0.527307
2.62554
0.938159
0.70808
2.61404
2.70368
-0.73577
0.303345
0.874954
2.98852
-0.00995555
2.37915
0.925808
-2.21028
-0.733705
0.490746
-3.29671
0.644983
-0.273816
2.17031
-0.254839
1.1538
-0.954401
-0.917314
1.54506
1.84739
2.03834
-0.937147
-0.657199
-0.268799
-0.136308
-0.0425239
-0.588293
-3.8087
1.45047
2.55798
1.25625
-0.522487
0.441668
2.7843
1.16022
2.5882
1.04812
0.421299
-0.397851
2.95034
1.628
-0.378195
1.389
0.229708
0.794998
2.42477
0.575346
-1.15945
1.01975
2.00532
2.37459
-0.397295
-1.17335
0.203066
0.0903799
0.789815
-0.046041
-2.482
0.273319
-2.55866
0.21415
0.172031
-1.55824
0.848897
2.46843
2.19619
-0.697012
1.85388
0.72886
-0.449157
2.27792
3.57207
-0.860092
-1.27183
0.0157867
-1.36281
-0.282388
1.55224
0.187596
-1.22448
1.03944
2.67736
-2.06593
2.57659
0.156163
0.601116
-2.26907
-1.01937
0.059926
0.6605
-1.23108
-2.01704
-0.222042
0.248338
2.99192
1.76066
2.73355
-0.711766
-2.43396
2.06764
-0.613016
2.49229
-5.5399
3.47917
2.21477
1.65938
1.29738
-0.112832
0.779242
1.77501
0.00861778
0.032922
0.634443
1.07561
2.11575
-0.13014
1.3858
-2.73242
1.54898
0.183116
0.836735
2.58034
0.261291
-1.43819
-0.245118
1.39948
1.24834
2.247
-1.16707
2.46907
-0.669768
0.0521027
0.647142
0.422853
-1.52951
3.54337
-0.424125
0.623675
1.49406
-1.16975
-1.35452
-1.91725
2.0577
-0.604464
2.02317
-1.87584
0.778674
-0.444605
-2.37292
-0.0112855
0.741569
0.403651
1.22737
2.01731
1.6608
-0.605167
2.3687
1.60107
0.382192
0.327814
1.88361
1.4228
-0.0466043
1.92569
-0.25676
0.691369
1.18056
-0.889491
-1.31215
1.21207
1.29244
-0.195794
1.17384
-2.33633
-1.46785
-0.937883
1.82917
0.40139
1.6767
-1.38849
-1.63508
0.750204
2.12481
0.265398
0.0776336
-0.960569
1.22069
0.608487
-1.14187
1.97264
-0.875055
0.417209
2.8426
0.478886
0.70978
1.09657
-0.517627
2.11721
0.294192
0.419944
-2.74505
1.2943
-0.238282
0.0711487
1.73864
1.03066
-0.203242
2.56425
-0.121949
-0.232606
-1.58466
-2.05472
2.19637
1.04244
-1.73683
-1.92503
0.500481
1.67239
1.90053
1.14296
1.24559
0.329885
0.289627
1.75549
0.752913
-1.2138
0.357349
-3.44202
1.70057
-0.172861
2.94965
-0.677663
2.37833
-1.08237
2.58738
3.47039
1.20269
1.28334
2.35088
0.0794954
2.05935
2.36801
-0.183098
-0.4393
0.321305
0.208736
1.89086
-1.07224
2.58432
-1.36906
2.50779
-1.11275
0.998639
1.66241
0.690022
1.01677
1.33921
0.761901
-1.30968
-0.536689
2.46549
0.0692104
1.26811
-0.757002
0.0816053
1.74745
-1.21057
3.21918
3.26765
-0.311124
1.14876
1.57038
2.98582
0.412417
-0.402586
0.562527
-3.19583
-0.411858
3.98801
1.03858
0.647917
-2.18043
2.29585
2.31748
2.03848
0.946169
-1.31552
0.930249
-0.678562
-0.492307
0.0530693
1.26106
-1.126
1.29903
-0.151324
3.00958
-0.386494
-0.151431
0.89561
0.517285
-0.237654
0.454035
-0.314192
2.13961
-0.18099
0.284747
2.3995
2.8594
1.98983
1.80222
3.27288
1.56933
0.3521
-0.43855
1.59793
-1.02698
0.0190177
1.16776
-0.939449
2.95913
0.450875
1.67791
2.44524
0.548938
0.841653
0.722871
0.745471
0.0719669
1.26995
0.589356
1.7637
3.05608
1.51101
-2.94156
0.710545
1.40031
-1.00597
-0.340068
0.856486
-0.737201
-0.612533
-0.0258332
-0.636608
-0.1731
1.83999
-0.274426
2.978
-0.999612
1.43222
0.994848
1.4324
1.36333
-1.06408
0.264053
1.1658
1.66306
-0.624204
-0.0699737
0.242839
2.19467
-0.909119
0.860835
-0.636758
0.731623
-0.129687
1.70964
2.48023
1.21914
-0.872618
2.09011
2.41297
0.712958
-0.390921
1.50874
0.739335
1.52867
-0.35598
0.748345
-0.1266
2.11802
1.2548
-1.07284
-0.761334
-4.13477
2.38511
-0.680384
0.650214
-0.577208
-0.768371
1.41402
1.16974
0.0939199
1.36181
-0.419064
-1.14678
-2.30212
1.53582
-0.0712772
-2.08462
-0.141587
0.565916
1.57909
-1.39858
0.096216
0.73551
-0.573689
1.39944
1.39318
0.597815
-0.532379
2.23849
2.95497
1.19474
-0.94113
-0.471664
2.79831
1.77609
1.05877
-0.0630998
0.180794
1.98859
1.71593
0.783212
-0.683926
-0.312208
2.87397
0.122693
-1.03325
1.22661
2.13819
1.10046
0.445993
-0.436013
1.13905
0.839454
0.962716
-1.56565
-0.677328
0.535748
2.00896
3.24958
