0.700996
0.707665
0.779139
0.930378
0.890649
0.937476
1.06781
1.21062
1.0174
0.910756
0.716998
1.00028
0.920833
1.10997
1.08454
1.22537
1.31848
1.5638
1.46384
1.35983
1.15135
1.38297
1.41421
1.48703
1.44881
1.42278
1.46964
1.48477
1.47917
1.56723
1.5772
1.44895
1.37313
1.39733
1.5659
1.63005
1.62855
1.61618
1.54401
1.63057
1.92788
1.8537
1.85792
1.77501
1.72439
1.58738
1.26662
1.35444
1.33175
1.33462
1.40148
1.38282
1.27966
1.18604
1.37305
1.32095
1.3256
1.34095
1.25436
0.986636
1.14052
1.1101
1.00722
0.990058
1.09537
1.18035
1.08495
1.11997
1.12439
1.02851
1.10443
1.07418
1.31505
1.59261
1.81331
1.88976
1.79963
1.71835
1.94935
1.80125
1.83986
1.91688
1.91958
2.00514
1.8884
1.97647
2.19911
2.03364
1.81262
1.461
1.58723
1.56979
1.57339
1.44952
1.06415
1.20424
1.33181
1.11947
0.980051
1.07538
0.939296
0.82751
0.903868
1.07334
0.992977
0.920051
0.848403
0.809609
1.02857
0.91695
0.971426
0.989722
0.926724
0.711127
0.704413
0.775544
0.877354
0.686248
0.453338
0.496396
0.432536
0.0910858
0.0255594
0.0628463
0.0963862
0.0246329
0.111751
-0.109587
-0.0244495
0.173151
0.178663
0.0877745
0.0686405
0.174312
0.135133
0.377364
0.519056
0.418042
0.564044
0.602436
