0.759338
0.815703
0.699077
0.784488
0.741189
0.804081
0.869306
0.687203
0.62267
0.491642
0.41948
0.560586
0.669541
0.623422
0.670914
0.62506
0.669788
0.707036
0.748561
0.776036
0.719664
0.909649
0.909062
0.806219
0.722348
0.768211
0.690699
0.655218
0.755675
0.66704
0.544686
0.593709
0.620293
0.680221
0.676954
0.69052
0.615136
0.584207
0.667138
0.655189
0.618401
0.530215
0.279149
0.481551
0.360727
0.3811
0.414427
0.375769
0.37265
0.345713
0.209078
0.0650168
0.196292
0.10481
0.265996
0.242339
0.358484
0.49376
0.485619
0.479747
0.513322
0.639387
0.648688
0.809067
0.614415
0.662467
0.676252
0.636405
0.545562
0.604894
0.698418
0.446087
0.32449
0.303689
0.196347
0.0622593
0.196467
0.21695
0.310935
0.410338
0.392677
0.251893
0.267239
0.244643
0.0853572
0.0496337
0.107993
0.178206
0.329852
0.259
0.263525
0.320848
0.462706
0.58946
0.329955
0.401602
0.284843
0.181276
0.14727
0.231895
0.256518
0.313539
0.101653
0.156372
0.117976
0.175258
0.302325
0.456868
0.204438
0.236239
0.154873
0.243125
0.224538
0.126907
0.0120973
0.0380649
0.0542411
0.205167
0.291731
0.255518
0.312743
0.366241
0.357422
0.363257
0.346412
0.37268
0.439982
0.446525
0.454433
0.383872
0.429176
0.379829
0.293635
0.152078
0.151484
0.121009
0.0923263
0.232856
0.18598
0.128898
0.145103
0.206644
0.233859
0.502692
0.549643
0.570893
0.558724
0.587038
0.728863
0.715611
0.834015
0.796249
0.781219
0.680082
0.603673
0.725219
0.64584
0.76694
0.794415
0.790074
0.635827
0.532237
0.643442
0.531141
0.53124
0.568349
0.718711
0.819645
0.85448
0.815031
0.850254
0.927135
0.998061
0.895266
0.883414
0.89199
0.950382
1.02072
0.913483
0.894771
0.815015
0.905636
0.692841
0.726041
0.763217
0.722303
0.703416
0.568372
0.549234
0.576682
0.605919
0.466607
0.500503
0.505609
0.557315
0.557246
0.609322
0.572208
0.585515
0.608063
0.705823
0.706883
0.734425
0.810727
0.828635
0.868475
0.820676
0.760476
0.742679
0.822447
0.812368
0.722959
0.735156
0.655372
0.656725
0.661339
0.776218
0.889801
0.808889
0.721323
0.792781
0.870749
0.866122
0.819838
0.735866
0.8271
0.698437
0.572392
0.440314
0.397194
0.340797
0.357308
0.372608
0.376618
0.366063
0.256248
0.28771
0.277251
0.365818
0.283439
0.493549
0.49633
0.545182
0.536866
0.587571
0.555633
0.63199
0.60836
0.712722
0.738288
0.669667
0.732967
0.772853
0.804113
0.95707
1.17155
1.21256
1.14923
1.31177
1.28296
1.41677
1.35857
1.14604
0.965822
1.04239
1.00251
0.921842
0.869659
0.993706
0.923651
0.980115
0.992919
0.876893
0.813603
0.777319
0.905022
0.901813
0.819353
0.870789
0.934172
0.8759
0.72464
0.548778
0.64581
0.702158
0.709961
0.66217
0.618548
0.807452
0.990849
0.893065
0.753575
0.773104
0.732054
0.813035
0.699653
0.650443
0.571316
0.590848
0.43694
0.384825
0.288561
0.417175
0.454104
0.396285
0.306803
0.247551
0.134785
0.10581
0.164599
0.384698
0.440112
0.29793
0.289325
0.441651
0.546324
0.701633
0.459456
0.713979
0.756633
