0.216065
0.215803
0.364938
0.239731
0.23377
0.192245
0.240846
0.29692
0.41669
0.353154
0.191176
0.329246
0.294477
0.177061
0.15481
0.0736331
0.151235
0.0500695
-0.0387859
-0.146085
0.104443
0.234655
0.0929732
0.0766286
0.00882634
0.0334229
0.148729
-0.00719315
0.0735172
0.0853658
0.0681213
-0.0103833
-0.103494
0.0132696
0.000869768
0.0173343
0.0892347
0.224877
0.174902
0.0767
0.0507349
0.0819113
-0.00221984
0.178406
0.205063
0.0858083
-0.0100929
-0.0407618
0.0188308
0.0026851
0.00429752
-0.177625
-0.440518
-0.356122
-0.412407
-0.404399
-0.320947
-0.354905
-0.280843
-0.415832
-0.499008
-0.62998
-0.801481
-0.726677
-0.803095
-0.812621
-0.827305
-0.823333
-0.689707
-0.675903
-0.611616
-0.498201
-0.553889
-0.754824
-0.948995
-1.03266
-1.04531
-1.08694
-1.16866
-1.09292
-0.98645
-1.15305
-1.20856
-1.26927
-1.38136
-1.19498
-0.990148
-0.937531
-1.03331
-0.987257
-0.888428
-0.867764
-0.720208
-0.576779
-0.560296
-0.515487
-0.444708
-0.470678
-0.410794
-0.48623
-0.442357
-0.557261
-0.509181
-0.532583
-0.542879
-0.421534
-0.353717
-0.299576
-0.376004
-0.298606
-0.362218
-0.420034
-0.562343
-0.636854
-0.619949
-0.518544
-0.364304
-0.38498
-0.486492
-0.343203
-0.290512
-0.318891
-0.284584
-0.195026
-0.145267
-0.190704
-0.0118637
0.0112464
-0.0425104
0.043854
0.0614962
0.0806806
0.163168
0.196587
0.272986
0.196159
0.021636
0.020271
0.115836
0.250258
0.29535
0.381589
0.391152
0.536551
0.703814
0.661144
0.597685
0.524075
0.48629
0.55647
0.471521
0.366418
0.29885
0.310591
0.185527
0.142205
0.302023
0.209966
0.347235
0.524532
0.496339
0.5778
0.491983
0.490551
0.457949
0.363838
0.361194
0.36383
0.493923
0.48289
0.541361
0.440723
0.355523
0.185281
0.0706914
0.0405373
-0.0599216
0.0693729
-0.0903148
-0.255798
-0.286265
-0.208097
-0.137741
-0.0732672
0.00924824
0.0612158
0.072724
0.107585
0.191716
0.133509
0.0644779
0.12278
0.183531
0.276377
0.200987
0.3231
0.337242
0.36813
0.397885
0.306996
0.467764
0.39864
0.499468
0.554122
0.71246
0.645585
0.613555
0.570789
0.440985
0.486314
0.600667
0.666839
0.410119
0.374787
0.471346
0.374868
0.322821
0.314413
0.155585
0.0540219
0.106831
0.124054
0.122764
0.167767
0.250449
0.0951223
0.0300414
0.0305218
-0.0858285
-0.025821
0.0417816
0.0575961
0.233908
0.07885
-0.0989625
-0.0266073
0.0601524
0.0268908
0.00745242
0.000928302
0.0700983
-0.0986028
-0.0899934
-0.289014
-0.313541
-0.285892
-0.38121
-0.318779
-0.333237
-0.22997
-0.293473
-0.302561
-0.172068
-0.175822
-0.293542
-0.31702
-0.358673
-0.312711
-0.331391
-0.311716
-0.431792
-0.437807
-0.49445
-0.616281
-0.691671
-0.648354
-0.555084
-0.631921
-0.666945
-0.657099
-0.744248
-0.707264
-0.779419
-0.946994
-0.850622
-0.896571
-0.798307
-0.80255
-0.838747
-0.778653
-0.731819
-0.881262
-0.874288
-0.810541
-0.847458
-0.712107
-0.65923
-0.598395
-0.572157
-0.615908
-0.579768
-0.542679
-0.444779
-0.555271
-0.58612
-0.654216
-0.607855
-0.694257
-0.696236
-0.78463
-0.842919
-0.908549
-0.996831
-1.13019
-1.14101
-1.11464
-0.961982
-1.05638
-1.0336
-1.21101
-1.2708
-1.28481
-1.30146
-1.11663
-1.21931
-1.10204
-1.06523
-0.947425
-0.982793
-1.05562
-1.11496
-1.18277
-1.20507
-1.22202
-1.13646
-1.06714
-1.18264
-1.05374
-1.03182
-1.09378
-0.790998
-0.687349
-0.61174
-0.594928
-0.554205
-0.514488
-0.28341
-0.338149
-0.215588
-0.222442
-0.227466
-0.183938
-0.177179
-0.134402
-0.143168
-0.0962786
-0.0437856
0.0682475
0.0615487
0.0546791
0.137104
0.191181
0.115456
0.183559
0.234356
0.2484
0.40375
0.312397
0.233841
0.271252
