0.650601
0.638238
0.657107
0.736885
0.705332
0.61209
0.746737
0.652076
0.686714
0.739528
0.783807
0.755113
0.787197
0.656438
0.719957
0.773845
0.693929
0.757104
0.802112
0.70171
0.660551
0.683778
0.728478
0.646566
0.771688
0.859907
1.06529
0.87102
0.927328
0.758294
0.730724
0.670001
0.494134
0.440617
0.312015
0.276144
0.51126
0.555817
0.505124
0.463633
0.732777
0.730038
0.680706
0.590084
0.68308
0.807395
0.817918
0.753677
0.692504
0.48646
0.435862
0.422473
0.417587
0.467772
0.37734
0.241986
0.169898
0.102065
0.133937
0.241655
0.2106
0.204601
0.128324
0.0194447
-0.0805531
-0.0786466
-0.104517
-0.0997548
-0.0558565
-0.11197
-0.174295
-0.0955019
-0.000826995
-0.0491534
-0.248121
-0.303951
-0.423478
-0.411573
-0.159296
-0.0596552
-0.119505
0.0344789
0.0989919
-0.090307
-0.0155779
-0.0579348
-0.157838
-0.291835
-0.188529
-0.140158
-0.0474898
0.0837268
0.170915
0.21224
0.332391
0.441695
0.523172
0.555461
0.575448
0.338056
0.326565
0.27133
0.0798477
0.0606765
-0.0158741
0.0973355
0.035964
0.194098
0.143235
0.180033
0.165442
0.247884
0.243356
0.289327
0.356436
0.517064
0.424397
0.224754
0.347784
0.194538
0.0320125
0.0358467
0.243043
0.378058
0.244961
0.312037
0.17399
0.24695
0.290935
0.351274
0.443884
0.289568
0.17611
0.120303
0.149215
0.0234246
0.340134
0.393432
0.483484
0.503699
0.497622
0.528577
0.517455
0.549687
0.569079
0.558857
0.604014
0.519006
0.456754
0.534343
0.426335
0.387059
0.526893
0.58844
0.758696
0.952756
0.898923
0.709594
0.504427
0.392167
0.244557
0.2262
0.129828
-0.047315
-0.0429208
-0.032207
0.0919015
-0.0338372
-0.0353072
0.0536943
0.229475
0.244536
0.184747
0.177953
0.164138
0.081504
0.18354
0.0728352
0.110103
0.110842
-0.0406711
-0.12826
-0.280615
-0.170971
-0.105581
0.111443
0.022839
0.063724
0.199258
0.168066
0.353443
0.33971
0.336928
0.398502
0.318363
0.363206
0.48004
0.463439
0.425005
0.479276
0.26554
0.189813
0.0661316
0.233231
0.023225
0.0181505
-0.0675758
0.0741182
0.0922766
-0.048606
-0.138292
-0.068429
-0.230599
-0.205748
-0.335952
-0.333617
-0.43
-0.322422
-0.384701
-0.449676
-0.448644
-0.331199
-0.304535
-0.436715
-0.474036
-0.494648
-0.356561
-0.160565
-0.0983543
0.0364293
0.0326916
0.0406957
0.0571887
0.0906287
0.0583374
0.162938
0.160666
0.340715
0.470146
0.555392
