0.383193
0.449143
0.4764
0.40241
0.555565
0.517009
0.446894
0.556479
0.603579
0.598459
0.715791
0.777387
0.744249
0.845573
0.851487
1.03196
0.98978
1.03066
0.975635
0.860554
0.677858
0.613768
0.542993
0.528643
0.383735
0.319963
0.234871
0.253764
0.0738968
0.0735791
0.154888
0.210316
0.231398
0.0805407
0.0753488
-0.148824
-0.111326
-0.159858
-0.239543
-0.20852
-0.163849
-0.182563
-0.263669
-0.195583
-0.10735
-0.226615
-0.304705
-0.279716
-0.292629
-0.205801
-0.34328
-0.432808
-0.389362
-0.623086
-0.569707
-0.530659
-0.662726
-0.61853
-0.50562
-0.480226
-0.516629
-0.392447
-0.483381
-0.49269
-0.531502
-0.372324
-0.437748
-0.479564
-0.571352
-0.644827
-0.806984
-0.756931
-0.697357
-0.651465
-0.618399
-0.770904
-0.724103
-0.781184
-0.698095
-0.669151
-0.717856
-0.560859
-0.570263
-0.612289
-0.68188
-0.760829
-0.76409
-0.719117
-0.808753
-0.695963
-0.70374
-0.763487
-0.870636
-0.821107
-0.860775
-0.724184
-0.629029
-0.612352
-0.685237
-0.637254
-0.64231
-0.787644
-0.708098
-0.661243
-0.525702
-0.539122
-0.543378
-0.614309
-0.690946
-0.694739
-0.684068
-0.843249
-0.787257
-0.794884
-0.628934
-0.482994
-0.29826
-0.324775
-0.284859
-0.313884
-0.331312
-0.149286
-0.30751
-0.416402
-0.405737
-0.456204
-0.556523
-0.655556
-0.659281
-0.667549
-0.658094
-0.814856
-0.866753
-0.783437
-0.714121
-0.850563
-0.813006
-0.817894
-0.915615
-1.0625
-1.13323
-1.13546
-1.01972
-1.01266
-1.08379
-1.3071
-1.32183
-1.34689
-1.22446
-1.32466
-1.28363
-1.1133
-0.996968
-0.97554
-0.951012
-0.828961
-0.929592
-0.845827
-0.843693
-0.758998
-0.737667
-0.839544
-0.885078
-0.7874
-0.690692
-0.797863
-0.809699
-0.804201
-0.770702
-0.778155
-0.838949
-0.959407
-1.05934
-0.900571
-0.869443
-0.985855
-0.834879
-0.74635
-0.634892
-0.668121
-0.599293
-0.670694
-0.625586
-0.567362
-0.513757
-0.635092
-0.698401
-0.738268
-0.782617
-0.794193
-0.856835
-0.841431
-0.956153
-0.941366
-0.851578
-0.87246
-0.77511
-0.709941
-0.600292
-0.550283
-0.565631
-0.627963
-0.480331
-0.490039
-0.428749
-0.553732
-0.447452
-0.358007
-0.33939
-0.340383
-0.279405
-0.194263
-0.251236
-0.225219
-0.250097
-0.21148
-0.0835554
-0.014383
-0.00502909
0.0831231
-0.0926284
-0.0842119
-0.0828787
0.0292566
0.252966
0.192381
0.253466
0.357905
0.408655
0.439939
0.40139
0.352023
0.293793
0.382487
0.17674
0.258062
0.252986
0.369996
0.504581
0.577358
0.510416
0.522203
0.608248
0.747772
0.918751
0.755473
0.833524
0.886057
0.859288
0.873842
0.815113
0.868081
0.899603
1.05615
0.992311
1.17115
1.32251
1.28507
1.39786
1.40572
1.28975
1.31336
1.27088
1.08189
1.13466
1.02804
1.03263
1.12137
1.01622
1.02817
0.910576
0.923756
0.890935
0.816689
0.91555
0.771406
0.807416
0.764677
0.778351
0.676887
0.782743
0.698843
0.620793
0.88205
0.947784
1.09475
1.01361
0.929954
1.02933
0.969554
0.869714
0.72303
0.687189
0.743677
0.676025
0.87019
0.863822
0.941118
0.918225
0.955477
1.02338
1.08521
1.0431
1.02972
0.983641
0.903441
0.962806
0.912966
0.754547
0.607275
0.602289
0.692603
0.590561
0.468679
0.346171
0.34239
0.278931
0.314287
0.350242
0.341987
0.271437
0.326382
0.35701
0.334212
0.452203
0.512933
0.482986
0.363263
0.236985
0.317068
0.3765
0.290731
0.170245
0.187662
0.117531
-0.0636116
0.0746981
0.043678
0.0546934
0.109064
-0.0204386
-0.119277
0.0957508
0.0317919
0.0611518
-0.0123462
-0.146814
-0.386548
-0.224868
-0.185714
-0.0633381
-0.0211164
0.0553215
0.109235
0.0427931
0.19483
0.218941
0.226678
0.12929
0.17834
0.185339
0.0963481
0.214599
0.169767
0.247677
0.25342
0.163581
0.176888
0.272211
0.293674
0.37305
0.353932
0.232289
0.286895
0.363567
0.241295
0.363579
0.361975
0.391217
0.396714
