0.793657
7.45734
-0.352546
2.58981
0.782234
-1.56916
3.28461
1.73771
5.81588
3.94143
-2.22885
7.77767
5.36152
-3.15548
0.177151
-3.62341
-3.22854
-6.96823
1.85908
5.42339
2.29848
4.12849
0.896804
1.18923
1.46245
2.69798
-1.13845
-1.81509
-9.91748
-2.11888
8.18817
7.13733
4.26232
2.74185
-3.7011
-3.37648
-3.91326
-4.39057
8.75008
-0.277867
-0.448662
-1.65527
-3.46642
0.523643
4.05162
10.5277
-8.21913
-2.63911
-4.15194
0.553205
3.26269
-2.62573
-1.1696
2.89497
-0.613173
-5.47983
4.29607
-8.47686
-8.19973
-2.11246
2.20255
-5.38232
4.00219
0.00619019
1.74758
-4.9377
1.51568
-0.091967
6.47997
0.224244
6.53685
4.76969
-3.44221
-3.80766
-3.41735
-3.45726
9.68335
4.32016
0.337069
-7.69145
-4.33387
-5.43563
-9.1535
5.30703
1.32157
3.81617
3.07967
-1.01713
2.86431
2.18617
-3.63181
-1.11574
0.299262
2.38097
1.68447
-0.29199
-4.8579
4.86679
8.71235
-6.31913
0.438951
0.223467
1.1671
-7.98542
-3.33705
0.188519
-3.21806
1.15485
8.35356
0.453946
2.72514
0.455898
4.61222
-7.56962
6.81129
-13.3509
-0.385799
6.39571
-0.849244
-4.291
-5.83623
5.33893
-11.3026
4.15716
0.123276
7.33145
-5.51942
4.23167
-0.748678
0.646449
-3.34163
5.6688
-2.41783
1.74114
-1.48408
-3.02458
-1.54866
5.82945
6.3487
0.782507
-1.26339
-1.29316
-1.74699
8.77211
-2.94785
-3.05921
-6.58199
-2.27574
-5.89595
9.96671
5.08729
0.978241
3.0746
-2.45811
1.91368
-4.78414
1.56695
0.188565
1.42872
1.51839
-8.80208
-4.73693
-1.07823
2.48018
-5.70059
-1.15498
0.385282
3.61191
3.03308
-7.24955
-4.51368
9.39873
1.65962
-0.848605
-2.19615
4.00143
-1.10226
-2.04765
3.77044
-5.99189
-5.90742
-5.93347
0.472901
-0.459669
0.818679
6.27931
2.66847
2.57421
5.08756
4.62514
2.27975
5.6974
-0.174369
2.44233
2.28053
-2.19036
-0.425075
6.02659
0.481251
3.94977
3.60962
-1.77997
0.497484
1.20525
4.93634
7.1009
4.61417
-2.43378
-0.838936
-2.96332
-3.90558
-6.88422
-0.304058
6.71495
-0.339623
-5.19894
-2.4876
1.8813
-7.4356
-0.30049
-1.13967
5.41172
2.82169
3.82749
4.63253
6.30964
0.784918
-1.47015
3.2492
6.60192
0.0867656
4.28995
0.336084
-0.37295
-2.38577
-7.01729
2.66422
8.20884
-0.539694
5.12694
-1.79732
1.00003
2.42772
1.93029
5.87488
6.58661
4.71701
-4.54778
-0.0731897
6.17159
9.85397
2.41669
7.08785
-1.24082
5.2205
-2.99519
8.95056
0.57497
2.48871
2.71558
-6.30927
-5.45874
6.03331
-2.28344
0.975276
7.28047
-1.15534
10.4636
1.83687
1.30435
-6.71396
-1.25606
-6.47464
0.298729
5.71109
1.40127
-6.0001
2.30072
-6.36043
-6.02399
5.98925
-3.42852
-5.37672
-7.04002
1.63115
-8.30763
3.98677
-2.0219
-2.18093
3.97506
-3.92654
-12.0092
1.26071
4.43131
-5.6406
1.33302
2.72579
-0.403614
0.424634
-9.57059
-5.90461
-0.00226334
5.88686
-0.738878
4.38498
-0.633509
-4.99316
-3.98524
-3.13194
-0.68656
7.59572
3.90143
-2.20496
-4.81002
0.953529
2.47808
0.772024
2.43829
3.9838
-1.00355
1.30839
3.26072
5.74173
0.233183
-2.53285
5.10709
-0.311437
-3.94501
0.419992
-3.08861
0.656624
-0.477295
5.79363
-0.841662
-1.79761
-3.00258
2.56646
-3.70745
8.96192
5.35571
-1.6631
-5.29029
-1.46201
6.47208
-0.618389
0.0381393
0.356806
-5.10436
-1.46461
-5.29768
-3.10229
2.54645
-8.12766
1.65593
-3.22693
-1.75906
6.94119
-1.05055
-0.854273
2.86006
-5.09129
-1.02004
-5.01797
1.54778
1.01247
7.21292
4.18745
3.76615
7.24963
4.48229
-6.65931
2.14035
-5.73388
-0.888612
4.87676
-0.492014
0.944527
1.18422
-1.27287
-2.84835
3.21538
-0.115258
-4.01376
-2.96189
1.17285
-12.4122
-2.81495
3.64687
-12.4917
-1.89001
0.941002
-0.937697
4.47001
-3.13189
-4.35542
2.09131
-9.01019
-1.23817
2.12803
7.16073
-4.20895
0.248727
-3.12212
-3.2399
-7.90878
4.69807
14.7659
6.16719
5.02993
2.63971
5.21011
2.83185
-2.01233
-1.36946
7.43941
-1.13106
-3.28887
0.333022
-1.36389
-8.53507
1.46362
0.944657
-0.442943
-7.2837
6.4699
-2.70102
-13.7342
3.19186
-3.50666
-3.55778
8.45185
1.38467
1.43889
1.24879
6.05645
9.14196
2.4853
-2.25382
1.10155
-6.70509
3.69088
6.64009
3.95845
1.6204
5.94552
0.765733
8.81241
-2.80637
-4.47151
6.77662
-3.18397
7.05148
-6.22054
-2.55879
0.607534
-3.96353
5.67876
3.11384
-2.14172
1.15049
-1.97435
3.88312
-1.97435
-11.3582
-0.283309
-2.26404
0.571172
10.6221
1.35943
-1.08388
-5.34248
0.848754
2.89357
1.82948
-5.13047
-1.8454
-12.2557
6.78469
2.76582
2.53434
-1.67292
4.64304
0.201329
3.81857
1.24974
-1.85882
7.02748
5.86922
2.53023
7.54253
3.72579
3.78657
1.36083
4.71221
0.86889
0.967042
-3.73979
4.34118
-6.31748
1.40314
5.30087
-2.52659
3.32152
-1.17084
-3.9201
-6.73937
-3.15895
0.104466
3.00565
1.38422
1.20739
1.09952
-11.102
-8.04562
-5.54075
-0.434642
-2.84183
-1.33452
4.27246
-4.55116
-4.81706
-2.91924
-0.0969212
4.45181
7.19933
1.23031
2.69639
1.70088
0.301459
-2.91772
1.09852
-5.1063
5.3977
-1.13423
3.0402
1.11697
-5.36158
4.08852
10.2205
4.52545
2.11644
4.33611
1.03607
-3.66857
-3.85851
-9.65249
-0.569517
-3.69364
-0.307845
1.13527
-1.30064
2.77661
-7.75038
5.35266
2.25896
3.08186
9.07497
-2.30674
0.672254
5.74999
0.327493
6.05214
0.245853
0.130972
0.00780276
2.45245
6.32348
-4.68866
5.65971
-2.45201
6.0171
-10.2693
4.22229
2.3277
4.74056
10.675
-2.5189
-3.56909
7.1477
-0.511799
-9.32576
5.22959
-6.77826
-0.528743
1.09392
1.37806
1.42732
-0.956515
0.164492
0.261448
-2.11559
6.98121
4.65079
5.9146
1.05366
3.38043
-1.67461
-5.78609
-2.4144
0.884446
-0.17921
-3.62983
2.3634
8.13355
-0.343798
-9.54107
4.0144
0.9459
-1.58804
6.84387
2.11749
7.40689
2.96253
1.5655
12.0981
8.69826
-0.0785981
1.9658
4.8689
-5.48069
3.5745
1.78764
-4.21955
-9.09665
3.00394
0.748265
0.939222
-5.47751
5.0465
8.56652
1.55801
6.09513
-1.24525
9.68756
-2.50021
1.24639
3.16141
-5.81825
-0.0860704
-4.49295
-1.75498
5.92471
4.43614
-1.26253
-7.24751
3.17285
-13.9297
-10.7985
-5.26424
-1.95125
-4.75486
-1.11281
5.38821
8.3045
4.36633
-1.26996
5.5895
-0.540577
-2.88336
0.300562
-2.57332
1.55267
-1.51174
3.10106
5.04227
4.6011
3.65714
0.374071
-0.954463
1.17582
2.7169
4.6059
1.0529
3.9774
3.33981
10.5537
-8.06544
5.62161
-0.3013
-2.66731
-3.60082
2.56871
8.94767
4.13376
7.11282
-2.70116
-5.67078
2.57005
4.7725
10.9185
7.57322
2.96015
0.738283
-1.11283
-3.13452
4.88068
-7.54144
-2.30326
0.712296
-2.44007
1.42805
-4.38997
-6.2782
-0.366967
4.22572
5.23726
4.6809
6.93016
-0.30441
2.32639
-0.994866
4.52001
-6.75031
2.11125
-6.61552
-2.14943
4.6471
9.68787
9.16565
-2.87471
2.96389
4.72735
-3.35587
7.72119
-10.7679
2.72676
2.18274
-2.41352
-3.29725
4.27385
7.39714
2.79246
2.01268
4.74875
-4.85188
-1.55191
0.0801571
2.22585
1.84196
6.22953
1.34251
7.99422
0.288358
-1.03305
3.23735
3.9911
-3.52269
1.07651
-3.34313
-6.73122
-3.41941
-0.94826
3.42227
0.100743
1.63534
0.041397
1.17714
-3.87217
0.396584
-0.906579
0.250199
-4.8717
4.73926
-5.80117
-7.67145
2.69461
-1.65767
3.56943
6.78433
-1.37001
-0.301232
-0.462262
6.15025
8.61363
-3.96686
2.58839
7.19719
1.47419
2.30143
3.79189
-9.73361
-5.52692
-3.45053
0.965116
2.00904
-2.14987
3.65043
-2.27292
1.69788
3.9142
2.52696
0.647156
4.58812
-3.06455
5.46561
10.0504
-0.958366
5.16589
1.19791
5.1009
-5.09056
6.28265
-5.22627
2.56357
4.25082
5.93668
-5.89006
5.39905
6.54905
6.30431
2.93806
-2.80217
-7.92097
5.31829
3.59927
-0.534667
5.35718
4.80509
-4.61523
3.34647
12.4617
-3.00956
-7.58578
3.67051
0.412089
2.37473
1.65455
7.3495
4.41838
3.14751
8.99433
8.3191
-4.17226
8.04433
8.42274
4.92617
3.82805
3.92862
-0.547836
1.36176
-0.058665
1.62639
1.5577
4.34134
-8.92096
5.0376
-4.68416
8.74572
5.18944
11.1135
3.72959
3.48111
-4.73036
-2.776
0.514188
7.9889
2.69851
6.55506
2.8878
2.53162
-5.53989
2.45467
7.03411
-5.52677
-0.669788
-0.144162
-1.08971
-1.31109
-2.78149
0.0853705
-0.538076
-6.44752
4.0148
-3.5551
6.87903
-0.879875
-3.82698
4.32173
5.00654
-3.93325
8.38749
-0.468837
-7.79424
-2.7606
-0.925473
5.16102
2.02153
-4.73294
-7.4792
-2.25485
-8.3084
-5.4513
4.13298
2.66915
-2.48738
8.42465
1.55906
-5.81882
3.16966
5.70528
2.69194
0.42363
1.29408
-8.43165
5.37898
1.19518
-0.742886
-1.71105
2.69876
10.8762
-5.00715
2.82657
-0.952436
-5.74573
1.02546
6.10232
5.92004
1.66239
1.09986
2.05012
2.0459
3.5591
0.425418
3.16313
-1.1306
7.65022
3.9491
-8.56289
1.98727
1.96684
4.18352
0.524488
-2.32699
-2.58926
-5.17493
-2.12421
-3.92917
12.1454
-2.75914
12.6021
4.12883
-1.21341
-1.41972
7.29258
-7.51692
-4.84944
-9.06788
11.0844
-0.000346907
-5.88239
0.185647
1.38114
1.1762
5.0934
-4.03508
-0.63822
2.1398
-12.5473
1.76751
0.0824434
6.44663
2.04716
11.2682
2.6545
-2.71765
-0.189767
2.11675
2.74006
5.8385
-5.13492
3.65057
-0.235592
10.5044
0.851719
9.44375
3.16787
1.61982
-4.56986
-3.30754
7.59607
-0.58055
5.64924
-6.14426
3.1656
-0.215914
-4.05544
-3.13681
7.63326
-3.96455
1.75799
3.5385
6.86023
-5.29463
7.93561
-4.21133
-4.28916
6.31001
3.98716
-6.06328
-0.172299
0.840561
3.09693
-5.09663
3.91337
0.881771
-0.13413
-0.978143
7.41042
2.6574
14.0413
-4.90315
-2.94581
7.9225
3.46144
0.413394
-0.81746
-1.85945
-0.360468
0.202165
1.48911
-2.43089
-0.812904
8.77551
-3.93797
1.07788
-5.73723
1.87933
-2.25976
0.736773
-0.17948
0.840739
2.96078
2.4697
-2.37014
-4.05123
-2.22715
-8.672
0.205367
5.36366
-0.16476
-7.57298
3.79881
-1.63197
5.6141
-5.52712
-2.92797
5.98236
-5.22031
-1.18483
2.3593
-5.35275
-1.04844
-8.11181
-8.08967
-0.157794
5.17118
-7.27681
-7.49237
-4.23214
-4.59943
4.14161
-1.71714
-6.91852
-0.990725
2.99428
-0.340438
2.24997
-5.00634
7.84367
-9.53408
1.08105
6.8982
-4.34224
3.00934
2.40652
0.976181
-6.02688
3.16736
8.12104
1.89463
1.52482
1.70356
5.51736
6.41151
0.215968
-4.1867
2.87586
2.44275
2.37803
-1.60632
-0.242454
6.35864
-2.83436
2.82558
2.02196
-11.3418
1.7346
-8.13659
3.2279
0.431089
-7.93209
3.8245
1.59062
1.99194
-7.10282
0.0261896
1.35642
6.24071
-5.48459
-2.41898
8.47631
1.47433
1.25219
4.98701
2.80147
1.64565
11.6623
1.35268
2.06847
3.50542
-2.84983
6.80218
6.79972
0.0383051
-0.592864
-4.7119
-2.44197
2.47404
4.31943
2.29884
-1.9875
8.22841
5.22037
1.04151
-3.1791
-0.480558
1.87532
5.88788
6.39793
4.1775
4.39386
4.33715
-1.8128
6.74799
-4.86273
-5.27342
0.37905
3.80052
0.101986
5.20979
1.07174
3.56457
3.49817
-5.35807
3.28828
-1.60974
1.58281
6.50623
1.62537
3.39143
-3.89071
5.80732
3.63601
8.29483
-1.02698
-3.62654
-7.28367
-1.37738
-3.08842
7.17328
4.98441
12.2789
7.79529
-4.17818
2.41827
2.82093
8.51974
1.82412
4.97314
3.23948
2.08768
-5.54893
1.33735
-5.79221
-0.675361
-0.31578
-9.25151
2.90553
5.05087
5.17249
11.1584
8.61338
2.42148
-2.10226
-0.854366
-0.586972
6.05636
0.495498
6.91768
1.75048
10.328
6.28435
-0.558896
-3.29192
-0.523077
2.11155
8.69561
4.79284
-2.29312
-4.42263
-1.0088
1.08371
0.920197
1.00567
0.506194
1.34102
2.14469
-0.222499
1.01948
-0.905355
-3.53522
-4.71495
3.56246
-2.92579
-0.408096
3.32889
3.2541
5.19861
-1.76652
1.83142
5.3104
-3.73923
2.50557
1.54465
3.4908
9.35671
-6.87394
6.89007
-5.5921
7.05708
0.165724
5.53883
0.1387
-4.2708
-2.81584
0.466288
0.397883
-3.09247
-0.300232
1.28283
7.35519
-1.30335
6.90377
-3.37628
-14.4789
-2.4906
-0.784758
0.114662
-1.57149
9.65404
4.81957
-0.0382577
3.6988
-6.9866
7.26766
6.73049
-1.24989
-1.89814
3.06774
-3.51884
-4.69339
-3.09806
-1.84905
4.04581
-1.14968
-4.72066
-8.53205
3.76213
-1.87488
2.82894
-4.55265
6.25938
-2.43683
-1.42257
-3.02041
-11.5142
-3.447
-1.10409
2.4483
-5.02841
-0.453841
1.19166
7.05956
-7.61344
2.56164
7.80291
4.10017
2.50202
4.98747
7.40702
-7.22812
7.47159
2.91876
0.113207
-5.63856
0.350234
-4.14024
1.93197
-0.511533
-2.67562
-0.900618
-2.51901
-3.17329
-11.2912
1.86265
-0.665785
-2.78532
8.2457
-2.6154
9.89281
5.64704
3.49266
1.59457
2.08566
8.09999
-2.99205
6.44645
-0.494367
-2.17283
1.19858
10.3336
7.54208
2.88069
-3.66503
3.18042
7.54617
6.90453
-6.03483
3.50012
7.25598
3.40981
3.36767
-2.80219
0.964949
2.82847
2.23136
1.82226
-0.298333
1.66714
3.53859
0.469977
-4.82659
-7.9893
-1.38162
-4.29337
-2.23117
1.99701
-0.359572
1.92444
-1.32663
-3.2353
2.63619
-2.49579
-0.233482
1.12824
0.0550701
3.44407
11.1272
0.754879
-0.0538308
10.661
4.31239
-0.623381
9.13637
-2.11271
-2.37119
-5.329
1.85027
2.49419
4.05434
9.7956
3.6201
0.208006
2.06876
4.71327
-8.14416
7.50608
-0.938506
5.94562
-0.752744
3.64116
0.874017
-0.354561
3.00807
6.39708
3.86938
1.42834
1.00917
2.6499
-10.9375
-0.786815
-4.14088
1.62762
6.29969
1.27379
1.55505
-0.436369
4.78515
0.0468426
0.813933
7.37487
4.06082
-0.900568
7.76921
-5.57592
1.62484
0.478686
-2.64105
1.71112
-2.95958
-3.56804
-2.39005
-7.56585
7.04432
8.70838
3.21681
6.76659
-2.00557
-0.306201
0.270865
4.10749
0.982351
5.60014
7.22205
-17.4333
2.31185
0.79684
10.8475
-4.5466
5.81882
3.4535
-2.29574
4.07278
3.71486
4.8435
1.30881
7.56827
-2.70347
1.55986
7.88685
-0.28802
4.90324
1.64786
-4.72854
2.79646
-1.4268
2.08023
7.46699
-8.0321
5.16698
2.2555
0.0386579
-5.83624
9.24034
2.9469
2.73768
-1.9316
0.241734
3.08581
5.72906
-0.886796
-0.76135
4.85171
0.695924
5.47022
8.86626
-1.78525
3.70269
4.03981
-1.38281
-0.287484
3.12289
-4.207
0.605171
5.28935
-1.92113
-2.32732
-5.51268
16.4847
-4.07137
-6.77628
-0.749867
7.01928
-0.670406
1.69617
-1.87958
-3.5596
2.94504
-10.5759
-5.79413
-1.62255
-0.302708
6.56057
-4.16419
-5.90974
-0.933145
0.163078
-5.05264
2.02824
3.60106
0.833377
3.10808
0.844475
1.21825
-9.14905
-3.31115
-10.0811
2.78534
5.18274
-1.75847
5.3233
-1.94937
-2.74553
-7.07829
-8.53467
6.52342
2.18804
7.73669
1.24668
1.36594
-6.09186
0.925865
1.57665
2.17329
1.72804
0.957019
3.75747
4.48739
-0.515782
2.55494
-5.27931
5.54264
-3.95904
5.35314
-3.08485
-3.23536
-6.23644
-6.41511
-4.21912
-2.65613
-2.22223
3.23813
2.21301
-1.10296
-6.39764
0.280096
-6.25512
5.20064
1.76861
-0.878427
-4.16055
-2.77305
-2.09923
-3.25386
11.3641
3.62449
6.14438
-2.17385
7.78864
9.40993
4.36245
3.38551
-3.20962
6.73405
-0.656431
-8.39018
2.46991
3.07434
3.42208
2.80364
5.72265
-0.397321
-0.627653
1.00207
5.54217
0.767367
-7.75199
-5.62288
9.08715
-1.02176
4.88726
-1.94108
-2.04748
3.89093
3.36579
-5.96849
1.54174
-1.55918
-0.859853
5.38842
5.15606
-0.28856
9.88657
0.393145
8.14327
-1.51082
-6.34657
6.11802
-4.95449
-0.683428
0.848946
-6.83243
1.00603
2.35706
3.45514
-1.6258
-1.62726
2.41277
-2.52522
0.16384
-4.21793
-0.966386
-3.09161
2.0298
2.38278
3.34465
5.08976
-6.72708
-4.89501
-8.68247
-1.6535
0.490331
-5.61556
3.93669
3.89203
-0.614015
-10.1404
-1.47633
0.591832
-2.99451
6.16126
-0.587065
-3.11552
-4.72787
3.57533
5.72274
4.98041
-3.82337
3.66247
-1.27792
3.0616
1.30343
2.05119
-1.09048
3.53971
-13.7233
-8.06979
0.412512
-1.09921
3.22737
1.44337
-3.14081
-5.30542
5.28327
2.11903
3.82192
-2.35149
-7.9459
-1.78526
-6.73966
1.28423
-6.53677
-2.09849
9.71573
-2.78342
8.67419
3.51951
2.48126
-1.10888
-2.0254
6.16511
-3.54055
4.11103
3.36798
1.06208
-22.0069
-2.01064
-3.67799
4.16974
5.98852
1.94373
0.0311201
6.28079
7.63491
0.148504
-2.71278
3.77812
2.81682
3.67258
-11.0648
5.85727
-1.56415
3.1926
5.35049
9.07189
-7.71029
-1.84547
-4.37228
-0.736877
-4.04424
8.4414
7.17741
10.8054
0.384598
3.45763
-0.638876
-3.14865
-6.45263
-15.7048
-4.4153
1.44705
-5.22988
-4.57869
5.30182
-9.90789
1.77676
-2.30061
4.48242
0.206806
0.937467
3.18295
-0.430796
6.33926
1.55059
2.23454
-1.15271
7.61217
0.565562
1.28378
3.86524
2.51607
9.58834
-4.52842
-1.67702
-1.13922
-0.289145
1.93363
-4.34901
7.87189
-1.48852
-9.43631
-1.94735
6.87854
1.2411
-4.346
1.37459
-2.79261
2.3848
-7.91927
-0.372785
-1.72657
-4.27746
-9.17558
1.30123
4.1273
4.5779
1.85641
-4.96752
6.95249
2.9382
1.14192
3.25404
-3.38133
5.66059
-7.66356
-2.86282
-7.91437
3.40386
2.14122
-2.77004
3.91088
-0.955066
-14.5683
-8.08431
-0.30006
6.12242
-3.64058
-0.468255
-14.8108
-5.03741
3.62097
0.51679
-0.977156
-8.2008
-4.01221
1.22136
6.4631
-7.54978
4.84317
2.26877
-2.44449
-5.97533
2.49231
-3.26513
-6.26139
-8.84404
1.48847
-8.31016
-5.23858
3.97931
-1.14423
5.17064
-6.28121
-5.33113
-7.90783
-8.44182
-2.20157
1.89801
3.36209
-4.85887
-2.65563
2.47096
8.62892
-6.36205
1.95585
3.31795
0.660368
-7.35949
2.82122
-3.31247
2.1437
-1.62553
-4.24023
-1.81515
-0.560872
-0.424234
2.02057
-9.55852
2.47722
-4.75164
-1.5247
-10.6083
2.85339
-1.42859
-1.19583
-4.6525
-7.22105
2.5886
-2.2604
2.28317
10.9117
3.91588
4.20043
-5.02158
2.05219
1.27398
-2.76042
3.81478
-1.1112
0.221403
-6.19846
-3.22433
-9.68882
-0.728241
-1.59719
1.04768
1.35464
2.78917
1.77974
-1.00137
-2.76693
2.47167
-6.83763
-4.16841
-0.302423
9.50378
1.08137
-9.55987
-8.65663
1.95866
-1.59985
1.085
0.00302599
3.32982
1.37527
-4.12569
-9.80149
-2.9103
2.40444
-6.90571
-4.86457
4.67569
-0.0652073
3.18587
-3.70699
5.78409
-0.128556
5.13903
1.29024
-1.80723
-5.28842
-0.0188558
-0.0101398
-4.81662
-0.725561
-1.69309
1.52489
4.14165
-0.0383821
6.54419
-7.74666
6.69904
4.86772
-0.270762
2.39811
-1.81561
-1.56955
-2.14608
4.01716
4.05837
-6.10582
-1.80905
6.0458
-2.67367
-0.278239
8.6747
2.27947
3.9506
7.83069
7.96932
-3.67085
1.5343
-4.60001
1.74659
-7.66398
5.80856
-2.38629
-3.75541
-7.97352
-7.18854
3.16656
2.02099
0.208565
-5.6824
1.80745
5.1062
-3.80093
2.12304
8.0052
-2.85114
1.88672
0.611443
3.14307
8.21559
3.21852
3.20736
-12.4099
-3.07004
2.87627
7.00075
0.0444818
-3.52212
-7.19838
2.22655
-5.20373
4.40068
-6.45256
-2.7247
-1.44603
-3.99234
-2.55056
-5.90308
-2.29839
2.03003
-1.45154
-6.17546
-3.78272
5.82601
-0.733267
-2.74386
-0.543061
-1.14143
-9.14013
-9.52414
1.85238
2.88375
-4.61311
0.997894
-0.58603
0.744288
-7.95114
-2.69088
-4.65428
-3.19774
-1.9797
2.51738
-1.18216
1.20048
10.0563
0.818647
