-0.416659
2.43064
-2.70131
0.316746
1.33465
1.29432
1.91036
1.41593
3.41927
-0.422707
-2.43329
-2.37634
9.34774
3.4801
-3.1167
-2.6124
-1.37015
-6.20472
-5.70623
-1.4373
-6.42428
1.55212
8.10819
3.66846
4.33421
3.57299
0.902258
6.82099
-3.03991
-11.6869
-6.83466
8.1911
2.83604
0.566961
0.376514
0.880136
-3.92217
-4.62176
5.82476
-1.73829
3.6268
5.88028
-4.0411
-0.502434
3.62093
0.840692
4.6501
-1.75028
1.26666
-4.19238
-4.33169
-1.50149
2.79199
3.29894
-8.66785
-7.97536
-5.99292
-3.09205
-1.34156
-7.19803
-0.5771
-1.16969
5.60766
-8.69021
-0.138316
-4.71547
-1.65083
-1.47023
4.91917
6.53777
-3.84499
-7.2511
12.695
-1.65344
6.85281
0.0175778
-0.531366
6.55566
-2.6944
6.41525
7.99709
2.89395
-5.87417
3.17911
5.19873
1.69504
-3.00626
-5.90988
6.61879
-3.52517
0.463092
3.80399
-2.01389
-11.41
2.2188
2.48949
4.28941
0.588191
-6.77129
-4.39015
2.52447
4.5044
5.54012
3.47541
0.2818
-6.83704
4.07183
-2.2281
-0.39199
-7.47237
4.98898
-2.00507
-5.95034
-6.08846
5.10001
-4.53933
-7.96569
-5.99243
5.38202
-2.89576
-0.473725
12.1406
-6.61967
-13.733
-3.60351
-0.132636
0.496353
-2.13797
-7.18948
-4.57994
7.53818
-2.38321
-1.28003
1.55564
2.09445
-1.33156
-1.19092
-3.73705
-5.32561
5.28249
1.62302
3.4561
4.24763
-10.226
-1.3875
3.45155
-0.40656
-5.99986
5.61513
3.61112
3.17719
10.1238
12.4618
8.57208
6.92165
2.83203
2.40411
-1.06601
-1.89213
5.84458
2.38064
12.8572
4.57786
7.17908
2.9071
-5.08564
2.00537
-5.92326
-0.151761
-7.8829
-0.0878883
1.73596
2.37992
1.7714
3.7258
10.4694
11.3751
-0.143
-8.53164
4.47528
2.39055
-3.76528
-1.67572
-4.8896
-2.57523
6.25148
3.05909
0.131006
4.52206
-3.90798
-1.84228
2.77835
-9.02848
-3.27113
-0.72943
4.16531
5.06079
5.26557
-6.31231
7.79736
-2.48779
7.21951
5.84621
-3.55641
4.32405
-6.4762
3.59986
3.36773
-1.81352
2.9018
-8.13508
3.82864
-3.40647
6.12024
-3.38114
2.12875
4.60112
7.95439
-10.845
-2.88717
1.77665
1.61816
5.90163
-0.126877
6.1295
-9.12665
0.358071
-5.46107
0.429406
-0.968809
0.41802
9.03782
-3.49464
-2.30353
0.257071
-0.762657
1.90633
-1.6479
5.68546
-1.40321
1.37498
5.3759
2.11807
3.12392
-4.5495
7.43562
8.76505
9.70645
3.91613
4.52332
5.23353
3.87019
-5.56467
0.659347
5.94038
0.956307
11.7544
3.88771
2.80522
-6.96271
1.10219
-3.15972
6.46268
-2.15194
0.543478
7.03662
-4.15991
4.90024
-0.412841
9.40241
-3.14545
1.53871
5.35404
4.59052
5.15645
4.96314
9.82071
10.2914
-8.04527
4.41509
2.4887
-5.05709
-1.57289
-1.74564
10.4656
-6.42802
-5.01128
4.60985
-5.01774
-3.51657
-5.45984
0.912387
-6.25241
-0.249697
-0.627418
-5.50372
4.92513
-1.15914
0.561142
5.73382
2.76132
10.2683
11.2281
0.408434
-4.86226
-11.1341
-1.28294
-4.65261
-5.73916
-8.92966
-6.37802
-6.99343
3.68838
6.55422
-3.70747
-5.27949
1.57929
8.58888
-1.90285
4.40333
-0.0674712
0.280623
-7.03417
6.5967
3.59794
-4.60498
1.34853
3.84572
1.67277
-1.85275
3.48092
-3.20737
-6.26281
6.43569
-11.7798
5.32125
-9.78858
0.960052
-0.971056
4.87343
-1.6806
-5.79304
2.89786
-4.57758
6.06387
1.93134
1.24805
-1.66835
-8.53042
-4.58401
-5.25915
-0.860962
-3.56769
0.496834
1.5553
-3.61491
-1.90608
8.69067
0.733525
-3.81109
-0.111601
3.29245
5.66517
1.06756
0.850475
-3.1489
-2.4265
11.192
1.55454
5.26173
4.10575
4.61718
2.7713
1.13274
5.12527
3.46966
4.0862
4.49783
-0.599377
0.340952
2.41221
-0.531969
-5.62432
3.81343
5.52999
-3.91183
-4.0303
-0.29742
-0.213534
-8.55387
3.21634
-5.94389
-0.605292
6.33555
-0.271123
-1.70172
-2.76937
-5.18141
6.92274
-0.890214
3.57213
1.5812
3.85088
-2.7283
4.4753
9.14774
6.61261
11.7214
-7.88402
6.15534
-1.4383
9.4177
-1.01444
-6.28538
6.34996
3.08846
5.65614
11.1991
-8.62797
-2.37943
2.04402
6.32941
6.11661
1.09566
3.60981
-5.33635
5.88362
9.68485
-6.52957
-0.501016
9.47902
3.10303
-4.68407
1.83078
-4.79202
2.5987
-3.45805
-4.47031
-6.63761
6.44343
-6.04102
-2.25375
-3.37438
4.62153
3.73285
0.394103
6.1382
6.14039
4.26132
0.315938
-9.48273
-1.23189
0.592216
-5.54634
2.13148
3.32983
-3.36267
-3.89817
-2.02797
-12.6372
-5.68783
-3.48381
4.0321
5.55991
1.39658
3.38011
-0.00741695
8.19882
-4.05884
-0.777714
4.45387
3.43818
1.39022
7.227
-1.59387
-7.34723
5.19704
-4.09564
0.414889
-3.65614
-0.490829
-1.67554
6.21592
4.68559
4.46797
-1.92436
4.14251
-7.39321
5.46901
1.88683
-8.19163
-8.1823
6.00277
3.11683
9.41258
-2.65509
1.82739
-13.5328
6.55543
-5.34397
2.37356
3.13326
4.72754
4.96186
4.30701
-0.838229
-1.17307
-3.94165
-0.0331561
0.381908
2.82951
14.0313
3.42069
0.781141
-3.32816
-4.18274
8.52814
2.3763
0.985608
0.155187
-3.31644
-3.81836
-1.52597
-1.80414
6.81425
6.35704
-0.580196
-0.933042
3.3554
5.54684
6.08039
2.1117
-5.82231
-4.74523
-5.04095
-7.13057
5.7501
-2.87091
-6.95947
0.0331212
-4.8444
7.2789
-3.23266
6.84421
-4.13134
-1.98883
-5.19095
11.9155
-4.28776
4.45178
9.48018
-4.19236
7.43863
0.455117
0.945377
-3.20781
6.61179
1.07408
1.35456
-11.6409
0.704475
2.06037
-3.59633
-0.328727
-4.19409
-2.19682
-6.1007
-10.9591
-3.61318
3.75426
3.68018
4.94908
-10.319
-5.2004
-4.93087
-3.64325
-7.88863
5.23957
-1.92368
0.104906
1.6855
1.33876
-5.7046
4.89975
4.6271
2.49174
0.506701
2.40113
-10.4563
-7.22569
4.99902
-2.29663
-0.404435
-4.33856
5.31913
-3.0604
5.11195
1.89667
4.63097
1.10701
-2.61687
5.59734
2.42734
3.70329
-1.96399
-5.21508
3.98869
4.16966
2.98008
5.05669
-1.78756
6.31199
-2.31598
7.56047
4.98107
-4.9806
-0.490303
-0.77185
-10.8276
-1.37742
11.8915
6.91592
1.21762
3.09728
1.06222
4.65906
6.19416
-0.152368
5.62048
10.2327
-2.22588
-3.33807
4.45317
6.56581
15.3851
8.42174
3.54469
2.00764
-5.16572
0.472224
3.46921
0.135079
4.93157
3.60972
5.69548
-2.26876
1.34706
2.50641
14.0007
-4.83844
1.89386
8.33595
6.17161
-2.97967
6.81365
-4.27195
1.01274
0.941836
-4.89132
0.151489
3.83374
0.90253
-5.51595
-0.312123
1.84806
2.10143
-7.77764
-1.76923
3.67965
-0.864239
-3.4613
2.17511
-0.782867
0.551825
5.26067
3.20418
-0.251136
2.16674
-6.79117
10.8307
5.34883
-2.23757
-0.606009
-4.09055
6.30265
-0.706815
7.15345
5.98277
4.30371
3.81901
-10.1966
-0.0822937
-3.04185
-2.43
0.960465
-5.40144
5.60798
2.12714
0.408864
-2.74772
4.21717
-1.37402
1.95698
4.96137
7.9336
3.45392
-4.26013
4.55872
0.212149
-2.50874
-4.81833
-1.74477
0.302702
9.91319
6.5677
1.9344
-1.88857
1.25091
-6.71577
-7.70614
-7.44067
-4.91069
-0.122731
7.47022
2.55534
10.5916
2.25529
2.74742
5.77411
6.42668
1.11764
9.03691
4.69992
-2.88274
9.00739
-1.28982
-2.16035
4.47102
-2.21258
3.61404
1.38421
10.6202
5.88652
-1.28422
-2.99708
-0.107333
4.87198
1.42033
7.1032
-0.576595
10.907
-3.48261
-2.36055
10.7806
1.86896
2.00492
2.50881
3.64124
-5.30019
-2.65446
-3.02503
-3.69618
0.0611189
-1.25713
1.96658
-4.62618
-5.15233
-0.337617
0.0351861
-7.37788
-7.20216
10.9979
1.47613
-6.91281
-8.68715
1.40021
-7.10531
-5.82056
0.774085
4.82251
-1.36169
-2.73966
9.3553
3.72241
-3.85013
-1.77883
-3.12961
15.8046
-13.9727
-1.51636
-1.34632
5.11072
2.35071
4.79684
1.63886
-1.29303
2.24468
2.2894
-1.43492
3.30345
8.98454
5.82262
-3.38654
4.45573
-6.71057
-3.80452
-1.48918
-7.68224
-6.07393
3.04666
-2.71639
-5.30651
6.50841
-0.361082
8.20706
-2.96798
7.64322
7.71798
0.900427
9.12342
9.42147
-3.52154
-0.756169
-1.44233
4.98258
6.67499
-6.00049
-1.87376
0.378615
1.12716
-12.2407
-7.29981
-4.90001
7.57271
5.56542
-5.30022
-1.52499
-5.80356
-7.53044
9.44955
-10.4221
-10.807
1.3864
4.40563
-7.62327
-0.382452
-6.62533
0.048647
-8.08831
3.02514
13.4587
5.29401
4.86965
-7.47008
3.326
9.00148
2.3209
6.5422
-2.14152
-1.29988
-5.6619
4.11484
-6.54288
-6.45089
-3.40554
-0.108267
-6.02696
1.88751
7.02096
-0.130179
8.03902
4.90484
-1.28243
2.98492
14.375
9.59085
6.50241
9.90723
-1.85433
2.93926
6.07088
-0.364532
6.47277
-1.07157
2.56519
-0.183555
3.44803
-15.1813
5.0615
-1.44185
-0.107961
9.98055
0.814622
2.33829
-1.66209
1.97651
-12.4762
2.24063
3.78145
5.49746
1.42312
11.1988
6.46588
-2.79913
8.57127
-5.89089
0.126104
10.0922
-6.22337
4.10343
8.06982
-5.05909
-15.7612
-2.25668
0.756972
1.47561
3.99157
10.504
-1.69195
2.95827
-2.69666
-2.89778
-4.10609
1.59677
5.18097
6.26412
6.76402
1.54562
-5.96522
1.36276
-2.28865
10.5231
-3.14538
1.58099
2.15498
2.48095
14.2537
0.998617
4.53598
-1.39468
-2.10611
5.88114
4.30734
5.75423
2.19006
-0.317702
3.05175
-5.61984
-5.06703
6.46444
2.53891
-3.45853
-0.282487
-2.24097
0.0982994
4.27906
3.78593
2.5638
-3.62009
-11.3406
1.01395
-5.07953
9.56555
5.85368
2.90169
-0.144693
4.93288
0.895784
3.82635
-3.20567
-0.663811
7.1393
4.60271
-2.42126
0.0578827
4.46622
2.27245
5.0935
-7.61774
2.28561
-4.95515
-5.16144
0.913366
-6.29881
5.97053
3.12683
6.62525
4.84915
4.58083
1.06924
-2.20682
12.549
0.381455
2.55012
-0.0295519
-4.96867
1.21943
-1.31743
4.67142
6.06868
0.53527
4.5369
11.5242
0.999138
2.87328
7.10547
3.45783
-5.71451
-6.18386
-0.157491
-1.47892
4.33105
3.29487
0.303108
11.3728
-4.01681
-1.29826
1.59543
-1.7649
6.98306
4.05409
15.2906
-1.98629
-2.09321
8.51269
-11.1086
-1.99409
-0.0341066
-1.71361
-6.64145
-0.778091
3.9449
-2.57375
5.83739
-2.76114
14.4655
5.63186
2.33335
3.06348
5.41216
4.40006
4.50248
-0.457096
8.88428
-2.86491
-2.05294
-2.54995
-5.87729
4.85559
-7.89974
-0.33147
6.86555
2.02302
-2.64594
0.895174
2.09091
3.1111
1.26366
6.85151
8.79142
-1.59214
-7.02734
3.26273
-10.0775
1.8132
1.61319
-7.07216
-2.06659
-2.65145
-1.49889
0.613415
5.96139
-2.39473
-3.85013
-6.55124
-1.67013
9.3703
-0.355969
1.6935
-1.72633
0.877534
0.628882
-3.51944
-1.36079
-4.27901
-2.437
-1.25048
3.65762
4.43616
2.46897
2.66056
-1.38164
3.10469
2.1662
6.8234
1.04592
6.82147
4.9927
4.52109
-1.38182
