0.785178
0.912949
0.880667
1.03855
0.923973
0.849924
0.795098
0.963323
0.746542
0.685362
0.683309
0.573514
0.312577
0.410898
0.351311
0.362544
0.61519
0.705312
0.691732
0.65484
0.714281
0.932881
0.957526
0.935252
1.03224
0.652106
0.445796
0.447022
0.482859
0.374343
0.394203
0.536279
0.727367
0.722369
0.663784
0.629022
0.409485
0.20472
0.147569
0.369823
0.106232
0.039631
0.237537
0.457183
0.219426
0.432087
0.377465
0.433406
0.443082
0.363073
0.456375
0.652921
0.627227
0.638129
0.35183
0.307567
0.110639
0.288569
0.198303
0.389098
0.54274
0.4871
0.950198
1.19577
1.2071
1.18851
0.959656
1.01134
1.05062
1.04826
1.1125
1.11885
0.956302
1.04216
0.982937
1.22737
1.07124
1.07758
0.966055
0.739346
