-0.725495
-0.684882
-0.747158
-0.802127
-0.786553
-0.703046
-0.606888
-0.877136
-0.96996
-0.89697
-0.850893
-0.935423
-0.860461
-0.908679
-0.909529
-1.06085
-0.995653
-0.896056
-1.0554
-0.89997
-0.822489
-0.735485
-0.482578
-0.537477
-0.512549
-0.451526
-0.570088
-0.296538
-0.28271
-0.471875
-0.438849
-0.622237
-0.60098
-0.672077
-0.535851
-0.230418
-0.234866
-0.194147
-0.247452
-0.295256
-0.176778
-0.484245
-0.662012
-0.467755
-0.31872
-0.397223
-0.493252
-0.514012
-0.554204
-0.418589
-0.278944
-0.411302
-0.340024
-0.374821
-0.406132
-0.329069
-0.429913
-0.411883
-0.429264
-0.421015
-0.311192
-0.377358
-0.380731
-0.515041
-0.773382
-0.696331
-0.609813
-0.511226
-0.268139
-0.146434
-0.0148786
-0.320561
-0.335368
-0.0521296
0.154593
0.156007
0.225239
0.241679
0.186952
0.168881
-0.0924004
0.0350061
0.0678176
0.0174671
0.105774
-0.226375
-0.102663
-0.144763
-0.202167
-0.164274
-0.17943
-0.107281
-0.0551363
-0.0949344
-0.193067
-0.332133
-0.553602
-0.490322
-0.454425
-0.306412
-0.389625
-0.388049
-0.418507
-0.0914889
-0.332248
-0.221354
-0.215421
-0.290629
-0.257968
-0.260249
-0.231163
-0.175406
-0.176565
-0.133609
-0.0735673
-0.133845
-0.0704341
-0.0677087
0.0268299
-0.0878386
-0.0569781
-0.0906223
-0.022132
-0.167559
-0.0734724
-0.0364798
-0.133997
-0.0245399
-0.223479
-0.135218
-0.0716968
0.00274691
0.00856148
-0.118849
-0.303811
-0.385572
-0.253772
-0.336882
-0.318503
-0.376894
-0.461485
-0.501388
-0.517031
-0.436204
-0.602237
-0.668853
-0.658663
-0.53111
-0.425778
-0.292985
-0.366403
-0.477484
-0.455225
-0.579825
-0.531911
-0.43032
-0.419027
-0.254704
-0.108695
0.0971946
0.00994237
-0.0207064
-0.037665
-0.0544009
-0.141992
-0.274239
-0.205327
-0.208277
-0.178504
-0.283575
-0.274131
-0.310762
-0.099436
-0.0624203
-0.103024
-0.201322
0.00510859
-0.14289
-0.166761
-0.270782
-0.25369
-0.329305
-0.319009
-0.291432
-0.203459
-0.454017
-0.447982
-0.295813
-0.280248
-0.445001
-0.300055
-0.273219
-0.355894
-0.487395
-0.443067
-0.330433
-0.50017
-0.319497
-0.312711
-0.300441
-0.319917
-0.475063
-0.568297
-0.529827
-0.457503
-0.431742
-0.42748
-0.480492
-0.407411
-0.530862
-0.621239
-0.509129
-0.439042
-0.471345
-0.215848
-0.307711
-0.451506
-0.538466
-0.761842
-0.975146
