-0.851846
-0.975622
-0.757866
-0.955128
-0.804091
-0.820692
-0.815189
-0.893502
-1.26618
-1.13719
-1.19169
-1.00989
-1.11165
-0.967522
-0.778045
-0.560295
-0.475882
-0.429258
-0.412004
-0.0627514
-0.229824
-0.363573
0.109947
0.278023
0.492597
0.701243
0.699992
0.641861
0.50491
0.616169
0.79004
0.62643
0.501601
0.297955
0.42399
0.47757
0.541005
0.566242
0.581862
0.460529
0.504465
0.50583
0.44499
0.799734
0.873614
0.537721
0.340503
0.313085
0.479474
0.353864
0.375021
0.347878
0.388288
0.268281
0.136703
-0.0651828
-0.244831
-0.429793
-0.416481
-0.599092
-0.333842
-0.363711
-0.377493
-0.383205
-0.284146
0.0374782
0.22369
0.241561
-0.073862
0.0909959
-0.00294945
0.0950126
0.0921528
0.0571703
0.228213
0.0188511
-0.0267706
-0.352544
-0.284663
-0.25979
-0.193355
-0.0381236
-0.0472784
-0.116535
-0.360461
-0.497171
-0.330554
-0.132042
-0.0688812
-0.198575
-0.357563
-0.455181
-0.5792
-0.711823
-0.914125
-0.816523
-0.466505
-0.197466
-0.152967
-0.255556
-0.309747
-0.304756
-0.133963
-0.209416
-0.320811
-0.402042
-0.372564
-0.479541
-0.483369
-0.35535
-0.438764
-0.546731
-0.435295
-0.464665
-0.545358
-0.525006
-0.563383
-0.883206
-0.782666
-0.878993
