0.863979
0.600807
2.80483
2.18169
0.529542
-3.92639
3.93397
-1.74351
4.79455
1.14093
1.57129
-1.19178
0.855017
0.372159
-1.9974
-0.312616
-3.95543
-7.258
2.23196
2.57737
-0.343123
-5.91061
-4.34405
1.89394
-1.01056
5.30349
9.00599
-2.99236
-1.63368
-6.56834
-4.65635
7.01844
-3.72925
2.26652
1.47999
-0.399341
2.16252
4.76348
-3.4348
-3.37746
2.04594
4.40233
4.46539
4.07065
-0.134201
5.72988
2.9493
6.85873
3.13017
-1.05844
1.14408
-5.88548
1.28797
1.13748
-1.05365
-1.11469
0.620803
1.84165
0.956684
-1.42761
-3.6592
3.56264
1.1786
-0.0135118
0.946399
-6.01378
-7.39645
1.69906
-3.36358
-2.75402
3.63345
4.99855
-1.5786
-2.19744
-3.05447
4.67671
4.42716
-1.67791
-5.94001
-3.17803
4.37476
-3.9062
7.0163
7.1418
3.71228
-0.136066
0.780478
8.72474
-2.98731
-0.541702
1.85695
-1.48805
7.39874
-1.17091
-0.684273
0.868944
1.76752
3.6977
-4.94058
0.804783
3.73151
1.14427
-2.56279
1.59849
-2.54329
-7.37493
4.77278
-0.843396
1.02717
-1.03514
1.55794
-4.55014
-5.27126
-4.92396
3.80507
0.0710057
-3.78409
-0.975281
-5.3665
-4.50774
0.299875
0.993554
0.49938
-3.28947
-0.069561
0.896744
-3.98347
0.0192048
9.47332
-0.301318
-4.71037
-5.65333
-2.41516
-3.09526
-8.02204
-12.2544
-2.60963
2.14724
1.80403
-3.71104
8.1839
3.7167
-2.18999
0.981321
3.04713
2.1217
1.25495
-4.17878
1.47132
4.64976
4.15766
5.03712
4.24267
-2.75247
6.34764
-1.63794
3.43357
-1.24659
4.45081
0.296481
-1.28159
-2.97647
1.64503
-4.63968
4.20079
-3.26363
1.23853
-2.6843
1.14751
-1.55192
2.32018
-5.86597
4.52867
1.88641
-3.32023
0.923884
1.74003
-2.1657
-5.84719
-5.56851
0.551987
0.579188
-1.46094
3.66863
6.9607
-3.37569
-0.113847
-1.11877
-0.674525
-6.99875
-2.29205
1.7092
-0.469171
-1.66289
6.73266
-2.68584
4.80432
0.216651
-2.6359
-5.51777
-2.92214
-10.5804
-2.6002
-1.12497
-1.44985
-7.27514
-0.10831
-5.08679
0.195027
-2.17622
6.31471
2.59378
-3.41221
0.418798
-2.6656
-3.38221
-5.61965
6.516
-7.11113
5.0983
-4.54302
-4.11873
-1.60623
-4.04621
-4.60629
4.88805
-0.605883
-1.31742
-3.33085
-2.49005
4.53362
5.87458
3.16735
0.326008
6.7461
4.67337
-6.16522
2.40957
-3.77363
1.81998
-1.25322
2.60363
4.84035
3.62484
2.31732
-2.76208
4.86584
3.36201
-4.62701
6.63778
6.20384
-0.232501
3.09482
0.323079
7.01915
0.980841
-0.338031
2.74828
2.01016
-2.37905
-0.48212
-1.58319
-6.51471
2.95562
5.28661
-2.77236
2.31272
-1.63573
4.6403
-5.16943
5.12797
-4.81373
-3.91601
5.33703
-2.99455
-1.33542
-3.47216
-1.78023
-2.28567
-2.32953
1.44331
3.50209
3.03636
0.789306
1.58125
3.56755
-4.19366
-1.27947
-1.75814
3.82514
-2.54776
-5.22892
-1.29483
-0.836387
1.4037
-0.078018
-2.55286
1.60135
-0.205264
-7.3565
-0.470731
-0.384342
-0.592664
-9.34241
2.51515
3.06041
-0.862531
2.48625
-2.64045
-1.85118
-1.09637
-0.66908
1.68748
5.86323
-2.72506
-1.66551
-3.03567
1.23777
-6.3061
-0.56938
3.44048
-1.67185
-1.66962
-8.81338
-1.19126
-0.209663
5.57852
-1.36943
-3.19502
-3.33094
7.28084
-8.44197
3.69902
-2.75713
5.2152
0.74772
3.50791
0.651232
3.1245
-8.68046
6.98479
2.89564
-1.01653
-6.15698
4.39289
-0.833896
2.40988
1.37214
-4.06309
0.206495
3.18533
1.04942
4.16985
-4.07051
4.86685
0.784484
0.439967
-5.07645
-3.85132
-2.81284
2.85194
2.46662
-3.16928
1.93953
-6.37217
-3.74217
-2.52131
1.6875
-0.122759
-0.520333
-7.2295
2.11546
0.534449
7.79736
2.19691
2.91153
4.87931
3.42413
5.86128
2.62258
6.79957
-2.95969
-0.0237751
-0.809805
0.565051
-3.09379
-3.88305
4.25194
-0.813311
-0.366718
0.923887
-4.87803
6.26618
4.34289
8.34646
3.35758
-2.03119
1.99109
-1.80969
1.96993
5.45649
-0.696978
-2.27192
1.97197
-0.708192
-2.78194
-0.936674
0.761829
-4.35549
0.815866
-5.78556
6.67335
4.55832
6.47171
-5.33746
6.29043
2.81557
-2.93077
5.83065
-4.65552
0.53575
2.71917
1.6234
-1.5738
0.576303
-4.41524
2.71772
-1.09509
7.18933
-8.21443
-1.54194
-0.0866837
-6.22334
-5.92622
-1.02656
8.01744
0.172334
-4.75128
2.97237
2.17803
2.88908
-3.32465
-1.93078
-1.41091
-3.66467
-1.0573
-0.491997
-11.3939
-0.191374
1.4931
0.938809
-1.70049
0.284388
2.34463
-1.77482
6.1147
-1.20805
-9.33137
-0.179044
-0.532287
2.10095
-3.76931
0.566964
-2.97368
-4.28967
3.71473
1.3271
4.71133
-2.05007
0.677818
-7.25507
3.05602
-3.94777
-6.63219
3.31409
-10.6861
0.233566
-3.16229
6.34787
8.24084
3.24673
-1.68014
1.31639
-2.53182
3.05245
-0.586022
1.08058
-1.39215
2.22866
-5.0262
-4.09092
-7.4756
7.13363
0.182918
4.59828
1.26211
0.903152
7.83136
7.64883
0.899121
-4.11869
-9.17211
-6.69025
-3.47195
-5.73339
-5.08132
-7.43534
0.176378
-2.37367
-3.4004
-12.0587
-3.22415
-2.73001
-4.29981
-1.06432
-3.98003
0.312858
4.01036
3.44154
0.242198
-0.73204
-5.08617
-0.372975
-1.49939
2.23097
2.33813
-7.55237
4.08335
2.69252
-1.93339
2.9568
-2.47896
0.0709181
6.30045
-4.63255
7.08523
9.99163
4.27175
0.618137
2.77542
0.802017
-1.96351
4.73516
0.318746
4.23139
-0.615614
7.25761
-2.51728
2.64442
-0.189704
-1.29976
2.52431
7.47265
2.79768
-4.91578
0.686708
3.01156
0.382177
-2.91939
5.01151
1.54318
3.76608
1.32361
-0.323781
5.81366
3.87524
4.10897
0.0306471
3.65934
-0.655922
-1.1166
-6.20877
1.4105
1.33297
-0.117203
1.00025
2.68187
-2.49325
-0.179902
1.62096
-2.10128
-6.3606
-6.2158
0.651286
-3.00249
-1.92499
1.22101
-3.63915
-1.9967
-0.962457
-2.72261
-3.70702
3.00815
-6.55909
-2.75469
2.23538
4.37656
-0.0652833
8.32452
1.55235
4.12987
-8.06398
-1.45555
0.843028
-0.858869
2.55448
2.2535
-1.90527
1.21656
-0.291088
5.38442
-6.18066
-2.84858
2.95052
4.67582
3.37337
-3.76412
-2.88627
1.73536
0.881061
4.30769
-0.223071
1.31234
5.42303
-7.20113
1.48733
6.88021
3.34771
-4.19126
-0.835669
-4.47336
4.13272
0.0368762
-7.88209
7.91958
-1.38546
4.12651
4.78254
5.40626
4.90356
-0.711281
-6.21134
-3.88515
-2.34907
1.99491
6.82387
0.338841
1.98862
1.85552
3.23068
-2.14473
-3.41508
0.330808
0.112593
1.6063
6.1724
-5.30077
0.525239
2.1621
2.79013
0.81689
-1.07945
0.157087
10.6808
-0.771931
5.94249
4.19067
3.32931
1.63529
8.05231
4.79994
-9.02634
0.824406
2.61672
5.00384
7.36605
-3.15051
2.17004
-3.87152
0.590988
7.54147
-2.25319
-4.94873
-0.227647
-3.77097
-3.31193
-3.29886
3.86224
7.12986
-3.26018
3.81943
2.7332
5.04954
4.80651
-2.48413
-4.61038
-0.393763
1.16238
-11.646
-4.55627
-0.907059
-0.188035
0.52294
-1.93664
-3.70866
-3.49318
0.0227518
0.202042
2.22472
4.24991
0.712271
-0.439336
-0.72138
-0.295465
4.56729
5.15157
2.45483
2.75179
3.76899
-3.43195
2.40595
-3.52701
-1.88004
5.51892
-0.768072
-1.39685
1.55901
-2.90951
-4.45268
0.841886
-2.47025
-1.49418
3.61277
2.66435
2.79338
3.80524
-4.7215
1.32159
4.8637
10.3127
8.64888
1.06667
2.58877
0.569724
-0.952918
-5.4163
2.71673
-1.46793
1.25037
2.22054
1.15198
-0.278335
-3.24304
-0.166632
-0.281298
4.2811
3.02977
3.87779
-5.89808
3.13357
3.09878
0.420113
5.37608
0.194766
1.98096
6.50188
-2.3328
-3.24954
-1.76588
-2.18203
-9.46035
3.99953
-2.6809
-4.76351
-6.5341
0.24596
2.87066
-4.62857
-0.568319
-1.00843
2.53734
0.26906
4.94196
-4.49269
2.41546
5.8447
-4.79585
-0.375176
7.62344
-1.43945
6.75961
2.64225
-3.26151
-0.105152
3.07494
0.67713
-5.41331
5.18969
1.27718
-1.41291
-2.24017
2.45461
2.51436
-5.01307
-2.16256
-1.53293
7.2061
-3.04569
-13.9913
-3.99586
-1.99004
1.10082
-5.42869
1.80533
2.43325
-4.47092
3.78965
-3.64867
2.91443
0.936091
-3.43219
3.84645
3.01702
-11.8063
-0.527425
2.19624
-6.98011
-5.83373
1.75651
1.62859
0.145918
-1.5734
-2.89222
0.188172
-0.685715
2.19124
-5.33478
7.55263
-0.184155
0.583474
-0.00921887
5.45667
4.97794
-0.00357981
4.21748
1.69922
-2.02519
0.410399
8.22256
4.5484
-1.70207
-4.80316
3.1154
1.23383
4.11846
-11.9301
4.91501
-1.14263
2.77172
-2.47161
5.8344
5.16368
5.77779
7.07117
-0.904343
-0.781031
2.01997
1.91031
-1.70436
5.46433
4.21319
2.98962
-1.58117
3.14637
4.75019
0.488332
0.952184
-0.255467
-0.269979
-3.36199
-0.14622
0.16022
-6.44643
-4.51167
-3.85742
2.16088
0.404396
-3.99793
1.76714
4.76771
-3.90094
1.21223
1.2409
-1.17998
-4.45675
-1.95029
-1.36783
2.5027
5.68575
1.38083
-3.77719
-3.64547
0.83271
2.32861
2.00976
-2.31358
7.9038
3.23334
5.35243
-2.33312
0.708448
-2.46307
5.17636
2.84756
3.9977
-2.52381
3.69359
-1.75939
0.0665605
3.9312
3.20413
5.10708
4.14862
-0.692507
-7.12568
0.978378
-0.653963
-2.9544
3.43139
2.30959
-0.58155
2.85799
8.48556
2.14429
0.899148
-4.62488
2.51859
-2.88255
-0.0115584
1.44607
3.56599
-3.34759
-0.369236
-5.38243
-4.18465
0.159517
-2.96513
0.262208
1.47648
1.73406
0.311705
-2.5712
0.064131
2.4801
4.50739
-1.47215
-7.93149
1.39242
-1.01692
0.822311
0.548512
1.51354
6.77013
0.566276
6.82873
-2.55403
4.01047
1.17418
6.73493
-5.13259
0.76899
-7.00316
-1.11525
3.92906
-1.01363
-0.472272
0.467058
6.74302
1.63674
-4.75254
-1.08731
-0.409544
-4.98152
-1.25242
-2.84816
3.76808
5.61935
2.11262
1.64265
3.85364
1.1903
3.1521
-5.08126
-5.60341
4.27612
4.54793
-0.898135
-1.13062
-2.76376
0.780663
4.79353
7.92108
-2.67203
-2.2687
-6.06384
0.169118
-1.85825
-2.7633
-5.13925
-0.347628
1.68608
3.38648
6.72194
4.3084
0.410857
-9.09282
0.626703
1.30778
-2.07388
-1.0443
4.90688
3.89622
-0.75436
1.46871
4.21112
3.9629
-0.93719
2.41604
-2.07833
-0.52043
-2.14027
-2.53365
1.63739
-3.75923
-0.388919
-7.86215
-5.08209
1.78285
4.63203
-5.7531
2.51505
2.0263
-1.96292
8.91688
-6.47382
1.82095
-1.35576
1.81779
7.18567
5.06484
-1.35051
6.61987
-4.24705
2.07146
-2.50851
0.374993
9.80294
2.31741
3.48009
4.92625
-0.229783
-2.00141
-1.25462
4.55333
4.54452
3.63559
-1.61478
3.65723
6.44329
7.93332
-3.86296
-10.7279
-3.41923
-6.91943
4.61324
1.63875
4.21117
-0.215564
-5.77531
4.9014
-0.359518
-12.4697
1.83238
-5.15416
-5.38471
-2.8438
6.63161
-2.89385
-2.37052
-0.58576
-4.05458
-4.6594
-1.73624
3.93681
-0.168424
6.6278
-0.209683
0.575785
-3.30092
5.91943
-7.73777
-3.94014
-3.35589
6.01259
-3.99147
-1.1106
0.835436
-3.19121
-2.25083
0.805722
3.14149
4.0826
-0.269975
-2.60196
3.39645
-1.47832
-2.4532
-7.55076
-3.04888
-3.31688
2.57664
5.6133
-2.20732
3.03803
-1.62287
4.03261
-0.354604
3.2548
0.0241329
0.051619
-2.54367
0.302497
4.43338
-1.13914
-5.89121
4.15393
3.56517
6.06638
4.40537
-5.32934
-2.78872
0.850694
9.86171
-1.71938
4.99906
6.29959
-1.99765
-0.847681
6.26544
3.53123
3.06698
2.12506
0.769648
-1.33484
1.48269
4.6597
7.06001
7.93689
2.91518
-2.27291
5.36003
0.84031
1.97334
2.32745
1.1617
5.6695
4.19253
4.03723
6.54412
-2.93875
1.07057
0.109304
-5.3109
3.82187
6.12873
-4.13144
-3.45971
-6.97269
2.86885
-0.938285
3.50202
-0.337331
-5.79702
5.72325
2.83573
-1.17316
3.56336
0.167019
0.0311175
6.0826
-3.72805
-8.20497
1.98862
3.22592
-4.3573
-0.673482
3.97241
5.06116
2.49553
1.72126
2.23531
4.90029
1.01831
3.02358
-3.23154
2.43183
1.96244
4.69069
-7.81571
-3.15647
-0.195182
0.941953
2.62317
1.38961
2.95714
-5.37468
3.12992
-1.22258
-1.65612
1.10735
3.2355
0.869155
5.64408
1.92818
0.326313
5.30642
6.61208
-3.99947
1.03387
1.65325
3.91072
-0.323463
2.9557
2.88986
-2.54411
-2.58837
-0.631966
-1.86128
-2.5627
-1.95067
-1.82242
-0.799876
-1.74917
-1.69535
2.9011
6.22671
-1.76928
-1.86235
-2.87475
5.7147
-2.02289
-4.29138
-7.23218
0.459895
-6.53754
-3.95369
-5.43014
4.73134
-5.72657
2.22759
-1.24521
0.712902
-3.39212
-2.5783
0.785141
0.992338
7.92005
-4.06895
1.63346
-1.03529
-2.18107
2.28283
1.21619
4.97696
-1.65512
3.06483
-1.30662
4.18843
-3.1186
-4.1189
-2.30325
1.13922
5.31624
-0.806118
0.828001
0.577126
-3.24832
-9.00859
1.08862
-1.32861
5.61208
-3.52351
6.7427
4.96883
-4.58465
-2.99793
0.887686
-5.61842
-3.66183
-0.873264
-0.370693
-2.24833
-1.45644
4.25722
2.22137
-0.0602219
0.174208
3.15332
0.741938
-0.19392
-3.61561
-6.1006
3.87921
-5.22041
-1.67988
0.669381
-1.45521
4.00616
-4.71701
-0.0980134
1.1782
8.35029
3.02451
10.635
-5.42
1.81107
-2.07429
-2.31621
-2.84597
1.97395
2.8506
-1.30544
3.68585
-6.12707
-6.36755
-2.05205
2.68266
-2.02852
6.22957
0.896199
-0.326282
-3.45665
-1.84825
7.03484
0.656046
0.170269
3.29065
-9.94363
9.90915
-1.86049
-5.46712
4.48212
-3.30808
-1.66911
6.79141
-2.64886
-0.197213
-2.64616
2.46883
5.5704
-3.69364
-2.76666
-3.32229
1.22882
0.419462
3.32839
-4.85149
0.115964
2.52352
1.78573
6.0671
-1.91995
-0.566762
1.78996
3.37707
-2.61672
3.57461
0.206576
1.51865
1.6523
-4.34989
1.22875
2.1389
0.59242
-3.18675
-7.06533
2.26226
2.78059
1.22946
0.749005
-8.91783
2.4797
4.02186
-0.677316
-9.50371
-2.70062
-0.138238
2.1434
6.08863
2.43229
-2.25161
-7.39201
5.42117
1.35766
-2.22025
6.78912
-9.33494
-2.45407
-6.5393
0.333872
-3.00061
-4.22032
-7.34735
4.84304
6.15039
2.44363
-1.89729
11.0431
0.00773326
-0.30933
-1.32251
3.97125
2.57932
-6.41676
0.945042
-1.18158
6.84146
4.88759
-0.569124
-1.50623
-5.28334
0.0862058
6.35494
-0.936955
-6.77505
-2.3512
6.23337
2.47635
4.76532
2.42131
4.6087
7.37198
7.19472
-4.18381
-3.05528
0.111158
5.55294
-0.0366565
-1.93914
4.05257
0.440746
3.13164
5.27312
4.72185
2.85986
1.5298
1.90003
0.0925679
0.229258
1.6093
-1.014
0.213164
3.25373
-3.06852
0.849449
2.84853
2.65913
5.33998
4.65013
3.05895
-1.43089
3.41425
5.41148
1.32894
-3.97723
-1.55847
-0.131113
-5.59654
-0.147068
-5.0828
4.51868
-5.05826
-1.95814
-0.780955
-8.19392
2.57725
2.19522
0.919916
3.4402
4.95156
-0.514959
4.21251
1.62102
-0.267069
3.59223
2.49397
2.8053
-4.57232
-6.43969
-7.59065
1.86998
5.9314
2.38413
-0.460741
-3.6308
-0.0464578
3.09817
5.86505
0.218151
-2.32056
2.0414
0.602981
2.18235
3.83502
-1.60523
7.19619
-1.82375
-3.93955
-3.25592
2.97516
3.13392
-2.03982
-6.58244
-4.80625
1.34058
-0.302527
-2.11568
6.10001
0.543843
-0.889851
-5.02735
2.60781
3.45802
0.986169
-2.73287
-1.15007
1.29172
-3.60556
-2.92777
-4.41128
-4.06906
-5.51705
-0.756521
-0.6097
-4.0283
-6.11383
0.0375495
1.45795
8.20661
-3.2824
3.29325
0.019185
7.07824
7.22284
2.98678
0.60627
0.795954
-0.658667
7.11033
7.087
-0.577745
-2.08168
-2.73141
2.14028
2.67444
4.03217
-5.38764
-1.98563
-1.23852
-2.89515
1.44166
4.46401
-1.01317
-5.2056
-0.489883
-0.980351
-2.02802
6.90064
-4.0609
-4.10593
-1.21647
-0.148437
-4.59273
-3.8824
-3.56171
4.86443
3.96977
0.716339
2.93136
6.16145
4.65972
-0.554772
0.814334
-11.0942
0.0997785
3.29726
2.43856
2.09455
-3.87958
0.0312637
0.208197
0.74919
-5.86418
3.25845
-1.58086
-3.26372
-0.108143
-3.50253
-3.16029
-3.9803
-0.792009
-2.09096
-4.01007
-6.36724
-12.5153
-3.60653
4.05947
4.12475
-7.71754
3.10045
-0.988985
-3.12426
2.41257
-2.31019
-4.15774
-2.58955
-5.07568
4.44144
-4.7474
8.40601
-0.374495
0.951084
-3.75084
1.12894
-3.36512
-2.71377
2.69936
-1.09903
-0.539326
-0.691375
8.91617
-0.339463
-2.9185
-1.39366
0.635749
6.10923
2.36688
-0.341615
2.82407
1.50233
-0.323364
-2.98264
7.63049
3.29112
-0.34477
1.92231
-6.88164
-0.421032
-0.367033
7.38247
3.51833
-1.83069
-0.350176
-1.74564
-1.19755
1.36004
-1.24906
2.74768
7.56974
2.16646
-3.58007
0.133853
8.6591
-8.01134
6.71838
1.98611
0.371604
1.59479
5.95365
4.96075
0.661956
3.48755
2.11548
5.64783
-0.358696
-4.86357
4.56569
3.09607
4.23703
2.91682
0.419911
1.38284
1.97803
8.49336
3.38464
1.88658
-3.64907
2.05958
4.37157
1.12539
4.29875
3.34957
1.40175
-4.21838
4.26049
-0.915246
1.4512
4.03938
3.58826
-2.66982
1.00526
-5.89931
1.39901
0.763279
2.15297
2.91464
2.44555
2.62942
3.06958
-2.91573
-0.208334
-3.83776
-1.28419
-0.950136
3.87587
-6.43739
1.17844
6.2145
0.122913
-0.0543155
2.92933
3.97031
3.26488
-1.48098
4.32323
-0.747288
0.910562
-10.0237
-0.699042
0.0096521
-2.69299
8.78554
2.55248
-1.95344
0.289471
-3.00831
0.0196876
1.78316
2.78072
-3.26553
5.24653
-4.21623
5.68718
-3.38042
0.0034423
4.40964
8.25763
5.3029
2.6615
3.75504
3.28414
2.09849
5.16787
0.581188
4.25639
3.50385
4.11897
5.73877
-4.96492
7.11652
-1.46323
-4.7427
2.36307
-2.40908
-3.2044
-2.90685
1.90937
4.20726
0.38846
5.23951
-0.255723
-1.39904
0.576143
5.53351
1.06902
4.0076
5.1948
1.14081
-5.22783
0.0921427
0.947838
7.44416
-1.67251
1.08156
0.244566
6.50852
-2.30232
1.42396
6.5623
5.45899
5.88183
-2.86869
5.91245
-6.01073
-0.256602
-1.12263
6.24573
-2.49127
2.56031
-0.0364745
-1.05123
-3.96432
1.43795
-1.63399
6.04381
-8.57862
3.46372
1.05615
-1.82634
-2.78129
0.987915
4.00472
-2.38627
3.19324
-4.61368
-0.871096
1.40226
-1.52768
11.1948
7.66008
-0.789727
-0.111252
4.86839
0.807403
-4.74033
-3.86632
-6.03701
-2.85694
-5.07549
7.53289
6.08563
-1.46679
-9.38575
-2.53313
0.839154
1.93344
0.208539
-6.0169
2.30314
4.02292
1.40403
1.75543
-5.32921
-1.30483
-1.75162
3.1624
-2.28455
3.58847
2.63228
1.43764
-1.5537
0.670227
-0.970392
-3.6398
-1.84903
6.36503
-1.1439
-1.11733
0.513603
3.46565
-5.0039
-4.54553
0.694212
6.4746
-3.73969
2.44294
1.71511
0.799211
2.01292
-5.48783
1.86599
-5.1478
-1.50862
2.03789
0.197637
9.532
5.42535
4.48989
1.56634
-1.75633
6.02341
4.32118
4.17563
4.0077
-3.17117
1.09777
9.84373
7.49459
4.2101
6.6826
2.30933
5.89833
6.5237
5.66949
-2.97905
-0.344227
-1.22778
-1.83353
4.265
0.436809
5.061
-5.30487
-0.083048
8.67154
1.25317
-9.91011
-4.9705
-4.39444
5.7355
-1.4899
3.33562
0.362785
1.58273
0.569382
6.98199
1.58643
-5.60235
-1.87406
2.44877
5.13171
3.4572
-0.0528306
6.00868
-3.43238
0.120482
5.16498
2.24375
6.32077
-5.48044
2.69825
-4.07369
4.96196
5.1605
1.98413
7.05076
-9.83575
4.1998
1.72806
-5.67905
-7.99441
5.22231
2.01623
-0.678411
-2.40608
10.4279
4.1516
5.90213
1.45323
-1.08002
2.19932
-0.00509605
1.88898
1.48712
0.214772
-6.12269
-8.01574
0.101833
-2.55417
-5.80475
-2.70294
-5.91826
5.71078
-1.44878
-4.03182
-4.24592
-8.44111
1.79036
-1.87281
-5.8545
1.68565
2.418
-2.8782
10.0006
-13.0242
0.874614
2.51385
-3.432
-1.30227
2.66442
-1.69282
1.44619
2.98808
-0.893268
-0.532808
-2.9747
-1.78737
0.642097
0.816807
2.25037
4.39555
