0.893559
0.652027
0.498585
0.354271
0.177128
-0.0265544
0.125428
0.430234
0.450363
0.330203
0.272434
0.299818
0.652725
0.681184
0.705419
0.750184
0.580119
0.836732
1.03741
1.01059
1.25912
1.01213
0.957468
0.830057
0.669303
0.929433
0.531242
0.727887
0.836215
1.02064
0.821841
0.642295
0.426302
0.507103
0.271244
0.636369
0.525105
0.335224
0.281592
0.258111
0.0857276
0.0736549
0.0732038
0.071088
0.0916123
0.094515
0.107059
0.262167
0.217796
0.291629
0.352445
0.261956
-0.0104577
-0.0180836
-0.0450694
-0.0827563
-0.393022
-0.376455
-0.338852
-0.317035
-0.537144
-0.675732
-0.701734
-0.572324
-0.620305
-0.524008
-0.217575
-0.134127
-0.364394
-0.391714
-0.413927
-0.355659
0.0281869
-0.13528
-0.181393
0.0762585
-0.00288463
-0.110701
-0.0780689
0.136898
0.0680997
0.0521417
-0.322674
-0.273834
-0.683187
-0.532912
-0.279021
-0.245726
-0.287625
-0.307642
0.247359
0.160326
0.557568
0.776864
0.678728
0.599525
0.666106
0.586284
0.743363
0.826726
