-0.192322
-0.234278
-0.236965
-0.188698
-0.479843
-0.529336
-0.480761
-0.468708
-0.469455
-0.513074
-0.572967
-0.579587
-0.554142
-0.433965
-0.404183
-0.260049
-0.152803
-0.310087
-0.223273
-0.0538705
0.0101227
0.171024
0.155902
0.142744
0.183226
0.183258
0.250646
0.22298
0.301146
0.431651
0.463988
0.444237
0.421081
0.473264
0.457857
0.45539
0.521171
0.448827
0.408779
0.24232
0.399621
0.398521
0.356496
0.571681
0.658597
0.844875
0.889549
0.73844
0.850869
0.84237
0.790541
0.662445
0.610381
0.712837
0.726457
0.524824
0.648709
0.75777
0.609054
0.497323
0.614391
0.442127
0.407824
0.466075
0.446356
0.512691
0.437783
0.543572
0.603268
0.549744
0.648661
0.709052
0.734352
0.759844
0.757855
0.716123
0.846018
0.826374
0.794665
0.677978
0.643541
0.639868
0.792353
0.797418
0.812326
0.860358
0.937216
0.920138
1.05628
1.08997
1.09511
1.01751
1.00222
0.933866
0.929529
1.05801
0.88045
0.704361
0.623961
0.566029
0.52911
0.557367
0.532045
0.718729
0.666571
0.617189
0.488427
0.441305
0.12882
0.168588
0.160857
0.103989
0.247581
0.484679
0.337833
0.293584
0.50819
0.591052
0.586442
0.54315
0.463834
0.395151
0.439591
0.568458
0.485914
0.525697
0.475801
0.444688
0.425552
0.343466
0.179453
0.350207
0.427421
0.3119
0.133035
0.134651
0.188921
0.259812
0.129367
0.262341
0.371261
0.284693
0.189509
0.204923
0.197306
0.271559
0.181875
0.0547651
0.094184
0.20257
0.0969696
0.0779619
0.0642132
0.109261
0.0668436
0.128469
0.214122
0.280056
0.280484
0.126119
0.0770404
-0.00851232
0.00501405
-0.162544
-0.22126
-0.217145
-0.229301
-0.127084
-0.217936
-0.139806
-0.121154
-0.190709
-0.236899
-0.252681
-0.197422
-0.185122
-0.186549
-0.139361
0.00767461
-0.00289018
-0.0825856
0.107047
-0.0884291
-0.216311
-0.223162
-0.15965
-0.31446
-0.133475
-0.150942
-0.144889
-0.269281
-0.181928
-0.198902
-0.125031
-0.230712
-0.272313
-0.309843
-0.308165
-0.367807
-0.40565
-0.256143
-0.177637
-0.0965918
-0.124601
-0.176771
-0.360239
-0.436799
-0.415355
-0.331969
-0.234057
-0.133666
0.0569572
0.222318
0.183962
0.28963
0.196806
0.0717621
0.266816
0.155366
0.114514
0.0575669
0.193937
0.257706
0.240074
0.111143
0.0904464
0.0442909
0.00384836
0.0108689
-0.133332
-0.129536
-0.0909407
-0.0651867
-0.0359734
-0.0166637
0.0987867
0.228932
0.249071
0.118946
0.169264
0.24879
0.246059
0.321554
0.379827
0.403284
0.376404
0.33122
0.256373
0.289079
0.227673
0.396638
0.233536
0.214033
0.254566
0.263626
0.626351
0.683171
0.729835
0.583507
0.418338
0.431367
0.295419
0.344913
0.333476
0.387683
0.435159
0.32589
0.149581
0.148604
0.0779856
0.251213
0.178382
0.178899
-0.0163954
-0.135978
0.0106977
-0.071285
0.0522914
-0.0647904
-0.0406644
