-1.1011
-1.21968
-1.25652
-1.32222
-1.22379
-1.27009
-1.33375
-1.21632
-1.10561
-1.1157
-0.997744
-1.12355
-1.20324
-1.19782
-1.10289
-0.940408
-0.929654
-0.887993
-1.0242
-1.07591
-1.14956
-1.06739
-1.02297
-0.832038
-0.906798
-1.03001
-0.980765
-0.998586
-1.05723
-1.05662
-1.15386
-1.13481
-1.16956
-1.14494
-1.02277
-1.09978
-1.09063
-1.16354
-1.1642
-1.33116
-1.35147
-1.44369
-1.42494
-1.43228
-1.41195
-1.49201
-1.47038
-1.47802
-1.4829
-1.43688
-1.3643
-1.19788
-1.26637
-1.32535
-1.49836
-1.4716
-1.45798
-1.494
-1.47536
-1.34867
-1.46904
-1.39701
-1.3831
-1.57411
-1.61055
-1.64577
-1.73013
-1.63957
-1.59993
-1.61413
-1.5153
-1.45683
-1.47103
-1.31685
-1.09962
-1.10484
-1.11154
-1.16099
-1.29056
-1.30486
-1.1608
-1.10828
-1.16941
-1.13656
-1.17827
-1.17343
-1.12925
-0.984507
-1.0077
-0.936343
-0.950042
-1.11949
-1.25635
-1.2198
-1.13776
-1.22221
-1.28072
-1.32113
-1.24229
-1.14885
-1.09738
-1.1682
-1.18282
-1.18733
-1.07352
-1.08341
-1.12626
-1.11669
-1.27334
-1.25229
-1.25306
-1.19217
-1.1507
-1.2008
-1.23575
-1.24188
-1.03024
-0.926158
-0.681428
-0.843827
-0.889452
-0.885413
-0.801003
-0.807156
-0.706818
-0.763031
-0.75219
-0.762418
-0.815321
-0.844626
-0.828398
-0.894362
-0.644436
-0.665333
-0.571629
-0.590817
-0.618226
-0.625255
-0.714363
-0.808456
-0.716677
-0.631043
-0.55449
-0.516278
-0.565558
-0.70549
-0.727884
-0.914342
-0.923812
-0.945541
-0.864277
-0.962916
-0.92521
-0.837177
-0.822379
-0.673785
-0.644504
-0.585268
-0.394077
-0.538596
-0.522965
-0.551991
-0.472557
-0.6004
-0.484961
-0.486586
-0.47483
-0.482839
-0.442862
-0.450243
-0.322896
-0.329112
-0.38889
-0.525299
-0.458162
-0.490952
-0.457412
-0.395562
-0.340853
-0.333773
-0.324119
-0.301855
-0.307366
-0.370311
-0.443915
-0.312359
-0.290535
-0.322657
-0.375898
-0.287689
-0.237135
-0.168605
-0.035046
0.025305
0.0167284
-0.0291063
0.039992
-0.0469295
-0.165452
-0.0823135
-0.196502
-0.398333
-0.321503
-0.240364
-0.249282
-0.220604
-0.194141
-0.200202
-0.157224
-0.122136
-0.0818194
-0.212295
-0.157537
-0.127317
-0.194325
-0.279759
-0.219552
-0.331589
-0.450841
-0.342407
-0.338266
-0.318952
-0.32682
-0.270851
-0.343192
-0.205853
-0.164016
-0.105045
-0.0975987
-0.168484
-0.248563
-0.229442
-0.271178
-0.315829
-0.23194
-0.269702
-0.321946
-0.278055
-0.412435
-0.373036
-0.326134
-0.219721
-0.172049
-0.181248
-0.228013
-0.353983
-0.387226
-0.460631
-0.457808
-0.52586
-0.546875
-0.57808
-0.455827
-0.479911
-0.592351
-0.585972
-0.650981
-0.653374
-0.618424
-0.680007
-0.739434
-0.93881
-1.01885
-0.973049
-0.835256
-0.917861
-0.901684
-0.977045
-0.969449
-0.990894
-1.02909
-1.03176
-1.02163
-1.06078
-1.16191
-1.13147
-1.22071
-1.27686
-1.15008
-1.05483
-0.984767
-0.969346
-1.04855
-1.0228
-0.917102
-0.948104
-0.982539
-1.03218
-1.07101
-1.21749
-1.1991
-1.14955
-1.15278
-1.13525
-1.04111
-0.967261
-0.938339
-0.981469
-1.06771
-1.00889
-1.02302
-1.17771
-1.02778
-1.11979
-1.07073
-1.16437
-1.02641
-1.11919
-1.11485
-1.12751
-1.0473
-0.972588
-0.969521
-1.00999
-0.946551
-0.974733
-1.05916
-0.958909
-0.944287
-0.770358
-0.798851
-0.704237
-0.875483
-0.9304
-0.908444
-0.884735
-1.02207
-0.96185
-0.949618
-1.10873
-1.11338
-1.04806
-1.06293
-0.979421
-1.07981
-0.992025
-0.848368
-0.879748
-0.915712
-0.819966
-0.812482
-0.862999
-0.991025
-0.983375
-0.909966
-0.93283
-0.902942
-0.775179
-0.857964
-0.984025
-0.984925
-0.841777
-0.864428
-0.924587
-0.953559
-0.968734
-1.16824
-1.18166
-1.34247
-1.385
-1.33139
-1.27702
-1.36557
-1.19555
-1.17884
-1.25228
-1.24187
-1.16898
-1.23046
-1.21276
-1.27653
-1.28248
-1.18044
-1.12732
-0.973343
-0.979029
-0.884308
-0.939973
-1.04864
-1.07282
-1.17763
-1.06129
-1.10999
-1.05081
-1.01882
-0.820816
-0.836758
-0.954791
-1.04254
-1.13618
-1.23533
-1.27255
-1.40994
-1.3385
-1.24356
-1.11515
-0.983406
-0.95182
-0.949613
-0.967653
-0.912816
-1.08839
-1.05464
-1.12032
-1.18756
-1.23394
-1.09852
-1.08502
-1.24193
-1.27138
-1.33674
-1.43591
-1.27877
-1.20951
-1.1394
-1.08218
-1.1881
-1.12272
-1.22184
-1.07522
