0.367994
0.336637
0.398779
0.152006
0.073766
-0.207626
-0.257804
-0.343444
-0.189258
-0.083995
0.048306
0.21221
0.379206
0.382269
0.391606
0.241675
0.0240589
-0.0114967
0.00147915
0.00291594
0.0821306
0.146693
0.232422
0.192979
0.141558
0.0544621
-0.112095
-0.108076
-0.246107
-0.0545236
-0.172021
-0.151685
-0.178573
-0.240007
-0.34695
-0.492686
-0.555073
-0.339241
-0.142341
-0.295483
-0.149867
-0.105103
-0.286195
-0.0418384
0.140143
0.242359
0.176464
0.0498447
0.0632467
0.0154471
0.150114
-0.00588535
0.0372369
-0.0728535
-0.0722154
-0.0139211
-0.0714019
-0.335217
-0.439192
-0.503151
-0.570006
-0.707957
-0.67935
-0.753914
-0.800111
-0.668965
-0.723365
-0.742999
-0.484032
-0.338893
-0.449053
-0.352537
-0.362177
-0.503529
-0.713969
-0.656714
-0.746991
-0.736171
-0.904701
-0.856373
-0.779282
-0.647164
-0.664305
-0.647216
-0.649123
-0.687744
-0.629351
-0.495638
-0.410521
-0.270987
-0.323048
-0.164276
0.115087
0.123324
0.292729
0.376961
0.369995
0.387722
0.226682
0.451189
0.513295
0.588036
0.613687
0.618733
0.740822
0.657
0.434605
0.410791
0.47577
0.495747
0.377072
0.393642
0.424213
0.379402
0.337284
0.162609
0.25792
0.430497
0.44065
0.397621
0.108686
-0.0196319
-0.112708
-0.165735
-0.113398
-0.131827
-0.138683
-0.221311
-0.0930495
-0.376217
-0.602771
-0.388289
-0.493044
-0.526751
-0.73726
-0.60727
-0.5697
-0.335821
-0.434037
-0.473561
-0.643342
-0.556615
-0.524854
-0.311695
-0.51423
-0.476188
-0.520966
-0.608458
-0.715856
-0.793527
-0.730726
-0.569667
-0.377586
-0.292564
-0.165461
-0.245241
-0.289653
-0.167745
-0.0568155
-0.378019
-0.284922
-0.385182
-0.414742
-0.312686
-0.388838
-0.281678
-0.470958
-0.341879
-0.336844
-0.266523
-0.0482295
-0.00893312
0.0217602
-0.0198608
0.120211
0.0513215
0.168028
0.207188
0.17357
0.15434
0.271514
0.275052
0.168911
0.153212
0.0772606
0.185059
0.295998
0.33534
0.51745
0.441815
0.310475
0.277817
0.219805
0.163956
0.194418
0.0910652
0.167159
0.36663
0.436572
0.543723
