0.782782
0.804922
0.694336
0.737521
0.604755
0.636526
0.667488
0.616349
0.514875
0.501053
0.572041
0.530594
0.644666
0.543678
0.525539
0.516296
0.493177
0.52796
0.504984
0.443447
0.253097
0.242043
0.267444
0.1634
0.131933
0.174737
0.10354
0.148813
0.159016
0.206551
0.0985664
0.134395
0.15018
0.195236
0.118541
0.0770885
0.134605
0.173962
0.136536
0.126052
0.134291
0.0341584
0.101599
0.21301
0.205588
0.129797
0.162695
0.209552
0.153078
0.2003
0.137905
0.326012
0.400329
0.304431
0.392006
0.369792
0.384971
0.387437
0.422818
0.586153
0.482715
0.586756
0.441394
0.275327
0.263067
0.231142
0.201589
0.326233
0.313165
0.22832
0.315033
0.218883
0.296635
0.381139
0.340123
0.341691
0.406917
0.356137
0.287025
0.426159
0.565453
0.598347
0.520537
0.493833
0.446786
0.332473
0.496926
0.388343
0.375765
0.547618
0.520492
0.497816
0.436183
0.426391
0.360626
0.213298
0.216061
0.251594
0.214688
0.272041
0.291057
0.395149
0.190312
0.239009
0.316857
0.264788
0.328134
0.222102
0.152719
0.0851658
0.109136
0.309157
0.327043
0.360164
0.305453
0.238116
0.273702
0.396165
0.356211
0.287782
0.339076
0.341498
0.380943
0.293399
0.300367
0.378695
0.2705
0.333058
0.476411
0.481265
0.50111
0.378829
0.293278
0.384524
0.42628
0.47725
0.448863
0.437986
0.323408
0.320942
0.20452
0.0701007
0.0389988
0.0208333
0.153748
0.0302648
-0.10071
-0.0317996
0.0592837
0.0375084
0.0312766
0.199318
0.137019
0.204125
0.280607
0.244096
0.325352
0.326958
0.393295
0.420349
0.273114
0.183027
0.136029
0.20697
0.272832
0.146897
0.206316
0.18032
0.0301764
-0.00344205
0.136819
0.182881
0.150597
0.109547
0.209198
0.451729
0.557414
0.627269
0.751227
0.734405
0.660077
0.671405
0.68232
0.705825
0.892827
0.919733
0.899493
0.925819
0.914613
0.927636
0.902534
0.882665
0.941889
0.922231
0.998276
0.999358
1.00424
1.19297
1.24182
1.28591
1.2774
1.11187
1.03258
1.00784
0.90329
0.893422
0.91172
1.01049
0.999884
0.931943
0.914209
0.816168
0.695338
0.692779
0.859479
0.753584
0.81297
0.897972
0.862463
0.769623
0.784219
0.788024
0.755556
0.747463
0.681812
0.782743
0.726697
0.692147
0.652611
0.610791
0.482185
0.333037
0.366575
0.420552
0.541069
0.711049
0.61705
0.489985
0.398731
0.328261
0.378529
0.396992
0.331859
0.35356
0.2088
0.13762
0.183256
0.200059
0.104748
-0.0682118
-0.0851432
0.076972
0.227919
0.237994
0.164434
0.107861
0.179485
0.204155
0.169143
0.319176
0.358127
0.347961
0.438352
0.549871
0.54481
0.498677
0.446715
0.270215
0.164201
0.195868
0.333804
0.308975
0.360448
0.313297
0.350413
0.337482
0.458824
0.590168
0.667046
0.836566
0.821986
0.942308
0.825614
0.81098
0.657901
0.688214
0.655919
0.663224
0.597834
0.500915
0.571096
0.494894
0.65222
0.555672
0.585872
0.658977
0.600967
0.461924
0.500016
0.484312
0.395992
0.441816
0.361744
0.439563
0.472318
0.426761
0.385727
0.288694
0.407355
0.354911
0.461495
0.415182
0.606833
0.750758
0.787393
0.784876
0.814562
0.89129
0.916376
0.943972
0.868442
0.833759
0.69985
0.692649
0.759471
0.819347
0.760473
0.848291
0.743118
0.731935
0.774591
0.725952
0.672078
0.844584
0.842919
0.62836
0.670772
0.750705
0.870573
0.956874
0.89424
0.827408
0.970776
0.895503
0.913063
0.869701
0.817066
0.879657
0.963606
1.06916
1.07371
1.00067
1.02727
0.908905
0.835165
0.92001
0.9544
0.866789
0.75724
0.780867
0.735509
0.765766
0.880534
0.769578
0.890524
0.829659
0.818708
0.922814
0.903826
0.884617
0.822978
0.800944
0.66664
0.798136
0.923021
0.875792
0.813641
0.763073
0.738386
0.798261
0.780276
0.785642
0.741028
0.779028
0.827801
0.810833
0.866404
0.87638
0.840565
0.830247
0.846379
0.790175
0.746132
0.664167
0.642402
0.571856
0.604952
0.491085
0.362748
0.344007
0.375242
0.533132
0.613262
0.633711
0.686265
0.778803
0.750873
0.854166
0.809839
0.830902
0.797521
0.792693
0.76237
0.823108
0.855503
0.955677
0.872776
0.829433
0.727559
0.771281
0.837954
0.770216
0.828325
0.72613
0.774601
0.729071
0.845364
0.822093
0.832964
0.834252
0.799706
0.890865
0.975137
1.0412
1.0585
0.97896
0.882557
0.882186
0.817671
0.799691
0.741934
0.79368
0.954082
0.921735
0.924904
1.02292
1.01086
1.05297
1.11047
1.08579
1.01574
0.911834
0.874281
0.844139
0.707224
0.711601
0.682245
0.642304
0.681233
0.749124
0.769633
0.686956
0.672227
0.7121
0.770629
0.760496
0.831924
0.730702
0.713392
0.669646
0.747605
0.734394
0.859
0.798209
0.854656
0.973074
0.864489
0.716448
0.682433
0.610213
