3.69664
-2.79845
3.30285
5.9373
3.95664
5.28842
3.1662
0.668484
-1.03268
1.08051
-1.75895
-2.38899
-5.85621
-4.49988
-2.92023
-2.56939
-2.08587
1.16467
-7.06913
2.03834
1.00789
-2.23834
0.731236
0.393226
-11.4994
-4.16292
0.99883
-2.01367
6.38154
0.995406
2.83768
-0.508074
-5.22273
2.52365
4.44886
0.0375968
3.66639
2.22338
-1.3081
-2.03252
0.290903
0.23929
1.60847
-1.83111
-3.0222
3.91267
0.700495
3.91594
-3.88386
-2.41989
2.06218
1.54916
-2.14544
3.31257
-1.23914
1.19584
-2.96113
6.98396
4.67117
-2.58053
-0.767475
-1.65141
-1.50766
1.47687
-4.38237
-4.26524
0.796787
1.32642
0.296364
2.72821
-1.47416
0.78393
-0.354001
1.13918
-5.28764
1.7385
-4.32632
-3.12412
-0.376595
-4.85047
-1.62747
2.14839
4.00586
1.78578
-4.49427
-0.0401709
-2.52733
10.4665
7.02007
0.876783
-2.41965
1.94126
-3.45569
-0.106134
-1.57668
-10.047
-3.84046
-0.105605
-0.532837
3.46322
0.363628
-0.242156
-3.20885
2.84454
1.43821
-0.347554
0.920387
-3.63814
-1.03067
-0.259377
-5.57198
-0.883432
3.41258
-3.41042
-4.62175
-0.736361
-2.21144
3.40368
-1.21692
2.41525
-4.67395
-7.05325
-5.02025
4.56007
-6.76322
1.85849
1.53556
2.73196
6.70413
-7.38706
5.68155
2.16647
-0.348192
-0.316888
2.30725
-1.26212
3.93197
-1.58592
3.30498
3.96393
-7.42133
6.39068
3.57385
-3.53201
-2.76265
0.836859
-2.27696
-0.461371
-1.90328
-1.21474
2.73959
-3.02628
0.49543
1.50912
1.76375
6.68363
-2.4292
2.46862
-2.7216
-8.29577
-2.51332
2.25778
-8.66826
0.69298
-5.53601
-6.9059
3.0497
0.41687
-0.917789
1.84991
-2.74615
4.78045
1.00992
-2.72095
8.15693
-5.12654
-6.20355
5.91452
-3.09433
-2.64765
3.44562
1.06361
0.018751
-5.01813
-0.277669
0.794143
-0.0799099
0.0932201
-2.05081
1.57565
3.98127
1.79201
1.08594
-1.02607
3.64197
1.62224
-0.847076
-1.76752
2.2171
2.55565
-2.17921
-0.00535351
-3.23858
1.94491
-2.64029
1.2962
5.54793
1.90343
0.0755748
-0.65791
5.06
-1.33428
-8.42145
0.42769
-2.7285
-0.198221
0.522465
-0.0545973
-0.627123
-1.29071
0.161766
-1.60131
-3.53681
-0.234378
-1.70964
-3.16932
-5.35685
5.95645
-0.17392
-0.869035
-6.88563
6.8942
-1.00431
2.23511
-2.27576
-2.36717
5.75323
0.0515583
-7.61795
1.09951
-2.67559
-3.40936
-5.0914
4.00266
-1.33576
-1.17267
-2.0834
-5.36448
1.68264
-2.97428
5.48168
4.86772
2.25316
-1.35118
3.06211
0.36449
-1.02921
-0.382424
4.0566
-1.01595
-0.751158
4.54105
-2.13365
2.33374
0.571411
-2.85119
1.74931
2.8037
3.83532
6.1629
-4.29635
1.30558
2.41878
-5.6029
-0.15035
-6.52147
-1.9059
-7.6975
2.04537
-9.42001
-0.192728
3.44495
-6.25562
-4.27063
-1.25294
-1.61448
-5.67994
2.71426
0.219784
0.636771
0.694141
4.05146
0.935139
1.71414
-0.181318
0.476536
7.47894
0.465343
-1.33405
6.24816
-3.01272
2.15043
4.42964
-1.2055
-2.1095
-3.59432
2.64474
-4.30019
-1.52794
2.05445
-2.55606
1.34628
1.21216
9.38209
3.76586
7.37121
-1.38439
1.25471
2.87459
-4.38248
3.26778
-0.800025
-4.68302
0.83707
1.99398
-0.945409
-0.152468
3.32657
-2.01084
-2.70831
0.683148
-0.786624
-4.71839
2.95344
0.204159
-0.592137
-5.19302
4.48701
-3.13666
-3.62765
-1.8169
2.22313
2.73572
2.11229
2.04049
5.45935
-6.49336
-0.752875
2.9591
7.85349
2.68647
-0.783473
0.635079
-5.84766
-0.658551
-4.08984
-3.9094
-1.92412
8.921
4.81082
1.55408
-2.99036
5.2794
-1.37447
1.38814
-3.6877
1.04372
5.31382
0.0933032
-3.1469
-1.32093
3.67684
-5.00777
-2.83601
2.38049
-0.169608
2.9605
4.3846
5.73376
3.27222
-7.08688
8.08683
1.58381
3.89322
0.93383
-9.2811
2.37872
-6.54427
-1.39299
-0.247747
1.57984
-5.5509
4.70568
5.46182
-2.44345
0.734073
4.27351
-3.31046
-2.59294
4.16095
5.58975
5.65582
1.50157
-1.54841
-6.36219
-1.7589
-1.28644
1.68579
1.74035
0.702224
1.32216
-2.4267
-0.378721
-2.73097
4.89219
3.79674
0.194688
-2.77773
1.41193
0.314959
-1.87805
-1.12298
1.55949
1.92048
1.59866
-1.76897
-1.8288
-0.779131
5.82526
-3.94565
1.08874
-0.993741
3.37833
1.74325
-4.47824
-2.16184
1.39019
2.83397
7.51469
3.94635
4.91874
5.09529
2.82229
-0.449016
-0.632858
-0.836169
4.99789
-0.571272
-1.63063
4.19726
6.34476
0.930257
7.11268
2.8056
2.47414
-1.20558
2.98246
2.85851
2.02221
3.38193
3.84357
-0.551255
-2.08144
-5.22639
0.308407
6.68369
2.82072
-2.88864
2.05032
0.356031
0.680039
0.817549
4.67791
1.04411
2.5721
-1.36252
5.86745
0.402241
4.05388
-3.61914
-7.05998
1.48374
3.33235
-3.0712
-1.68773
0.820264
4.12858
5.12776
1.71643
3.29421
4.71927
2.14864
4.06748
-1.09814
-0.133498
3.10926
3.59055
11.0709
-1.21049
2.49143
0.0646435
2.12429
3.65284
-1.06199
-0.40974
-1.24128
0.957146
4.16113
3.49969
0.386715
-2.93458
-2.74564
0.015621
0.0758957
4.01596
-0.0545763
2.06567
1.87543
5.7361
3.82421
6.11784
-0.919888
-2.32319
1.88092
0.446042
-5.71717
-4.65664
-6.43409
-1.91573
5.32663
-4.62539
7.34978
2.96289
4.09908
4.85652
5.07651
-4.38761
-0.408833
-3.19452
-3.22643
0.374723
0.68231
-3.38484
3.75774
2.18457
-2.14712
0.644688
2.8027
4.58394
-4.17787
-8.6621
6.56153
-0.527207
-0.150115
-0.257512
8.61718
-6.25397
0.0471378
5.4324
2.51945
2.64238
-0.949794
-2.24047
-4.95854
2.18859
1.07054
0.453995
-6.5905
3.00719
9.46145
2.01631
1.62828
6.30127
-0.93507
1.58678
5.57082
4.08907
-0.0842888
-1.04035
1.22255
1.94531
0.602546
4.97977
-3.8333
0.961511
-1.07491
2.88441
-4.11197
1.79994
6.23392
-5.503
0.408722
1.82676
3.50193
2.33595
6.76785
1.92122
6.21616
1.89338
3.64929
-2.01448
-5.74958
3.92122
-2.42126
-1.85639
4.59167
1.93351
-4.95435
-2.28465
-1.00319
-2.51796
-0.580441
2.21915
-3.15574
-2.53096
-2.09174
3.1531
2.79915
-6.48711
2.30826
-0.113802
3.22877
-0.575023
-4.72744
-2.35432
3.1616
-6.06785
0.447798
6.89569
-0.246962
-2.56802
1.03706
0.453947
-1.97488
3.69853
-2.00322
4.36085
-2.50755
2.8728
5.29936
3.19761
0.188318
-3.18757
-1.04155
-3.28747
-0.282278
0.586186
-0.311818
-0.637269
1.6675
0.666174
4.68427
-4.05529
3.72164
-3.89806
-0.110862
-0.418427
-2.04164
8.50382
3.39351
0.68112
-2.58573
-3.01132
-4.21009
1.97962
-13.3126
-2.48543
-1.63677
-5.513
-2.3723
-2.53083
-0.276976
-2.94834
-1.93892
-7.22695
0.467099
5.84414
-4.64084
-3.46308
-1.19352
2.50904
-3.74139
1.49271
-6.13389
-3.9466
6.11301
3.1856
-3.41174
0.0687072
-1.49946
-3.53931
-2.43844
3.50509
0.172147
-0.650911
-4.00417
-5.61983
-6.12867
4.41937
1.28897
-1.5629
3.31691
-0.634214
3.50777
4.58826
-4.49332
3.78682
-4.65433
0.0896564
-7.01886
6.28306
1.6894
6.7089
3.76392
-1.16261
2.76945
2.25339
1.41073
-3.06287
1.68056
1.60256
-4.73964
4.19164
-5.1726
-3.31486
0.218902
6.05394
0.165731
0.954738
-1.11944
2.21996
1.05117
4.47013
0.842461
-8.31719
-3.98718
-2.98131
-2.1255
1.27105
2.24337
-2.50231
-1.06073
1.18054
-0.639764
6.44304
0.0721707
-1.66287
-0.856719
-1.42062
1.44528
3.80099
-8.60727
-2.32288
-0.278357
-4.16094
-0.76251
-1.34399
4.60812
5.87212
0.284344
4.2553
-0.172007
6.6917
1.17056
-0.217227
-4.79409
4.27815
-2.03378
-1.21276
0.812788
-6.75682
0.265052
-3.26494
-4.10859
5.46298
6.71896
1.47084
2.69039
-2.05687
0.155478
-0.941199
4.82896
2.71937
0.664235
7.25058
1.06864
5.37452
2.7749
2.36726
-5.92932
8.73695
2.2292
-6.49585
-5.13674
2.93642
-0.348031
-0.329577
-5.54018
-3.51417
1.66442
-1.21574
-6.24766
-2.36366
-9.20999
-1.21638
-5.65293
-5.23343
-4.01815
0.910975
0.429751
2.77154
4.49126
-3.77045
1.63539
-0.999086
-3.95516
1.3095
3.19958
0.834079
0.391092
-2.85919
3.47995
-3.84533
0.590588
-4.20735
-1.60994
2.82928
3.58666
-5.19553
-9.32557
1.09215
-6.33046
2.56646
3.22087
-0.818693
0.0344635
-2.92054
-3.44494
-2.57534
-4.35394
-0.577493
-3.79464
-1.14836
2.38602
-1.70703
-1.1825
2.77353
-5.50213
1.65422
4.50789
-0.572718
1.40417
10.6834
5.75816
3.50902
-1.63622
1.47061
-0.661733
0.894987
-5.20061
-2.48248
-3.9638
-0.498407
-2.89464
1.36531
1.86852
5.9041
5.3344
6.17481
-1.06732
0.645466
-1.31869
3.07946
2.37477
4.84156
4.71879
0.622875
4.58835
-1.89512
4.54754
-3.88977
-1.27669
-2.57449
-7.16992
-2.2493
6.00279
3.91416
1.66341
4.7508
0.847285
-9.63545
-4.6562
0.126197
-1.91938
-0.425393
-7.29541
0.294122
0.867121
4.63005
-1.98314
-7.93073
-2.28694
1.02893
0.988427
3.88033
0.399542
0.708364
-2.00619
-1.51195
-6.26401
-6.94073
-2.52615
1.53994
2.34612
-3.2253
2.48219
-2.80146
-0.602006
0.42406
0.679758
-1.68045
0.450873
-1.0071
-5.14503
-2.3442
1.14419
1.99253
2.85092
-1.21232
4.16577
2.13332
4.94282
-1.33976
-1.38791
-1.00808
-3.97629
-3.96196
2.50753
5.29783
6.1481
0.660298
3.85745
3.10138
1.97989
4.25548
-0.339362
-0.6817
-4.63457
-1.9629
-6.17465
1.60907
6.01155
-0.502264
-0.989156
-4.64855
8.25259
-3.77149
1.94777
-0.553377
-1.98494
0.982624
-1.32386
4.66685
2.02296
3.53105
2.79898
6.02068
0.384956
-1.77271
1.35366
-0.748207
1.16307
2.99788
-4.65276
-0.52832
-0.131346
1.96148
-7.11445
0.723311
4.82435
0.931375
-7.2035
4.27323
-0.267302
-1.5517
-1.09246
-0.0621403
-0.446722
-0.00408765
-2.69667
5.46735
3.50001
-3.307
-0.244499
-1.37943
-0.850815
5.61667
0.81676
1.08677
-2.9544
-0.290615
-3.43853
5.11565
2.66051
0.220438
4.36892
4.72812
2.23933
3.35131
-3.28164
3.77843
-0.28058
8.2973
2.92616
5.4531
1.90907
0.658314
4.41892
0.908358
1.89843
4.31861
5.76981
4.85761
3.02124
2.2124
3.92539
-1.32474
0.86782
-6.23921
0.577498
-6.4575
2.6126
-7.26257
-4.88881
-1.58847
-0.612636
-10.8279
5.49214
4.73202
2.1837
-1.39914
-3.885
0.915492
-3.85053
3.31902
-1.6917
-5.85119
-2.41093
3.59306
-1.87203
5.2901
-2.54342
1.453
-0.594384
6.8777
2.44322
-8.21338
-2.4759
2.59853
-1.25365
-0.901079
3.4142
4.25797
4.20849
1.16695
2.24064
2.02416
-7.04501
1.94651
5.48744
2.44231
-1.67363
-2.16512
-1.89616
2.2208
6.22758
4.01294
8.76342
-5.38226
1.42698
1.0316
3.07432
-3.79664
6.03479
0.794207
-0.234894
2.74794
2.63738
0.825881
0.14737
1.92466
4.52869
4.07479
0.0170815
4.9938
3.72775
0.859438
2.32722
-6.79755
0.962372
-0.853937
-3.78466
2.94313
-0.0263535
1.5832
1.78852
1.42414
-3.07452
0.790492
3.56139
0.0121304
-1.44632
0.688526
3.80392
-2.00281
-4.0784
-0.170111
1.38938
-0.737551
2.49902
-0.917083
1.77268
4.89012
0.115179
-1.17315
-3.8347
3.9378
-2.50992
-6.10479
-1.54002
-0.57383
0.0118429
-2.16481
-0.114311
4.63684
3.07494
3.15656
-1.26839
-0.0527072
2.36869
4.24119
3.73488
4.14501
-0.426576
-2.9965
2.99584
0.0219997
0.542141
2.36935
3.59747
-1.65927
3.42084
-0.18447
-1.21179
4.68911
3.8556
0.273464
0.302344
-6.59698
-1.1282
-4.05525
-5.76302
-3.61591
0.303892
-2.78059
-1.07916
3.49211
0.0813293
3.86774
7.70713
-0.103433
-0.174307
-4.92734
-2.06657
4.31176
0.57765
2.41482
3.01014
-5.48134
1.71817
-1.05316
2.22829
-1.85134
0.846726
1.77197
-0.63444
1.0284
-0.680132
6.98138
1.12705
1.34239
-4.7602
-0.0874228
3.38379
-6.87925
1.25571
3.58635
1.67633
-0.99485
3.94856
0.230756
-2.39303
4.61307
-4.40393
-3.55669
3.31226
6.09827
-1.44375
2.9223
2.46935
1.59198
8.37251
3.79302
5.66854
-0.393459
-3.86139
3.55108
-0.761599
-1.16957
-3.33677
1.6489
1.32555
-2.4125
1.59906
-1.25739
-2.21073
-1.39891
3.03523
2.01597
-0.749443
-0.524121
3.41282
-0.98827
1.15403
2.49769
0.274401
-1.11493
2.38142
-6.11808
-0.422356
1.1666
-4.44632
-1.46737
3.87901
2.80665
-0.401517
-3.56332
-5.70373
4.38949
5.58085
3.58385
-0.078519
2.36319
4.26573
-3.68987
3.00657
0.633306
0.924928
8.95215
4.0622
-3.80762
4.54536
1.15196
4.29926
2.06759
-2.31749
0.606317
1.47665
4.85055
8.02136
-2.64343
-2.40109
-1.79068
-7.40003
-9.78534
1.10169
-1.0648
-3.25151
-4.29074
-0.906876
3.64475
-7.69535
4.13271
-1.9706
2.64925
4.81873
-2.92998
0.320908
-5.06285
-0.20336
2.12976
1.95535
0.370851
3.30116
2.21581
3.86586
-3.94463
5.78595
-11.5672
6.01785
-1.85086
-7.39
-3.49774
1.74401
-1.74752
-0.642723
-6.02279
-1.21924
0.875888
-1.98447
-2.16078
-1.69897
0.778183
-0.947658
-2.43609
-3.71053
-0.537605
-7.05715
1.88486
0.0849587
-6.04484
3.57279
-2.73668
-1.06642
-1.29537
7.47967
2.23417
1.59497
1.19909
-3.10202
0.850053
-2.84722
-2.01551
2.60881
-2.13239
5.81407
-2.15684
5.40224
1.22471
-0.752043
-4.38131
-2.56349
0.593975
3.93279
3.23211
3.47616
6.14989
6.05258
-0.340103
8.04138
2.4908
3.2064
-2.78668
3.55246
6.98091
1.88509
-7.52426
6.05428
-3.28091
2.20376
0.666782
-1.42544
0.526536
-1.77056
1.29594
-2.04348
1.52648
3.00066
1.77699
-3.3456
-0.382049
-2.47716
8.33516
-0.744966
3.86272
-0.569287
2.13014
3.55748
1.78519
-3.38009
-0.0174541
1.89863
-2.75672
-4.50611
1.65974
-1.5058
-0.986206
-2.428
-4.26772
1.76771
-3.47023
0.117266
5.15929
-1.88725
-0.380355
3.67185
1.93342
2.67088
-0.325891
3.53518
1.26089
0.609706
-1.81522
1.39507
0.26631
-2.55995
-7.77314
0.231145
5.23895
4.79462
3.30476
4.2946
6.06291
7.7529
2.58179
4.5839
3.94226
3.3668
3.17711
-9.74417
3.07973
1.90609
-2.97218
0.307342
3.29803
0.894885
4.01078
6.02069
1.73794
-1.04886
0.0615129
2.94758
-3.34818
2.98685
1.54873
-3.13069
-0.526929
-1.81525
8.30321
1.57915
5.36942
2.81197
1.06601
-5.66532
-3.71929
2.9843
0.958103
0.599246
-2.15074
-0.115028
-3.1057
2.8353
-6.54592
4.63788
-4.66311
8.22092
-3.68865
-2.95316
-0.224457
4.51705
7.91041
0.27152
0.56547
3.88593
5.40338
-3.49754
2.17677
2.92832
-0.706607
-5.33946
-1.38435
-0.478948
2.1696
-0.391143
-5.22436
-4.82063
1.54323
-1.4267
-3.05752
-0.907308
-1.93907
-9.60347
4.80347
1.83449
0.671847
-6.02946
-4.42017
0.468659
0.449486
1.80012
-2.46027
-2.55182
4.35471
3.2489
3.97247
-0.511786
0.14733
-4.68299
-0.799499
2.63607
0.178856
-0.516566
2.15737
-3.20377
4.97259
1.15959
1.30616
-5.58902
0.308378
0.463267
4.82604
-4.10818
-2.40226
-1.29858
-1.89573
3.93347
3.99146
7.69642
1.54789
-4.40633
2.36194
3.61625
-0.428959
-2.9063
7.98053
1.01762
-6.87193
-3.32235
4.43731
2.31872
-4.23554
1.11099
-5.67371
0.141007
4.70767
0.275748
-1.46922
7.01434
-4.38094
-0.459874
-2.87458
-0.438747
2.57675
4.09938
3.54096
5.29131
4.38959
-3.16961
-1.8015
6.90372
2.38721
-4.02784
-1.6534
0.184768
2.41556
-4.76476
5.14042
2.38214
5.22813
3.73706
-0.560881
2.70597
1.64069
5.05847
1.08141
0.599369
-4.53268
-2.99531
-2.80161
0.49901
2.47384
0.00419467
1.88939
3.81531
-0.519179
2.64734
2.53969
-1.39119
1.83864
-0.732394
-5.80034
-5.60761
2.17356
6.03999
1.70652
8.45342
2.69748
3.7606
6.13823
2.6118
1.88507
-1.79817
1.20804
0.141165
3.91664
0.937823
-1.79547
0.982345
0.344336
1.28067
2.32436
3.31039
0.102211
7.46493
-0.6283
0.529895
0.473611
-0.271172
-0.488977
7.67491
0.608454
1.44411
-3.54596
1.19089
-3.12276
-4.05566
4.90398
2.36748
-0.407027
1.24498
-1.01792
0.125615
1.93823
5.29612
-5.33705
-2.60702
3.70183
0.480547
1.8429
0.302064
-3.06182
4.24085
3.5265
4.96268
2.52446
-5.53666
-1.97091
2.39146
3.73367
6.57659
-2.65616
-0.44194
-0.208274
1.35756
0.714963
1.22018
1.40377
8.01802
2.79364
-2.39098
-3.50143
0.503127
-4.52428
0.0350153
-11.4642
0.444984
5.51274
-8.82535
0.697526
-4.06517
-4.811
6.33633
1.50791
0.170806
0.644326
-0.550329
1.39938
2.91974
-2.60767
6.45054
7.0339
4.90015
1.24323
3.92932
-2.16303
-0.0200449
-3.47153
-6.78609
3.67608
4.62764
-1.92031
-2.68636
8.46865
-0.411408
-3.17385
-2.83381
0.775196
4.5295
-0.666381
-0.22616
-1.35535
-8.00984
-1.70017
-2.75102
-3.44962
0.662047
1.07984
3.63628
5.77797
-2.66256
-4.70465
1.83977
-0.889983
-0.759072
-4.36354
-1.44621
0.309933
-6.87783
-0.0360248
1.20728
-4.36039
1.84326
-0.572745
1.18579
-14.0943
2.23718
-1.11561
1.4506
1.75882
-0.61594
-0.938544
-2.89936
2.01905
0.223912
-1.45384
-2.87292
0.172198
4.49844
5.72915
1.20499
3.47941
6.39153
-0.887513
0.339222
-1.99286
-5.71638
4.91649
6.23304
-0.664244
2.13937
-3.98324
-0.133484
-2.69704
4.0613
-2.38582
-5.27071
-5.10198
0.403562
2.08549
4.36882
3.96635
-5.37882
4.65575
2.35987
0.744075
-2.05512
-8.70306
5.34329
3.73826
-0.614474
3.48181
-4.2396
-5.10688
3.05549
-1.05636
-3.23553
1.55463
0.247284
0.68021
-5.10274
-1.7214
-2.25411
-1.63561
2.09004
-2.02648
6.20161
0.861447
-2.69664
7.11656
-1.12103
3.77103
3.72828
-2.43438
0.36893
-5.7376
3.29062
4.22793
2.94848
-0.282895
0.346722
-0.415989
1.27594
-4.6548
3.8146
-2.24639
-4.00582
-0.0177968
-3.93235
-2.48212
0.35547
2.30815
3.36594
3.92819
1.42898
-4.22928
-0.89138
1.82932
0.998503
-1.04692
-0.0117715
-6.08363
3.64335
-6.77561
-0.0257687
-1.46241
-4.99792
-1.69402
1.01872
1.72839
-7.61007
3.99037
1.91541
-1.98889
9.42607
1.37722
5.08741
6.48656
-3.20314
3.09488
-1.99133
0.215611
-4.18479
4.0112
5.8884
1.41671
0.635032
-1.86432
-3.45231
0.784202
-5.68894
-8.30223
-1.90866
-0.802244
-7.27542
3.77659
0.11514
1.59966
5.05075
-6.27876
1.67665
3.99055
-1.10199
-8.24356
1.44532
0.489772
1.91632
-7.02052
0.768104
-1.74472
-1.05581
0.0876643
-2.76734
-4.14875
0.46386
1.82884
-8.2628
2.6282
-6.84774
-1.34675
7.97761
3.22753
1.21547
0.263439
2.6993
0.95352
-1.55394
0.299366
7.79896
-1.33231
5.18437
-6.89155
-6.45693
1.67396
-1.6909
-3.35552
-10.8983
4.48927
0.0881105
2.31434
2.2792
4.70542
-1.67157
-0.748813
5.17045
-4.82476
-2.99857
-2.9337
-1.53313
-0.0142486
1.9041
-3.23058
-2.56356
3.25112
0.00801311
-0.570248
0.149138
-6.16252
-8.0116
-3.01546
3.05821
2.58193
-4.57908
2.4393
-1.04368
-7.57647
-3.60018
-9.94828
-12.116
1.15803
2.21866
-1.18227
2.26809
-2.88163
-0.917046
2.11652
7.21325
-0.639519
1.59186
0.222728
4.25541
4.75798
-2.8955
-1.81845
-0.603819
-5.19156
1.65192
1.40451
5.02642
2.54222
1.81226
-0.730778
-3.99285
1.21245
1.87862
6.66932
4.15773
7.26996
-0.00765701
-1.31224
3.15524
-1.67722
-1.2322
-1.74679
-0.628716
-1.38494
-1.66979
-1.66194
-5.21491
0.658599
5.09166
6.88377
5.74033
0.0706546
1.07341
1.44669
4.08358
0.560435
-1.00402
-4.19128
-0.208361
-4.28385
0.856581
3.36589
5.42637
3.11108
5.59412
2.43972
-2.78246
2.50336
1.59085
-4.15212
3.57427
0.343686
-8.94268
-2.16044
-1.71962
-2.49102
-2.52288
0.261937
-4.89245
-0.844274
2.20621
6.68757
3.38523
0.736662
7.55682
1.57188
2.7003
2.84315
5.44866
