-0.541395
2.13067
1.6278
1.34057
1.13012
1.31228
-2.45379
2.38368
2.55875
4.06308
-0.294811
-1.3665
-3.59092
0.719587
1.68598
3.15785
2.49412
1.81402
-4.127
1.15751
-1.0056
-2.46168
-7.39211
-0.711959
-1.9714
-0.919443
0.235687
-0.550539
-0.016432
-0.122389
0.0126383
-1.72549
-1.41093
-1.7796
-0.279741
2.37485
3.05765
2.31717
1.53411
3.52781
-0.931532
2.01023
1.85009
-0.176515
1.8146
1.33464
1.5917
-3.99861
-0.824592
4.5184
3.45716
-1.82333
3.51802
3.4689
0.448404
-0.597204
1.91272
2.14607
1.08717
-0.398026
1.03241
1.19596
-0.626953
0.698355
0.858809
1.10227
0.815784
-0.363606
0.585923
0.716299
-3.17379
-2.07629
-2.1866
0.82637
-2.39981
-1.3972
-2.44873
-0.18904
0.0810161
-0.511024
-0.522696
-0.0078198
3.72348
-1.53319
-2.45587
-2.24577
-4.23087
-0.596343
1.14224
-2.13725
3.34902
0.82953
3.31679
1.81513
0.698162
0.424459
1.31099
3.61482
-0.339832
-0.764575
2.08027
3.62932
2.84091
1.58804
3.63937
3.34272
-2.22551
0.195765
1.57983
-4.47906
-0.773865
1.90252
3.69043
-0.578434
-0.234934
3.9698
2.42886
1.80558
-0.420847
3.97497
0.648492
0.922861
-1.22939
2.23203
-2.98309
1.05174
-0.485879
0.358904
-3.2737
-0.9608
1.02517
0.214502
-0.00870484
2.49724
1.86921
1.16961
1.82015
-0.815092
-2.26699
2.41225
-1.37621
-0.16615
2.50464
2.03486
3.90448
1.81578
-0.27281
-2.41542
0.585165
0.411649
-0.769194
0.0556195
1.32426
-2.58302
0.341541
-0.330389
-0.171818
-4.78069
0.622641
3.3609
1.14593
4.60811
4.14397
2.87274
0.712827
2.59193
3.27486
0.0290032
-3.08714
-0.205169
-4.59863
2.15021
0.995914
2.47046
-2.32356
0.255988
-0.909313
0.277304
1.14881
-0.622981
0.300781
2.32665
1.3844
1.9845
-0.739981
0.925692
-2.79174
-0.508028
-1.32974
1.10042
1.88642
-0.560755
3.09726
-2.54346
-1.27478
-4.00344
0.86541
1.05294
-1.20211
0.32943
-0.130127
-0.188949
-2.97136
1.48567
1.41068
-1.85856
-0.796573
-0.923648
-1.39296
1.23131
2.25429
-0.0118959
0.097155
1.79205
-1.55753
0.947943
0.681237
2.21977
0.0124944
3.79442
-0.683012
1.00964
0.516481
1.05584
2.20089
2.78764
-2.03532
-0.963705
-0.193381
0.562714
3.89935
-1.58923
-0.41783
1.12587
-4.49299
0.350844
-1.7988
0.295274
-2.16428
2.0185
4.05196
2.12234
4.08629
0.971926
0.184698
0.82967
1.91985
0.721562
2.37899
1.36851
-1.7554
0.0244461
1.50613
2.23834
-0.960729
-4.79198
-0.0216279
-5.24363
2.39183
2.6713
0.012986
5.58165
1.86871
2.3518
0.835904
-0.141967
0.728886
2.58493
4.67954
0.227904
-4.77168
1.82721
-4.40168
1.66252
-3.81524
1.79259
1.2691
0.367848
1.74242
0.299546
0.623946
1.07383
-0.480342
2.96462
2.3074
2.98905
0.44307
3.2753
-0.151625
-1.87116
4.26589
1.28194
-1.31159
2.86028
-1.10289
-1.06614
-3.91222
-1.55279
1.5698
-0.812242
1.31011
2.36427
-2.0716
4.65302
2.23957
-0.073812
1.78465
-0.342345
2.15349
1.52678
4.66582
-1.57033
-1.20828
2.50532
1.56436
-0.816726
-1.30467
-3.12113
-1.5611
0.946028
1.78575
1.32997
-0.787745
1.46527
2.99387
-3.63407
2.10761
0.143157
2.71945
-1.95956
-0.797862
-3.32106
0.0708988
3.88964
-0.628151
-2.31552
-5.00154
2.5505
-0.590198
0.696546
3.5715
0.858617
-0.0993587
-2.34886
0.471326
1.53836
-0.184265
-0.767181
0.758967
1.51576
2.17066
2.21244
1.67953
1.18077
4.29726
1.64769
5.09768
2.03936
-0.350994
1.55186
0.503566
-0.311336
1.5713
1.74899
1.65429
3.52477
2.06474
1.87381
-1.64755
-0.352824
0.199909
3.03035
0.727216
-1.50564
1.47613
5.50081
0.554318
1.86997
2.28435
-1.37074
-0.78566
0.453011
-3.84654
-0.722571
-0.238555
1.72893
2.07493
-0.347437
4.02905
0.969928
-0.285305
-2.50592
-0.106311
2.05024
-0.423164
1.30047
0.673995
4.05507
-1.30791
2.13261
-0.421546
2.9857
-2.43029
-1.08355
2.42316
-0.189343
-3.43559
-0.617337
2.0525
1.94926
3.03284
2.68888
-1.49904
1.38332
0.648971
-1.88875
-1.30713
2.26344
-1.05201
2.72088
1.47305
0.194414
2.30984
-2.59599
1.9832
-1.24004
-1.33127
1.33757
1.43724
-1.8343
2.25328
-0.0229839
-2.19946
0.35626
-0.601653
3.30445
1.22529
-1.61873
2.21092
-0.528218
0.453692
-1.68305
0.18088
-4.12407
3.7982
2.57971
2.27796
-2.70063
0.0486222
-2.09594
1.37667
-1.7709
3.11087
3.05948
0.890122
-1.91791
0.66943
-4.09403
2.42325
1.15816
-2.82508
1.55457
0.558872
2.43338
2.52534
1.16166
0.862765
0.93366
0.44054
0.0174604
0.384748
-0.978414
-1.85756
-1.81017
-2.22445
1.61702
1.55308
0.742569
-0.498964
0.884337
0.093189
-3.34889
-1.03965
0.421809
0.310828
-2.89903
2.61972
-3.14897
-0.299186
1.6283
-1.73508
-0.168556
-1.09107
2.02531
2.01689
1.33738
0.263337
3.03381
1.68423
-0.732553
-0.631326
-1.52942
-0.430518
1.67976
-1.55578
-0.00357966
-2.3619
1.90918
3.64674
-0.212936
-0.362413
2.25179
1.08401
1.4402
1.52211
-2.68474
-0.767852
3.43227
1.13898
-0.651311
-0.957131
1.63989
-1.00381
0.550093
0.194639
-0.801774
1.82816
-1.5987
-3.90687
1.55296
2.51349
1.43995
-1.80447
2.47402
-1.46694
-0.403913
0.0437038
2.37046
3.19756
3.30329
0.272937
-0.100022
1.69083
0.459899
0.158749
0.28196
1.02943
2.42348
-1.10461
-3.44379
-4.41394
2.28186
0.680483
-0.0783879
-0.862496
1.88124
-0.785636
-0.672946
2.5578
1.02851
1.71508
-0.726052
2.28023
0.794337
1.54448
1.91603
2.1116
1.94534
-3.26135
-1.18266
3.92545
-1.17152
4.9934
2.23682
0.697758
-0.129517
1.63362
-3.61938
3.06856
0.656078
-2.99059
-1.76668
1.97245
2.12931
0.490946
1.95261
1.69102
-0.56353
-0.536567
3.07666
-1.12053
0.081882
0.744453
2.97176
-2.54349
2.60632
-0.297487
1.84331
1.70798
-1.74067
-1.35927
0.592806
0.79548
1.35263
2.41551
-0.774911
3.75467
-2.07201
2.28301
1.97696
0.477503
-2.90132
-1.19517
0.805178
3.00961
-2.71146
-2.06927
0.892242
2.22183
0.19421
-0.62712
0.261469
-0.788023
2.28171
1.8933
0.766909
1.63343
0.981585
-0.0951687
-1.35163
-0.316486
1.66927
2.42929
0.189539
1.23899
-1.21669
0.301668
-0.548887
0.460829
2.64499
0.854256
-4.82105
-2.69727
-3.28858
-4.18001
3.59616
2.62517
-2.33616
0.776888
2.30163
0.234205
1.86852
0.857415
-4.56961
2.14159
0.157554
1.46994
-1.7552
3.64003
-1.71398
0.198017
1.87606
-1.502
2.27955
1.72499
-2.5189
0.576519
3.27022
-3.13112
-1.03716
-0.20645
2.65658
4.113
4.04049
-2.1383
0.634574
-1.9313
4.19967
-0.788138
-0.588843
1.45336
-0.854776
0.0263925
2.16936
1.20862
2.02226
-0.819567
-4.51788
0.693461
-2.26249
-2.8778
0.29851
-0.999531
-1.96736
-0.591695
3.02198
0.211209
-0.589617
2.80082
0.94513
0.681515
-0.0358622
0.360745
4.16132
2.70737
0.157544
-0.558584
-0.0327264
3.26405
0.0786847
0.408622
-0.114774
1.03042
-2.82297
1.68654
-2.03389
0.335252
3.77404
-0.772104
0.412479
1.36254
0.541257
0.922743
2.37704
0.809485
2.60184
-1.11512
1.87139
3.09541
0.869963
-5.53091
1.09294
-0.588167
0.967552
-2.35339
0.530621
1.97016
2.29776
1.70412
0.0979184
-0.906887
-2.50618
1.71045
0.0770638
1.81604
-2.23214
2.2007
0.658834
-2.25102
2.37839
1.86262
-0.581569
-2.54044
2.70196
-1.11341
1.52084
4.94948
0.0870499
0.304018
1.20603
1.11239
-1.29832
2.81447
2.80256
-0.44315
1.21275
-2.16808
-1.86353
3.49875
3.92734
-0.854553
0.280092
0.748827
-1.67734
-3.22782
0.664727
3.91419
1.3242
-2.09032
0.762159
0.317484
1.45959
1.63229
0.508598
0.938134
2.57937
1.58545
0.678513
3.01658
1.32273
3.61718
3.25058
-0.779568
-1.84826
-0.509449
0.387168
-0.92018
-0.686281
-0.54458
0.782094
2.30165
0.277036
-0.569786
-0.00804978
1.5686
0.26063
-1.99489
0.295764
2.40645
0.136386
-3.79059
0.735739
1.08837
0.443018
-0.168307
1.08077
1.523
-1.94483
2.47937
-4.26004
0.592728
-0.466877
-2.6561
2.34743
1.76911
3.64463
1.40334
-0.820364
-2.07324
-3.74485
-2.23599
-0.864929
0.781752
-3.06415
-2.9908
2.73102
1.20552
2.76987
-0.975827
3.00827
0.125735
-0.100321
1.68826
2.32704
3.7443
1.59775
3.55069
2.91345
-1.72672
0.179748
1.94774
1.83589
0.664618
1.29805
2.07844
2.71774
2.25647
-1.05672
-0.0385622
2.78283
-0.580578
2.07449
-2.63693
1.50937
-0.576902
-1.57563
-3.53129
-0.368841
3.2439
-2.71774
0.603711
5.50303
0.947489
2.04547
0.46355
2.56219
-5.92345
-5.62588
-0.924017
-0.0721414
1.92583
1.69179
3.36896
4.32251
1.39245
-0.156892
-0.872988
-1.4263
-5.18186
1.80284
4.69021
2.36597
2.68052
-1.45876
0.375604
-1.94184
-0.278151
-1.80071
0.808777
-1.34376
-5.34485
0.409591
2.00604
2.35593
2.85297
3.78447
3.68212
-0.0144101
-0.130569
-3.3895
-0.304074
1.06847
0.928836
-1.19145
1.14203
-1.43185
-1.2233
3.7472
0.352539
2.00006
-0.375407
-0.757795
1.17224
-1.91511
3.20311
0.465869
1.35409
3.31271
-1.10778
-1.19574
-2.08232
0.421545
0.735357
1.5332
1.35604
3.62465
-2.86409
-0.331372
0.489937
-0.194441
-1.55055
0.491979
-0.151607
-3.59298
0.829511
0.926779
2.77179
0.332613
5.10208
2.87079
1.27115
2.27205
0.0612024
2.11655
-2.67658
-0.491836
1.42176
3.37546
0.301494
2.05445
4.19294
1.79838
1.36583
0.653054
0.946015
-1.78107
1.46047
4.60923
-4.87667
1.45515
0.0498508
2.96511
3.93654
-0.39367
0.428087
2.08389
0.690761
1.60625
2.13531
-0.822829
2.05328
1.49484
3.30668
3.33748
2.57697
-1.41227
1.98761
1.25935
-2.10601
2.72661
-1.15879
-1.19814
-2.97352
-0.152857
-1.18942
1.88269
0.387793
3.28236
0.721415
-0.924096
2.83231
-0.227783
-1.13034
2.77431
1.6048
-0.010186
1.45225
1.00041
-1.44637
0.861909
0.36453
2.45861
0.0184004
3.72363
1.39753
0.65066
0.371955
1.91616
2.0363
0.833467
3.58983
-1.79703
0.600141
1.88677
3.35362
2.8064
2.65102
0.416824
-2.33971
0.398641
1.54267
2.94126
-2.715
2.46995
1.45746
2.04376
4.61667
2.79972
1.94695
2.494
-2.29298
2.05232
0.601023
0.777486
-0.320061
1.46447
2.33455
2.47836
1.054
0.70988
-3.37041
-1.20824
4.03206
4.55458
4.02076
1.60441
-0.0271077
0.188558
2.43407
-2.28775
0.541714
-1.07665
1.57008
-2.16857
0.621915
1.37493
2.42739
-4.26472
-0.305078
2.34819
0.477311
-1.92954
2.57552
0.344786
3.10385
4.06379
0.651029
0.139208
1.76572
2.06002
0.235947
2.40236
-0.946125
2.05193
2.98213
2.98885
-0.728132
-1.08702
-0.844006
3.8604
-0.514084
-0.554442
3.24936
-1.97857
1.75105
3.37891
0.0237094
0.0837395
0.934775
3.80178
-0.193904
1.16914
3.58218
0.340442
-1.01482
1.3587
3.28845
2.4435
1.4996
3.00583
1.50612
-1.74546
-1.68778
2.59661
4.74652
4.52639
-1.65735
-0.617177
2.77464
0.69538
-3.33359
1.49809
1.55864
0.561762
-0.0388108
3.02157
1.56023
1.02547
-1.34539
1.25113
3.44525
3.15922
0.168991
-0.0333575
1.88897
-4.40526
0.707214
0.716665
1.06179
1.451
3.50283
0.239154
-0.90016
1.20409
-0.772311
-0.49992
2.4459
5.08566
2.82863
0.182982
-0.155237
-0.989455
-1.04186
-1.66542
3.28507
-0.527693
-2.85329
-0.110076
-1.19032
0.324518
4.5153
-1.44574
-2.66823
3.25844
-1.22451
-1.41816
-3.65328
0.731772
-0.203023
0.974471
2.25189
2.76439
1.10266
1.90132
2.0648
2.08858
1.46483
-1.64483
0.585409
0.877881
0.91689
2.27091
2.25631
2.16896
0.76051
-0.864169
1.95715
3.62484
-1.92492
0.59074
0.811367
2.28545
-2.17727
4.4883
-0.6481
-0.266775
1.2397
-3.60202
0.138978
-0.158626
0.0451562
4.2831
3.91705
-2.75228
-0.644433
-4.05984
0.0651654
-0.544701
1.44147
-1.78487
-1.56083
0.493281
2.3002
-3.41914
0.546522
0.749419
1.82084
2.51573
-1.44314
0.113155
0.598697
-2.65193
-0.326048
3.2945
0.275006
-0.441564
0.149411
4.63827
3.96373
0.904867
-2.3131
3.67722
2.07945
1.95144
-1.26314
0.411919
2.96704
-1.3927
0.904305
-0.0657408
-1.47131
0.741646
0.103167
-5.44078
1.68499
2.28811
-0.957203
-3.92491
1.00705
1.16254
1.72001
4.11303
-0.234047
3.39544
-3.91118
-0.0729756
2.51965
1.14236
-0.190179
0.743923
-0.744224
0.62303
-0.146544
-1.40246
0.691334
-0.425441
-1.67035
-2.65031
-1.58249
-2.09408
0.160288
-2.85276
2.81682
4.44353
1.71735
3.46304
-0.222991
4.32873
-0.564636
-0.179462
-4.52596
-1.40641
2.45231
-0.197383
0.584206
1.22008
2.12632
-3.8653
0.694044
1.36533
-1.68287
1.38564
2.15467
2.06396
0.282989
0.504713
2.09507
-0.134603
2.94005
-2.07158
1.25967
0.780298
0.107026
1.50827
1.04213
-1.65435
-1.83142
-0.892631
-0.10587
0.6522
-1.36537
-2.1301
1.30409
1.95205
-1.63509
-0.0464222
2.58764
0.184544
0.874041
0.866903
-0.480777
1.70346
-4.6738
0.0664887
-0.430912
0.224193
2.10995
1.64604
3.59917
-3.53926
-2.05654
3.34173
-0.257987
0.973405
-0.589311
-1.28781
0.916345
0.788106
0.155116
2.75802
0.386257
-5.10599
1.19069
-1.86882
1.84866
1.14222
1.05478
0.473476
-1.29522
-2.59176
2.71956
0.0751766
2.22303
2.64921
-1.79421
-3.22269
-6.55368
2.36799
-1.40511
0.103664
3.30897
1.98107
1.39496
-0.640908
-2.93691
3.10998
-1.50477
1.60207
-1.48924
0.565176
2.53074
0.276245
1.34393
-1.48742
1.62017
1.46823
-0.403443
4.20867
1.37384
-0.745759
0.180697
0.961215
4.08616
-0.504663
0.937405
-0.400155
0.470092
2.06199
-0.744857
-0.829852
-0.546178
-0.0456215
-5.35545
0.274431
-1.36924
-3.7328
0.354514
-0.58646
0.343285
3.93231
2.14532
-3.83423
1.26612
-0.00921645
-2.54858
-0.666104
0.700852
3.01759
-2.2768
4.84307
3.42765
-1.70777
-1.35825
3.56896
-0.329617
1.70032
-0.0155279
2.92368
-1.109
1.03807
-1.44568
2.9559
-1.64191
0.288833
2.95173
3.71841
3.71085
-0.555678
0.00523993
-1.32748
1.04428
1.12085
0.0519407
2.23306
0.605158
-1.06537
3.16393
3.17998
-1.3305
1.33941
1.56192
1.06528
-0.682808
-1.89542
0.710158
-2.47465
0.728218
3.03986
1.31858
-0.729388
-4.77609
-0.6182
-1.3264
2.34653
-1.28148
0.2011
0.963764
-2.22241
-0.998474
-2.41334
-1.4614
0.521912
-4.73853
-0.59581
-3.78937
-1.80396
-1.88436
-2.10772
-2.57461
-1.42039
-1.09226
-0.718391
-0.351757
1.61678
0.504121
0.896366
1.43244
-0.586793
-1.18951
1.60971
-0.943969
2.46908
-0.00270702
-0.416606
-1.14252
0.383548
4.58268
2.58648
1.68187
1.02771
-0.105071
2.21442
-6.11789
0.785731
0.810926
-0.223638
5.42932
0.385975
3.24311
3.14382
0.911806
1.47351
1.53361
-0.0441864
1.05311
-0.967784
3.12781
2.89064
-0.214286
0.493916
-2.38247
-0.124637
0.927308
3.3095
1.31459
1.53758
-3.51092
-2.76129
-0.744976
1.9173
4.28776
1.32558
1.3264
2.68096
-1.01046
2.71262
-0.0515514
-1.98356
4.26763
1.52218
0.974368
3.44049
2.10474
-0.681152
-1.43689
-0.594912
0.721182
-1.33637
2.48503
-1.09752
0.400427
1.57761
-0.998039
-2.9464
-4.58535
-0.415159
-1.40088
1.56724
1.49523
1.25962
-1.07405
-3.00068
-1.33749
-1.47065
-2.10106
0.61514
-0.163809
0.230678
3.81427
0.151785
2.97956
2.01319
2.40447
0.815096
-2.78394
2.10772
2.26878
2.2589
1.42014
3.44023
3.98076
0.868751
-1.1963
-4.06509
-1.65419
0.619619
5.58112
-1.61795
0.749195
0.935441
1.49375
1.3839
1.16348
-0.647693
0.913711
1.61871
-0.823181
1.74061
2.41071
1.19633
1.11513
-2.78941
-0.00302841
-3.30803
0.839894
1.09743
1.93418
3.00755
1.5439
2.03201
2.50894
-1.3361
-0.836682
2.89547
1.3455
-0.955477
2.25623
-1.02466
1.825
2.73942
0.657542
2.82215
4.65605
0.619351
1.69451
0.551241
-2.22663
2.52039
2.39369
2.91592
0.92333
4.11603
-2.44063
1.01299
-0.0939977
2.50782
0.0210518
4.54015
2.69294
1.63496
1.70669
-0.400321
3.66679
-0.142308
3.10393
-0.00198447
-1.84784
1.93533
-0.0561705
3.40969
-1.38943
1.28232
1.84794
-1.15984
-0.432546
0.435742
-0.0878503
0.707528
1.43413
-0.682409
2.52584
0.338438
-2.57149
0.945796
-4.26247
2.2541
-2.13991
-0.16215
2.00573
-0.521967
0.190699
0.0595538
1.58767
1.76787
0.529297
-0.895177
2.68155
-0.695935
2.00068
1.7746
-2.06735
-0.184115
2.13511
3.45374
0.533477
3.80918
2.18804
2.49683
-1.9985
4.17911
0.48899
4.11649
-1.21559
-1.87028
-1.90431
1.50104
2.93273
-0.389989
2.2646
-1.05642
2.13882
1.40622
0.929677
-1.28311
2.30484
5.15746
1.77106
-1.17658
0.409784
6.53446
1.39442
-1.23036
1.36678
1.39967
1.63567
-0.747565
-4.27147
3.78493
2.91798
3.47198
1.82945
-3.30519
0.210909
-0.100848
1.33403
1.72779
0.782733
1.11222
3.67413
-0.172846
1.30438
4.8988
0.322423
2.28446
-4.11959
-0.234539
4.6597
-0.704269
3.62549
-1.41245
1.3333
2.32702
0.845375
-0.34641
0.349911
0.491686
0.475665
3.03191
-0.310496
1.99736
0.857216
-0.403876
0.145707
2.22488
2.38688
2.43569
0.221913
-3.62005
-2.66935
-1.38403
-2.48664
3.35827
-3.17675
-0.25582
2.87949
-1.13368
-1.52927
2.76642
0.94757
2.66592
0.927377
-0.524418
0.28708
0.60399
0.477513
-4.93235
2.55451
1.0944
-0.893742
-0.042353
-0.296773
3.64133
1.30297
0.0924249
2.44219
3.85102
-2.21494
-4.86046
-0.352372
2.50921
-0.938316
-4.84242
0.15825
-2.70728
-0.832361
0.69958
1.44424
-1.27606
1.19546
-0.213608
-3.06319
0.0742422
-2.23455
2.32224
-0.966484
-3.96479
1.10344
1.82313
0.867984
2.30743
3.12503
2.29606
-0.294485
2.66634
5.38089
-0.0822065
-3.97442
-3.96945
0.529276
-3.41365
3.94546
-2.52821
-0.849248
1.39684
1.7786
1.49022
1.08629
2.12376
-2.0085
3.48852
-3.44595
1.33478
3.2993
-1.08834
3.36689
-0.51713
-0.569249
3.05875
3.07093
-1.64464
0.397704
-2.38747
2.7835
0.145525
0.566596
1.61465
-0.98372
0.243738
-1.65721
-1.43341
-2.83773
5.30653
3.12773
1.47922
-0.463999
3.98144
-0.618381
0.845679
-0.584601
3.29222
-5.88999
-2.81337
-0.699505
1.97151
1.99599
2.11182
-0.522465
-0.810326
4.37705
-2.91275
1.20851
-2.89741
-2.14251
-1.36851
-3.06359
3.5638
-6.16175
3.68796
4.5528
0.960839
-0.874036
0.155983
-1.71943
-0.414183
-1.53154
-1.15265
4.82816
2.01052
1.07277
4.11475
4.90933
0.348146
4.72391
-5.25058
2.00838
-1.25895
1.12033
0.461067
2.72013
-1.81824
-2.61666
-3.65502
1.97929
1.44353
-1.25119
1.42603
2.19316
1.38507
-1.9398
2.15859
0.340698
2.15986
0.223322
-1.73903
-2.01256
1.06794
1.56622
4.73487
2.26858
3.17635
-0.505089
4.22689
0.844353
1.35784
2.90175
2.96931
-1.62101
1.83482
4.18777
3.67239
0.0830622
0.592445
-0.995399
3.71818
4.13458
3.38458
-4.81555
1.31755
-2.9989
3.23785
-1.28316
-0.483155
3.07152
-0.998441
2.17824
1.94626
3.0858
-1.34945
1.90561
0.982019
-0.561269
-0.0545083
2.02145
2.83111
0.127417
4.0371
-2.10891
0.0192858
3.38668
-0.911402
-2.34523
0.0388106
1.20641
1.28641
5.69391
4.79675
5.79977
-0.276821
-0.89737
3.24393
1.19019
4.9689
-0.0661845
1.09384
1.29851
0.419169
-2.37926
-0.467621
-3.21166
-0.524414
3.0625
3.30051
4.0841
-1.14189
1.807
1.72856
3.04278
-2.88707
4.75158
-2.80764
1.20384
0.260098
2.04464
0.591057
2.0003
-1.15562
1.02523
1.92647
0.547942
-0.00560917
1.68677
0.350205
-2.26435
-1.04673
2.78512
0.737209
-0.699259
1.55804
-1.49055
5.37964
