-0.391657
-0.386089
-0.444513
-0.585029
-0.641544
-0.632344
-0.59737
-0.770233
-0.660278
-0.508237
-0.593465
-0.640423
-0.560058
-0.660652
-0.631881
-0.844932
-0.852762
-0.794579
-0.782881
-0.742096
-0.731093
-0.616952
-0.673271
-0.706185
-0.752977
-0.77416
-0.511522
-0.402119
-0.448374
-0.34409
-0.3626
-0.360145
-0.237036
-0.20353
-0.255628
-0.199535
-0.00555399
-0.150024
-0.228856
-0.169761
-0.176641
-0.11834
-0.119571
-0.242764
-0.347413
-0.251522
-0.302559
-0.404444
-0.353381
-0.323279
-0.397218
-0.245307
-0.259711
-0.222091
-0.282938
-0.136594
-0.0424951
-0.135791
-0.247133
-0.188035
-0.0932471
0.00662601
0.106311
0.061821
0.0544437
-0.0117435
0.189198
0.216238
0.225178
0.323345
0.174195
0.147257
0.0995567
0.165791
0.289203
0.242928
0.1648
0.206379
0.166238
0.194828
0.202131
0.21663
0.339169
0.296507
0.295815
0.255179
0.209132
0.129891
0.082545
0.0763343
0.2062
0.268074
0.272208
0.223293
0.175671
0.434134
0.329007
0.264819
0.156566
0.173791
0.299067
0.21094
0.196799
0.25635
0.286913
0.158357
0.207541
0.206043
0.0782537
0.227822
0.0194312
0.0381758
0.116287
0.19367
0.322737
0.385194
0.318877
0.319307
0.372495
0.453786
0.449416
0.530652
0.371752
0.28468
0.297131
0.351998
0.488627
0.613291
0.66506
0.518013
0.502739
0.412162
0.361034
0.407432
0.412643
0.396809
0.395218
0.396796
0.353745
0.303833
0.353494
0.343276
0.418112
0.360631
0.578576
0.459633
0.422497
0.445435
0.409743
0.419144
0.43068
0.509605
0.416587
0.453276
0.539829
0.475462
0.38908
0.336119
0.369121
0.298008
0.463003
0.42639
0.478396
0.492592
0.296964
0.410057
0.49839
0.500815
0.660106
0.652813
0.592247
0.647544
0.679234
0.52316
0.518106
0.439942
0.521292
0.529691
0.569454
0.538071
0.596321
0.747611
0.664465
0.556489
0.587207
0.558023
0.617317
0.46144
0.600681
0.582686
0.619019
0.614904
0.6386
0.737881
0.666565
0.798174
0.740832
0.71768
0.634741
0.741623
0.831553
0.947982
0.827961
0.897844
0.926295
0.811798
0.746495
0.729542
0.701528
0.61809
0.716687
0.784403
0.682218
0.767635
0.767556
0.546497
0.427716
0.449087
0.418103
0.47955
0.479867
0.603838
0.73014
0.833858
1.02369
1.06103
1.21578
1.23737
1.25027
1.26048
1.22432
1.15905
1.03882
1.01634
1.06016
1.01105
0.96767
1.01745
1.04395
1.01061
1.2214
1.33612
1.34769
1.46384
1.48707
1.47547
1.39084
1.27336
1.36879
1.36848
1.45881
1.47119
1.54216
1.43115
1.2411
1.20959
1.02973
1.07511
1.0415
0.94935
0.880346
0.949225
0.993894
0.964904
0.927727
0.992578
0.915929
0.913097
0.814168
0.880797
0.793279
0.938834
0.948759
0.887447
1.0166
0.991524
0.921435
0.886507
0.84044
0.806773
0.899035
0.855765
0.847502
0.927045
0.843789
0.877307
0.711482
0.625656
0.525631
0.503005
0.607997
0.651865
0.640459
0.638348
0.581178
0.423187
0.482374
0.522125
0.505667
0.450554
0.522491
0.58337
0.64
0.592325
0.469462
0.33931
0.268471
0.335096
0.272419
0.251623
0.178418
-0.0119564
-0.0642302
-0.041251
-0.159607
0.0642406
0.070405
0.106451
0.0163177
0.0961155
0.119977
0.170232
0.236523
0.264139
0.216681
0.289008
0.300105
0.300247
0.267176
0.437768
0.584452
0.586729
0.578142
0.366579
0.428885
0.365935
0.155134
0.132786
0.159876
0.144686
0.164189
0.314317
0.296526
0.159694
0.261083
0.212666
0.274848
0.186225
0.141579
0.100434
0.156027
0.110424
0.187002
0.15356
0.0982877
0.0380476
-0.0971777
-0.165431
-0.267504
-0.202589
-0.261823
-0.208232
-0.340402
-0.233407
-0.163313
-0.166954
-0.2025
-0.125649
-0.188102
-0.354698
-0.486473
-0.472313
-0.534153
-0.453973
-0.495679
-0.465122
-0.464615
-0.518244
-0.474852
-0.513724
-0.382739
-0.455396
-0.387002
-0.481094
-0.604038
-0.67379
-0.701484
-0.730623
-0.681228
-0.72707
-0.754179
-0.765769
-0.662385
-0.584993
-0.661185
-0.588554
-0.592613
-0.487286
-0.409238
-0.416257
