2.25264
2.34395
-8.27608
4.43681
0.655486
1.79594
-9.12729
-0.232422
-5.24221
-3.6015
6.35698
-1.73515
-6.85772
2.74141
3.59248
11.3781
4.71706
-3.47832
-6.83357
5.52933
-5.96708
1.72981
6.2167
1.04506
1.79577
0.107544
-0.923265
5.26619
0.986315
6.72142
1.93768
2.15655
5.50425
-0.930142
0.444214
0.372286
-5.64845
-0.613915
-1.84535
0.379137
-1.02416
-1.25752
7.55071
4.71218
-5.90782
2.62187
0.738127
-8.65444
2.71168
-1.79297
0.0448124
-4.77566
3.08892
-0.550926
1.67703
-1.13167
0.713512
1.36496
-2.67694
6.45067
-2.08561
-2.97867
-2.63797
2.92324
6.99958
-3.16432
5.83955
-1.6027
-3.14385
6.01196
1.19475
-2.77827
2.97685
-7.59739
-6.88133
-4.49038
5.8538
-5.0375
-5.73949
2.78019
0.802591
8.75469
4.11226
-0.560037
-2.16906
1.20941
-3.70012
2.31008
4.11064
0.223691
-7.0544
8.6315
4.1901
1.33457
-2.686
-5.20353
2.37575
-6.79558
-0.0641738
-7.00791
-4.57757
3.99051
3.83466
-2.17966
-3.63562
3.12452
4.13361
0.583039
0.142463
2.94015
-3.42338
7.84619
-1.82194
3.71402
1.09779
-2.19942
2.85458
2.23251
-3.58822
-3.29755
-11.1827
1.36122
4.14347
-1.26501
-4.05064
-2.03006
4.47264
-0.838268
6.27896
-3.57422
-4.75336
-2.48975
2.61343
3.18798
-2.68791
-1.9101
-0.525875
7.66678
3.36439
0.985748
0.877312
-0.284707
1.42618
1.98571
1.82863
4.5267
1.97931
-5.02436
5.77199
-7.87
10.7968
5.27823
-0.318363
9.5025
1.65376
5.06255
6.3318
-4.61498
4.63291
-0.304543
6.37056
-4.95072
0.679495
-1.45753
5.73015
5.77942
-9.56439
-1.41447
-9.48142
1.43895
3.99313
3.87256
3.10551
-0.0131779
7.0882
9.37968
-2.9625
3.87593
1.26947
-2.00408
6.28486
4.77401
-8.07256
9.02074
-6.68667
2.59396
2.55964
-1.21024
7.69795
6.78392
-0.0305706
1.28603
-3.04341
-0.0490225
-8.60308
-1.68665
-4.1681
0.941929
2.01175
1.52982
1.11869
0.0699902
-0.412101
2.61364
0.933166
4.20098
-0.10892
2.75228
-0.827569
-1.1987
0.719619
-4.53501
0.672602
8.80277
0.360654
2.58502
8.28278
-0.642512
4.26749
1.6873
-5.71512
-3.91891
3.26694
2.83684
-5.07362
3.03318
-4.28622
4.09677
5.07116
3.99222
4.13726
-0.317537
5.90357
-1.48199
5.45033
-4.14767
-0.205331
1.52434
1.73801
3.48247
1.41234
9.6743
9.55068
10.1443
2.89406
1.51064
3.55946
-4.60917
2.96734
-3.12519
5.36308
4.24924
0.760021
7.41739
9.01041
7.46553
6.39389
-2.8244
3.70185
5.72299
3.85532
2.67192
-1.51138
-2.90705
1.18811
0.211565
-1.00411
3.7839
-1.29804
1.41111
3.15295
-2.71044
-1.56481
-4.40959
-0.0726624
7.27593
-1.54507
-7.82497
-4.98128
0.444811
3.93918
-0.243199
-10.183
-0.0341701
1.73018
2.14843
2.22819
2.16076
-0.856585
0.386599
2.87752
7.23946
3.56017
2.91525
4.56912
-7.26492
5.15589
-6.24161
-0.0158075
0.424375
0.454751
5.90211
-0.0432599
2.45804
2.77006
1.29849
-1.35975
4.88236
7.70793
2.57523
-0.321066
0.724309
1.60986
-7.86816
2.24443
-3.40296
-5.85688
0.399005
-0.691585
-1.26427
-7.59376
-2.31612
1.23781
-3.68408
0.665112
4.53779
-0.466357
2.5489
4.80142
-1.27432
6.46803
-7.53742
-0.545345
0.88836
6.83994
-5.09549
-1.17643
-5.91725
-3.02007
0.166404
-2.54102
-2.88235
2.47778
-8.9962
2.29163
3.2833
1.38946
0.579129
-3.54302
-2.33907
-0.768172
-3.69933
0.959339
1.10846
-0.749012
-5.1817
-4.46269
-3.46547
5.69988
-3.02592
-2.00985
-1.43393
8.21427
0.788575
4.60343
5.38492
0.562188
0.0505612
3.20271
2.41991
0.348049
-7.46746
-6.05007
1.67623
0.844481
-4.06585
-0.450267
-8.46528
-0.0460552
-5.46565
3.20778
4.67019
-0.590416
1.59756
2.20124
0.856565
-6.43672
-2.44396
1.16788
2.43981
2.68403
8.6363
-2.87168
2.46642
5.46689
-3.30311
-9.83796
0.0721972
-0.10422
-7.18123
0.689379
5.61959
-0.492402
-6.37116
2.99127
0.491418
-7.5402
-2.84444
-3.41778
-2.17584
0.395127
7.24662
-6.30546
2.59657
4.12175
5.04461
4.37539
-0.728539
-3.40044
-5.17123
-1.94158
4.42009
-5.08473
3.05602
9.29243
5.59454
-3.41145
5.25934
-2.8092
-4.03737
4.99406
-3.64046
-3.79368
0.612169
-5.40601
3.48196
3.9817
-5.00556
0.102027
0.386722
0.431618
8.33485
-2.42863
2.42491
0.0718438
0.486623
6.54365
0.521831
-4.963
2.44522
-3.76991
2.89973
-1.79862
0.284272
-3.25647
5.96201
-3.96618
-6.17778
-0.800684
-3.86533
-4.393
-4.51074
-2.11256
3.47875
-0.725474
-4.15395
6.67068
5.57698
6.01349
-5.55223
-5.1747
-8.9526
2.70412
-1.43032
-0.521083
-0.224089
0.95152
-4.99092
8.11595
3.3591
0.13495
2.06445
2.04541
-0.975944
-7.46161
-0.154094
-5.0692
8.57423
0.121859
6.19193
0.655962
-5.59683
-2.26925
-2.0294
7.57531
-0.739995
9.08952
-3.08945
5.09112
4.22851
-4.20359
-2.01319
-1.75044
0.922913
-2.39523
4.9282
8.35051
1.84319
4.29831
-0.961004
-4.42948
1.09743
0.854724
1.28833
-4.64322
1.39528
2.40587
4.54579
3.73789
-2.45542
-2.70513
-1.72143
-3.49017
-8.0315
-6.13651
6.72807
0.38624
0.592575
4.52172
2.08813
-2.0398
-2.82808
3.6234
-5.75858
3.26265
1.19869
4.82213
-0.501523
1.04273
6.33715
-1.27348
-3.19323
6.1447
2.85487
-5.12096
-3.21125
1.83737
5.12063
-4.61839
-2.54989
1.65639
-9.86463
-4.08164
1.76168
-0.128334
-4.39548
-7.86174
-3.47079
-2.14969
-4.39445
2.43708
4.07513
3.098
7.27453
4.50527
-1.13791
6.37115
0.703911
1.4991
1.91053
-3.636
-0.853261
-3.83608
-5.02367
7.67299
6.83672
4.54011
7.99697
-5.36059
4.44444
-3.30262
0.0300108
1.47713
4.08628
-5.22172
1.42909
0.98352
-0.739715
0.652689
6.4335
-0.00576519
-2.95081
-0.0105841
8.51878
-2.96366
6.12564
-4.32803
1.59322
5.77405
4.69843
-1.15103
-1.84534
-12.5699
5.82152
3.61301
4.47218
1.18602
3.54465
0.502362
-7.55874
-1.91477
0.399368
-3.29573
2.18104
-5.88338
1.36835
0.573719
-1.81757
-1.18596
-5.44457
-2.85907
-1.89559
1.07863
4.12316
-0.613967
0.827652
2.13853
-4.18649
2.94123
-8.34881
-3.64774
-1.55089
-6.27252
-4.15365
-1.99263
-0.46952
2.16757
-5.77826
-7.15199
-2.24429
-2.62384
-3.07312
0.440911
-1.88267
2.20652
-2.05126
2.23434
-6.79576
-8.12926
6.54332
-3.95574
0.181911
4.15277
1.9679
-3.90208
2.78164
-1.13741
-2.62548
0.744929
6.72188
-3.33344
-3.96713
-2.66932
2.13415
0.60359
-3.24258
-0.969193
1.82487
2.682
3.74165
3.18382
-4.96625
-1.63319
5.45059
-0.0946663
3.21272
9.96685
-1.12366
3.82494
-0.401199
6.66798
3.64562
-7.32499
4.40266
0.0256747
2.4339
0.254033
4.89024
-4.71299
6.29931
0.74578
6.23173
3.83614
3.0312
-0.982692
0.325928
-5.95946
-1.45872
5.63663
0.657547
-4.20165
-1.81885
-0.567986
-0.493164
6.90532
-0.805815
-4.13794
-5.5879
-2.73751
-3.59622
0.14762
-8.98439
-6.21964
1.50711
2.30761
6.61358
0.821203
-4.97063
-1.40009
-2.25577
-0.749503
-1.72208
1.63508
-1.47507
-6.71757
0.458403
-1.53327
2.79522
2.07449
-0.61363
3.00413
4.36653
0.0747725
4.54258
-5.60872
5.23005
2.80967
-7.8004
6.67378
1.94261
-2.80119
1.56309
-4.78589
5.18262
-2.57529
4.51776
6.99398
-1.96367
1.29269
0.505946
4.83508
-3.39331
4.20766
-1.89207
1.2075
2.01259
5.23382
10.8604
-3.03534
-5.62883
4.2603
-1.6204
-2.66292
-1.62389
-3.86487
1.10387
-3.50563
-0.650488
2.25565
-1.81402
4.63805
4.18947
1.8439
-1.59517
5.44408
-4.10587
-2.58421
-6.59515
5.62046
-1.58917
3.19478
6.24442
-2.25782
-4.49435
-0.379934
4.57871
-0.983158
5.25588
7.03458
6.45599
4.5969
-3.52093
-1.10368
-1.99362
-1.27556
-3.5003
1.64656
-4.32867
-0.811904
4.08758
-11.6561
3.60191
8.17589
2.02511
5.6469
0.932875
3.06738
7.07376
-4.00982
1.94425
3.65712
0.656273
5.13137
3.72633
5.0261
-1.06797
6.70649
-2.54621
1.65772
-1.31021
-1.68561
2.55957
5.00324
7.04266
-0.0747088
-0.0305663
2.08161
0.887904
-1.61597
4.15431
6.19107
-3.43179
5.86295
-0.085267
1.34484
4.86017
1.2863
6.94052
-2.53824
3.34506
-0.761145
4.54304
3.57908
5.70582
-5.05399
-1.30019
0.539841
-4.3193
4.36831
2.58652
-2.99286
3.0847
-1.2933
-5.03325
0.642653
-4.68638
-1.15509
-2.33501
5.65766
1.34233
7.59366
-6.34489
-1.80123
0.330824
3.37547
1.53559
2.09184
4.1929
-4.97325
-1.78283
5.06415
0.659854
6.06178
6.26015
4.84276
-5.7661
4.58068
-6.06651
0.632791
-4.24501
2.52541
-1.32978
-1.47992
4.72057
-2.48215
4.21267
3.05117
-1.40515
-1.50804
3.19706
3.2975
2.74749
0.217016
-3.41291
5.88392
-8.3579
-1.92239
-4.95817
1.8696
0.475012
-0.649615
4.64207
-4.05399
1.39937
6.38544
6.97727
1.52199
0.56325
2.40432
0.0460579
4.27037
0.710162
8.22698
0.188697
5.92828
-2.9393
-3.89148
1.68101
-3.93694
2.06477
-0.15572
4.53217
3.54705
-7.64491
-2.58671
-0.141005
-7.31998
-4.09574
1.25104
5.21372
2.164
1.80168
-3.85341
-1.1147
2.74217
4.83679
-1.18245
-8.95205
-4.9684
2.17421
-11.3826
-1.84983
3.08459
-0.756805
7.66444
2.60128
5.54634
1.44113
-7.19195
-4.32744
-0.423687
5.62702
5.03784
5.50334
4.26687
-4.48321
0.287794
6.12659
8.92198
-0.419665
2.12382
-5.11636
5.29583
-5.8701
1.37119
3.71371
5.07275
0.55825
2.15605
5.0616
0.366223
6.88424
0.726207
-1.80508
7.27468
4.64816
9.82136
-5.74528
1.96578
3.1145
0.655377
-3.24396
4.3682
-4.08259
2.47252
2.03841
1.91349
-5.91384
-0.690337
0.0221254
3.1953
-3.42925
7.77136
-0.00500987
-1.48742
2.24097
5.82876
4.40713
-1.14751
-4.68978
-1.90585
-6.48386
1.37098
-5.31224
3.76835
-3.09669
-5.02035
-6.23257
-2.8414
6.39235
-6.84048
0.631669
0.776871
2.75171
-2.78444
-6.62588
-2.00292
-2.53024
-0.683004
0.818516
-1.55823
2.06735
-5.75427
3.52468
3.55064
3.53135
-0.812291
-8.91037
-4.73293
3.42441
-2.26856
-1.27959
5.69952
2.26322
5.88659
-3.53675
4.14875
7.117
2.37942
5.37301
-4.37003
2.98614
2.32423
5.67536
7.00305
7.08806
1.63219
0.371068
4.09208
-6.31063
-0.950646
2.39878
1.07056
0.0923399
5.02058
4.01468
0.916655
-0.0291996
-3.26634
2.44027
-2.42575
-10.2738
2.46706
3.06011
-13.5057
1.1958
-11.7582
0.568799
-11.3903
-1.87907
1.06964
-1.80104
-11.8528
-3.67365
1.14081
0.0852067
-7.8261
-3.52896
-0.935208
4.44974
-1.44957
0.0106847
0.896539
-1.93032
4.25426
-6.58642
0.763684
5.70661
-2.97789
8.12099
4.16195
10.1916
2.25768
1.19361
-3.76698
2.8943
3.42499
5.05312
3.51535
4.42443
-2.68306
0.496707
-0.697028
1.43696
7.71113
12.3213
9.97621
1.90008
-1.87675
-0.181067
7.67579
1.51765
8.37405
1.74016
-0.612581
-1.75057
3.89236
1.11371
0.85837
-0.202937
5.32678
1.05727
0.115923
-4.29284
3.00529
-1.37974
1.67885
5.191
1.14362
2.70641
6.85522
1.39136
-2.18528
-1.39214
6.12213
-3.76526
-3.85401
4.23499
3.03901
-1.31484
-4.66794
-2.06118
1.59937
-1.37469
2.39263
-6.04923
9.23083
6.84801
3.30943
3.97837
6.86955
0.916259
1.28102
-0.967038
-5.44143
-8.17957
10.6377
6.10975
-2.04778
0.512718
-0.851803
2.40094
-4.01453
1.32542
4.60277
1.26413
2.77725
-0.758675
1.38051
5.77511
-0.911111
4.52988
7.50881
-1.87847
0.984949
5.10545
0.359112
3.85585
1.5415
2.66433
-0.956713
1.50366
5.13597
-1.98923
-3.96255
-4.63624
-0.318106
0.759205
-5.57725
-0.897993
5.37224
3.8676
3.56797
-6.27415
2.68701
10.0249
-0.729201
1.38015
1.39814
7.54161
-0.0240211
-0.396539
-7.24789
3.96209
0.358254
-3.80953
0.125667
-1.16223
8.2981
0.0764979
3.14652
4.56403
2.95532
-6.79359
1.06088
-3.08583
14.1126
3.82678
1.80653
1.42066
2.02388
-1.76698
-0.837054
-5.63086
5.23011
-0.457976
-2.65351
4.6855
1.3843
2.40451
-0.955676
0.629699
-1.88181
-2.66244
2.15464
2.3631
-4.68231
-3.35751
-6.2218
2.11136
-7.19957
2.7933
1.7638
1.54207
1.91662
6.29293
1.08623
0.2845
9.44041
-0.022432
-1.02144
-2.01164
0.614303
0.919995
-2.6374
5.42918
-3.2816
1.80139
4.21355
5.30936
-7.49939
5.5586
2.29318
2.07104
-2.39019
7.48587
1.64037
-0.792256
-4.98607
-3.62037
1.63817
7.39053
4.39087
1.00584
11.5616
-3.52874
1.12847
4.51678
-2.45109
8.38514
-5.92984
-1.96485
-1.33771
-4.34315
6.01483
-8.04794
-0.915185
4.67304
-0.81616
2.32828
-3.88489
4.67054
2.72701
-3.96266
6.30442
-0.597463
-5.438
1.34585
3.29835
-1.38719
3.95124
0.526923
1.96251
7.76304
-4.63317
0.191089
2.54967
-1.03129
-1.35103
-3.59117
-6.86066
0.640829
0.53326
6.96984
3.12418
7.05742
-1.85806
-1.35175
-3.71806
7.67995
-0.434742
-4.39633
4.80183
-0.318361
7.00597
0.655587
3.97876
0.343993
-9.82229
2.7522
0.816463
8.37918
-5.62218
3.73947
-0.218599
0.624944
-0.776316
5.88233
6.66719
0.765875
2.06387
-1.20157
2.59765
-3.7177
-5.63143
-1.74406
0.787334
3.62879
3.4876
-4.03498
3.67022
4.32351
-3.7397
7.82665
0.784244
5.85599
6.86326
-0.826097
0.263924
-0.46326
-4.56612
9.30958
1.05967
4.7966
-3.42154
2.25248
1.67805
-4.91577
3.1665
2.51268
1.57077
0.492097
2.27131
6.42997
4.61006
1.15758
4.72591
4.54116
7.15351
-0.893607
-1.62829
0.819109
-8.2984
0.188644
1.95899
-4.20522
-1.82283
3.67636
1.15326
1.89297
1.9903
-3.02764
3.20692
-6.2237
-2.76363
3.56819
-1.59089
2.4148
-4.38686
8.70592
-2.50363
-3.61032
5.88966
-0.85762
-1.46256
-6.69204
6.69682
8.19263
-2.14295
-5.76139
-0.999697
3.3769
-1.17055
0.814441
-4.40558
-3.29371
-3.41418
1.91847
-0.719813
1.80912
0.645542
-9.92726
-1.20835
7.10752
6.46568
4.35554
-6.49618
-4.44868
-7.67202
-5.13402
-1.37649
-4.48611
8.42174
7.18679
4.20275
5.70072
4.51162
3.01793
0.528063
1.76809
-3.11346
0.960236
1.76945
7.12843
-1.37308
-1.96702
6.97235
-2.03281
-0.935301
6.02731
-0.152904
-0.513537
1.92501
5.15847
-4.59494
-4.63829
-4.20101
-0.883203
2.07881
2.04851
4.20484
-1.9854
-4.58397
1.47646
3.17575
-4.59269
-4.28563
-2.33497
6.21019
6.16293
2.97873
-1.93666
2.80319
8.1656
-4.02701
1.13853
2.26847
10.4969
5.60753
2.79983
5.57457
0.428589
8.82733
-3.18314
-0.214421
1.72815
-1.92067
4.33801
2.45705
4.01654
4.2072
3.98836
-6.2339
-1.80283
2.86889
-9.64606
-0.993583
0.395854
8.19661
3.13578
6.64907
-0.921005
4.03047
-1.62389
-7.41698
-1.64057
8.99895
3.5032
-0.179492
-1.45579
0.385234
4.26657
-1.7595
0.220158
3.17585
2.6145
0.983269
3.8629
1.43135
-10.106
3.50056
-0.58424
1.03466
1.34187
12.1835
3.88364
4.16276
5.38177
4.34149
4.92107
0.480632
5.99537
-2.15646
-4.30699
3.88008
-3.41083
-8.7819
7.13229
4.27403
3.18677
2.46961
0.25678
5.7957
5.18076
-3.05612
7.06525
2.16367
6.50092
6.37273
0.186656
9.77482
5.09645
-2.98387
-1.90898
10.112
15.1638
-1.8596
-0.385051
2.01004
8.18016
-1.31487
-1.93124
3.3283
-1.96732
7.90948
0.468643
5.50436
4.44347
-5.13491
-3.09219
0.621925
4.01801
-3.20039
4.73723
2.40439
5.20795
1.56666
6.16395
-0.993194
-0.734442
1.12003
6.85834
-3.25493
-0.813967
-2.0731
0.641266
-8.20751
-5.42361
-1.97164
5.31458
-3.67841
2.59304
-0.387095
6.3821
-2.26649
-3.32589
0.511764
3.30471
-3.01734
-4.16198
-3.23384
8.46691
1.00521
-3.7703
4.4043
-1.20006
2.94515
-2.4948
-4.4049
-1.40625
-1.86625
-4.55772
-1.69916
-0.905721
2.58927
0.957858
-7.16823
3.33263
-0.444277
1.3129
-0.7337
-3.54228
1.6395
-6.38119
8.19303
4.07407
5.67341
1.13614
6.81229
2.73097
0.677914
-2.41341
-0.240902
3.9674
4.63546
-2.00161
3.75831
-1.05503
3.62804
0.0131695
4.22876
0.510772
-4.49203
4.26457
-4.3083
-6.7505
-4.70124
0.690557
6.23441
1.71307
-3.4874
0.38059
5.01221
2.79478
-2.69241
-8.65016
7.81464
-3.11073
6.34004
5.49662
5.80443
-0.420848
1.45317
5.36625
7.47844
10.8767
-3.64968
0.0255283
-5.47335
1.98885
-8.20762
-4.50656
-5.6477
-1.89786
-7.13799
4.52165
3.72626
2.32012
-2.98234
-0.0181556
7.30326
3.3379
5.96959
-2.71452
1.97819
0.166007
-2.47667
3.3091
0.727566
-0.56665
-1.57402
4.94348
1.46586
5.18107
1.00737
1.79156
7.82964
0.221645
-7.1112
-1.42794
-5.07488
2.18326
0.0908697
7.57958
7.39665
0.107601
2.85602
2.82258
3.1774
-4.0695
2.42778
5.53693
-5.02021
0.30726
-3.43815
-3.18513
6.08817
0.950961
2.34804
9.23203
-5.6287
-4.24573
-1.85754
2.51735
-2.18839
-3.90908
-4.09364
-3.07992
5.21317
-4.94659
9.09026
-2.85049
10.3517
0.6278
2.5055
-6.62928
0.0682384
-3.83829
3.9433
7.74648
4.13395
-0.918104
-0.655229
-0.829147
4.35064
-0.499822
6.20816
-0.46036
2.52763
-2.38331
-1.92531
-0.637234
8.21762
2.49637
-2.08348
-6.62151
3.41558
-2.13196
-1.41052
1.08525
1.62404
-3.01885
3.35242
5.44298
7.07719
3.61699
3.06827
0.243097
6.01662
0.158309
-2.72535
-1.86373
1.5091
6.1018
-9.64238
8.43219
8.19414
0.824124
1.4929
7.62231
-4.95901
9.32944
1.92531
0.966552
-3.38569
0.611816
6.94734
-1.40999
1.72248
2.83785
0.765965
2.44535
-1.14877
1.23015
-2.22503
-2.33795
-3.35094
3.38685
1.93471
9.87845
-1.33097
-6.41301
4.13691
-0.353674
4.54345
-3.67616
-5.54668
0.576033
6.42769
-2.49547
6.93773
2.40345
-5.41846
-3.41137
4.53103
4.17326
2.69634
-1.92229
-6.13811
-4.78861
-1.01427
-2.09008
-1.9036
6.9536
3.63636
-8.43815
1.44781
-3.31407
-0.0838732
4.6315
1.99243
-4.47508
11.9615
-2.91438
-0.656547
0.498832
-1.10998
-6.45071
-3.71726
0.269825
-0.306948
10.3598
4.77201
1.09483
4.7916
-6.84977
2.55672
-2.74144
1.30431
1.58165
2.92236
1.38599
1.82782
2.72014
-2.91833
3.62259
-2.30962
4.36831
4.36599
3.35902
0.00330766
-4.23179
14.4061
3.61053
-0.695196
-4.53012
1.94336
5.80757
5.57562
4.31834
-2.84401
-2.46217
1.9624
3.59818
-2.3431
-8.82616
-2.62834
-0.743536
-0.0979834
-7.07762
-0.891198
-5.98232
-2.84604
-11.0152
-2.8459
0.379353
-8.92064
1.90083
8.48829
-3.9626
4.12494
-4.74041
3.89949
1.15775
-2.57981
-4.96569
-2.21347
4.99215
-5.98192
0.927569
-7.42911
5.84753
-5.98744
-2.01816
-5.08327
1.96194
-4.6511
0.907646
3.14781
-0.10546
-2.52029
3.85672
4.52996
-4.4928
-1.13985
4.89896
4.00848
4.84503
-4.13294
2.05098
5.72911
-1.5645
-0.994027
1.15965
5.69388
5.32071
-2.5697
-0.988639
0.757019
-6.23523
-6.95333
-5.31568
0.646965
-3.883
0.62203
4.59049
1.67389
-5.00132
6.49872
5.13765
4.51295
5.34224
5.212
5.47667
6.55709
-0.324292
-1.4002
1.9869
5.82102
4.9392
-0.223945
1.02668
5.57867
5.26254
3.37235
1.02107
-3.7151
-3.75265
-3.89162
1.66782
-5.19135
2.77552
1.9568
3.01732
7.62899
-6.13345
3.39283
0.536176
-3.45657
4.50192
-2.15025
-1.64837
2.68108
-1.15578
2.62042
1.1558
6.94641
9.41562
4.02107
-3.07546
-1.78061
-0.281703
-1.30358
-3.21741
-1.11165
-4.38967
-3.76402
2.95095
0.444683
1.16708
-1.88857
4.88707
3.21451
3.16738
2.23387
3.83661
-4.62466
-5.89478
5.09452
-2.22181
-7.4241
3.56305
-4.42627
6.78191
2.35218
2.41755
1.42526
-3.29634
-2.67102
-4.30576
2.20595
-2.164
-0.127067
1.21627
5.04212
1.722
-4.79369
8.43942
4.68029
9.56313
4.95052
4.10135
-2.49242
-1.48084
-4.3641
-3.08117
0.995753
6.65006
-2.41444
7.29263
5.45504
1.53871
4.89246
0.417935
-0.441658
4.36072
6.86587
0.817412
-6.59031
-9.18953
-7.64559
1.31725
-8.78417
2.38117
4.73084
12.9954
4.0697
0.315334
-7.23741
-0.398213
0.530792
-1.7917
-4.81485
-2.49011
3.2428
-0.44744
7.14191
5.06916
0.030453
-7.49843
-5.41517
-2.16217
-2.22535
-1.13356
2.76341
5.81626
3.26016
-6.47277
-0.841579
1.09546
3.19404
0.249243
-1.80129
-5.83318
7.83752
2.53368
-6.47399
0.630859
-1.47009
-6.28394
2.34406
2.77342
0.467579
3.81484
-0.577426
-1.78579
0.909913
-5.80529
1.32958
-0.71838
-1.56122
-1.98747
4.81562
-2.64891
-1.03633
-6.04045
-2.36725
-0.24098
-5.43993
3.35562
4.71379
5.66717
-2.18517
3.845
-2.58104
-0.586777
6.35662
-0.65368
-7.74784
3.1641
-3.021
-1.65506
1.45688
-2.44526
-3.87246
2.64469
2.16668
6.13045
-2.91057
-0.587231
0.817322
0.0896342
5.23719
5.72519
3.01508
0.0964025
5.73324
2.04703
1.82125
4.31428
-0.689609
1.50575
5.99472
-0.992619
3.01496
0.664691
1.20221
7.77866
-8.51933
-0.103937
-0.862817
3.2147
-3.26567
-0.178136
2.21923
-5.93086
1.02701
5.25282
-1.41344
5.30548
-3.54515
-0.0673487
8.91319
-0.100956
-0.961231
-4.26677
0.515511
0.498808
4.99161
-6.10965
3.73495
-6.43356
-5.38032
7.32298
2.96022
-0.880426
2.74274
6.21116
-2.28897
0.671308
0.0745624
4.98119
4.27161
-2.63815
4.1826
-0.916722
-6.04399
3.02407
-1.18484
1.65641
-2.42784
-1.34481
-4.71709
0.641146
5.05195
-7.49561
1.64386
-9.66172
-6.13372
0.425178
0.150498
-2.18781
-6.33042
3.57557
4.36644
6.35354
3.58041
3.88302
4.02464
-5.97002
2.98439
-2.91532
1.0456
-1.80687
0.310323
-5.04707
2.1046
-1.99911
-0.15228
0.602351
5.98538
12.1469
1.365
5.00739
2.34982
-0.702662
-1.44867
-4.6521
3.74468
5.55787
-0.450514
5.31041
-1.70339
6.29418
-9.76834
-1.2392
-1.6634
0.90151
-3.66832
2.22835
-5.72012
-3.93167
9.7161
-0.185782
2.60597
-2.39371
-2.83283
-3.65463
-1.39996
-1.14866
3.53571
2.85899
0.367976
1.85546
4.77695
-3.69076
2.29059
-0.514519
-3.99717
3.68954
-0.674584
3.16529
-0.538902
-0.566333
6.95346
1.46793
4.64769
4.55934
2.40203
8.5726
5.9263
4.73893
-0.181431
0.101326
3.27833
1.31459
5.69961
-3.11389
-1.12206
-0.34707
-3.57379
5.25608
0.633336
1.39833
0.239193
-2.23675
2.90051
-5.06078
-3.17808
2.73263
-8.63072
-2.66676
-1.82947
-1.55795
1.33112
-5.9669
-5.90333
-0.438868
5.5509
1.18675
0.767207
-12.0107
-7.02123
-2.37375
-6.57958
-2.0634
-2.00443
-1.9748
1.21639
-2.46007
5.85374
3.90046
-3.10051
3.12142
0.28056
4.44965
-1.76152
-2.07424
-1.22793
11.3083
-0.59608
1.69031
5.25027
-1.87101
0.506893
-5.90908
2.57311
-0.0943213
-3.18416
1.90295
4.65478
0.956742
0.117892
2.40293
1.02869
2.81536
-4.98636
-0.04653
0.0809294
0.175264
2.26622
1.68453
-2.88156
-8.96845
0.143216
1.55941
2.50002
1.06401
-4.98717
4.28373
7.85773
1.9994
-5.91464
2.30003
3.50139
-1.02303
-2.64959
-5.19357
-4.48067
0.425848
4.04122
0.19702
0.470969
-4.51927
-7.17014
1.25518
0.383025
0.691505
-5.63848
-11.016
-2.69933
-3.8998
-7.34297
-1.81237
0.103558
-4.04147
-0.995069
2.48275
1.57341
2.66904
-1.79886
-0.0427231
5.07978
-0.527605
-1.90002
6.28402
6.33367
-3.35082
-5.18462
2.16606
-3.02533
2.69629
-1.11375
-4.51826
-1.10136
-2.8883
4.64881
0.378736
-3.24063
0.390022
6.07762
-3.69777
0.458035
9.26948
9.18093
-9.09332
3.10752
-0.760576
6.17295
1.97834
6.14347
0.864423
-3.90587
-0.0864027
6.7012
3.0886
2.95238
0.7973
-0.80937
5.37495
-2.82865
-0.610924
1.76921
3.19988
2.16149
-6.1491
-5.20567
2.80722
-8.19476
-0.494867
1.90279
-0.656257
-0.156946
6.94183
7.66454
-4.64618
1.7025
3.01631
0.36644
-2.92449
-3.80331
4.57493
-3.67497
2.16514
-2.45283
3.61447
-2.4017
-3.4131
-3.9911
3.78349
5.74444
3.38422
6.56409
-0.876861
2.42108
3.31042
-0.363954
4.32625
5.02376
2.33205
-6.76583
5.34934
-3.06843
4.94082
-0.000992785
-1.53079
-4.36114
5.98792
2.97855
-4.23573
2.25341
-5.18547
3.60969
-2.73965
2.09426
4.04625
6.67765
-2.18106
3.96359
1.64086
-3.61814
7.29346
2.41824
-6.0469
-0.44742
4.79616
9.43308
-1.35448
-5.01718
3.62874
2.99571
3.51461
-2.08727
-3.85423
4.10728
-1.84967
-4.90043
-0.401925
0.245844
1.37923
1.617
-1.41639
0.583099
-4.71761
1.0997
1.88166
-2.06801
6.56571
5.73948
-4.30726
-3.36798
-4.44233
3.03148
-6.8539
1.88281
-2.44035
2.57681
-2.60523
-2.00301
-1.31787
1.59125
3.6413
-8.69363
-0.169508
-8.1482
9.78925
3.31152
-2.88627
-0.821432
-4.71457
-3.16134
2.31757
-9.05499
-3.74123
4.82038
3.19109
6.36858
4.94957
8.53916
-1.74988
-0.981525
-4.91109
-2.96024
-4.32701
-2.84377
-3.14104
4.60783
2.00387
2.46854
2.19905
10.2567
-3.69721
3.60625
2.23273
2.16182
-0.0792386
2.93733
-2.29177
-0.789188
-1.02299
-0.0700322
-3.47359
2.67104
1.56418
-0.0537568
1.32935
-2.27943
1.40304
-0.478056
2.79865
-2.11749
5.52149
-4.14937
2.03595
-0.072949
-0.0337051
-5.62228
-0.801667
-0.813453
0.226254
1.12598
1.97455
2.07702
-6.76048
1.12614
-1.00111
-8.13979
-2.60999
5.0043
4.19094
4.2015
2.07986
-2.71376
3.35985
-1.6662
2.03996
-5.04951
-2.76996
-0.325247
-8.84152
1.26926
0.953832
-0.186515
9.50266
9.62292
-1.14135
-8.42356
-6.37781
-1.23264
-4.42328
-5.40305
3.77137
-1.06696
3.75947
-1.81593
3.19498
1.80729
6.00273
0.373959
-2.10661
2.00295
5.28845
-0.40471
-0.369595
6.90495
-3.96798
1.46745
-1.08386
-3.9192
-3.87858
0.987904
-0.62608
3.07143
-7.41661
-0.250025
0.574413
4.58282
6.37686
4.2388
7.01176
-0.509933
-3.08867
-4.8664
2.15605
4.24972
-4.20726
7.54578
1.20478
3.46522
7.14162
-5.70358
1.89619
3.70336
5.39331
9.79373
-2.12464
1.74978
-2.91943
-9.1383
-0.376232
-5.29614
-1.87109
1.4444
0.288496
-1.36513
9.1689
-2.14993
-8.76525
5.21976
-1.60271
0.703291
-0.242883
-3.04908
-4.871
0.797368
-1.91873
-11.3289
-1.81289
0.972109
-11.027
4.05091
-0.365272
-6.99703
1.24446
-0.949968
-0.204366
0.186877
-4.08817
-1.17893
1.01452
0.711215
0.946564
3.31259
0.367681
0.317758
-2.36776
-6.90658
0.439989
-1.55407
5.12908
3.6863
6.44481
4.34105
2.34574
0.146281
3.57979
-1.07648
-4.63599
4.22707
1.25085
0.0755806
-6.77754
8.27769
4.85169
-2.44239
-0.016743
-0.880574
1.52965
4.15624
-1.30604
-11.0555
2.1367
0.148189
-4.82251
-0.239901
5.67806
-3.22107
-2.64058
-7.99101
2.84293
0.278017
-5.37894
0.410357
0.666227
-4.88015
6.47428
-3.75283
2.9996
4.92984
-4.29164
4.3358
-3.50015
4.30388
7.56498
7.27243
0.00636779
-1.87428
-0.317523
-0.762408
-8.52044
-12.9677
2.81521
-3.4666
-0.830347
-4.93663
-2.15658
9.35819
-1.59009
6.77604
1.58134
0.893049
-6.40462
-6.23319
8.28207
0.902907
-2.46436
4.85744
0.300967
4.57127
2.17403
-5.45449
3.59047
1.33213
0.850429
6.18633
3.48115
-2.76759
0.302394
-1.76484
-1.99471
11.1584
4.34032
7.89284
9.60932
3.25421
1.28035
0.0544003
-4.39751
-7.13517
-0.78358
4.67584
-6.52475
-1.89077
0.129499
-5.75987
-2.52574
4.21467
8.1408
3.09769
-2.32733
-1.29562
1.59248
-0.0161711
3.95793
1.52555
5.98353
2.47999
1.07177
5.08273
6.77496
-1.21979
-5.03069
-7.54449
4.58934
-2.96243
3.70282
7.1769
0.272362
1.568
2.73801
4.32507
-2.16175
-3.0336
-4.43661
-1.3235
4.43817
-2.31533
-3.11101
-8.02875
1.98202
3.21331
-1.85506
5.1105
-1.79359
-1.47775
4.35127
1.87257
4.47013
5.45529
0.684379
-4.59584
-0.69358
-2.77643
5.50891
-0.0382945
4.82143
2.4005
2.4262
10.2021
-5.25358
1.2948
4.30038
-2.56488
-6.09382
5.79544
1.16051
2.14417
-6.85288
8.42405
2.79141
-3.68158
-2.31071
0.773598
-7.24762
8.22233
5.89586
3.02329
-6.6546
-2.15449
-5.2727
7.53668
9.60046
-3.43646
2.37594
0.932049
-11.7967
9.84271
-2.58449
0.928985
-5.52846
2.03488
-3.61525
6.95329
2.14236
-0.685959
-3.27347
4.97898
0.206488
-2.13604
2.70361
-5.71757
-7.58181
-1.47665
0.444043
3.38699
2.4394
7.51585
-1.73517
2.02217
3.64029
-5.29074
8.4436
5.76646
-3.35441
0.720246
1.12878
0.704508
4.73641
2.60748
3.86433
8.93937
1.26964
-2.14224
0.201269
2.61487
3.39471
-5.87135
-5.72327
2.87899
-0.581319
-1.31125
-2.13087
-4.62601
3.37575
-7.53479
3.33901
3.85885
-4.11603
-0.626887
-6.09688
-4.0452
1.29751
-4.2328
1.03269
0.207576
-0.171597
-10.9931
1.2046
-0.952869
1.66395
-9.86651
-5.68338
-8.90662
3.60356
0.440366
5.03112
3.40235
-0.889709
-2.86241
-10.1407
-3.39024
-4.65814
2.8184
3.41293
0.528505
4.18682
-1.86485
-2.3263
0.179033
-7.36591
-4.37089
1.93388
-3.96575
-0.109389
-0.853959
-0.932501
1.45474
3.60324
3.8185
-2.03941
0.933574
0.482083
-1.2968
-5.54149
-2.4672
-0.941722
5.59541
1.42411
8.87671
5.13742
6.05328
8.21727
-2.48607
3.54948
-1.98349
-6.5435
3.64466
-5.47204
-7.13084
4.83493
3.78455
4.6249
1.00497
1.71969
7.07433
7.15737
1.15565
-3.57854
5.55217
-7.3957
-1.00326
-0.0672185
0.0450329
-0.687387
4.17908
1.92482
-1.30854
4.02377
1.72353
-2.45191
