-2.87315
-3.94295
4.76686
-2.44175
-1.69002
1.58783
2.19321
1.40952
-3.62668
-0.938544
0.409239
-0.799654
3.28522
-3.91836
1.93019
-3.48223
1.11125
-1.23751
-3.78617
0.848113
4.59737
4.12372
-0.446511
-3.21196
1.34708
1.57344
-0.288542
0.0788802
0.0859954
1.73852
3.48226
-0.47339
-2.8279
-4.74718
2.56247
5.67071
1.1555
-0.171963
-1.99077
6.35527
-3.27229
-2.92532
4.3194
-1.65659
6.04942
4.72543
-0.768996
1.88265
-1.24182
2.78672
-0.0586094
-2.33451
4.49917
1.82149
4.35983
0.725987
-2.58504
0.871247
4.10862
-0.965137
-4.37223
0.633399
6.04401
1.46722
-0.263355
-0.846058
2.35831
0.0590377
1.20152
1.68114
1.32246
0.192254
-3.31032
3.87598
-0.14261
2.6744
4.78505
-6.3359
-9.40549
2.85333
-0.784477
3.87281
-1.95172
0.352619
1.22813
-0.918337
-3.28492
0.938902
4.33053
5.51974
-2.86564
-2.29323
-0.721012
3.10445
4.31702
2.45252
-1.28444
0.106655
4.81136
-0.187919
1.4379
7.96169
3.93614
-0.937499
-2.40641
-3.67384
-1.98065
2.48767
-1.3228
5.06587
1.14409
-2.95013
1.01596
2.65581
4.00428
0.500446
8.25015
-2.02137
1.2066
5.07322
3.10766
1.1646
-1.80449
-2.52197
2.6277
1.97627
1.22865
1.60733
1.84398
-3.18818
5.54705
-2.37892
1.40824
2.65989
0.89971
1.50776
4.42276
2.15598
3.41719
1.60557
-1.67922
-0.348762
-0.0151408
-1.64251
-6.87086
3.65816
-1.52727
-3.08174
0.206545
0.99612
6.85064
2.50701
0.503237
-0.795732
1.44682
6.5637
1.91774
1.69337
1.39116
-1.0886
3.78038
1.12058
1.23203
0.18472
-3.66681
2.55975
3.62252
-0.327947
3.08002
-4.28198
3.45399
1.44599
0.020785
0.169808
2.99865
-2.16981
4.49358
3.33927
-4.382
0.605879
0.659848
2.94822
0.66317
1.57104
1.30824
2.71691
2.72649
-1.02815
-1.30398
-3.70276
0.0897329
1.99042
-0.376032
-4.41108
-1.81988
-2.27662
3.19917
1.9866
1.19308
3.92461
2.05419
1.64984
-2.47522
3.17755
1.65343
3.21325
1.70975
-0.296323
0.834695
-3.19631
4.09324
-4.87503
5.20048
-4.42614
3.29617
-1.95451
6.02889
1.17887
-3.05271
0.557797
-1.91558
0.462308
2.50332
1.92064
-0.013104
2.81597
6.27348
1.07377
3.122
1.48354
-1.15111
-5.17825
-0.532545
-0.234052
-5.06961
-0.798331
-0.720739
-2.7386
3.78819
1.88581
3.5533
5.22017
-0.00909071
1.3792
-5.83961
3.30314
-0.116212
-0.268948
1.85583
1.18615
2.95522
3.41938
-1.00001
-1.65883
1.80474
0.75243
-1.27801
-6.80972
2.47308
2.38775
-4.56854
1.99045
3.36724
-0.407287
2.27166
-2.23104
-0.699902
-4.99579
2.98088
0.705141
4.57811
-3.1077
-4.59298
-1.88107
1.22685
3.82943
-0.419398
-0.297696
-5.96385
-6.7382
1.75875
1.80841
-12.2496
-1.64754
-8.98347
0.865685
1.18842
-1.22791
-3.16337
-2.04275
-7.11646
2.08256
1.1287
-2.33725
0.26786
-4.60952
-8.41948
-5.09678
0.693922
-3.71152
0.330042
-0.300187
1.51498
0.407957
4.26136
-5.39578
-1.92371
0.672304
5.81968
2.11934
-2.55923
0.482324
-3.47253
-3.75098
0.0897546
0.589065
2.11705
0.46997
-5.6034
1.86076
0.128138
7.69028
-2.5526
-0.91184
-1.60653
-0.570497
0.590964
-0.0593191
-3.02813
0.727519
0.589288
6.42239
-4.10353
-3.95406
2.69455
-0.0131568
-3.85925
3.96736
0.169649
-4.19632
0.308098
-0.326125
4.81841
-1.4533
1.37748
3.81976
-0.308489
-1.01774
-1.85385
-5.84108
-3.10889
0.464617
0.381678
-1.65529
-4.18953
4.4949
1.70599
2.79001
-2.33469
1.37198
0.789739
2.97599
1.51186
-1.39676
-0.821848
3.44243
-0.454219
-0.715494
1.70639
4.60023
6.54861
1.14827
-2.35934
0.417996
6.06287
-0.421061
0.15463
-2.5679
-3.64993
1.05145
5.72674
1.30554
-3.77949
2.6363
-0.182254
1.87185
-0.602084
-1.37942
-3.73027
-4.26607
-3.00246
6.16487
2.86224
0.402358
1.09615
7.92332
-2.15249
-0.842311
-5.33772
-2.03123
-0.708583
0.683888
-1.32757
-0.127661
-3.81554
0.219227
-5.78828
2.66765
3.10296
-0.881722
-1.92077
-2.09708
-0.678804
0.668106
-2.96997
1.40282
3.85558
0.630136
-3.82918
1.46414
-6.20454
-2.39371
-2.53629
1.54132
-3.12022
0.601359
0.681327
2.92707
5.17348
-1.43555
-3.85886
0.000424485
1.76759
3.0221
2.33087
0.838176
-4.99721
2.96947
2.22463
-1.05178
-1.5063
3.62472
2.66218
2.66614
-1.5906
-2.38941
0.328448
-0.909336
-3.52382
0.257793
-2.33776
0.921135
2.81418
-2.6529
1.48776
-1.72153
-2.50439
0.879534
3.04734
2.08988
-0.679491
2.25905
2.85328
-2.5157
1.44175
1.90307
-0.315085
-2.0604
5.06534
0.720805
-0.589175
3.70373
-2.23182
2.42712
0.505263
-1.75806
1.02542
3.38661
0.571412
0.438899
0.444142
2.47457
3.16213
-2.25248
1.2401
1.03041
2.26941
6.54608
-0.284457
-3.15855
0.509493
3.8964
1.79859
2.0625
3.2332
-0.864163
0.0753054
-1.69993
3.39364
0.898308
4.2443
-3.88132
-0.580292
-1.30961
-0.239311
2.32293
6.36647
-2.73002
-4.97517
0.660618
-0.865569
-0.276813
-0.946796
2.49167
-1.79168
2.95685
1.45217
0.801537
3.25399
2.88154
4.60574
-1.2162
-3.04246
5.63404
2.89225
-3.47783
1.22952
0.317342
-2.02372
0.986555
0.31482
-1.60163
-4.13848
4.00333
-1.19049
4.16582
-1.14315
1.964
-0.979517
-3.10245
-0.684597
1.45274
-0.245698
1.54742
-3.86276
4.45257
0.264699
-2.94611
-6.10214
-8.14768
0.558238
0.462501
-4.52475
-3.13342
0.50652
-2.38223
-2.82762
-1.33732
2.04913
-2.00919
0.174133
2.79208
-1.63182
4.50555
2.99492
-3.31494
1.94478
5.72902
1.44388
4.24049
2.10859
-0.0345224
2.6085
-0.72608
6.31687
3.826
-0.826509
1.7025
-0.914392
0.605834
1.22231
4.37679
-3.59372
-3.68622
-2.24626
-2.19894
-0.0733387
0.358208
5.78812
2.49113
-3.63112
0.80666
-5.26768
-2.9277
-4.16706
2.21099
-0.397148
2.95689
-3.59601
-1.32666
-1.85275
5.36067
3.55443
-4.36543
0.57814
-2.11448
-3.76259
-0.953917
3.50172
0.420277
-2.68112
-2.09884
0.506341
2.08499
5.96756
-3.66851
2.96587
-5.77641
2.40439
-1.01806
-2.66608
-2.77323
1.54723
-0.471783
-4.77178
1.15074
6.06442
1.1137
-0.877037
2.75055
1.82477
-0.737764
1.51166
-2.72259
0.463622
-2.13047
0.983624
-0.402954
0.851968
-1.33506
-1.23511
-3.09075
-0.501094
1.27605
-0.234294
2.96596
-3.45253
-2.82597
-2.07449
1.61243
1.02162
3.23021
0.913266
1.11846
7.50149
-5.62871
3.31492
2.57986
0.804635
-1.53272
-0.334708
2.9786
-0.47199
1.01522
4.50115
0.534245
1.81163
-3.87228
-0.578069
-0.857469
2.52962
-2.26259
-7.72133
2.00341
-2.75914
-2.08586
0.636466
1.34972
-1.03527
1.80044
4.6519
-7.06983
-1.00014
-0.590179
2.29577
4.7484
0.638254
2.11449
-1.77158
-0.0553728
2.19794
1.08266
1.60911
1.43533
3.23273
-1.17277
2.57254
2.50349
3.36467
-4.39698
-1.95955
-0.0899017
1.95235
1.87604
-0.200289
3.36077
3.48672
-3.0884
2.68511
0.0491364
4.40689
2.48692
3.38181
0.163187
-1.87026
3.37686
0.665241
4.74823
-2.63423
-0.0634228
-0.33332
2.1998
-4.27498
1.75669
1.51201
1.99889
-2.82379
1.93986
-4.05353
-3.41477
-0.477698
2.75929
-1.01367
-3.22195
-0.594811
-1.74273
-2.6363
-1.43463
-0.190893
-2.68065
-1.28202
-2.34772
-5.78453
-3.50279
-4.28562
-1.30848
-3.0718
2.30579
-0.613761
0.333357
2.43622
1.97949
0.80692
2.80012
1.25459
3.87648
-0.907182
3.4574
4.54868
2.39046
-0.36931
0.373341
3.55694
-1.5034
-0.220658
-1.54066
0.664275
7.38273
0.878076
-1.4825
1.34314
-1.28934
2.46546
-2.27752
1.12228
-0.675158
1.91875
-6.00275
0.143665
1.421
-4.79457
-0.24869
-1.00062
-1.65059
5.52293
2.38802
4.15029
2.70285
3.72162
3.38499
0.631839
-0.983105
1.31295
3.96219
-3.56401
5.77552
0.518111
6.21302
1.78468
5.02443
2.28652
2.89026
3.19766
2.99083
-2.87359
-2.72412
-0.0797452
1.84726
-0.491129
2.15273
-0.629484
6.34519
0.795571
0.226063
-1.76158
0.940912
-2.14093
1.2958
2.1285
-0.674788
4.94656
-1.50159
5.00884
-0.273856
-2.60462
-4.31801
-1.28191
4.39131
5.4513
0.598563
-1.1377
0.44072
-0.849576
0.392711
0.78426
2.47593
-2.45924
5.34309
-6.35429
5.79947
0.183466
-1.80952
4.50247
-2.66116
5.03169
-0.0779342
2.08446
-2.98284
2.69273
-0.950079
-1.41196
2.89865
0.863244
4.21745
-3.25403
-3.48979
1.36383
1.28769
-0.79213
-2.37698
1.60365
2.83334
2.57448
2.03138
0.917136
-2.93024
-3.82275
-5.04227
-1.02857
-0.85166
0.905783
-8.72635e-05
2.76275
5.53961
3.18623
-5.15293
1.625
2.61053
1.10962
-5.50049
-0.342544
0.857119
3.89647
-0.520407
-0.489713
-3.60052
0.844329
-0.04291
3.45351
1.06603
-1.50443
1.11035
4.05148
-2.86984
-1.93303
-2.1441
1.89994
2.19178
0.264942
4.06478
4.06635
-1.75998
2.25089
3.36223
6.56346
5.48085
-3.12183
-3.86617
-2.34757
4.08668
5.81011
2.2032
0.555723
6.79992
-1.83275
-1.05971
-0.739868
6.06319
1.01887
-0.583583
2.2651
3.45979
1.37304
1.52382
-1.02507
-1.85319
4.83355
4.70222
4.80656
2.57749
5.01843
-2.52192
3.12402
0.0165997
-4.1088
0.722701
-0.178006
4.39498
-0.10465
-2.75022
1.65302
0.74464
-1.92349
6.44049
-2.70883
-2.68132
3.17782
0.896546
0.983197
3.22285
-0.0591804
1.69736
1.97903
2.09855
4.84418
2.34506
-2.38814
4.73115
8.21011
-1.20931
1.42153
3.38382
2.99461
1.26418
0.6673
-0.87038
3.78683
3.67096
0.792715
-0.306549
-5.57406
2.99847
-7.79123
-2.87922
6.02083
1.39286
0.954793
-1.33785
0.853683
2.68899
-0.497305
3.23833
-0.261061
2.51673
-0.726142
6.23929
2.12003
4.20346
4.73991
3.01292
-3.96896
2.90622
2.24233
-1.53391
2.49963
-2.69738
2.12429
-1.2178
-1.45678
1.3915
-1.49572
3.16332
1.3719
-1.22682
3.64044
-5.5945
-0.207963
0.00631301
-2.55548
-0.0481387
4.98867
0.776783
3.35272
1.23211
0.920417
3.23261
-2.63331
1.0145
3.15779
-1.15066
5.04378
-3.18643
1.95854
-0.966245
-0.395934
-0.94808
1.43876
-4.81553
1.34057
-2.73458
-6.00244
-1.90654
2.41747
-3.08403
-1.48579
-2.00695
0.829699
3.57974
-0.225107
2.10293
-6.06243
-1.69382
-5.52882
4.81784
2.16978
-3.27917
3.55844
1.7544
-3.18686
1.86809
2.43183
2.03169
-2.68123
4.09156
3.9728
4.3517
1.04515
-1.83178
-0.367551
-2.37065
2.50696
-1.30133
-2.95626
-0.683283
-0.7808
-0.257988
1.58573
-4.12307
-1.18326
-3.13972
4.13275
1.96998
0.047268
-1.46653
2.16209
-0.890939
-2.39394
1.19885
5.18062
-2.33194
1.91357
-0.912737
1.00778
-5.91782
-0.314094
-3.09543
2.20787
-2.4508
0.989858
2.64242
2.31973
-1.33002
-1.70771
-4.12641
2.26354
-1.02575
-1.46456
-0.0136884
-6.95935
-4.75875
3.03323
1.41157
3.30991
1.09085
2.86662
4.79461
3.05466
1.22493
-6.29482
0.862284
-5.76154
-4.40697
-0.906424
0.200957
-0.652091
1.82177
4.80702
2.07271
3.84653
-0.344942
6.50354
2.79017
2.08896
2.06274
-0.845266
3.58727
-2.01387
-0.444246
-0.759849
4.65371
-0.558636
1.44597
1.7961
-2.97946
1.62815
-6.89475
0.104233
1.26261
2.20085
-2.16729
0.843318
0.763748
1.8232
1.09262
-1.40104
-3.6774
0.964609
0.19219
1.88286
2.54291
-0.130819
-4.57727
1.92558
3.24403
-2.20196
0.369097
-0.930124
3.06504
-1.0643
1.20594
1.42303
4.841
3.0987
-0.358889
-0.375329
-3.16378
-0.764755
1.2178
0.565736
-0.00108443
-0.578928
2.21007
4.03449
3.5947
3.44303
-1.72464
0.38987
3.53283
-0.215891
-1.29481
1.87593
-1.64807
2.10909
1.46291
4.53034
5.84178
1.05188
-0.724923
1.20767
2.98109
1.67853
1.24091
2.67865
1.82194
1.15701
-0.4308
0.464398
0.720343
-4.78784
-8.57308
4.19159
0.230429
-1.81187
1.50903
5.09727
2.72531
-1.05643
1.94596
0.543053
-0.950524
2.32169
3.80959
3.06938
1.02057
-4.35609
5.46559
0.106776
0.85438
0.372373
-2.58179
5.45296
-0.164672
4.50087
3.97304
0.132683
3.44923
0.590434
0.674481
-1.62446
2.03634
0.000589972
1.75268
0.0196029
0.949548
-0.0785387
-4.38677
2.79519
-0.844283
-2.11248
2.4702
3.52685
4.72818
4.16976
6.42994
0.755301
0.169789
-3.079
-1.23838
8.2574
-0.0617491
2.79642
0.766119
-8.27598
1.43752
3.47058
-8.86157
1.26578
5.96479
-3.59916
-1.06894
-3.48821
-0.0091966
-2.04532
1.3452
2.01472
5.00335
1.75646
-0.0392912
-0.797936
1.45016
-2.12526
0.269718
1.44602
1.53578
0.831082
4.713
1.42293
-2.93291
-0.850351
3.01453
4.87648
3.63539
4.18349
0.32224
-1.75822
-0.12153
-3.68729
-4.18819
0.956053
-1.05041
3.16771
0.580471
2.65082
0.295168
-0.763512
-3.67111
2.67769
-0.35987
2.31637
2.87836
1.41687
5.44769
1.41248
-2.63706
-0.382084
-1.52117
-0.186832
-0.26916
-0.712849
4.6758
3.91771
0.7786
-3.04875
1.37974
6.40902
-0.941845
1.1766
-2.43779
-2.49376
5.39172
-1.73568
1.90178
-0.496947
1.11377
4.73562
1.5423
6.58418
7.93685
3.32659
-3.14646
6.71434
1.57261
1.59243
3.68309
1.78999
1.72958
-3.08593
4.54563
4.52523
-1.0651
-0.233443
0.481942
-1.23114
2.4154
8.5571
4.45424
0.148831
-4.30081
-0.640957
3.54751
-0.544926
-3.0467
2.99043
-0.677997
0.0338087
-0.909114
4.38582
-2.93803
-0.19159
4.63774
3.22157
2.65545
0.445385
1.24614
-3.21533
3.204
-2.34888
-1.79125
1.97105
4.73078
0.313859
6.03005
-1.6429
6.30197
-4.25105
1.51444
-1.87017
-5.40504
0.574539
-3.27115
-2.12207
3.70698
-2.31105
-3.65742
1.74649
-1.16638
3.70867
-1.79759
1.59443
-1.77037
2.68052
0.26262
2.60416
1.80952
-1.27408
-2.8745
0.506775
1.68729
1.33946
-5.10813
1.38869
-2.11292
-1.27892
3.28302
-1.61772
-0.606729
3.33358
3.27005
0.663862
-2.0717
3.78673
3.66444
0.412656
4.45046
-3.31782
1.10543
0.244522
0.0208208
-0.227481
-1.93298
2.22105
-5.58249
-2.03579
5.33196
-2.0383
3.23216
-8.54099
3.24024
3.99147
-0.113923
-3.34921
0.080436
-5.18561
-3.56902
0.0922561
-2.9371
2.78785
-1.47306
2.79783
-2.12563
1.28405
2.15668
-1.81744
-2.33704
-0.821837
-1.72329
4.76585
5.88015
1.38639
-1.22659
-1.17747
-0.0785112
2.43145
-4.87067
4.00599
0.084935
-1.82751
3.88608
-3.81164
-0.429289
3.9637
2.49197
-1.58533
-1.06027
-7.27752
2.16219
-5.15981
-0.542902
-4.85605
4.38635
-0.0748489
-2.47056
1.05442
3.09777
-6.21766
1.55467
5.68897
6.52695
-5.09615
-3.11869
-1.61605
6.79667
1.86061
1.8771
-0.907847
2.07458
-0.125105
1.02107
-0.466495
0.567025
5.80868
2.54415
-0.549797
1.69308
5.39339
2.59411
0.882092
-3.97345
1.01228
0.145415
-2.7278
1.53559
-1.11757
-0.491398
-1.40231
0.792535
-0.120342
-3.71243
3.11884
-3.57545
4.80013
-1.3553
2.69624
2.42842
1.78826
-0.778413
-2.02882
-4.54522
-2.56459
3.14749
-1.79504
0.889483
-7.53468
2.10207
0.614424
5.0575
-3.13396
-0.125819
4.00306
2.77775
-2.06852
3.02194
0.810427
0.247184
-1.79179
2.24161
-0.157713
-0.403223
-1.04729
2.69789
-0.467131
1.56651
-1.52231
-0.347343
-1.86604
5.18152
2.46783
1.7312
5.91704
0.115029
2.82835
-0.3633
-2.30232
6.50039
3.10772
2.88958
-5.61608
3.42026
3.07497
-0.212347
-3.20827
1.94703
-4.1154
1.32799
2.45483
1.30769
3.2614
2.19552
-3.87102
0.424101
1.89693
-0.391887
-0.694736
4.18855
1.22147
-2.32075
1.31405
-2.84474
1.92495
1.98542
-1.80998
3.37063
3.47147
-0.796306
2.03926
5.2105
-0.878233
2.20752
2.91484
0.0895598
0.359098
0.570226
0.136938
3.59093
0.456166
1.64931
4.30174
0.489347
-3.1414
-0.417113
-2.97018
3.81129
-2.24602
-3.58536
-0.346203
-2.17029
3.09226
2.46937
3.80868
-0.172595
-1.44109
-4.39145
-3.65409
-1.12448
2.6953
1.97208
-2.91745
2.75712
-1.73568
5.91933
2.81508
3.9196
-2.42183
3.23331
0.673277
-0.377489
-2.11441
-0.544782
2.3498
3.09261
2.28466
0.264033
4.44436
0.961061
4.09243
-1.91616
-7.68765
-4.31357
-1.47125
4.75487
3.42946
-2.46911
-5.55162
1.09825
2.42021
2.95567
0.690321
1.82015
3.8677
2.2299
-2.57746
-1.82945
2.19247
1.45771
-3.69025
-7.46713
-0.258034
-0.640273
-1.84883
-2.64245
2.24882
1.36089
3.32811
2.65281
6.45953
-3.30027
2.87297
3.74835
-3.68432
-2.60818
2.432
-3.08247
5.75778
-0.552321
1.07653
0.390923
-0.559101
1.69625
-1.15009
3.29199
0.881737
5.70933
-1.42091
-0.734194
-1.70358
0.518294
-2.2262
1.37345
3.91702
0.313571
3.42344
2.28036
3.22862
0.551325
5.53863
1.36779
3.01154
3.68124
0.723135
1.73888
-6.79968
-1.4654
-0.477461
1.77454
-0.71389
1.05901
-0.21507
1.10916
2.44455
-7.01109
-0.314651
-1.35421
-0.101965
4.3785
4.04509
1.72115
1.52718
6.2777
-0.943392
1.69711
0.385358
-0.191668
-2.71742
-0.954343
0.262632
2.08445
0.192663
3.39895
1.38604
2.34895
-5.73129
-7.96877
4.23562
1.01756
-0.014371
-1.08598
0.150143
-0.641764
3.28287
0.038214
-0.488698
2.65938
2.42325
-0.88798
2.43738
2.0614
2.59901
0.272154
1.36039
0.973046
6.69907
-2.86227
3.34856
1.75341
2.64663
-1.18251
2.31307
0.688993
-0.439711
-0.909426
-3.03096
-0.0174134
0.476028
-0.972434
-2.05563
1.35389
0.267789
0.0295295
3.50858
1.80636
-1.0114
4.38897
-1.442
-1.25294
1.37742
3.50003
-1.96503
4.42617
2.66177
-6.51875
-1.07989
-4.05254
2.8055
1.13881
-2.03908
5.11802
-1.46727
0.747625
2.41965
-0.626515
-0.114967
-3.83531
-5.83025
-1.05121
-0.524213
2.73751
-2.77488
1.15444
2.63367
2.8217
-0.267872
-3.47252
-2.8894
-0.574965
0.884221
8.22462
0.471948
-1.26941
-1.00869
-1.04262
-0.26474
3.3863
2.39337
-3.08688
2.16332
4.84558
-1.39689
3.17498
1.22597
5.18547
0.280524
1.61186
2.07636
4.99231
2.24831
3.29354
-5.15196
-1.20933
1.01175
-3.72722
2.16672
-0.873323
0.468487
1.08849
6.97035
-2.18185
-2.4996
3.12256
2.17031
3.01909
-1.37936
-0.108863
-0.429725
1.73929
-4.53314
-0.185285
-2.35714
2.37165
1.73539
0.760819
1.09031
-1.34412
-0.202799
2.85435
0.784853
-1.86194
0.804423
-0.58676
3.32699
-6.68896
-0.418846
-5.94172
3.54623
-3.09508
3.09501
1.65082
-2.73029
1.13019
2.08487
5.8365
1.49978
-2.29252
1.59594
-2.48194
3.48575
-0.387044
2.82808
1.91367
-0.0841556
3.74687
2.83451
-1.8841
2.04555
-1.99483
0.269742
5.20372
-1.57374
-0.79923
0.909942
-1.50834
-4.94191
4.29861
-1.10995
-1.43375
0.389794
1.62163
-1.12815
0.173342
-3.09258
0.666925
1.88693
-0.480176
-0.762415
1.50008
0.0610578
3.99137
3.73099
0.933446
0.864184
-1.25055
3.91183
0.379893
-6.09755
3.13928
2.7431
-0.694772
3.53792
3.97487
-4.32623
-3.36202
1.76777
-7.92345
1.35844
2.32405
-1.64317
-0.518504
-2.10162
-8.05918
3.29526
0.0582002
0.632737
-1.21709
-3.75984
1.3103
0.610722
-0.163023
3.19072
-2.88254
1.47752
-0.631945
0.733822
-3.49426
2.71846
-1.68208
2.26064
-0.220865
-1.60616
1.96312
0.545752
-1.74
-0.631553
4.71666
-2.21803
4.47818
2.49769
-0.978479
-2.81097
-3.31745
1.91595
-0.323563
-4.39354
-1.26182
-4.2267
0.0744724
2.61888
-0.839805
-0.377804
-4.58786
-5.37103
-5.39993
-5.29902
1.4818
-0.722145
-0.214236
2.63216
0.843868
-8.32568
3.38559
0.290879
-0.00940251
-2.159
0.940839
-1.74284
1.19871
3.06507
-3.64286
-8.29584
0.265833
-1.09914
0.522297
-0.00434585
1.45736
2.2824
2.36866
3.907
2.12678
-3.52909
-1.02163
-3.09798
-1.17787
