6.17885
3.27713
-0.0286269
-5.34333
3.67684
7.34309
6.82123
2.06065
-2.15992
3.715
5.56489
-4.5365
-7.78378
6.02737
-3.59094
-1.06616
-7.44444
2.5245
3.33761
-0.402894
-0.497271
-1.38951
-4.1606
3.35199
-3.83026
8.30183
-0.761845
5.50704
-0.171747
2.15146
0.697786
2.20429
-6.28067
2.3184
5.95858
-7.54007
-0.116279
3.30277
2.74621
0.286407
8.68491
-2.77757
0.354331
-4.13419
-6.43116
-0.190348
-9.47937
0.489235
5.55641
8.59968
2.54559
-6.78911
-2.41045
-6.47652
1.66177
-5.77453
-10.0323
-9.32168
-6.03376
2.22818
2.89782
-2.08731
2.75285
-3.34065
6.49143
-3.35637
2.4497
-1.89629
-3.42924
-1.854
5.73182
-8.78533
-5.84771
-0.131721
-0.467412
2.03101
-0.680908
-1.8939
2.83774
0.336963
9.18491
1.45214
-3.76422
-3.48656
-8.42756
1.23291
1.93112
0.343906
-3.58828
-9.32048
-2.15582
5.05023
0.388097
3.28712
-3.65689
-1.68407
-5.29297
-3.66409
7.4812
-10.1356
4.37514
-3.96492
-6.51845
2.55082
-0.803719
0.604008
-3.75782
-4.87365
6.71989
2.16106
8.00655
6.12948
-4.33691
1.72565
-0.00288023
3.54148
-2.49402
3.64826
-4.67942
-1.39904
3.78429
1.3066
-3.65586
-0.0973425
-0.968932
-3.02892
11.4791
-1.92833
-5.32837
7.13156
-2.77246
-0.311491
8.81002
3.02826
3.49304
-5.10771
-6.32824
1.04788
4.38072
5.74057
4.69373
-1.99523
3.2901
5.71959
-5.1517
5.69219
0.837227
7.95207
3.56945
-1.7853
-6.07768
-3.61533
6.43659
-0.282798
1.54335
-1.94007
-0.0469289
-2.9777
-1.92271
1.41533
-1.93094
-7.51071
-0.438881
3.83621
-1.24295
2.14573
-0.0298346
-1.61084
-5.03818
-1.90941
7.74711
3.35179
-0.113697
-2.01468
-3.11222
3.79531
6.08787
-3.84748
-7.98444
3.28008
0.067058
-1.06092
-4.70151
-0.243857
-1.25902
-0.886579
-5.25977
-11.0714
-0.418743
0.750135
-0.329676
1.58225
8.01297
0.291039
1.61296
1.77783
2.59447
1.04221
-0.862953
5.53137
-0.105338
4.04746
2.41527
-0.992057
4.27258
0.659554
2.8027
1.3642
-2.87336
-4.00704
4.08694
-1.83524
8.73987
5.26756
-2.08574
-5.60632
9.32091
-1.32131
3.68615
-0.853123
-0.547641
-0.590202
3.57035
1.33689
10.5778
7.15346
1.48518
-7.46751
3.21742
-3.94677
3.38011
-2.2224
2.17434
4.11328
-1.81614
2.15192
-3.9625
3.28938
1.11101
-1.13346
1.13289
-7.26002
-5.50848
-1.9279
-0.432654
-3.84433
-5.51686
-2.83778
-3.27624
-2.89854
-2.94794
-2.03121
-4.96654
3.07601
2.57554
-0.358631
2.5975
-4.23812
-4.71915
7.30213
-4.64504
4.49149
3.59119
-0.717692
4.77192
4.54385
0.944186
0.819034
-1.67104
5.53006
-5.49979
0.93334
-2.12212
5.97108
4.5089
2.63252
0.584922
0.0226356
-1.61759
1.02702
4.4565
4.5017
6.51984
0.210119
-2.67397
3.13178
4.36777
3.78179
2.35172
-4.20584
-5.8074
7.81929
4.78426
-4.76881
-4.8526
-4.99272
-1.02618
2.99822
5.19863
0.985927
1.59694
-4.26456
3.9201
-0.657081
7.31601
-2.23619
3.23492
-3.06174
5.13114
-0.73303
0.240915
0.309557
-5.34104
-4.76788
0.303403
1.74022
-2.83753
1.6316
0.93482
-5.70689
0.39902
-0.0137361
0.475769
4.17838
5.25183
-5.73709
1.72808
0.247259
2.96428
4.07747
-4.61695
0.450495
3.89867
2.07957
-2.43556
-2.17628
-2.47899
-3.70181
-6.2175
5.00246
1.54323
1.85994
7.53767
-1.76689
-5.06524
3.51113
7.30115
4.11372
7.40207
11.1337
-4.72291
0.181029
-11.5983
3.61779
0.0295817
-0.557783
3.21299
2.29821
-5.84989
3.18764
0.580604
-1.4297
-3.49967
-2.71925
-5.22418
3.39121
-3.51382
-3.33435
-0.0229742
2.13832
-13.6458
0.0482168
0.266147
3.38027
-1.53721
-3.30204
7.6399
-14.9159
-2.27258
-6.68452
-6.44386
5.04899
1.25664
2.72069
0.189394
1.41204
2.99503
-7.94358
8.23646
-5.39218
-0.343785
3.13507
-2.44633
2.53928
-3.1854
3.76909
-0.28897
-5.27587
-4.58385
-7.24475
-8.01773
2.96799
8.56507
-0.220682
7.98007
7.47637
9.03173
-4.6534
3.26817
1.29581
1.49877
6.88121
-0.418164
3.66406
-4.0182
-1.18083
-0.315702
-0.306127
4.09885
-1.03043
0.530495
3.78585
-5.13243
5.79666
0.993416
0.476775
-6.26799
4.64675
-0.362948
-8.9048
-3.39651
-9.64357
-0.628538
5.3136
-1.75386
5.37609
-2.5781
3.29925
-1.88085
-0.00324294
1.30064
-0.514359
0.0302551
3.79535
1.45988
-4.36275
-2.36802
2.8861
2.05494
14.3953
-3.58541
-0.966443
-0.66537
-0.841785
-1.04193
2.25974
-2.35076
3.404
-0.882675
-1.27807
-0.255532
-1.57061
0.115811
1.47332
-7.90608
-6.7537
-4.97192
3.07414
2.41946
-0.735842
2.2591
8.53589
-8.9737
7.63484
-2.32244
1.02881
-0.626592
1.57174
2.50615
3.91511
1.31643
5.69999
3.24918
-3.47558
2.3691
7.56855
6.45458
-9.95848
3.90057
4.12386
-7.23596
-3.74141
-2.08738
4.05389
5.99831
1.05841
-7.62443
-0.0103311
3.47626
-2.64081
1.66161
-3.99008
5.17083
-4.9674
2.75271
-6.45687
-0.503923
-2.54909
7.30157
1.00782
3.71716
6.76954
-2.90932
0.168116
-1.49708
6.82441
-2.81781
-0.405664
1.32382
1.11153
-0.890979
-1.26456
-5.96997
3.80001
2.96487
-1.01621
-3.66181
-4.43543
8.82959
-0.21732
-0.262479
-4.74772
-1.5884
0.0166771
5.09753
1.15356
2.47196
-2.43477
-1.81079
-3.43128
-11.1854
-2.61049
-0.907424
2.48777
-0.892701
2.35601
2.17269
3.27394
-4.77418
-0.748468
2.00438
0.625779
6.16724
3.96644
-5.94635
0.795442
10.8232
-7.65623
-0.156789
3.55182
1.33583
4.66366
2.57257
8.08682
2.50997
2.14475
4.06586
-1.3003
-1.41618
2.67904
-3.40424
2.4023
-1.4968
5.25999
1.02848
-2.8257
7.94635
-10.4733
4.16285
5.37835
0.555747
9.33418
2.00495
2.61898
6.39198
6.56057
-0.5305
3.26552
3.86576
4.30846
-1.01707
4.93281
-10.1118
-1.87942
-4.31797
6.2987
0.998804
-8.37106
-7.81826
-4.87519
-3.60439
-0.0755985
0.262315
-11.8357
-3.16885
-5.23956
7.18578
2.32115
-0.660345
10.6433
-0.713167
4.78741
7.23854
2.66137
-2.53022
-1.84089
1.83561
4.18413
-1.25412
2.36049
7.01858
2.84665
-3.34469
-8.28819
-5.72193
0.0944541
-5.02188
-2.5613
-1.50851
9.45388
-3.08191
1.8317
3.44484
-4.3126
1.50239
9.78088
7.28318
1.15925
-2.20958
1.576
3.98014
-4.86759
-4.51412
1.22238
1.10927
-7.66471
4.75479
1.76893
-3.04022
-2.06357
-5.04345
1.57507
7.03283
7.72289
0.489711
-2.73331
6.89109
5.48239
1.07292
0.202491
-4.21083
6.76382
2.68825
-6.75009
-2.70658
1.95435
-3.93331
-4.46547
-0.741827
-6.82242
4.87814
8.54218
-1.6029
4.17613
-5.78874
2.05787
-2.71103
3.23867
0.239459
2.39267
3.11376
5.2673
-1.67735
-0.747625
-4.7046
3.32113
-8.82157
-7.97526
-3.77685
-0.956952
0.0618051
7.4346
-1.61428
1.1346
1.16814
-1.51337
2.13659
-7.53905
-3.76996
3.91014
1.95508
1.22883
1.68239
2.05172
0.613062
-9.12671
2.27703
3.8373
-10.6409
-1.95662
-2.70851
-2.13166
5.12667
0.732123
-8.49668
5.81968
-0.113526
2.0786
3.10565
4.17975
5.97197
-0.131806
9.80493
3.76883
0.896639
-2.69999
-2.16323
-0.85625
-1.69685
-6.30163
-5.79597
-1.25967
1.3675
-10.5013
-3.35796
-0.0290361
3.58352
-7.53673
-5.17011
-2.08096
0.559017
-8.22196
1.48766
2.73877
7.38913
-5.78744
3.38344
4.09167
3.62871
-1.08777
-3.25474
-3.00732
-9.31502
-0.427207
2.29766
-3.07088
3.59126
-8.28782
-0.762212
-1.00958
2.10727
7.1317
-3.94309
-2.1638
4.14199
-5.81947
-2.79469
-2.69979
-9.38611
8.04185
1.73885
1.91852
4.37478
4.12537
-3.50218
-10.2995
-1.97257
7.46058
-0.578176
6.50802
4.31882
2.32286
8.04872
2.14747
0.528476
-1.63705
2.94073
2.66007
-0.782624
-1.56562
2.91442
9.4392
-1.20891
-3.44016
4.91308
3.172
-0.863135
2.09938
4.33929
1.13547
0.192024
2.30723
0.647199
-2.25734
-5.24066
-0.632765
-0.158439
3.12132
0.702668
-5.00604
-1.53984
-1.77173
8.47008
4.01745
5.25727
1.48235
-2.36796e-05
-3.17077
0.283772
4.59406
-5.63648
-4.21554
-3.88733
4.06138
-7.05781
3.50575
7.15664
-8.28247
-3.41397
2.19321
-2.59274
1.01667
2.63776
-0.761992
-9.0511
-4.75082
-2.44808
2.46795
-2.48662
-4.65349
-4.63616
0.2819
5.30036
-0.384315
0.95808
-5.96768
1.55404
4.01174
-8.14785
4.30141
-2.43464
6.23264
7.43505
-4.95455
8.93637
-4.78014
3.56408
-1.86009
3.54929
0.626746
-1.51198
-3.24313
-3.17835
7.90357
-0.60498
-6.20143
-5.08058
3.66822
-1.13607
3.38257
0.501096
-0.683872
5.8691
0.882108
-0.410787
-2.59895
5.48076
-2.9821
3.43001
1.0936
2.02572
3.44876
6.93987
5.37364
6.20404
3.38972
0.790187
-8.76842
4.84279
1.15475
-4.48183
-1.68735
1.38597
-6.48256
8.11786
-1.54522
-5.06039
3.95231
-1.35802
-2.05371
7.28728
-1.64273
7.68309
-0.872242
-0.147417
-0.48401
0.519859
1.34438
-5.99847
-0.612594
-2.36685
1.21017
10.6922
-3.13826
-0.801754
1.31727
3.15454
4.12631
2.1225
1.07106
-7.57055
-2.04495
-3.23311
5.59139
-7.92339
7.83321
7.68463
-3.69611
6.3147
1.98724
-6.62454
-3.96521
1.47131
-0.920437
-1.61877
1.39035
-1.28795
0.236791
-2.28734
-2.79408
7.72309
-11.1938
-3.02832
-1.68753
-3.10591
2.9829
6.18413
-4.7995
-9.12784
4.98476
1.61179
1.69787
0.44745
4.89752
-1.90106
1.26057
-8.88643
2.32171
-4.87717
0.0896863
4.55679
-4.65805
3.1653
-3.95789
-4.35518
-9.45143
-10.7833
-2.70626
-3.28968
4.27582
-0.248404
-4.03663
-1.49717
-3.08002
-1.19693
-1.59948
3.7894
-2.25461
4.06392
1.02866
-3.64725
6.07002
-7.42774
7.57946
-3.72477
9.61713
4.89216
-3.67138
-2.70908
-3.07299
-4.58262
-2.3039
5.82946
8.96752
2.01425
-0.669193
-1.2286
4.22988
1.13917
4.12258
0.611296
4.25816
1.02447
-2.66221
-2.73999
3.43887
0.145968
1.84663
3.88895
-1.12381
0.75759
-9.28448
6.89545
-0.89176
6.32691
1.34472
-1.6063
0.663249
4.29548
5.038
-0.49825
6.06498
4.83101
3.10392
0.787426
-4.69759
-3.04058
3.14305
4.70585
-5.4557
4.70001
5.35912
-3.07028
1.69933
3.41537
0.212974
4.30442
-1.46107
0.984142
-1.31228
5.60891
1.05972
-0.981511
0.512825
-4.31977
3.46401
1.6791
1.97045
-1.72877
4.42018
6.25675
4.11061
6.33553
5.67948
2.7626
-6.58961
8.72672
2.68288
3.98985
1.59907
-2.17057
-3.93501
-1.45044
5.32512
8.30662
2.52431
6.43802
1.30082
2.51176
6.89939
-0.294052
6.32361
-1.21514
-1.6491
6.44903
8.8576
-5.20729
7.79381
2.24264
-1.06584
7.16986
-3.46238
-6.46053
-2.11494
9.44586
-0.832749
1.93457
-1.48341
-3.29584
0.616388
3.2449
-2.25653
-1.37918
-0.869414
-2.02375
9.98779
-6.45403
2.51419
-9.03236
-0.42184
-10.896
-12.5813
-0.40956
1.30303
-7.56441
-3.45599
-4.19168
-3.23592
-4.0507
2.07531
-4.00529
-0.412053
0.556226
-1.94944
-4.69187
-5.4967
3.05766
1.70783
4.94053
5.73865
-1.21134
1.27624
-6.65781
-3.76907
4.39008
2.3836
-2.92518
-0.962454
-2.34152
-2.43219
8.39659
-4.15278
4.42336
-5.0364
-1.23635
2.11888
-4.13491
2.03959
-0.0832271
-5.96861
1.693
-0.411679
-6.24272
-4.6397
-0.506234
3.79076
-0.62248
-0.580921
-6.30595
1.04379
-7.19229
-6.77484
-0.236262
-6.66971
-2.18243
-2.47143
6.12312
-0.869941
-8.08128
-7.42608
-2.93227
-1.99288
-2.23383
1.02507
0.733511
1.30817
-11.9752
-6.50114
-1.33982
-1.41122
3.67188
-1.82781
9.69501
-6.67135
-0.349478
0.725445
-3.20917
0.830429
6.7709
-1.61579
5.0213
2.00915
6.01122
-1.72129
-7.67505
3.09903
-1.69289
-2.87831
0.702025
-2.84667
2.23912
3.24617
9.41135
2.95527
1.9396
8.35501
-4.35795
1.04634
-0.835107
5.93743
1.70001
-5.13761
1.24921
1.19514
7.11058
4.7758
-1.82077
3.16904
-1.09988
3.68995
3.86032
-5.94128
-2.59083
-3.50693
0.705054
0.324263
4.65895
0.779453
-1.16822
0.939025
2.48715
-6.69677
-3.68172
-11.0811
1.76305
0.166766
3.75932
4.39459
-0.56054
-1.70445
-0.51494
-3.2911
-9.6277
-8.9086
-0.242383
5.43852
-9.76315
-0.0070957
1.3466
-1.47681
0.350179
-5.62623
7.48187
-3.21855
5.683
-3.75665
5.05728
6.88138
6.63691
2.13865
-7.60499
-9.1412
-6.9141
6.6778
2.65868
2.84725
-5.45103
2.79319
1.98042
0.849343
-2.88546
-5.76239
-1.97199
1.67607
9.50085
3.35371
-3.13829
-1.0688
-5.64954
-6.03893
-1.88471
-1.74859
1.85527
5.75391
-1.09987
0.548673
0.736567
0.289958
0.125474
2.79035
-3.02503
4.63723
4.70553
-3.81696
-1.15714
6.23529
10.5873
1.78627
-1.74613
-7.89401
5.99459
0.0945694
3.86035
1.35815
3.58196
1.12554
-0.181628
-5.57678
2.63584
-2.83771
-2.10525
-4.15212
-2.39956
4.58662
1.39756
-5.2481
8.22124
5.1909
1.327
-1.61311
1.45876
1.90552
2.88716
3.4226
-9.6951
2.31021
-2.10993
3.95622
3.71507
-0.376554
1.46024
1.13776
1.19051
3.31289
-6.22392
-1.8249
1.94237
4.42037
1.62969
3.59255
4.15287
-3.18301
-5.9319
6.2821
-9.12005
-9.21478
3.42373
0.147976
1.93193
-2.69756
-7.80553
0.619521
0.338788
1.13233
2.494
2.48981
1.03698
-4.94214
-2.04879
-3.66107
2.68058
1.16715
12.2855
6.58588
-1.21126
4.95519
-3.22086
-0.323671
-1.43029
5.98779
-1.72213
-8.10957
2.80437
8.36148
5.74581
8.22109
-4.48556
-1.05091
3.90402
-4.30962
-0.757046
4.22805
4.2518
-9.18971
4.40785
-1.18021
0.314545
3.44263
-3.18498
3.01451
2.68269
-4.56173
1.39512
-0.928965
5.42134
5.64337
4.28766
-1.47167
-10.0513
-1.20444
-8.64028
-3.43887
-3.33405
-4.92884
-4.28028
0.112423
1.47623
0.753976
-3.67425
-9.19698
6.01663
-11.6032
6.83427
-3.20786
-0.771699
1.25654
2.78466
-1.0515
4.07737
2.39322
-4.6374
1.11194
4.31771
0.0325646
0.44532
3.41136
-4.44717
3.77554
-3.95801
11.3993
0.114987
1.64022
-1.08399
-0.526179
0.579239
3.69193
3.71698
-5.17634
5.91405
5.33727
-1.08148
3.45409
-4.29147
-3.72323
2.14948
0.179062
-6.11524
1.59289
-3.77495
5.06433
2.76782
0.125716
2.1605
0.549485
6.72564
0.815321
4.66892
2.96793
-5.89505
2.72926
2.55761
1.72961
-1.05036
1.13664
5.55057
-1.18188
-4.17894
2.62724
3.98686
5.72447
1.40068
-5.3136
-8.39385
-4.57076
1.76875
0.264994
-0.590736
5.73112
3.90315
4.37
4.65842
-1.29256
-2.09872
1.56115
3.6949
1.03208
-7.04059
1.3436
0.567406
0.825023
-1.41127
1.01989
6.08224
2.16547
-1.75145
-4.14408
2.5575
-0.288819
4.0179
7.20142
-3.33923
-2.82604
4.32017
-4.15676
1.06319
-0.266674
-4.19131
2.63647
6.14764
3.9859
-6.28243
7.4247
2.47841
1.12197
1.3136
-3.33866
0.621329
5.20466
9.7973
2.39826
2.1255
4.74271
3.06738
1.73473
2.20304
3.16405
-0.977672
-2.67619
0.489371
10.2973
8.90693
-4.10745
1.98546
1.73437
3.50594
4.85405
-3.10987
2.31361
2.7975
2.77213
1.37301
6.33954
-3.39783
10.6443
5.95529
3.40126
4.86965
-3.20962
13.8283
-2.98329
-0.430579
1.14318
-1.56578
0.792528
3.44182
-0.745568
-0.964781
5.88544
5.37962
1.01901
1.1679
-0.899894
-7.32408
-1.93141
-3.02884
3.07923
-1.26438
9.4949
5.76489
9.24211
3.39642
-3.09214
3.09486
4.42591
0.232384
-7.5922
-0.09328
3.03619
1.97639
2.09966
-1.90588
-3.35664
-0.129808
-12.1756
8.98088
8.67714
5.51305
3.23605
-3.97113
2.58878
2.64931
-0.131386
-4.33632
6.60996
-2.18984
-0.569348
0.274691
-0.0400518
2.55433
6.32394
-6.94293
1.80847
1.73422
-5.3364
-0.176643
-2.88821
-0.0729067
-1.01979
6.38339
2.96158
-5.13734
5.72019
-1.14303
-1.0039
-3.76745
2.00434
4.98736
3.29945
0.474451
-8.2865
-0.0244336
-4.98238
-1.64932
6.34916
-4.13567
-5.74511
0.101218
6.72011
1.85925
-5.05037
-1.43785
-0.511784
0.265305
-2.94068
-2.15545
-9.80169
3.20432
-0.644609
4.06565
-6.5654
-3.73361
1.55571
0.72475
1.78469
-8.98707
-1.35113
-2.03845
-1.06333
-2.40555
0.507
0.75879
9.54575
3.16131
-7.85114
1.52989
3.94854
5.00053
4.246
8.08278
10.1771
8.67953
7.4508
4.41806
0.919436
-0.36732
-2.4442
-5.68273
0.351621
-3.85677
-2.08918
-1.72859
-4.85689
5.43784
-2.19285
-5.18745
-7.17654
-1.91538
7.29697
2.28981
0.344524
2.07027
4.71436
6.92397
9.05783
6.54125
3.8641
-1.29983
-1.81479
8.46361
-1.33765
0.986494
1.22946
-10.189
-1.72432
3.5816
1.57075
5.42525
3.84153
6.92725
7.22418
1.69254
3.93596
1.21184
-2.17459
1.47723
-1.04575
-4.45667
4.87076
-0.817792
11.6124
2.0609
-1.19124
-1.00952
-1.18196
2.92947
4.72778
6.66673
-1.55537
-4.46788
-4.50724
-3.49036
-5.69428
-1.8675
6.89317
-1.2786
2.40601
-6.35934
-2.28726
1.99854
-3.80747
0.433989
5.09889
2.20141
4.65315
-4.14764
-2.3842
-2.5391
6.3231
3.97251
-0.507689
-5.07168
-2.57952
-4.99906
-1.4906
6.5348
1.49856
-3.32845
-0.106663
-6.23314
5.15899
-4.22256
-1.13022
0.53121
-3.00582
2.14309
-4.84538
0.480686
-4.14812
-0.0674187
0.729112
6.76268
-1.55889
3.50541
1.11165
1.51932
4.51933
-1.03641
1.81315
5.15685
3.62187
-1.20068
-0.405271
-2.75885
6.95103
1.97172
-4.01206
-0.478246
-2.7734
0.382987
4.1381
-3.71837
2.00529
2.17031
5.08384
-6.95094
-0.952132
1.08745
-1.60867
7.9388
6.09386
2.16073
-2.08794
2.45472
-3.56432
-1.82627
3.26593
13.454
-5.61058
1.35561
4.54872
8.80348
5.60684
5.0115
-7.53354
-1.86292
6.14791
-0.658746
-0.815359
4.24833
-1.73838
1.94148
1.90192
6.0124
5.81811
-0.71538
3.912
2.69824
-7.52378
3.54603
-4.82889
-3.746
-5.71675
-4.03863
-7.29023
-0.220515
-3.52141
-0.564679
-4.86716
4.32292
6.06737
8.20702
3.64133
8.73461
1.76209
-0.720644
-0.284988
3.4888
-3.25092
1.53443
-0.880827
-2.52953
-3.84771
4.09525
2.17379
-8.40934
-4.21391
2.48868
-1.34293
-5.94551
1.88998
-4.1298
5.68532
-1.38623
-5.29254
1.34724
-0.147521
-5.53749
2.74183
7.63515
4.13385
-2.05928
3.02596
3.03784
1.80561
1.00142
-0.677342
3.21335
-8.40753
11.1484
-1.15831
-2.21675
5.18245
2.13858
10.046
1.88194
-3.58487
4.82656
2.16575
2.65525
8.06451
3.18965
-1.01304
5.87251
-0.1262
-2.86998
-2.90993
-2.54718
-1.11175
8.62366
-1.99917
-3.21327
7.51869
-1.51858
-5.08849
1.17183
0.458764
3.01264
-0.39544
-6.31379
-2.16559
1.75647
-0.706364
8.43348
3.43894
4.36034
-2.23201
5.89908
3.91116
1.79088
-3.05298
-0.414145
-8.50986
2.88413
9.87674
2.73663
2.94117
5.13185
4.10531
0.754357
6.10841
-0.812433
5.19972
-5.69466
-4.19425
6.83803
2.21961
5.92756
-0.897782
4.76884
-4.51671
0.567823
-1.28918
-10.068
3.22761
-0.727191
-5.30946
1.10824
-0.270903
-2.28113
-4.81612
1.32065
3.77423
-1.41126
5.52968
10.9018
9.38514
4.50694
-2.61379
0.485059
-6.03938
7.81802
8.82491
1.37147
-2.38366
-0.767057
6.12431
3.20151
-4.53713
0.5825
1.79063
9.52187
11.0125
3.64206
1.34105
-0.432596
-3.32504
2.25304
-1.69616
1.20133
4.57891
-0.515469
0.917228
-0.80909
4.88973
0.463282
-3.16339
-5.14154
5.20355
8.30806
-4.86128
-3.14272
-0.182287
3.04252
2.32651
2.06188
2.09236
4.34255
-3.2417
5.8034
-1.30394
-2.59716
1.79397
2.35157
-3.4044
-2.79977
1.75831
1.63689
-3.50112
12.2766
-3.53153
1.16662
3.40648
-1.37454
4.5038
0.217893
0.00936275
-2.99839
-0.973901
-0.749132
3.19674
