-1.44066
1.62077
-2.40695
3.78055
2.37477
0.295922
2.41273
-0.502098
-1.77041
1.08659
5.99133
-0.546184
-1.99255
1.26162
0.367923
-2.66415
0.913666
-0.986241
2.69204
4.60992
2.56943
1.11908
3.06179
3.44411
-0.953894
1.76226
1.9835
0.914419
1.07456
-0.416591
-6.47929
3.90701
0.0064526
0.0753248
-0.918951
-0.462508
0.0750045
-1.68755
-1.06036
-1.91647
2.84815
3.76225
1.85619
1.00737
1.6076
1.1931
1.7548
1.85053
0.683997
-1.80109
-2.70981
-0.752996
2.82901
5.30133
5.3176
0.839917
5.58227
0.457071
1.45058
-0.687336
0.248043
0.690762
0.492114
0.871487
-2.81634
1.1418
0.971493
1.49758
-5.08886
-3.69901
1.32419
-1.97349
0.946522
0.861005
5.30651
-1.00844
2.37437
2.0982
-1.98464
1.87115
2.0382
4.50537
-3.47318
3.01608
-0.386999
-0.637063
-0.737567
0.475888
2.98601
0.106954
-3.08633
-1.76511
1.34491
0.0335692
1.56024
-5.98509
-1.4004
2.8809
2.17862
-1.08359
1.2115
-0.563976
-2.8735
2.67914
4.26873
0.848238
-0.638199
2.99488
3.2117
0.297072
2.21386
1.0851
-0.366837
0.408107
-0.139623
1.50226
0.457545
-2.00919
5.19298
2.94079
7.04285
-0.500852
-1.37872
-0.217233
-0.0683211
-3.3932
1.22162
1.05361
0.425306
-4.36887
-7.22098
-2.29453
2.91104
-1.69547
-1.74226
7.18786
-3.19598
-3.01002
2.3125
3.88878
5.43815
4.96777
3.12936
-0.799198
4.25461
1.71819
2.59442
2.51906
2.75969
-3.19076
-0.333982
1.34615
1.08343
0.70271
3.91778
2.09064
-0.115318
0.0309208
1.10483
0.388765
2.23877
-0.211813
0.702532
-1.26974
-0.234638
1.82373
5.4671
1.72367
2.35813
-0.803508
3.19197
-1.45363
1.59447
6.37267
6.18697
0.55831
1.10645
0.428504
-0.854086
5.69151
-5.54599
-1.27165
1.6305
-0.277895
3.34625
1.4691
-4.6733
-0.840724
3.06975
-3.84487
0.863921
-2.90981
2.00301
0.486567
-1.10216
0.858192
0.0566619
1.72534
0.40545
-1.93831
1.17224
2.14636
1.26812
0.0512731
3.20854
-2.42046
1.2431
2.12392
2.63312
0.474217
5.89486
1.10032
-3.9553
-0.332171
1.48559
3.58486
-0.327356
0.496946
1.46866
-5.5056
-1.31582
-1.96265
-3.03269
1.83779
-0.492168
3.82988
-0.270042
-0.823008
-5.36915
2.90952
0.111923
3.42068
3.98609
0.599325
2.03042
0.199448
-1.5758
0.444051
6.14962
3.24136
3.54569
0.866566
2.32286
-2.84235
-1.19135
-0.474398
3.65686
1.07157
-1.85119
-1.20915
2.84731
2.36075
0.102739
-0.943525
3.6065
-1.99883
-0.742518
-2.14657
0.388384
-2.10328
0.799255
0.59299
2.99952
3.55279
-0.93352
0.6631
1.9813
1.80056
-7.07163
1.7981
-2.74454
0.412512
0.047533
1.9352
0.585832
0.151914
-1.17105
4.90533
5.78586
-1.62771
1.77767
-4.57675
2.60826
2.28286
5.58517
-1.29938
-0.511915
-1.81298
-3.27034
0.198591
2.19978
-3.05257
0.740208
-1.0926
1.96933
2.11604
0.575288
-4.71526
-0.325582
-0.919875
2.83319
0.126826
1.06588
-0.482489
-2.76168
-2.05836
-2.80463
3.89813
1.23114
2.84716
2.86936
3.249
4.43167
-0.0387053
-2.88235
2.11727
-5.05459
2.29352
6.66017
4.39079
-1.47224
-1.64209
3.75358
3.12936
1.62019
0.946712
-2.00435
-3.38078
2.21483
-3.06521
0.72208
-1.43727
1.75374
-4.03701
0.353028
-1.77839
0.965409
1.97006
3.74796
-0.877356
1.89229
1.38207
2.35294
0.255864
1.97409
-1.79062
3.04334
4.46349
2.82483
-0.0175108
1.06468
-3.06393
2.55393
-0.0630318
-0.0929909
4.89871
0.641679
-3.19289
-4.63195
-2.26591
4.0381
-2.86976
-5.92068
0.136187
2.26986
-1.39714
-4.35522
1.96845
1.61106
2.41818
0.769225
-3.03791
-2.07089
-1.63035
-3.29829
0.314323
-1.32903
0.540164
-4.68719
1.59248
2.95345
0.103526
-2.90967
2.80613
4.85179
-1.15337
-1.3818
4.30105
2.98474
1.37596
2.44783
1.50351
2.13204
-1.70978
2.39123
-1.3235
-2.64747
4.25253
1.34152
2.27807
-0.449037
1.94658
-0.493758
1.31782
-0.690471
3.26582
-0.553961
5.10377
3.70145
4.15404
-2.42947
-1.88201
-1.28717
1.33745
0.111562
1.33645
5.05875
2.03427
2.7106
-2.63475
-1.22032
-2.96791
-0.822775
2.6867
-0.00411073
3.2804
-1.49942
-4.44351
1.73052
0.109913
0.132444
0.986155
2.5846
1.78382
-4.18698
3.24325
-2.89424
-1.08331
-1.37134
-1.94423
0.701875
1.30719
0.345033
0.599299
-2.69074
-1.30667
-4.22145
-0.358142
1.71174
1.12926
4.35918
-1.11296
-1.31539
-7.59839
6.23034
4.35988
1.9024
-0.292147
2.34587
-1.32017
0.359251
3.74314
3.87442
1.03329
3.25915
2.35404
-4.95117
3.16436
-5.05812
1.65944
4.91596
-1.97402
-1.63855
1.10517
-3.82058
2.91524
0.971516
-2.11713
-2.20888
1.17707
1.08412
1.26464
-1.97047
-1.20668
2.49536
0.493492
0.546145
0.170165
-1.56564
-0.456814
-2.01025
-2.45886
0.124177
0.623026
3.02939
0.534637
2.83146
1.67065
2.24646
-0.547963
1.2866
-2.04636
2.59918
2.19999
1.51057
2.92823
2.10595
2.1141
-0.401969
0.572406
0.290496
-2.2108
1.258
-1.64472
-2.78304
-2.18168
-1.40399
4.00762
0.287109
0.427512
-0.412202
6.31501
-0.738685
-2.19636
0.445016
-0.682638
0.551151
4.80283
-1.05941
3.31724
0.630474
-1.15813
-0.509726
0.21232
1.70213
-2.46656
0.493692
0.599565
-0.505726
-1.20704
-1.78758
1.50658
-1.22408
-5.48824
3.3573
-1.88177
-2.07791
6.31996
-0.184481
2.61086
3.31545
-4.3119
0.195542
0.634932
-6.06333
4.79537
-1.69187
-0.741228
3.47387
2.52313
-1.07609
2.09523
3.27009
0.48747
2.34401
1.69597
4.21198
-0.29185
-0.239326
1.05722
2.56019
-0.147254
1.0064
0.307393
2.4833
-0.652171
4.05818
-1.57731
-1.5435
2.92147
5.9671
-0.0331256
-0.592111
-2.10543
-0.261781
-2.52441
-1.17269
5.13066
-1.90641
1.05308
-2.34962
0.987429
3.50789
0.379811
3.07078
0.023958
0.152532
1.41435
-0.657121
0.966157
2.48798
6.60996
1.69827
0.418561
-1.03862
1.78578
2.61554
-3.18918
-0.180695
1.39444
-0.45003
4.07131
3.71187
0.446522
0.811632
-1.42197
-2.55384
1.86311
-2.21895
1.4101
0.698738
2.86542
1.03622
1.10932
0.472574
-1.49809
4.11127
-5.74021
-3.3844
3.82825
-2.76823
-5.97617
2.55284
2.19538
1.92394
3.55716
2.01552
-3.81426
0.0405554
4.44939
-1.19618
-2.84721
-4.63098
0.527142
-2.20826
2.2457
4.54647
-1.53466
4.30215
2.47566
5.1924
0.465247
0.141534
-0.49971
0.999968
-1.72327
0.295155
3.79407
3.78224
1.22256
0.468601
3.48
-0.230062
0.317568
-0.86738
3.82656
1.22534
-0.429774
-4.07298
-0.252837
-0.117449
0.696825
2.87601
1.05271
4.33156
0.598158
0.998757
-0.323635
0.935678
3.71605
-1.43331
-0.866097
5.00403
4.15192
-1.7656
3.98056
-3.98933
2.52671
0.790077
3.56198
-5.12594
0.220398
-0.55817
3.96204
4.28649
1.88274
6.8846
1.92915
-0.255464
2.97117
1.54424
3.41651
-4.43385
0.608107
2.78078
4.64836
0.898247
0.442401
1.30097
4.87355
1.92295
0.243565
-0.100881
-1.67875
-0.418138
2.39112
0.787083
-1.53905
2.78779
-2.08247
2.7425
0.879718
-0.068274
-2.99478
3.70029
1.37134
1.4803
3.08857
0.587524
0.125876
0.643848
4.96793
-0.323369
1.50594
-1.50501
0.323273
-0.0123833
-0.234545
1.10976
0.857802
-0.585959
-2.16888
-3.23869
-2.73621
1.87812
-2.49386
0.235104
-0.912467
0.713747
0.375095
2.62185
-0.169189
0.732653
-2.63706
3.08989
5.37419
-3.67388
5.51053
2.14408
0.0917471
-1.86211
-0.827036
1.51376
-1.6663
2.20204
-1.10875
-0.254275
1.65759
3.01004
-1.44208
0.49594
0.768625
1.77783
-3.39258
4.23921
-2.32361
-1.01217
1.52127
-1.38627
-1.84973
0.571026
0.340299
3.32635
0.660145
1.08559
1.38373
-3.33522
4.52175
0.120383
-4.43787
-0.485958
2.2673
-0.0553032
-3.60484
0.743145
-2.10938
3.07802
-1.18911
-1.78809
1.06344
3.07801
4.86612
0.809879
1.32964
-1.19551
-2.76796
5.79364
-1.2292
-1.3346
2.33045
1.20468
-1.97735
2.61729
-1.12333
1.60516
3.07234
0.702409
-1.06482
-0.164229
-4.09876
-2.49962
-1.44129
0.0509963
-3.12388
1.42992
-0.483651
2.96464
-4.43725
-1.10884
0.74788
-2.67682
-2.51604
1.01257
2.40023
1.0745
2.65351
-4.36635
-0.804756
-3.81487
0.8911
-3.87102
-1.47637
-2.33023
-4.79444
-1.33143
-3.32664
0.69624
-7.78827
5.10123
1.17836
2.37272
5.0627
0.631546
2.27877
-1.94996
2.54424
3.57064
-1.64897
2.22383
-2.68395
-1.9244
2.06954
3.83705
2.16377
-0.119314
2.67404
-0.894713
1.72697
0.934402
-1.29467
-3.85203
-1.53059
-6.19597
4.0331
0.342078
-1.78294
-2.56456
-2.33545
-0.113689
-1.26759
0.708975
-3.12403
1.81388
3.15147
-4.40592
-0.687067
-2.14798
-0.697138
1.48993
2.34336
2.12311
2.9687
4.37619
0.3977
3.97693
1.42295
-0.951901
-1.82581
0.146233
1.66606
1.01785
-2.7645
1.68548
1.99677
-1.55267
-5.87894
-4.58795
-3.66972
-0.677829
-1.48246
2.38709
0.525861
2.66834
-0.501825
6.58487
-0.912405
2.87531
4.078
-5.74044
-2.01194
-1.80868
1.96035
0.10889
-1.06698
-4.46141
0.301999
0.720112
-0.970774
1.5624
0.979173
-4.953
0.238926
4.08253
-0.535281
0.727064
5.17766
-4.64033
-0.971665
3.16543
1.41182
0.295206
-2.20138
4.27788
0.568955
-2.39517
-0.59717
1.01576
2.92972
1.11277
0.712851
3.23906
-1.52593
3.93438
3.02891
4.80133
-1.10146
-4.16188
3.08904
2.8854
3.27192
2.07721
-3.46678
-1.53227
0.259074
-0.956512
2.99992
-4.82047
-2.62237
-0.00535465
-0.52147
0.00177517
2.99008
-0.410859
-4.10186
0.81092
3.75214
1.68623
3.03031
2.80764
-0.429532
-0.486092
-1.19396
5.06145
2.16554
0.0866448
0.0468538
0.0464772
5.8523
-2.4115
5.72103
0.0302402
1.49986
-1.92554
5.27753
-0.136642
-1.21941
-3.0493
0.592603
-0.0512081
1.2513
-2.24998
1.85285
-2.63627
2.84902
-2.83606
6.8805
4.08595
-3.95657
-2.60924
-1.17045
1.50016
-1.15127
1.45932
2.50802
-0.1684
-4.40075
1.94518
3.73456
-1.41006
-2.4471
-1.5562
0.62328
-1.3268
-1.23873
3.26039
-0.646458
-1.40328
-1.78952
-3.17178
4.03091
-5.10942
3.88294
2.68072
4.56966
-3.28913
2.12417
-4.31485
1.0565
1.68119
3.78686
-4.81676
-0.208462
0.0307051
-3.99723
1.81212
3.09481
1.7
1.24559
2.0829
3.35535
2.21741
1.33844
5.58145
3.00486
-1.626
2.71402
2.07144
1.16763
4.98151
-1.14712
2.48002
1.23236
-0.544399
0.785928
0.309671
-0.230659
-1.57599
0.325591
6.69836
-1.43325
-3.19635
-1.38644
-0.764054
-1.46055
-3.49502
-1.28334
1.75593
-2.19604
-4.77014
2.58334
4.20512
1.73709
-0.923094
0.593341
-0.684111
-1.10885
0.185459
1.9341
-0.895775
-0.502844
4.75305
2.01845
4.40288
0.0135121
-1.30951
0.918251
0.263595
0.929934
0.845728
4.36013
5.2533
1.55704
-1.26919
4.85302
-4.83872
2.8673
-2.03004
-4.41259
-2.40567
2.57508
-2.90825
3.80252
-0.0856786
-0.942697
-1.01464
1.20576
1.4683
2.20553
-4.29877
1.43485
-3.15709
2.1636
-5.60262
-0.476303
2.96153
-0.201446
0.16831
0.603233
1.63937
1.24299
-1.91968
-1.80937
-0.349923
-1.83545
-3.60776
-1.1415
0.0609234
-0.994088
1.35309
-0.531018
0.472849
-3.02649
0.558266
-0.480971
1.64013
-1.1155
-2.15857
3.37213
-0.557074
4.66386
2.57443
0.613098
1.29525
-1.90509
-2.73808
0.101121
-1.70991
1.61149
5.04791
5.41707
2.58788
0.472216
-0.131464
1.8165
2.30859
-0.656808
-4.85256
1.94929
-0.0351542
5.03027
-0.658494
-3.18193
-0.637262
-2.05967
0.183802
2.27301
4.18642
-1.12635
-1.22692
0.510366
0.252613
1.26617
4.37112
0.546161
-0.447169
4.77606
1.2989
5.11909
4.76029
-0.0196783
1.70672
-0.551283
2.55401
1.75749
1.79387
2.10941
4.14427
1.81077
1.82801
2.8911
3.60606
0.576533
1.14687
1.58731
-0.76477
1.9648
4.04027
1.11806
-4.45716
-1.46711
-5.09024
0.757512
5.19128
-0.368704
2.026
-0.876426
3.86885
0.810446
-2.58368
3.5059
-1.85076
6.08537
-1.5105
2.17176
3.78853
1.92654
0.650397
-2.16712
2.80315
-0.417066
3.66766
5.07034
-6.04614
4.74912
0.867943
0.97405
-1.34223
0.554573
3.58763
3.33021
-1.27057
-1.10655
1.05911
-4.49081
-0.281202
4.17568
0.664015
1.60758
2.55571
3.65171
-2.2092
-0.242363
-2.17944
-1.9805
0.715565
-0.478197
1.66593
1.28432
-0.787156
1.78171
-0.934393
-1.59082
3.11845
1.65344
-1.83186
3.37303
-0.728432
0.380149
-2.045
1.31852
0.303044
-2.70366
1.33724
-5.79303
-2.57377
-1.03898
-0.287772
-2.50743
-5.07285
-3.48626
0.242946
3.34721
4.56467
2.6639
2.27486
3.4147
1.40489
1.68116
0.310271
2.30658
0.532317
2.73076
5.46006
0.110797
-1.37675
3.94539
1.49425
-4.58484
-0.463613
0.452958
2.41946
-0.226113
-0.562531
-2.64616
3.92087
-2.26916
-1.93225
5.3033
2.2128
-7.20656
-0.0521731
2.68191
2.55329
1.7962
0.200347
1.96175
1.50811
0.945848
2.93544
1.65799
1.49155
1.65934
-0.971835
4.85593
2.05149
0.575344
1.83977
1.49214
3.59037
-0.874844
2.36848
2.50984
2.17582
2.9118
3.46885
3.45746
-0.192593
-5.92863
0.918389
3.42017
2.59822
-1.45973
2.51563
2.33041
-3.65484
5.00564
1.70227
5.93142
-1.67781
-0.623919
-2.44371
2.33355
-2.02212
-5.42765
1.5249
3.14356
2.46989
1.40812
-6.28888
0.808523
3.88376
-8.40612
-0.0518426
1.57763
0.549807
-0.134137
-0.19037
0.799885
0.134311
-1.91178
4.81603
-0.940433
-1.69352
-0.636674
2.22733
-2.93802
-2.4827
3.24553
-1.24706
1.01603
1.30763
1.57458
1.56605
1.02438
0.0624456
-1.14244
2.66366
-2.22592
5.62605
1.72171
1.49038
-0.88101
0.937752
-4.19277
2.08603
-2.48811
3.68648
0.82031
0.923636
-4.4801
-0.706782
-4.06844
-2.24324
0.323102
0.871009
-3.74656
1.00402
-5.09132
2.95766
-0.426821
2.95729
-1.1941
4.30078
0.473833
1.34195
0.135092
1.1835
3.37821
-0.277936
5.54466
-3.99704
-1.03488
2.22961
-3.14019
1.52496
-0.630488
1.3022
0.472951
0.0672729
1.71547
-1.43014
-2.72105
-3.52929
3.77393
1.35044
-2.53861
3.96475
0.432625
-5.58904
1.04027
1.37184
3.73021
-1.15064
0.046148
-1.14718
-2.41218
2.2076
1.32869
-1.41464
0.259381
-0.0575676
-2.6701
-0.231806
4.62373
1.79828
0.0922986
2.19635
3.60927
0.238083
-3.2659
-1.45601
0.319895
-1.69384
-1.84819
-3.42866
-1.16925
1.25444
0.701028
-3.55766
1.33313
2.54131
3.92768
1.12961
1.52084
2.90593
2.22744
0.785619
-2.07396
-2.78242
0.684644
-3.84309
2.55468
0.198615
3.03076
4.62897
3.98006
1.27039
1.30514
-2.19851
-4.34175
-4.91709
0.269497
-2.9593
-1.62387
-2.23987
-3.71969
2.63826
1.24632
-1.99605
0.987602
-0.788414
0.875797
1.58665
2.24733
-0.736223
-2.71554
0.742051
2.60574
-1.11139
0.15602
3.83687
-1.68051
-2.42752
3.87822
2.16342
-2.3358
-1.6748
-1.07641
-0.719486
-1.92242
3.72758
4.62163
-0.690859
-2.35214
0.0943453
-2.10346
3.17849
6.73202
-1.64079
2.06597
2.82657
5.90583
0.436959
-2.58755
2.02704
1.49283
3.27628
-2.33073
2.22683
2.11743
0.171854
-2.88989
4.61159
-2.10727
1.69722
2.92588
0.311393
1.41347
-0.383871
1.19362
3.45717
-1.38033
0.0299972
2.40925
4.00134
0.773784
0.301856
4.18873
-0.42822
-1.37255
-3.1802
-1.84075
1.10411
-1.77197
-0.0152377
1.8233
-1.34144
0.543798
1.94055
3.4653
1.64651
-0.0630551
-1.0185
2.97641
2.24948
0.686416
-0.755016
1.49915
-0.456612
1.41343
6.87399
-1.29352
0.725378
2.06891
3.89476
1.96544
1.24945
-5.23416
2.0999
3.5731
-2.86069
1.20322
1.1128
4.27119
0.0756694
0.961931
4.98942
3.0286
1.67826
0.391821
3.53044
0.559849
4.63368
1.06212
2.11448
-0.126574
2.21574
2.79042
3.68773
1.95173
2.1871
0.0232484
0.428315
1.4474
0.588577
-3.71533
1.39369
-1.74758
-3.73829
3.29549
2.04493
2.68842
0.770729
2.11093
-0.489636
2.04284
1.61178
-1.91375
-0.973609
0.311917
0.536252
-1.85332
0.896835
3.35473
-0.436861
2.99685
-2.16866
1.17108
1.74714
0.039042
0.785003
-0.542656
0.0640495
-0.8203
2.36964
3.74023
-0.763091
0.274834
2.55939
3.77368
-0.438171
1.77355
2.59629
0.829188
2.95814
-0.202033
-2.96579
1.29496
-1.79905
-0.462724
5.91328
1.3781
3.92071
-0.319863
2.85722
-2.2999
2.10881
3.86337
-0.799854
6.48877
-0.747946
-1.63967
-1.86377
2.4296
0.552221
2.38957
-0.0815176
0.973216
0.187623
-2.38818
-2.61351
0.554295
-0.0704332
2.73814
-2.3251
-0.974734
-2.87146
0.209148
1.04383
2.36377
-0.613251
2.27069
1.36105
0.172816
0.405732
-2.53174
4.92794
3.76787
-0.288251
-0.18088
2.00602
-0.601015
4.81425
-6.19737
-0.80345
3.75869
3.13724
-0.238923
2.23448
-3.77394
2.18221
-3.32289
-2.96516
0.170051
-5.46416
2.40643
3.66356
1.88004
-4.9433
-1.49992
1.25085
1.33499
0.0693107
-2.75192
-0.0268139
-2.66944
-0.0375131
-3.58489
4.00336
0.457872
2.01799
-3.28925
4.23734
0.320171
-3.56396
3.80257
-0.455678
-1.3193
-0.741042
1.72552
0.759691
4.28741
-1.42098
0.58121
-2.55329
-3.04435
-1.30013
-1.74396
1.68126
0.481708
3.33937
-0.71957
-0.790088
-2.5138
4.62808
-1.68354
1.46813
0.846648
6.36367
-4.47079
1.3769
5.73853
4.3606
1.68794
1.32869
1.5317
4.20774
1.57204
0.721198
1.13147
3.70013
2.09418
4.5131
2.77751
4.62587
1.66387
0.268531
0.0117932
-4.8685
3.85404
4.95837
3.69714
2.40793
1.06349
1.27749
-0.0303851
2.13681
1.76484
0.760427
0.943368
-6.44067
2.91081
4.51816
1.36474
4.03871
-0.326436
1.45857
4.76972
2.0353
-4.18912
0.816304
4.64478
2.23931
3.57666
0.526476
3.60669
4.77149
1.28864
2.76939
2.35318
1.32661
4.45445
-0.166348
1.58495
2.99212
1.83141
1.36987
-3.44081
-1.18535
2.144
-2.46675
1.03275
-4.78905
2.19285
5.232
-4.73062
0.305219
0.902718
1.76104
-2.47441
0.109222
5.55232
1.00764
4.50685
3.06964
1.57546
1.56272
-3.72997
0.592338
-1.87792
0.383876
0.94881
1.46635
1.09955
-0.916385
2.97353
1.52555
0.694774
4.41153
-3.59755
-4.83423
0.988187
-2.32315
2.92308
0.519617
4.29356
4.92846
-3.70495
0.971967
2.63445
0.156586
2.18549
-0.414688
-1.5895
-2.04605
1.82617
1.95642
0.86528
1.14968
-3.47239
1.37985
-0.436305
-1.29584
0.423854
-2.06097
4.00524
0.928674
0.0887629
4.24248
-1.85844
0.92272
1.58545
-5.51561
-4.05888
-3.66467
-1.09168
1.53245
2.71912
-0.543765
-2.51668
-2.50145
-2.3133
-4.87932
-2.60892
-0.568424
1.07541
0.586232
0.609241
-4.83564
-5.08889
3.94083
0.749649
-2.1922
2.84729
-1.61246
-0.0830617
-1.89438
2.23604
0.708206
-0.763302
0.0967588
3.12261
-3.65497
0.257138
-0.584595
1.09357
-7.49045
-1.02882
2.0326
-8.10955
1.35203
0.149252
-1.3548
-0.155223
-3.70378
-0.911955
-0.411359
-0.551553
1.41158
-1.64245
1.59019
4.11117
1.60523
2.59963
-0.0409437
-2.37086
3.96339
4.0091
1.50402
-0.27849
3.2272
-0.339966
-3.26683
-1.77941
-5.64347
-2.61289
-4.35299
0.615023
2.84169
-3.35042
-2.05816
1.13793
-3.60342
-0.269432
-2.19762
3.40055
-3.00759
1.27695
1.2304
-0.39371
-5.19359
3.74949
6.07079
4.81126
0.836631
4.52122
1.29081
0.0997095
-2.40669
1.02298
2.87865
-4.56947
-1.1378
-2.52472
1.35826
1.30386
-0.28655
-1.05746
-1.24539
-0.736671
-1.62376
1.47695
-2.53782
-0.6256
1.79396
-1.01838
4.38653
2.83443
-2.12574
3.81328
0.984317
0.146262
1.24973
-0.818216
-5.6773
-0.885564
-1.87196
-2.86916
-1.51548
0.294534
