-0.998954
1.56784
-0.273667
-3.65043
-4.43258
-1.75774
-0.321184
-0.935808
1.13223
1.79589
2.00402
2.41808
0.675123
-1.51012
4.5927
4.35405
-5.70435
-4.48026
2.24166
-0.418216
-1.30229
3.12641
-1.74743
2.22337
-2.35431
-6.87356
-0.178909
1.21774
0.97826
3.13333
-1.43054
-1.26652
4.52759
0.502367
3.95452
-0.176916
1.69411
3.31526
-0.506346
-2.70203
2.05527
6.56783
4.60371
3.02745
-0.335856
-4.56368
5.5065
0.932533
1.0102
-3.51364
-1.51566
2.8776
-2.71313
-1.63436
3.15944
-2.34147
-1.86358
-2.70946
-3.0035
6.31942
0.292731
-4.14435
-2.27386
1.40554
-0.742206
1.52459
2.32214
4.17781
2.34878
-2.3236
-0.399694
0.439205
4.41712
2.49198
-0.336187
4.29246
1.13301
-1.77845
3.61122
-0.149369
-2.37209
-0.423669
3.48365
-5.28751
-1.18916
4.10067
1.00798
-5.05325
-2.57241
-1.77965
0.708024
-3.61312
-1.89201
-3.29169
1.07365
-1.87264
7.72853
-1.98579
-0.71542
-1.55458
