-2.21945
0.642037
-1.77418
-2.46159
-0.834872
-5.72184
1.34163
1.8732
1.77863
-0.226473
-4.26633
2.40989
-0.329045
-1.64724
0.494217
-1.1
6.06533
0.655753
0.806619
-3.32641
7.67328
0.57924
-4.41343
-2.26765
0.492702
-3.78925
-0.473628
-3.6957
6.84161
0.291675
-2.33194
-3.50108
-2.87779
-1.05719
0.0444092
0.16313
-2.37686
-4.08989
-2.02584
2.2742
-0.904513
-2.09251
0.217351
0.484762
-2.0777
2.27612
1.61471
-2.73518
4.5573
5.74096
-0.914992
1.62763
9.91559
-3.9266
-3.06228
-0.991397
5.10249
0.127299
-4.47649
7.0806
-7.07478
1.10027
4.86932
4.54636
-1.05707
3.8346
1.15578
0.545664
0.161497
6.59465
-5.26328
2.92706
-0.846901
2.83027
3.06398
-2.83342
-4.40726
0.277273
-0.821035
-4.40104
4.66695
0.717164
-4.86791
1.07308
8.90892
-1.80281
2.80469
0.708477
3.52055
5.89519
-0.00533344
-4.19873
0.977666
-2.24025
2.1496
3.59851
2.43593
1.05278
-2.32734
0.796389
-2.19302
-3.5704
-0.602045
2.23408
5.03872
-0.160436
-0.415984
2.0408
-2.33208
-0.352399
2.3994
-2.91238
-0.303553
-7.50718
0.746638
-2.80318
-0.135716
0.675661
-0.45704
-2.06441
0.549832
3.18532
-6.42672
-2.83763
0.797948
4.57657
0.0349311
1.78691
0.471837
3.23272
-1.36171
3.95339
2.87497
2.88288
-4.36396
1.22791
-2.61266
2.56071
-4.32993
-3.66243
-0.203021
1.97678
3.15902
2.57477
3.94745
-3.47068
3.30133
0.776739
5.02868
2.13544
-1.65211
-0.582915
5.26647
1.85339
1.68179
1.02103
2.58044
1.18438
-3.49663
1.51287
-0.950924
-2.42365
3.62318
1.80762
-0.0886636
0.225261
5.76337
0.864928
-2.05325
-1.45574
2.44526
0.873442
-6.17523
-0.0859993
4.18429
3.15985
-3.01723
-2.49095
6.7189
8.3166
0.859106
3.20665
2.68596
2.86528
-1.36516
-1.34573
-2.06932
0.191881
2.09895
0.515609
-6.4398
-0.178662
7.11043
-3.4927
2.14218
2.31917
4.63515
-0.327242
-0.228871
1.30701
0.19874
1.40654
-1.26878
0.0211733
1.0813
-0.671497
1.39104
-1.05244
-0.734721
-1.35435
0.124423
0.770636
2.50343
-2.20959
-3.8813
1.21305
1.86283
-4.06942
2.43234
3.35588
-2.1112
1.73677
0.383157
2.56714
-0.82541
-1.8455
-0.143855
0.706167
1.2657
3.50668
-6.47968
0.748474
1.14646
1.12114
-10.126
4.31405
4.41339
-1.36604
-0.700565
-3.51672
2.51202
-4.76842
0.849422
-2.27558
-6.88648
-0.854868
2.40326
-6.05016
-1.05714
0.267643
-0.811685
-6.84735
-3.59314
1.5024
3.57995
1.44734
3.61412
-2.10533
-1.93384
3.77748
1.2642
4.13005
-3.53412
5.11519
5.24537
0.497345
-2.63447
-1.20959
-3.53797
0.179441
-0.843564
0.382452
1.53473
-2.52104
4.98217
-2.19422
6.37565
-3.48958
0.0153298
-0.951548
2.73846
0.356257
2.9871
5.93147
2.24513
0.934892
0.645473
0.327048
-3.01401
-1.8755
-1.21966
-0.214344
2.3534
-5.08595
-3.07905
3.70807
-0.803462
0.685155
-4.04896
-1.59188
-2.46661
1.47725
-3.76547
1.92952
-1.43283
0.150958
-1.469
4.6669
1.57261
-1.66961
-4.43256
1.40926
-0.360047
-6.41684
-2.68012
-0.983412
4.50551
-0.131333
0.642445
4.23522
5.17627
1.33019
-2.65843
-0.31419
-0.213349
0.779313
0.428886
-3.50969
-0.327081
0.112848
5.21638
4.81818
3.48696
-1.72525
-1.49022
-6.77561
5.20138
2.14302
-2.28004
1.21244
0.856739
3.96685
0.40236
0.905456
-4.25752
-2.22105
6.40136
-7.06194
0.474083
-0.997804
-3.09447
-5.47947
-3.23038
0.893533
5.94138
0.219622
4.94381
2.68207
-2.10027
1.39068
2.90323
3.73115
-5.10603
-5.80494
-1.14843
-3.21939
-2.922
2.90195
-1.20764
-6.74039
-6.83895
-2.96713
-9.395
3.98296
1.78588
4.45843
-4.80964
-0.331093
-1.77661
1.89981
-0.82376
4.60416
-3.85337
-1.22008
-1.01248
-6.61885
0.115008
1.17143
3.61944
-0.068098
-0.273141
3.46412
3.64219
4.143
0.566827
0.844204
0.341301
3.6778
-2.87327
5.78077
1.6289
-0.0300187
2.14265
-2.50505
1.57592
-0.494832
-0.639861
1.63344
2.38376
5.02823
-3.24232
-1.60852
-1.4292
4.08669
-1.36495
-1.61766
1.38267
1.19647
0.293479
4.1375
4.32045
6.10007
1.15185
3.42592
-1.19075
1.03296
1.8347
-2.38232
0.0593918
2.85663
-0.829844
-3.37978
5.55763
-1.09741
0.0200953
3.25399
-0.713508
-3.25386
-0.238661
2.95521
5.12929
8.07808
1.56265
0.0784353
2.08401
2.80802
-7.55587
-1.83311
1.08012
1.62803
-5.71998
-1.45644
2.05492
2.07505
-2.94768
3.10951
3.48021
-2.11693
1.73513
-3.54052
-5.01735
-3.54382
0.45816
-0.819509
5.0401
-1.026
-4.06874
2.5118
-1.27785
1.05187
-2.67959
4.06639
-1.64396
1.39205
-1.82381
-1.02093
2.13475
3.15913
3.42598
-2.45485
-0.885204
4.66598
6.24348
5.66509
0.0692119
0.388343
5.55743
1.66962
1.79508
3.46916
5.50867
2.17963
2.0982
0.135676
2.57947
2.98131
2.34421
4.93383
5.48734
2.00311
-3.04301
0.398589
-0.892965
3.0811
1.41028
0.310467
4.45897
-0.369428
-0.467995
-1.31334
-1.5533
0.183516
2.29708
-2.43072
1.22346
-2.90657
0.457526
5.67591
0.280661
-0.414423
-4.41472
-2.77244
-1.78465
0.23403
5.5303
4.33212
-2.81502
-3.96549
-0.0630422
-2.5113
-4.16177
-3.35221
5.13517
4.81785
-2.96465
0.255804
2.06927
1.45507
-2.7015
0.182119
1.90431
2.25494
7.05016
4.10552
1.48145
-0.695217
-4.66887
2.12757
-3.59923
-4.59918
0.141229
-2.84396
-1.41243
5.28698
0.518404
4.15124
0.636956
-8.36371
-0.742798
-3.20488
5.09101
0.941191
2.81176
-1.14395
3.03703
1.22459
-7.57949
-6.84244
1.95593
-4.09993
5.27533
-0.665095
4.77269
-2.35646
6.17238
-2.75242
1.85969
2.7111
-1.09818
2.16465
-0.0144902
0.676082
6.58074
-1.17638
-1.31855
0.625005
-4.21781
1.44353
1.66628
3.60641
-2.9647
2.56707
0.0747702
1.97658
0.749927
4.39561
3.26988
0.0121461
-0.68057
2.57117
-1.27045
-1.69081
-1.77204
-0.129312
4.08952
-2.11963
-5.56778
-4.0636
1.81466
-6.283
-0.20303
1.6433
5.39379
-5.17081
-2.53982
0.660077
-2.2792
3.10076
-1.79888
5.79581
4.46362
4.77835
5.95309
3.30544
-0.116233
1.57715
-0.011015
-2.50573
-1.04722
2.69614
2.17835
-2.56724
7.21785
-4.41624
1.86948
-0.0776081
1.94632
-5.20926
1.8698
5.07593
4.75039
3.52514
1.2603
-2.27824
2.29726
2.58066
0.964863
-0.471037
-3.1402
3.8614
0.596056
3.07867
0.849514
4.86792
0.903724
5.40354
1.1182
0.330673
2.0874
-0.481333
-2.48165
-5.05759
2.42818
-0.770979
0.697842
0.825473
4.05388
-1.0453
1.49603
3.0843
7.0404
1.85677
2.4833
-0.375253
-0.821564
3.19556
1.89838
-2.93786
-6.02199
4.20533
1.01604
-2.72875
2.48823
-0.846616
0.333281
-2.8282
0.95865
-0.0459447
1.58069
2.27974
2.27557
-2.71665
0.208708
10.1161
1.7258
-1.80485
-3.77057
2.70717
0.150232
2.41253
0.855009
-4.28852
0.0477225
4.91375
2.74161
-1.2804
5.55381
-0.882553
3.21954
3.09977
-2.06356
-2.27458
1.02014
-1.14815
0.612787
0.921204
0.333555
-1.03181
0.290349
4.44373
-4.53332
-4.31226
-4.53716
-4.75286
-0.283314
1.13861
-3.48752
-1.63606
0.695917
-3.0116
-0.172027
3.11767
-3.2626
3.74407
5.70813
-3.51618
1.39913
-0.786864
1.1713
4.38153
2.46227
6.66666
6.36027
2.53615
-3.56319
1.10927
-0.553286
2.37404
-1.36352
0.889186
3.22376
1.03881
-2.80169
2.85339
-2.89792
0.72982
2.89884
-4.87956
1.08782
0.338241
5.34904
0.458278
4.30255
1.79902
-0.374303
-1.42184
1.4055
-1.33257
-0.0943631
-3.11353
-6.93072
1.26623
-1.3748
0.511003
-1.07505
-5.14903
1.78445
2.32686
0.35769
3.28451
-0.692634
7.10909
-1.31649
-3.49234
3.24237
-1.8601
-2.44795
0.255772
1.01547
2.5302
4.71742
2.80512
1.71804
-1.56119
-1.11952
1.17446
6.06335
2.34893
0.835854
5.44836
0.311268
-5.14231
0.0850095
-1.51095
0.386945
-0.998136
1.05436
-2.43608
0.766502
2.06225
-2.51185
-5.05264
5.37145
-8.42373
-1.33642
4.64506
-3.28225
1.40381
1.41064
-3.4628
1.38279
0.436902
5.12331
7.36984
2.78765
0.0929268
4.16497
5.09191
-0.233561
2.60384
1.69269
-0.457104
-2.65231
-1.91263
4.26864
3.02092
1.20859
0.278305
3.73059
-3.53188
-0.521056
5.857
-0.924575
-1.5106
4.2009
4.36871
5.86223
4.76344
1.13934
2.54135
-1.66859
-5.5223
-2.63144
-2.05834
1.18098
6.38134
-4.43259
-0.275074
-7.33104
-0.618167
2.93275
0.907304
1.16124
0.659988
5.23765
1.83447
-3.89953
0.88522
1.7524
0.207148
1.8418
4.38866
0.652466
-2.64995
0.134173
-0.647923
-0.0773956
4.28002
1.30339
-1.46921
7.00912
2.1706
-1.30098
0.0870206
-0.698574
6.33221
0.597013
3.12449
4.18758
1.30963
4.75379
-0.820794
-0.351998
5.00865
1.05037
-2.76866
0.237931
3.16036
2.88725
-0.32977
-2.96538
-1.9496
1.85788
-2.71381
-0.67038
1.98478
-5.80638
-6.57124
1.33259
2.43229
4.38843
5.16574
3.31459
-0.68524
-0.618629
-4.49344
1.12369
1.73727
-0.397429
-0.399653
-0.0778301
-2.60721
-2.06678
-0.392977
1.71949
-2.53769
-7.71527
1.09168
0.285262
1.62136
1.91962
1.00069
0.827505
-1.53338
-1.99914
1.05491
-0.439223
-1.1395
-3.29302
-3.92705
0.257895
0.764243
-0.0135318
-0.140749
1.61125
-0.752651
-0.288905
5.8017
1.981
0.243704
-2.4357
1.27583
-2.77863
-0.013268
1.96328
-1.86054
0.768568
-1.84063
-5.67869
-1.28556
-7.8755
-3.67674
1.3799
-2.22054
3.25273
1.36998
-3.24165
-0.29689
0.326494
-3.20054
-1.37276
5.36848
-4.69827
6.83453
1.37967
5.01799
-0.302367
1.36058
0.0462225
3.93386
4.93216
-0.403876
-1.71759
-1.11809
0.60585
-4.25858
-0.896367
-0.0714507
-1.41823
0.0700648
5.129
2.38938
1.74094
-4.72889
0.639711
3.14031
1.65212
2.53827
-0.796934
0.596639
0.758146
-4.12551
-0.779654
2.48829
0.039075
3.49029
-0.42467
-4.74979
0.203427
-0.427947
-5.51612
-0.474869
-0.260219
-1.74586
-2.1476
-2.12029
-3.40228
-1.65154
-0.774805
3.719
-3.95833
3.10964
2.69698
1.63109
2.17964
0.244155
1.33358
2.48964
0.195273
2.85612
3.02313
-5.95532
-0.0786075
0.216054
-8.47739
0.110586
4.29819
-5.75471
-2.08883
0.967704
0.735827
0.839315
-0.73001
1.46279
-0.677215
-1.67892
1.26745
-0.949627
-2.86745
-2.90778
4.11871
1.24845
-3.19576
-2.05556
1.99854
2.0532
5.70593
-1.42359
-2.44331
1.22292
2.40508
0.0297112
2.11205
1.93471
2.98258
2.52537
-1.26459
4.37231
3.09464
1.95549
1.21272
1.59116
0.98944
3.76347
0.814024
5.33012
0.16563
1.68843
5.22386
3.69241
2.4552
-1.13102
2.2872
1.47477
6.0797
7.39352
-1.30738
-0.355893
-1.28068
-0.395846
-3.52491
-8.12276
-1.89284
1.09633
-3.4546
5.90504
1.28614
6.15029
-2.05521
2.66747
2.49956
3.09698
4.24427
-2.12214
-0.271437
3.67199
0.361439
-2.22195
-2.64752
-5.13442
0.020133
6.70903
-3.12283
-0.537664
6.59951
1.72238
-4.0937
3.26592
4.09139
4.88055
0.45602
2.35884
-1.02754
0.270566
-1.42248
-0.068865
6.62194
1.39087
-0.195791
-2.38911
0.979644
-3.68432
-1.58979
-0.130256
-1.61679
-1.70948
0.310735
2.81889
0.861889
-5.92002
-2.79048
0.415155
7.14198
0.119057
3.54402
1.45759
1.67693
-0.0588164
3.17595
3.52471
0.762734
-0.920235
-1.40129
1.23361
-3.23514
-1.31978
5.70295
-3.66766
1.25099
3.30436
2.52536
3.1476
4.53409
3.16078
2.6926
6.18291
1.56059
4.32022
-2.56624
-0.537673
6.48898
5.59086
2.78606
-0.026687
3.51017
-0.42342
-3.01786
4.12018
-3.20442
0.888439
-2.94194
-4.70113
2.55965
-5.95153
2.71574
4.84449
-1.755
2.14027
-2.42732
1.31494
0.252455
-1.93437
5.19345
1.59113
-3.87498
-2.014
0.809175
-5.34869
4.32741
-1.49791
1.53874
1.86542
-0.848647
-0.359192
3.2341
0.725908
3.06514
2.4082
-0.0622671
-3.39113
-1.34274
-2.04418
-0.506109
0.542235
-2.61496
1.31896
2.66918
3.09426
-3.87335
-0.901253
3.55355
-3.45942
-2.94673
0.961257
-4.70127
-0.253664
-4.17228
-3.33537
2.04893
1.63621
-2.07674
1.97536
-1.85983
-1.00369
-4.29829
-3.14419
2.8976
-3.35693
4.76681
3.11
1.38857
-0.217613
-7.3274
2.61293
-4.58946
6.39519
0.621197
-1.07126
-2.83296
-7.96622
-4.89627
2.09005
-3.71281
1.05899
-0.541567
1.83704
3.78298
4.2043
-2.96236
1.67728
-2.57476
0.174449
-1.38226
-0.101365
3.0244
5.16848
1.49819
-3.58841
4.67364
-0.533798
-0.879936
0.187198
3.69035
1.85443
3.67082
5.11677
-0.168921
-1.11744
3.81325
0.943219
4.03568
1.36325
2.88389
-1.9163
-3.23135
2.85677
2.91064
0.178942
3.06176
0.452659
-3.89731
5.70305
-4.21635
7.76114
5.77473
-0.269341
-8.68769
-1.18469
-3.12807
-7.34156
2.45738
-0.726534
2.81836
-0.726973
0.906545
4.24833
4.11729
3.35601
5.17912
-0.753053
-2.92077
-0.58816
1.28894
1.77713
-2.51956
-1.55049
1.66965
-2.15091
2.86861
-0.635825
4.61535
-0.0121141
-1.30498
5.93333
-2.33354
-0.159586
1.53659
-1.1198
0.27462
4.61038
0.109844
3.63562
0.0534552
-1.60555
3.63313
0.24238
-0.662981
2.22624
0.0245971
0.576106
-1.4322
-2.4863
-5.12181
3.73293
-4.28985
-0.841955
2.62017
0.63784
-1.29583
3.88412
2.38327
-0.806722
4.32738
2.65193
-0.49002
0.1294
-1.32118
-1.60815
1.42451
-0.673992
-5.36236
2.5411
-0.162848
-0.088264
4.25081
1.53801
4.48887
-3.51591
-4.13635
0.408396
-0.694267
2.30231
-1.2711
1.98826
0.439083
4.14061
1.60334
0.732817
-2.21491
0.107298
3.48667
0.224285
3.46044
4.77332
2.17515
5.78591
1.93389
-0.54785
7.97271
0.69794
4.56197
-4.02334
-0.0303329
2.86059
-2.08797
-0.875111
8.14955
2.34578
-5.00037
-0.847804
5.22644
1.3884
-2.37047
3.28908
-5.01258
-4.56972
0.320217
1.15273
7.06745
-1.76246
1.96282
-0.27326
-1.52941
-1.54557
-2.23773
-5.56113
-1.47814
-4.75365
3.01233
3.64792
-2.39643
1.1229
-0.735722
-2.85598
5.03514
-2.80579
-3.34613
-2.6091
-0.169253
-5.98786
4.4547
-0.177586
-0.0553822
1.25701
-0.689872
-3.34946
4.97228
2.53125
4.72008
4.72497
3.7049
2.34464
-1.90951
-3.03606
0.545202
-0.896734
-0.0457066
-1.12237
-2.0428
6.0678
1.5442
-0.244613
-1.6107
2.35557
3.31533
-0.429305
3.40558
1.68224
-2.22027
0.594995
-0.14334
-3.06623
1.53607
3.78291
1.92263
-0.781634
-0.317177
0.136055
3.32436
1.53251
-0.526983
1.74719
5.23161
-4.11729
-3.32044
-4.68138
-2.35381
1.91941
-1.42178
3.4851
-3.38536
2.81747
-0.988458
3.21575
2.37798
-0.206136
0.614046
-4.53604
2.23205
-2.14024
-4.48556
-0.56904
-6.25704
-8.93845
1.13621
0.0103149
0.814944
1.91179
0.257946
-1.99485
-3.10071
0.269579
-4.54085
2.9055
1.96672
1.78128
5.43362
5.23413
0.534596
-0.10972
0.670672
-2.02016
-1.89627
-2.46419
-2.91382
-0.804447
3.5945
-4.6829
1.1119
-3.95822
-0.41617
-3.50622
-2.79669
2.52594
-0.64004
1.4258
2.3213
2.10904
0.400545
-7.79179
-1.97619
-6.67035
2.63175
2.26825
-1.3839
2.83557
2.73508
-2.70751
2.05168
1.23277
3.52895
1.41853
1.39387
-2.18572
4.88438
1.08667
5.34487
2.04914
1.13533
-2.14841
2.31832
1.63247
4.78185
-1.44478
-0.391473
-0.0295653
5.05283
4.69545
2.37723
2.60454
-0.779478
2.83623
1.5673
4.84853
2.66168
4.86326
6.55512
-0.0140617
-3.23633
2.21418
0.055618
-1.32015
-4.90714
1.60761
-3.01961
-3.32859
2.05735
2.19804
3.60813
3.21029
-2.47418
1.62413
-1.20081
1.89642
2.65938
-9.38791
-6.83504
0.0830133
2.86332
4.16919
3.90938
3.10439
2.13487
4.55822
6.51508
-0.579218
0.32401
1.81374
-4.19208
9.07232
4.71103
1.99802
4.04321
2.41063
-5.04932
0.551703
3.39818
4.84462
2.95447
-6.48284
2.03663
-1.47321
-1.42659
4.5233
1.46582
4.14575
1.77593
5.13531
1.68746
3.69329
0.180083
-2.65082
-3.04839
1.17497
0.734325
1.02112
2.812
1.14804
1.62964
1.98745
-1.66737
3.47704
-4.88247
-4.59141
-2.25625
2.85148
-2.12626
-1.85542
-5.36482
-1.2291
2.1966
2.21449
2.71539
-2.79556
-1.71866
-2.93943
4.22753
-1.30656
0.174082
0.0149166
4.48598
5.30046
-0.82535
6.75921
3.51807
0.0426849
1.53977
4.96415
0.585992
-2.01895
3.48741
0.748105
-2.69247
-4.5511
-1.14405
-0.54274
0.615224
-1.45498
-0.766739
6.56302
1.68956
1.0053
0.679616
3.75318
1.68469
0.964326
0.352943
2.66921
-4.50431
-1.54742
2.2118
-4.75753
8.32212
2.77699
-1.49435
1.74822
2.85026
3.10902
-0.762873
0.651766
3.38234
3.30245
3.82847
-1.67508
0.380819
4.72139
1.96275
-0.598649
6.07172
-1.57887
3.52374
-7.24055
3.89812
7.39992
3.86987
0.410246
1.63162
0.343583
2.1985
-1.2144
-2.0234
1.06925
3.23769
0.514287
1.27443
4.94231
1.09263
1.80966
-3.33969
4.12559
-0.878832
-5.46934
-3.49648
2.492
6.04647
0.405494
-2.53453
2.81149
-3.18507
-1.31037
-1.22952
-5.41388
1.61953
0.510524
1.18889
2.62419
0.881644
-7.04626
-3.93537
-0.0228246
1.95069
-8.12937
0.154887
1.96512
4.58364
0.556516
-3.24741
4.36892
1.1894
-4.69065
-0.241127
1.94265
5.61198
4.24227
0.979475
2.34257
-1.7137
-1.55948
1.30306
3.60253
-3.6673
5.21378
5.32468
2.20178
1.06165
0.742717
-0.237184
-4.68838
2.64052
-1.83644
-3.57051
7.05935
2.60103
1.65399
-0.266271
2.64528
-0.040486
4.90632
-1.13293
-4.92456
4.65243
1.09808
-1.59176
-1.52117
-1.78036
3.63084
-0.443271
3.14782
6.0379
1.50952
-9.26265
0.520916
5.755
2.12794
-0.978154
-0.686243
-2.85323
0.067463
-3.116
-5.26239
0.102885
0.3553
-3.01594
3.63011
0.0793817
-2.06704
3.48486
5.87111
-0.653142
0.38001
-2.9016
-3.33892
2.00815
-0.263574
1.57755
0.585633
-1.92675
-2.34333
-0.22362
-0.823547
-3.03903
-5.25251
-1.95839
3.64795
3.29541
2.96651
-0.976762
-0.312914
-2.20405
-0.42012
1.37181
-4.21447
-1.14631
-3.42876
-1.22119
3.5749
-2.22813
-4.57515
-5.62882
0.204274
-2.25602
1.40594
5.79879
-1.39645
5.47548
7.6563
2.22406
0.376663
4.23596
1.07402
4.6671
-0.779079
-2.73026
-2.09658
-0.527648
5.54721
-0.228165
-1.1716
2.31947
1.69946
1.30304
0.098819
5.41677
3.22594
-0.507886
-4.25484
-0.308102
4.60429
1.39932
0.352801
4.91063
1.91031
0.151172
4.71478
-2.50006
-1.67194
-1.42924
3.04339
4.48069
2.08839
-2.17176
-5.00932
1.89849
2.4641
-5.22286
0.555335
3.0781
-1.25564
2.29789
4.61652
4.13388
1.58232
-3.67624
-0.111988
-6.26159
-3.7089
1.41443
-5.14025
-3.87093
-2.86453
-0.776298
-0.957228
2.32567
2.76393
4.16201
-4.04776
-0.022399
-1.53779
1.1971
2.35393
-3.7497
4.31971
1.41739
7.68944
2.20825
0.46139
-3.05376
2.11675
-0.618293
6.16484
2.00368
-0.468314
0.676191
2.55499
5.19341
-3.44685
1.18267
-3.98034
0.218396
-3.60156
-1.01789
2.2117
4.50232
1.93621
-3.93774
1.19063
4.47565
-0.723761
3.5391
-0.906217
4.11869
3.75644
-2.83138
2.69616
6.20615
-1.79716
5.01691
-1.12792
2.11697
-1.22195
0.924372
6.11343
-0.877119
-0.860006
-3.93792
2.2709
-5.29429
0.977752
-2.03997
-2.45129
1.23324
-2.03021
2.58855
-0.877613
-2.88649
-3.29665
1.4434
1.7071
-5.06585
-2.73308
3.47343
2.23841
-3.62095
5.0805
1.60687
1.27448
-3.69704
-3.8971
4.23163
1.51048
-0.89333
-4.84413
-0.321848
-0.161585
-1.09473
0.826528
-0.0230132
-0.923934
1.36483
7.54043
-1.43181
0.274063
2.97493
0.728046
-1.74146
0.857436
1.68394
3.5644
2.08505
1.62558
-1.01065
-2.56987
5.23221
0.494747
-0.0533713
4.37167
1.73515
-0.79169
4.09812
3.30352
0.41521
1.86737
-4.51559
0.946851
-2.81332
-1.40049
1.3002
1.60274
-4.65513
0.988645
-1.15145
4.62481
2.05872
0.479757
1.23149
5.31846
8.49535
-1.36608
-1.57378
-2.48666
2.7423
0.312417
-0.0675144
-4.19243
-7.00331
0.863746
0.171093
1.19961
1.26027
8.96694
1.02172
2.4733
0.771875
0.142457
-0.394101
3.23548
5.03392
-0.149767
4.20317
4.10953
-0.0671668
2.90199
4.75765
-4.60379
2.86742
5.02561
-0.753541
3.81422
-1.45177
-3.12262
5.52996
-2.20379
2.96753
2.68707
-2.41893
2.95875
3.76962
-0.454261
-1.45489
-1.40727
6.09639
-3.21076
1.60582
3.68678
1.96544
2.46511
1.53099
2.80176
-1.3144
2.0366
3.71204
-3.09864
3.90113
0.0532867
2.60192
0.201931
2.71189
5.09645
2.29055
-1.81835
0.649242
5.14359
0.41296
2.6948
0.192768
2.40054
-2.41037
3.4265
1.39672
4.11267
0.55079
3.86359
1.17784
-3.786
3.90615
-0.95379
2.66443
-2.85616
-4.6585
-2.2678
0.922096
0.524161
0.298482
-1.86426
0.241314
1.77964
-4.43735
-0.451518
0.563817
-2.64073
-4.0718
2.3627
3.47719
3.11259
-2.70401
-3.75897
-0.501285
-0.912723
-1.53892
-0.11437
1.84037
7.37914
2.49058
-0.321029
-3.09574
3.64942
-0.107416
2.99509
5.02034
-0.710554
-1.62343
0.107814
2.35775
-1.42607
0.318847
1.06796
-0.74284
2.72911
-4.36887
1.2569
2.59987
2.43183
-6.62065
2.6017
2.45255
-2.5858
1.22461
-5.62276
-2.08288
-1.31086
2.88369
5.97958
-3.20778
0.0157208
5.47022
-4.32164
-4.27043
-0.134058
2.4135
0.2322
0.700014
5.4064
-0.427388
-4.20389
-2.592
-1.66809
1.07833
-2.9026
1.89313
-1.70555
1.37908
-0.512895
0.688474
0.594952
-0.56027
2.30559
0.206858
-0.310947
-1.93523
-5.74637
1.13587
2.02201
0.931941
4.35855
0.393734
-2.05809
-2.06872
1.4504
1.71111
-3.78106
-0.642931
-1.53516
4.09835
2.71011
-4.44318
-2.88993
3.07777
8.07022
1.51068
1.78807
8.09903
2.7217
-1.49862
3.92532
-0.700016
0.715112
-0.807638
-0.427466
3.8869
1.05454
2.02909
0.330615
6.06768
4.03221
0.763113
2.18351
1.03852
1.93383
-1.7698
1.76222
-3.93928
6.54829
-7.31713
-3.56007
1.75679
3.44106
3.44842
0.77371
2.37999
-7.21521
2.74948
6.46479
-7.19185
2.22209
4.82694
2.35963
-2.0427
2.80622
4.28119
4.83213
4.83694
-2.02938
0.0213642
-1.4954
-0.322207
1.22727
0.848243
4.11838
1.60328
4.16849
-1.27501
-0.902499
0.292416
3.32046
-0.188831
7.8518
4.27471
1.83409
3.71761
3.20371
1.19506
2.62074
-2.41221
-1.07651
2.91556
0.311461
4.12122
-1.09258
-0.319867
-1.29158
4.95744
-4.08186
-0.729724
0.58913
2.46966
1.35554
8.17927
-3.86728
-3.9095
4.70156
0.21185
-4.19118
3.23944
0.063576
2.22301
-4.92428
-4.93287
3.28191
4.33855
2.37957
5.75077
2.09812
-1.7296
0.620703
1.58261
1.88978
0.150655
0.177938
5.49297
0.0252088
4.0466
1.35492
0.919183
-0.237441
2.93166
5.93315
-0.0144761
-4.68455
1.95552
-10.1698
0.737878
1.62582
4.8331
-1.07867
1.11937
1.78896
4.37849
-2.08756
2.71369
3.09566
2.25586
0.953273
0.663739
2.16359
5.81529
-0.861583
4.44089
-2.2321
2.40209
4.53282
0.559946
0.571611
1.61866
1.25644
-1.05888
-3.6606
-1.1861
3.84496
4.27287
-0.0173266
0.778335
2.21115
0.134796
-0.089299
0.563163
0.203304
0.96021
1.29412
4.88602
0.904689
2.47052
-1.09816
2.68084
1.611
2.39311
-6.61675
2.10011
8.248
-2.75393
3.0594
-4.90673
-0.39779
0.91184
2.3406
5.03807
4.68513
1.7189
-2.44612
0.816357
1.49523
0.417044
-6.88441
-6.56408
-2.45361
2.77987
3.4111
0.093258
0.507865
-1.56159
0.963268
0.858098
1.6271
-2.6057
-1.42672
4.96273
3.66995
-3.75342
0.942829
2.15822
5.16117
0.60921
-0.23951
0.040866
-1.32672
3.03985
0.675465
-2.23235
-0.544478
1.58428
3.5852
0.397511
-3.80647
2.43025
0.183718
2.23278
2.26514
0.669666
1.87663
-4.15115
4.54676
3.9724
-2.38559
5.30758
-2.47276
-2.07855
1.44592
-0.411427
-0.9675
-2.03092
5.55701
1.79577
1.81274
1.28005
-1.16097
-8.39136
4.34084
2.74283
0.114186
-0.996892
2.23722
0.124729
-1.32044
-1.09857
1.10545
3.00646
0.367506
0.595507
-2.72721
2.41502
-2.79635
0.277216
3.63152
-1.26737
-0.350005
4.70267
-0.576619
2.52757
5.14405
4.01311
3.46047
-0.0429279
3.23622
-3.14789
0.476369
1.42446
-6.06255
0.0138458
-2.71582
-3.20187
3.33776
1.02249
-2.06662
5.80701
4.73676
-1.3285
-2.02554
0.484104
-3.47935
-1.33925
-0.376263
1.79473
0.0348066
3.14952
-0.444249
-1.56062
0.0904014
-0.986396
-2.84548
3.5784
-4.76923
-2.03092
-1.02064
0.287928
0.823843
6.56339
2.23961
-0.174868
-2.05282
-2.17647
0.280903
-2.27784
-0.497032
0.0179092
-0.752305
-8.20713
3.46396
2.28102
-0.916306
7.15093
1.79768
-2.106
-1.33637
0.212986
-0.00932634
1.70074
-3.38804
3.22788
-3.56028
-1.23605
5.81126
-4.06242
-2.30097
2.41562
-1.09324
-4.97185
6.85874
-3.40155
-3.49578
4.19085
-3.73323
-4.60394
-2.06855
1.11096
2.93147
-5.48854
-0.68437
-0.284534
0.078279
2.96487
-1.18923
-1.87518
-2.50885
-5.10878
-3.97072
1.69939
3.56434
8.38347
-4.44788
1.7319
-2.02281
-5.59882
-1.92581
2.2634
2.08963
1.40913
1.16731
-8.96674
-0.839016
-3.3658
-2.22007
2.53915
-2.06947
-0.631177
1.20576
-4.08613
1.42393
-0.298382
-3.08365
-0.449773
3.68222
6.43021
1.94042
1.00757
2.65074
2.60497
-0.795237
1.20734
-5.58475
-0.330616
-1.49614
1.49625
3.37815
2.56673
-0.614642
-6.58699
0.420531
-1.18131
3.00827
6.98035
3.264
3.21808
0.632936
0.111131
3.03052
1.44599
3.62246
-4.31225
-4.11956
3.38352
4.13988
6.42297
-0.793553
0.818672
2.05437
-0.644944
1.55942
-6.2481
0.425776
0.598683
0.946221
3.92017
3.25888
1.27365
0.714295
2.8345
3.36373
-0.404544
-0.989725
-1.03042
-3.73021
-2.16232
3.46313
1.2998
1.51184
-3.24699
1.11714
-0.651828
1.89844
0.332444
3.09386
-1.51846
-2.43498
-2.50711
3.0581
3.93622
-0.801286
1.96146
4.97482
0.594789
0.429227
1.56401
-1.55785
-4.00055
0.779058
0.964366
6.29989
2.05009
1.78758
-0.833225
0.194934
-2.28188
-1.41467
2.73081
1.61809
1.19566
-3.17704
-6.15961
5.11305
2.11326
0.404661
-1.19384
4.6007
-4.35687
1.79551
2.44897
0.936405
4.11311
-3.12339
-0.253913
2.20996
-1.49891
1.26222
2.8507
6.05375
-1.03676
4.75236
-0.914012
-3.56061
-2.90484
-2.59938
1.136
1.63464
-1.31087
4.51636
-3.86565
-0.162428
-3.9351
1.49836
-2.54132
1.09554
-4.49699
4.45855
-3.0534
0.768727
-0.241598
2.93412
3.3211
0.565328
4.39211
1.23213
2.18707
-0.323505
1.47583
1.26033
0.920801
-2.53617
2.49994
2.72319
3.5861
1.376
-4.09732
7.53371
-0.0944604
2.90338
-5.45096
1.61669
-1.43502
7.31449
1.69746
-1.08532
-1.37523
-3.55321
1.7459
3.93287
1.96876
3.01296
-1.27774
-4.86188
1.13438
1.01347
0.900926
0.607164
0.914001
4.19493
-5.4026
3.64711
3.15742
-1.64311
-3.88722
-2.94382
1.83562
-2.37611
6.97111
0.422935
-1.63354
-2.12907
-0.223859
4.52711
-2.33885
4.10368
0.231183
-1.08775
1.06159
3.84241
1.84429
-0.411954
3.02347
3.67328
-1.4415
0.489896
5.12445
5.63795
-2.47817
1.02745
0.658875
-2.00855
4.83073
-4.77428
-2.47012
1.40682
4.8019
3.28133
-1.46341
3.96918
3.15399
-4.62281
6.73286
-1.74873
0.708709
5.10602
-0.142162
-6.56532
-0.990225
-1.14349
3.43877
-0.503611
-1.9385
-5.57951
-1.50043
-0.907216
-1.06869
0.702165
-2.44572
3.16774
5.00299
1.6365
4.69929
-0.452398
2.17789
-5.03277
-1.60001
-3.17774
-0.817848
0.165058
-1.17907
-5.61975
1.53073
-1.6898
1.98799
1.15635
-0.249095
-2.82662
5.21553
0.794493
-0.834756
2.39974
1.71023
4.69644
4.8353
3.40843
0.586174
0.577659
-0.205554
-1.11784
5.61166
2.05574
0.994078
2.1996
3.57803
-0.870354
0.846312
0.895017
1.67849
2.91844
4.03909
0.764489
0.423116
-0.340401
1.38753
-1.87366
3.32619
-0.511098
-1.5719
2.92441
1.47947
-5.59379
-3.17788
2.35939
-1.90403
-0.098751
2.66703
1.81705
3.59878
2.86239
-1.95975
1.1949
3.78393
-2.01254
0.679144
2.34617
-3.61118
2.01554
-0.909894
4.45964
2.01188
-4.80667
4.32457
1.96694
3.85391
-0.852925
-1.76287
-2.27961
5.73097
3.70437
-0.680773
1.3687
0.393405
-0.214545
0.553077
2.04973
4.25752
0.219672
-1.50965
5.2176
3.07015
-4.69915
1.73028
-3.35952
-1.84442
0.797013
0.894101
-2.15876
-5.96016
3.56229
-2.65271
-2.46198
-8.31622
-7.60404
3.03986
0.304098
0.396054
-1.53872
0.155026
1.57197
-4.20544
0.696716
0.0175138
-1.78676
-2.01542
2.85942
0.280232
-1.80912
0.017491
-2.38629
1.3033
7.81758
0.22346
0.40534
0.106584
3.30812
-1.13029
-3.06488
-4.26423
3.31457
0.436965
-3.08076
4.25188
-1.62946
1.75867
2.70677
-1.85738
-0.0458469
3.51232
3.93184
2.61689
0.0977862
-2.35475
-0.836603
1.91712
-1.40587
8.49835
6.88158
2.79389
-0.391481
0.650292
-1.42324
1.22396
1.63502
3.38386
2.09513
0.862254
4.93042
3.19985
4.63648
-2.12248
2.13043
3.72899
1.58505
-2.64757
-4.28226
1.42181
-1.74239
-5.5523
-3.21928
3.6863
-1.96206
-3.59683
3.04108
1.54375
1.24241
2.05327
1.06894
-5.35528
0.795115
3.03758
-3.19703
0.00626628
0.116244
1.38368
-2.86726
4.79497
-2.09184
2.65358
3.5929
-0.891242
0.993503
-6.05665
1.97949
-3.23208
5.49996
-3.72617
1.30504
-0.191421
3.27116
-3.73704
-2.34446
-0.387592
-1.15081
5.65139
2.87735
