0.423251
0.500895
0.39234
0.355279
0.352235
0.383988
0.440585
0.5066
0.570182
0.644356
0.748077
0.855749
0.962416
1.07024
0.984383
0.936556
1.02379
1.06897
0.884925
0.727862
0.718988
0.656239
0.634267
0.577323
0.55787
0.538388
0.599592
0.741088
0.759883
0.716443
0.756411
0.612529
0.694008
0.908736
1.05342
1.04495
0.974637
1.06428
1.07808
1.10943
1.06038
1.10555
1.11086
1.09251
1.03239
0.981177
0.951873
0.850586
0.849597
0.851648
0.870347
0.836911
0.869408
0.941602
0.832862
0.834333
0.794528
0.701017
0.778832
0.913285
0.803885
0.824624
0.804282
0.812392
0.821133
0.946239
0.978488
1.07635
1.02224
0.936629
0.830347
0.80392
0.754235
0.663347
0.650274
0.872898
0.872382
0.769669
0.934851
0.756654
0.717017
0.742349
0.795399
0.859437
0.899948
1.0005
1.03629
0.946261
0.796787
0.942417
0.914431
0.891533
0.837098
0.703989
0.833055
0.84266
0.798784
0.582152
0.540932
0.559743
0.660598
0.616421
0.446663
0.63462
0.673406
0.672323
0.692777
0.633886
0.690687
0.815868
0.823438
0.849514
0.756653
0.694625
0.573471
0.567202
0.432963
0.357947
0.35662
0.325565
0.257253
0.175838
0.154283
0.221298
0.113598
0.138523
0.111575
0.146812
0.339148
0.299122
0.418472
0.381022
0.39689
0.356179
0.420165
0.471834
0.48418
0.504624
0.380087
0.246848
0.240419
0.200189
0.380417
0.362068
0.431692
0.52849
0.51439
0.457983
0.538834
0.571463
0.611886
0.522074
0.604714
0.438152
0.489842
0.399865
0.292595
0.264113
0.200224
0.123971
0.0308978
-0.112857
-0.0783272
0.0340825
0.00829809
-0.117358
-0.0565698
-0.0659849
-0.177035
-0.188119
-0.167043
-0.243758
-0.264619
-0.345423
-0.32964
-0.416568
-0.429061
-0.564661
-0.461782
-0.417215
-0.539887
-0.498192
-0.495802
-0.548051
-0.672737
-0.658495
-0.74469
-0.849457
-0.80017
-0.785488
-0.796759
-0.67508
-0.604196
-0.60439
-0.721886
-0.742018
-0.80708
-0.725201
-0.756601
-0.631829
-0.604498
-0.60879
-0.459002
-0.700439
-0.804001
-0.722181
-0.654693
-0.67792
-0.743657
-0.714049
-0.686503
-0.737972
-0.614593
-0.563422
-0.617258
-0.50724
-0.614575
-0.725381
-0.749009
-0.809497
-0.919554
-0.907949
-0.917518
-1.1049
-1.17025
-1.09234
-1.10076
-1.11443
-1.0846
-1.04837
-1.05275
-1.11007
-1.22262
-1.1456
-1.20139
-1.15992
-1.19206
-1.16626
-1.2077
-1.17273
-1.06534
-1.20918
-1.23284
-1.17369
-1.27327
-1.24593
-1.38475
-1.3427
-1.3769
-1.50378
-1.39146
-1.52534
-1.5232
-1.47197
-1.34521
-1.33699
-1.39057
-1.20894
-1.00026
-0.95835
-0.883179
-1.03748
-0.918241
-0.766737
-0.721881
-0.639621
-0.380242
-0.513735
-0.494878
-0.368057
-0.447283
-0.475037
-0.380718
-0.245949
-0.152262
-0.1464
-0.0860264
-0.00898099
0.0499173
0.0111497
-0.0130989
0.115203
0.252755
0.173165
0.114812
0.147261
0.110511
0.264685
0.203195
0.337495
0.343608
0.326584
0.238964
0.158411
0.219071
0.0696467
0.148975
0.21624
0.232292
0.0556128
-0.051822
-0.0862008
-0.105932
-0.162488
-0.0927837
0.211739
0.340432
0.212888
0.148309
0.0546768
0.0589635
-0.0273467
0.0650482
0.184578
0.133284
0.198919
0.108083
0.177534
0.0137971
-0.0180002
0.0144204
-0.0512225
-0.0191115
-0.0162876
0.2225
0.22406
0.349757
0.41248
0.298105
0.0990587
0.124203
0.123613
0.1122
0.124521
0.172776
0.40241
0.285055
0.350126
0.454127
0.441513
