-1.01844
-2.91707
-0.220454
4.19348
6.20773
2.42664
0.284789
2.42483
4.41741
-1.07263
-5.6575
-0.320642
8.15853
4.08797
2.14542
3.07746
1.85479
-1.21983
-0.467008
5.35448
-3.00268
-3.42782
1.78297
-1.82678
-3.10091
1.96376
1.27128
-0.0764241
2.65283
-1.30168
-1.91767
-1.59954
2.07731
-6.94937
1.0545
3.77965
2.48901
-0.969238
-7.57511
-4.80432
-4.56995
4.6214
2.69186
2.74801
0.375371
1.69236
0.714393
5.92016
2.07548
-5.26684
-2.42467
2.31441
5.23222
-4.78251
4.55852
-0.0300783
2.8175
-0.15566
-4.76438
2.56901
-4.3759
-1.03509
1.31278
-2.29149
-1.12855
-0.11922
2.15582
2.2319
1.60765
-1.15024
7.81244
7.49983
0.187302
2.34594
2.96552
1.89856
0.963376
-2.51904
1.64467
-1.11632
-0.238174
-0.0434338
1.53124
-5.23333
-0.790821
-0.23509
-4.10374
3.13289
5.16665
-4.41626
2.19137
-0.965571
3.89244
-0.869449
5.18175
-4.46857
1.72342
-3.35341
3.47337
-2.97157
-6.56023
-2.80484
2.04552
2.80402
0.0789608
4.63645
-0.0262655
7.0376
5.22902
-3.14063
-1.88368
-5.13004
-0.162747
-0.314335
1.90292
-0.636007
-3.06069
1.87839
3.2287
-0.0282037
2.43197
-2.78516
2.6452
3.53652
0.634245
8.07315
2.16983
-3.48948
-3.30436
1.22958
2.46377
0.216778
5.68047
0.780171
1.72663
-8.06087
-2.53439
1.41347
1.02872
5.75658
1.63066
0.341309
-8.46059
0.669246
-1.86873
6.40336
-0.422661
-2.1745
0.317203
3.70671
0.30643
-2.3858
-1.0054
2.88865
-3.50598
0.786273
-1.67768
-0.973437
0.107464
-2.08697
1.71644
-2.62709
-0.435212
0.339229
0.727794
0.433529
3.82765
-1.75343
-6.24896
-8.00836
-0.213741
-1.62721
-6.27445
-1.58147
-3.36281
-6.82614
2.9079
-2.96986
2.99378
-1.15639
-6.16838
-0.00551284
-2.68838
-1.02306
-1.77058
6.83821
-1.03415
2.0815
1.59444
5.05885
3.66143
2.15848
0.694511
-1.85707
-3.66996
-1.3972
-1.63688
-0.504451
4.74306
1.34063
-0.678502
-2.3158
-8.52769
-5.58988
1.07528
3.06535
0.988831
-1.13129
0.232253
-1.7629
-4.58249
-8.58317
3.77623
-1.42686
3.99858
-3.55477
3.207
-3.18486
-6.87861
-5.63265
-0.413107
5.03872
-1.72505
3.81315
-3.84239
2.16458
0.888158
-0.601151
-4.53737
1.51721
-7.22195
-7.10168
-2.87983
-0.971524
1.50785
-2.44047
5.3153
1.99064
-3.13078
-5.19604
0.26982
2.38192
0.616458
2.26527
-5.7831
-5.71961
-1.5046
0.301833
-1.02929
6.17665
4.63667
-1.54623
6.15239
5.59017
-4.15345
1.05566
0.0601903
1.62892
-4.64803
2.55218
-0.62258
3.21405
1.96642
1.90398
1.90146
-1.93314
0.60562
5.07058
0.548323
0.867157
1.49203
2.15064
1.91927
-3.99372
-0.136566
5.42663
-1.48441
3.07232
1.69745
3.66055
-0.0667354
2.13981
1.16043
3.61056
-1.40793
0.763284
-2.17549
0.977873
-3.24811
3.54373
2.31748
-6.49177
2.42552
4.53863
0.657241
2.63244
0.841681
3.15161
-1.89101
0.316818
3.58116
3.51908
4.72074
-0.613997
2.52441
-3.12389
-5.15283
3.94443
-1.289
2.2146
-3.59329
-2.8985
5.15457
-3.82349
1.57323
5.81552
5.71847
1.93876
-2.45901
-2.96274
-6.15034
1.93583
-4.98282
2.02589
-7.29095
3.00844
2.73798
2.90789
0.894309
-1.65854
-0.124248
-0.139632
2.56177
0.830713
-1.00247
-2.43024
-1.86564
1.34928
-0.4869
-1.99621
-3.27423
-2.12072
1.76086
8.22539
5.15585
0.609012
1.23835
5.00579
7.08035
3.33323
2.55455
1.77367
-1.68146
0.124089
0.663058
-5.74535
0.896735
2.12829
-0.430193
6.62305
0.391371
-0.289741
-1.30721
0.36795
2.32617
6.62605
-3.02161
0.664443
2.6212
4.7936
1.68043
-4.44921
-4.09825
1.11914
-2.00026
2.09152
7.20079
6.20765
-1.80392
0.0264291
3.28252
-2.90114
0.0699838
-1.18674
-2.50461
-3.29687
0.613841
-1.59206
2.00883
0.521237
2.44565
-1.11761
4.51448
-1.42043
0.368978
-3.60358
1.15073
-3.83726
3.0792
5.74125
-2.6469
3.01683
-1.89738
-1.59323
-0.264186
1.17112
-0.759915
1.42891
1.69203
4.31898
-0.465909
-3.47797
0.246843
3.68906
0.256939
-3.82357
-2.39309
-3.79772
1.88511
-3.48281
-0.605939
0.107665
-0.302181
-1.52349
-5.56975
-0.691343
1.77631
-0.511297
-3.31267
-1.15267
3.46711
2.13394
-0.210428
-1.0652
0.52264
5.31484
1.24833
2.19526
1.53546
7.67715
-1.29149
2.24018
1.83067
1.52876
-2.91448
1.3527
-2.65508
-3.00389
1.35339
0.481822
-1.96784
-0.23635
-0.916739
-2.78005
-0.964889
-1.46377
3.03167
0.482216
-2.39138
-7.12611
-2.35433
-3.95308
1.33265
-1.94298
-2.20078
-3.62591
3.29538
2.90582
-5.26679
-2.17775
-1.41231
6.06655
-1.0086
2.68796
-3.5971
0.857001
-2.60839
4.94059
-0.989287
1.25909
-6.98853
0.00252797
-5.86333
4.61848
3.07554
-8.07904
-2.84435
-2.15202
-10.1382
-2.12687
0.464969
-2.76838
-2.35151
-1.12716
1.40916
3.16914
1.55096
3.75973
-1.52495
2.95414
0.513684
4.24701
-1.56633
3.44183
0.594504
-1.03095
-0.631048
0.823791
7.0023
-0.324503
4.66686
3.55795
-0.661506
3.69956
1.29576
-7.07842
-0.740886
0.737464
-2.1239
4.12428
1.73786
-3.69328
8.25845
0.860832
1.10694
-3.93535
5.01016
-3.17293
-3.06627
0.507984
-0.586206
2.65994
-0.935906
6.99234
-1.45199
3.06629
7.75662
-3.24367
-0.85409
0.776247
2.54853
-2.55928
-4.40589
1.00057
-3.25936
3.17162
-2.34475
5.71327
0.609993
0.871748
-4.7891
1.64012
2.86215
1.07136
-4.1565
-3.85467
3.94538
-2.01662
-2.43002
-0.715044
5.26251
1.64695
0.572104
3.26158
2.2627
-3.49908
-1.27842
1.12118
4.14222
-1.05607
-0.511033
3.31771
3.62364
2.75967
-1.28338
-0.911948
1.04316
3.28006
-2.56819
2.50621
0.995996
-1.2112
4.38847
3.9058
1.33638
1.64646
4.23833
3.79609
0.441392
7.45467
-1.40382
-3.20226
3.29637
6.54662
1.34237
-2.48357
4.14418
1.80851
-1.22447
0.117816
-1.25201
1.17736
-0.874295
2.63447
-4.27495
-0.0522933
2.78315
2.6419
3.95639
-1.77932
-5.63868
1.16637
5.19362
4.26897
-2.2799
7.31236
-2.30109
1.46419
-1.28433
1.34952
-2.69925
3.99445
-0.995356
1.17951
-1.76062
2.85695
4.29519
3.16957
-7.40828
-1.06327
0.779591
-2.59054
2.51336
-8.75507
0.3953
-1.09383
-0.317314
5.39938
2.39157
-0.698817
0.238263
-2.12114
-0.475193
2.5864
0.351374
2.51415
-3.99056
-0.426275
-0.830223
3.06389
-2.91988
3.95183
-5.59383
-0.338095
5.9393
0.359691
-1.73389
4.47294
-1.16866
1.66129
1.4815
1.99241
-3.6542
5.36761
4.46345
0.489995
-3.70452
-1.69557
3.18643
5.43365
0.556919
-3.97525
4.15494
2.43459
-0.792725
-3.75419
3.82255
0.117948
1.16024
-1.17539
2.42392
-3.02579
-3.23456
-3.64659
5.52663
-2.84206
-1.79717
-1.3112
3.88842
-1.44112
0.912871
4.7386
2.01598
0.837273
5.79209
-5.98336
2.71013
-2.09925
-5.25969
1.32239
2.04371
1.75377
2.68134
-1.99326
1.15816
-4.86176
5.47273
3.07578
-1.38889
1.67101
2.13061
2.0366
5.14969
0.499112
2.0797
0.775396
0.301668
-7.86396
-2.99674
2.50503
-5.27243
5.72078
0.031326
0.861919
-1.56863
-1.28471
-1.0234
0.772402
2.64544
2.35426
4.79988
-3.18137
2.11552
-1.91963
-1.16977
-0.240457
1.82504
2.48625
3.83478
2.80063
4.16206
2.88829
-3.8459
5.06901
-0.88086
-5.20647
-3.49738
2.93639
-1.13283
-3.07108
-2.57319
1.14337
0.693204
1.36358
-4.71389
-1.42707
7.36059
0.870588
0.198433
4.30433
-3.59467
-2.05996
1.38063
0.579105
4.78326
5.66228
-2.90691
0.979417
-0.8234
-0.168505
-1.96975
2.8568
2.38656
2.11776
-1.88137
1.78165
2.6323
2.50901
-0.528484
4.44901
0.19495
-3.16332
3.88691
-2.30594
2.94937
2.62849
-2.29058
3.26332
-0.317032
3.15251
-1.26476
-2.60939
-0.848711
-4.70565
1.5152
-3.57183
0.849857
2.99852
0.366619
0.644405
-3.06425
-3.23559
3.03692
-0.564071
2.18559
1.98118
4.80729
-5.7691
-1.4889
1.1417
-6.59234
-1.49299
1.0305
0.14127
0.590225
-0.9943
-7.06352
1.49274
-0.293463
0.373433
2.18364
-1.98468
-2.40732
0.442689
5.70427
-2.60942
-3.2525
-1.62436
-1.95073
0.205424
-0.767952
-0.541291
0.566697
-0.208296
-7.39354
-3.25607
-0.346402
4.85539
1.94798
2.35295
0.787837
1.60718
3.86755
-1.54316
-3.29144
-5.03744
-4.60242
-7.4552
-2.99103
-3.96568
-2.08132
1.8245
-1.78953
-1.91202
-3.3308
1.10747
0.924409
-1.92588
-1.48475
-3.25453
-5.04036
6.01139
-1.08263
1.07265
1.59558
2.64919
-0.617636
6.98341
-4.36866
0.404009
-2.95512
-0.620389
7.28821
-0.784032
-4.0724
0.579502
-0.0918688
-0.00870894
2.96458
-4.3084
1.90618
1.87212
5.45663
0.45575
-1.0142
3.28029
0.173603
-0.628701
2.21951
4.29997
1.36811
6.87733
2.16011
4.43281
-4.47156
-4.51226
-2.92087
-3.87766
-4.1903
0.46014
5.00761
-4.4178
5.91495
2.38587
6.20193
-3.46196
0.430706
-0.410055
0.231785
1.10533
-2.36174
4.995
-6.48674
5.82949
-2.15736
0.927311
-3.11868
2.01603
-3.55168
-3.53048
0.195516
-3.25916
3.18169
2.2334
2.27054
-3.73377
-3.99285
1.37502
0.0707728
0.95936
1.52476
2.55173
-3.4333
-1.42547
-0.572314
5.53003
-1.56515
-1.97559
-0.858207
-5.63763
-0.743874
-4.08996
0.878936
-0.394784
1.81434
0.152229
3.11731
0.326194
-2.02018
-1.4611
0.924681
-5.35551
-3.25773
-2.58812
6.30127
-3.29027
-0.824079
1.76982
7.53918
2.95964
-1.54555
2.38315
3.9493
-1.1908
1.18024
1.45926
-4.61371
0.896268
1.45401
-1.44783
3.99755
6.38639
2.44145
-5.83123
-3.21237
-3.66539
-2.33604
-3.1453
-4.85221
-1.87722
3.79882
2.645
-2.85687
0.637731
-0.951674
0.134013
1.83686
1.72969
1.72409
1.14047
2.03759
1.91887
7.20498
0.32745
-3.89943
-2.45033
0.774772
0.744306
-2.55315
1.68688
-9.87647
0.0828495
0.246762
3.09452
2.41521
-3.2005
-1.4972
-5.24461
-0.944761
1.08508
0.913481
-0.769899
3.98843
5.07513
4.70724
-5.91288
9.3828
-1.97392
-3.24943
-3.2295
0.247206
-2.64607
5.72385
-2.13932
-3.68859
-1.66394
-1.05201
2.24259
-1.31783
-1.1525
-2.78062
8.46457
-0.512454
-0.798333
3.08304
8.04413
6.54762
0.950561
-4.84172
-1.27616
5.83612
-5.38466
9.17514
-2.11768
4.93561
1.40799
3.58497
-0.502577
4.79607
-1.87791
5.47679
-0.530379
-2.37467
-3.61987
4.96189
4.41129
1.27061
0.279493
6.14015
1.44596
6.74859
-4.09253
-0.118472
-1.24734
-1.69633
1.41067
1.72797
6.58633
4.92181
3.99277
-0.236811
-0.832538
-0.253455
-0.510421
1.02597
3.83628
0.57611
4.94393
1.03685
-0.330859
0.0699228
-1.06056
-3.06226
-4.04887
1.7143
1.73281
-1.8732
-3.77819
-7.86018
-0.247496
-3.21444
-2.43418
3.00526
3.00119
2.57168
0.898316
-2.83371
2.98641
-0.514884
2.37276
0.307137
5.49922
-2.72851
-0.806797
0.314159
1.35947
-6.25731
-2.36037
-5.19431
-1.52485
4.27546
-2.13539
3.8444
-1.83082
-0.485586
0.217895
4.36744
-4.32072
-1.23223
-4.32217
-3.35854
2.92662
-4.61111
0.56269
-2.5207
-4.52366
-0.672287
-0.575736
-6.88152
-2.02896
-2.17166
-5.38824
-2.58625
4.27605
0.236122
2.22634
-1.47004
-7.1817
1.85291
-2.70609
-1.54441
-5.94293
4.33186
1.43933
-1.80991
1.13494
2.56938
1.0167
0.119963
2.93787
-1.11177
-5.0947
0.622895
-0.293867
1.53375
-2.80818
-2.14043
-2.53446
-9.03801
-10.2476
-4.4574
-1.60376
-6.36869
3.76807
-1.51061
0.0602987
5.03145
-1.31359
4.25322
-3.36292
0.863996
-3.29382
0.576272
-1.61568
3.41279
6.79272
-0.659483
2.5396
2.88993
0.40309
3.01919
1.49033
-1.67929
3.57464
1.79941
6.19024
1.14496
-7.28123
3.07386
-8.43647
0.250852
-1.50921
1.8886
2.78908
1.70784
1.281
-5.15509
4.72001
-1.34734
-1.80306
2.75247
6.71967
-0.315267
0.878306
0.52497
2.02173
-0.149322
3.60569
5.69873
1.25753
-4.56152
2.69889
-1.29471
-0.384931
1.50848
2.00604
0.690008
2.93877
0.392393
-3.2758
2.39254
1.10904
2.82651
4.17783
-1.47233
3.46799
1.15519
1.29365
0.423776
-4.5473
2.68744
0.368914
-2.3537
3.17699
6.79988
6.96164
1.5775
5.96409
8.274
3.92609
0.854511
-2.64152
-4.81142
2.3452
3.23333
0.791113
-2.95256
-0.412386
0.963064
0.810478
0.0531233
7.07638
-0.940667
-0.860941
0.205302
-2.58245
-1.29935
-1.73194
-0.331539
-0.760148
-1.22892
3.17052
-2.72827
-3.66327
0.93411
-0.166171
1.9711
2.73722
-3.55922
3.03546
-5.49997
4.92318
-0.339901
-2.5353
3.26589
2.70983
-0.286967
5.02933
0.380351
-3.86442
-3.91762
-2.27616
4.29347
-0.515419
-4.76045
0.25866
5.7614
1.16054
0.599321
-1.88701
5.48577
3.55435
-4.66219
-1.15626
0.616954
0.211345
1.70198
2.72507
-2.64495
-5.00325
1.32103
-1.35686
1.56511
-0.795844
-2.1969
-4.78891
-3.79554
5.02872
2.49022
-5.00921
2.6595
1.27274
5.14239
3.03188
-1.70602
-2.78248
-2.92146
-1.06155
6.63726
2.64864
4.72164
4.42148
-5.16971
1.78127
5.32759
0.421604
1.59117
3.50119
-1.18112
0.527657
2.90573
6.84368
0.179316
-1.33029
-3.51244
4.97643
-2.76337
-2.86893
1.96493
0.160417
-3.06045
1.86978
4.05184
-2.49443
2.70964
1.61876
6.23087
-2.56583
1.42087
-0.672563
1.57151
1.7058
-4.55924
-0.740704
6.80239
0.504117
-2.12268
3.28473
1.47758
5.77566
4.26125
0.166485
-4.45023
2.48511
-1.00012
-0.17533
-0.838595
-0.197872
0.608388
1.45143
0.888394
5.51907
0.72044
0.299927
1.45408
-0.474928
1.202
-2.00068
3.29944
-1.35247
-2.24409
3.43517
-1.52181
3.02288
2.9365
1.78245
-1.15372
-4.22406
-3.85064
-1.99681
2.57982
-7.60593
-5.44264
0.306798
0.726365
-2.93541
5.61968
-0.719262
-0.762037
5.6677
3.08729
-6.39114
-2.23279
-8.86271
-0.20469
1.4005
6.28803
0.593676
-0.365744
4.42058
-2.40655
6.09129
-1.25692
3.38862
-0.640637
-0.553183
0.511899
-3.32268
-4.7174
-0.268628
3.65741
-2.76633
3.87401
1.40907
-0.642922
-2.21302
0.503787
2.28154
-0.56665
1.96487
7.12622
0.878907
5.83236
0.850577
0.124641
7.66702
-0.565333
-0.830651
-2.34435
-0.195459
6.70268
3.11292
0.273926
-3.69149
-2.44517
-1.09679
0.621123
4.04031
-3.2729
-6.15051
-1.25493
4.07733
-1.34772
-1.79896
2.20319
1.02068
2.3106
-1.11327
5.73487
2.11991
-0.57525
0.699447
0.289713
2.65333
-0.992804
-0.99986
1.03779
4.99874
-2.51033
5.44795
0.326185
-1.45968
2.81282
-1.43406
2.8158
5.46964
0.830436
2.42321
0.303094
4.38377
3.10754
4.74676
-1.98928
0.661418
3.07758
2.01549
0.494373
-2.98191
-5.64827
-0.627273
3.9157
1.69196
-2.31318
1.83276
0.090138
-3.66608
1.47629
-1.40205
-0.366041
-1.39445
5.14151
5.02882
-0.717465
-1.59854
0.493731
-1.43836
3.81667
1.02472
-1.99412
1.22478
1.04127
6.13044
-2.24743
5.06283
1.23483
-2.37266
0.0576583
2.17148
4.39816
4.56852
0.0338224
0.0727982
6.00659
2.51062
-3.05625
-3.5216
-2.08488
-3.39566
1.58906
-0.614585
-3.89863
2.2588
-0.472067
0.311606
-0.479148
-1.33145
-3.06553
5.68256
-1.31758
-3.02922
5.43121
2.66767
4.52412
4.51025
-6.36366
-3.57891
0.289019
3.27586
-2.87556
-4.56759
-3.44525
1.51784
-0.527388
-4.39729
-3.49435
1.94751
2.32895
0.441055
3.10548
4.31455
-0.303193
6.93419
0.837484
3.63068
-4.84152
-1.97126
3.16567
4.17214
3.03183
2.95441
5.7492
4.43586
-0.165093
3.64214
2.39987
5.24946
-0.00622433
2.83374
2.46922
3.43887
3.83375
1.93639
-1.32879
6.68866
2.66492
3.63187
-3.15971
1.69421
1.09531
1.94851
-4.22863
1.21962
3.22915
1.8704
3.60523
1.27787
0.658657
1.81642
2.89718
-0.989033
0.0942941
2.93548
0.735735
-2.48536
2.92805
0.347894
-0.697081
4.09287
-1.94655
-1.19605
5.10708
-5.48671
-5.14624
-1.99076
2.07971
-2.78985
0.0801836
-2.0377
-6.14665
2.04214
0.967512
2.95066
3.79131
-0.1002
0.303865
-1.89769
1.68428
-0.915094
-5.02883
1.63614
0.984004
2.79568
5.85543
1.53489
2.71929
1.79153
-0.248523
4.65984
-2.88528
4.88497
3.64215
8.48467
3.36164
-6.82456
-1.18387
7.70329
0.591329
3.10827
-4.25898
0.688993
0.484926
-3.02767
1.54723
5.85892
-1.31586
3.53237
1.14147
0.770173
-7.323
3.11008
0.455531
-2.07159
-0.200898
-2.8562
2.04143
-0.531726
-0.332301
6.38736
-4.34501
0.305068
4.8706
3.61014
2.81739
4.49458
0.997691
6.23917
-1.95879
3.55641
-1.33837
4.67696
1.59144
3.51523
4.51288
1.77536
-2.21763
-1.18176
-2.6342
-2.74287
-4.33739
5.67791
1.56092
2.9418
-3.34523
-0.989284
0.735621
2.94262
0.431272
4.35812
0.104392
0.639078
7.85215
4.31411
0.192295
6.49066
1.6421
0.37969
4.87451
-10.0692
0.328751
-5.30698
2.66571
-0.568289
1.1816
2.66925
3.1481
5.50107
5.38897
2.19004
-0.121779
1.46091
-4.67702
-1.98991
0.958182
-1.42497
0.749808
5.34586
-2.37582
-0.406927
-2.36282
-1.14975
4.63019
1.45072
1.82232
-0.288959
1.27539
-0.792653
4.97483
2.73427
-0.802771
1.73688
3.59054
5.04233
1.81697
2.97584
0.732712
-0.394306
3.61963
2.14375
0.868693
1.63085
-0.0275456
0.353993
2.92716
-7.72444
2.23229
0.0897281
2.83219
1.36142
-1.30381
2.39732
0.554649
2.2938
-3.68565
2.45716
1.52152
-0.597246
1.48973
1.78997
1.72683
-1.9535
5.02578
0.748965
-1.61887
3.85718
0.0321904
4.59892
-1.27851
3.15371
0.492758
7.13508
6.01395
-1.85878
0.50906
-0.677484
-0.615569
1.42949
0.709377
2.40368
-3.94526
1.22079
-0.33768
3.54868
0.00199524
1.71828
0.0393415
-0.132612
1.14777
-4.19949
-0.88908
-0.364631
2.2667
0.869918
1.23452
3.89943
-0.0300757
2.29781
-0.275457
3.23958
-8.32319
1.25064
2.97679
4.08574
6.17255
3.06127
-1.11016
-6.47133
0.177616
2.56884
6.58713
3.19177
-3.07786
3.56757
2.42841
0.281607
-1.78264
8.76366
3.22273
-2.02388
0.134944
-6.226
-0.0626075
-3.84014
2.33706
-3.37706
2.8122
5.3148
0.138309
-2.42384
1.87024
-2.63895
7.80898
-2.52501
0.053377
-2.18389
-0.223346
4.4276
6.0473
2.97968
-2.17264
1.91191
1.53362
0.471917
2.6715
-0.102887
1.17922
1.50998
-1.5531
-7.16333
-1.58618
0.168657
-6.95341
2.80877
-1.63752
1.11927
4.17014
-2.7277
2.37222
-1.49533
0.801561
0.122884
-6.26025
4.90754
-7.7745
0.480817
1.56838
-2.09651
1.60415
2.44556
-1.45144
1.19372
3.61357
-0.254773
-5.21709
-0.598149
6.606
-2.45743
4.20292
0.572542
4.62955
7.48366
3.54381
3.2459
3.30291
2.65325
0.268964
-4.29683
1.14922
-0.737802
-1.81678
3.29692
6.81887
1.03769
2.52608
3.03702
1.66849
5.89739
-2.13699
2.48485
-6.08373
2.42895
4.93393
-0.0743842
-2.20975
-2.59157
2.21467
-2.84686
-4.74226
2.87689
3.78725
0.854234
5.93359
2.54879
4.88357
0.994872
-1.41965
1.02859
0.570883
-0.966154
1.60425
-2.97348
-6.67452
-3.41905
1.162
0.865231
-4.04226
0.66687
1.86533
-3.43016
3.76084
1.84992
4.96961
4.31512
-1.82901
0.806036
-3.32361
0.919827
-1.7998
2.4429
3.95713
1.56161
-1.99454
4.30645
0.40225
1.75188
-3.16182
-2.49999
1.12846
-2.98781
7.71585
-0.222146
-1.9745
1.85323
-3.92115
1.67641
1.59615
-2.63339
4.76551
-3.10875
0.802716
2.87361
-4.1876
1.2786
0.173803
5.26181
1.43169
-1.73796
-2.42886
-4.91515
0.742313
3.84724
6.73641
-0.581691
3.50947
-7.02487
4.68126
-1.40931
2.2285
-0.637747
5.21753
2.06578
-5.07821
-0.191103
-3.73561
-3.85901
-1.59484
4.28281
-3.02076
-5.06205
-6.06925
0.705235
