-11.6488
-1.82299
1.50686
4.12792
0.924321
2.17017
10.516
-2.24643
1.53336
-8.03344
-0.849423
-2.62643
-1.4515
-0.461181
-4.76698
3.27312
3.71455
1.32161
4.52447
0.904184
0.443218
6.81493
-10.5823
-0.17165
-0.604091
-3.18168
-1.5402
1.79877
2.9538
-2.25361
-6.85278
5.4029
-0.880156
2.50477
2.40186
0.206155
10.9465
-0.0526716
3.97737
-2.88951
3.95506
-0.292039
3.46766
0.798493
2.54535
3.37898
5.03268
-1.55962
1.97913
9.4693
4.12587
0.860454
10.3234
-5.69549
5.58115
-4.54116
-1.14345
-1.45599
-2.72085
0.509955
-0.680898
-0.34659
7.78702
-8.48771
-1.32506
-1.71951
1.89617
2.7569
3.334
2.87462
-3.53898
-5.73684
0.937548
0.546415
-1.74995
-0.398611
-0.919371
-5.38552
-7.8898
2.22833
1.02733
-2.26599
7.55855
-3.3889
3.43573
-0.415433
4.86238
5.35515
-0.66233
-2.99472
-7.1217
-6.63373
2.66832
0.414007
4.16283
4.74672
2.81598
3.75938
4.52717
-5.78197
4.68471
7.49457
-5.57971
2.63975
1.95683
-1.15626
2.77838
0.451262
-8.67624
2.00617
8.00112
-6.19113
-7.75378
-12.625
1.48878
1.50772
4.8711
5.46681
3.11593
3.7808
-1.08658
0.165837
0.588236
-1.41677
6.24692
0.168764
4.41479
-10.2258
2.67003
2.23684
-2.04793
-3.14911
8.39327
2.59696
-2.02611
-0.635965
4.28317
1.23146
-1.04307
-3.44903
0.490794
-4.49455
-1.97499
5.0804
-4.24077
5.01381
-5.05415
-1.82567
0.441039
-1.48613
-2.64743
-3.86137
5.49899
1.44632
0.548547
-3.3304
2.05514
-6.60618
2.96963
4.25819
3.25579
-1.02983
-5.36624
0.128464
0.204735
-2.44803
-3.40462
3.55997
5.27891
-0.474259
-3.76726
-3.71342
-2.05007
-0.722619
2.38735
8.65765
-3.194
4.44131
9.44127
5.73355
-5.67271
0.839033
6.52055
1.57274
6.45677
-7.25439
1.98604
0.685294
3.68376
3.91151
-1.29441
5.66066
-3.48712
7.33872
-1.03779
-5.23853
-1.28897
6.95774
2.67534
-0.322315
-2.86988
0.24429
-5.71712
-3.64038
6.71516
-4.57597
0.24747
-0.0498333
0.651995
-7.43654
-8.32586
4.41577
-5.77552
-2.98432
4.30925
6.92835
4.68828
2.20258
-6.62002
6.62711
-7.17223
0.335743
-1.14357
7.54615
-3.75932
-3.5221
4.17782
-2.77038
-8.12507
6.54878
-5.6638
1.35396
2.03167
3.94198
-5.7599
2.99944
-5.40471
-0.846133
-1.19238
-0.60956
2.59093
0.676945
0.900238
6.8572
-5.70975
6.1509
-10.4762
-8.4609
3.69203
-2.15233
-7.43251
-6.11693
4.99034
-3.873
-6.38869
0.956711
3.8029
-3.8155
0.581329
10.6625
1.55847
1.2141
0.769027
2.54425
-5.60246
0.808141
2.44272
2.61379
2.39302
3.15643
-6.04104
-0.960872
0.711116
4.8816
-6.93246
-2.5739
-6.14145
7.77981
3.07787
-5.13318
-2.04364
-2.63909
4.57651
-0.408405
-0.399111
2.50371
-0.0324347
-2.91101
2.738
2.63134
5.98632
-2.16365
-0.35903
-0.124426
3.85543
-1.6476
2.60405
-0.664811
-2.9932
-4.08456
-1.20518
-0.581043
5.649
-0.730946
5.79363
-1.83412
-2.86996
-1.78195
-0.539886
3.48256
-2.53884
0.645803
2.60362
-2.63694
6.40911
-6.90763
-2.01871
0.796065
6.72451
-6.66429
-7.09393
-2.80684
-4.29561
7.70072
8.67559
9.06503
4.79215
2.0696
-1.82857
-3.63261
3.67196
-4.6232
-0.649333
-1.29209
-4.51709
-4.93952
2.18384
-6.91731
5.43586
0.71477
-0.0387138
3.06029
-0.210249
0.269582
-6.01097
1.50128
-1.08325
-1.30343
3.38211
4.8017
-6.68587
-3.19255
2.10166
-2.11593
-7.62359
-3.18353
-3.91049
-1.59277
5.26856
-5.36429
-7.20332
5.13093
-8.08163
-0.301396
-2.73244
-1.314
-9.73358
-8.57386
0.250924
-1.57791
1.55607
2.92429
1.9792
2.45829
8.53132
9.99466
-1.5254
-4.58474
-3.70979
-4.81661
3.31092
11.1694
6.16787
3.60174
9.40221
6.21223
-0.0613603
-8.46327
1.59168
1.487
-1.27126
7.04463
1.93548
-4.25545
-14.72
-0.361472
-3.56647
2.97265
4.44646
2.90753
3.82395
2.31876
-1.94141
3.13555
5.67833
6.05329
3.3491
-0.556851
-8.82509
-8.33419
8.50871
-0.312924
-8.14532
3.30712
0.0949363
2.50983
2.59552
-0.820147
-3.1625
1.17359
0.641195
-5.62323
0.815404
1.16088
2.88321
0.071054
0.238397
-1.84688
-0.5461
7.19328
10.165
-2.63782
-3.75953
-0.260508
1.3177
-3.65968
-4.15182
0.792996
-6.68173
6.04983
4.92122
1.80333
-3.56026
6.35448
-2.26153
-4.82507
3.36898
-5.72841
-4.63536
3.05343
-1.52007
-3.71724
-1.17489
-3.05364
7.54928
5.07838
-0.499613
2.51339
13.4191
5.01247
2.12879
-2.1938
-4.18819
3.6171
-0.146404
-4.75397
0.601934
4.01679
4.0026
10.4427
5.27092
8.10285
2.44863
-2.88774
-3.99264
4.91006
-5.86549
1.91745
-0.46494
-3.25324
0.0138374
-0.843277
3.7771
-1.62413
-3.72557
-1.37148
3.45035
-7.58113
7.59282
6.00431
-1.25845
5.20681
3.20052
9.54718
1.15029
1.3519
-3.04701
-3.37741
-0.787296
-3.18448
-4.4208
-0.402084
5.33763
-3.85905
-1.53728
-8.74374
1.90243
0.918599
-5.89267
-5.07601
-1.34851
-2.53234
-4.17076
-2.73677
6.03519
-11.2234
-5.26136
-2.60341
2.13137
-0.287514
-7.2658
-3.68631
3.64036
2.00527
1.98063
6.23842
-0.655548
-3.73016
0.787593
4.04882
1.14639
-1.31303
-1.4574
-4.48551
-0.626164
10.6832
2.08599
8.98011
-3.05861
-2.40457
7.74896
1.547
0.148501
0.655934
-7.54002
2.38637
8.80841
-3.17321
2.61063
-1.55096
6.81411
4.04509
4.74788
-4.21621
-4.69559
6.04291
-7.06629
-0.558286
3.46117
2.70592
-8.44192
2.36086
0.916753
-7.10196
0.761197
6.42844
8.7355
-4.59477
-3.61761
3.39577
5.5859
1.28192
7.0947
-7.04912
3.52518
0.206733
3.02747
5.99711
0.595234
0.477752
2.10075
2.3712
14.3879
7.94761
3.65941
-2.62969
4.90862
2.87724
8.86127
-3.80734
0.745944
3.6103
-5.25604
-4.25992
1.69419
-1.84733
3.31513
12.2756
-3.45066
-2.05518
-1.92942
-4.8982
-0.141814
-0.00148244
3.29648
-6.02009
-1.68386
-6.6301
10.5471
1.98594
1.04584
-4.22298
2.39904
-10.4093
-10.0893
0.235729
2.02992
6.63075
-8.76579
-11.4774
2.92383
-6.72563
-9.40611
0.856039
-2.38265
-0.693804
1.86887
3.65426
-9.72376
2.66273
9.59393
1.48799
-5.05156
-0.769607
-4.59225
-7.43974
2.31692
-6.40656
0.232814
-5.18879
12.6973
6.27905
5.13246
1.38995
5.81271
0.58484
10.5542
2.51702
7.01576
2.07426
1.34117
4.2959
0.479969
3.03495
5.80744
-1.12768
2.61212
-1.43475
3.45466
-2.20339
-3.59856
-0.139549
-4.3415
-5.7413
1.41772
9.55471
4.82793
0.522895
-3.88482
0.194977
2.73779
4.48156
-6.38471
-0.744336
6.49491
12.413
-3.92885
-2.5333
8.91871
-0.842647
-9.12602
-2.01855
-0.226996
-2.16205
5.62015
-0.396096
-2.29701
5.42365
0.616641
-9.3711
0.226352
9.86852
-0.179445
-3.62471
-5.99044
2.73628
5.63711
2.609
2.33983
7.08999
-6.80636
-2.3673
8.00564
-3.88678
1.72373
3.76621
-4.54589
0.915773
2.01176
-0.0416673
4.77375
-3.5152
0.550725
-5.94426
11.0187
5.47046
-7.48664
-1.04284
-2.64234
0.728821
6.84733
11.8788
7.62284
-4.85368
3.97649
4.33126
11.1995
3.13095
-3.17492
8.9645
-4.72365
12.0497
-4.61264
5.94287
2.49961
-3.4388
7.68731
5.04995
-8.55677
-5.581
1.23399
-0.400054
-0.841845
1.24621
4.20135
12.0684
-2.14902
2.69985
5.62821
4.9173
-6.33486
0.889056
-2.28379
-2.39871
-2.75324
-0.985922
1.63121
-8.36409
0.162582
-6.08472
-12.2294
0.0984857
-7.65894
7.44068
-6.03516
6.6336
-2.18609
10.1441
-0.916979
-11.4676
-2.98098
-1.94716
-0.858107
-5.18884
7.55415
-2.2054
4.01955
-0.27299
11.464
0.0150113
-2.2058
0.21074
-1.7366
-2.10762
2.01887
4.02198
5.89656
0.626863
2.74989
2.57624
7.72884
1.74718
-0.24567
1.02516
2.13684
4.10227
8.50677
-2.92765
-1.00649
-6.3811
2.03769
4.63917
-2.97517
1.10406
-0.0648207
-4.57312
-2.67081
4.83393
4.26406
2.4989
1.73275
-0.777102
-1.95481
-4.38919
-7.24649
-1.89216
-8.60026
-2.71878
-6.30853
-12.1213
1.27949
-4.38755
4.76921
-2.30945
-1.31834
-2.67536
0.432469
-0.165701
5.1575
2.80268
5.48666
-3.61863
-2.52341
0.0683201
6.52501
1.35296
1.42491
0.448883
-1.26846
1.65162
-6.90519
10.1812
3.25509
0.744015
9.95493
7.05706
3.52883
0.511412
-3.98737
-0.569044
4.75928
-2.08002
6.77728
5.8604
-0.152345
-2.79384
-0.556241
3.77397
0.875069
4.4704
2.76213
-4.13687
4.52675
-4.5274
5.20262
2.95459
-7.60554
5.61829
2.37944
1.7918
-3.9611
1.07339
-3.712
-1.85693
-0.502022
6.50284
-0.532148
-7.67408
2.31423
-2.09553
6.7658
6.95438
-7.85162
-1.23374
1.45649
9.10462
3.08739
2.27339
10.6212
-5.72551
3.79107
-2.12064
-3.17146
-2.69522
-6.7183
-4.26275
3.14869
-3.46137
-1.35441
-9.17922
0.896716
-3.87173
-2.48436
6.76443
6.65284
-5.85182
1.76306
-0.206694
-3.953
2.87476
2.08986
2.1986
-1.36361
3.18486
6.67516
-6.92073
-4.88808
14.3681
2.3713
-0.311454
-2.35149
-2.83138
10.1039
-1.68909
-6.60365
4.12823
-1.04654
6.61845
4.17369
-9.13198
2.81384
1.91399
-8.02962
5.04685
-2.66395
-1.38929
-0.713466
3.0158
-1.80113
-0.403633
9.90292
3.53574
-5.66843
-1.69892
0.419296
-1.92743
8.13187
0.859193
-0.0407294
-4.87105
2.06258
-0.694768
4.28169
0.111939
6.94949
1.70769
0.292901
5.43044
1.17978
2.92735
-0.0939932
2.38215
-1.14004
-0.556857
1.25402
-3.15343
4.88161
-0.659989
14.4823
-4.93257
2.07735
8.37516
-7.93054
3.51531
3.50927
-1.67679
-3.72441
-12.3126
-1.39122
-0.354903
-1.06364
-3.84604
-5.31532
-6.61606
10.2395
1.19065
5.04272
-2.51869
-2.0401
-4.43616
-1.10161
-2.69313
-4.36185
-7.30295
2.46559
4.88597
-3.51744
-8.7978
-6.28383
1.36399
1.40125
-1.8698
-3.82424
-2.2387
-8.76873
-8.4799
1.89213
-6.03506
3.41271
3.03588
-3.02473
1.77068
-2.80737
-5.77025
3.25802
-10.9351
5.65551
-1.26222
3.05378
3.46396
3.29091
-3.52974
5.77805
3.1467
-0.408441
-1.37734
-2.50292
-4.75166
-2.00533
6.28088
8.0272
-7.92761
-0.7713
0.715866
-1.34568
2.21973
-1.34508
-4.02817
6.80997
-1.4633
-2.97575
3.9486
-3.77872
-3.68756
-6.13154
4.76183
-2.59988
6.6806
-6.69009
-3.67815
2.28417
0.371822
-6.4958
3.36781
5.81915
-0.604117
-0.92658
7.33957
0.974126
5.11584
-5.37697
-0.281279
-2.65259
6.86257
0.31694
-4.93804
7.46519
-7.519
-0.486417
1.49047
-10.0272
-2.41572
-5.76888
2.08887
3.1588
0.261912
6.34519
1.09492
6.79298
0.132265
2.81887
1.59899
-0.631886
-1.43407
-3.02557
9.16666
-7.69049
6.72589
4.27963
8.05867
-1.00424
8.43569
2.90333
-0.803654
4.48
4.72585
4.68211
-2.31178
-5.16614
-1.41277
1.99793
-2.729
0.675544
4.08405
-2.46799
0.477373
-0.274848
6.22088
0.952171
4.45192
4.07845
-6.24732
-1.504
7.04421
-6.83389
0.12728
-2.56012
-1.51559
-0.677844
9.65282
0.823864
3.5052
-3.37049
-3.20857
-0.173186
6.1397
8.7538
5.45834
7.79206
4.85325
-3.57228
-9.6522
0.572392
1.21782
-1.25543
6.15323
-0.835761
11.2308
3.83281
4.40948
5.21788
2.81949
-0.0338183
5.35699
3.65808
-2.52722
-2.93525
10.2067
-2.79791
3.87542
7.19939
2.04688
-4.56532
-4.42448
2.36838
2.99176
7.44672
-3.07585
5.18588
2.96893
1.29877
0.184635
5.43871
4.13522
2.35504
3.06716
1.68759
-0.669494
-4.9215
4.56144
-0.500726
-6.50478
0.951775
-2.60307
-3.06653
2.79787
6.95626
-0.334728
3.14003
-5.51812
-4.36403
-1.40469
1.21676
7.88152
1.81649
0.837715
-3.76389
2.65701
2.47811
11.9866
3.04052
-4.378
-1.97048
-2.3229
-3.89271
-0.262912
-1.41158
-1.05726
4.86343
8.82254
4.94246
-11.2782
-4.72768
1.67007
2.09986
2.09324
-1.73883
4.02797
-1.27735
1.53609
-10.7058
-2.70156
-3.4829
0.662175
2.97812
3.90084
-3.20477
4.5949
5.90115
-4.90215
-4.72507
-8.22924
1.89563
4.66183
-9.31312
0.874769
-0.0963187
-6.1989
3.34428
-5.93268
5.67866
6.23113
3.26169
-0.314022
7.209
4.49223
0.801099
3.21824
-9.44509
-5.26769
3.54028
4.93385
-0.263744
4.96288
-8.40288
-0.763018
4.72551
5.87327
-2.06975
-2.56131
0.962794
-0.202609
-0.382715
4.54997
-2.41996
1.14236
3.64455
1.75207
4.56155
0.942187
9.74963
2.88346
8.69466
-4.68352
0.50143
-1.20741
-2.30943
7.53419
5.95211
6.39236
11.3691
-3.09408
8.43767
4.08693
7.63093
7.28178
6.18102
0.460501
-2.78719
-0.672171
-4.66222
4.3674
-7.02621
-0.109949
3.96435
6.00931
0.490376
-7.69513
2.55968
3.13758
1.73916
-1.89394
1.09764
-4.79413
1.28721
1.57954
6.6044
0.226757
-5.45953
3.05261
2.65073
-7.73431
-4.13081
-1.62925
-1.88957
-1.57552
6.08392
-0.509374
0.920889
9.53911
-5.64307
10.9849
0.2928
-0.499962
6.89712
-8.89197
-1.37775
1.91495
0.480812
-0.280909
-2.2644
0.430278
4.66028
-1.98916
4.8226
-2.60752
0.261622
2.0488
2.46272
-3.69688
2.0346
1.6651
-0.389083
-5.2399
-1.40017
1.61216
4.8635
2.84238
3.29022
2.77436
3.65434
-1.34853
2.85479
-0.470956
7.44198
0.435743
3.45458
1.25389
5.61154
4.81752
-1.1141
3.98002
-3.10205
-0.364993
-6.77132
-6.7861
0.995559
-1.70457
5.59056
4.59977
10.67
-3.57868
-1.41507
0.560522
5.11442
0.555514
4.838
-2.48849
8.59613
5.32139
-1.18408
1.09157
6.1103
1.52118
0.568606
2.60164
-0.716895
-1.08852
-3.59617
-4.59146
1.51137
5.6488
5.52669
4.50939
-7.91427
-4.83543
-3.97469
-0.987464
2.97847
-5.7842
3.56388
4.10783
-9.02987
-6.17721
3.36791
6.3741
-0.449991
2.82761
-0.709641
9.24295
3.84136
-2.35576
3.9724
-9.1135
-0.955322
3.27676
-5.61735
-6.8555
-9.75492
7.91289
1.73961
5.3468
2.26422
-6.24479
2.97026
-6.04363
3.66653
5.61332
2.04323
2.11767
5.84946
-1.60412
3.39382
-3.77897
-0.775784
2.27094
-3.274
6.99502
-1.50148
3.13581
0.946409
2.3089
-3.13045
-7.24807
-6.17664
-0.0467678
-1.17594
1.62351
3.70125
-2.06343
-0.758665
0.864848
-2.09261
-2.15808
2.87696
-2.78107
-2.47857
-1.48588
-10.6653
3.64924
9.0886
0.53131
-3.62216
0.715685
3.86439
-3.75621
-2.0806
3.58708
-3.08713
0.780406
-4.93644
0.364945
-7.07182
-3.69301
-3.32641
-0.219277
-2.41838
2.66464
-5.09031
3.68951
2.08833
10.9698
-4.36918
-3.84344
-7.30633
2.36214
3.75683
-10.0886
-8.54778
2.13276
3.93224
2.99005
-10.4652
-0.412525
-3.53408
-9.43183
4.3403
13.8854
7.15335
-8.51904
-8.28518
2.81827
-3.10672
3.00684
-1.77105
-8.22708
-1.15772
-1.09512
7.51945
1.47451
4.50417
10.3123
2.84143
-1.0731
0.312159
0.90267
0.324745
2.70907
-2.36904
-0.67077
4.71847
-0.772391
4.91157
-2.19908
4.73138
5.79761
6.97055
-0.222163
-13.4607
-1.42746
-13.4096
2.14687
-4.7606
-2.71901
-0.0890906
-0.777321
1.57926
-3.04495
-3.08189
-0.616208
1.85664
4.11164
9.98182
3.50886
3.5788
4.08121
-0.561452
2.11548
2.59539
-3.09449
1.91125
1.12706
1.40439
-0.448016
4.00882
6.44807
-3.17058
-2.49869
-0.139871
0.236428
4.77042
8.73262
-3.41143
-12.7201
-3.53073
5.03049
5.25188
-1.22096
8.26124
1.74228
6.73026
-8.04055
-3.53537
-2.26267
5.15768
-2.01905
1.04473
0.921017
1.50343
-3.69705
7.74949
5.62564
-8.41657
-7.32304
0.585633
4.33383
1.99938
0.156735
-0.847007
3.95183
2.09121
2.95742
1.93499
6.18371
4.66299
-2.79501
-3.05329
-3.51906
0.760798
-0.387369
3.99823
-2.36936
-0.140025
-4.7741
4.68648
5.59681
8.81284
6.51345
-0.640566
-4.52936
-2.40552
7.86548
0.338179
0.233911
-0.606383
6.75365
-6.45916
3.91918
5.17174
3.7668
6.11177
-4.69049
-3.21909
6.55236
5.63126
-0.490228
6.82158
3.39987
1.6463
5.82915
-5.78385
2.62372
4.65454
0.875491
3.5411
2.84124
6.01768
0.86466
6.21956
-2.31369
1.48702
3.02668
4.63771
3.98825
7.80989
-3.71778
4.0307
-1.35629
-0.566305
-4.37578
4.18008
-3.81354
-3.1829
5.56995
-2.53425
-4.15105
5.36591
8.55182
8.34849
4.29594
5.47446
-1.5681
5.0014
-1.80037
-0.170218
-7.20091
0.851746
-8.20657
4.36263
5.83592
2.84214
-0.0813954
-6.75655
-0.175362
3.37857
-6.4021
8.19972
1.6547
2.3912
-5.52295
2.60544
-2.23995
-2.79655
0.707543
-0.458182
-2.71912
-5.12679
-0.00016422
3.49321
-1.85087
-0.068907
2.72883
1.43112
3.46595
3.88674
4.98239
4.26046
-3.56145
5.90117
-3.74937
-1.14961
-10.455
-0.61169
-3.29119
-2.22356
5.25519
0.837038
-1.43822
0.824469
4.36441
-0.355411
-2.8453
-5.84741
0.183209
-4.90686
1.75743
2.54842
-3.56347
0.451654
-0.195344
0.905936
-2.08153
2.89174
-3.2473
4.44585
4.98558
-2.33816
2.28632
-1.10355
0.585056
-4.20323
0.0886333
-6.96219
-3.54076
0.585538
-1.6679
0.152428
1.94
7.64351
0.133648
-0.55472
2.05186
-2.08319
-1.36062
2.46309
1.1641
-4.65332
-0.549068
6.35795
-7.51908
1.65977
-3.77448
-2.18437
-8.99507
-9.1006
-1.42575
-2.6269
1.13951
-1.01933
-7.72613
-2.0681
-0.229749
-0.96711
2.43223
1.89234
7.32234
3.30499
10.8786
8.31958
1.43548
8.24613
0.190591
2.30738
4.89169
4.53726
2.87593
-0.285139
10.0069
-1.11492
-0.246298
1.19891
-4.4471
-3.63426
4.17099
1.64332
-3.50968
2.51914
0.694353
-2.95929
-0.233181
-8.05101
0.119004
1.12142
-1.8462
-0.941451
5.8064
-5.83536
5.44944
3.1425
4.05632
-2.58011
-0.159635
-1.58593
1.29907
-6.86373
-5.35214
6.35954
-0.10092
4.67141
-6.98955
5.70607
-0.377139
-4.87108
6.99654
-8.88592
3.69155
3.76784
-6.74303
-4.79924
1.96981
4.1328
-1.10796
-6.59392
0.658426
0.439171
8.23976
-2.02045
8.38931
-2.15819
-7.20201
5.92237
-0.562493
1.82758
4.6282
-10.2425
3.89649
5.39224
-2.49751
2.55814
-0.0458888
5.66432
-0.330428
-9.75272
0.212625
-10.2013
4.21734
-1.64808
0.825452
6.88536
1.93972
-2.44095
-3.07556
2.34853
8.11893
7.71528
1.7388
-7.15455
-5.07752
5.41322
1.7753
2.88087
4.86874
4.36412
6.34263
1.60908
0.133946
2.03346
-1.79122
-9.24557
5.64209
7.89309
3.54338
9.61335
1.00331
-0.5639
4.08957
4.43021
-5.21825
4.50117
2.12224
4.08683
9.31652
10.6232
-0.00966882
-4.88262
5.49795
-0.741949
-3.14172
0.740387
2.4575
3.26868
4.36858
-0.261044
-3.46986
0.0120618
3.93653
-1.18941
-10.1377
-6.20144
2.06213
0.993966
2.56853
7.01287
-9.13908
5.28618
1.71297
2.58991
7.69201
0.709301
4.58435
0.291072
-5.6165
-2.08025
4.38082
4.00693
-5.96983
4.97882
8.59277
-6.78759
3.76898
3.33103
7.86483
4.94164
5.4341
3.88169
-2.35863
-0.966035
7.54674
2.70234
2.51522
-2.23036
-9.16645
2.09184
4.99383
2.82044
-2.3446
8.32751
0.732673
0.0638055
5.2881
-2.7638
9.70017
1.96498
-1.04824
-2.71183
0.718484
-0.39502
3.37972
-2.89033
1.49879
0.801043
3.40205
5.69242
-8.12459
8.08514
-1.54804
0.527256
5.58695
-2.97351
7.16298
2.47144
-7.9933
4.09389
-6.80281
-2.92311
-8.77197
-5.114
1.91296
2.42155
6.37416
-7.64258
-1.62206
5.18036
4.27612
-1.26098
-3.60288
-10.3642
1.7883
3.24825
-2.91601
-1.96919
-4.09337
-0.487347
-6.24087
-6.1888
-3.68379
-6.09249
-4.19793
-1.6751
5.29678
0.996685
12.856
-0.299122
5.43442
-6.53996
3.12473
3.33042
-9.62569
6.05443
1.69943
0.01209
-6.55809
-7.78761
-4.4521
-3.56813
1.38168
-2.27843
-0.674331
-1.87483
3.55291
-0.718033
-2.86016
2.10785
2.86202
2.68382
0.803134
-7.76497
-3.88222
0.613112
3.66361
7.79734
-6.84305
-0.184534
10.2306
0.643087
-0.470622
4.23149
-8.10563
-3.77731
-3.37194
5.21735
-0.148379
0.322752
-0.0242581
-0.692852
-5.88443
7.40339
0.38925
8.59325
8.51117
5.8219
1.12865
-2.82747
-3.00856
1.39718
7.73484
2.80211
6.70843
-0.277171
2.32774
-1.96448
3.33909
-10.0983
4.7123
0.198155
-3.651
-14.9938
1.42789
-1.12457
-2.95332
3.43471
6.18626
3.37817
-3.33524
-3.69393
-2.84262
4.12208
3.24996
-8.09025
0.609444
3.51988
5.06847
-3.04004
-4.88814
3.19368
-3.09572
-2.96432
3.20942
2.05248
1.89595
8.28625
-3.63882
-9.45603
-2.14877
-2.23047
4.87322
-2.35432
6.82501
-4.16696
7.82335
-0.94643
5.98966
2.85998
-1.39068
2.5741
8.86017
-0.537124
-5.38919
3.22051
-6.44406
1.29017
-0.770818
-1.77439
1.27375
6.17514
-5.93237
-3.65498
-4.79573
-2.90667
4.15888
0.121025
-6.94679
-0.957045
-0.974167
5.89129
7.63909
7.06109
-2.27525
7.74713
3.63458
4.05889
-5.81016
0.814731
0.896034
1.11217
-5.91067
-7.06046
8.96754
3.01371
4.42354
-2.83668
2.79153
-11.1993
-0.408145
3.35124
1.30389
-0.0915443
-7.42146
-6.54923
-0.754457
-1.53631
0.162512
6.25415
5.30703
0.921409
2.01284
3.36147
-2.35252
8.17125
3.77603
0.0398652
-3.52828
3.60115
-3.67442
0.545951
0.541564
9.29074
-10.6817
6.771
2.73368
9.26657
6.25355
-1.37533
-1.32706
6.65379
3.85204
-3.03454
8.55648
-4.54818
-7.54923
3.19344
3.91423
-9.01612
-3.93987
-3.3917
7.28714
8.4869
-4.12783
-4.50501
-1.64229
2.17509
-4.3106
3.11142
-5.85912
-4.73399
-6.47149
2.72637
-4.98422
0.794707
-2.55138
-1.12433
-5.25461
-1.10449
-0.559311
-3.10658
2.97601
-0.24606
6.54723
2.84871
0.160449
2.91892
2.10695
-0.604554
1.24242
6.09482
11.7551
-3.88367
-3.97373
-1.1921
3.58297
-7.93495
-9.37569
2.47831
-9.95586
-5.66266
3.889
12.3551
-6.50371
1.58259
0.477699
2.44378
5.87817
4.15168
2.19057
-2.20318
-0.285008
0.187536
-2.94716
-2.00354
8.00512
1.37899
11.0417
6.53178
5.15979
-0.498554
-0.331279
-2.53289
6.86509
5.18196
-4.43372
-0.297271
-3.9635
-0.075477
-4.69239
1.943
-1.85303
7.65588
-11.0739
-2.1804
-0.212209
-6.87655
6.95154
10.4497
-3.66875
-0.424984
-2.80242
-9.10623
0.766454
4.56211
-3.45205
2.54944
3.74689
-0.543023
10.7238
4.65039
1.23327
3.48758
1.35199
5.97813
-1.51436
4.4314
11.8317
-3.56178
2.99537
-2.49096
-2.36683
2.90007
-5.91497
-11.6411
-2.96755
-7.5471
-3.23579
-3.11568
0.914366
4.37571
-5.45116
-5.07372
-1.54093
4.72882
0.141589
-3.14427
5.01022
3.84814
-6.60868
1.46151
0.0418923
6.13674
0.543808
-5.4621
3.33677
7.66092
7.63203
7.38853
-4.19974
-5.95757
-4.52314
6.58716
7.09749
-1.55798
0.93986
-0.938246
1.54698
-3.69938
-0.321718
4.68639
4.63863
2.56353
-4.26446
1.91483
8.45398
10.7937
-7.12188
-1.41887
-5.77708
9.00114
7.45322
4.97423
0.229042
4.12713
-0.185155
1.37644
6.56828
-10.3067
5.21164
0.15447
3.74094
6.9772
4.36096
7.11303
-2.49602
-2.11907
-5.21335
-1.59713
0.738918
3.29416
4.08
-3.81046
-4.354
-4.72214
-2.56399
-6.46224
5.70021
-1.6347
-0.284209
2.97335
-0.432032
-4.85015
3.28019
-4.91451
-2.05754
3.10822
-0.369692
1.85009
-4.7545
-3.65264
0.605356
0.603627
4.56165
5.6372
10.1948
2.03059
1.84011
-6.54346
1.74611
-3.4401
-4.03767
2.02699
-0.415155
-5.18684
-2.44835
1.79243
-0.780768
2.97386
6.95025
2.27485
1.33018
2.52303
-3.20162
0.229382
-3.68924
-7.14192
1.27292
-0.163755
-5.78955
-1.23621
-8.7303
-1.24028
-2.708
-4.51757
-0.423555
1.7799
-6.214
-3.04378
-0.365849
-1.54807
-3.53122
5.91211
0.327615
3.31337
-0.440854
-3.13796
-4.8954
0.505599
2.61334
-1.7862
-0.355338
0.719383
5.76181
-0.53271
3.15969
-0.150476
-2.63886
1.97953
4.72673
-11.1352
-1.98398
2.80441
1.52636
4.37162
2.6415
6.17627
-2.66529
4.1284
-4.11686
3.08044
3.33231
-7.80353
-3.4342
6.20595
0.234843
-5.59473
8.99472
-5.5043
-11.0047
1.62539
-1.2663
-0.946004
-7.10316
1.29336
0.676769
-1.53611
-7.48445
-5.44122
0.219992
5.14621
-3.51332
-5.34361
-4.20072
-3.22595
4.51156
0.465274
-0.289284
1.41581
-4.06414
4.46577
7.44816
-4.89448
-2.99357
-4.67647
6.56565
-3.00836
4.81612
3.67629
0.155187
4.60382
0.450059
2.13547
1.44426
-4.74148
8.62233
5.78392
3.0903
8.4748
-8.29124
-3.74393
3.4724
-3.39092
6.93142
5.62999
6.35873
3.26126
6.54817
-3.57533
8.8276
3.15128
-0.993156
-0.398105
2.49329
4.11276
-0.384055
5.02798
1.16931
-0.699902
8.95527
9.46822
-0.441659
6.04091
-7.25161
2.31615
2.91882
4.82607
-1.25676
-7.98189
-0.969326
2.51732
7.14611
2.86425
6.76403
4.66052
6.02671
-6.44891
-3.77389
4.36118
1.28372
0.215507
2.06988
-1.36146
2.91634
-10.3501
4.67392
0.964093
3.70402
-5.12082
1.64725
2.27124
4.02806
4.40669
3.14453
0.281499
-0.24117
6.03451
-2.68461
1.94927
0.123737
1.08169
3.02123
7.78618
5.28161
3.03202
11.6634
3.6426
-1.9198
-1.11008
4.28514
2.95743
-5.13901
-8.03427
0.493768
9.5774
4.25049
-3.95826
-8.27109
1.28917
7.11688
-0.158602
6.88098
10.9705
6.5477
8.02168
7.25562
9.60037
4.40002
7.40582
7.62571
-1.06809
-6.65142
0.0165834
0.337218
-1.80855
0.444783
-8.82902
1.39858
5.62704
1.67154
0.22529
0.13731
0.47133
2.2267
-0.270653
2.06041
7.92479
1.86159
2.34902
-0.11716
-4.08327
-0.656118
2.55018
13.4425
1.37088
-4.11683
0.611845
-2.24508
4.52014
1.56971
1.56467
1.51898
-0.201976
-3.36852
4.61216
4.01064
1.10817
1.82669
4.38219
4.05579
4.60953
4.16719
2.61451
5.32832
9.17254
-2.78242
2.05732
-8.85265
-6.25764
3.13097
10.3769
0.135873
-3.2306
5.63383
3.42175
5.43759
-6.69233
2.01395
3.51061
6.88624
0.436051
-1.70745
-3.89783
-4.55546
-2.07106
4.25848
1.09927
-3.03643
-3.67036
1.75569
1.94306
3.55505
1.32991
0.014958
-0.778144
-2.47409
-0.0710552
7.31273
-1.96081
8.62453
-6.95947
2.77986
-5.56478
4.82486
6.03986
5.15305
5.74458
-5.06347
6.86098
13.7999
5.32507
9.09442
-2.20044
-7.6446
-2.28757
-4.51253
-1.45513
12.2078
-0.0751899
2.38331
3.8291
2.44226
-3.66553
4.04806
5.87348
2.33314
-2.3899
1.54178
4.82257
-2.00712
5.62854
-1.48825
-5.92309
-4.66121
3.08132
-0.159423
1.40628
13.3011
5.12208
-4.72675
-1.77007
1.58377
2.47797
-5.86774
-6.98462
-5.98901
2.0626
1.8007
1.05512
-0.610731
6.14096
2.5712
-2.4541
-9.62503
-4.94564
-5.12384
9.13486
2.06375
0.766132
3.33668
0.966732
3.39634
-9.02376
1.9799
-4.21281
1.87205
0.668527
1.8631
-4.3168
8.83009
1.46181
1.29554
4.49067
-3.87436
3.55452
9.90926
5.24698
2.46545
0.493905
0.384923
0.431218
-6.65628
-7.95088
3.29499
-2.64736
3.62919
3.85827
2.35258
-1.51406
-2.03227
-6.71307
-0.308344
6.51132
-4.20729
-0.504487
-0.374709
6.39474
4.71402
4.91496
3.02974
-3.37955
5.69878
7.28931
-4.47239
1.44307
-2.00814
1.42337
-0.224688
8.95539
8.63511
2.4586
4.01562
1.91062
6.32141
3.45484
-2.90635
3.41958
1.74968
-3.56085
-1.74853
5.34305
4.61354
-1.61925
2.48077
1.34414
-1.90563
6.31919
3.04342
5.85901
2.09151
-3.93945
2.90308
4.97577
-2.90822
-1.26654
3.00758
3.06826
5.4756
9.8258
8.06139
-0.102423
6.39125
6.04076
0.0651076
3.14987
-4.26057
3.92038
6.52722
-9.2597
0.600188
2.15715
-1.16353
4.90588
3.07603
5.34834
3.25803
6.63973
0.156899
0.265812
10.7179
-0.138448
5.0647
8.50274
-1.83547
5.97068
2.21198
-0.863112
3.67332
-8.64968
1.83445
-0.0659743
-0.688172
-1.88629
3.43406
9.02096
1.96476
-3.62235
0.884633
4.19703
7.25609
-5.23017
2.79509
4.57556
-1.54705
2.78941
-2.87878
0.192967
-2.63544
-0.895937
1.5404
-2.72075
5.24066
1.6762
-6.29116
1.44299
-0.869907
-4.27825
0.779763
-1.00552
2.40167
2.46238
8.42858
-9.81011
1.95797
-0.865844
-4.12251
-2.40271
-0.464847
2.41632
-3.85871
0.187365
5.94019
0.737895
1.29224
-10.8861
-0.162875
-4.57979
0.651475
5.09227
-2.54551
3.68385
2.83108
0.342579
2.40797
8.45212
-2.26026
7.84944
-8.49013
7.75385
1.5538
2.65088
9.04931
1.35409
-0.298718
1.66223
1.68623
9.5877
-1.61814
4.08532
2.24186
-3.4402
1.69577
-2.83441
8.07923
0.334897
4.14855
-6.29065
-1.89992
-0.638361
-4.44017
2.71596
-3.87637
-7.41378
-1.07023
6.57637
-1.7645
3.58501
6.91541
-0.310041
0.835459
4.92135
0.968255
-2.25881
5.79326
-1.42931
-3.02237
-0.00817158
-0.946962
5.84877
12.3309
-8.43888
-3.75376
7.68865
5.44161
-7.02868
2.95755
11.5685
-2.56517
4.71692
8.35637
4.61758
-2.48776
2.28449
2.02353
-6.28582
2.11326
-2.68545
9.96425
-2.5056
13.1164
6.51362
-3.97467
10.7919
0.554832
-4.30468
10.1264
0.167604
3.12196
7.88137
-2.61013
8.61168
12.9377
0.236033
2.16703
1.81351
-3.87768
0.0292092
2.80059
6.88031
8.39185
3.58437
-0.689593
1.12811
0.418524
3.47413
-1.35346
-0.553786
4.49011
1.60602
-4.87644
-0.0502788
0.0646196
1.95158
-2.90659
2.55145
-4.8628
4.21798
-2.81344
-13.1802
-7.67003
1.56061
4.5669
3.3942
1.90857
-1.77624
3.86142
1.22533
2.9996
-2.21491
-6.67076
8.42292
-3.40833
4.39368
-3.41093
0.0804123
0.283213
-3.45358
0.0491744
1.69405
2.65389
0.214866
-0.172266
-3.0227
6.73205
3.44139
2.16992
