2.6963
-3.59891
-3.54379
-1.85606
0.628482
8.32185
-0.738278
-6.08169
-1.05484
-0.760797
2.7054
-5.36842
-0.944685
-5.17497
6.14406
-11.1579
1.83899
-2.17556
9.94123
5.61615
1.76042
3.2913
-1.06538
9.32673
-4.3774
-4.58049
5.11052
1.87844
-3.15297
2.92298
4.00097
8.72317
4.81909
0.852656
9.19848
2.23753
2.75459
-3.86563
3.98524
0.346766
-1.16016
0.294872
5.53466
-1.71369
1.01761
6.51288
-0.987568
3.12368
-4.16729
3.19369
6.82945
3.06698
2.31226
6.01838
-2.26724
-9.34743
7.17224
2.20567
-7.37406
-4.23411
5.11796
4.21647
5.9281
-1.42197
-4.92224
6.02244
-8.60461
-7.43732
-0.180093
6.75288
-6.49152
-3.68224
-0.513498
0.0533652
8.74411
2.55982
4.43819
7.06077
1.21773
-5.50556
-0.00640094
-8.75127
-6.11585
2.73301
-2.62433
1.87148
3.33015
-5.66678
9.19357
2.77161
-1.77426
-0.315701
2.1308
0.204664
-2.68347
-5.07591
0.844021
-2.02839
-3.31875
-0.371438
-0.476429
-3.53571
-10.4059
-10.88
12.9472
-1.61439
-1.34867
2.71978
-9.20481
-1.19542
9.96293
6.87766
-3.12213
2.26054
-3.03246
4.5232
-1.25049
9.14096
2.46747
1.21084
-0.429327
4.35946
-4.53979
3.00838
-1.8237
-0.518558
2.1315
0.359043
-8.95701
4.11399
3.99745
-7.73429
-0.301915
1.27972
-6.52184
-4.3176
2.78176
0.170406
-3.64877
-3.61797
-8.87157
1.70227
-6.19796
-1.83858
-9.04309
-2.30376
2.96467
0.112074
-2.59189
1.5104
4.79001
-2.96347
0.489012
3.93294
-3.41624
-0.483356
-6.85378
-6.48042
1.95135
-6.89167
5.80906
-3.768
1.44856
1.49129
4.48034
-3.8784
1.56243
1.52766
-1.69301
0.421661
-2.45887
-1.51924
-16.8565
-1.04082
-0.147075
-3.98101
0.936255
-3.3754
8.85039
-6.87983
-7.45688
7.81825
-2.27315
3.15959
-5.16258
0.859665
5.84566
-2.06128
1.66255
-4.87722
-9.97291
5.01943
-4.11584
5.88614
0.563447
0.098869
1.30458
6.77528
7.95365
5.82803
4.76257
-0.791162
6.6483
-0.577177
-0.833967
-3.71869
-4.85916
-10.7556
3.25335
-3.89159
2.7139
0.828168
0.194473
-8.37588
-0.621794
4.22256
0.0978003
8.2316
2.52468
5.80469
-2.29748
2.38033
-10.1533
3.13218
7.05305
9.88663
7.37264
-6.0733
0.655439
-1.11621
1.98662
-3.87916
-7.89443
-3.16712
2.16206
-1.62554
-2.9248
-1.06259
-3.96395
-9.19314
9.9973
-10.1069
3.98346
2.11408
-4.0963
2.16006
6.65333
1.44731
5.6397
5.28931
-6.40607
-3.51912
0.117409
6.44027
-1.32725
0.517142
-7.79908
-3.08489
9.78248
7.97134
-2.87705
0.890507
-2.3911
-2.74808
-5.43691
8.07497
10.3618
11.3486
-0.0054651
8.04178
0.169075
8.43601
4.75392
4.84216
-5.65339
4.50299
-9.03814
5.10973
-2.66828
2.20298
0.956108
-2.46541
4.48547
0.0824802
3.16497
-5.94136
5.31578
2.11744
-2.47346
-1.22091
-2.25224
0.208147
-0.260084
3.53876
-1.85619
6.21542
11.2158
3.26141
2.70386
2.09038
-3.96013
-4.51573
1.96767
2.46157
-2.22792
9.68091
1.97433
3.92541
1.17838
-9.04984
4.77678
-1.48158
-10.8455
4.73857
7.33839
7.13279
-2.28475
-0.483383
6.01733
6.66976
6.54414
-5.97201
-5.60763
6.12713
1.27717
6.65668
-1.2937
-8.35415
-0.313407
1.88447
2.04675
-2.59471
1.35813
3.35637
-7.27677
-7.79107
-4.90319
-2.00695
-4.25787
5.76537
5.34809
-2.79907
-0.327499
-2.60445
-1.81542
-2.48183
4.58754
-9.59696
-3.38613
-7.51432
-4.87725
0.201861
0.311638
4.98395
-6.75212
-2.85645
-9.82664
-2.92873
-1.40375
4.1361
-5.5078
-1.58496
-6.90613
-5.48607
3.91606
5.28998
-3.05295
-1.6314
-8.80461
-0.11052
-2.31585
-2.16989
-4.48172
-4.5578
8.34679
-1.55878
2.88719
2.81883
2.40557
5.22386
3.24776
-2.23487
1.89179
-8.51068
-2.1044
3.72429
2.53608
4.13185
-0.568121
-3.05945
-0.841513
-1.05871
3.56243
-3.6966
-2.54337
1.49092
9.34395
-8.20858
0.364001
-3.76245
-4.69475
4.95395
1.60809
-3.04927
-3.8168
0.460851
0.727611
0.745155
-0.0786709
-0.413137
-2.23744
-6.71924
-1.20339
3.95179
-2.2073
0.621316
1.06794
1.31286
3.3618
9.01393
0.789983
1.36412
-3.29908
-9.73176
3.86449
2.16542
8.86227
2.50382
2.98076
-3.18406
6.07417
-6.45519
-7.43258
-4.38074
5.24459
1.15288
4.92231
8.68907
4.21799
0.306272
-11.4126
0.505406
4.85333
5.619
4.49445
4.01846
7.94565
10.0708
4.05698
-1.76283
-3.71656
7.39583
-0.876711
7.5644
-2.53389
3.96622
4.30366
-6.78709
-2.68245
-0.874698
-1.96126
5.1429
2.11175
6.78369
7.46441
3.32192
7.10159
-2.8612
1.29217
-4.24659
-1.24773
-3.07623
-3.70355
-4.38009
-0.887348
5.45334
-2.03507
-3.27211
2.89044
5.03865
3.94818
4.63143
1.65907
0.255607
-4.46686
1.32646
3.06029
-2.35707
-4.01699
4.928
1.94495
1.73193
0.629127
1.7825
0.261119
-7.05341
3.38677
3.12439
-1.04491
-4.60423
-3.55556
-2.38972
1.89849
-4.87592
3.01132
1.44098
0.564364
7.31166
0.811392
3.04043
1.93489
2.28903
-1.77555
-5.82471
6.35252
-3.79799
-3.87763
-6.46032
7.3423
0.499618
3.88379
3.29029
-1.06072
-6.79706
3.62369
2.11714
-2.3591
-4.72209
2.01912
5.43295
-0.848572
3.35538
4.57718
2.72611
3.64285
-1.87194
6.08732
5.31536
-0.449563
-5.80708
-3.07637
-1.89712
5.52248
-4.73429
-5.16586
2.30519
-0.871901
0.245249
1.90186
6.44873
-0.882696
-0.412944
0.243998
-0.197492
3.51239
3.93211
-2.18942
-1.58649
-2.9365
7.4707
2.43996
1.75945
6.93572
2.34081
-6.93853
0.460599
3.21987
-2.95191
-5.15528
7.97707
-1.24438
-5.03198
-0.632164
12.2643
-1.48304
-0.710818
-0.492639
-0.0397895
-2.46287
-5.21158
-0.660671
-10.4448
-3.77053
-3.2539
1.38917
4.32653
9.0674
-2.37541
0.0733886
0.668263
-6.08519
-1.90916
0.16291
-2.23861
-0.984684
-2.28273
-5.27185
-2.1233
0.854565
-3.83965
-1.04424
-3.25188
-2.14334
-0.0500404
-2.65036
-3.44265
-3.89417
4.02214
-2.79284
-2.20958
-0.577245
2.52199
-1.23561
1.18459
1.66859
3.65211
7.06622
1.1552
3.96874
-0.946186
-3.51865
3.72641
-1.76423
-2.27709
0.725949
3.80747
-0.340785
6.67942
2.03557
-3.61097
-6.87202
-9.33042
-1.3441
3.64331
3.64625
1.18711
2.3076
-1.5278
-1.60202
1.14459
5.18884
4.96184
-0.562309
0.580973
4.22746
2.51089
-1.4919
4.69041
8.24754
-11.2319
3.52003
-3.53084
6.242
-5.62551
2.51814
4.0587
1.76883
1.45221
0.865867
-1.14361
4.51341
-12.028
1.45502
0.485575
4.91366
0.144925
3.6737
3.37233
4.07146
-1.38185
-2.50502
-1.23142
1.38453
9.41713
4.06448
-7.23074
-0.670728
5.80933
0.14791
-0.0878948
2.02157
-1.35292
-1.46205
4.78677
4.60532
-7.4679
3.30185
2.42948
3.33747
6.4893
0.727557
6.20475
-1.1373
2.07653
6.65022
8.6451
-3.00795
2.15893
-7.32181
-4.42253
2.97241
-3.68544
-7.39125
-3.1368
-6.60537
-7.56685
-5.89009
6.39161
4.64486
-0.976463
2.61692
-0.440284
-5.53136
-10.8913
-3.43593
4.3072
-3.56451
-4.27164
-5.42239
8.14627
12.0155
-3.18205
-4.83449
-2.27776
3.28692
5.15525
0.484436
3.2091
0.143231
5.58717
0.0943978
4.37948
-0.570999
8.11996
5.15678
-0.0844433
-3.05837
-9.70631
9.52803
0.958807
-2.14185
12.5143
2.71605
5.90994
2.32461
-2.28021
-0.914887
-3.37014
1.77416
12.2353
7.31127
-3.45836
2.61722
-1.47998
0.5776
-5.09384
-3.67603
8.17046
6.0418
-0.402412
-2.55885
-2.69281
-1.72935
0.235252
0.976028
-3.95216
0.548535
-7.92
5.03263
-0.751078
-2.72746
-5.92683
-2.89131
-7.90982
0.134467
-1.5776
-2.17137
2.34747
4.88083
1.08616
4.43683
-0.826162
3.69638
1.06922
6.97087
-1.74828
-6.88966
2.86202
0.360186
0.794235
-4.56679
-2.87792
3.64915
0.979404
-2.57868
-2.48931
-7.49789
-4.66931
4.75152
5.60334
-4.81772
-8.2397
2.9809
-6.18195
1.94504
6.93565
-4.46158
4.93117
2.25517
0.0171956
-1.20496
-7.60659
-3.53792
3.63029
2.72737
-1.08401
-0.195084
-0.333756
-3.12079
0.310613
1.72184
-0.682721
2.02776
-3.55687
5.01697
0.0449063
8.89958
-0.880627
-11.4498
6.69907
-0.623954
7.05003
-0.489002
-1.49877
1.42843
5.35387
-7.17848
-2.44355
-7.19387
1.9039
-4.2226
0.294401
2.22593
7.8087
4.09784
-0.699844
-3.82364
1.97122
-1.00734
1.51823
-4.49267
-0.916791
8.59269
0.442645
-4.00326
6.2074
0.181397
7.66546
-6.37122
-4.35859
3.84327
-0.538361
-0.364346
-3.64232
-2.08516
0.900278
5.22153
1.90607
-0.811403
-2.53635
-11.9911
-6.5129
4.84622
0.44839
2.76689
1.2503
4.99979
-2.75007
5.02152
-6.45283
-3.75174
5.33672
0.65291
-9.75864
-2.70892
-2.0363
-3.09259
-0.865497
-6.31997
-8.09615
10.7147
-5.36019
0.406898
-5.34064
2.64487
-6.72137
4.71553
-2.03811
-4.52197
3.46219
-1.98943
9.18046
-1.77405
0.447235
0.429367
-6.79757
7.04506
1.08989
1.59396
1.35289
-13.6293
-2.21124
-3.96069
8.12312
6.81486
-2.28832
-7.5641
-3.43481
-1.11585
-3.57434
4.26531
-4.66448
-2.85778
1.37383
-6.18904
-3.25968
1.5185
3.15046
3.40119
-0.169677
1.08294
4.2945
-3.30594
-2.1124
4.05127
7.64367
-0.963985
-1.27484
3.74776
1.78009
3.86523
6.00688
-2.09194
1.53074
5.60323
-3.79636
4.05487
-2.77012
-1.51751
7.71092
2.06933
-1.14429
-2.30091
-0.0937002
-3.62625
-6.44279
-5.24491
-10.857
1.11416
-1.77254
-0.856609
6.18749
7.37093
5.49562
3.31157
3.48899
-1.14383
-1.29808
-3.52486
-0.295828
-5.04171
-5.00162
8.7064
-1.99207
-1.2558
1.0188
3.13218
-0.194084
1.7807
6.99969
-4.94925
-8.74013
-6.80696
-0.490201
0.00619237
2.78474
2.92581
-1.16858
-5.12356
-9.93034
-1.56783
-7.47067
0.747464
7.36678
-4.8532
-0.409349
-0.260769
6.74005
-4.56503
-3.4274
2.19605
-2.96994
-4.22265
-1.66514
2.18307
6.82199
-2.82235
7.27854
9.40399
-2.09032
1.56913
8.03977
1.08656
1.66571
5.84063
7.76279
3.03295
3.44935
2.49482
1.63371
3.36414
7.63516
-2.96507
6.03414
2.69802
10.5058
5.22418
8.45304
3.62421
4.24936
-1.57648
1.41541
-3.17471
1.77244
2.51572
-0.181114
6.13621
2.6499
4.59034
2.15978
-7.49078
7.63067
0.0857576
-6.33885
6.11218
-1.08358
2.40103
4.59003
-0.200668
-1.75281
8.65362
8.79487
4.4348
-4.48316
2.53276
1.40092
3.98823
3.88294
1.72766
5.96803
1.20803
-2.93147
-2.92226
4.48436
-9.73919
3.01911
-4.88508
6.74409
-5.99067
-4.34762
5.25716
-2.95501
6.10663
7.70301
7.35954
-8.83514
-1.83933
11.8089
-7.92399
-1.2861
2.41636
-4.6367
3.45272
-0.132804
5.65374
1.34329
3.40892
4.23167
-2.8618
5.53681
0.171877
1.00145
12.6447
4.53391
12.8434
-1.56233
4.0433
2.49799
-1.30264
6.44527
4.13652
-0.521303
2.50134
-3.92459
-3.07723
1.46833
1.81562
10.0822
-11.9935
-0.272364
7.12265
-9.83254
4.8267
-4.41366
-0.02613
-1.09377
0.762592
7.63687
3.81264
0.346387
2.60991
-0.0410408
-3.65722
-4.47614
5.60901
-1.13805
-0.787459
-1.87324
2.20272
7.79396
1.50027
-4.09416
-0.900451
-5.86304
1.96982
-4.54066
-5.19969
-1.81213
1.07591
-2.92529
-0.465158
6.69111
-2.84471
-1.59182
-12.5542
-5.3203
-12.2744
-7.11973
4.69243
2.28938
-0.560171
1.05161
3.01152
-2.94257
-3.10837
4.42819
8.79658
-2.86384
5.76163
-7.48388
-2.39923
5.23062
-6.61435
3.98959
4.3893
1.24379
1.18084
3.85203
5.78494
-1.55195
7.13333
2.05354
2.45374
8.66057
-0.325788
5.15041
0.183232
3.64713
15.7819
-6.36087
10.9864
3.78053
1.89364
-9.09458
5.37396
3.39621
3.86478
2.04174
-0.264631
-4.21173
6.65902
-0.556614
-4.66372
7.39682
2.39283
-0.0945008
4.75376
-0.306593
4.13616
-0.548274
-0.1759
-5.95743
2.67076
4.33272
-3.10947
8.24402
-2.19879
6.23655
-2.79674
-3.48189
0.971597
-2.43364
-1.5549
4.04288
1.04275
7.93184
1.41388
-14.6402
2.23874
3.70001
3.54075
7.25263
-2.4893
-7.90213
0.560999
5.56824
5.49995
3.32075
-4.56709
-3.50622
-2.23812
0.325214
-0.714943
4.41879
-2.47559
-2.00882
-5.51282
3.14357
-6.90199
7.83461
5.52051
2.72467
-2.31919
-4.67546
3.03806
1.36928
-0.990352
-4.70988
-5.89872
4.99403
1.95609
-2.41781
-5.34168
-3.699
-0.765143
-0.014115
-1.54179
-0.716823
1.53685
7.79817
-6.89178
-12.0007
0.0436285
-1.12765
-6.33555
-4.88574
3.59756
0.0222792
-3.33568
-10.2765
-9.78955
0.576138
5.8635
9.7992
-5.75985
-5.68834
1.00639
10.1182
2.59486
-9.76421
3.64519
-9.48545
2.95827
4.52001
-1.06926
4.25644
4.09619
-8.0248
2.86455
-0.822752
0.257798
-5.37928
4.98778
-0.410607
-7.48801
2.38004
2.80687
-6.30112
9.11234
3.56405
-5.70002
1.19211
4.94021
1.28645
3.33292
12.5725
-4.38557
-0.411316
9.01589
-2.28071
-9.78992
0.789861
0.149344
3.05461
7.64529
-5.10285
3.20217
-2.40562
-1.0266
1.34892
4.97824
1.9593
-1.07133
-13.4254
-3.60569
-0.301484
-2.63158
1.03159
1.64081
-1.3672
2.41528
-0.525374
4.718
-2.80635
5.83813
9.07332
-5.35255
-1.80199
-0.935943
-4.50507
0.0528182
4.67547
-0.793247
5.66508
0.287654
-3.55066
5.08218
-1.71442
-4.11817
3.24105
0.423196
-2.54695
-6.58292
-4.83563
-1.66562
-1.97775
2.96897
2.16104
4.13044
4.67724
6.08902
-2.60915
-1.12725
11.1727
-1.27961
7.46484
-3.19902
-3.79664
-1.9024
-4.24491
1.13175
5.76551
4.49834
-6.71318
8.76897
-5.72591
1.72327
4.69244
-13.6639
3.43782
1.3135
1.70925
-2.02642
-2.89579
-9.93985
-5.20746
-4.98282
9.8189
11.6253
-4.85706
-5.48876
-0.116851
-1.47666
-2.38638
-11.6272
-5.23849
-7.44435
0.50503
-0.750211
-4.89369
1.3891
-2.36583
-4.15055
0.543928
3.36336
-2.67252
2.13627
1.4296
5.98367
4.80973
4.1224
-2.74655
-0.64865
3.36967
0.101173
4.76968
-1.29921
1.47813
-1.27887
1.01754
-1.78105
6.34614
-5.92421
0.713731
-3.57533
3.8984
3.17011
0.260545
-6.19127
-0.117467
-9.47618
1.05889
-4.06514
1.42813
-1.99742
3.91971
-0.404584
3.2002
14.6408
5.65882
5.59879
8.00001
9.32449
2.13397
-0.476101
-5.71547
-3.92309
3.87537
-4.25884
5.41423
-6.11716
-7.37753
2.42899
-6.05581
-8.30206
-2.31245
-5.91724
-10.2373
2.77468
-0.408745
-3.92197
-1.80495
1.63606
0.708495
-4.73251
9.70583
-8.52976
0.0451882
0.0070375
-2.40273
-3.04428
1.24047
0.932185
4.31901
2.00045
1.5828
-1.21815
4.57687
4.12337
0.689682
1.21871
-1.1045
8.78475
4.79656
4.33262
5.84616
3.96453
1.21455
-3.18822
-1.86108
4.37742
-0.38603
2.53001
-4.53831
1.5057
1.65365
-7.64097
-9.27292
-6.14088
0.871838
-0.343932
3.15923
2.04363
1.11325
-4.97372
5.42524
4.63854
-0.92664
-0.871992
-0.141931
0.759097
-4.80218
-9.11388
4.10152
1.07574
3.33974
0.0794911
-6.67671
2.44628
-0.824517
1.33867
8.69354
1.45462
-9.05892
7.71108
-0.0442321
-9.06031
5.53382
-3.34973
-4.49427
2.64002
4.17285
-2.77964
-2.14984
-2.88001
5.19506
-4.12485
4.53925
4.82524
4.88189
-1.21723
8.58903
0.0545482
-7.39162
2.40907
1.80457
2.45139
8.29917
-0.511692
2.20772
-7.35661
-5.32732
-6.72878
-6.52406
-5.77485
6.87877
-6.81718
6.53869
3.76448
-2.43187
3.29525
4.53665
-0.797657
-0.77252
7.69745
5.0082
-0.596496
6.9467
-2.69695
6.00853
-5.07585
-10.3545
-4.41027
-3.21636
0.302304
3.32631
2.24402
-8.40885
7.42143
2.94843
-2.8165
3.02285
-7.89745
-1.98284
-3.41912
1.72917
-9.25795
1.85069
-0.369534
-2.69158
-0.0298636
1.91565
-4.97306
-10.4293
1.94816
-3.42683
10.3823
4.63616
-0.490673
2.64073
-9.22857
-8.59949
-5.98057
-6.11169
-4.25053
-0.573635
-0.622023
2.44529
-0.271213
-2.16882
-0.889139
0.215899
6.22329
-1.16475
4.11784
1.84607
0.555223
-8.70397
7.07506
-4.09673
3.88795
-1.74652
-10.1717
-0.11959
1.26476
3.22314
4.86947
3.59754
0.260881
5.08303
0.796393
3.93402
0.307682
0.00819623
-0.268517
-2.40609
3.07717
3.46532
-4.17641
-10.4157
0.480895
-6.17339
3.46391
-4.07564
-2.33161
-10.8577
-0.858392
-2.1902
4.32695
-2.98459
0.939673
-5.2396
-1.4863
-1.88415
8.19347
0.693518
3.71573
-1.01709
2.29135
-0.97152
-4.28241
-0.804465
0.42916
0.0805721
-3.53639
-8.27149
-0.687499
-3.50312
-3.14204
-5.25691
3.44688
6.38029
5.57517
1.42585
1.11853
0.812566
10.1198
2.51054
-0.50167
-1.48008
2.61152
-1.05365
-9.85486
-7.45636
0.24051
7.20662
-1.01886
-1.08241
-2.78827
2.21445
-1.21197
-8.80292
-1.65482
8.47909
-3.93724
4.09071
5.99205
-0.761993
-3.21802
3.84895
1.76089
0.333394
1.66424
7.03017
2.05995
5.69806
5.14354
-4.15308
-0.403858
-5.49245
-6.17738
-9.80795
-2.48453
-1.82223
0.186996
-9.03246
-0.410054
-5.09587
-2.53492
0.420597
3.61069
-1.47089
-1.20898
-0.568012
-10.9056
-1.37112
-1.3546
10.5674
8.72154
-1.77501
4.33794
8.99472
2.79593
-3.04017
3.51028
-6.97351
-10.2904
-5.21067
5.50971
0.483907
-0.124089
5.07521
-2.62619
-1.27433
-7.08949
-8.33149
-1.48542
6.98875
-0.734484
-3.92122
1.7656
-4.90841
0.453799
-2.19002
-2.58423
2.27858
-5.44135
6.4968
5.84701
10.8122
2.45596
1.51711
-3.92583
3.97971
-0.832114
-5.43161
-7.20712
4.46836
3.19574
-3.73352
-0.91562
0.127019
-0.306129
-10.4395
-1.81421
-2.92596
-0.38524
1.59512
-3.42838
0.995745
-7.68647
-4.25642
2.80934
-8.08623
-4.60341
-3.63279
-4.75945
-1.22325
0.240503
2.57192
-9.36231
4.55937
-1.99429
-5.94876
10.0417
2.83801
-5.01293
1.27965
-8.36062
-0.508312
2.26917
-3.76119
1.49259
-3.27352
-6.69076
-1.16146
0.596739
-5.3336
3.76812
1.14136
8.8362
-12.5844
1.70303
1.90739
-1.67012
-4.00007
0.28848
-1.21132
9.75524
-2.4136
-4.31002
1.18644
-6.88209
0.876535
6.24926
3.19595
-0.580937
-5.10085
5.68292
8.85366
-3.31714
2.9878
7.90129
-3.57326
7.2172
7.86265
-8.73537
7.13877
-5.49956
-3.22119
-1.13827
6.66189
-12.8569
1.89855
12.1336
3.47644
-3.38683
2.50897
-0.728743
-9.13928
-3.60169
9.13776
5.49674
-7.24041
1.78621
2.82004
2.34779
3.61834
4.75916
4.4841
-3.02804
1.20081
-9.11739
3.11109
0.433637
-0.182907
-2.17612
10.304
0.672367
1.16421
1.31459
4.06187
0.546171
-5.55626
-6.58388
-3.70084
0.973896
2.86039
-0.605004
5.5949
0.338111
1.07339
-0.0290109
-0.420862
5.6007
-4.69431
-7.44722
0.908941
6.67376
2.26379
4.27079
8.71783
6.3338
1.92618
10.2415
0.429441
-3.50442
7.18272
1.77552
-5.2622
2.72783
0.539993
-0.903974
-1.48321
-7.67317
-5.85806
5.51984
1.92095
5.6083
3.26075
-7.44323
1.33817
0.410696
-7.1186
-2.16803
-4.1622
1.47149
-0.128285
-5.81384
-0.821098
-11.8099
-1.7515
-3.92661
6.9582
6.66377
-5.24816
6.20324
-1.36193
-3.9295
2.59504
2.347
4.5098
3.67668
0.0229954
1.181
5.36324
-2.78019
2.82173
-7.87377
-4.41338
-1.74657
-9.59655
2.07969
4.2256
-8.82296
-3.11971
1.12337
-0.100078
-2.85838
-2.78335
5.85349
6.1492
0.274297
-4.18906
10.7
-4.04605
-5.35711
-3.61461
-2.06668
0.711225
-2.39774
-0.404449
-1.4359
-0.692086
-4.74266
6.36735
2.35084
-0.984286
2.16184
-1.95256
7.44806
-6.32676
-2.77591
3.89146
-3.22801
-4.9331
-3.53307
-0.874193
-1.44446
9.30367
5.06842
7.63346
-1.1044
0.110569
-10.3205
-5.3198
-2.9635
8.57028
-1.80454
-3.94499
-3.76051
-4.82919
0.768838
9.20497
8.90559
-2.07425
3.58667
1.52077
-4.04836
3.43814
