-2.7114
-0.428793
1.45711
0.183904
-3.60182
3.0206
-3.15655
1.34151
-0.366826
-0.188879
-0.828123
2.5508
0.464515
-0.162
-1.81386
0.361373
0.862576
1.1291
2.69776
1.12929
-1.60844
2.51863
-2.39115
3.07671
2.98662
-1.70555
2.50487
-1.38608
0.95783
-4.54911
0.558272
-1.79787
-1.99973
-3.59256
-0.0388713
-0.0595137
1.15804
2.17259
-1.4954
-0.395876
-1.58715
3.30771
0.169437
0.497851
-1.03527
-3.60654
3.01654
-4.09324
0.133171
1.21996
1.89783
-0.160865
1.16003
-0.115174
-0.0843591
3.2034
1.17729
0.018659
0.122374
2.07317
1.9656
-0.465895
-0.840591
1.9191
-2.27991
0.597789
0.464568
-3.03814
2.76595
2.17909
0.59945
2.24248
3.92477
2.20584
-1.15695
0.692558
-3.18677
-1.53911
0.495341
-1.71566
2.28257
2.17503
0.932939
0.383909
1.0472
4.25467
-0.723594
-0.911639
2.77164
0.147662
4.15342
0.876159
-0.883146
-0.732487
-1.15283
3.54147
3.58667
2.78452
-0.0811648
2.74726
