0.842189
0.837504
1.02921
1.11347
1.15926
1.29199
1.44576
1.55182
1.62905
1.66283
1.55923
1.70307
1.55731
1.74123
1.58606
1.49334
1.42679
1.17917
1.10764
1.13111
1.18415
1.2739
1.31594
1.1868
1.1709
1.09395
1.02375
1.13367
1.04711
1.07988
1.10879
1.01035
1.10375
1.14903
1.12609
1.13403
1.06436
1.10224
1.1157
1.01603
1.03605
1.03933
0.903656
0.756188
0.854726
0.925316
0.887388
1.18091
1.34059
1.09771
1.2326
1.28483
1.12575
1.03761
0.97984
1.04591
1.25116
1.24085
1.29079
1.30714
1.28747
1.23513
1.24135
1.26659
1.18769
1.11408
1.00107
0.933566
0.979998
1.02093
0.836263
0.869353
0.76531
0.891644
0.83292
0.813468
0.514075
0.333019
0.42154
0.416942
0.382287
0.309794
0.292293
0.229118
0.280695
0.182769
0.219182
-0.0665337
0.183248
0.220208
0.403544
0.545658
0.665559
0.71075
0.660255
0.588085
0.67983
0.568338
0.656215
0.623121
0.451121
0.628844
0.684114
0.70615
0.604697
0.541424
0.594904
0.493999
0.29178
0.423743
0.426285
0.365988
0.455809
0.647564
0.595476
0.654662
0.660017
0.810341
0.799992
0.829935
0.898185
0.921672
0.924659
0.898299
0.960416
0.882498
0.984119
0.895576
0.947524
1.04477
1.14726
1.06345
1.09471
1.11773
1.12707
0.942695
0.951898
0.91122
0.801257
0.646906
0.627394
0.621817
0.728342
0.809854
0.779516
0.849161
0.690526
0.72735
0.709666
0.620669
0.809269
0.813685
0.71059
0.677205
0.845208
0.700812
0.728128
0.80171
0.795757
0.573211
0.735437
0.780789
0.66324
0.624612
0.524228
0.378535
0.31662
0.0781399
0.225413
0.0866401
0.195777
0.18919
0.189574
0.209254
0.244982
0.360703
0.307686
0.169109
0.0892836
0.0173403
0.16233
0.0864214
0.158847
0.256877
0.339458
0.200289
0.251607
0.279669
0.349179
0.356572
0.319756
0.355006
0.420995
0.453276
0.59189
0.537453
0.592668
0.546262
0.615319
0.595485
0.643332
0.635709
0.498392
0.315462
0.330599
0.465456
0.350408
0.483498
0.472615
0.340737
0.281899
0.153816
0.0219477
-0.00987874
0.194604
0.183351
0.259116
0.193093
0.245589
0.377067
0.4684
0.502738
0.487858
0.530481
0.534524
0.527022
0.538298
0.481615
0.611713
0.60503
0.555693
0.417824
0.494548
0.434803
0.346084
0.347852
0.488767
0.599554
0.58304
0.581352
0.773743
0.732322
0.812005
0.911269
0.741275
0.903652
0.945307
0.928769
0.776638
0.799403
0.953167
0.906203
0.804912
0.878703
1.07901
0.885423
0.90899
0.967181
1.0963
1.03734
1.10946
1.24156
1.28703
1.23658
1.09231
1.13699
1.14426
0.921094
0.968384
0.984928
0.793632
0.711861
0.680919
0.584842
0.62298
0.641177
0.557957
0.541629
0.48637
0.670102
0.712017
0.673848
0.6704
0.56267
0.507986
0.452556
0.336988
0.352453
0.447283
0.287601
0.297223
0.293719
0.361879
0.431256
0.415519
0.397645
0.485084
0.340217
0.533799
0.648178
