-0.10421
-0.148947
-0.147382
-0.223345
-0.267687
-0.142626
-0.244645
-0.265623
-0.225899
-0.334962
-0.322531
-0.34189
-0.374188
-0.436021
-0.486303
-0.441102
-0.460577
-0.501079
-0.378208
-0.312746
-0.269501
-0.347257
-0.348984
-0.425459
-0.422184
-0.356634
-0.410406
-0.365366
-0.51463
-0.558934
-0.463704
-0.534544
-0.657081
-0.578767
-0.568347
-0.424911
-0.397024
-0.464419
-0.514209
-0.63495
-0.608288
-0.52573
-0.522081
-0.532168
-0.37013
-0.450347
-0.429772
-0.487713
-0.40306
-0.540427
-0.562046
-0.58157
-0.647055
-0.720289
-0.763833
-0.749614
-0.642329
-0.679876
-0.716923
-0.5351
-0.429585
-0.371134
-0.462978
-0.393674
-0.403757
-0.478983
-0.445509
-0.464538
-0.458171
-0.430739
-0.318064
-0.414334
-0.459955
-0.445144
-0.521026
-0.60903
-0.700211
-0.736866
-0.766323
-0.8109
-0.912494
-0.803873
-0.972981
-0.966686
-0.992248
-0.942201
-0.778207
-0.812981
-0.836677
-0.943602
-0.95883
-0.942965
-0.935553
-0.891238
-0.85743
-0.883285
-0.932757
-1.03229
-0.975633
-1.01973
-1.15146
-1.07848
-1.10003
-0.909516
-0.856467
-0.760229
-0.728366
-0.6869
-0.795297
-0.805923
-0.875606
-0.812009
-0.802166
-0.751618
-0.705867
-0.766779
-0.614213
-0.72332
-0.848459
-0.973061
-0.949279
-0.87684
-0.978599
-1.08159
-1.13887
-1.18508
-1.15096
-1.09506
-1.0912
-1.1092
-1.29102
-1.28036
-1.25562
-1.30336
-1.14498
-1.0838
-0.998527
-1.0199
-1.00099
-1.0408
-0.989885
-1.0565
-1.23616
-1.30663
-1.36998
-1.3491
-1.43555
-1.35527
-1.29581
-1.09697
-1.06366
-1.10983
-1.10839
-1.15692
-1.21676
-1.1897
-1.27305
-1.29214
-1.22
-1.30686
-1.07236
-0.983008
-1.02572
-1.03252
-0.994875
-0.968481
-1.0087
-0.907126
-0.836388
-0.755241
-0.776062
-0.707073
-0.727219
-0.751076
-0.822754
-0.814543
-0.898504
-0.803109
-0.736109
-0.639427
-0.70558
-0.551178
-0.580223
-0.4766
-0.416585
-0.570048
-0.655255
-0.618728
-0.56303
-0.495274
-0.436734
-0.431855
-0.383827
-0.525033
-0.609391
-0.575647
-0.583972
-0.688096
-0.543376
-0.561621
-0.526287
-0.571715
-0.726077
-0.739513
-0.649027
-0.698791
-0.661147
-0.622021
-0.697967
-0.645481
-0.831439
-0.998723
-0.901268
-0.902699
-0.829231
-0.870483
-0.888492
-0.938017
-0.881919
-0.938261
-0.957704
-0.940788
-0.821272
-0.826851
-0.800059
-0.72137
-0.711538
-0.599758
-0.462859
-0.379759
-0.439756
-0.337409
-0.310874
-0.421524
-0.385259
-0.418552
-0.462736
-0.545564
-0.565143
-0.59651
-0.576117
-0.607883
-0.590913
-0.710058
-0.725762
-0.657118
-0.662481
-0.779323
-0.617593
-0.513584
-0.403935
-0.282907
-0.400119
-0.406406
-0.237245
-0.220684
-0.125834
0.0241038
0.0195067
-0.0747036
-0.135998
-0.206339
-0.274638
-0.233174
-0.230347
-0.190493
-0.178584
-0.18948
-0.2185
-0.257346
-0.253389
-0.282021
-0.277309
-0.28365
-0.284927
-0.237535
-0.209639
-0.175187
-0.210705
-0.164412
-0.147463
-0.200715
-0.233149
-0.240613
-0.343299
-0.301531
-0.343324
-0.45556
-0.438513
-0.448316
-0.437176
-0.480336
-0.505313
-0.491811
-0.525516
-0.467403
-0.569082
-0.549872
-0.426174
-0.531516
-0.585271
-0.598822
-0.652545
-0.634783
-0.620893
-0.597272
-0.510179
-0.469172
-0.328081
-0.296543
-0.33585
-0.287907
-0.383863
-0.415848
-0.343794
-0.303766
-0.312703
-0.328508
-0.368194
-0.370836
-0.527087
-0.500112
-0.466726
-0.558426
-0.521899
-0.393208
-0.424768
-0.303504
-0.205591
-0.115248
-0.248737
-0.141703
-0.181777
-0.166288
-0.123739
-0.15967
-0.0587848
-0.0997541
0.00448945
0.0645541
0.00617924
-0.0830386
-0.104744
-0.112671
-0.070327
-0.12479
-0.184402
-0.213852
-0.210095
-0.281633
-0.25179
-0.245848
-0.208025
-0.163972
-0.156115
-0.0243279
-0.00920882
0.0736355
-0.012271
-0.0767577
-0.0419687
-0.032459
-0.0820428
-0.00846291
-0.0300285
0.0751063
0.134371
0.224396
0.321318
0.445739
0.427687
0.492062
0.400814
0.451031
0.265592
0.259747
0.292686
0.312878
0.313983
0.332373
0.367191
0.429604
0.546234
0.505083
0.480471
0.56902
0.584066
0.581576
0.497722
0.388135
0.39018
0.464349
0.456339
0.531824
0.547587
0.385515
0.326805
0.265106
0.360312
0.377604
0.346613
0.296749
0.306625
0.301987
0.298462
0.318377
0.237922
0.276165
0.277354
0.469923
0.55208
0.561066
0.435607
0.471853
0.549283
0.385384
0.473115
0.397516
0.378634
0.399288
0.344963
0.290696
0.344252
0.31823
0.357974
0.218336
0.195185
0.284987
0.320633
0.199466
0.219448
0.301215
0.497253
0.473872
0.276853
0.138748
0.168836
0.117316
0.188217
0.0458661
-0.0449867
-0.0449194
-0.0206214
-0.0169078
-0.0210535
0.0385567
0.0952521
0.051936
-0.035796
-0.0465304
0.0516273
-0.00972026
-0.00649438
-0.0795864
-0.214187
-0.14882
-0.0492637
-0.143492
-0.233641
-0.153995
-0.254792
-0.233194
-0.272316
-0.281027
-0.260097
-0.20454
-0.150373
-0.220735
-0.3972
-0.402317
-0.258727
-0.276638
-0.2684
-0.304849
-0.316644
-0.22202
-0.268687
-0.299154
-0.254147
-0.291365
-0.247823
-0.281331
-0.275127
-0.269582
-0.16763
-0.28683
-0.291754
-0.328936
-0.327705
-0.343449
-0.28965
-0.387383
-0.380313
-0.323998
-0.365624
-0.411552
-0.343777
-0.223061
-0.12909
-0.0673215
