2.05321
1.96586
1.41732
0.428189
0.784019
-0.615713
0.491517
0.477347
-1.10264
0.473009
-0.7525
0.852943
-1.75078
2.37013
-1.00173
1.32966
1.11685
0.380459
0.809141
0.871442
0.118337
-0.876069
2.32389
-0.182012
1.25888
-0.34575
1.337
1.33361
-0.524648
-0.0170357
-0.445516
0.169579
-0.947177
-0.243873
0.711356
1.27624
1.34226
1.72305
-0.37729
1.1976
0.134021
2.10973
1.55396
0.941273
-1.85518
1.1591
1.37986
0.420835
-1.92611
1.32791
1.06654
2.01708
1.27129
0.562164
0.456159
-0.5211
-0.493829
0.788783
1.46645
0.951851
-0.513068
0.67527
0.589781
1.30399
2.00369
1.70242
0.378989
1.32449
0.596327
-0.982352
-0.467422
-1.39666
-0.20348
0.671367
1.66795
1.3086
-0.309055
1.18982
-0.507753
-1.51472
0.604638
0.10289
-1.1984
0.027515
2.6541
1.65527
0.529732
0.818944
0.652436
-0.686774
2.05033
0.172791
1.31134
2.57804
-2.09436
1.2037
1.29277
0.308581
0.516573
1.88132
-1.10898
-1.06523
-0.74405
1.39419
0.244796
0.135386
-0.244047
-1.65914
-0.332232
0.722681
1.8207
-1.52245
2.57795
-0.547087
1.05854
1.27258
1.5941
1.89528
1.11608
0.0258585
-2.27869
-0.115386
1.24801
-1.49666
1.68459
1.73211
-0.811657
0.610335
1.36624
-0.937408
1.15205
1.23387
0.435881
1.06466
1.44616
3.63288
-0.33562
0.226224
1.52888
0.392732
1.23066
-0.129161
0.914228
0.853727
1.32045
1.48758
3.00273
1.06072
1.13346
1.30581
0.141973
2.85838
0.751835
-1.01735
-0.732734
0.326674
-1.14497
-1.24983
1.86062
2.05943
1.8738
0.335435
-1.10934
0.116475
0.481531
1.41062
-2.09721
0.57264
1.86962
-0.446999
0.681988
1.72366
2.68389
-1.32414
1.80645
-0.494582
0.840199
-0.103542
-0.822296
-1.19306
-0.627021
-0.178423
1.02184
1.94881
1.3866
1.27056
1.97552
0.0616852
0.754491
-0.830649
1.98817
0.491255
-1.16957
-1.66853
-0.135314
1.90379
1.48867
0.915622
1.09311
1.74939
-2.18024
0.645921
-0.537195
-0.00765975
1.70212
-0.587206
0.391288
1.40833
0.3159
1.32505
1.07283
1.91487
2.32797
-1.02745
-0.878673
0.375395
0.807263
0.863963
-1.03683
0.283131
-0.577757
0.981695
0.860235
0.976105
-0.437031
-0.709171
0.495794
-1.47306
0.0143943
0.302955
1.92312
1.44511
1.97294
-0.518576
1.36094
-2.03942
1.58721
0.145425
-1.19846
1.32098
0.235765
0.994281
1.15154
0.941778
1.03233
0.633519
-1.96594
0.159683
-0.889629
0.605431
-1.35569
-1.53257
0.207368
-0.607977
0.218615
1.59863
-0.722662
-1.32201
0.702438
0.519085
0.370425
1.6473
1.70695
0.131517
0.863854
-0.00774098
-0.665124
-0.298017
0.643148
-0.838752
0.549286
0.501263
0.975485
0.372315
2.86487
-1.67751
0.00548086
1.5664
-0.118269
0.04725
-0.375296
-1.79712
0.788359
1.97484
0.624336
-0.204133
1.62132
0.698323
3.40477
1.64818
0.540681
2.50705
-1.48853
-0.389761
-0.126121
0.629678
1.80561
0.571677
0.462973
2.71824
1.87113
0.331081
1.78115
-0.010194
0.543347
1.59537
0.104364
0.086925
1.29867
0.813255
-0.84524
-0.11302
-0.827269
2.20446
1.17849
-0.196929
-0.380329
0.123729
0.508689
0.914344
3.68456
-0.0234356
1.1813
1.84751
0.779959
-0.0439777
0.963576
0.277023
0.608986
2.2071
-0.628386
2.65675
0.492671
-0.639274
0.632632
0.316929
1.74111
-0.720178
0.172502
1.40349
2.01223
0.613101
-0.847089
0.256948
0.323817
1.18707
1.08431
1.69143
-0.999907
0.766946
1.00821
1.37203
-0.71942
-1.43956
-0.597447
4.03965
-0.837915
1.42308
-0.448349
1.81827
-0.255799
1.22894
-1.19109
-0.283861
-0.720095
0.291047
0.711097
1.51784
2.02949
1.4041
-0.750663
-0.0711956
-0.178306
-0.161413
-2.03476
1.0749
0.183352
-1.48427
-0.0431013
1.55403
-0.0891303
0.613919
1.77788
-0.221151
0.236237
-0.787887
-0.025456
-0.842942
1.43171
0.909547
1.70288
0.502835
-0.673841
1.80402
1.16837
-0.269578
1.59709
-1.41835
0.349678
2.33247
3.57931
2.22541
0.491035
0.987976
-1.66336
0.0150249
0.905183
1.33267
0.421558
2.0787
0.94439
-0.878643
0.4224
-0.195703
-0.413362
-0.732306
0.0170686
0.416382
2.30837
-0.93758
-0.275127
0.628306
0.164895
0.956704
-0.214095
-0.0649091
1.87853
3.29896
2.09437
2.11331
0.738313
-0.440818
0.225155
1.20555
-0.964743
0.62185
2.08798
0.830221
1.76304
3.57392
3.26934
0.334613
3.2205
0.370769
1.11787
1.90165
0.181242
0.722838
0.550912
0.00297176
-0.158313
-0.419412
-1.9368
-0.902607
1.54315
1.4496
-0.632712
-0.100316
0.706879
3.18591
-2.17091
0.209184
-1.97634
0.459167
3.46876
-1.73486
-1.43975
2.28559
2.94276
-0.926646
-0.324116
0.685345
-1.69673
1.27583
1.3245
0.476853
-0.414411
0.518424
0.099632
1.33003
-0.629872
-1.01491
1.23985
-1.80322
1.84464
0.769286
1.59626
-1.89563
0.234111
0.806181
-0.140352
1.77535
0.146911
2.02944
2.72537
1.08562
-0.852555
0.771503
1.61688
-0.953544
0.104925
-0.907916
-1.05461
0.558159
0.887442
-1.36221
-0.596575
1.13832
0.227077
1.44821
3.40617
1.39107
-0.0776078
1.54731
0.932637
-0.572117
-0.954441
1.37899
1.11229
1.13307
-0.186041
0.875991
-0.288779
1.51418
1.24779
-0.148787
1.23901
-0.937893
0.577131
2.56594
-0.336363
-0.37684
-0.524809
1.7213
1.84837
0.0483477
0.479774
0.686797
0.662679
0.924265
1.76042
-0.583921
1.49596
1.8187
1.99915
-0.569042
0.465055
-0.53609
-0.887514
-0.666889
1.1774
-0.0271082
-1.47003
1.86071
0.504321
2.13296
0.766881
-0.96091
2.0366
0.294208
-0.876871
1.07991
-0.221649
0.883113
0.252766
-0.00744226
1.04055
1.37749
1.84487
0.220378
1.29525
-1.10209
1.86987
1.23923
-0.0251011
2.30658
-0.296503
0.74875
0.320286
2.3936
0.911611
-0.395577
2.13303
-0.197218
-0.0164086
0.999249
-0.311333
0.394719
0.269673
-0.116129
-0.933032
-0.318619
-1.6809
0.890277
0.962781
2.12249
2.89921
1.21901
0.971017
1.03336
0.242626
-0.417036
-1.00446
1.67476
0.877396
2.98675
2.42981
-0.69615
-0.561545
1.25922
1.86257
-1.66403
0.879406
0.458147
0.00387041
1.71221
-0.173952
2.79253
-0.457084
0.853233
0.310833
2.45208
-0.758656
-0.451236
0.36599
1.89946
-0.216505
0.638502
0.435531
0.128233
-2.67386
0.362807
-0.114678
-0.345151
1.46676
-0.440115
1.46152
0.312415
1.221
-2.12807
-1.83474
0.269846
-1.19948
-0.28997
1.16702
0.80143
2.10291
0.317695
0.767293
2.62864
0.111733
1.64388
2.45878
-0.0269055
2.96953
-0.130137
-0.0654595
0.710358
2.04661
0.307335
-0.683511
0.533444
2.37416
0.279863
2.44156
2.52843
-0.527367
-0.513564
-1.15196
1.32456
-1.89886
-0.451106
-1.53441
0.402277
-1.26877
-1.42476
0.750088
-0.739579
1.64079
-1.35111
1.04922
2.21187
1.36599
0.985455
2.80294
-0.111809
0.525202
0.0811755
-0.0602315
0.765064
-1.80594
0.206341
1.70474
0.983433
1.0153
-1.34851
0.375779
1.56325
1.4729
1.65168
-1.16114
2.37691
1.55358
-0.892748
0.0323939
-2.50604
0.550004
-0.363778
1.44397
-0.750897
-0.676935
-0.482915
1.35606
-0.156891
2.10719
-0.190106
1.5503
1.47946
-1.98079
-0.29642
1.11727
0.172591
0.477485
0.569778
0.853841
0.841661
1.13214
-3.3524
0.388631
-0.74565
-1.80619
0.425944
0.235736
-0.584641
-0.0793806
0.86857
0.172028
0.190605
0.283505
-0.190696
1.06645
0.833233
-1.01724
1.80681
-0.0758368
2.23697
1.27222
0.298825
0.681291
2.06755
0.663702
1.04038
0.990093
1.03179
-1.82195
0.930859
0.116304
0.499166
0.301953
-0.721752
2.68341
1.83959
1.12073
0.96081
-1.32271
-1.9549
-1.10013
-0.0628913
1.39707
0.36623
1.31784
0.468366
-0.24095
-0.195947
0.121701
2.46901
1.20196
0.0158463
-0.451145
-1.73069
0.845233
1.43828
1.0299
1.5057
0.734381
2.20762
-0.150754
1.44715
0.409862
1.22402
0.404813
1.3367
-0.813749
-0.535109
-0.739546
0.71317
0.692128
-2.78933
-0.0101684
0.960646
0.173777
1.25743
-2.22065
0.344321
0.572802
0.643513
2.19945
-1.41686
-1.06874
0.0432185
2.86926
0.529411
1.39931
-1.55254
-0.0262754
-0.164634
0.81937
0.0104617
-0.187461
-0.237009
1.24862
1.04286
0.259658
0.668975
0.838326
-1.15617
1.43243
0.614181
0.402296
-1.98355
0.825906
1.43077
0.241901
0.0883763
1.35328
0.235487
1.67746
-0.951417
1.70641
0.260871
0.401462
1.60778
1.09849
-1.12062
0.317303
1.518
1.63
1.22504
0.524459
1.41196
0.582773
1.1263
0.921961
-0.228705
2.11601
1.68492
1.47103
0.068698
1.88039
-1.97119
0.278261
0.443541
0.249621
0.687203
0.0103313
1.02259
-1.73334
2.1658
-0.242734
1.31159
1.79936
0.040132
1.23454
2.40432
2.02262
1.85159
-1.03783
-1.63351
1.40106
0.854023
-1.63013
-0.558482
-0.46837
-0.567936
-1.30567
-0.160268
0.449223
0.755115
0.278772
3.05242
-3.40498
1.31241
-0.188033
1.74102
0.327937
0.413407
0.481254
3.03187
0.229081
0.798443
-0.959489
-1.48176
1.62338
0.0325848
0.302148
1.38306
0.6971
1.5047
-0.918736
0.577366
-0.197557
2.05195
-1.31446
1.68883
1.92147
2.50515
-1.36676
1.79166
-0.442132
2.16406
0.551794
1.01869
1.12164
2.47031
1.74873
0.500011
-0.711932
-1.20237
-1.39081
-0.100918
2.53167
-0.815297
1.0871
-0.0250071
-0.184702
-0.754968
0.602199
0.625315
1.09621
1.2642
1.06958
2.69644
2.1653
-0.538874
-1.44322
3.56099
0.569448
0.7447
-0.3036
1.65294
2.13261
1.13231
1.63154
1.13689
3.48327
0.403899
1.71245
1.13958
0.0597675
0.543849
-1.29153
2.04312
-0.0957645
2.3146
1.332
0.908209
-1.10605
1.4297
1.39337
0.217516
-0.238014
-0.238402
1.28574
1.1496
-2.55033
2.47355
-0.769011
0.321709
-0.214845
-1.11944
1.33894
0.279821
0.0952657
-0.410001
-0.272919
-1.2699
2.34329
0.817674
-0.998806
1.14203
2.67116
2.79123
2.26363
1.39908
1.17257
3.26904
2.36173
3.68835
2.21502
-1.72261
0.998175
-1.18647
0.0498242
-0.619338
1.77593
-0.167665
1.40321
2.28292
2.12504
-0.894435
-1.97912
1.9695
1.0869
1.01735
0.588264
1.01347
-0.245766
1.22793
-1.6825
2.76823
0.328866
1.11152
1.57093
1.62829
-0.029894
1.00536
1.33033
1.01199
-1.19998
-0.807904
0.510759
-0.138857
1.10218
1.40218
-0.157367
-2.12282
-0.148755
1.24072
1.53014
0.908111
0.922244
1.79695
1.05707
-0.544113
1.51232
-0.287466
0.172781
3.70206
1.19325
-0.170603
0.538929
1.72316
-0.583911
-0.142717
-0.0206577
1.56255
0.830743
0.732795
0.467844
2.62438
-0.645245
0.785893
0.699734
2.71245
0.834503
1.06784
1.22908
1.4818
1.34137
0.394549
-0.410998
0.208735
0.29559
0.582306
-0.198563
1.468
1.4104
-1.68095
1.02776
-0.379096
1.43791
-0.402909
0.775647
-1.16787
0.6965
-0.0751453
0.801619
2.15202
1.54097
1.58127
0.903421
0.820685
1.42987
-1.36586
0.775604
0.63369
0.328743
-0.00390471
1.91767
1.03251
2.75139
-0.29973
1.00909
1.11596
0.742175
-0.747312
-0.816334
1.54318
1.77853
-0.201531
0.726056
1.04795
1.35698
-0.457686
1.9457
-1.04026
0.160485
-0.357674
0.924915
1.13365
0.217684
0.787745
1.53018
0.896934
1.73278
-0.730792
2.29665
3.75219
-0.360532
0.506323
-1.91112
-1.46867
0.982349
0.334568
-0.319775
-0.839374
0.534758
1.52247
0.517591
-0.155131
-0.00589202
1.22648
-2.05541
0.9875
0.45584
0.961257
1.53852
2.6529
-0.721315
1.77022
0.248258
1.85541
0.0504028
2.39645
0.568918
0.156034
-0.339857
1.84414
-1.1455
-1.15682
-0.666579
0.654445
-1.40704
1.86597
0.659934
-0.333623
-0.749605
2.23611
0.74856
0.128029
-0.854851
0.383356
-0.310765
2.15662
-1.54701
1.42999
1.00057
-0.43606
1.34497
0.338812
-2.06953
-0.132713
0.856579
1.9984
1.64996
1.51243
2.97188
0.0912047
1.60752
1.14651
1.57835
0.583252
-0.51724
1.76823
0.337717
-1.88488
2.07229
1.72815
-0.677894
3.53314
-0.366866
0.169113
-0.344005
0.314361
1.57914
-0.895703
1.06173
0.0655038
1.46667
1.90193
1.77833
-0.717003
0.559965
-1.71715
0.219508
0.522012
0.474969
1.00791
0.741933
0.309283
0.6196
-0.60609
2.37395
0.659992
1.25293
0.384058
0.417124
1.63863
1.42346
0.34019
0.718681
0.13818
1.29165
1.49145
2.16153
-0.761233
1.18172
0.696524
0.826708
0.835579
0.241951
-0.718843
2.17809
-0.817935
-0.215891
-0.880663
-0.948696
-1.60541
-0.0167255
2.76164
2.23599
-1.45207
0.90748
0.450497
0.296219
1.42262
0.710296
1.24645
0.106442
1.6428
1.75989
0.900603
0.508288
0.533229
0.565672
1.41378
1.44419
2.65254
-1.04316
0.133767
1.41496
-0.688964
-0.596294
1.21715
2.1466
-1.06749
0.362315
1.65979
1.51574
-1.14078
0.163295
1.79099
-1.29013
-0.107091
1.09972
-0.576474
-1.41562
0.60889
-0.518552
0.375647
-0.918329
-0.16269
1.81462
0.959717
3.41393
1.23445
1.7561
-0.631127
1.37495
-1.08049
1.46982
-1.45114
0.368773
0.763458
0.221915
-2.27962
1.03053
-0.512641
-1.75807
3.27734
1.05429
1.21277
-0.172234
1.24306
2.67887
1.55224
0.722476
-0.00369721
-0.591865
-1.39442
2.50006
0.529138
0.431351
0.202703
0.548797
2.45607
-0.93798
2.12648
2.16915
3.78708
-0.595107
2.07137
1.33967
1.06926
0.652449
1.30457
-0.973163
-0.0556614
2.76637
0.350031
0.607705
1.79092
1.03569
-0.667602
-0.447542
-0.826948
1.34053
-0.283947
1.3706
0.661963
1.45145
-0.562404
2.18182
2.03979
0.0707578
0.154523
1.20797
0.547107
0.564462
-0.0377174
-0.224511
-0.486648
2.03598
1.21754
0.233121
-0.557062
0.656582
0.786738
0.594368
-1.88612
1.12025
1.04483
1.72825
1.6667
-0.113567
0.0728819
1.34452
1.6841
1.22371
2.41111
2.47169
1.97057
1.67786
1.086
1.87207
-1.63661
2.86941
0.163178
-0.178943
-0.384166
3.38742
0.548789
1.29408
-1.04245
1.34875
1.40357
0.455955
-0.929138
0.899399
-0.0761564
-0.227436
0.177437
0.228925
-0.489761
1.42733
0.735769
-0.0401676
-0.448002
-1.16723
-0.198914
2.51528
3.18439
1.18437
0.468687
0.645737
-0.555608
0.349367
2.2511
1.67978
2.06686
0.87477
-0.0428323
1.2202
-0.513496
2.67476
-2.88921
-1.1898
-0.221388
1.73683
2.01746
1.68718
-0.0340749
0.446744
1.20361
0.550833
1.35972
0.358332
1.47783
0.661728
-0.433687
2.17722
1.61202
-1.06542
-0.413299
0.0321289
1.44944
-1.22197
0.704742
1.76923
1.48152
0.749045
-2.10093
1.04438
1.01443
0.266124
-1.07436
1.99187
-0.185315
0.497391
-0.200432
0.924596
-0.257325
-0.717839
0.392953
0.192464
1.49047
-0.489969
0.685249
1.56012
0.945361
-0.987651
2.1227
-1.23943
1.53999
-2.16194
2.20745
0.146692
0.877405
-1.02169
1.15359
0.733493
-0.735387
1.52928
2.36717
-0.500256
0.482711
2.18489
-2.12685
-0.390021
0.626033
2.08952
-0.969884
2.01372
0.728891
-1.01289
-2.45503
0.281936
-0.535868
-0.283247
-1.03691
0.873051
-0.813413
1.16071
0.412247
-0.148121
-0.548203
-0.806445
0.766073
-1.83052
1.12757
-1.79273
-1.55764
0.459222
0.997467
0.936689
0.333228
0.808772
0.278842
0.834586
0.970266
0.757625
0.0804453
0.444668
-0.158629
-0.148315
-0.234331
1.11076
0.846555
0.653512
2.0483
-0.45366
-0.111216
1.1511
3.32322
1.58279
0.949225
-0.268612
0.481129
-1.03202
1.03588
-0.194565
-1.10694
-0.015797
-0.432946
2.77471
1.70549
0.354855
2.12815
3.43651
-0.813844
0.629287
0.982594
-0.770563
2.60276
0.966681
2.22151
-0.489598
0.542958
0.487146
2.21704
-1.46187
0.40892
0.125068
-0.816286
0.762691
1.69134
1.24739
-0.921527
0.126211
0.951787
1.60366
2.56526
3.09834
-1.76816
2.00033
-0.480955
0.15859
1.99229
-0.836813
0.733783
0.126493
-1.63651
1.64898
1.6521
-0.697192
1.9809
0.0728578
0.648548
1.03606
1.49036
0.372755
0.419309
0.927377
0.982967
0.817127
0.969571
-1.72185
1.61323
0.27483
1.49543
0.216055
0.172122
1.12324
-0.735203
1.17022
0.248647
1.61277
1.5072
-0.690236
1.39698
1.51796
-0.247845
-0.86909
2.57963
0.881299
-0.894495
1.04365
1.19116
0.581846
0.637523
0.947879
-1.10575
-0.440258
3.06738
1.29944
1.17517
2.06385
1.94093
0.314492
0.986292
2.07796
0.938418
0.471385
-0.658544
-0.0546135
1.95315
1.74324
1.43184
0.57932
1.49737
2.079
0.420687
-0.249092
2.22899
1.21553
-0.252714
-0.995415
1.82381
0.76799
-0.918469
0.057892
0.409976
1.3069
0.110657
1.64864
1.11396
1.3635
1.99615
1.02776
1.15506
0.175998
0.410051
1.04382
0.838098
-1.41287
1.13655
2.37814
1.10977
1.45025
-1.10377
1.23362
-0.122632
-0.231829
1.60855
-0.575286
0.0807046
-0.0637918
1.3216
3.66143
0.125645
-0.913249
1.3021
2.09443
2.51739
-2.70557
0.335525
0.527207
0.490921
3.55861
2.0203
0.988635
0.77393
0.0914158
0.923466
3.52
-0.150889
2.63507
1.1573
0.629995
1.55068
1.1928
-1.23194
1.81618
1.421
1.33024
0.0210395
-0.754383
-2.74514
0.674198
-0.306422
0.404654
1.35641
0.739494
1.2061
-0.533795
-0.692815
0.174424
-1.25481
0.233624
2.866
0.454887
-0.0704972
0.359014
0.559993
2.36863
-0.863609
1.62048
-1.47
0.268838
-1.45274
-1.72608
3.62985
0.891947
1.15276
0.741281
0.378378
-0.722119
2.33546
-0.601111
-1.42667
0.372692
-0.284459
1.27574
-2.13
0.816402
-0.488466
0.153221
-4.68463
-0.370306
1.75136
1.44973
1.51629
0.644649
0.26561
-1.4635
-0.324192
-0.674332
1.1153
-0.514937
-0.0487501
0.725196
-0.636523
2.36248
1.31953
0.632108
1.87874
-0.739986
3.07798
1.47228
-0.241049
1.46409
1.41786
0.589691
1.55298
1.68424
-0.388629
0.604425
-0.629479
0.701904
-0.517391
1.48536
-0.0750608
1.25835
1.57797
0.428389
2.66997
2.09518
1.00361
3.53539
2.66011
-0.930119
0.847136
1.04944
2.09752
1.95449
0.70402
1.37401
1.06405
0.376259
-0.515857
-0.361565
-0.720645
0.70753
0.0291556
2.27698
1.08212
-0.405172
3.08266
-0.985146
0.963167
0.253545
1.35793
-1.40839
-0.163883
2.06116
0.743314
2.59454
1.88935
0.264738
3.30375
0.24027
1.31641
-2.52689
-3.22511
0.380289
-0.113327
1.10273
-0.473298
0.606649
0.38903
1.71716
-0.171731
-0.0364104
0.486378
0.46794
-0.454208
-0.55328
1.49421
-1.21404
0.622332
1.1409
0.342032
1.45984
-0.345862
0.102056
0.191119
0.259394
-0.982808
0.435344
1.028
1.54109
0.422261
-0.5527
1.46943
1.19823
2.25378
-0.22997
-1.69073
0.364871
2.48876
2.36996
2.143
0.374848
-0.828658
-0.600401
2.65715
-0.0216839
-0.226788
0.657701
-0.401107
-0.792225
-0.190847
1.65796
0.349954
0.0917727
3.04441
1.31238
-0.668299
-1.4947
1.21531
1.11906
0.318946
-0.983947
2.47085
-0.614658
-0.412787
2.0103
-0.139056
0.520484
-1.16986
0.952929
1.16537
0.552956
-0.193816
0.215493
1.8315
-0.739003
-1.53226
2.63567
0.64517
-0.14053
1.6283
-0.115619
3.28195
0.44324
2.15114
1.0774
-0.37106
-0.415356
-2.32262
-0.83509
-0.862975
1.87625
-0.332228
0.935123
2.20353
0.126235
1.79286
1.60519
-0.952396
0.119647
1.8258
1.24248
1.50662
1.28644
0.0321285
-0.582088
1.36768
3.87631
-0.5772
-2.09147
0.491714
1.80374
-0.609251
-2.17565
0.371836
-0.0397963
1.09259
1.18907
0.77636
0.543575
-1.53483
1.71793
0.857878
1.55183
0.544024
0.4288
1.81116
2.11058
-0.24863
1.29109
0.425881
0.928095
0.517676
-1.54551
-1.55922
0.299095
-0.18183
1.64446
-0.84334
0.618663
1.22536
0.449247
-2.11385
0.405326
1.16638
0.385967
0.142098
2.57206
1.20486
1.51361
0.549118
0.10246
-0.139284
1.62112
1.09245
-1.50682
1.41615
-0.539706
1.63919
0.114703
2.20864
-0.817042
0.984692
0.683065
0.847457
2.56414
2.06094
1.11977
2.42981
1.06786
1.3655
-0.754769
-1.35343
2.08709
1.84594
1.19433
2.73613
-0.608648
4.15536
-1.05956
1.49902
-2.46571
0.681725
1.46209
1.45875
1.2572
0.339255
-0.460928
-0.2675
1.0834
0.833594
0.0190698
0.986078
1.27336
1.22532
1.6081
-0.175755
-0.678026
-0.860177
0.288188
0.453765
0.624934
0.473789
-0.386062
0.61022
0.528318
1.23619
0.0482229
1.59597
-0.959915
-0.208549
0.978428
2.41436
1.51584
0.203692
1.15911
1.12459
0.521592
-0.303663
1.45917
-0.0316337
0.682046
-0.601189
-2.55555
-0.154807
-1.1862
-0.388377
0.675432
0.43262
1.66367
1.24559
-1.03924
1.74408
-0.708851
-1.5221
-1.06186
-0.17778
1.29513
-0.78158
2.14851
1.46856
1.35622
0.227819
-0.81565
0.477577
0.0386525
0.617793
-0.460688
0.932786
-1.70669
-2.05389
0.0948544
-0.193631
1.71253
-0.773809
0.261893
-0.129855
0.197709
0.27318
2.5829
0.277444
2.65285
-0.0908782
2.23547
0.765724
-0.0850919
0.72251
-0.517896
0.327471
1.69223
-1.49806
3.01247
0.237778
0.527941
-0.239477
2.01225
2.3549
0.632583
-0.161204
-0.43651
-0.503647
0.656935
1.00353
-0.592078
0.22684
1.02422
-2.38894
0.378048
0.834169
2.94104
0.322799
-0.39453
-0.0489587
2.02177
1.62212
0.775274
1.30668
0.489234
0.338965
-2.43353
-0.361668
-1.2571
1.75961
1.09305
0.559143
0.38052
2.86098
-1.8699
0.432693
1.10993
2.64589
0.455631
2.17711
0.150115
-0.673197
-2.77104
-0.542541
2.12828
3.04682
-0.306183
-1.11825
0.998111
0.748993
0.659764
1.85886
-0.122748
-1.21731
-0.378316
3.27441
1.37813
0.698222
-0.301307
-0.289417
0.930316
1.01476
0.575744
-0.591116
-0.140806
0.95515
-0.0351526
1.47232
2.46335
1.84651
1.30398
1.11131
0.417442
3.14586
1.90736
-0.131499
2.01385
2.78174
1.01509
0.741914
-0.288998
-0.684601
0.0584599
1.89139
0.0819751
0.830402
-2.69643
0.490356
0.372136
-0.348388
1.10396
1.3569
0.784963
-0.86237
0.997697
3.49821
0.986592
1.57282
0.881834
-1.73912
1.49643
-1.18334
2.54853
-0.318744
-1.87231
1.49716
0.758324
-0.368664
2.32693
0.545784
0.322844
0.940427
-0.794836
0.812989
0.690999
1.40392
-0.270819
2.20188
0.228777
1.5097
-1.45873
-0.554833
1.58721
1.2768
0.444287
-0.418314
0.307169
0.800779
-0.504035
-0.546267
-1.04289
-0.0462629
0.0444372
-0.101369
1.31848
1.44011
-1.42837
0.432281
0.495199
0.164353
1.40653
0.305468
2.23736
0.276624
0.570875
1.35513
-0.0995866
0.339264
-0.888625
-1.08804
1.16901
1.11303
0.24222
0.569712
-2.75114
1.0419
0.208191
-0.26245
-0.797804
-0.693834
-0.403909
-0.32653
0.996201
1.46091
1.62838
1.41968
-2.50557
1.55549
-1.20558
-0.50647
-0.568498
1.23553
0.796532
0.309913
-1.66716
-0.97587
-0.170718
-0.697677
2.37112
2.08837
1.91932
-0.540418
0.683126
4.07732
0.986471
-0.813042
-0.398054
-0.55574
0.589753
0.92058
1.64826
-1.5417
1.40371
0.731774
0.351159
1.19555
2.67634
0.285202
0.946072
1.33263
-1.81775
-0.151369
2.08652
2.09176
-1.06887
1.06334
-0.248939
1.18772
0.713732
-1.24276
0.482492
-0.576049
-0.203004
0.485216
0.371336
-0.471621
2.7398
-1.28433
-0.719841
2.18695
0.953254
0.670877
1.22952
2.08907
-1.56452
-0.0644949
1.33619
-1.22419
2.338
-0.224632
0.578695
0.51496
2.24003
0.981074
2.09263
0.66348
0.0285129
1.37834
1.23006
-1.37605
0.322321
1.60836
1.19441
-0.971581
-0.833761
1.32676
0.351446
1.67894
0.18727
1.02925
1.58
-0.27424
0.965769
-0.96247
-0.34804
2.88241
1.14246
0.86745
0.468718
1.44146
0.208778
1.31299
0.486863
0.252357
-1.49223
2.39986
-0.347598
1.97459
1.38479
1.92121
2.46254
0.702136
-0.0317811
-2.43509
2.7994
0.120682
1.83312
-0.135077
1.55577
-0.650953
-0.501718
0.96808
1.98041
1.39534
-0.0145395
0.636896
0.305015
0.0897463
1.84418
-1.15063
-0.902688
2.91614
0.396163
2.57353
0.661111
1.09793
-1.44473
0.849509
0.463038
1.5741
1.65322
1.88901
2.52567
-0.842518
1.08921
2.52043
0.240944
1.53807
0.685338
2.4651
-0.261498
-0.491839
0.701611
-1.17294
1.15678
-2.52337
0.716673
0.335995
0.508592
-1.60048
2.73509
1.12134
0.13694
0.0106841
2.37912
2.27289
-0.850022
1.77998
0.607416
0.963537
-1.4771
0.84547
0.670014
1.75737
1.1949
0.516017
0.441904
0.251168
0.910393
0.47309
1.83688
0.678445
0.617745
-0.23321
1.22818
0.504673
1.76452
0.31756
1.51567
-4.51899
0.750766
1.20141
-0.813897
0.646622
-0.199193
0.544541
-0.912155
-0.215134
-1.00446
-0.870412
1.54309
0.817689
2.51236
0.617809
1.15419
-0.990809
-1.64812
1.68532
0.236379
2.31184
0.843406
0.463434
-0.0127941
1.81109
1.26895
1.57121
0.829267
0.534676
-1.22269
1.69203
0.00937759
0.0928955
1.42053
2.0655
0.0596021
1.46302
0.985234
0.553336
-1.13788
-0.476851
-0.409921
0.0982308
-0.021187
-0.227033
0.856963
-0.134828
-0.541402
2.36477
1.15377
0.51711
-0.354911
-0.0676027
-0.131061
0.873374
0.689199
3.86035
2.68334
1.13799
-0.132594
3.10116
1.33336
0.90674
1.21826
0.125265
-0.738614
0.458225
3.61583
1.6885
1.49358
-0.0676008
0.115722
0.0863352
-1.555
-0.967587
0.839238
-0.17083
-0.191153
0.395572
2.50224
0.862221
0.65983
-0.384037
0.928235
-0.452097
-0.312174
0.882906
1.74664
1.45417
1.37237
1.45726
-0.133507
1.11504
1.50548
-0.240859
1.3187
1.43928
-0.556311
-0.730839
-0.59388
-0.0631402
0.312833
-0.780256
1.19859
2.11655
0.218086
0.0113201
0.255476
0.749772
2.47406
0.88634
0.323819
0.989633
0.832527
0.541304
-0.515455
0.683464
0.334155
0.720298
2.89983
0.305616
-1.89876
-0.101971
-0.10294
-0.608292
1.04186
1.4985
3.14591
-1.03258
-0.585162
1.59329
0.801485
4.15633
0.0944401
0.893962
0.0048358
0.084196
0.51504
-0.262513
0.31098
1.12279
0.097601
1.90606
0.83999
0.221903
1.94183
0.658093
-0.486104
0.751665
1.83064
1.71886
-1.00434
0.861497
-0.61182
0.327429
0.438429
3.19948
0.181878
-0.00223754
0.241214
1.84652
1.47391
-1.06931
0.219413
-0.423575
-0.449276
-1.35484
-1.09642
0.117268
-0.119367
-2.81337
-0.437463
0.686433
1.02596
-0.0480691
1.55337
0.619724
1.12278
0.694926
0.903011
0.0725591
-1.0881
0.434955
-0.657861
-0.0346688
-1.25485
-0.718546
-0.663888
-0.18729
-0.319442
-0.888022
-0.503288
0.307557
0.700528
-0.201104
1.37063
1.77507
-0.0937857
-0.539791
0.984702
0.85716
-0.133083
-0.14664
1.10397
-0.078975
0.28123
0.405187
1.65901
-0.938483
2.24116
1.79453
0.878211
-0.654566
-1.1962
0.161292
0.149904
0.346428
1.6402
1.91798
-1.00735
1.0379
-0.562855
1.5192
0.193794
-0.948945
1.3117
-0.208629
0.786204
-1.48341
-0.536163
-0.771029
-0.732568
-1.33197
0.571204
0.791141
0.241822
1.90184
-0.0029181
-1.02967
3.07096
1.00734
1.51979
0.64844
2.41345
0.180284
-1.04351
-1.1506
1.14095
0.828129
0.65663
0.493741
0.535566
-0.52672
2.6278
-0.0811406
1.43384
1.45001
-0.323109
0.531037
-0.503468
1.56719
0.977136
1.71005
3.95102
3.46794
-0.585573
-0.536833
2.14857
1.194
0.754011
0.986888
1.41568
1.80505
1.60942
2.13484
1.74994
3.05253
1.24255
0.732288
1.1093
1.32367
-0.604552
-0.960593
2.50989
-1.40828
0.900146
1.7773
-0.46606
1.08076
-2.00701
1.52904
1.83092
1.92354
0.148804
0.959719
2.69412
0.0172913
-2.24369
-0.565479
-0.165042
-0.399148
-0.67386
-2.41677
0.0729038
0.132706
1.51594
0.725597
0.0617763
-1.32698
0.2432
-1.76306
-0.507658
0.754448
1.69826
-0.0806372
1.85427
1.44521
-0.294362
0.195502
0.802622
1.79923
-0.446072
-0.963227
2.0067
0.510038
1.61222
1.69641
-0.94228
1.08649
1.25386
-0.484249
1.05512
-0.600242
0.455932
1.81561
-1.21391
-0.277696
0.671625
0.6389
-2.07649
1.8091
-1.65208
0.284175
1.5553
0.697894
-0.0671897
2.38585
-0.530675
-0.809393
-0.867561
0.433771
1.12994
-0.209434
0.663762
0.0727822
2.68604
-0.972757
0.0752498
0.225935
0.150632
2.3862
2.4863
0.211328
-2.75411
-1.6354
-0.218383
2.0594
0.0227096
-0.206868
-0.684087
3.61267
-0.208083
1.88797
-1.41339
0.327665
1.0615
1.56196
0.0239435
0.406999
2.98318
1.98305
-0.328038
-0.274694
1.252
0.608715
1.26202
-1.72465
0.471711
-1.17185
-0.0801701
1.87359
0.601824
0.663613
1.17425
-1.90035
-0.292858
1.60606
0.130509
-1.08891
1.18696
0.711308
1.40009
-1.19871
1.02796
1.20512
0.597851
1.60743
-0.652026
-0.408752
-0.471715
2.24853
1.22999
-0.100902
1.24057
0.659903
0.143187
0.47849
1.07056
-0.811791
0.159492
-0.420283
0.395456
0.404389
-0.279332
1.30467
0.0136394
1.09266
1.74488
-0.26303
1.80939
1.25438
0.959195
1.16357
1.35417
0.62424
-0.0411484
-0.0784266
-0.486185
1.01308
-0.0061923
0.25508
-1.9629
1.23904
-1.22929
0.619621
0.495185
-1.42951
-0.754137
-1.24829
1.37193
-1.4164
0.903356
0.999194
-0.193351
1.36878
-0.817463
3.80144
0.0111504
-2.3138
1.32547
0.80388
2.44704
-0.426986
-0.660879
1.33227
0.0379091
-0.173583
-0.00829026
0.663033
0.657434
1.28716
-1.21514
1.69766
0.16698
1.08748
-1.60915
1.25907
-0.28201
1.25791
0.744736
0.375566
1.18594
1.85564
1.02665
-1.3029
-1.17306
2.00845
-1.25512
0.940975
-0.307671
0.881777
-0.0312039
0.54717
-0.36652
0.310195
1.01023
-1.08976
-1.69133
0.5767
1.22356
-0.151271
1.2691
-0.00159571
3.24705
1.52956
-1.80837
-0.317568
-0.0554514
0.571594
0.259048
2.38109
-2.20259
0.610703
1.72542
0.665959
0.501333
-1.19815
0.107584
-0.735567
-1.10205
0.183143
-0.263232
-1.21555
0.71222
-0.349764
1.05061
0.558658
0.746152
0.127354
0.13187
0.64335
-0.0916938
0.0714994
-0.0946457
2.137
-0.986095
-0.285491
-0.344241
2.19279
-0.706508
0.0278328
-0.32803
0.429638
0.00805328
1.21476
1.00331
0.14709
-0.212522
3.33495
0.253142
0.454516
0.524273
4.09983
0.586368
1.34865
-0.642278
0.344023
