-0.434952
-0.684237
-0.7282
-0.694311
-0.61519
-0.371476
-0.372116
-0.124691
-0.220102
-0.098688
-0.0136728
-0.0721045
0.0991303
0.0188617
0.240876
0.421067
0.522275
0.663337
0.62843
0.548709
0.503662
0.596901
0.731152
0.604279
0.646497
0.48847
0.540896
0.554034
0.910737
0.623732
0.873177
0.711019
0.660532
0.726506
0.565897
0.453216
0.300982
0.305219
0.542336
0.615909
0.562998
0.519045
0.732239
0.788502
0.815578
0.718427
0.542848
0.478269
0.346662
0.587004
0.785767
0.970041
0.996078
0.960902
0.896333
0.921193
0.765903
0.768881
0.886616
0.814166
0.600603
0.806497
0.922235
1.21054
1.34987
1.38951
1.35414
1.2108
1.29441
1.25543
1.43023
1.64504
1.53302
1.41724
1.17266
1.18465
1.21935
0.978276
1.1134
0.916239
0.981083
1.14749
1.24279
1.1442
1.32354
1.44051
1.27047
1.18615
1.23757
1.35631
1.29344
1.08918
0.955724
0.908168
0.755176
0.885595
1.01107
0.851738
0.8814
0.627261
0.622708
0.76578
0.439844
0.584002
0.131968
0.364975
0.266291
0.268647
0.408991
0.184393
0.181098
0.224239
0.405259
0.704292
0.559201
0.69928
0.62291
0.351425
0.459052
0.378033
0.232076
0.0187724
-0.14086
-0.278254
-0.018513
-0.131406
-0.256421
-0.48957
-0.491709
-0.312215
-0.376696
-0.333255
-0.440632
-0.251842
-0.316983
-0.64092
-0.477956
-0.387525
-0.506985
-0.420544
-0.318549
-0.323513
-0.288345
-0.32286
-0.265155
-0.309213
-0.377073
-0.395661
-0.295069
-0.145497
0.0116679
-0.150257
-0.0398965
-0.0785339
-0.220742
0.0633359
-0.0413767
-0.214985
0.00981898
0.198099
0.129169
0.238922
0.509405
0.670693
0.437115
0.375662
0.220183
0.268736
0.247433
0.3093
-0.0855931
0.287832
0.34939
0.259276
0.37661
0.369352
0.717897
0.786126
0.772963
0.780445
0.420941
0.410129
0.397209
0.627824
0.702265
0.645152
0.785892
1.05404
1.11998
1.22831
1.04458
0.896816
0.907895
1.15051
0.98084
0.667219
0.698962
0.621427
0.618366
0.513094
0.230032
0.186223
0.122563
0.0912068
0.227122
0.398028
0.490826
0.382782
0.378181
0.00180313
0.270054
0.0668538
0.237402
0.279137
0.169156
0.0712032
0.104811
0.184789
0.403553
0.317793
0.413972
0.369374
0.224882
0.28324
0.296949
0.103758
0.166392
0.00897811
-0.214686
-0.255932
-0.0047303
-0.118763
0.117959
0.43696
0.442233
0.639301
0.685714
0.767042
0.67146
0.778362
0.518306
0.469979
0.290519
0.0804891
0.140012
-0.0505766
0.131086
0.424492
0.302773
0.391662
0.748451
0.850845
0.948291
1.01543
0.907569
0.75584
0.549277
0.622505
0.45047
0.416445
0.465307
0.356591
0.0687395
-0.0597534
-0.00549249
0.143095
0.410535
0.450427
0.378688
0.326455
0.228482
0.110244
0.0566986
0.0395063
0.13062
0.306407
0.368223
0.381748
0.174279
0.296868
0.418256
0.316896
0.533914
0.778721
0.727907
0.894164
0.795537
0.937417
1.02208
1.13875
1.1257
1.13953
0.723977
0.692971
0.769071
0.88447
0.960182
1.26212
1.26434
1.15469
1.2904
1.37698
1.46134
1.30769
1.20747
1.25345
1.27774
1.24961
1.30681
1.29867
1.21347
1.3467
1.35408
1.2431
1.36322
1.02263
0.955017
0.904454
0.973953
1.18247
1.22999
1.12572
1.20665
1.13152
1.09023
0.934949
0.89644
0.788913
0.911929
1.13204
1.28745
1.47922
1.58209
1.62263
1.58914
1.72847
1.97796
1.99804
1.79804
1.77787
1.66585
1.71028
1.49316
1.6145
1.54866
1.56886
1.42315
1.49638
1.40753
1.35522
1.40447
1.25239
1.10243
1.15482
1.18516
1.30094
0.98951
1.09563
1.05269
0.892615
0.93682
0.976533
0.944262
0.762955
0.67268
0.842271
0.562551
0.618623
0.65058
0.532916
0.582313
0.526079
0.513219
0.589798
0.85234
0.864639
0.92641
0.989855
0.643463
0.663246
0.598899
0.495981
0.517774
0.497194
0.584901
0.301848
0.0842032
0.0318306
-0.159316
-0.138417
-0.117167
-0.248745
-0.347993
-0.308409
-0.0522768
-0.106148
-0.171214
-0.125509
-0.30118
-0.345965
-0.435288
-0.539746
-0.449023
-0.493009
-0.410459
-0.558385
-0.600225
-0.516483
-0.527183
-0.486185
-0.577644
-0.347361
-0.340952
-0.254002
-0.26304
-0.184212
-0.0148657
-0.34983
0.0389165
0.0301373
-0.194221
-0.145257
-0.266836
0.0649171
0.103066
-0.0709348
-0.192716
-0.096904
-0.201679
-0.170103
-0.164552
-0.341144
-0.141133
-0.153554
-0.386106
-0.467331
-0.40685
-0.319305
-0.4263
-0.344292
-0.276015
-0.25173
-0.155674
-0.0957523
-0.147783
-0.107807
-0.314874
-0.266044
-0.322676
-0.403049
-0.248663
-0.600295
-0.554876
-0.564616
-0.485954
-0.353415
-0.464883
-0.506269
-0.613854
-0.451798
