-0.576822
-0.909546
0.155793
-0.668757
-0.345669
-0.514374
2.93281
-0.740115
2.29603
-2.53127
-0.859436
0.987864
0.957369
0.321429
-0.870608
-0.735524
0.730179
2.05885
2.2898
-0.237669
0.324128
0.748505
-2.60243
-0.22863
0.430504
-1.26466
-0.175269
1.19967
0.986051
0.155953
-3.22989
-0.290233
-0.29468
0.529205
1.36697
0.0640778
2.09594
-1.29348
2.1806
0.615935
0.189879
0.718237
0.183399
0.687677
0.00805906
1.20072
1.84238
-0.374146
1.54634
1.806
1.08091
1.43893
0.588533
-0.084047
2.40128
0.227414
-0.651354
-0.173472
-0.298316
-1.13853
1.3303
-0.37381
3.42811
-0.876026
-0.214158
-0.768136
0.855925
0.433059
-0.898544
1.23045
-1.0988
-0.0108014
0.720562
2.81809
1.48945
0.851135
-0.0857225
-1.09822
-0.755903
2.14005
2.50591
0.667851
3.34808
-0.500088
1.51909
1.36164
1.90592
1.5437
1.39
1.10664
-0.35722
0.0176982
1.04941
-1.27484
1.87243
2.74789
2.1349
-0.462361
3.27191
-1.62689
0.0218406
2.18226
-1.41311
-0.948473
1.31578
-0.520391
1.59901
0.865513
-1.02553
2.0978
2.30595
0.126814
-0.972433
-1.40877
-0.11404
2.02302
3.16975
1.69713
1.87007
0.511585
-0.546782
2.02857
0.896985
-0.0837125
1.19238
-0.394291
3.83059
-0.669508
1.79756
-0.202365
-0.113852
1.31184
3.924
1.27364
-0.565789
1.08696
-0.491238
2.22999
1.77609
-3.29946
1.73766
0.136403
-0.599344
2.24795
-1.67941
1.18005
-2.30309
-1.30748
0.429119
-2.67996
-0.628606
-0.455959
2.48266
0.78289
0.506256
-0.252271
1.40785
-0.929232
2.37129
2.77148
1.66243
1.34252
-0.484513
0.595107
1.13939
-1.13693
0.716178
1.77139
1.69045
-0.186029
-1.52544
-1.37005
1.24155
0.129185
0.0221758
1.83869
-0.144908
-0.448547
4.10223
2.37139
-0.29486
-0.660537
1.81504
0.502146
1.51453
-2.18866
2.15202
1.68467
1.81023
0.970351
-1.14255
0.849757
0.329552
2.48696
1.28798
-2.9417
-0.0573884
3.18815
1.85063
2.31994
-1.24656
1.15299
-1.39156
-0.726683
2.04293
-1.73986
0.0832222
1.34053
-0.56173
-0.783345
-2.6395
2.2173
0.779644
-0.828903
0.220431
1.6911
1.74422
-1.87298
-1.35106
4.32988
-3.4698
1.7023
-1.55213
1.93633
0.515331
-0.282384
1.64015
-0.0904084
-0.0311118
0.767228
-0.00228878
0.678799
0.946604
1.03729
-1.0754
1.0163
-0.525619
1.13583
-0.0424523
-0.77634
-0.125942
0.526106
0.65078
2.42423
-0.29355
2.39227
-0.981744
-1.16111
2.35513
-0.392985
-2.79439
-1.87403
1.41701
-1.43314
-0.892432
1.1456
1.64986
1.44884
0.487464
3.02681
-0.0760059
-0.122231
0.14637
1.4628
0.498216
0.406973
2.39236
0.69526
1.93571
0.145877
-1.24715
-0.473304
1.6507
1.23132
0.933515
-0.135813
-0.400403
1.74879
3.80325
-0.359365
1.42777
-0.983823
1.84253
-0.293386
0.696536
-0.763173
0.797455
-0.576039
1.69402
1.29753
1.33968
-1.80772
1.00589
0.726479
-0.00489626
0.707103
1.11543
0.388841
3.43253
-0.0904183
0.171794
1.51392
2.47615
-0.440515
1.24457
-1.88812
-0.351395
-0.427541
-0.518514
0.394103
-1.26351
0.341145
0.194595
-1.086
-0.901211
-0.851782
0.0636831
1.22746
3.52105
-1.65599
-2.4572
-1.46329
0.0456246
2.98193
1.41104
1.80331
1.13241
0.886777
-0.265675
0.00347649
1.98677
-3.08941
1.17404
0.271141
0.0683647
1.17691
1.58093
-0.762609
2.06113
1.59188
0.0350262
1.54033
-0.266431
1.87289
-2.42805
0.348708
0.870537
1.00667
-0.114574
1.71794
0.749005
-1.12467
1.45593
-0.413921
0.417814
-0.144933
-0.434927
-1.15658
2.72424
-1.20166
-2.51045
1.7962
-1.27537
1.39312
0.0989732
1.54742
-1.60682
-0.872131
0.404576
-0.103618
1.69776
1.30669
0.953822
0.438163
3.94438
2.56859
0.558045
-0.934437
-1.09901
-0.192107
-0.104261
4.22853
1.45116
1.60554
2.38376
2.433
0.393612
-2.14372
1.23199
1.43022
0.399011
1.05706
-0.0412723
-0.0421555
-1.69405
1.22454
0.527647
1.61439
0.787765
1.88388
1.57218
0.62068
0.964636
1.25615
1.3145
0.691729
0.615621
0.560697
-2.48099
-2.65303
3.17797
0.747801
-2.21627
1.09247
0.614801
1.69606
2.23919
-0.0195298
0.011714
0.942419
1.89369
-1.88712
0.819866
0.928134
2.97133
1.79941
0.794083
-0.390276
0.928155
2.9055
3.27381
0.515786
0.928031
0.711934
0.689519
-0.104618
-1.77149
0.643878
-1.13444
2.82956
2.13268
1.70339
0.612683
0.825009
-0.387838
0.408283
0.616509
-2.27212
-0.394655
1.39758
-0.123765
-1.59902
0.0193414
-1.00379
1.54756
2.8346
-0.50223
0.358479
3.31727
0.540322
-0.657866
-0.558212
0.505561
1.69372
-0.5556
0.755122
-1.17773
0.810569
0.569523
1.78571
1.89315
2.53611
0.0326341
-0.663954
-1.27347
1.1039
-0.373128
0.287802
-0.946287
-1.57065
1.03363
0.834937
1.02489
0.555972
-0.793317
-0.129198
0.0420608
-3.25129
2.03363
-0.41063
1.22506
3.43715
2.88343
2.91298
-1.59075
-0.101536
-1.14086
-0.295656
0.425085
0.162045
0.613828
1.86611
1.74484
0.0369405
0.21268
-2.32947
0.307692
-1.13413
-0.891858
-2.65974
-0.452093
0.0564088
-0.685468
-0.107928
3.03268
-2.61739
-1.78342
0.55487
1.50425
0.837117
-1.14582
-1.49082
1.44882
-0.041484
-0.85699
1.58957
-1.26343
0.831341
-0.258967
2.76078
1.69343
-0.557522
-0.10358
-1.14547
0.136862
1.64677
1.35261
3.52815
-0.67298
0.675965
1.88553
0.54269
0.395632
0.145704
-2.50144
0.785628
1.7185
0.404159
1.02006
0.922608
3.2624
2.4046
2.27505
0.368894
0.877978
1.72453
-2.45198
-0.052128
2.3347
0.905284
-0.494926
1.23841
0.923374
-1.35599
0.995679
1.67297
1.25955
-0.914404
-1.37522
-0.224856
1.47789
-0.511413
2.20029
-0.496063
0.218227
-0.564853
1.86123
0.612492
-1.15636
0.261822
1.34245
1.57591
2.31305
2.3711
0.224449
-1.34415
1.84659
0.870831
2.56374
0.929155
-0.823857
1.09978
-0.960197
-1.86132
1.65746
-1.62781
0.748221
2.39561
-1.44389
-0.354465
-0.920887
-0.561167
0.761763
0.172287
1.95483
-1.11325
0.414027
-2.34734
2.37523
1.63397
-0.0768122
-0.092513
0.8013
-1.94223
-1.9523
-0.227521
0.583454
2.03288
-3.48552
-2.88204
1.31098
-2.62109
-1.39519
1.31816
0.164206
-0.311687
2.17115
1.13948
-0.999182
2.01494
1.21419
2.436
0.478336
1.39063
0.0600201
-1.93841
0.218767
-0.425486
0.806985
0.105396
2.50804
0.929965
1.78949
0.708134
-0.650252
-0.0213798
2.94952
0.758961
0.831271
0.701925
1.74188
2.24069
1.03323
1.37344
1.63516
1.17394
1.19923
-0.833912
0.695813
1.41129
-0.0211847
-0.797407
-0.365765
-0.951605
-0.217709
4.19156
1.92714
1.76675
-1.47357
-1.82554
0.793126
1.46487
-1.00187
1.81789
-0.0815394
1.37238
-0.468275
1.21986
2.75804
1.1214
-4.03135
-1.17601
1.26064
0.03283
1.80709
-1.79428
-1.13353
2.77937
1.49659
0.718786
0.668793
3.05612
-0.444188
-0.386566
-0.378779
1.36142
1.98981
1.7421
0.479072
1.50137
-1.09845
-1.37626
1.38387
-0.965726
1.62915
1.16737
1.86684
-0.366038
0.146375
0.607831
3.0081
0.0908988
1.00975
-1.37646
2.38569
1.06541
-1.19544
-0.320893
0.0548906
0.440163
2.30642
4.42225
0.268966
-1.25796
1.50533
0.548195
1.77967
2.13679
0.102793
2.35046
-1.09228
1.87824
-1.09875
1.79921
0.654665
0.337163
-0.260105
1.0777
0.131875
-0.0883664
0.281288
-0.199716
-0.300727
1.40169
1.31626
2.94957
-1.2398
2.13166
-0.156858
2.39001
-0.680342
0.525889
1.29492
1.44137
-1.25664
-1.73887
1.49027
-0.60266
2.06988
0.160267
-1.13977
-0.629294
-1.57525
1.86329
-0.197805
2.6156
-1.2289
3.98537
0.329008
-0.743249
-1.12652
0.564182
-0.768204
-0.693461
2.68039
-0.819277
2.06511
0.85687
1.3269
1.36251
1.46419
1.17464
-0.213124
-0.396338
1.46175
1.90944
0.529649
1.80737
2.21513
1.42472
2.55013
1.58695
1.85224
0.0567622
1.27531
0.84823
0.183806
-1.68368
-0.4305
-1.20778
1.0059
1.21949
-0.435503
0.432584
0.718845
0.919255
0.0404374
0.76933
2.50529
-0.0168204
0.287763
-0.584544
1.51914
-1.58473
-2.39886
0.939462
0.681343
0.244609
-1.38151
-1.44423
2.35953
-0.259342
1.6264
-0.852942
-1.10352
-2.93363
0.189122
0.51403
2.60688
0.614703
1.95138
1.0106
-0.787654
0.780589
0.681114
1.52503
0.924136
1.15053
1.45831
0.769407
-1.23415
3.08883
1.64039
0.0387847
2.92132
2.3908
0.804396
1.01784
-2.28976
-0.545025
0.646199
-1.25712
1.32262
0.455609
-0.277997
-1.28535
0.875849
1.04487
-1.67905
1.28671
1.13099
-0.094227
1.05945
-1.38889
1.58182
2.33569
-1.60002
3.03198
-0.386878
1.91375
-2.18213
0.936697
-0.668376
1.21446
0.657429
2.86745
-2.02351
-2.32233
-1.10272
-0.620016
1.30645
0.905445
-1.0961
-0.191326
-0.116821
4.1676
1.60764
1.61208
1.83925
-2.43405
1.93052
-0.320305
0.190039
0.764549
-0.741552
-1.03882
-1.02587
-0.659041
-0.272517
-0.777332
-0.82762
0.905188
0.690086
1.44962
4.32159
-1.15642
1.50818
0.235233
-1.36697
2.06966
0.922832
1.19321
-0.713802
0.161701
0.835913
-3.0377
1.06086
2.40486
1.49228
-0.315492
-0.810752
-0.6854
2.84798
-1.55149
-1.42432
0.858174
-1.47344
2.38645
1.11415
-2.30209
1.52634
1.71148
-2.56025
1.96557
-1.3918
-0.998787
0.470131
1.0601
1.39226
1.99318
3.32453
2.21661
0.179928
0.479199
0.75664
-0.118539
2.34166
-0.561398
1.21557
-0.146923
1.09389
-0.0649034
1.91125
0.814825
1.95549
1.46629
1.30812
2.53829
1.15325
2.25117
-1.48927
0.371911
0.23246
1.33394
0.621604
0.341049
3.06222
-0.989625
4.26856
-1.66821
2.49764
3.16305
-1.64238
1.79458
2.73503
2.38631
0.343278
-2.07795
1.44514
-0.347045
-0.1204
0.25317
0.108059
0.657501
2.17081
1.56091
1.55875
0.580744
1.15539
-1.9391
-1.13397
-0.956545
-3.00846
-0.309601
2.78811
-0.138375
-0.7544
1.28854
-1.12343
1.17125
2.15619
-0.342857
-1.41029
-0.373565
-1.65444
-0.911027
0.0939658
-3.21803
0.429623
0.044799
-0.638784
1.52734
-0.924115
-0.903465
0.0101095
0.505461
1.7729
-0.471816
1.10373
1.32851
2.81146
-0.961938
-0.674898
2.30599
-0.757147
-0.0260018
-0.575596
-0.652608
0.102236
0.95316
2.01969
-1.90125
0.578418
-2.45531
0.802781
0.493704
0.34759
0.457005
1.7365
-0.998506
-2.08202
-0.923497
0.297455
-1.80185
-0.461843
0.955242
-0.22451
2.61459
-0.144972
-1.71162
0.883233
0.795252
-2.0283
1.57974
0.607518
1.63071
0.910998
3.0471
0.736793
1.07002
-0.558885
1.47709
1.30746
2.08666
0.758784
-1.26295
3.9909
1.05215
1.05755
0.546459
-1.8908
-0.498001
-0.573499
0.258201
1.73069
0.199233
1.87882
0.631498
3.38916
1.10373
0.46578
0.373028
1.49974
-0.711095
-1.13794
3.96417
0.306249
0.857611
1.52358
0.851462
1.61881
1.1274
1.38647
0.229292
1.92519
3.11374
2.0001
1.2791
-0.256637
0.959556
