1.55987
1.76179
1.75496
1.43106
1.18508
0.799054
0.628615
0.554615
0.892721
1.08216
1.27811
1.60793
1.71953
1.7572
1.68994
1.43564
1.17495
1.07752
0.958678
0.926434
0.997355
1.15134
1.41159
1.32165
1.24836
1.06505
0.63721
0.71256
0.543264
0.797749
0.749883
0.881744
0.923469
0.904387
0.789807
0.529211
0.450147
0.781135
0.89152
0.697193
1.0051
0.877177
0.647172
1.08511
1.40243
1.6245
1.55773
1.24917
1.28761
1.30344
1.5884
1.28029
1.10828
0.919388
0.869199
0.98059
1.03167
0.471255
0.242427
0.0752024
-0.148007
-0.484018
-0.305767
-0.536169
-0.519866
-0.287395
-0.295544
-0.319247
0.137726
0.426765
0.203763
0.457317
0.481496
0.197761
-0.176545
0.0323952
-0.16044
-0.158867
-0.640519
-0.387002
-0.172294
-0.0303544
-0.133625
-0.2212
-0.264923
-0.346149
-0.0721892
0.0724813
0.0399914
0.0758579
0.0458926
0.354704
0.745435
0.681293
0.794499
1.04699
1.00438
1.0692
0.728751
1.18447
1.32308
1.49184
1.45113
1.44632
1.6
1.3776
0.982445
0.88205
1.08747
1.13932
0.894446
0.878292
0.920657
0.854821
0.824216
0.554396
0.679809
0.962922
0.946417
0.757855
0.106512
-0.0854469
-0.119796
-0.183667
0.012958
-0.130324
-0.00204793
-0.125216
0.0586349
-0.342481
-0.791587
-0.326719
-0.467062
-0.501039
-0.818396
-0.653264
-0.558591
-0.233768
-0.298694
-0.427042
-0.841561
-0.631215
-0.486507
-0.0580724
-0.394873
-0.262639
-0.300869
-0.402802
-0.54262
-0.751158
-0.565922
-0.304482
0.0153112
0.108188
0.21835
-0.145439
-0.17867
-0.0247891
0.0429073
-0.34649
-0.099758
-0.307604
-0.29549
0.00409135
-0.151781
0.030289
-0.330657
-0.116812
0.0668423
0.335542
0.750785
0.829798
0.865862
0.767377
0.959055
0.867593
1.1189
1.20616
1.12656
1.08685
1.24436
1.21315
1.16294
1.07248
0.912934
1.09895
1.12584
1.3132
1.7228
1.6736
1.41553
1.24258
1.09336
0.910105
1.01008
0.820542
0.894328
1.32241
1.4897
1.81292
