-0.210245
-0.39423
-0.112073
-0.52581
-0.339958
-0.345134
-0.396183
-0.575126
-1.15428
-1.04035
-1.30298
-1.03753
-1.16495
-0.91494
-0.447137
-0.0926136
0.00792531
-0.0261812
-0.073661
0.395672
0.117304
-0.246105
0.509094
0.540802
0.961021
1.50836
1.62571
1.3436
1.06212
1.28285
1.55252
1.25254
1.0292
0.581495
0.988282
1.10458
1.2046
1.14062
1.22866
0.970929
1.02901
1.04917
0.94714
1.52972
1.75348
1.16086
1.00439
0.838213
0.992419
0.779594
0.833988
0.834284
0.890373
0.533349
0.361689
0.0280718
-0.16003
-0.376259
-0.220212
-0.570746
-0.365761
-0.322591
-0.240154
0.0301226
0.263619
0.93143
1.23085
1.16728
0.799881
0.937102
0.797165
0.916866
0.882613
0.798401
1.067
0.776625
0.608352
0.131288
0.159488
0.108237
0.156096
0.468846
0.382993
0.226122
-0.133408
-0.244747
0.129168
0.411649
0.379357
0.42321
0.120853
-0.0767527
-0.319623
-0.61093
-1.01954
-0.868014
-0.334785
0.150364
0.28129
0.3831
0.327076
0.408031
0.622191
0.623292
0.35804
0.135447
0.0685434
-0.0945496
-0.0720291
0.177831
0.0833024
-0.193619
0.0669524
0.0339424
0.11007
0.0845771
0.107563
-0.404259
-0.248958
-0.408122
