-0.443333
-0.581133
-0.511294
-0.213944
-0.133397
0.0659962
4.7259e-06
0.169192
0.0804699
0.0246656
0.373684
0.32725
0.368323
0.190743
0.352115
0.342913
0.622599
0.446886
0.411583
0.686183
0.484539
0.28747
-0.0713563
-0.11781
-0.378488
-0.521525
-0.270528
-0.337041
-0.192387
0.00683358
0.334579
0.0842483
0.0882186
0.207411
0.324238
0.186941
0.116446
-0.273183
-0.151259
-0.0543876
0.216057
0.0783456
0.0116098
0.0620253
0.354256
0.65029
0.787396
0.64412
0.535861
0.523366
0.435054
0.0957212
0.129036
0.180684
0.0354036
-9.34663e-05
0.1945
0.0883292
0.242474
0.200751
0.177424
0.483859
0.559824
0.399816
0.360714
0.453178
0.481657
0.661472
0.540913
0.201986
0.179994
-0.000376354
0.00973588
0.106117
0.329917
0.436633
0.0193215
-0.244099
0.0805016
0.0484132
-0.137669
-0.0923963
0.0850025
0.0226789
0.0878613
-0.331442
0.237954
0.150865
0.102438
-0.0999902
0.250143
0.099465
0.240678
0.218771
0.427932
0.664932
0.146437
0.204741
0.367359
0.564092
0.385079
0.238458
0.178967
0.00334237
0.260344
0.408714
0.522143
0.435888
0.399817
0.510907
0.497672
0.483939
0.356244
0.565092
0.271903
0.109816
-0.0768096
-0.163504
-0.45524
-0.417648
-0.423332
-0.644281
-0.563118
-0.509931
-0.355213
-0.566811
-0.648731
-0.69197
-0.600702
-0.648133
-0.841836
-0.907003
-1.15942
-0.924055
-0.877525
-0.695908
-0.60675
-0.884907
-0.801353
-0.730657
-0.606265
-0.458672
-0.403077
-0.305388
-0.27445
-0.0780577
0.115771
0.194278
-0.233019
-0.306608
-0.354512
0.0169157
-0.0681086
-0.0880863
-0.0820658
-0.198245
0.174245
0.200896
0.0406492
0.208092
0.323061
0.0171496
-0.070467
-0.0185652
0.00815758
0.292451
0.740571
0.486614
0.405993
0.565763
0.346985
0.300345
0.563225
0.463293
0.144088
-0.198627
-0.439347
-0.337168
-0.0504282
0.184593
0.206671
0.498946
0.355658
0.0676712
-0.202607
-0.488073
-0.388337
0.0193102
-0.165812
-0.0669146
-0.12318
-0.0711452
0.0371137
-0.203037
-0.0675595
0.122602
0.387282
0.431301
0.50889
0.383643
0.456537
0.501062
0.678592
0.837058
0.94081
0.528336
0.592415
0.361257
0.344277
0.633317
0.594656
0.584243
0.197795
0.390467
0.469977
0.534078
0.55243
0.663673
0.827484
0.680474
0.846254
0.940215
0.822546
0.696359
0.86162
1.14698
1.35087
1.47011
1.13255
0.855636
0.62651
0.538634
0.6614
0.740782
0.571706
0.433867
0.519688
0.426868
0.242658
0.41534
0.379929
-0.025844
-0.375814
-0.067922
0.194687
-0.000939562
-0.182294
-0.231135
-0.231535
-0.591571
-0.350302
-0.293326
-0.267353
-0.163374
-0.672745
-0.737672
-0.501613
-0.355846
-0.281634
-0.529107
