-0.323222
-0.224907
-0.422688
-0.184926
-0.593999
-0.468747
-0.440117
-0.0715117
-0.159218
-0.135064
-0.0969888
-0.255009
-0.715337
-0.433814
-0.520017
-0.291011
-0.0192877
0.164238
0.197369
0.0831879
0.170328
0.358063
0.257603
0.430308
0.532334
-0.268373
-0.554303
-0.422357
-0.584159
-0.579086
-0.759196
-0.786913
-0.531708
-0.610003
-0.760328
-0.799235
-0.998713
-1.53102
-1.53127
-0.906375
-1.46933
-1.62083
-1.22571
-0.97466
-1.40651
-1.04411
-0.936942
-0.967392
-0.823992
-0.933174
-0.796228
-0.453923
-0.430586
-0.363199
-0.754524
-0.823257
-1.06272
-0.829086
-1.2079
-1.22951
-0.854638
-0.908377
-0.0549188
0.460858
0.536594
0.569666
0.120435
0.145749
0.19981
0.181637
0.267272
0.185367
-0.158904
0.0886827
-0.0609288
0.470624
0.0711859
0.159262
0.0394734
-0.31656
