0.374861
0.310967
-0.343413
-0.138389
-0.0934804
-0.190986
-0.15912
-0.0616197
-0.346887
-0.167311
-0.0108194
-0.0919946
-0.300789
-0.0396773
0.499911
1.05992
0.817337
1.1904
0.875577
0.605572
0.0769148
0.133965
-0.011501
-0.251403
0.0947935
-0.544529
0.454946
0.791828
0.8688
0.922141
1.06295
0.672555
0.595831
0.616537
0.858328
0.24976
0.948027
0.572179
0.238482
-0.182407
-0.127155
-0.219166
0.187353
-0.0121874
0.0487102
-0.145477
0.0208628
0.054544
0.264951
0.307261
0.385945
0.768099
0.908693
0.68036
0.917012
1.05988
1.36524
1.27863
1.38333
0.841391
0.61475
0.716052
0.150634
-0.339119
-0.109119
0.210764
0.682917
0.202277
-0.0912053
0.00325342
0.0534012
0.23174
0.590342
0.369678
0.443449
0.394781
0.234252
0.240538
0.661889
0.773711
0.90277
0.701649
0.423573
0.479959
0.62467
0.00702392
0.317594
-0.117568
-0.036006
0.265037
0.246636
0.296846
0.303058
0.11471
0.59375
0.627731
0.842409
0.508174
0.199302
0.161393
