2.06941
0.937679
0.152151
-0.656352
2.66213
2.3042
2.27775
0.221249
-1.11814
-0.366444
2.10189
-0.693161
-2.12078
2.15658
-0.662074
0.660927
-1.27498
0.635105
1.25851
0.0920326
-0.125581
-1.35776
-1.21758
2.18146
-0.6218
2.70289
-0.898985
1.7954
0.594626
0.297041
0.954894
-0.427796
-1.11077
0.863071
0.924685
-0.329086
0.664464
1.50857
1.30935
-0.0291273
2.71219
0.429213
0.832607
-0.460512
-0.261736
0.61476
-2.42297
0.330973
1.5317
3.46662
1.31925
-1.22587
0.299721
-1.26609
0.494328
-0.292221
-3.58325
-1.87009
-1.56163
0.521527
1.23489
-0.234163
1.45544
-1.44216
3.29595
-0.457584
1.78338
-1.57294
-0.253178
-1.04589
1.99148
-2.12463
-1.20359
0.159217
0.593518
0.577037
0.658813
0.0910111
1.29843
0.945952
2.36086
0.649972
0.882278
-1.80976
-2.67988
0.304226
1.53516
1.11935
0.441872
-0.811693
0.203287
2.18264
1.3305
0.84072
-1.89824
-0.0549194
-1.60583
0.334548
2.54148
-2.02674
0.353292
-1.05219
-1.24894
0.623386
-0.6158
0.599438
-0.616335
-1.09572
2.71516
0.859432
3.63558
2.42247
-0.671603
0.864045
0.276465
2.29679
-0.152099
2.09097
-0.857739
0.47289
0.74616
0.570201
0.00383492
0.409602
0.592625
-0.642268
2.61337
1.43994
-0.790443
2.69359
0.122844
1.07917
2.9203
1.82329
2.64152
-0.995324
-0.715766
0.0708241
1.64623
1.43783
1.58637
0.106456
2.19964
1.16004
-1.58611
0.856014
0.345334
3.18317
1.77156
0.000469165
-1.7841
0.710837
2.10684
-0.319242
0.617243
-0.510681
2.2595
0.548119
-0.914276
1.03282
0.297341
-0.364473
0.930973
0.742376
0.469799
1.24087
0.752769
-0.103512
-0.988715
0.477222
2.30948
1.73907
0.615016
0.111276
1.16753
2.41332
2.86169
-0.3327
-0.968477
1.67581
0.793785
-0.0495932
-0.954676
0.288959
-0.455601
-0.824022
-0.808521
-1.79097
1.06088
1.26944
0.0192263
1.29238
2.56554
-0.0242607
1.91836
0.481637
0.978119
0.570384
-0.244337
1.69077
0.0106172
1.96736
1.43371
1.01212
1.34843
0.0719272
0.973235
-0.269853
-0.0600421
-1.15478
1.03698
0.607133
2.71457
1.9306
-0.112842
-0.780712
3.30036
0.895361
1.18396
1.45522
0.982213
0.13486
1.01252
1.28641
2.86566
3.25351
1.00347
-1.18322
1.89533
-0.972377
0.954824
0.102497
0.707592
0.845597
0.420127
1.68965
-0.0905686
1.66233
1.2742
-0.943873
1.7253
-1.26479
-0.645756
-0.277022
0.455954
-0.753101
-1.12205
-0.577169
0.111559
0.175984
0.345474
-0.00868156
-0.913938
0.456271
1.76608
0.709478
1.34054
-2.64778
-2.10207
2.69392
-0.349927
1.45097
1.4961
0.906715
1.9396
1.96519
0.327811
0.266725
0.891523
1.38211
-1.90987
0.948212
1.07009
2.89062
1.42503
1.48959
2.33704
0.21059
1.23754
1.7386
1.4668
1.64388
1.89556
0.729311
-0.451823
1.05747
1.65471
0.6416
0.375418
-1.49008
-0.695148
2.1454
0.349405
-1.71964
-2.10503
-1.86745
-0.0644932
0.195508
1.25919
2.33108
0.454896
-1.40979
1.09539
-0.137861
2.69759
0.277018
0.778312
0.0658568
1.01892
0.900053
0.933524
0.883945
-0.283425
-2.62136
0.377614
0.671778
-0.245843
2.55308
0.120703
-0.288136
-0.465111
0.20733
1.29552
2.66959
2.91568
-0.124547
1.85101
2.00467
0.783567
1.87663
-0.899565
-0.157535
2.27732
2.25379
0.0909582
-0.271582
-0.140063
-0.229823
-0.738265
1.82143
0.527591
1.57846
2.70265
0.262648
-0.893472
2.10037
2.41963
1.98615
2.84872
3.49571
-0.576006
0.280008
-2.23937
0.588632
0.0630802
0.464008
1.63971
0.898219
-1.3333
0.947117
0.198768
-0.684828
-1.36149
-1.00845
-0.303247
1.27192
-0.314007
-1.12328
-0.103202
1.05854
-3.11213
1.69792
0.655431
1.66113
-0.334213
-0.793893
3.5634
-3.15916
0.915511
-1.38932
-2.08242
2.08523
0.42774
1.78843
0.417708
0.288279
1.39572
-1.79013
3.25673
-0.752112
1.47483
1.00786
-1.54332
1.21509
-0.37701
1.15714
0.52903
-0.602653
-0.811374
-0.768358
-1.47351
1.4838
2.52369
-0.370022
1.80075
2.26218
3.04043
-0.206673
0.602194
0.901401
1.66477
2.13867
0.320602
1.42371
-0.217007
-0.268005
0.974227
0.0206435
1.43855
-0.838337
0.648625
1.17282
0.0253248
1.82841
0.149877
0.620064
-1.46276
2.05141
-0.31071
-1.60072
-0.657153
-1.90789
0.425601
1.8598
-0.437449
1.474
0.174551
1.25759
-0.446725
-0.609917
1.52615
0.258377
-0.0852359
1.614
0.972213
-0.37342
-1.41003
0.687048
0.107282
3.5402
-0.535879
0.776721
-0.231969
-1.01099
0.204387
0.377174
1.08488
2.47978
-0.372835
-0.704625
-0.262984
-1.0327
-0.130956
1.48961
-0.442375
-0.788205
-2.18094
0.323209
1.7878
0.976477
-0.06495
1.87981
-0.158685
2.40781
-0.733812
0.442746
0.890716
0.932639
-0.387517
1.20746
1.84813
1.79651
0.559828
-0.545895
1.05544
1.65946
2.47617
-2.13107
1.24121
2.84117
-0.259269
-0.141757
0.110922
1.46967
1.39462
0.651474
-0.888441
-0.615049
0.287337
-0.226467
1.28171
-1.08685
2.82021
-1.22407
1.27526
-1.76305
-0.236237
0.088731
2.43101
1.45401
1.04644
1.5179
-0.626582
0.773337
0.0164175
1.85644
-0.12236
0.888434
-0.460834
1.60056
-0.331852
0.383997
-2.92011
0.0914177
0.907049
0.871651
-1.28988
-1.38366
2.28431
1.17807
0.520311
0.325899
0.883325
0.913343
1.66521
1.11489
0.279325
-0.273735
-0.469642
-1.63897
-2.90671
-0.616777
0.675143
1.8792
0.574584
1.1867
1.3319
1.26667
0.0926051
0.72747
1.73955
1.28518
2.36215
1.98674
-1.31715
1.50474
3.15921
-1.49158
0.723831
2.11097
0.605598
1.66887
1.63488
1.61025
1.91427
1.79931
1.19684
-1.13465
0.679676
1.03649
0.593432
1.68822
0.462224
1.7825
1.13503
-2.02706
2.28955
-2.58987
1.28675
1.2768
0.770633
2.61774
0.995529
1.95123
2.01337
1.81226
0.282718
1.72354
0.742692
1.90079
1.24809
1.97766
-2.37308
-0.0133571
-0.412394
2.06657
0.227919
-1.04874
-0.741822
-1.05851
-0.449934
-0.20654
-0.188279
-2.56092
0.475357
-0.606391
2.13251
0.550323
0.699799
3.43801
1.52474
1.77963
3.47664
0.631937
-0.482732
-0.209008
0.697263
1.10507
-0.131012
0.453057
2.44348
0.910443
-0.557773
-2.8742
-0.710093
-0.0676098
0.293248
-0.933557
-0.944264
2.62264
-0.43033
2.55155
1.69821
-0.475126
1.1553
2.88997
1.92011
0.531284
0.726886
1.54733
1.56395
-2.2819
-1.46654
0.753754
0.452498
-2.18605
1.18578
0.828489
0.0524552
0.340741
-1.4983
0.665043
2.56553
2.52415
-0.696269
-0.891254
2.48954
2.02269
1.09188
0.780228
0.363661
1.9288
1.5536
-1.09023
-0.233632
1.20138
-0.510669
-1.07231
-0.116262
-2.34595
1.72286
2.21482
-0.18359
1.40169
-1.4104
-0.534634
0.331577
1.13449
-1.25048
-0.20522
0.892754
1.88837
0.89459
-0.347996
-0.186242
0.916943
-0.36656
-1.67198
0.354174
-0.224459
0.941094
2.17177
-0.152368
0.523315
0.969489
-0.0518869
0.252571
-2.08035
0.119008
1.62002
1.08581
0.135682
0.420237
0.99634
0.479151
-1.95954
0.598585
1.60441
-1.16044
-0.0823208
-0.913719
0.595738
1.01383
0.660178
-1.8648
1.952
0.734492
0.710098
1.15735
0.820791
2.48666
-0.116662
2.60903
0.547323
1.16455
-0.391094
-0.466023
-0.525484
-1.62775
-1.31529
-2.04024
0.690952
-0.186115
-0.864475
-0.718778
0.153698
0.915832
-1.94136
-2.12988
0.507442
0.0973396
-1.43242
0.160272
1.80547
3.37324
-1.03329
-0.314
2.14227
1.804
-0.681009
-0.239258
-0.658516
-2.96966
0.440365
1.35428
0.808291
1.03811
-3.063
0.275513
-0.923025
1.60087
1.93132
-0.410548
-0.0322145
1.80796
-1.20738
-0.965052
0.0356564
-3.63888
2.26497
0.391346
0.513249
1.12187
1.84946
-0.54864
-1.89875
-0.0899126
1.14681
1.36601
1.27706
1.04593
0.488557
2.45948
1.76112
-0.0320323
-0.531624
0.848087
1.75271
0.70227
0.172972
1.2685
2.91887
0.841695
-1.08465
2.11317
0.136929
-0.0490544
0.532432
2.05915
-0.298976
0.312413
-0.241321
0.158731
0.198534
-0.880632
0.561018
0.0946538
1.34976
0.734372
-0.756667
0.383053
-0.797533
2.84691
1.80403
2.47193
0.446296
0.919173
-0.785333
-0.0488972
1.7173
-0.840157
-0.377656
0.228234
2.04003
-2.02469
1.70333
1.88929
-1.71897
0.116581
0.361495
0.224057
1.34114
1.79755
0.343399
-1.87959
-0.393176
-0.859592
1.54862
0.558173
0.819998
-0.128201
0.664298
2.24278
1.14532
1.26257
-0.435424
1.44893
2.13678
-0.295806
1.73066
0.710904
1.91262
2.49958
-0.328783
3.91243
0.126997
1.0274
0.277283
1.54685
0.354665
0.625043
0.0390352
0.176178
3.12908
-0.133374
-0.533035
-0.908039
1.51974
0.061295
2.85146
0.972722
-0.244008
2.58595
0.819696
1.30242
-0.662655
2.13
-0.780533
1.65767
0.584521
1.03257
1.81876
2.3794
2.74942
1.90573
0.0911768
1.44815
-1.68249
2.47982
0.192254
-2.17428
0.029495
0.817521
-0.256173
2.30608
-0.00308942
-0.482171
2.29491
0.367906
0.480609
3.03097
0.462758
1.73462
-0.170057
-0.867075
0.019289
0.260747
1.3089
-0.683247
0.498415
-0.641931
1.84275
3.18144
-1.20191
1.275
1.25893
0.747492
1.68233
1.14388
-0.0392488
-1.85479
-0.100968
-1.04944
1.57605
-0.772449
2.88394
1.38092
-0.409971
2.19959
1.60012
-0.873451
-0.959346
0.562904
0.54582
0.13926
0.986355
0.315822
-0.132957
0.163081
-0.280877
2.27351
-2.99382
0.0496872
0.993745
-0.145936
0.490868
2.72504
-0.882699
-0.707984
2.97542
1.28543
1.6239
0.418636
0.501094
-1.30074
1.2554
-2.05462
0.753094
-1.29937
0.75639
2.68442
-1.72815
1.63528
0.43751
-0.684325
-2.33998
-1.9765
0.288312
0.510085
1.90714
-1.03051
-0.625775
0.0110071
-1.30308
-0.370123
-0.986495
1.82138
0.492247
1.25496
0.25792
-0.951358
2.53945
-0.911351
2.23102
-0.901763
2.22904
1.14724
-0.40571
-0.808179
-0.512829
-0.887136
0.11142
1.20367
2.71703
1.34047
-1.09095
-0.76077
0.939658
0.470047
0.631351
1.76446
1.65204
-0.419473
-0.144049
0.821531
0.375065
0.153925
0.461142
0.98248
0.202314
1.05249
-2.08924
1.49338
0.529142
1.81967
1.42075
-0.36979
0.758573
2.62616
0.695191
0.712784
2.22025
1.2314
0.714443
0.811791
-0.637495
-0.311934
1.79149
2.66855
-1.44164
1.17743
1.61954
0.0565715
1.79134
0.986237
0.71118
1.64058
-0.175952
0.432978
-0.98624
1.36624
0.743161
0.464169
0.804233
-1.5958
0.644932
1.1067
0.874386
0.771227
0.915174
2.05891
0.96556
1.79662
1.69546
0.534783
-1.98552
2.6134
-0.45995
1.83072
1.25918
-1.45521
-1.15809
1.17003
1.02599
1.36638
1.51333
2.71914
1.34254
1.01964
3.10465
1.0406
2.03872
0.566796
1.42537
2.35944
2.73613
-1.94982
1.83091
1.50451
0.0991639
2.47518
0.671302
-2.00108
-0.437194
3.13798
0.764537
0.230939
-0.0745156
-0.988317
0.0521883
1.83652
0.272835
-0.204471
0.763995
0.880666
2.2795
-1.37832
1.61474
-1.1971
0.334818
-1.98842
-2.77167
0.735923
0.225157
-2.26072
0.455798
0.410704
-1.15034
0.0229648
1.87417
0.556509
0.193756
0.514623
0.0528133
-0.470562
-1.35734
2.01489
0.648524
2.91211
1.85591
1.07658
1.35537
-1.56656
0.781164
1.31982
-0.600809
-0.978965
0.573616
0.715035
-0.110636
4.02678
-1.37897
2.59401
0.110472
-0.0549386
0.838716
0.0862117
0.561148
1.08822
-1.21063
0.468705
0.444771
-2.25804
-0.216419
0.501763
1.63297
1.37452
0.340645
-0.566345
0.274423
-0.469244
-1.31015
0.277908
-1.17183
0.165434
0.487371
1.87386
0.616132
-3.07599
-1.22392
-0.226733
-0.872018
0.873053
0.641646
-0.354051
3.06764
-3.2589
-0.944619
0.410539
0.804904
1.18246
0.813328
2.91354
-1.5027
0.99138
0.724819
-0.875042
1.15964
1.4797
-1.09658
1.31186
0.389307
1.99342
-0.368915
-1.28389
0.275492
1.03527
-0.802435
0.583546
0.346329
0.727722
1.76095
2.85578
1.626
1.55145
1.23558
-1.18739
1.31577
0.255312
2.66699
1.07368
0.0116529
-0.0272187
0.832151
2.06207
1.87187
0.534403
0.512598
-0.304259
1.49932
0.969372
-1.02059
-0.511895
-0.338764
1.92003
0.356932
0.808921
0.724582
-2.01999
1.5786
2.32699
-1.67878
-0.511523
-2.40407
0.18939
-0.255116
1.49553
1.36891
1.33224
0.465991
-0.111125
-0.531942
-0.669513
-1.52114
1.12168
1.65438
-1.73627
0.748602
0.0990409
-0.627835
0.938092
0.264999
2.72399
-0.811082
2.12697
0.447555
0.773357
2.07022
3.05961
0.832398
-2.24884
-2.70121
-0.819075
2.13297
0.98126
0.813379
-0.652777
1.48894
1.14037
0.43373
-2.30962
-1.60731
-0.265167
0.475411
2.17624
1.74194
0.0317465
0.105836
-1.51058
-1.06833
0.0937285
0.394374
0.946466
1.77268
1.02314
0.640937
0.0189944
1.06357
1.24523
2.04114
-1.00959
2.2761
1.43384
-0.482655
-0.907568
1.87669
2.71278
1.22451
0.365951
-1.32218
1.64051
0.705398
1.34679
1.42931
2.37556
1.37039
-0.665082
-1.64823
2.00515
1.07951
-0.891611
-0.818661
0.124146
2.54542
-0.268645
-1.22824
1.71299
1.07566
-0.012072
-0.437585
1.17225
1.37333
1.63425
0.825839
-2.12639
1.35564
-0.282474
2.24654
-0.229345
-0.00748582
1.0634
1.93588
1.22913
0.947681
-0.600592
0.540283
-0.319432
2.04929
0.776601
2.83704
2.84036
-0.895895
-0.573629
1.64116
-1.54916
-1.57389
1.82518
-0.169782
1.59665
-1.24378
-0.65719
0.844979
0.736997
1.3372
0.919232
1.04828
1.62366
-0.138693
0.511935
0.753011
0.868502
0.311068
3.42455
1.19945
-0.13371
1.88169
-0.895563
-0.85463
0.448999
1.01054
-0.00705426
-1.03538
1.56398
1.48591
2.31802
1.72247
0.225152
-0.515158
2.1228
-0.439309
1.03601
0.604581
1.15106
-2.46142
1.60263
0.35161
0.273093
2.45908
-0.669637
2.06171
1.64157
-1.09699
1.47531
1.07644
1.76832
2.91586
2.12892
-0.0169396
-3.00353
0.598431
-1.23087
-0.250005
-0.337911
-0.756914
-0.814183
-0.0738473
-0.00586265
1.22931
-0.648535
-2.13705
2.1636
-2.68911
2.11717
-0.518591
0.893593
0.234775
0.600122
0.456771
1.98399
1.85499
-0.199791
1.89569
1.42111
0.585135
0.381068
1.0587
0.402716
0.726018
-1.05689
3.00905
-0.173622
0.620399
0.0859711
0.306389
0.136021
2.26254
2.49079
-0.573152
2.57656
1.59329
0.0978543
0.499726
-1.18327
-2.10648
-0.237589
1.00213
-2.16375
-0.0488478
-0.513935
1.66351
1.37505
0.59663
1.11629
0.472528
2.30696
2.06439
1.84318
1.28802
-1.2637
1.60845
2.37762
0.615565
-0.521519
-0.388108
2.23084
0.913178
-0.887953
1.89346
1.69463
0.99129
0.706148
-2.5402
-1.78219
-0.71733
0.870682
-0.627946
-0.203312
0.944065
0.963524
1.59812
1.29205
-0.123464
0.0698017
1.31002
1.91536
0.619163
-1.48546
0.919916
0.463651
0.929035
-0.654544
0.199179
1.24904
-0.0490279
-0.774355
-0.457656
0.834315
-0.490093
1.66579
2.77161
-0.801752
-0.934268
2.278
-0.0681464
1.69159
0.425893
-0.811393
2.14327
2.12861
1.02558
-0.359464
1.62142
1.06405
1.1587
0.812931
-0.309339
-0.113296
1.94385
2.45695
0.449089
1.89521
1.56633
0.419259
1.2071
1.46587
2.06545
0.595369
-0.300036
1.20309
3.72054
2.72795
-0.885494
-0.337359
1.00747
1.59442
1.42237
-0.429069
1.80342
0.665954
1.47069
1.19167
2.35048
-0.169106
3.32861
2.69098
0.628354
1.97194
-1.01251
3.82816
-0.409195
0.0896272
1.70393
0.927006
0.699266
1.76057
0.0204627
0.112113
1.56384
1.86805
0.722073
1.13497
0.0141827
-1.11359
-0.873544
-0.212881
0.373498
0.15085
3.15651
1.98017
2.47425
1.57055
-0.224384
0.754388
0.301716
0.574164
-1.79363
0.770849
0.694273
0.3396
-0.389131
0.589719
-0.899705
-0.731157
-3.59349
2.95864
3.33772
1.71394
1.6606
-1.00957
1.28636
2.0036
-1.05819
-0.488021
2.10923
0.641088
1.51194
-0.158592
0.434583
0.912034
1.1983
0.0391553
0.277674
0.276038
0.66391
0.726191
0.45734
0.198752
0.381469
0.677302
0.412393
-2.0355
0.819656
1.17131
1.0106
-0.422281
0.279499
1.38644
1.2509
0.585881
-1.7147
0.246799
-0.883346
-0.109235
1.43192
0.0341592
-0.189406
0.862
2.61965
0.00111361
0.0671205
0.457884
0.582984
0.320219
-0.160336
0.0863468
-1.72081
0.785906
-0.861953
0.678711
-0.912348
-0.394143
1.23691
0.904794
1.27952
-1.66026
1.39878
-1.1214
0.555931
-0.981217
0.206269
0.766619
3.05295
0.744438
-1.64809
1.11529
1.15511
2.29395
1.87099
3.42115
3.57298
1.96197
3.19579
0.914857
-0.117124
-0.498293
0.885868
-1.17055
0.63673
-0.442437
0.500331
-0.259313
-0.279363
2.02093
-1.31329
-0.409549
-2.3636
-0.192376
2.88981
0.579224
0.0293543
0.178879
2.57229
1.24582
2.19754
1.86873
1.76008
0.63202
-0.370073
2.06404
-1.44734
0.782772
0.125437
-3.34876
-0.743073
2.30203
-0.137393
0.860765
-0.187847
1.13722
2.59937
0.761039
1.46343
0.352378
-0.0202148
1.03547
1.34596
-0.508279
1.00544
0.635411
2.89093
0.557788
-0.0364447
-0.0862363
0.355333
0.874642
1.62844
2.16767
-0.124509
-1.98749
-1.73325
0.0611787
0.340759
0.19965
2.61681
-0.959791
0.903802
-0.93343
0.198306
0.0652181
0.309288
-0.23336
2.86041
0.394134
1.72723
-0.941203
-0.0557424
-0.970749
1.426
1.61064
0.0778025
-0.421462
0.267679
-2.58856
0.740919
1.55983
0.771754
0.197612
-0.205887
-0.940715
1.57832
-0.616343
0.810639
1.64317
-0.565153
2.32758
-0.921357
-0.171322
-0.928926
0.126878
0.212542
2.34781
0.174956
0.937537
0.503995
1.30132
1.37511
0.482038
0.729655
2.14284
1.84748
0.0602831
0.773229
-0.0431512
2.25852
-0.174759
-1.51547
0.764409
-0.357352
0.978036
1.61338
-1.14129
-0.100433
0.0313157
2.00594
-1.85449
1.3873
0.140335
-0.188041
2.75774
2.19671
0.360589
-0.640625
1.40906
-1.03559
-0.50535
-0.051624
2.79854
-1.41838
1.10869
0.911933
2.95516
1.75909
1.88384
-0.840525
-0.608481
1.93372
0.792674
0.573774
0.912265
-1.17214
2.61583
1.26801
1.80662
2.58979
0.163192
1.93308
1.56496
-2.66271
0.89196
-0.243186
-0.734378
-0.218349
-0.405111
-1.47118
1.03322
-1.65411
-0.0789246
-0.570157
2.57279
2.36489
3.14698
1.28375
2.48772
1.92825
1.28656
-0.140116
2.08012
-0.104941
0.777401
0.425361
-0.0645036
-0.262644
1.71394
-0.0049913
-1.37871
-0.623336
1.37361
-0.0264571
-1.4825
0.440748
-1.2862
2.80591
0.37997
-0.0758703
1.28043
1.34865
-0.329113
1.06742
1.1874
1.80134
-1.4348
1.89948
1.44273
0.817299
-0.357078
0.219899
0.524693
-1.95899
3.91903
0.527734
-1.33562
2.86001
1.53719
3.02171
1.37657
0.537965
2.04809
0.24271
1.49069
2.31139
0.274569
0.82698
1.4579
0.644799
-0.579099
0.183693
0.38066
1.76195
2.81946
0.794672
0.563836
2.31385
-0.339701
-0.725237
1.3109
0.638857
0.224653
0.904979
-1.16002
0.504332
1.27044
0.467825
3.91818
2.32796
1.50718
-0.124717
2.16113
1.1585
1.61067
-0.293371
0.159162
-2.14767
0.787948
2.88709
1.44007
1.39926
1.31397
1.73704
0.894574
2.72821
0.281448
1.83254
-0.369614
-1.96607
1.69305
0.906475
1.01186
-0.382018
2.19645
-0.704803
-0.308115
-0.24335
-2.98358
0.533097
0.682598
-0.208869
0.73653
1.31371
-0.685588
-1.66027
0.842745
2.13834
0.319293
1.69064
3.32904
3.18496
2.01599
-0.753924
-0.38742
-1.65723
2.62098
2.96524
1.01717
-0.160542
0.322976
1.98605
1.14368
-1.60844
0.34865
-0.947112
1.58611
3.09362
0.469977
-0.72527
-0.368183
-0.52922
0.112865
1.27828
0.442956
1.39091
0.609435
0.979991
-0.111104
0.273438
0.137754
0.18174
-1.21138
1.07466
1.94905
-0.328773
-0.568991
0.211909
0.451431
0.834983
0.60526
1.34659
1.21131
0.279613
0.696472
-0.764397
-1.50311
0.800311
1.01128
-1.61691
-0.793486
0.277083
-0.164128
-1.93731
2.79779
-0.651646
1.75904
2.0695
-0.0435536
1.65495
0.152738
0.5844
-0.697686
0.89913
-0.79542
0.808912
