0.204138
1.81185
0.45194
-0.124599
1.25686
-0.107051
1.11785
1.32166
0.571189
1.36986
0.23633
0.583933
-0.135517
0.832156
0.161396
1.58821
1.58713
1.19235
1.00807
-0.663737
2.59149
-0.520653
0.271705
0.741838
-0.1139
0.0367037
-0.240563
0.523957
2.44307
1.69788
-0.447348
-0.281753
1.0272
0.86604
-0.63077
0.634848
0.226111
0.19241
0.265195
1.09231
-0.696612
0.51143
0.0646122
0.441573
-1.03604
0.0789987
1.42287
-0.000995862
1.99212
2.53261
0.378788
1.21853
2.44115
0.963692
1.10711
0.638217
1.45483
1.6716
-0.155586
2.98512
-0.702716
1.05504
1.93264
1.93659
0.0798238
1.92586
0.555006
2.03772
0.220403
2.7943
-1.89029
1.22363
-0.227521
0.209736
1.15725
-0.983916
-0.370391
0.560337
-0.78177
0.493497
1.62587
0.373878
-0.708208
1.7122
3.43975
-1.13249
1.57049
0.0385141
0.10107
1.47442
0.36389
-1.63424
1.56927
-0.537521
0.590159
1.57876
0.600259
0.307653
-0.263418
-0.261275
