-0.171084
-0.334571
-0.846475
-1.07462
-0.0367361
3.35684
1.50683
-2.2045
-0.665287
0.580381
1.76894
-1.59407
-0.822539
-0.251709
1.78313
-2.92574
0.230793
-0.830559
2.98464
2.14472
1.31567
1.37967
1.31064
2.21913
-1.05425
-0.293968
1.80953
2.42158
-0.0157496
0.327406
1.05974
2.76278
2.39928
0.110465
3.14864
0.552046
1.45025
-0.216445
0.339909
-0.282423
0.11449
0.18992
2.61277
0.310183
-0.885546
3.52717
-0.35643
1.27855
-0.661907
2.04683
1.58809
0.809157
1.58527
1.43779
0.873736
-0.816724
2.5464
1.2479
-3.12563
-1.28213
2.28584
1.95481
1.7562
0.308537
-1.33926
2.23588
-2.2682
-2.29494
0.667448
2.33514
-0.717468
-1.24093
0.490147
0.523301
2.66495
0.262217
2.06692
3.0103
1.39375
-0.742907
0.995946
-0.988392
-0.473277
0.525967
0.316977
2.29267
1.30875
-1.33209
1.68406
1.24244
-1.13966
0.613154
2.73024
0.793472
-0.551877
-1.90685
-0.893053
-0.206008
0.913634
0.353498
-0.807316
0.151871
-2.77937
-2.5586
3.42863
-0.506139
0.787895
0.0477453
-1.47079
-1.12178
2.15296
2.00118
-1.40606
-0.18384
0.0016679
2.23466
0.451564
2.76606
0.605348
0.611515
-0.168011
0.23616
0.766971
1.40557
-0.930125
-0.208714
0.94499
0.196248
-0.905162
1.19488
0.894502
-0.582424
0.892725
-0.46901
-2.39181
-1.07666
2.04226
0.448455
-2.38475
-1.0359
-1.64657
0.880406
-2.62249
-0.33375
-2.55361
-0.130698
0.946031
0.911862
-1.51604
0.139863
2.39709
-0.246667
0.507782
0.633123
-0.386522
1.28561
-2.60673
-1.97787
1.22877
-1.81434
1.74315
-1.11531
0.398021
0.298734
1.61683
0.312424
-0.587612
1.336
-0.441541
-1.54794
0.258726
-0.121501
-3.43571
0.44592
1.54241
-0.545347
2.11392
0.408677
2.70701
-1.75841
0.441649
2.21977
0.584505
0.767998
-0.397632
2.11228
2.99876
-0.15494
0.752587
-2.10767
-1.79037
1.59062
-1.63356
3.14244
-0.450572
1.20284
1.82304
2.69051
2.35425
1.20061
1.56309
-1.13258
2.98956
0.710209
-0.0685427
-0.836928
-0.9198
-3.0464
1.87543
-1.67386
2.89719
0.14399
1.02527
-0.218346
0.701591
0.830686
0.365436
2.35841
2.61825
1.36702
0.431772
1.132
-0.589309
0.519333
2.4329
3.00709
1.4374
-2.01784
1.99048
-0.393494
0.992694
0.148854
-1.38163
-0.840109
1.94437
-0.171561
-0.34085
0.39587
-0.435951
-1.39922
3.88765
-3.0025
1.07642
1.15207
-1.44359
0.125017
2.87707
1.58666
1.33038
2.07023
-2.3543
-1.03977
0.235076
2.42949
-0.0543131
0.21514
-1.47934
-0.862698
3.14777
2.55729
-1.26346
1.05961
1.06081
-0.837883
-1.6474
2.49261
2.81038
3.27075
0.834832
1.95555
0.751249
2.56035
2.53282
1.85774
-1.49023
0.748952
-2.35025
0.825798
-1.53665
1.44395
0.450119
-1.0095
1.24155
0.317546
1.02888
-0.513714
2.51489
0.448229
1.25092
-0.982927
0.0672132
-0.0464444
0.0291236
1.95408
-0.820777
2.31148
3.41332
1.19852
-0.0246059
1.00751
-0.8645
-0.37006
0.81367
1.01835
0.774188
3.46594
0.618992
1.30781
0.637215
-0.543893
0.371345
-0.38425
-1.94023
0.728231
1.07512
1.60779
0.378013
0.664602
1.23408
1.9782
2.63004
-1.49256
-1.26767
2.52615
1.09704
2.66623
-0.355214
-1.53037
-0.0616163
1.61523
1.05901
-0.245897
0.924962
1.06604
-1.58508
-0.926065
0.67855
0.197609
0.109494
3.23471
2.81971
-0.116027
-0.270659
0.563495
-0.0683192
-0.74323
2.97851
-1.55741
1.18646
-1.86212
-0.223974
1.55673
0.580395
2.04197
-2.11781
0.752353
0.506828
0.055645
-0.963721
1.05155
-0.307006
0.386577
-0.798876
-0.411106
0.660749
1.2623
0.281718
-0.623796
0.591808
0.448987
-0.196669
-1.26364
0.124926
-1.40468
2.48379
-0.397839
1.91407
2.011
0.670845
0.879486
0.562519
0.326968
1.02356
-0.70314
0.0144378
3.12746
1.62981
0.385397
0.219962
-2.10133
1.1577
-0.778667
1.72499
0.172563
-1.80594
0.496739
3.74915
-1.44569
-0.361838
0.986798
-0.58617
1.62954
0.130814
0.18866
-0.335505
1.08626
1.32548
1.10679
0.641802
-0.658805
0.171369
-0.967826
-1.01554
1.29927
0.0941514
-0.29469
1.74056
0.885524
0.240399
2.8743
0.782232
1.82223
1.32739
-1.46463
1.80771
1.13971
3.03638
2.39826
1.72186
1.05953
1.44811
1.23582
-0.841501
0.250497
1.94573
-0.2613
3.20006
1.76757
2.33915
1.89316
-2.4924
-0.448981
1.32354
1.28137
1.15449
0.631514
3.99413
3.04756
1.46065
-0.13082
-0.268822
3.3025
2.44241
1.84528
0.582012
1.77566
2.02055
-1.28607
0.842132
0.449976
-2.03598
1.8134
1.10966
2.26436
2.75819
-0.0253998
2.99479
-0.164806
0.494097
0.205772
0.870682
-1.15837
-0.627856
-1.58074
0.40268
2.13141
0.278506
-2.27662
0.447643
1.70961
1.15867
2.17963
1.37391
0.608343
-0.951576
2.20742
0.449678
-1.43452
-1.03978
2.02038
0.886055
0.170618
0.836687
0.721997
0.439512
-1.83273
1.26491
1.77379
0.298045
-1.52666
0.276662
-0.521084
1.00544
-1.39705
0.256318
1.00763
-0.585677
3.39002
0.795007
1.74655
1.01098
1.34568
0.256148
-0.43189
1.19059
-1.94688
-0.177168
-2.13864
2.64039
0.564312
1.86093
2.62588
-0.41263
-1.8472
2.07767
0.916856
-0.0468014
-0.746131
1.48635
1.90028
0.884264
1.1545
1.25861
2.25078
2.64418
-0.0960691
2.13432
1.88143
-0.0911853
-0.324002
0.0732408
-0.141797
2.2841
-0.19618
-0.75138
0.996955
-0.861402
1.30816
0.812404
2.23797
0.699466
1.12477
-0.0532413
0.249515
1.51982
1.5173
-0.152061
0.00299813
-0.516109
0.827008
0.692265
0.776242
2.1581
0.18315
-2.88448
0.442168
1.61569
1.25087
-0.0795009
1.21397
-0.293419
-1.02946
0.541061
2.66547
-0.443265
0.522851
0.351027
1.16701
0.657128
-1.03015
-0.635412
-2.58607
-0.731341
-1.59567
0.877042
1.45855
3.10579
1.17619
1.19459
-0.023496
-0.772045
0.487094
-1.38773
-1.22021
0.280566
-0.012805
-1.07103
-1.21345
-0.425778
-0.459897
-0.0247908
-1.05746
-0.290809
0.623554
-0.714796
-0.0775712
0.193349
1.77446
1.20447
0.350188
0.970875
1.45373
0.561202
0.761638
1.03632
2.03554
2.5575
0.95164
0.617521
-0.0972881
0.0135294
1.90845
0.23191
-0.510716
-0.731126
1.65627
0.973267
1.59299
0.263279
-1.15368
-1.18446
-2.92449
0.652801
1.19313
0.822445
0.956848
0.885672
-0.53856
-0.632712
1.12095
2.24372
0.315122
-0.96613
-0.055431
1.13282
0.553794
0.659476
0.967878
1.75293
-3.74572
1.14203
-0.113511
1.9315
-1.97889
1.65217
2.07148
2.16921
1.95166
1.86142
-0.897697
2.82833
-3.53336
1.68951
1.76505
1.53923
-0.118581
2.09453
2.29049
1.34831
-1.37837
-0.958508
0.635778
1.40622
3.94475
1.80153
-1.25163
-0.916087
2.18447
0.0757464
-0.267883
-0.11466
-0.146773
-0.278703
1.35119
1.26526
-0.170175
0.957671
1.1971
0.172018
2.15244
0.253367
1.69188
-0.554633
0.129955
1.59596
2.36555
-0.318054
-0.277594
-1.38587
0.867993
1.57506
0.240303
-0.546654
0.263022
-2.33164
-0.82863
0.0611206
2.22552
1.35533
1.64294
1.69246
-0.122037
0.661118
-2.72037
-1.45499
2.88168
0.436489
-1.20879
-0.298173
2.19715
4.09021
-0.44368
-1.91964
1.06156
0.0440521
1.88932
0.854052
1.69278
1.07662
2.22284
-0.637705
2.09824
-0.831591
2.2955
2.14644
0.0221357
-0.256418
-2.42417
2.71745
1.16733
-0.737148
3.17885
1.74536
1.74667
1.0088
1.24782
0.474629
-0.129274
0.656499
4.5764
2.51033
-0.877796
0.586761
0.231644
0.995686
-1.36403
0.446637
5.19511
1.49043
0.524237
-0.0327784
-0.662294
0.0278435
0.471325
0.524046
-0.146827
0.131523
-1.77491
2.3247
0.170236
-0.514283
-0.696216
-1.56791
-0.999175
0.049975
0.50968
0.325482
-0.24037
0.648745
0.805819
2.78221
0.0881356
0.922753
0.897192
1.63767
-0.315369
-0.303525
2.16334
1.55559
1.54541
-0.663366
-0.903735
2.19455
0.319432
0.171504
1.17512
-1.78648
-1.15217
1.56033
2.29983
-1.92035
-1.21238
1.4854
-1.0485
1.22165
0.75986
0.130322
2.79693
1.02758
1.78555
-1.18098
-2.26761
-2.47336
1.69379
0.336194
1.65709
1.05274
0.233415
-1.51726
0.780651
1.24795
0.10376
-0.248982
-0.733435
0.75579
-0.259073
2.40324
-0.66702
-2.99849
1.60921
-0.478067
1.66362
0.678026
-0.240312
-0.161224
1.9619
-1.54421
0.460189
-1.52663
0.922655
-1.59261
0.845166
-0.0960002
3.15541
0.0677896
0.303403
-1.55033
0.122919
0.18846
0.321235
-0.277863
0.0271886
2.41071
0.30186
-0.941477
3.09585
0.48211
2.5489
-2.05263
-0.679642
0.815492
0.703893
1.29933
-0.912906
-0.382664
0.421578
0.945502
1.83174
1.41584
-0.905819
-3.13992
-0.848868
1.905
-0.247127
0.785991
-0.164487
2.18724
0.780876
1.55156
-0.552266
0.489006
1.94698
1.00496
-2.17016
0.823206
0.196738
0.140735
-0.0795231
-0.718966
-3.44633
3.31124
-1.00478
0.288655
-0.0964191
1.05633
-1.08341
2.22445
1.12846
-0.196423
1.54773
0.332173
3.63779
-0.166498
0.449106
0.505042
-1.34907
2.65039
0.861213
0.154065
0.172472
-2.49329
-0.521564
-0.440713
2.98816
2.3932
-0.470683
-1.49112
1.20843
-0.0664092
0.266001
0.823304
0.120664
-0.870224
1.06252
-1.13958
-0.965779
0.563278
0.0384001
-0.141035
1.65926
0.00507542
1.77559
-0.945507
-0.6224
1.19903
1.89291
0.325644
-0.293542
0.875424
0.336566
2.56174
2.21487
0.43032
1.3793
2.61364
-0.677269
0.831123
0.3344
-0.992764
2.01236
0.163607
0.0892619
0.895417
0.975594
0.740248
-2.22925
-0.752599
-3.79352
0.0918812
-0.746279
-0.827232
2.02504
1.68462
1.90018
0.232663
0.356038
0.40441
-0.51028
-0.717199
-0.0618202
-1.88382
-1.39514
3.03352
-0.234352
0.916554
1.63171
1.21235
0.151029
1.61213
2.04017
-1.89102
-1.99666
-1.9695
-0.887882
0.646637
0.780328
2.17371
1.1654
-1.34342
-3.66127
-0.157287
-1.90819
-0.179364
2.18613
-0.343331
-0.215556
1.13023
1.83387
-1.51447
-0.171969
2.05381
-0.93846
-1.38619
-0.744802
-0.314153
2.02115
-1.00989
3.09847
3.27982
-1.37464
1.60703
1.38531
1.69674
0.761135
2.4742
3.12563
0.997161
2.03123
0.911277
2.40928
0.241074
1.63359
0.359623
1.26676
0.232806
3.49597
2.27137
1.32208
2.60136
2.02447
0.97422
0.498672
-1.91542
1.47099
0.985245
1.01207
1.96891
2.78772
2.82922
0.688415
-0.813778
2.0456
0.197254
-0.466297
0.590584
1.24202
1.31111
0.162468
0.390321
-0.745362
3.36717
2.75095
0.81612
-1.63516
2.53275
0.467338
1.18629
2.51156
1.124
2.43948
0.434712
-0.128698
-1.08706
2.26561
-1.74565
-0.0408286
-0.987593
0.657588
-0.937359
-0.730009
2.02269
1.09398
2.96354
1.05921
3.21644
-2.34972
-0.356292
3.37005
-0.878283
1.15804
-0.691165
0.0229627
2.46585
-0.210429
1.22939
-1.10437
1.26808
2.22545
0.471338
2.42094
1.38772
1.26345
3.79384
1.52166
4.67401
0.306667
0.79733
1.43104
0.493986
3.35719
2.16032
0.172218
1.93323
0.673268
1.28666
1.08457
2.4818
3.06709
-1.25418
-0.562189
1.70623
-1.40785
1.51908
-1.03529
0.745647
0.566124
0.764207
2.45341
2.66
-0.00716622
0.562512
-0.268347
0.180895
0.603919
0.797662
0.106601
0.424148
-0.879913
0.40356
2.16364
1.66803
-0.0029169
-0.694321
-0.617019
1.8821
-0.188243
-0.473099
1.46994
1.13757
-0.502015
1.46963
2.10251
-0.238722
-0.141351
-3.9316
-2.25991
-2.13438
-0.272042
0.518137
1.13637
0.87869
-0.232906
1.16716
-1.73922
-0.458368
3.71279
3.46248
1.50573
0.93561
-0.756658
-0.584144
2.21349
-1.08872
-0.147379
0.24083
1.00068
-0.10992
1.42091
3.33534
1.16684
0.973243
0.620487
0.915945
1.86593
1.30444
1.51476
-0.0100202
1.24197
3.02344
-1.48587
1.89878
1.65783
0.454681
-2.50245
0.673326
1.29004
2.26436
0.332679
-0.154488
-0.966599
2.16992
0.0517195
-0.870408
3.09283
0.576904
0.900884
0.963801
0.861549
1.38826
-1.92282
0.39237
-0.561963
1.88448
2.93785
-1.85555
1.04496
-1.01742
1.88597
-0.857542
-0.498457
1.2296
-0.974116
0.0579837
2.35749
1.06342
2.0459
0.229928
-3.13143
2.19986
1.48759
1.85291
2.26659
0.818758
-1.99789
0.0678718
2.42543
2.22381
0.257073
-0.995058
-0.448748
-1.03447
1.37193
1.31515
0.455766
-1.13504
-0.218295
-1.20824
1.72082
-1.21777
1.87068
0.648114
0.248102
-0.0653593
-1.24244
0.616001
0.670364
-1.29461
-0.337139
-3.21106
2.04578
1.82445
0.691252
-0.0483528
-0.347844
0.879628
0.70584
-0.534768
0.250967
1.30931
3.47537
0.788634
-3.3038
0.599768
0.220844
-0.320046
-0.27333
2.14978
1.83093
-0.462612
-2.54865
-3.23856
-0.485004
2.17869
3.50228
-1.26719
-1.21401
-0.151048
1.94716
1.81115
-1.76906
-0.0581385
-2.6726
0.585413
1.08893
0.721588
1.30536
0.0844773
-1.03083
0.55001
0.945096
-0.316234
-0.422601
1.01142
1.27499
-1.47591
2.38418
0.100805
-1.52143
2.37178
0.996987
-2.19082
0.223562
1.69145
0.44697
1.51038
3.67339
-0.992353
1.12076
2.29449
-0.547723
-1.29644
0.751535
0.907054
1.85034
3.06734
-1.20019
1.1175
0.54815
1.12097
0.396212
2.64042
0.987397
1.23484
-1.70321
0.00625029
0.395894
-1.06222
-0.636671
0.972614
0.94066
1.64237
0.00898605
1.54707
-0.906581
1.26465
3.02641
-1.76258
0.0686239
0.151442
-0.504369
-0.733917
1.46009
1.6407
2.29714
-0.0383009
-0.490525
2.5259
0.826046
-0.75788
1.99053
0.099776
0.523988
-0.648199
-0.675738
1.09059
0.568337
1.6659
1.88124
0.442028
1.38486
1.94699
-0.155969
0.349572
2.29946
-1.2839
3.22082
0.283851
-0.265198
-0.373522
-1.18389
0.64015
2.33754
1.87365
-1.04189
3.15855
-2.56674
0.60238
2.20557
-3.53153
2.07853
0.160334
0.0311936
-1.03213
-0.189484
-2.16732
0.0141664
-0.945266
2.73412
3.72295
-0.794624
-0.481002
0.63009
1.24262
0.444386
-2.15331
-1.52178
-1.5142
1.03391
0.644027
-0.504964
1.34251
-0.736553
-0.695711
1.03078
2.50068
-0.20443
2.22337
1.43896
2.27738
1.71638
2.40418
0.474986
-0.207235
1.42233
0.984803
1.26578
-0.687368
1.03367
0.556359
-0.0347892
0.528132
2.05658
-1.6945
0.523125
-0.660469
1.61344
2.09061
-0.0238432
0.226781
-0.0986298
-2.02415
0.258091
-0.837232
1.4728
0.780264
2.7689
2.08651
1.36772
4.21495
2.46307
1.53582
2.49382
2.31604
0.392273
0.18448
-2.09816
-0.363893
0.672599
-1.22496
1.65228
0.185891
-2.04387
1.48841
-1.52986
-1.04844
0.0890402
-0.620809
-2.4563
1.02225
0.363369
0.00788024
-0.0653713
1.41896
0.828565
-0.66802
2.43819
-0.780674
-0.143655
-0.589815
0.0883913
0.592335
1.1365
0.474936
-0.0760951
0.440708
1.29856
0.465447
1.56039
1.77929
1.21994
0.637453
-0.716133
2.03298
1.5759
0.563079
0.611583
2.35813
1.48881
-0.350262
0.196017
0.804166
-0.466787
1.52098
-1.45813
0.220161
-0.124655
-1.75866
-1.61334
-0.914429
1.18053
-0.275401
0.300045
2.16124
2.19861
-0.874111
1.78304
1.73233
-0.46865
-1.27035
0.670477
1.00251
-0.376755
-2.06778
0.535943
2.26922
1.35212
2.13852
-2.3674
0.727841
0.346856
0.189122
2.65827
1.36939
-3.24764
2.77762
1.14697
-0.62723
1.23255
-0.690919
-0.423446
0.46962
0.541757
0.345151
-0.802723
-0.934248
1.16816
-0.335664
2.01149
2.94811
2.556
1.17065
3.24889
-2.8482
-1.99107
0.504936
0.268526
-0.0601512
2.9002
0.0570797
1.74932
-1.72581
-1.3705
0.0600975
-1.7391
-1.41957
1.98903
-0.528717
1.97473
1.99842
-0.202645
1.53659
0.959768
-0.399244
0.198279
2.18263
1.17317
-0.768686
2.84006
0.0588487
2.37024
-1.77064
-1.77938
-0.632229
-1.08196
-0.346631
1.93466
0.223999
-1.65405
1.09743
2.02477
2.1884
1.03739
0.342988
0.4555
-1.47509
1.41731
-2.14059
-0.0291978
0.586888
0.119772
0.0148358
-0.0914123
-0.928056
-2.48127
1.30431
-0.514914
2.59658
2.27528
0.245953
-0.411553
-1.06605
-3.01141
-1.82464
-2.52558
0.510582
-0.688743
1.12924
0.999189
-0.191584
0.608236
0.414813
-0.10424
1.34739
0.162141
1.54565
0.887522
1.04727
-2.62202
1.25854
-0.386961
0.439338
1.03901
-1.15832
0.100861
1.13713
0.684429
1.00382
3.27989
1.11404
1.73831
1.49436
1.00771
0.451372
-1.58381
1.03315
1.63963
1.02235
2.08955
-0.731297
-1.56996
-0.127201
-1.49599
2.81231
-1.24633
-0.814895
-2.68017
-0.39189
-0.612071
0.441674
-0.350615
0.301398
-0.540051
0.201188
-0.454656
2.58899
0.727659
1.0372
1.21082
1.67985
-0.010476
-1.43312
1.00026
1.69791
1.00186
-0.894484
-1.3768
0.191417
-0.123938
-0.151033
-0.274073
1.04684
-0.181262
2.36962
-0.789835
0.528062
0.130185
2.88339
2.09389
0.190995
-0.760974
2.41181
-0.693914
-2.7988
-0.68661
1.28317
1.14612
-0.0426954
0.31771
-0.0391513
2.15866
0.955756
-0.713815
0.0761248
4.43982
-1.35553
1.79389
2.15815
0.578888
0.564154
1.45493
0.752963
0.947757
0.99346
2.143
1.2918
1.5853
0.617589
-0.224098
1.57104
-1.81557
0.388156
-1.76889
-1.09308
-1.01233
2.28543
-1.74421
0.109375
0.294113
1.06372
2.40697
0.622141
-0.151762
-0.278741
0.70713
-2.33253
2.12908
-0.472879
4.47779
3.56491
0.872008
2.39804
3.17921
1.56043
0.545406
1.90586
-0.992869
-1.23068
-0.548418
2.99734
1.65722
1.32786
1.55811
0.944373
0.456511
-2.11884
0.942384
-0.0660772
2.27155
0.774093
0.671035
1.23368
-0.875169
1.29035
0.846835
0.666211
1.8048
-0.0969054
2.02984
2.80462
2.88259
1.33777
0.912316
-0.277563
1.60368
1.14066
-1.29085
-1.32171
1.31857
0.850917
-1.4061
0.828164
1.23145
1.16516
-2.26834
-0.478486
-0.758098
0.733225
0.865646
0.0327601
0.00958029
-1.3808
-0.190933
1.83564
-1.8019
-1.38634
0.210443
-0.284125
0.603718
0.380437
0.888939
-2.52454
1.77045
1.31678
-1.77008
3.62966
2.04539
0.432581
0.654168
-1.98523
-0.208118
1.63355
-0.924959
1.0785
0.789414
-0.00182912
1.61391
0.941321
-1.55092
0.853956
1.78168
2.03682
-2.37239
1.26463
1.50422
0.230788
-0.476276
0.843975
0.280442
2.25419
0.165602
0.616515
0.447963
-1.70721
0.952188
2.53832
2.46383
-0.205335
-0.646913
2.14465
1.3343
-1.36069
1.05994
2.34073
-2.4509
2.30074
2.12746
-2.58163
2.27285
-0.534041
-0.907634
1.94762
3.28854
-3.7948
0.984243
3.21249
0.330164
-0.282671
2.19844
-0.327995
-0.44454
0.484564
1.85913
1.08336
-0.740767
0.497248
1.52207
0.55191
2.5521
1.29701
1.58875
-1.26256
1.35711
-1.98486
1.9138
-0.251328
-1.10594
0.407653
4.14484
0.384605
0.315805
0.265275
0.235276
1.97632
-0.425953
-0.750908
-0.487256
0.541653
3.46644
0.320343
1.96276
0.437022
1.39697
1.73083
1.72959
0.811969
-0.667661
-0.746024
1.38173
1.46674
0.421977
2.07094
3.16257
0.799079
1.44061
2.65218
1.42879
-1.86886
1.13276
0.644637
-0.270976
1.76469
-0.910583
-1.24924
0.538663
-0.800405
-0.59283
1.34657
1.78898
1.03104
1.71918
-0.258442
1.39573
-0.52656
-1.64921
0.8999
-0.57912
1.16773
-0.426822
-2.33617
-0.987002
-4.29883
0.0943181
-1.03684
1.73643
2.5109
0.0628098
3.12358
-0.181018
-1.15563
1.42449
0.290062
1.42964
2.45526
1.5334
1.21806
2.40611
-1.38395
0.725738
-0.819839
0.914853
-1.39478
-2.00782
1.01565
1.86502
-2.93996
1.28448
1.41126
1.67877
-0.408377
-0.414738
2.43082
3.11646
-0.214163
-0.461115
3.76919
-0.812085
-0.710379
-0.281833
-1.81146
0.462075
-0.3504
0.483257
0.346606
0.852142
-2.07867
2.5394
0.407166
-0.431636
0.789067
0.680369
2.21807
-1.28066
-0.980424
0.86533
-0.142619
-0.710697
-0.211762
0.390288
-0.642053
2.3906
1.9025
1.73348
0.435293
0.517777
-1.50076
-0.511628
-0.92741
2.55543
0.622836
-0.628558
-0.0775775
-1.39819
2.18975
3.03999
1.7586
0.485859
1.09651
-0.0720744
-1.36001
2.02851
