-0.0511991
-0.796105
1.19478
0.875307
1.27995
0.635329
-1.1317
0.727595
1.4064
0.724568
1.27657
-0.121613
-0.421947
-1.21587
-0.10409
0.409983
0.622518
0.171112
-0.31676
0.834292
0.661611
0.743822
-0.348871
0.460619
-0.00984674
0.82487
0.721654
-0.43458
0.885745
0.879055
0.242747
0.691656
0.255551
0.257222
0.0147809
-0.767653
0.553191
1.71062
-0.402764
0.754164
0.73105
0.684433
0.977425
0.839363
0.142772
-0.00094691
0.924627
-0.610885
-0.0224731
1.29753
0.65831
0.641108
1.08676
-0.198035
0.358233
1.4004
0.121461
1.77038
2.05801
1.03407
0.540352
-0.152925
-0.84693
-0.233486
0.0647019
1.04406
1.16495
-0.277943
1.00464
-0.317223
0.0583704
0.833296
1.58145
0.744738
-1.02736
1.20332
-0.252293
0.659409
-1.18266
0.175731
0.113793
0.539871
0.401525
0.00604371
1.0852
-0.431911
-0.629313
0.468442
0.280309
0.394803
0.225734
0.172885
0.809493
2.11935
1.79991
1.11455
1.87551
-0.846974
1.00361
0.592993
