0.238196
0.246559
0.0181426
0.119152
0.0351599
0.0715111
0.141315
-0.0406988
-0.147648
-0.255664
-0.234791
0.0864919
0.248536
0.242258
0.376531
0.265051
0.3605
0.397224
0.496744
0.449833
0.417707
0.736985
0.731045
0.533556
0.308455
0.367737
0.191741
0.144217
0.239489
0.0939022
-0.0344361
0.190507
0.120125
0.147459
0.304606
0.373959
0.237222
0.0847178
0.233457
0.311592
0.231511
0.0786883
-0.294244
0.116986
-0.0312968
0.0504582
0.0886881
-0.0281605
-0.107996
-0.211389
-0.409075
-0.841129
-0.536694
-0.592911
-0.357281
-0.480273
-0.275088
-0.140042
-0.189654
-0.121711
-0.164665
0.0808081
0.0611694
0.288223
-0.102662
-0.129396
-0.112837
-0.16683
-0.347218
-0.170947
0.0799568
-0.224377
-0.482297
-0.457133
-0.593734
-0.932809
-0.875548
-0.912817
-0.597766
-0.471837
-0.516838
-0.733668
-0.640819
-0.680963
-0.939919
-1.07968
-1.07173
-0.966178
-0.52298
-0.621917
-0.712227
-0.53321
-0.325079
-0.100358
-0.52252
-0.336929
-0.60876
-0.643094
-0.592927
-0.390321
-0.465768
-0.435413
-0.810951
-0.715652
-0.722492
-0.642112
-0.429167
-0.16537
-0.600125
-0.563926
-0.637349
-0.397871
-0.490097
-0.818853
-1.05874
-1.11458
-0.973586
-0.789314
-0.565896
-0.555641
-0.479934
-0.421532
-0.304241
-0.296895
-0.293204
-0.241878
-0.187849
-0.293244
-0.248141
-0.300266
-0.216325
-0.314729
-0.542162
-0.779375
-0.829455
-0.832622
-0.917678
-0.75592
-0.816989
-0.99304
-0.945035
-0.758843
-0.755144
-0.304852
-0.26428
-0.305181
-0.400044
-0.405562
-0.123454
-0.185238
0.061856
-0.0515022
-0.0302469
-0.246168
-0.357397
-0.128571
-0.249315
-0.00785191
0.0683095
0.046112
-0.280991
-0.332109
-0.0663028
-0.299478
-0.385147
-0.215761
0.0318979
0.0225713
0.178221
0.0499725
0.046023
0.223423
0.336568
0.110696
-0.0128704
0.00342258
0.13499
0.111441
-0.00157338
0.0495693
-0.0837587
0.0741763
-0.319989
-0.262211
-0.219484
-0.275773
-0.333976
-0.599086
-0.566512
-0.555205
-0.500985
-0.681545
-0.593158
-0.569952
-0.497361
-0.472788
-0.37345
-0.451437
-0.367585
-0.157296
-0.0578234
-0.0169937
0.0299012
0.20513
0.303056
0.26654
0.252857
0.184133
0.0781412
0.265944
0.25793
0.097293
0.0482582
-0.0149121
-0.103103
-0.0774543
0.161112
0.309647
0.149986
-0.0107053
0.0842788
0.151734
0.13511
-0.0209466
-0.146153
0.0355089
-0.137999
-0.295549
-0.488101
-0.604551
-0.786876
-0.825659
-0.827686
-0.867418
-1.0204
-1.07424
-0.968906
-0.990604
-0.950999
-1.15821
-0.778717
-0.757105
-0.69446
-0.720475
-0.594241
-0.587121
-0.16844
-0.199183
-0.00396855
-0.00228734
-0.191466
-0.10867
-0.148487
-0.187448
0.0233183
0.384623
0.456853
0.359824
0.683262
0.6491
0.873766
0.628779
0.267425
-0.0285544
0.143687
0.00214593
-0.158473
-0.253385
-0.0539725
-0.203144
-0.112929
-0.145408
-0.327449
-0.343537
-0.395531
-0.198091
-0.214612
-0.31992
-0.217271
-0.147015
-0.307229
-0.51741
-0.79938
-0.624277
-0.531131
-0.439558
-0.5378
-0.610179
-0.315001
-0.0888703
-0.263997
-0.540617
-0.338524
-0.395632
-0.274111
-0.515175
-0.623401
-0.753254
-0.707308
-0.954917
-1.01491
-1.25813
-0.965997
-0.894947
-0.991546
-1.18183
-1.30804
-1.36931
-1.32675
-1.21036
-0.779914
-0.626004
-0.820423
-0.847647
-0.600562
-0.364944
0.0342997
-0.398668
0.0926606
0.208971
