2.12207
0.273947
-1.40008
-0.575398
0.481647
1.4768
-0.60257
-0.471213
2.61689
0.574757
-0.849763
2.55512
-0.971209
1.68242
-0.4667
-0.194272
-0.97122
1.33095
-1.45351
2.29428
0.00687813
-0.34979
-0.844627
0.18225
-1.11521
-0.324895
-0.0942043
1.39915
-1.51291
2.1505
0.515419
-0.749799
1.43554
0.267538
1.40737
2.77246
0.461699
-1.54002
0.686591
0.847551
0.383101
-2.48924
-0.797444
1.20031
-0.470569
1.52668
0.0476419
0.531509
0.380654
0.351483
-0.992371
0.219891
-0.70841
0.652706
0.0936243
1.03677
-0.203095
2.67106
0.199822
0.0506347
-3.20571
0.262583
0.15597
0.777852
2.13048
1.67393
3.2542
2.61646
1.27239
1.52519
0.384703
-1.1659
1.32306
-0.164611
1.80695
2.01129
0.315055
1.50148
-0.924981
1.08419
2.19831
-0.384773
0.703142
1.20549
0.707449
-0.0425501
0.521387
0.459776
0.0370662
-3.00772
-0.517472
-0.88469
1.48483
0.191488
0.532568
-0.132318
3.00675
1.21125
-0.0382226
-1.22734
0.306692
-0.109236
-0.644331
-0.444089
-0.173025
0.0410436
0.242654
0.380672
1.07748
-0.601281
0.24082
2.51741
1.72787
2.7649
0.517432
0.386377
-0.0623915
1.97705
1.21912
1.55594
-1.95204
1.26412
2.44557
1.70717
-2.67829
1.47691
0.139147
-0.976764
0.595078
0.36844
0.360043
-0.537279
-0.433779
-0.174715
2.20404
1.52908
-0.143648
2.24831
0.0508774
0.0916945
-0.0611548
-0.0206299
2.13671
2.4103
0.651612
0.148271
1.97654
1.32779
1.20737
-0.467164
1.07612
-0.871306
-1.46439
0.811168
-0.648084
-0.323808
0.597058
0.617443
0.209572
2.00058
-0.532621
-0.129914
-0.311467
-1.15326
-0.289083
1.44371
0.510403
0.163279
0.813167
1.70004
1.47238
0.417947
0.775551
1.06771
-1.44082
1.03564
0.929301
0.730242
1.08677
0.247033
1.83383
0.289314
0.785332
1.31639
0.906797
1.58655
0.843117
-0.0592264
1.16805
-1.07328
1.3111
0.55023
1.14051
0.77545
1.46031
3.05658
0.924156
-0.650863
0.378866
-0.878879
-0.733795
1.78663
-0.559166
1.60297
-0.0185588
1.91691
-0.7158
-0.778899
0.110072
2.07789
0.370138
1.40891
-0.629082
1.42946
1.59392
-0.0798348
0.136555
0.573358
1.2762
1.78424
-0.455104
1.96212
0.981093
-0.408819
-0.310792
0.674905
1.23666
1.03482
1.77692
1.45062
0.165502
1.81818
2.45583
0.235188
0.0760909
0.724986
1.64635
0.00704877
-1.25069
0.257497
-0.410353
2.42632
0.657708
1.58444
1.60853
-0.248848
1.19397
0.16036
1.69089
-1.2357
1.77553
-0.769719
-0.650834
2.37557
0.193324
0.960865
-0.453355
1.13177
2.06267
1.6181
3.02655
0.512343
-0.191639
0.416514
-2.24224
-1.44939
0.739076
0.783491
0.0146209
2.25863
1.98162
1.32593
0.527621
-1.80476
-0.451635
1.34369
1.02527
0.25934
0.530619
0.356681
0.0675059
1.82985
-0.455182
0.887517
1.12783
2.85608
0.222632
0.150332
2.27496
1.0847
-0.755909
1.57095
0.603556
0.571367
0.0230318
-1.58801
1.5735
0.78673
-2.82545
0.119259
2.48238
1.30483
-0.0615893
1.04011
-3.4371
-1.38731
-0.864169
2.26038
1.06917
0.833759
0.633019
0.21192
0.543927
1.23483
1.94035
1.10261
0.836182
0.795072
-1.48711
1.84793
0.778504
1.68677
0.300312
-0.712779
-0.357654
0.0649375
1.0746
0.526999
1.74765
2.62566
0.94279
1.3963
-0.731822
-0.353231
-0.7487
-0.174242
0.796149
0.944119
1.01176
1.71767
2.31329
-1.27337
1.74303
0.0894922
-0.388374
-0.848972
0.472471
1.34795
-1.28119
-0.0770606
1.3041
1.09741
0.759116
0.132546
0.579388
2.74639
1.27366
1.06255
-0.142441
2.18528
1.78341
1.85347
0.191081
1.28144
0.272591
1.88205
0.544865
-1.55992
-1.23955
1.00616
1.87011
-0.663264
2.34571
1.08299
-0.904377
-0.253464
-0.241456
1.26526
-0.509849
0.63971
-0.949613
1.02548
1.76288
0.833988
-1.33927
-0.457977
1.12443
-0.673485
-0.362673
1.94521
2.38801
2.29987
0.84914
2.36075
0.938147
2.36076
0.883192
1.56675
2.75993
-0.593503
0.757448
1.02456
1.57282
-1.64917
0.899808
0.98038
0.0727423
0.17348
0.638013
0.466199
-0.328689
1.43373
0.776897
-0.922528
0.128444
1.45843
0.85841
-0.115578
2.34139
-0.710055
1.84988
-0.127155
0.778665
1.11236
0.892576
2.54394
-0.317037
1.55727
0.750619
0.373136
1.20663
0.73801
0.811531
-0.205862
-1.18198
-1.04336
-0.330682
1.02577
2.99474
2.04781
1.334
-0.17709
1.18591
1.10734
0.7843
-1.55742
0.303802
-0.481981
0.0437328
0.626386
-0.449862
2.25561
2.53031
0.408284
1.61343
1.58517
0.575457
0.425977
0.198059
-0.158978
1.00072
1.81359
0.788863
-1.74046
-0.163034
1.12678
-0.862139
0.724319
2.02571
0.299345
-0.427641
-0.958889
-0.444024
-0.344458
2.64387
2.12223
-0.816247
0.440065
-1.43339
-0.0441027
0.681631
0.519074
1.12096
-0.582575
-0.214595
0.34415
0.248967
-0.642898
0.735278
-1.33429
-0.455829
-0.61518
0.192208
-0.341777
0.746999
2.19117
2.06093
1.1454
0.762362
-0.821685
-1.94861
0.445791
-0.841346
-0.31967
0.219497
1.61249
0.605273
2.57921
0.717379
0.327233
-0.665447
-1.10919
-1.57957
-0.0286589
1.44945
2.24078
-2.47145
-1.01369
-0.0909467
-0.401454
-0.0163477
1.0693
-0.607506
0.695298
1.54422
1.47343
0.401776
-1.00817
0.187348
1.88851
1.97143
2.17816
-0.34
2.27349
0.140158
-1.52915
0.154828
-1.33703
0.309292
-0.631361
1.1106
1.20118
-0.253336
1.3614
1.01368
1.37653
0.120071
-0.720244
1.10451
-2.25015
0.0752012
2.53044
-0.257277
2.99088
1.03358
1.01114
1.06233
-0.598608
-0.217555
1.21407
-0.389788
-1.91158
1.84222
0.987047
-0.200845
-1.11489
-0.670353
2.04202
1.20469
0.77096
2.42447
1.35835
0.601284
0.608119
0.332328
-1.25256
2.04487
0.364432
-1.55705
0.0511326
2.55743
-0.690388
0.0389249
0.58961
1.11125
1.74206
0.810879
1.35611
1.75308
0.98467
1.27355
0.75317
-0.354978
0.431534
-0.717743
1.6079
-1.24779
-0.332603
0.946744
0.943052
1.30073
0.547549
0.155814
1.18614
1.0581
-0.181756
1.11857
1.18847
0.572969
-3.4404
-0.581418
-0.777822
-0.137065
1.85602
-2.14877
-0.577179
-0.432591
0.291744
0.244603
0.558582
1.45077
2.22225
-0.353562
1.35785
1.94496
2.0076
0.0348067
1.84923
2.33871
0.375139
0.217076
1.47359
0.203716
0.427289
-0.180279
0.807844
-0.12269
1.8811
1.2451
1.12444
-0.531631
0.107387
0.0649119
-1.25594
0.0486497
1.85035
-0.667847
2.67501
-0.753553
0.809211
-2.52935
1.31715
1.39781
-0.246322
0.559264
-0.224458
0.9811
2.27035
-0.238475
0.322371
0.0081458
1.09752
0.242937
-0.821293
1.18455
-0.383247
1.05318
0.299293
-1.4265
1.9204
1.40224
-0.905137
1.0607
1.44541
1.39001
-0.553058
-0.229743
-0.142761
0.501545
4.05617
-1.06202
0.38088
1.40213
1.70353
-0.24245
1.06274
0.339802
2.10495
-0.145427
-0.325923
0.193778
1.7309
-0.731505
0.273736
-0.429541
-0.479799
2.12274
0.63346
-0.713045
0.843293
1.78929
1.35398
-0.445585
-1.62724
-0.892678
2.27126
0.29594
-0.15653
-0.349575
0.0713915
2.77966
-0.52445
-0.463907
0.840107
0.994291
-0.222144
0.82298
0.846622
-0.009627
0.138401
1.5127
-0.413289
-0.0926308
2.04856
1.49028
1.04364
0.442289
-0.258089
0.117516
0.140078
-0.0367496
-0.870774
0.0279197
-0.119916
1.58746
-0.23762
-1.61759
0.62061
0.311504
-1.66153
-0.387676
-1.36924
-1.78329
0.0953783
1.43536
1.62124
-0.602784
-0.177711
1.45357
0.987606
-0.188029
0.567154
-1.70174
1.0894
-1.52869
-1.13741
1.64172
-0.272634
-0.473151
-0.646967
-0.674582
-0.00132647
1.91672
-0.811397
-0.238096
-1.12613
-0.382151
1.12848
-0.91434
0.195605
1.5556
0.0213956
0.676974
1.84394
2.01023
0.878999
-0.145201
0.325115
0.857099
-0.152987
0.0785049
1.17337
0.00703472
1.85358
1.75837
1.21989
1.85416
-1.0113
-0.484923
-1.06182
0.645537
0.952371
-0.209761
0.213922
1.15232
0.61595
-0.212708
0.653045
2.76962
0.31316
-0.992094
-0.961676
1.23752
0.660135
0.0887975
0.91124
-0.147123
1.4371
0.0695006
-0.601645
-0.197788
2.23886
1.24862
-1.6506
0.316637
1.84745
-0.746111
0.318583
0.365328
2.39946
0.774544
0.241206
0.933768
0.285451
-2.12817
-0.327883
2.13661
0.812887
1.66697
-1.11907
1.83393
1.12397
2.40949
1.72505
0.406061
0.504342
-1.07034
-0.303731
1.28753
1.34632
0.582925
1.21529
1.44512
0.162936
-0.545685
-0.121909
1.61584
-0.646404
0.240379
0.174501
2.911
1.77349
-0.131327
2.09651
-0.261124
1.47873
-1.89727
-0.0906744
-0.14185
1.11004
0.33268
-1.10631
-0.0511789
-1.48869
1.22339
0.295244
0.0151158
-0.709076
0.109406
1.41697
2.63562
1.05134
0.489347
1.02117
0.583344
-0.168992
0.261417
0.756244
-0.302355
-0.0638461
0.198385
1.52788
-0.157211
1.40193
1.37153
2.15357
1.14294
-0.990465
0.934841
-0.509776
1.4475
-1.89446
0.839142
1.84322
-1.78883
0.486684
0.947412
-1.19403
0.245073
-0.221447
-0.140758
1.37577
1.11146
0.615482
-1.38131
-1.07638
1.33592
1.94362
0.656179
0.511978
1.46307
1.11785
-0.0816724
0.698333
0.866479
1.6459
-1.2921
1.49233
-0.232153
0.496731
0.657406
3.79424
1.49257
0.379102
0.180098
0.141405
-0.160038
0.401569
0.363138
2.10111
0.550206
1.29147
2.14598
-0.36819
-0.832816
-0.65225
0.204121
0.396227
0.790295
1.44627
0.23246
-2.58924
-0.120285
0.0860975
0.481686
-0.583112
0.293056
-0.34697
-0.684566
0.601143
0.770052
0.832509
-0.604181
-0.514382
0.19588
0.62468
0.307057
0.177713
1.90259
-0.254857
1.37449
-0.203962
2.55799
-0.0050816
2.38129
-0.885843
1.13663
0.240926
-0.143668
0.475452
1.5722
-0.630792
0.429542
-0.889445
-0.40255
3.07948
1.66488
-0.201257
1.21498
-0.324577
2.08224
0.744831
0.0896817
0.766922
1.30412
0.401008
0.743114
2.13022
1.99229
0.15939
0.590624
0.387261
2.2984
0.43155
0.656027
-0.508155
1.32466
0.930388
1.00738
-0.480756
0.655572
2.29644
0.64446
0.761455
-0.902914
-0.0388886
-0.240398
0.462555
-0.249138
0.931612
2.88973
-0.954806
0.575325
-0.558273
0.117232
0.485867
4.34348
1.48222
0.500819
0.118368
2.15714
1.26276
2.09997
2.10516
1.66862
-2.59179
-1.44811
0.517134
1.39143
1.27667
-0.579389
-2.06097
2.87064
1.68505
-0.630867
0.664929
1.88783
0.927722
1.52789
1.6042
-2.80946
1.70922
2.40679
0.716057
-0.425901
-0.62394
1.17842
0.841179
-0.492611
-1.76586
1.32122
1.5135
0.69039
1.39946
0.100561
0.183117
2.36785
0.714658
-1.11015
0.179403
1.86081
1.4924
0.975114
0.821073
-0.255875
-0.907099
0.684154
-0.312304
-1.62984
1.84105
0.151293
2.06692
1.51286
-0.559909
-0.765087
2.01913
0.491214
0.353145
1.11614
-0.0532773
-0.725355
0.718696
0.378767
0.151931
0.0104655
1.20104
0.707593
1.28174
0.221513
-0.608862
2.16537
1.17372
1.02799
-0.735747
-1.28293
1.25728
0.798325
-0.0322851
1.05876
0.268427
