-0.239612
-0.452244
-0.109535
-0.0284563
0.0505175
0.168059
0.228239
0.200664
0.318421
0.370577
0.385741
0.427526
0.462885
0.543489
0.391062
0.222068
0.272589
0.160817
0.144161
0.129774
0.0970377
-0.0255342
-0.0191981
-0.213679
-0.0540113
-0.155681
-0.192873
-0.418501
-0.412801
-0.32271
-0.542281
-0.504856
-0.464073
-0.589896
-0.749611
-1.01381
-0.698561
-0.978241
-0.824495
-0.636543
-0.43383
-0.698268
-0.793979
-0.750896
-0.852438
-0.818638
-0.536471
-0.41385
-0.408046
-0.542623
-0.537446
-0.544204
-0.706291
-0.663818
-0.799925
-0.435802
-0.604627
-0.740143
-0.828427
-0.79566
-0.625527
-0.333387
-0.343304
-0.370421
-0.652211
-0.745852
-0.819547
-0.607222
-0.490303
-0.441159
-0.472749
-0.317123
-0.387285
-0.265047
-0.406958
-0.555636
-0.493609
-0.706913
-0.655549
-0.34342
-0.299253
-0.467641
-0.276061
-0.373739
-0.247602
-0.359863
-0.555904
-0.561984
-0.510608
-0.499592
-0.25692
-0.462188
-0.614986
-0.617258
-0.748085
-0.753685
-0.566637
-0.566809
-0.411471
-0.51235
-0.78525
-0.776006
-0.911759
-1.23109
-0.890479
-0.698676
-0.640288
-0.625315
-0.574608
-0.55007
-0.350486
-0.0832818
0.189516
0.123262
0.266452
0.55306
0.586451
0.66182
0.483038
0.394455
0.344259
0.584063
0.583451
0.86239
0.703408
0.854384
0.630823
0.712754
0.846218
0.836426
0.96203
0.960288
0.739668
0.924736
0.824065
0.826155
0.834119
0.419551
0.234656
0.129517
-0.00682624
0.0111546
0.190443
0.181536
0.181825
0.26803
0.375886
0.241828
0.205845
0.23827
-0.0172897
-0.11035
0.210625
0.151519
0.0839991
0.384228
0.525288
0.61606
0.612571
0.577213
0.182112
0.276535
0.157661
-0.0646217
-0.139776
-0.230033
-0.296248
-0.483041
-0.567131
-0.788399
-0.82364
-0.683407
-0.752063
-0.577224
-0.51001
-0.544741
-0.604753
-0.735879
-0.771825
-0.840762
-0.845087
-1.00751
-0.990329
-0.921798
-0.771438
-0.75875
-1.03322
-1.09243
-1.02426
-0.72918
-0.873857
-0.668669
-0.455956
-0.321147
-0.209498
-0.119117
0.0742064
-0.0788805
-0.194826
-0.0666631
-0.100318
-0.418444
-0.462325
-0.456355
-0.519932
-0.477548
-0.422939
-0.420848
-0.405098
-0.133331
-0.0801874
-0.124536
0.023949
0.114851
0.106154
0.0575715
0.148434
0.153696
0.324045
0.637205
0.798675
0.940969
1.07347
1.03604
1.02851
1.049
0.898622
0.721974
0.791714
0.706053
0.803603
0.575147
0.505059
0.567572
0.23611
0.110967
0.482519
0.542243
0.701098
0.880813
0.985769
1.20055
1.03261
0.870381
0.779732
0.772442
0.677084
0.693875
0.970553
1.02651
1.22802
1.32751
1.03501
1.02594
1.02905
0.86936
0.967983
0.74271
0.531565
0.797185
0.81374
0.584812
0.641508
0.79137
0.887926
0.927693
0.811098
0.762577
0.713717
0.798155
0.805524
1.08294
1.04415
0.823312
0.992992
0.944777
1.08253
1.14849
1.24164
0.974378
0.770327
0.637188
0.432737
0.588834
0.599682
0.572595
0.466568
0.355056
0.170835
0.178216
0.0264892
-0.18815
-0.180659
-0.222386
-0.182442
-0.376941
-0.420582
-0.446092
-0.459731
-0.513411
-0.459516
-0.506145
-0.305971
-0.416058
-0.631718
-0.361119
-0.469916
-0.319976
-0.27924
-0.332561
-0.38323
-0.328001
-0.315689
-0.159003
0.0285219
-0.00153896
-0.131816
-0.169517
-0.391005
-0.368847
-0.602457
-0.696159
-0.571423
-0.592195
-0.319483
-0.627804
-0.563757
-0.614684
-0.564406
-0.707133
-0.991316
-0.873995
-0.642279
-0.515001
-0.445828
-0.0737737
-0.0367727
-0.0808274
-0.226665
-0.383775
-0.436625
-0.458297
-0.629695
-0.766527
-0.739726
-0.665884
-0.436984
-0.21985
-0.465848
-0.516197
-0.798986
-0.811072
-0.802631
-0.823749
-0.575109
-0.742948
-0.579637
-0.598667
-0.631605
-0.804064
-0.762428
-0.769122
-0.68418
-0.746046
-0.746291
-0.799633
-0.706721
-0.562705
-0.305298
-0.509392
-0.521167
-0.449639
-0.378752
-0.338525
-0.363423
-0.397218
-0.312615
-0.235929
-0.352105
-0.291416
