1.44728
0.00684819
-0.441999
0.470204
0.586209
-1.00653
1.27516
-0.432537
1.38374
0.458444
0.27356
0.338332
0.358633
-0.348455
-1.6972
1.82156
-1.70081
-0.921223
0.691508
0.921986
-0.310709
-1.18695
-0.440047
0.0953819
-0.502414
2.0155
2.89657
-0.882902
0.591564
-1.14995
-0.531786
2.24461
-1.78591
1.28901
1.12542
1.00536
1.22703
0.382277
-1.26
-0.372968
0.53557
0.967408
1.56851
1.7012
0.12671
1.96505
0.326477
1.1068
1.81154
-0.209392
0.384935
-0.83919
-0.207226
0.177923
-0.457855
-0.104306
0.728755
0.943637
0.785311
0.448312
-0.398108
1.04488
0.363547
0.228924
0.288362
-1.95638
-1.74452
-1.14971
-0.972263
-2.00965
1.41163
1.36112
-0.712374
0.325531
-0.714467
1.058
0.815527
0.803101
-1.48674
0.718035
-0.254043
-1.26834
2.57965
1.53602
0.636576
-0.0416621
0.465456
2.78312
0.282074
-0.455957
1.17666
-0.140491
1.85456
-0.193328
0.368616
0.682827
1.41916
2.07573
-0.500386
0.314319
1.74715
0.774718
-1.0792
1.25915
-0.245434
-1.41885
2.17786
-0.0163084
0.832745
0.694911
0.623666
-0.345396
-0.796998
-0.656567
1.6486
0.725866
-0.645228
0.00316636
-0.347135
-0.792255
0.369381
0.781076
1.40073
-0.260687
0.435128
2.10547
-0.48648
0.77449
3.22138
0.928769
-1.70262
-1.60955
0.591568
-0.205381
-1.8994
-2.45457
-0.14103
1.35055
1.0366
-0.700328
1.66758
1.04968
-0.703567
0.731302
0.978959
1.47492
1.13284
-0.0110357
1.09677
1.90246
2.35455
1.53726
0.652427
-1.11824
2.23602
0.388486
0.798484
-0.68461
2.31528
1.6746
-1.29192
0.512836
1.20838
-0.920125
2.21496
0.788333
1.03917
-0.676681
-0.175028
0.138541
0.945758
-1.09102
2.29139
1.19685
-0.453979
1.31869
0.0230567
-0.239867
-1.25543
-1.42314
0.518405
1.5384
0.241169
1.04194
1.45216
0.482007
0.531821
-0.458706
0.178851
-2.47457
-0.714168
0.36808
-0.225212
-0.271158
3.00928
-0.183477
1.80402
0.777212
0.064599
-1.3357
0.691921
-2.00651
0.324374
0.709665
0.0895539
-1.79947
1.5106
-1.0702
1.64619
-0.650549
2.0886
0.646826
-1.226
0.625501
-0.820521
-1.08957
-1.42804
2.1457
-1.16904
1.18338
-0.334443
-0.767123
0.255235
-0.744093
0.799988
1.73808
1.26466
1.10433
-1.53464
0.512354
1.78004
1.69559
1.22221
1.22598
1.99963
1.52653
-0.531733
0.702534
-0.0282554
0.606731
0.25337
0.368314
1.24106
1.0147
0.786065
-0.57126
0.910494
1.80767
-0.941203
2.61202
2.63457
-0.537519
1.34569
-0.520497
2.60311
1.93561
0.24058
0.718418
1.87339
-0.495614
0.980489
-0.389865
-1.89577
0.762808
1.11096
0.639546
1.72894
0.703265
1.88142
-0.853878
2.34798
-0.624436
-0.0641789
2.27473
-0.680693
0.309987
-1.67166
-0.191029
1.0096
-1.56277
0.835211
2.24467
0.71363
1.50034
0.596793
1.38671
-1.40024
-0.350625
-0.741611
1.90703
-0.153004
-1.48982
-1.62683
-0.17107
0.401265
-0.822129
0.28531
1.63045
1.55288
-2.42811
-0.0881391
0.751923
0.486279
-0.913651
1.56299
2.04301
0.15253
1.38767
-0.191551
1.18554
0.0670257
-0.690478
1.43011
2.33902
0.451999
0.525611
-2.12616
0.497075
-1.2065
0.706959
1.95923
0.612511
1.43663
-1.31411
0.420619
1.15254
2.3906
0.501411
-1.15436
0.244378
2.32034
-0.0770784
1.18159
-0.491249
1.05997
-0.173046
1.89348
0.97332
0.414179
-2.2193
2.16074
1.32919
-0.162043
-1.404
1.09317
-0.1338
1.37605
2.19842
-0.652129
1.06669
2.38323
1.41919
1.54981
-0.106453
0.590301
1.37384
1.13456
-0.293198
-0.597346
-0.0504612
2.42302
1.23129
-0.132278
1.40223
-1.45281
-1.04805
-0.0914912
0.0341567
-0.322816
-1.62718
-1.98692
0.93151
0.859935
2.80608
0.920629
1.86768
0.911838
2.09795
1.60819
-0.093733
2.95948
0.097491
0.296868
0.783508
1.64532
-0.30588
-1.26189
1.10957
0.00948087
0.57021
0.288206
-2.14612
1.02971
1.07052
2.81176
1.99788
1.32838
0.601858
-1.26278
1.27267
1.90021
-0.335227
0.990477
2.21474
0.629422
-0.800983
-0.388817
0.628802
-0.433287
1.13363
-1.93148
2.34349
2.07124
1.51905
-0.426817
1.8191
1.03252
-0.316703
2.04119
-0.30863
1.02339
0.895369
1.73684
0.113394
0.384083
0.122331
2.18858
-0.285772
2.19676
-1.38315
0.719636
1.26205
-0.188805
-1.12023
0.689042
2.86393
1.79459
-0.948412
2.0703
1.32029
2.02684
-0.0521591
0.190484
0.850362
0.110926
-0.190605
0.288862
-1.79771
0.964046
0.882519
1.14901
0.202116
1.24235
1.27199
0.328211
2.24452
-0.256581
-2.57861
0.484354
-0.398088
2.21841
-0.324954
1.30413
-1.11754
-1.23708
1.09348
1.58557
2.54303
0.741661
0.923233
-1.4981
1.67302
0.0395594
-0.0332852
0.939885
-2.46951
0.189164
-0.497332
2.15837
3.06016
0.787704
0.564791
0.152832
0.25743
1.06258
-0.558792
0.764304
-0.111316
1.0445
-0.820758
-0.927899
-1.72989
1.92256
-0.0919718
1.20106
1.88267
0.0788863
2.9991
2.85692
1.0152
-1.54734
-2.63742
-1.36249
-0.768074
-1.73343
-0.885695
0.800185
0.723225
0.757133
0.589341
-2.70818
-0.249689
-0.0593081
-0.740802
0.228561
-0.0726452
0.280448
1.08754
1.07127
-0.14065
-0.209863
-0.282188
0.0565657
-0.519284
-0.161261
0.545379
-1.6031
1.36481
1.75586
-0.773839
1.21896
-1.72111
1.1801
2.21452
-0.562398
2.36399
3.17155
1.13735
0.214057
1.43545
0.382311
-0.171868
0.790233
-0.136616
1.60097
0.382366
1.76716
-0.450496
1.41939
0.563958
0.292089
0.145819
2.64333
0.3718
-1.476
1.51887
0.820749
0.215553
-0.92058
1.1721
-0.35456
1.25065
-0.359983
0.523131
2.21411
0.848608
0.438264
0.277251
1.83059
0.97952
0.70891
-0.493066
1.63111
2.19936
1.02704
0.83662
2.08898
0.0646603
0.334394
0.912249
1.1647
-1.65809
-1.44987
-0.0956901
0.399255
0.695072
0.697294
0.0702902
-0.00189202
0.595265
0.246093
-0.0991869
1.55207
-2.09264
0.601449
0.930956
1.11102
1.09092
2.59743
-0.192633
1.4898
-1.96903
-0.00417231
1.10516
-0.226198
1.47972
0.992017
-0.633875
1.10359
0.387412
2.51771
-0.428371
0.561683
0.924671
1.61359
1.29754
0.0386291
0.00224131
1.69979
0.629769
2.16779
1.7141
0.238058
2.05579
-1.62615
1.22322
2.59825
1.49493
-0.89645
0.308539
0.0984137
2.05931
-0.35802
-1.54137
1.79083
1.12537
1.77262
1.25678
1.77672
1.63243
-0.367241
-1.95955
-0.624119
-0.447214
1.72021
3.55355
0.881816
2.37266
0.0719388
0.61529
-0.197977
-0.281721
0.35541
0.482506
1.23952
2.11971
0.117685
0.665971
1.35401
0.840605
1.19021
-0.388578
1.1781
3.55535
0.613799
1.77211
1.04145
1.54655
0.929354
1.86776
0.332016
-2.88759
1.14543
0.707156
1.44349
2.40767
-1.56395
1.85796
-0.497904
-0.334567
1.96896
-1.26808
-0.591188
1.27633
-0.461937
-0.711352
-1.09717
1.25778
2.03177
-0.704523
1.50061
1.24474
1.70687
2.08401
-0.27112
-0.815275
0.057172
0.527023
-2.45661
-0.833335
0.256589
0.39976
0.581535
-0.396718
-0.586616
-0.515464
0.813773
0.578836
1.36914
1.0799
0.969514
0.70417
-0.407367
-1.12557
1.50627
1.93884
1.28085
1.98446
0.504914
-0.275398
1.23056
-1.25018
-0.366142
1.22705
0.242599
-0.543017
0.559413
-0.472347
-1.03532
0.458867
0.0362453
0.235165
0.631261
0.967374
1.72883
0.999343
-0.555314
0.504904
1.66903
2.71276
2.94314
1.13958
1.58871
0.326491
-0.165471
-1.99467
1.30026
-1.06954
0.570516
1.11657
0.327855
0.677673
0.420585
0.557394
0.433481
1.37574
0.429885
0.725046
-2.26279
0.709141
0.664897
-0.124543
2.26225
0.190095
0.602514
1.19099
0.282413
-1.22318
-0.480533
0.158371
-1.65411
0.874264
-0.0179566
0.457305
-0.268983
0.748044
1.70404
-0.679331
0.411825
-0.767405
-0.50294
0.390775
1.01856
-1.20275
0.523326
2.42171
-0.867487
0.499365
3.02312
-0.184497
1.81269
0.833892
-0.131993
0.0387201
1.59173
-1.11653
-0.37361
2.46069
-0.153393
-0.170199
0.155442
0.586831
1.23261
-1.32394
-0.2003
0.1274
2.91825
0.342339
-3.0281
-1.928
-0.410628
1.27005
-0.999801
0.858475
0.67303
-1.64887
0.659566
-2.28217
0.677369
0.508637
-1.2955
1.30675
1.19466
-3.15526
-0.412563
1.38968
-1.35542
-1.58937
0.325517
0.0242835
-0.655331
-0.324277
-0.20315
-0.383735
0.822032
1.06396
-0.666238
2.01679
-0.522639
-0.217425
-0.334966
1.35241
1.80024
0.42763
1.99413
0.284797
-0.383911
0.681494
1.99401
0.903547
-0.250777
-0.540064
2.11586
-0.725952
2.07713
-3.12118
1.39693
-0.275721
1.51538
0.13154
1.70476
0.973505
1.85695
1.89206
-1.04353
-0.322402
0.41698
0.79826
-0.907413
2.5038
1.8009
1.25282
0.0863017
0.702917
2.21887
1.22749
1.13399
0.436491
0.728395
-1.37753
0.695779
0.609251
-0.666776
-0.674315
-0.432285
0.392812
-0.48694
-0.911175
0.792172
1.78838
-1.11835
-0.0245958
0.158082
0.236949
-1.91688
-1.61885
-0.861938
1.57463
2.69526
1.37011
-1.1059
0.0401174
0.0414027
0.500877
0.18316
0.617204
2.06118
0.0375491
0.864031
-0.311766
0.704048
-0.0144171
1.28655
1.39101
0.817271
-0.324309
0.662769
-0.415702
0.232287
1.0672
1.82087
1.29617
0.939437
0.438661
-1.80671
1.27179
0.362431
-0.661041
0.946387
1.58997
-0.109947
1.21449
3.31686
0.932377
0.238642
-1.26215
0.304651
-0.496534
-0.256561
-0.267288
1.06904
-0.294238
0.366287
-1.6597
-1.87069
-0.310146
-0.871095
0.421122
-1.01199
0.256458
1.30929
0.420549
-0.272616
-0.404611
1.65193
0.620833
-1.33386
0.824169
-0.480855
0.913571
1.45022
-0.264083
1.9336
-0.318301
2.08618
0.385893
2.02923
0.273415
1.06105
-0.842414
0.537852
-1.67559
-0.580278
1.92019
-0.157604
-0.95882
0.523413
1.58791
1.37173
-1.09723
0.344416
-0.121513
-1.29767
-0.00981234
-0.386481
1.05515
1.441
0.922763
-0.167145
1.48333
0.866954
0.866358
-0.809355
-0.764478
1.74366
1.40094
-0.531154
0.299531
-1.19533
-0.399827
1.80439
2.34673
0.569494
-0.318277
-0.882772
-0.0210719
-0.0333736
-0.277668
-1.27735
0.456703
0.62863
1.38853
2.6111
0.777329
0.165216
-2.21716
1.11914
0.899668
-0.0079398
-0.922383
1.41839
2.5992
-0.906317
1.51996
1.14132
1.07528
-0.8708
0.107489
0.570142
0.376726
-0.145465
-0.266536
0.993282
0.0914748
0.135264
0.230504
-0.743529
0.51145
1.28542
-1.15845
-0.120995
0.861403
0.357309
2.93406
-1.0866
0.78279
0.651621
1.17068
1.46219
1.72508
-0.516241
2.23587
-0.0602255
1.04935
0.0207359
0.550547
2.35065
1.58945
1.48953
1.66596
0.19785
-0.530651
-0.92754
1.78513
1.86681
1.46591
0.770946
1.57379
1.06318
3.19906
-1.5484
-2.33079
-0.943284
-0.776625
1.967
0.518305
1.04682
0.569249
-2.24805
2.06826
0.784641
-3.10626
0.396953
-1.2854
-0.978571
-0.274989
1.89898
-1.06391
-1.16698
-0.672199
-0.7357
-0.622823
-0.116424
1.09566
0.723224
2.32795
-0.806926
0.697039
-0.991498
3.28761
-1.31884
-0.425758
-0.939436
1.86634
-1.0609
0.224144
0.55662
-1.1803
0.620568
1.37872
1.44697
1.54005
1.00651
0.900662
1.10879
-0.831458
-0.934765
-3.14832
-0.881052
-1.27104
0.501261
1.7464
-0.10461
-0.0341912
-0.417017
1.60462
-0.238783
0.48398
1.67896
-0.904517
-0.612902
0.59203
1.32279
0.235311
-1.81875
0.590206
0.302167
1.90502
1.50351
-1.44234
-0.555549
-0.628963
2.8482
-0.847559
1.74927
2.42663
-0.0629268
0.540561
2.6062
1.59387
0.587106
0.112613
1.16041
0.707603
0.589732
1.28601
2.61213
2.37028
1.14949
-1.48492
2.73013
0.0715403
-0.0234846
1.21386
0.210586
1.64799
1.09511
1.42226
1.55524
-0.452911
0.535985
0.359356
-1.09828
1.81463
1.2501
-0.27002
-0.708411
-1.10526
0.634116
0.203817
0.699847
0.677899
-1.18185
2.21644
0.857464
0.698397
1.47663
0.596222
0.215318
2.67322
0.35458
-2.65661
0.437414
0.912745
-1.95449
0.671942
1.54478
0.133651
0.546967
0.877206
0.284008
1.74614
0.223426
1.88918
-0.154363
1.4848
0.984039
0.781517
-2.05683
-0.651094
0.0504816
0.827231
0.900111
-0.114109
0.983132
-0.557253
0.56779
0.464724
-0.347582
1.64297
0.40306
0.806204
2.44378
0.802948
0.378192
2.663
2.34857
-0.00643916
0.0362074
-0.444341
0.384256
-0.126242
2.20023
0.0277894
-0.516412
0.28123
0.837594
-0.939768
-0.298358
1.06316
0.620174
0.0108439
-0.167395
-0.0920415
1.36194
1.37441
0.300758
0.304546
0.580428
2.18169
0.793773
-0.842518
-0.0058132
0.220501
-2.19657
-0.780209
-0.984465
1.64047
-0.792833
1.06099
-0.266261
0.764802
0.497239
0.120493
1.29926
0.563209
1.98934
-0.703111
1.12139
0.63085
0.323549
1.13022
0.0350617
0.734805
1.88105
1.46378
-0.527677
1.71254
0.292015
-1.17085
-0.785915
0.898952
2.20775
-1.05532
0.112572
0.424427
-0.377673
-2.02093
0.227742
-0.355443
1.04322
-1.46167
1.39224
2.00316
-0.805331
-0.68355
0.851977
-0.728353
-0.795277
-0.297898
0.132218
-1.77503
-0.989723
2.36024
0.563366
0.363487
1.4431
1.56426
0.582702
1.29112
1.28475
-0.427792
1.51736
-1.41671
0.337028
0.592262
0.189032
0.346524
-0.316959
0.735519
1.4827
3.85276
1.83389
3.8901
-0.932758
1.19002
-0.260626
-0.769914
-0.851245
1.75164
0.600472
0.358133
2.39466
-0.279578
-1.83024
0.203187
-0.121623
-0.151373
1.91606
-0.122745
1.61127
-0.29832
-1.08317
2.61562
2.02149
0.408703
1.12967
-1.90349
2.12899
-0.415333
-0.200324
1.25851
-1.47556
-0.0538748
2.22934
0.743159
-0.450256
0.367468
0.841601
1.55942
-0.734349
-0.693101
0.552822
1.60632
0.9936
2.07857
-0.43848
0.464792
1.61921
-0.0280189
2.42391
-0.636871
0.829754
0.348812
1.65391
0.205746
2.05705
0.264669
1.03433
0.336418
-0.481577
0.533838
1.71392
0.0151043
-0.167342
-1.27851
0.546248
1.2614
1.06662
1.0938
-1.65369
0.525389
2.25508
0.222339
-1.24289
0.33067
0.383725
1.54587
1.42156
1.1804
0.0359444
-2.03568
1.81835
0.647833
-1.05218
2.81346
-1.54521
0.647175
-1.23669
0.990185
-0.739457
-0.999696
-0.994652
1.16078
1.95901
1.18877
-0.16175
2.61414
0.174534
0.3675
0.26169
1.66637
1.14368
-0.355698
0.522347
-0.621755
2.05102
2.50826
-0.416733
0.566762
-0.582111
1.2734
2.12438
-0.775012
-1.49315
0.173271
2.34804
0.785373
0.790216
0.548677
1.25123
3.13637
2.56164
0.333905
-0.373166
1.0216
2.02921
-0.0891339
-1.29307
2.11263
1.09046
0.995057
1.24353
0.833805
1.4255
-0.103898
2.13809
0.754726
0.773644
1.3616
-0.30238
-0.372036
1.09007
-0.290714
-0.35264
0.54798
1.01479
1.9868
0.0609056
1.06504
-0.716042
0.680432
2.06528
0.79617
-1.34443
0.42998
-0.156318
-0.369764
0.808035
-1.01087
1.77344
-0.00876459
-0.355887
0.352248
-0.841323
0.15874
0.925664
1.67993
2.88261
1.13542
0.322288
1.8823
-0.308396
0.170779
2.39996
2.15559
1.00302
-0.215901
-0.572394
-1.01532
1.798
0.987872
1.6279
0.479726
-0.374144
0.414638
0.988951
2.56962
0.893365
-0.751526
0.768778
0.709241
0.911038
0.693817
0.402109
2.86887
0.580919
-0.594126
0.0485829
1.16168
1.74454
-0.672616
-1.39933
-1.51944
1.0633
-0.374959
0.106626
3.14079
0.238961
0.218098
-1.4674
-0.522258
1.92864
-0.477473
-0.161184
0.316709
1.32563
-1.24946
0.643085
-0.700151
-0.645561
-0.971607
-0.293321
0.0993564
-0.0783626
-0.684093
0.755661
1.69446
2.30622
-0.566874
2.09572
0.954513
2.6801
2.59068
1.25964
0.425881
0.425573
0.117186
1.72174
1.48647
0.244691
-0.581023
0.818717
1.16231
0.415817
0.817818
-0.807683
-0.433333
-0.246949
-1.05351
-0.17177
2.67695
0.387193
-0.756882
-0.527557
-0.0696298
-0.100871
1.62491
-0.764676
-0.116494
1.36864
0.820536
-0.83996
-1.19157
-0.780659
2.54421
1.70266
0.46192
0.566813
2.22368
1.38403
0.0575859
0.789891
-2.61523
-0.836027
1.48796
1.05134
0.954203
-1.11844
0.278162
1.28922
0.9555
-0.821901
1.1903
0.140116
-0.592038
0.168385
-1.56802
-1.18976
-0.721527
-0.536175
0.243567
-0.637517
-1.35949
-2.72727
-1.42122
1.53921
1.64853
-1.03789
1.32904
-0.339962
-0.407141
0.575473
1.049
-0.0337885
0.777848
0.29024
1.63311
-1.48904
3.38295
0.124665
0.230959
-1.79791
1.38021
-0.731929
0.351031
1.45452
0.154972
-0.0724666
-0.3773
3.32722
0.649967
1.17819
-0.72208
1.23042
0.884676
1.39768
-0.495599
0.928715
1.13536
0.335355
-0.503038
1.79591
0.701425
0.978139
1.2103
-1.25218
-0.0436608
-0.830323
1.52812
1.64216
0.14363
0.523537
-1.27977
0.412664
0.777182
1.56543
1.16673
2.91222
0.381209
-0.11333
0.0164663
1.97044
-0.843976
3.12069
1.06769
1.37439
-0.526051
2.1307
1.02335
0.632229
1.33045
1.04556
3.11922
0.561708
-1.47459
1.22648
0.666238
1.02298
0.814656
1.29131
0.444345
0.685255
2.45649
-0.0330746
0.737082
-0.0810412
1.43708
1.66734
1.55474
2.2764
0.462105
1.07135
-1.7594
2.64906
-0.475044
1.00097
1.08048
0.819626
-0.180816
0.268596
-0.183854
1.23059
0.691973
1.24301
1.51554
0.966226
0.996676
1.82137
0.219961
0.75514
-0.975643
0.239187
-0.19314
2.07061
-2.85113
0.335636
2.57315
1.08791
-0.874978
0.613741
0.191826
1.35223
-0.272621
0.954139
0.0311738
0.629876
-2.3146
1.27651
-0.461123
-0.594228
2.01527
0.649518
-0.692941
2.0992
0.421102
0.35146
2.08314
0.82369
-1.03665
1.70084
0.402573
2.06691
-0.240652
0.856867
0.679533
2.77208
2.11587
0.712005
1.67623
1.1825
1.77273
2.25562
-0.0262833
2.40815
1.54499
1.87092
1.51723
-0.189084
2.96817
0.260346
0.464895
2.23963
0.409734
-0.314136
-0.249341
0.775254
0.795991
1.50215
1.62216
0.62536
-0.661094
0.152718
1.38946
0.810824
0.498598
1.34419
0.890117
-1.76303
-0.199939
0.501081
3.28379
-0.351137
1.29165
0.412438
1.32879
0.311609
1.38373
1.82955
1.42735
2.09372
-1.54415
2.52665
-1.54921
-0.188596
-0.404899
1.19991
-0.481148
0.847805
0.739058
-0.916723
0.0383062
0.333838
0.556139
1.79223
-1.60029
1.66078
0.581237
1.04115
0.593507
1.02564
1.89734
0.338228
0.299006
-0.787804
0.505355
1.1079
0.917398
3.19853
3.14283
1.56108
1.20572
2.27014
2.18739
-0.471358
-0.748216
-1.13695
0.188763
-0.615042
1.76931
2.01777
-0.0312823
-2.30404
-1.12719
1.07834
2.33553
-0.292522
-0.927274
0.7063
0.84613
1.1597
0.997259
-0.602861
0.149829
0.404508
0.323328
0.451656
1.39387
1.71558
0.823191
-0.180791
0.34497
0.376116
0.0184775
0.163626
2.4127
-0.152854
0.0823003
0.745752
2.21476
-0.949135
0.173927
1.74249
1.91073
-0.786126
1.6187
0.508306
-0.377192
1.19324
-1.83753
0.618579
-0.903199
0.149342
1.93289
-1.21528
2.28194
1.76249
1.87567
0.264508
-1.11817
1.66212
1.46846
1.36083
1.50808
0.134773
-0.082392
2.11521
2.08433
2.21019
1.73623
1.54001
2.76768
1.94138
1.75124
-0.46644
-1.05435
-0.278795
-0.681782
0.340223
-0.379183
2.70687
-1.785
0.480429
2.1529
0.694062
-1.37115
-1.02952
-0.431665
2.91694
-0.728778
1.57134
0.162362
0.939761
-0.084581
2.3422
1.03802
-1.81051
-0.505494
1.09306
1.66705
1.12242
-0.275688
0.700541
0.269542
0.34343
1.35244
1.25291
1.74057
-2.58478
1.09258
0.248269
0.542383
1.51837
0.782009
2.5631
-1.22248
1.26443
1.44908
-1.63445
-2.52802
1.23712
1.55058
0.234521
-1.02124
3.31986
2.02914
2.07416
1.04734
0.177834
0.887163
0.1807
0.988925
0.51101
1.24452
-0.819145
-2.50735
1.18819
0.42085
0.194854
-0.355327
-1.63479
1.25238
0.224248
-0.999783
-1.33718
-0.575894
0.673441
-0.415754
-0.585579
1.7106
1.30143
-0.407562
2.42389
-3.43778
0.748761
0.658213
-0.386567
-0.417271
1.34088
-0.224963
0.870807
0.335267
0.752633
-0.909272
-0.294628
0.195536
0.915797
0.626041
1.54916
1.54668
