0.537264
0.046019
-0.444853
1.37842
-1.13433
0.752337
1.02025
3.04445
-0.766697
3.23108
0.116462
1.1914
-1.05622
-0.0467961
3.02809
1.10265
-1.23302
1.13128
0.149487
1.05294
1.65216
-0.277841
0.298745
-0.993627
2.02929
0.245855
-0.326021
-0.226929
-0.117369
0.440927
0.812992
-0.49463
0.590288
-0.0217417
-2.06536
0.683706
-0.39286
-1.93765
2.22104
2.42865
-0.619344
2.18248
-0.699564
-2.97792
-1.385
-1.26259
1.08329
3.97505
-0.157032
-0.0571146
1.39555
0.790161
2.17776
3.28843
2.61528
0.339919
1.41151
0.798002
1.23264
1.68786
1.90341
-0.640256
2.47427
2.83662
0.0905507
2.26265
1.13202
0.569794
-1.2656
1.5111
-0.362375
1.00391
4.58967
0.559076
0.295594
2.68885
-1.90866
1.78677
2.38481
0.586508
0.8033
2.50745
2.51413
1.54316
-0.505634
3.37232
-0.743711
2.91312
2.77908
-2.50034
2.30851
3.46979
1.63702
1.94097
2.58695
-1.22496
0.423483
0.846868
0.782028
0.359173
-1.40112
0.948299
-0.242548
-0.213224
-1.31864
-0.660157
1.96813
0.296243
3.46807
-0.44889
2.15068
0.206783
1.37579
2.41199
1.1079
-0.346119
-0.0670041
-0.463766
-0.428322
0.823755
2.70068
2.86271
1.1462
0.45365
0.752744
2.43922
2.13902
0.939329
-1.29675
0.497119
1.75172
0.632832
-1.93787
0.606163
0.256442
1.22697
0.628207
1.65779
-1.6509
-1.33854
-0.194711
-0.483799
2.83723
1.65299
-1.37853
-1.21819
1.53024
-1.06017
-1.77412
-0.176731
1.40375
3.23442
0.960502
0.0103575
0.357116
-0.315572
-0.819493
1.05512
0.559934
-2.60011
4.65085
-1.39882
0.929771
0.735129
-1.04932
0.751562
-0.412336
0.709035
0.76346
1.53484
1.28873
2.34061
0.24925
1.24983
1.40073
3.12499
-0.956998
0.0582156
1.31179
0.5854
-0.423142
1.12645
-2.25051
-0.277541
0.981791
1.40063
-0.979274
-1.33533
1.04154
0.975457
3.74761
0.608287
0.971479
2.59887
2.81702
-2.21218
0.996327
-0.849348
-0.540111
3.6062
3.14739
1.32681
1.99346
-0.918173
-0.786973
0.481328
1.51753
-0.817898
0.888006
1.24574
0.8929
3.62791
-1.05468
2.45481
0.0038347
2.39088
-4.12817
1.9934
1.72495
1.98173
1.79579
1.26277
2.07159
-0.762329
1.65485
0.515175
0.667138
-0.110111
0.683175
0.151693
0.580827
2.67868
1.31297
1.79998
-0.538661
-0.164975
0.513182
0.5529
1.17153
-1.43354
3.02118
-0.398284
4.10955
-0.240138
1.70343
-0.233611
1.25362
-0.0756177
1.79967
4.10146
2.33872
1.95935
0.157599
1.99497
0.749462
3.1395
2.08168
0.174591
1.54063
1.86567
0.162512
-1.0007
2.15873
-0.121437
-0.914106
2.06053
0.429455
0.940907
1.79864
1.15954
-0.457889
-0.422616
1.06032
0.908984
-0.499413
1.50332
-1.27016
-0.724769
3.47965
0.224016
2.22433
0.211184
-2.28189
0.400851
2.17973
-0.13635
0.970227
1.95291
1.21776
-1.29187
0.658275
-1.42065
0.669974
-1.70114
-0.818318
-0.318423
1.18249
-0.567499
1.75709
0.287726
1.18582
0.113457
-1.35752
0.802044
-0.610021
1.04768
-1.04027
0.981777
3.00573
1.35801
0.766337
-0.65082
1.64499
2.51603
1.21997
2.11696
0.719789
-0.150014
-0.0952564
1.42731
0.028244
2.94518
-1.10007
0.8587
-0.731999
1.20679
-1.02423
3.33214
1.12605
0.680127
-0.424288
-0.634739
1.93527
-0.273889
-0.12177
1.83592
-1.12268
0.0993191
1.74416
1.31619
-1.9839
-0.934838
-0.609335
-1.46912
1.35205
-0.403514
4.32612
3.83753
0.802811
0.828485
1.05158
-0.411916
-0.61217
1.46507
-0.231618
0.0511247
-1.89238
1.04386
-1.94073
-0.287668
0.464491
-0.00336391
1.76889
0.76849
0.868969
1.5185
0.383331
-0.704284
1.21061
0.608996
0.175026
0.532618
-0.051009
-0.434693
-2.53345
-0.26448
0.538239
-1.16595
2.70222
3.3983
-3.18545
1.81333
-2.05709
2.36279
2.17046
-0.943581
1.49731
-1.96976
-0.227943
2.1803
0.740237
1.45099
-0.471762
-0.945104
4.67349
1.99994
2.90042
2.01498
1.64128
-0.232561
1.52752
2.28743
-0.549195
-0.280897
-0.821892
0.166694
1.96774
0.476845
-0.629806
2.45593
-0.410968
3.27452
2.1853
-1.04885
0.331423
-0.0486575
2.62147
-0.610693
1.51104
3.67601
-0.86362
1.55601
2.80604
0.0217032
-0.604555
-2.26923
-3.33941
0.973971
2.63908
1.82665
1.83231
1.39168
0.124706
-1.84681
1.45932
1.29056
2.96334
0.927642
-1.5818
-0.463057
-0.943089
-1.24358
-2.1007
-0.363129
2.99834
0.139217
0.00450839
0.495097
-0.0216495
-0.480851
-1.02053
2.00189
1.7946
-0.966762
1.50144
-1.03234
0.62663
2.53981
0.680078
-0.506446
-0.20583
1.74947
-0.619892
-1.23883
0.563293
3.3235
-1.73375
-0.460312
2.23304
-1.40189
1.76347
0.639032
2.3259
1.23223
1.74184
1.18178
2.47421
0.941988
-1.12235
-0.273795
1.55461
-0.470054
-0.203307
1.79883
0.130333
1.23574
2.24466
2.45183
2.2378
0.893942
1.2464
0.417968
1.03025
-1.53364
0.029032
-0.207832
2.73426
1.63869
2.77601
-0.269609
-3.16284
0.661217
-0.817045
-0.528125
-1.33466
0.383934
0.414846
3.5311
2.18759
0.436561
0.862211
2.5791
2.06047
2.08653
1.128
-0.487979
0.843051
3.44248
-0.159274
0.0669048
-1.72648
0.947252
0.232372
-0.152481
1.18624
1.73201
0.0456729
-1.17449
0.907111
1.32
2.7058
0.130321
0.760831
-0.437945
-1.27026
-0.929313
-0.987818
2.77633
0.649592
1.36592
2.04376
-1.77422
-1.53035
1.19187
2.92044
2.21482
0.28486
2.16429
-1.18014
-2.91901
1.22263
1.3239
-0.758893
-2.60653
1.96947
1.76779
-0.998454
-0.736284
-0.926599
1.75884
0.580984
0.225413
0.620805
0.927036
1.87972
2.62535
2.1438
0.649619
0.882427
2.45602
-1.02611
2.37786
-3.6156
-0.362247
0.497773
-1.32322
-1.36265
-0.714236
-1.95825
-0.38308
-1.07187
0.497088
1.61793
0.905041
-0.408214
0.415595
-1.13991
1.34789
-0.238669
-2.39395
-0.0725815
2.40885
0.0679985
0.690342
-1.10926
-1.0982
-1.45475
0.169039
1.06467
2.76249
2.50468
-0.201148
0.522473
-0.949677
-3.28091
-0.482531
-1.51767
2.74425
1.49129
1.2552
0.270578
0.0177671
-1.37653
1.13252
1.54068
1.15561
-0.24163
1.34009
2.41689
1.4553
-0.637452
0.887293
0.614666
-0.262022
1.21579
-1.26501
0.13525
0.807172
-0.126272
1.30767
-2.29762
0.740875
3.34729
0.418489
1.7115
1.07794
0.163605
0.0933813
2.30619
0.176814
-2.17581
3.0603
1.25711
2.29243
-0.137933
1.89012
-0.162041
0.768371
-0.579076
-1.96028
1.3487
-0.028628
2.95275
2.38659
1.67243
-2.5251
-1.0802
0.0260726
2.68786
1.18861
2.63544
2.07623
2.64852
-2.59286
0.0834837
1.15694
2.34149
1.69986
1.92261
-3.53891
0.205047
0.605483
0.926192
3.2464
3.91245
-0.0570673
1.65012
0.855309
1.5027
2.25997
4.48664
1.20878
-0.887602
1.49839
1.96272
1.51609
0.0400371
1.16172
0.807691
2.51289
-1.02174
1.64071
-0.0375018
0.398483
1.1484
3.60408
2.63205
-0.463362
-0.0371912
0.876349
-1.41961
1.29254
0.12933
3.01492
0.374332
-0.802387
0.886982
0.0131605
1.95687
1.57887
0.80228
-0.908174
1.72536
-0.091481
1.02502
1.09353
2.60595
-0.534537
4.90872
1.98939
0.430444
1.37367
2.165
1.69645
0.373071
2.30065
-1.34651
0.506718
3.18218
-2.6336
1.81918
1.07716
0.257183
-0.562904
0.0358775
2.89572
-0.52703
2.24163
1.00675
-2.74654
-0.760928
0.328166
2.34439
2.36561
1.09049
-1.29975
1.07673
-0.993011
0.393049
-2.61223
0.128819
0.460453
1.50401
0.423129
-0.698095
2.58051
-0.436514
2.12097
-2.08205
-0.845446
1.25842
0.774774
0.583675
0.39446
-0.116618
-1.54084
-1.24373
0.126505
-0.763811
-1.69646
1.90265
2.12272
3.1129
2.6024
1.53376
2.55522
-1.39133
0.830146
1.22937
0.768377
-1.69005
0.106928
0.719973
-1.39934
-0.362827
-0.965709
1.25795
0.460449
0.687405
1.39711
1.65644
-0.24096
-0.381268
0.0186283
0.363107
0.872533
1.15373
0.96207
1.50839
0.409899
-2.84657
-1.83145
0.199052
0.573163
0.425391
1.2197
0.514463
-0.674402
2.0341
-1.52119
0.921926
5.35526
0.589409
-0.869246
-1.65803
1.07907
1.15439
1.78656
0.534042
-1.59543
-2.04906
0.36315
-1.17414
0.540232
1.18274
1.38673
-0.32165
0.493089
-0.430902
1.45761
2.10897
-0.248339
2.85435
-0.409768
-0.674453
0.883699
-0.637469
2.71875
1.28692
-1.06425
0.910064
-0.0297902
0.24527
1.10461
-0.271874
1.57544
0.138972
1.1855
1.71404
0.620665
-2.9916
1.03394
-1.05038
-0.224809
0.349857
-2.92002
1.59761
1.37467
2.03457
2.85392
-1.25139
1.44865
1.02318
0.365933
0.654051
1.00281
-1.05235
1.46714
1.45049
0.723861
2.07683
-0.305485
-1.61141
-0.119202
0.766862
1.72857
-0.429667
-1.22425
0.140524
0.321747
1.27036
2.38377
1.46456
-1.78778
2.45162
0.416864
-0.938189
-0.108629
-0.312509
2.75884
2.55278
-1.0096
0.929599
0.496973
-0.761118
-0.815884
-0.215814
2.29887
2.17328
2.64703
0.907655
1.75201
0.31471
-0.354262
0.192428
1.82482
1.17603
-1.95973
0.342782
0.0283972
0.768155
-1.75106
1.22482
-1.7884
-0.277347
1.12927
-1.33721
1.14194
1.22806
-0.28837
-0.295272
1.38629
-2.8983
1.58724
0.119604
-0.524966
1.13506
1.02466
-1.69561
2.39926
-1.01672
3.28341
1.44302
-2.20097
2.23296
1.03005
0.645759
-0.340767
-0.298342
-0.308271
-3.16279
-2.97734
2.22747
-2.29907
-0.65489
2.15094
2.98077
2.11782
-1.12149
-1.46254
-0.0236661
-1.64563
1.87235
0.98729
-0.299291
1.64785
0.659917
1.90597
3.49141
0.770871
1.18779
1.4069
0.653132
2.02935
1.16607
3.18897
1.19116
3.55158
-2.10925
-1.7515
-1.77203
3.71729
1.51879
-0.021151
1.94234
0.662339
-0.641045
1.88749
0.654339
1.79312
-1.047
2.54337
0.660258
3.47995
-0.773395
-0.332376
0.960272
3.01751
1.43666
3.26879
2.61793
3.77872
-0.629645
2.73588
-1.10602
1.14609
1.23213
-0.638345
1.86843
0.473672
0.96768
0.331625
1.16859
1.24894
-0.735038
0.697589
0.12079
-0.307272
-1.04015
2.06669
0.116581
0.0513238
1.12257
0.943454
1.92398
2.10784
1.45399
-0.0585152
-0.547191
0.912316
-1.05882
0.680233
0.495622
-0.122175
1.58055
1.13456
2.79651
2.14348
3.11718
0.696741
0.604436
1.90307
2.25071
0.690989
0.904301
0.778611
-1.3538
0.690167
0.114635
2.45155
-0.625445
1.89928
-0.677577
0.328477
3.16241
3.00449
1.06313
2.27636
0.50331
-0.69131
0.0440076
-1.38655
1.01674
1.52867
0.749841
-0.714337
4.073
1.19291
0.189328
2.76458
4.72166
1.70332
0.0569466
1.32846
0.0343681
3.1115
-1.30579
-1.60752
2.8103
3.09929
0.642925
-1.64951
1.43286
1.83985
-0.460463
0.596939
0.507943
1.33999
1.18606
1.04771
-0.15
2.33255
-1.0641
1.93879
0.969448
2.86894
1.36369
0.686685
-0.927757
0.860519
-3.03891
-1.13383
-1.01028
0.376409
1.90895
1.42639
-3.07649
1.34223
1.61192
0.0345183
1.01749
-0.544495
-1.1294
3.04071
-0.784052
2.32455
2.58432
-0.0350123
1.53926
1.47666
-1.33363
-1.65091
0.667788
1.3861
0.864824
1.79607
0.420219
-0.637792
2.59363
2.29461
0.535771
2.51792
2.0236
-1.23318
0.340377
1.58478
-0.176247
0.500103
1.00188
1.43677
0.383631
2.69842
1.45138
-0.275017
1.30366
0.087249
2.58197
2.66348
0.589869
1.34154
-0.610084
-0.371843
0.87343
0.148294
1.26261
1.29313
1.51045
1.62163
2.72879
-0.790137
3.56687
0.368431
-1.88656
-1.33167
-1.16029
-0.910347
-0.0831515
1.78778
3.70117
1.33258
1.22816
0.672631
0.819453
0.0944065
2.48673
0.842196
1.89578
1.41026
1.58395
2.69791
1.28034
1.47079
0.334677
1.15069
-0.565172
-1.03077
-0.248076
-1.2832
0.993188
-0.633372
0.113064
0.702036
-0.321155
-1.44401
-0.450107
-0.361021
0.282881
3.36491
1.56535
-0.541112
0.405489
-0.13374
2.40903
1.99487
0.269876
-1.49749
1.51071
2.13438
2.5321
0.847256
-0.169235
1.23535
-3.21657
1.69452
-1.46994
-0.214258
0.615767
-0.177448
2.53091
0.407304
2.01798
0.522761
0.852444
0.643108
-0.0955149
1.18266
2.13567
-0.619335
0.512576
-0.836382
1.25463
2.14663
3.91195
-0.911273
1.20203
0.825673
1.72583
-0.571449
-2.4443
-0.812811
-2.63903
3.00258
4.34312
-1.22707
-0.223318
2.73077
-0.279236
2.52979
2.2868
-0.548104
1.31402
-1.51708
0.55502
0.736513
2.68883
-2.00034
1.1193
-1.2864
1.03069
-0.750811
1.33943
0.172074
0.299784
0.762749
-0.431917
0.0826141
0.409122
0.359119
0.231177
0.883941
2.50023
-0.361672
2.13087
2.04163
2.10886
3.16296
1.30383
1.34972
0.675067
2.12507
-0.535835
3.30589
3.22045
-0.266622
0.533093
3.3227
-0.309109
0.200163
2.91958
1.34743
2.49236
2.28511
0.371227
-0.284303
1.91852
-0.146983
-0.3484
0.0532207
0.385339
0.70757
0.502968
0.324886
0.613125
1.6866
0.649085
1.87499
1.859
1.80876
-0.564037
0.481394
2.51421
2.49591
0.214554
0.750085
3.43475
0.0572885
3.92031
2.46072
1.49578
2.37319
2.29827
3.4468
-1.38927
0.687286
-0.524314
-1.33904
0.543492
2.19919
0.702041
0.21681
2.79854
1.24792
1.50361
1.56153
2.63315
-1.63474
-0.259442
0.745838
-2.65032
1.31859
2.12974
-0.363685
-1.13705
-0.4453
-1.16412
1.47519
0.299515
-1.52556
0.479435
-1.19234
1.63735
1.16268
-1.86626
1.44276
2.72257
-0.932637
1.24195
0.147799
1.59072
1.44352
3.09282
1.16945
1.87267
1.26911
0.0740918
0.430074
1.68251
-0.237705
0.751778
1.87679
-0.923931
-2.02992
1.14124
-1.35833
0.620635
1.18889
-1.9787
2.80981
0.986432
2.26555
-0.298218
4.12505
-0.277103
0.905177
1.52889
0.900019
0.366061
-0.834965
0.475841
-0.801821
-0.442528
0.302385
0.958358
-0.662605
1.54074
0.0613339
0.851059
2.30259
-1.17039
1.09092
0.50093
2.17
-1.82923
-0.570789
1.63883
1.45172
1.1257
1.41579
0.820984
-0.77241
0.666654
3.57925
-1.46738
-0.270535
0.609089
0.889022
-1.1534
-0.553138
1.76321
1.26878
-0.726471
3.0462
-1.26093
2.09892
0.288548
-0.75799
1.26324
1.15843
2.39943
0.0549351
-0.507218
-0.128548
2.69302
3.07042
0.654661
0.531569
-1.13463
1.86404
-0.747597
1.31325
0.566916
-1.12334
-2.37008
1.24318
1.84269
2.23445
-1.15098
-0.255523
-0.203445
0.40126
-0.433267
-1.71185
0.991717
-0.959648
-0.769518
-0.346141
-0.959471
1.43286
0.395277
-0.0568028
1.90433
-1.13684
-0.750485
0.493914
-0.57219
1.22597
2.78009
-1.8853
0.54463
2.46474
-0.960751
-2.72784
-0.728569
0.360579
3.22296
1.33395
1.31151
-0.569907
-0.0944875
0.906737
0.0424613
1.57433
-2.11516
-0.924349
1.43587
-0.886278
0.216654
1.05627
0.0879149
0.80536
-0.260923
-0.0230014
0.429246
2.49942
-3.65931
1.42274
1.64857
-0.92199
2.18325
-1.00681
1.60495
-0.0506827
1.22857
2.10866
0.863853
0.905337
0.808876
1.4472
-0.048301
2.82938
2.00997
0.160169
0.529255
0.859003
-1.5046
0.809615
-0.205647
-0.280367
-0.724929
0.324171
-2.22605
-0.522305
1.64178
0.0348549
0.501624
0.755766
1.50777
1.09252
0.509806
-0.936593
0.229378
2.39837
0.318823
0.587489
2.96284
1.65008
-1.48915
-0.0737886
-1.48854
1.39804
-0.991376
-2.25746
0.964008
0.665381
0.0624233
-3.17465
-2.7391
1.19645
0.0498787
0.843316
0.679233
-0.681008
-0.177925
0.17275
0.319166
0.33352
-0.649862
-1.55411
-1.78828
0.249666
-1.64676
-1.58832
0.955578
-1.57883
2.2921
-1.56567
-1.42882
0.445602
-0.697513
-2.76904
0.49469
0.502582
1.05509
0.652245
1.26931
-1.81853
0.534466
-0.518987
3.57589
2.80007
2.50964
1.48973
0.322705
1.50601
0.0967953
-0.0886215
1.96441
0.778234
0.451231
-2.18736
-1.4253
0.952095
-3.21824
0.85048
0.067244
0.665467
-1.08553
-0.510919
0.86882
-0.462516
-1.41591
0.704411
1.26672
0.824855
-1.07764
0.633255
1.2806
-1.37541
2.70818
-1.08406
0.734994
1.15142
0.11656
-1.233
-1.86752
-0.572535
2.50983
-2.04117
0.341125
-1.65525
3.48066
0.485008
-0.903142
-1.31446
0.402243
5.85804
0.817083
2.03368
1.61755
-0.281849
-1.97491
0.175995
1.12397
1.13823
1.34015
-0.220499
-1.86934
1.65988
-0.0750156
-0.853891
-0.759169
0.058713
1.17377
0.988797
-1.79339
3.18555
1.96403
2.3691
-0.0440769
-1.54349
1.31966
1.05416
-2.31537
2.41873
0.600282
-1.68867
1.09829
1.10326
2.39721
-1.11224
-3.02527
0.819012
1.40007
0.984546
-2.35374
-1.09849
-0.0656628
-0.0216489
0.455846
1.30561
0.0981792
1.59006
0.372725
1.02667
-1.007
0.340419
0.734445
-0.622089
-2.09525
-0.918132
0.141392
-0.424639
1.19059
-1.18759
2.42857
0.499602
2.52491
1.2524
0.663066
-1.39085
1.52555
-2.75562
1.98789
2.27447
2.07446
2.49581
-0.221037
0.947018
-1.30527
1.09817
2.63748
0.0183595
2.07961
0.436116
1.10475
2.66685
0.0687998
1.68149
0.648802
-0.456653
1.6415
1.08079
-0.908393
1.94103
-0.0379721
-1.06567
1.37024
-1.91312
-0.114576
-1.19944
-2.18142
1.13611
1.96905
-1.16037
0.17226
0.169005
-1.05027
-2.94682
1.53189
-1.23268
-0.102163
-0.482363
0.083558
2.19626
2.38373
3.27296
1.28114
2.3343
1.61475
-0.410784
2.3136
1.21719
-0.507445
-3.99048
1.80292
0.790385
0.309059
1.78647
1.72246
1.50406
0.465937
3.75169
-0.454055
-1.47062
-1.22498
2.8947
0.586859
1.50638
-0.949978
-0.479054
-0.997572
0.879261
-0.222293
0.494005
1.06399
-0.200013
1.82489
0.223956
-0.829352
-0.757673
-0.271894
0.954841
-0.25577
-0.533271
2.88098
1.00147
-0.786136
0.286023
0.904669
-0.778723
0.834143
0.92327
1.33297
0.851795
-0.912441
0.113846
0.717596
1.83057
0.11431
0.84886
-0.0914953
3.9897
-2.38361
0.803208
1.1185
0.216569
1.37204
1.27595
2.57545
-0.939633
-2.08568
1.60286
2.49467
-1.00281
1.21871
3.2729
1.65235
3.03886
1.22856
1.86215
-0.420066
-0.0424732
0.981417
-1.22483
-0.921597
-2.9333
2.02153
1.88113
0.22072
0.761225
-1.32393
-1.00692
0.699086
-2.67813
1.78653
-0.989073
1.57912
1.94709
1.47507
-0.124605
2.92834
1.04485
0.744135
0.0294314
-1.24272
-0.290267
-0.292915
0.0846294
-0.918914
1.69317
1.98194
1.44172
0.134287
-0.185093
0.784041
0.356046
-1.25004
-0.692096
1.89683
0.328608
-0.198907
2.89216
-0.806156
-0.965104
0.625003
1.94596
-0.840728
-0.908295
0.708697
-3.19215
1.55025
2.18258
1.80986
3.16609
0.119484
2.49007
-0.74912
0.849416
-0.230831
-1.45799
-2.26307
-1.36704
-2.19416
1.0579
1.06763
2.72785
1.44185
-3.15489
-1.72065
-0.109397
-0.00181703
1.86539
-0.0307528
-0.475655
0.247637
1.79829
-0.365127
-0.466957
1.49339
1.21072
2.09343
1.20613
-0.086651
0.260181
0.682775
0.721687
0.363042
-0.496048
0.451936
1.8693
-2.15795
2.5905
3.62358
0.0176011
-1.70698
0.18978
0.877164
-0.789301
0.768109
-0.130726
-1.12126
3.02835
-0.957286
2.56039
0.547682
-2.6999
-1.78876
-1.01509
2.67604
-1.9874
4.06646
2.30586
4.03444
-0.356981
1.09253
1.12785
1.32228
1.36591
1.00585
-1.35106
-2.18289
0.491461
4.12634
1.44794
0.800604
1.49157
2.65703
2.61093
2.0906
2.64366
0.271536
2.52921
0.743606
0.0418129
1.34568
1.31828
0.402119
-2.0821
0.206393
-1.11837
-1.57837
0.458477
-1.94863
-2.27715
1.46314
2.16202
3.40175
1.14559
-0.0598569
1.22613
1.06384
-0.314325
4.12578
2.72137
0.53947
1.05943
-2.29435
0.519232
1.49691
-2.04745
-0.549308
0.873253
0.424116
0.11024
0.877898
2.02689
1.09264
0.00714386
-0.124234
2.03834
-1.11589
0.447117
0.378025
0.489864
3.42525
1.07993
0.911842
1.15556
-0.641178
2.02348
1.22676
0.290725
-0.147529
0.6986
-0.00191294
2.33129
3.02679
2.65352
-1.73602
0.62238
1.31323
3.00971
0.82367
1.35026
-1.5132
1.36388
0.865941
2.50832
-1.403
1.50221
-1.2697
0.44084
-0.869418
1.8225
1.94159
-0.20041
0.453645
-1.59872
-0.524902
-0.0100722
-3.20859
-1.281
-2.07039
-2.16264
0.0556863
0.937374
1.22428
-2.56356
-0.770526
-0.0342682
-1.13094
0.923301
1.93159
-0.806187
0.0781427
-1.35836
-0.764935
0.753107
0.332607
0.93525
-0.310793
-0.295306
2.46431
1.74568
-3.15193
-0.801097
-0.33673
-0.399313
0.983124
0.944096
-0.351092
0.412136
-2.16322
0.764237
2.79233
2.02869
0.200267
0.910565
-1.8363
-1.64808
0.444694
2.3086
1.84008
-0.145261
1.62497
-2.37734
-0.725035
-0.403767
1.70175
-0.151119
3.67443
0.6473
0.415078
1.09838
-1.30174
1.57285
-0.67583
-1.24711
0.712236
-1.82308
0.517591
0.415169
-0.408152
-2.04349
0.76449
-0.794421
1.03562
0.722884
-2.97407
-0.807093
0.667819
1.29515
0.947972
1.02861
1.35287
2.18636
1.45558
0.888383
1.35682
2.70611
0.416929
0.43588
1.48542
2.40663
-0.230928
-1.87267
-1.29829
0.0638227
-0.782494
-0.477284
1.36294
0.184124
0.121157
-0.829744
2.55262
-0.344273
1.53591
-0.5941
-0.460202
-0.688451
-0.715643
0.94247
-0.445819
-0.872822
2.5424
-2.16976
-3.08667
1.42519
-0.871764
0.427291
1.08061
2.29252
2.91022
0.0325734
3.42342
-0.637881
-0.28566
1.26967
1.00852
1.56338
2.78835
-1.29548
0.0590732
0.939039
3.3443
-1.84222
1.69802
0.671436
0.755652
0.132018
2.31547
0.440432
-0.749093
-1.69281
-0.585827
-1.22661
0.183213
4.5029
1.42162
0.328136
0.776586
-0.152099
1.16105
-0.442622
2.10837
2.61855
0.598827
0.421024
0.133768
-0.491566
4.22256
0.781666
-1.08959
1.4939
-2.70732
-0.875152
-3.46823
0.23131
-1.24489
0.329287
0.363423
-1.08775
-0.646814
1.95498
-1.43731
0.490001
2.7819
0.118274
3.1597
1.69219
0.725437
-1.5753
2.04983
1.23624
-0.791978
1.04458
1.36116
0.479529
2.01365
2.81422
0.5095
1.30385
2.31851
-0.289363
1.25721
0.831255
1.28885
1.22427
1.20385
0.340381
0.922233
2.49196
-1.77261
2.26579
-0.549131
-0.16243
-0.71831
0.742318
4.23533
0.406034
1.30269
1.21656
2.16235
-2.25114
0.982792
0.613576
1.67892
0.944918
0.395081
-1.54475
0.67387
1.46579
0.844619
0.316479
2.37459
1.94801
2.45233
0.0712103
-0.416303
1.74352
1.13449
0.199001
0.476001
1.99613
1.02783
1.59224
0.273481
0.625218
0.57826
0.81278
0.0495257
-1.75256
1.26659
0.712719
2.49125
0.845873
2.5408
-0.591905
2.54265
-1.60903
1.03632
-0.50791
1.55143
-2.86494
0.278495
0.94572
-1.4438
1.68932
2.87457
3.64391
0.17367
-1.42092
-2.63857
1.31341
-1.22328
3.72803
0.796055
-0.300229
1.30766
0.974233
-0.533777
0.297469
0.584862
2.52029
-0.675466
0.0168611
3.08571
2.36799
-0.322536
-1.07769
0.545386
1.67138
0.67841
1.31941
2.67336
0.74968
1.21636
-0.298875
1.58835
2.1864
3.11683
-1.03832
-3.45313
0.186893
-0.196351
-1.68029
0.709179
1.553
0.994295
1.45312
0.363708
1.54265
1.49584
-2.14924
-0.390278
0.105026
0.961066
1.55931
0.721187
-0.825029
2.90422
-1.11729
1.29356
0.501576
0.148386
0.202231
-0.244399
2.89882
0.49398
-1.34849
2.9531
-0.445379
3.33453
0.0625114
-1.00353
2.48793
0.362344
2.84244
1.44304
-0.549802
0.260186
-1.29497
-1.33665
-0.716196
1.1814
-0.424748
-1.05654
-2.68481
-2.19357
-0.879523
-0.407834
3.22788
1.29764
0.179273
1.35872
0.841849
0.67024
0.604602
0.953642
1.40909
-0.209878
-0.625113
1.80729
2.1747
-0.212701
-0.825505
-2.97053
3.46121
-3.22952
-1.49275
0.212025
-0.647118
0.284501
0.790119
3.56218
-0.135098
-3.00681
-0.510534
0.485717
2.10386
-1.47908
1.04537
1.08815
0.487349
1.78933
-1.10943
-0.866741
1.43002
0.396309
3.82201
1.74077
1.59766
-0.344026
2.49504
2.22089
1.67863
0.553694
-0.994704
1.53709
1.37284
3.40977
0.5833
2.66912
1.21935
-0.231716
2.22947
-1.16216
2.40486
0.38937
0.530709
-1.89783
-3.617
1.71893
0.666578
-3.14053
0.0656949
-2.34152
-0.136258
0.227537
3.34985
0.792325
-2.80189
1.06383
2.5508
-0.654923
-1.35231
-1.56066
0.702243
-0.347824
-0.689654
0.740353
0.0055599
-0.254612
-0.830067
0.874451
-1.63511
0.8584
2.6888
1.98658
0.162017
3.38871
2.79595
-3.20099
2.56108
-2.08431
1.66108
-0.536079
0.59267
1.55539
0.409597
-0.421687
-1.27854
0.57997
1.32866
1.29712
1.24441
-2.28984
1.27227
2.9384
-0.616373
2.30721
-1.24616
2.29004
1.14039
2.92641
1.88283
0.945135
1.11258
0.251507
0.271973
-1.57278
0.722695
1.78186
1.3001
1.33888
-1.90036
-0.415289
0.0726923
1.09986
0.0304824
-1.5731
-0.0307051
2.95504
0.0271843
1.44786
-4.65484
-1.33077
0.25609
0.817229
-0.604519
-0.524388
0.354324
1.45093
1.92829
2.33228
0.822079
2.09277
-1.93599
1.78209
-0.524727
-0.0984082
3.06178
3.58945
1.55887
1.18263
1.5132
1.00068
-0.0795186
0.402767
0.174855
0.284038
2.57188
1.29714
-0.634943
2.65074
1.48782
0.748424
-0.796981
-0.0167879
1.08159
0.485214
-0.923408
0.813534
2.89503
0.645019
0.814464
2.04265
2.83791
3.17944
0.972445
-0.949534
-0.496079
0.557806
0.836232
-1.90521
1.5078
1.29529
-0.984519
2.59933
1.4485
0.669823
0.213524
2.38409
-0.686485
1.27082
-0.145317
1.05778
-0.901495
0.75348
0.80902
1.39957
1.65623
2.6113
2.05476
4.31226
1.42902
2.45783
0.328744
3.37492
3.20508
0.508018
-0.439263
-2.54475
-1.18189
-1.68309
1.59344
3.79738
0.961722
0.118913
-0.728311
0.911821
0.662004
1.29962
-0.728571
0.925351
-1.83329
2.23848
1.72398
3.22761
1.36435
2.55768
1.35468
0.928506
-0.993395
-0.488052
0.964355
1.56147
1.53452
-2.82439
1.05368
1.3196
1.37419
0.834401
2.14591
2.68651
1.42295
-2.88575
0.209086
1.83694
0.663442
-1.26467
-1.84169
2.84099
1.73429
0.78938
2.18146
1.01912
0.671987
-0.868951
-0.954366
-1.02018
1.74157
-0.201881
0.618354
2.14948
1.16057
1.03766
0.567664
0.0731051
1.48769
0.994275
0.816742
-0.90031
0.378738
-1.35769
-1.60814
0.680928
-1.4981
0.728319
-0.741705
-2.03628
2.01463
1.78198
2.13671
3.0288
1.5314
-0.180371
1.02365
-0.756845
-0.638289
-0.776429
1.92792
-0.049746
-1.88755
0.28444
2.03325
0.508298
0.381349
-0.618673
2.19133
0.902428
1.10686
0.975401
2.69476
0.702464
-0.485793
0.352555
0.596561
-1.79168
0.48287
-0.683812
1.54033
0.464016
1.18366
-0.258454
0.749535
2.49882
4.07107
-3.05705
-0.829399
2.02352
1.95366
0.0670327
2.0362
-0.0640487
0.563198
1.1079
1.34943
-0.529491
-0.909926
0.698155
0.546936
3.4211
0.344313
-1.9834
1.88974
2.68385
3.52801
-4.16377
-0.59922
-0.135217
-1.29014
-0.776851
3.58894
-1.17443
1.0825
-0.499295
-1.42038
1.90204
-0.316463
0.14878
-1.38101
1.64571
0.215636
1.91475
0.87676
1.17808
0.334868
-0.698755
0.213328
-1.19996
1.47115
-2.83036
-1.01392
0.822701
-3.00399
1.10057
1.86164
-2.09682
0.80409
2.2694
-0.4772
-0.337464
1.75862
1.5753
-0.682198
-1.38048
-1.68074
1.21657
0.337157
-0.603848
0.919235
-1.74786
2.57494
0.0794082
-1.14929
2.22908
-0.373176
-1.05283
0.402809
2.24386
1.3942
2.0822
-1.77788
1.12917
0.960467
1.3499
2.13185
-0.578262
0.968836
2.35744
0.283503
-0.498578
0.910355
-0.618565
-0.582998
2.99064
0.715093
-0.97247
-2.78271
-1.10255
-0.971708
-0.164216
1.82611
0.213189
-0.345602
1.7111
-1.51425
-0.955481
0.989467
-1.52884
1.30198
-0.691475
2.54034
1.44875
0.589589
-1.33864
1.16502
2.29243
2.20083
2.18328
-0.694194
-1.01021
0.256657
-2.60682
-1.22926
0.275865
-0.48083
-0.780448
1.24527
-0.623639
0.216677
-1.70486
-2.0487
-0.985282
1.85277
-1.31269
1.66193
-1.68714
-2.98039
-2.05975
0.445619
2.79902
0.53676
0.655647
0.154483
1.628
-0.901268
-2.44463
1.18292
2.49171
-0.47984
1.95297
-0.639469
-1.54848
-0.557964
1.21867
1.37878
3.30442
0.379503
-1.04773
3.7381
0.854019
2.10107
2.86061
4.29578
1.44614
-2.23095
0.0992721
3.58857
0.23474
2.61339
-1.70309
1.43053
0.0885874
2.03441
-0.147754
1.66985
-0.44562
0.965834
-0.0149596
1.65617
-0.513971
1.08036
0.547592
1.17478
0.966503
2.09695
-2.22333
-0.811103
-0.342487
0.725276
0.163811
1.51989
2.10503
1.19664
0.512204
-0.396152
-0.625457
1.12976
-0.12429
2.47445
1.03626
-1.37762
0.610364
-0.162277
-0.699519
-0.600166
2.20253
-0.0395228
3.64077
2.02454
1.03069
2.30807
2.11611
-2.40145
-0.0762483
2.24885
1.78577
-0.22499
-0.246597
-0.282771
-0.429236
2.42054
0.344003
-1.71929
-0.747783
-1.17119
-0.677926
0.952351
2.03156
0.395498
0.0196081
-0.306372
1.07305
-0.530848
0.252246
0.834162
0.259394
-1.29614
3.06125
1.58913
2.51972
1.13938
-0.928967
1.77719
2.82084
3.49853
3.24541
0.286583
-1.87174
-0.0632325
-1.05957
0.706054
0.734262
0.80739
2.51791
-1.69908
1.06903
-0.837463
-2.89648
0.18857
0.264578
1.37704
2.09584
0.26778
1.55566
1.06683
-0.0646462
0.503903
0.210063
2.13902
-1.58655
-0.399082
-0.458837
-3.08358
-2.04891
1.20339
-0.834802
-0.491834
-3.76182
-1.2358
1.38105
-1.10648
-0.710379
1.49771
0.996519
1.18514
0.824356
2.28909
0.269297
0.442129
0.476977
0.0580253
-0.183419
1.59481
-1.71671
-1.16004
-2.4213
1.96169
1.06988
-0.179198
0.960903
4.13879
2.06906
1.52032
0.425074
0.950401
2.26184
-1.94077
0.594563
-0.772339
-0.426506
-1.06989
0.277374
2.59867
2.86213
1.04604
0.818153
3.70478
-0.0168312
2.04275
1.31743
-0.336086
-1.53497
-1.5353
2.22699
0.700245
-2.02238
0.116305
-0.135476
1.94253
-0.377164
1.97396
-0.751143
-0.814829
-0.112757
2.74176
0.397881
-0.0037022
-0.0188874
0.79016
-0.467261
0.111455
1.25199
-0.0737429
0.916745
1.09776
-0.759085
-1.32274
