1.80076
-0.0627537
0.965315
2.39074
1.31996
1.37309
0.704986
0.146734
-0.0581853
0.696821
-0.0836655
0.129667
0.154589
0.616014
0.472992
0.585825
0.157883
1.41002
-1.3151
1.99024
1.41332
0.432067
0.91027
1.05564
-2.94134
-0.105552
0.604862
0.0808849
2.0031
-0.590772
1.2538
-0.0346513
-1.02674
0.904954
1.42822
1.26406
1.28569
1.65041
-0.056326
0.641493
0.730121
-0.0127301
0.336404
0.0462375
-0.32227
1.74096
-0.471631
0.797199
-0.0442787
-0.502579
1.84676
0.492143
0.205103
1.84376
-0.211849
0.612926
-1.03357
1.32257
1.27406
-0.281926
0.304276
0.249525
0.521788
0.409204
-0.772616
0.636725
-0.162852
0.017666
0.734228
0.954655
0.4809
0.72586
0.282555
0.87844
-0.263604
1.13117
-0.727558
-0.197882
0.00854728
-1.06646
-0.0327553
0.545904
1.93148
1.69029
-1.59912
-0.555784
0.323587
2.89725
1.74623
0.781269
-0.485425
1.2098
-1.13251
0.392487
0.360321
-1.77678
-0.703041
0.200274
0.794651
1.12568
-0.466326
-0.470294
-1.63266
0.557726
1.19896
0.514919
0.0851964
-0.093727
0.289833
-0.469489
-1.04315
-0.192512
1.51267
-1.70459
-0.744416
0.00115422
0.853632
1.77546
0.416853
0.427548
-0.309494
-1.43351
0.225353
1.44993
-1.84606
0.514639
0.79793
0.820719
1.76973
-1.69679
1.38944
1.57982
-0.0881681
0.632714
1.30847
0.871607
0.616632
0.0501759
1.0784
1.20232
-1.81802
1.31855
1.63961
0.192654
0.146445
1.41056
-0.363941
0.058834
0.954629
0.268369
0.721982
-1.69171
0.870801
1.17406
0.466888
3.20964
-0.573605
2.00259
-0.611671
-1.53763
-0.564389
1.05821
-1.06761
0.897424
-1.37839
-1.26389
1.28721
0.47076
0.150678
0.0962524
1.4657
1.20274
0.635626
0.0340683
2.23241
-0.370136
-1.99532
2.60041
-0.113739
-0.23296
1.44814
1.04763
0.0474265
-1.23494
-0.473715
0.829353
1.17393
1.62195
-0.212027
1.6197
1.96013
0.864733
-0.133889
0.25555
1.07309
1.26917
0.37628
-1.08921
2.18574
2.21044
-0.115265
1.18337
0.121055
0.785353
-0.416221
0.89153
2.02326
1.07095
0.0567819
-0.540933
2.30367
0.356314
-0.894395
1.12487
-0.266787
1.09461
0.161171
1.08465
0.00321658
1.04677
0.13569
-0.0318209
0.0314557
0.254764
0.272774
-0.470489
-0.99148
1.72291
0.162389
0.550984
-0.79182
1.73089
-0.416643
0.182234
0.446864
0.162489
1.86975
1.26799
-1.45121
0.936476
0.449375
-0.264326
-0.401745
2.07056
0.000393798
-0.130537
0.122243
-0.0465734
1.21567
-0.491238
1.2157
1.35648
1.44766
1.32392
1.53005
0.846237
0.16436
0.477962
1.40407
0.0694521
0.24481
1.94459
0.515533
2.13025
0.314898
0.326272
0.868927
2.37366
1.08818
2.18697
-0.875092
1.0441
0.641202
-1.1636
0.385217
-1.23941
-0.393682
-0.426372
1.2312
-0.378656
-0.886709
0.882115
-1.84222
-2.32695
0.306618
0.816067
-1.08302
1.55669
0.074426
1.07804
-0.0594017
1.47894
0.652249
0.475536
-0.128752
-0.00959228
1.85427
0.464728
-0.0310897
2.39966
0.412971
0.82117
1.08089
-0.373972
-1.37042
-0.628784
0.573105
-1.17558
-0.748634
1.63642
-0.519903
0.832424
0.266637
2.5364
1.36442
2.06219
0.195088
0.780076
1.29311
0.406899
1.69649
-0.330295
-0.932778
0.982733
0.262573
0.0600103
0.503476
1.07392
-0.42096
0.507572
0.484248
0.467401
-0.371339
1.71661
0.277365
-0.159165
-0.199192
1.48176
-0.968318
0.0263508
0.531641
1.41404
1.4393
0.675824
1.10631
1.36356
-1.68241
-0.481339
1.3807
2.4813
1.37641
0.26375
0.505317
-1.97431
-0.353249
-0.982773
-1.09822
-0.11053
2.50101
1.06801
1.57383
-0.598239
2.00755
-0.11355
0.344606
-0.443571
0.829393
2.64197
-0.121522
-0.887658
-0.0838387
0.983319
-0.425725
-0.703067
0.817821
0.262691
0.352229
1.19831
2.67055
2.21328
-1.72499
2.51093
1.58616
2.10749
0.722637
-2.13826
1.61916
-0.914534
0.400214
0.361976
0.479974
-1.38225
2.04251
2.06249
-0.13509
1.25041
2.55431
-1.12626
0.381178
0.476604
1.96996
2.29324
0.666389
-0.450909
-0.457393
-0.920554
-0.899963
0.587778
1.02539
-0.0845432
1.15327
-0.675728
0.376693
-0.433827
1.54124
0.966312
0.443355
-0.9137
0.233238
-0.573562
-1.39453
0.240541
0.861828
-0.431958
0.495367
-0.220128
0.675142
-0.774571
1.62732
-0.745324
0.2939
-0.095323
0.549916
1.19401
-0.470421
0.675403
1.06345
1.48362
2.71593
0.916744
1.11637
0.863686
1.03624
1.26319
0.72476
-0.895547
0.502118
0.0283287
-0.475677
1.04461
1.46715
0.363376
2.77349
1.15996
0.631363
0.158487
0.595191
-0.573072
0.0446067
0.673337
0.260311
0.834801
-1.86322
-1.73377
0.818437
1.86614
1.64081
-0.386374
0.562872
0.668618
0.858459
1.2495
1.24245
0.31292
1.84787
-0.223351
2.55825
0.740703
1.38363
-0.217493
0.022603
0.986584
1.82078
-0.309343
0.54379
0.59204
1.63606
1.30516
0.561073
1.91414
1.83368
0.730283
1.44943
0.310046
-0.461484
1.02253
1.23771
3.26567
-0.240573
1.85999
0.893634
1.68809
0.00101219
-0.743377
0.866088
-0.482783
-0.145818
1.50777
0.99254
0.0513744
-0.998111
-0.781241
-0.481914
-0.312248
1.8945
0.413697
1.77744
1.42316
2.24261
0.680727
1.70698
0.824675
0.0117884
0.60219
-0.00109424
-1.36732
-1.8197
-1.43064
0.248017
1.89212
-1.99083
1.47012
0.761492
0.929321
1.92927
1.01357
0.395585
0.809987
-0.620614
-0.141568
0.113419
0.775349
-0.85045
1.39795
0.702126
-0.339172
0.0271566
0.971511
1.79132
-0.481853
-2.61396
2.81809
0.283747
-1.255
-0.883076
1.78636
-1.67282
0.913024
1.68686
1.21044
0.574004
-0.473273
0.387991
-0.648255
1.99811
0.708144
1.08583
-2.1687
0.945984
1.72977
0.67359
-0.268505
2.95808
0.4161
1.68187
2.15564
2.17609
1.18694
0.61896
0.937507
0.50885
0.274552
2.11047
0.243489
0.129891
0.255405
2.45555
0.0370189
0.87041
1.7365
-1.06401
0.711596
1.65067
0.777331
1.45198
1.46099
0.397921
2.10064
0.861249
2.10465
-0.315565
-1.18503
0.788771
-0.816481
-0.0627183
1.88959
0.945924
-1.24695
-0.188005
0.637778
0.0939492
-0.207067
1.07837
-0.0110626
0.0106821
-0.887297
1.37882
1.23434
-1.82127
0.260016
-0.894955
1.07297
0.210693
-0.984796
-0.453649
2.0034
-1.86684
0.459351
2.70853
0.0983191
-0.947513
0.262018
1.26643
0.305922
1.30399
0.389321
1.04736
0.00192267
0.188055
2.03874
1.39183
0.645717
-0.143135
0.816019
0.2805
0.253704
0.812897
-0.0254706
0.375169
0.951513
0.685642
0.783061
-1.0834
1.00923
-1.87357
-0.0122544
-0.920804
-1.26674
2.21713
0.390566
1.78229
-0.00607678
-0.608111
0.0633464
0.342556
-3.18695
-0.256329
-0.793691
-1.17427
-0.365284
0.0169015
0.746701
-0.0428484
-0.197493
-0.990229
1.23171
2.84488
-1.38421
-2.1097
0.255016
1.25564
-0.778
0.564764
-0.919773
0.246784
2.23187
1.43028
0.501464
1.0633
0.277494
0.576477
1.4928
1.3757
0.790141
1.29689
-1.53438
0.0565338
-0.744427
2.46776
-0.0250768
0.485866
1.75426
1.69552
1.82328
1.89369
-0.862596
1.6255
-0.185078
1.73975
-0.396427
2.63884
0.350314
2.49325
1.80112
0.38594
0.947366
1.00365
1.47286
0.12884
1.37565
0.930543
0.0595024
1.64713
-0.578659
-0.253896
0.232947
2.09124
0.599341
0.960422
-0.262484
0.475388
-0.0154649
0.701302
0.673798
-1.3887
-0.176738
-0.336249
-0.133728
0.796861
1.3367
0.641294
-0.319896
1.36413
-0.0281498
1.45257
1.78428
0.862078
0.950357
0.0328702
1.2745
1.01237
-1.20636
-0.614915
-1.50492
-0.866241
0.793357
-0.493555
1.54124
1.75251
1.01891
2.30354
0.578443
2.45026
0.284969
1.07244
-1.23961
1.36835
-0.304622
-0.168851
1.16605
-0.575064
0.170708
-0.0218635
-1.14695
1.34974
2.86431
0.392965
1.16148
-0.764441
0.648982
0.663037
1.80295
1.1329
-0.400876
2.54061
0.769782
1.20168
1.19168
0.664863
-1.79772
2.8727
1.60963
-1.78358
-0.503021
1.71579
1.07935
-0.40507
-0.843062
-0.0361297
0.82914
0.18078
-0.373375
0.266668
-2.21931
-0.382219
-1.09091
-1.0436
-0.8205
-0.563895
0.645658
0.92106
1.41428
-0.975353
0.254437
0.662259
-0.272691
1.07775
0.84062
0.134635
0.889667
-0.48377
1.51913
-0.270743
0.0201591
-0.704172
-0.809045
0.960195
0.716158
-0.958599
-2.17861
1.15634
-1.15974
0.878698
1.36461
0.239405
-0.0250098
-0.30726
-0.33798
0.112039
-0.765055
-0.471117
0.447156
0.32033
1.94133
0.517529
0.688879
1.21579
-1.09145
0.584589
1.32814
0.375869
1.4186
4.38948
1.22406
1.08886
0.299707
1.62351
-0.0618879
-0.747567
-0.494725
-1.07061
-1.59443
0.369704
0.203586
0.287645
0.69191
1.25876
1.56235
2.14135
0.635729
1.38656
0.292643
1.47499
1.28741
0.9448
1.43618
0.224195
1.76196
0.146246
1.3386
-0.822584
-0.574778
0.490587
-1.28162
-0.570707
2.6373
1.69169
-0.303837
0.910994
0.816028
-1.11029
-0.716044
0.738345
0.955465
0.368694
-2.4805
0.610771
0.992709
1.48183
0.00567457
-1.32229
0.478648
1.04111
0.114181
1.32644
0.481371
1.13738
-0.606858
-0.584279
-0.959253
-0.980004
0.926758
1.46827
0.602893
0.676858
1.74077
-0.126751
0.244458
0.396313
-0.142308
-0.384479
0.137101
-0.136241
-0.797246
-1.00165
0.515781
0.742684
0.949513
0.428407
1.64245
1.1178
2.64553
0.215388
-0.667425
-0.500219
-0.741137
-0.889843
1.99052
0.638337
1.4566
1.01711
1.76213
0.586185
0.0407112
1.30606
-0.683742
-0.761272
-0.167886
-0.323617
-2.26837
0.317327
1.78565
1.06213
0.25677
-1.14708
2.6312
-0.675435
0.798886
0.527937
-0.14503
-0.1323
-0.235059
1.45335
0.20779
0.436015
1.20489
2.46611
-0.252189
-0.508997
0.275863
-0.770289
0.940692
1.82735
-0.717494
-0.743223
0.537512
-0.136511
-1.8817
0.614322
2.22272
0.41991
-2.16223
1.56832
0.0425989
0.362568
0.713773
0.133634
0.191152
-0.150264
-0.803643
2.06177
1.40594
-0.2607
-0.283911
-0.107298
0.274687
1.9291
0.72907
1.27681
-0.317434
0.736458
-0.160304
0.658253
0.831864
-0.216697
1.7733
1.86762
0.507611
1.11532
0.260277
0.933306
0.192033
1.96814
1.12635
2.32021
1.46059
0.481051
2.55621
-0.254453
0.999442
1.20243
1.46711
1.37026
0.963744
1.4427
1.57019
-0.176595
1.10913
-1.06221
0.207299
-2.04823
0.515228
-1.0487
-0.86816
-0.561436
-0.469068
-2.29508
2.00474
1.27203
1.16524
0.594504
-0.464954
1.29401
-0.620864
0.684995
0.485396
-1.7974
0.292876
1.18058
-1.17473
1.48693
-0.569199
0.369865
0.231812
0.709963
1.08494
-3.05066
0.0945964
1.67554
0.756892
0.782537
0.534959
1.45791
2.56184
0.584121
-0.323655
0.213902
-1.86017
0.576777
2.31667
2.02291
0.196342
0.806145
0.663429
1.0391
2.35549
0.577392
2.43204
-1.3351
0.897704
0.517322
1.45225
0.150263
1.88333
1.35991
1.0701
2.07728
0.871189
0.0217723
-0.233512
0.616105
1.73874
2.23025
-0.455283
1.284
0.910106
0.426123
1.9046
-2.38249
0.671513
-0.448903
0.147516
1.49432
0.796849
1.08149
1.23723
0.376026
-0.748037
1.02222
2.18343
0.152437
1.44773
0.255053
2.15113
0.228263
-1.56665
0.040375
0.28107
-0.645892
1.61818
0.296769
0.608379
2.7268
1.04833
0.395494
-0.293947
1.523
0.634459
-0.493714
0.127419
0.326589
0.765508
0.147074
0.395875
1.74858
1.04299
2.5437
-0.331651
-0.419343
0.185039
1.80803
2.32744
1.96757
0.669408
0.132499
1.90766
1.27624
0.421704
1.48094
0.298827
0.962869
1.41278
0.241806
0.158779
1.62921
1.59574
0.848324
0.365339
-1.34466
1.09618
0.234425
-0.427991
0.817854
0.380535
0.204435
0.599642
1.2415
0.985827
1.40885
2.67225
0.957263
0.51659
-0.453472
-0.512582
1.20828
0.910936
1.14514
1.46672
-0.44942
0.842073
1.27985
1.31965
1.16869
1.39223
1.95501
0.197371
1.52261
-0.0985507
2.70563
1.3872
1.37193
-0.156221
0.93951
1.00143
-1.91201
0.42206
1.89972
0.819398
-0.545679
1.80664
0.876221
-0.507851
0.191028
-0.708269
-0.829056
1.32555
1.84873
-0.309216
0.171207
0.384279
1.0431
2.39498
1.6802
2.91818
0.824165
-0.920608
1.22641
1.06872
0.151343
-0.552228
0.519578
1.79935
-0.153994
0.849716
0.0239083
-0.443698
-0.220789
1.41368
1.49525
0.911358
-0.542389
0.377478
0.000536189
0.831365
1.01076
0.172307
0.879762
1.75849
-1.0092
0.0605223
0.788454
0.273369
0.134366
1.45554
0.83877
0.417922
-0.335585
-1.26415
1.20003
1.82601
0.613769
0.932629
1.36919
0.86845
-0.473318
2.11001
1.07487
1.27205
2.8902
1.05157
-1.05793
2.37982
-0.155754
1.23896
1.29544
0.733911
1.44711
0.281754
1.80723
3.06087
-0.499256
-0.136108
-0.590448
-1.21988
-2.47982
0.738893
0.123529
0.199537
-1.3018
0.161658
1.02274
-1.94458
0.930141
0.614051
1.71829
2.1447
0.122217
0.881624
-0.383009
0.284123
0.711753
0.99511
0.801368
2.00487
0.971277
1.12304
-0.235006
1.43384
-2.8811
1.21971
0.187062
-0.751154
-0.244578
1.15945
0.203182
-0.919759
-0.404192
0.29858
0.546917
0.946263
1.0134
0.76133
0.11165
-0.399883
-0.0664152
-0.986233
0.920696
-1.19414
1.25993
1.11492
-1.29669
1.44307
0.331698
-0.0169096
0.673628
2.57006
1.35197
0.572347
0.795702
-0.342676
0.471135
-1.25607
-0.306062
0.189892
0.403026
1.61709
-0.937352
2.47522
0.55961
0.124618
-1.11819
0.409323
0.572901
0.982828
2.2178
1.89492
2.87861
2.77631
-1.07787
1.72154
1.1828
1.53504
-0.521796
0.218371
2.15846
1.51248
-1.30679
1.70361
-0.487598
1.17153
0.531392
0.544071
-0.703801
0.196523
1.25074
-0.762847
2.19495
1.59739
1.87757
0.0645057
0.543228
0.0985311
3.68281
1.17439
1.78221
0.1591
0.986408
1.36544
0.854848
0.0724458
0.842751
1.01699
-0.205453
-0.172943
1.11379
0.444988
0.966622
-0.574962
-0.0843684
0.151994
-0.326559
0.409481
2.00843
0.379686
1.41224
2.33469
0.835365
1.53154
0.175779
1.67061
1.11126
1.11301
0.485326
-0.0416212
1.84989
0.440903
-3.23776
0.00292441
0.498659
2.23478
0.83251
-0.0996416
1.58973
1.98428
1.39602
1.82989
0.462011
1.08947
1.32874
-2.5833
0.773468
0.84832
-0.472805
0.241736
1.17552
-0.157981
0.75864
2.40932
1.4477
0.797528
-0.23592
1.26889
-0.580216
1.08126
-0.208077
-0.115405
0.728129
0.200122
2.21408
1.17523
1.48559
1.70589
0.61524
-0.63382
-0.415912
2.67332
0.386726
0.649731
-0.193841
0.284109
-1.48759
0.724692
-1.76029
2.33909
-0.920084
3.00704
-0.737832
-0.368166
0.984144
0.965947
2.2021
1.05051
-0.54233
2.18482
2.2176
-0.300845
0.714164
0.645204
0.632194
-0.956327
0.676472
0.710611
0.457309
0.213867
-0.555741
-0.871551
1.94227
0.615056
-0.0526769
0.477934
-0.0665543
-1.49692
1.37949
2.26018
-0.303916
-0.700523
0.309601
1.46897
1.03179
1.58526
0.471544
-0.431826
1.83237
1.09512
1.64565
0.140699
0.808391
-0.704642
0.616727
1.71505
0.370757
1.24542
1.2702
-0.635253
1.97048
0.543345
-0.00147857
-0.551076
1.45604
0.647854
1.19631
-0.63687
-0.549407
-0.313911
-0.616954
0.619896
0.417349
1.90471
0.717018
-0.673793
0.086134
1.36131
-0.110423
-0.514843
2.4817
0.672119
-1.8666
0.116473
1.38977
1.06378
-0.766915
0.776108
-1.10199
0.457513
2.01087
0.39018
-0.352099
2.62458
-1.37265
-0.00517392
-0.00213854
0.90315
0.728556
2.35319
1.53897
1.52082
2.27516
0.428741
-0.0855679
2.59073
1.83433
-0.335933
-0.17801
0.447489
2.01823
-0.296559
1.58529
1.45119
1.89574
1.14087
1.36192
1.15173
0.637821
1.72541
1.05852
1.00968
-0.81539
-0.676981
-0.100148
-0.335923
1.12843
-0.0140204
0.500204
1.43572
0.0172193
1.84035
1.86198
-0.115234
1.6804
-0.112074
-0.80807
-1.5579
0.470067
1.18894
0.648747
2.34084
0.50595
1.89371
1.62752
0.854012
0.183949
-0.884178
0.906039
0.387415
1.09867
0.264358
-0.118467
-0.205723
0.651739
0.777862
1.83355
1.13862
0.652411
2.12517
1.03549
0.377533
1.11511
-0.924053
0.483046
1.82457
0.825895
-0.0902359
-0.94984
0.439692
-0.0235129
-0.909444
1.9275
1.32073
0.83775
1.49652
-0.136586
0.705794
0.769817
1.83988
-0.669516
-1.48485
1.0714
0.2346
0.732791
1.09672
-0.953736
0.983145
0.462227
2.4277
1.99818
-0.969292
0.100254
0.561833
0.665553
2.12088
-0.263633
0.414216
-0.0818294
0.371217
-0.0556594
1.07441
0.369704
2.1765
1.05478
0.438068
0.68199
1.32118
-1.17203
0.414492
-2.94318
0.515446
2.34782
-3.24604
-0.160329
-0.928364
-1.88091
1.42066
0.629513
0.168076
1.00626
-0.128941
1.17418
1.9952
-0.741528
1.7279
2.45528
0.694972
-0.0101859
1.04448
-0.53373
0.387274
-0.397694
-1.7065
1.28957
0.661305
0.410437
0.0537353
2.36518
0.280778
-0.250638
0.461755
0.694899
2.33519
0.0192938
1.24494
0.656517
-0.800316
-0.0163749
-0.461139
-0.71375
0.210851
0.969019
1.39116
2.56331
0.0499018
-0.408691
-0.0880855
-0.745671
-0.587416
-0.0440709
0.547007
0.814849
-0.595268
0.248159
1.04753
-1.47819
1.15357
0.152081
0.360136
-5.04333
0.910992
1.03512
-0.148535
-0.452976
-0.756402
0.0764453
-0.0652176
1.54493
-0.239889
-0.0951208
-0.478795
0.398405
1.08391
2.15045
0.91468
1.29603
2.53976
-0.286102
-0.203286
0.256095
-1.0321
1.06264
1.73095
0.100326
1.37208
-0.347032
0.448348
-0.0941849
1.93228
0.0846577
-1.11104
-0.852303
0.977561
0.249156
2.30036
2.35257
-0.080705
1.70492
0.684276
0.83729
0.489715
-1.63776
2.01235
1.55903
1.3685
1.72318
-1.16895
-0.665683
0.893849
0.738439
0.0561298
1.04923
0.128509
-0.344602
-0.918146
-0.176654
0.251577
-0.371224
0.656963
0.334522
0.862682
1.61016
-0.473741
3.48292
0.785804
1.75471
2.04142
0.25942
1.60712
-0.93616
0.89514
2.22624
1.07726
0.298496
0.624373
-0.0866286
1.40163
-0.305832
1.70963
-0.843407
0.484417
0.701061
0.442427
-0.163366
0.665373
1.13742
1.57841
2.39674
1.01028
-0.7236
0.348661
1.97619
1.22596
0.225586
-0.112735
-1.42753
0.39243
-0.637814
0.337534
0.128419
-0.217635
0.571226
0.981978
1.67716
-1.1669
2.58673
1.44357
0.135196
2.38803
0.435979
2.21099
1.98837
-0.204383
1.56439
-0.79041
0.457002
0.107563
1.97775
2.25405
0.0813323
0.37377
0.00481179
-0.21342
0.642546
-0.904693
-2.57538
-0.286479
0.732849
-2.28062
0.858242
0.449946
0.425112
1.04287
-0.563271
0.369677
1.49316
1.49031
-2.2042
0.431827
-0.144161
2.56496
-1.95788
0.394423
-0.205614
0.231592
0.920143
-0.175437
-0.719564
0.41059
1.06812
-0.612754
0.890227
-0.545612
0.173237
2.65076
1.44371
0.149717
1.53016
1.48786
0.763448
0.387368
0.794562
2.81141
0.530158
1.13859
-0.850098
-0.792703
0.894023
-0.235142
-1.01398
-1.64374
1.01859
0.425729
0.972205
1.57914
2.0747
1.15624
0.207133
2.32077
-0.982642
0.0706856
0.260297
0.782101
0.299485
0.72354
-0.248447
0.131541
0.695598
0.771182
-0.0523466
0.637887
-0.604097
-0.956228
-0.081873
1.87585
1.08424
-0.0507699
1.40683
1.24383
-1.15426
-0.132993
-1.15949
-1.93613
0.514626
1.38
1.09152
1.67381
-0.467542
-0.435638
0.14503
1.9955
0.607023
0.352269
0.461906
2.39146
2.41014
0.46842
0.270229
0.0510083
-1.35871
0.609033
1.20858
1.41469
1.35873
-0.369937
-0.0490393
-1.17657
1.44176
0.875603
2.40542
0.815437
2.13466
0.732521
-0.145534
0.224306
0.16752
-0.935148
0.347785
1.86184
-0.993025
1.26939
0.400462
0.575819
-0.95758
1.64297
2.33646
2.58292
-0.136363
1.15899
0.724396
1.53585
0.830166
-0.265732
-0.674629
0.218174
-1.36922
0.646627
1.49919
1.67547
0.587955
1.40643
0.975082
-1.04001
0.440264
0.575121
-0.0242111
1.59708
-0.543593
-3.38887
-0.369559
-1.26472
0.338641
0.161349
0.11078
-0.210586
0.144557
1.94605
2.20829
1.42813
0.118006
2.58747
0.723397
0.956716
1.04642
1.45099
