-0.199138
-0.183012
-0.0457553
-0.190174
-0.140579
-0.0280801
0.179918
-0.240568
-0.343046
-0.138563
-0.124469
-0.323576
-0.252343
-0.171955
-0.0875111
-0.316741
-0.443386
-0.416563
-0.663753
-0.315731
-0.163168
-0.144334
0.27505
0.040302
-0.138633
-0.243967
-0.472625
-0.065414
-0.103293
-0.258179
-0.0790941
-0.471861
-0.314401
-0.338111
-0.0788561
0.570157
0.577109
0.725864
0.561446
0.534804
0.822364
0.398972
0.104645
0.334582
0.703159
0.639598
0.460793
0.339613
0.34253
0.618641
0.746431
0.430701
0.538956
0.602356
0.343326
0.429545
0.195567
0.182455
0.118246
0.103423
0.248456
0.228312
0.204384
-0.0816175
-0.639573
-0.435349
-0.3003
-0.473313
-0.0631165
0.398512
0.682298
0.320015
0.455714
0.940224
0.967824
0.825301
0.923741
0.842957
0.758932
0.599664
0.167105
0.532822
0.624564
0.451414
0.580227
-0.0202899
0.132256
-0.0124332
-0.186921
-0.127376
-0.223011
-0.108798
-0.010592
-0.128731
-0.345166
-0.479995
-0.787771
-0.86465
-0.615009
-0.306763
-0.261073
-0.345601
-0.475331
-0.0205094
-0.506868
-0.199897
-0.0768175
-0.142612
-0.0689268
-0.256581
-0.350455
-0.393845
-0.371048
-0.170453
-0.130874
-0.23667
-0.0767681
0.296326
0.470776
0.297531
0.363593
0.274729
0.5409
0.301072
0.487914
0.522066
0.250547
0.183213
-0.226024
-0.113647
-0.0441779
0.0422879
0.113396
0.18822
-0.149527
-0.29193
-0.163862
-0.374424
-0.39769
-0.5136
-0.60408
-0.628784
-0.675475
-0.414615
-0.515329
-0.531227
-0.472254
-0.152625
-0.0164373
0.171401
-0.0958915
-0.139873
-0.186332
-0.477998
-0.54715
-0.229516
-0.438792
-0.412397
-0.307499
0.204997
0.28714
0.183437
0.273301
0.114934
0.108385
-0.0927196
0.127436
0.188463
0.24889
0.182978
0.221926
0.0931343
0.470305
0.540266
0.517835
0.405223
0.796947
0.618297
0.66165
0.571729
0.658044
0.525402
0.388445
0.411297
0.566527
0.0868805
0.0562322
0.516226
0.304583
-0.0442079
0.142238
0.208704
0.199935
0.191336
0.212495
0.359063
0.138433
0.546257
0.522729
0.707585
0.701898
0.334731
0.334804
0.433843
0.34308
0.289391
0.293313
0.082003
0.113991
-0.268238
-0.338019
0.149949
0.0705823
-0.0912288
0.46463
0.340072
0.279105
0.226878
-0.210249
-0.464769
