-0.366484
0.631502
1.76297
-0.776835
-0.670887
0.523182
0.00242214
0.914295
4.56597
2.11959
0.434073
0.173274
0.746078
1.35563
-0.432561
-1.67245
1.08856
-0.320075
1.74195
-0.456598
-1.48289
-0.285026
1.19148
1.14039
0.206602
0.0334379
0.574965
-0.51783
0.760925
-1.16234
2.03689
-2.5036
2.62518
-0.851419
1.76855
-0.234645
2.11754
1.69163
0.729432
1.25289
0.984152
0.413202
-0.992704
3.39719
-0.867503
1.37674
1.16268
1.57018
-0.779073
0.623784
0.25859
0.205578
1.56124
0.191854
0.821876
-0.918607
0.0617768
0.0645886
2.36396
-0.532812
3.44109
-1.21283
0.414164
0.880479
-0.0894995
0.753668
1.2569
0.184021
2.03103
0.513963
0.937698
3.17368
-0.0667476
1.40165
0.480618
-0.273511
0.444396
0.747242
-1.29092
1.16751
4.41162
2.04824
-0.404647
1.16154
2.08898
1.6496
0.259638
0.463974
-2.39344
-0.169581
0.785901
1.77652
-0.300308
1.55421
3.00431
-1.61064
-0.390534
2.16466
1.36786
1.08516
-0.838361
-1.74933
2.90915
0.624733
-0.029723
1.20485
-0.887961
1.67908
1.1268
2.63274
1.16146
1.87947
0.912589
0.694978
0.143502
2.37945
-0.843051
0.768389
-1.7505
0.211331
1.20892
1.13836
-0.696153
2.9639
-0.041785
1.63781
-0.91279
2.00339
-0.65215
1.90773
-1.12262
-2.75138
-2.54442
2.3937
-1.51369
1.39345
1.57134
2.37521
-0.102036
-0.453358
1.95611
0.408698
1.68449
0.40037
0.185296
-0.580135
1.30761
1.00321
1.22731
0.138723
-0.185603
1.5814
0.00920776
-2.04397
0.210084
0.734819
0.779818
-0.581605
2.70758
-1.97643
0.65759
0.0330493
-0.181838
-1.61766
1.23707
0.326221
0.726827
0.145613
1.61572
3.45563
-0.166278
1.72058
-1.08059
-3.16098
-1.03299
2.50467
1.44739
-0.0336059
0.267055
0.833031
2.77153
2.03078
-0.163315
0.529962
1.63484
0.513913
-0.116099
0.652775
-0.64529
0.660996
-0.927203
1.77311
0.0818952
1.44019
0.242099
-1.92981
2.50475
1.24765
1.49135
1.48963
0.595478
-0.700799
-1.42784
1.33836
0.181454
0.00820312
0.296276
0.45735
2.05368
2.02101
-0.163402
2.98532
2.8982
1.86944
1.84333
-1.42232
1.17232
0.288987
1.17687
0.686954
0.278169
-0.118031
2.41457
-2.34819
1.53954
2.96827
1.08049
0.173074
1.14084
0.947378
0.0603718
-0.888676
-2.30678
1.37152
1.0718
-0.693487
-0.480168
0.0148714
1.4951
0.937178
1.17253
-0.404191
2.0019
0.744788
1.80389
-1.07284
-0.872496
0.259233
1.04795
0.494936
-0.440214
3.14366
0.237445
1.01666
-0.54908
-0.9908
0.588177
1.2558
1.216
-0.0728938
1.47753
1.07837
0.545829
2.05863
-0.776052
1.91892
0.276319
-0.593372
0.901845
-2.10791
4.17763
0.386036
1.75636
-0.459318
-1.0284
0.334571
-0.376222
1.53665
-0.769631
-1.35084
-0.604234
1.65512
-1.28485
1.7483
-1.88823
0.442974
1.56319
1.06316
-0.417523
0.179689
1.33808
-0.660034
-0.161863
-0.61795
0.884227
-0.14159
0.33432
-0.44765
0.966153
-0.811127
0.428933
1.46679
1.74455
1.73106
0.557252
1.1591
0.387654
-0.148193
0.469902
2.01197
0.537252
0.902976
2.1114
0.26987
0.203891
0.774573
-0.192761
1.39608
0.338483
0.0464486
-1.31475
0.187477
1.41551
0.769868
2.48506
1.95595
1.00057
-0.877056
-1.91069
-0.598049
-0.156085
-1.63944
2.71465
0.46189
0.408505
1.4058
1.12943
0.585175
-2.21335
0.830805
0.121217
0.307151
-0.603548
-1.95441
0.047018
2.57305
0.726029
-1.04687
0.121105
0.317395
0.343698
1.1755
0.150234
1.05736
0.54835
-1.10439
0.194634
0.383069
-1.01367
-0.931019
-1.36882
0.7922
3.89855
-2.10392
1.09862
2.85825
1.13921
1.98487
3.14459
1.98213
-0.162945
2.05664
0.723694
-0.771718
1.95234
0.529774
-4.05952
-0.948063
1.42426
1.41289
-0.910919
0.789686
-0.128412
1.57106
-0.76569
0.548418
-0.165046
-0.378778
-1.81453
1.32121
1.71876
0.613649
-1.67106
0.685648
-1.68039
0.905139
1.64088
-0.395757
1.94929
0.580127
-0.808693
0.0942524
0.823778
1.81212
0.909515
1.46994
0.783664
1.4063
-1.70446
-0.398148
-0.19538
-1.44804
2.26169
1.1197
0.256627
0.197721
2.31407
-0.929759
-0.377657
-0.745748
2.7512
1.17358
1.72811
0.122537
2.13291
3.51839
0.751143
-0.655827
0.457408
1.40973
1.39644
2.41179
1.64963
0.16772
1.50327
1.26878
0.887617
0.463699
0.624685
-0.394605
1.2302
-1.19959
0.348093
0.937347
1.14337
1.05499
1.28493
2.51734
-0.58771
1.97011
1.14495
-0.3013
-0.366066
-0.404055
-0.374621
0.498045
2.3276
-0.00927458
0.631934
-1.145
3.09165
0.221526
0.656873
0.572429
1.26556
0.972044
-1.56129
0.156342
3.02784
0.769644
1.24509
0.883465
1.67297
-0.464187
-2.51861
-0.0270127
1.16893
1.30294
1.12017
-0.283478
-0.650598
-0.156808
0.451622
0.354317
-1.16844
-0.586117
2.19928
0.518265
-1.70196
1.96871
-0.633076
0.106022
-0.363055
-2.37354
3.01774
-0.340847
0.770198
0.955425
-0.126421
-0.969361
1.64864
2.25602
-0.89795
0.465973
0.695849
0.334656
-0.646866
2.26196
-2.1235
1.67477
-1.50719
0.785672
0.190236
1.61567
0.711664
-0.452913
0.297255
0.517042
1.12215
-0.093257
-1.15229
-0.430217
1.25042
1.14379
0.34503
-1.39316
-3.68689
1.50186
-0.601805
1.46541
0.654593
-1.49175
1.67244
3.08365
0.93921
0.944602
0.903189
-0.348723
-0.283529
1.59746
0.479353
0.786362
1.64664
1.39074
0.766486
0.5644
-2.28955
-0.814999
2.1326
1.10459
0.350737
1.57843
-1.13247
1.06072
1.12561
-1.25638
-0.284914
-0.762275
-0.178871
-0.623956
-2.24225
-0.636195
-0.384478
-1.66819
0.0897402
1.66482
-2.04466
0.866796
0.437274
1.44037
-0.629184
-0.458302
0.953615
0.420538
0.0362563
-0.287507
0.924793
1.29717
-1.1958
0.455691
-0.550217
1.91698
-2.00762
1.61237
0.94724
1.8652
1.31105
0.773635
2.62084
-0.618473
-0.288525
0.403925
-0.769497
0.570484
1.07043
-1.80802
1.43153
2.32828
1.19877
0.374043
2.05275
2.05123
1.15167
1.54638
1.79305
1.98614
-0.705185
1.09583
-0.668488
-1.48015
1.37103
0.49119
1.57194
0.862504
0.710207
-0.257223
0.580104
-3.17174
0.0661822
1.51718
-1.04804
-1.43523
-1.47848
-0.440801
0.853336
1.76615
1.34658
-0.917068
1.53253
1.73525
-0.0328242
0.860312
1.84628
-1.33462
1.17926
2.02568
-1.92965
-0.598338
0.381814
-0.618403
0.49788
1.40869
0.812159
2.8647
0.354964
0.300202
-0.35302
3.56344
-0.414046
1.74952
1.15328
1.42061
-0.953898
2.46367
0.397024
2.76233
0.432456
2.62838
-0.0876174
-1.25057
-1.13488
0.494188
-2.87383
2.22916
-0.123893
-1.13019
-0.460921
0.619962
1.36253
-0.836446
-1.22923
0.569583
0.56542
0.124518
2.73087
2.51998
0.990995
0.144814
0.629212
-0.857806
1.79424
1.48686
-1.48455
-0.306504
1.01316
0.744317
0.61808
0.532845
1.50171
0.163152
-0.865564
1.17256
1.60986
0.814228
-1.40736
0.609902
-1.2731
-2.45753
1.76
2.43369
1.68006
2.35892
-1.09612
-2.0088
1.12377
0.323052
-0.292144
0.879616
0.951297
-1.19886
-0.377402
1.34167
-1.28435
1.68218
0.65401
1.37821
-0.757942
-0.0074148
0.769513
0.00897156
0.835915
0.588259
-0.550478
1.74746
0.283026
2.82349
0.207542
-0.0686243
2.18965
0.986835
1.42287
0.611876
2.6232
0.630083
4.16344
0.713312
0.826908
0.147394
1.13107
-1.2039
-0.175002
0.230787
1.83509
1.57432
1.21238
-3.03133
-0.634575
-1.42592
-0.774934
-0.176689
0.460105
3.79862
0.453784
2.5219
2.03936
1.76371
0.380002
3.07526
1.54436
1.88912
0.643429
-0.804185
0.531642
0.817357
0.667683
-0.397384
1.7598
0.369386
2.60874
0.136891
-1.8572
-0.539893
1.52643
1.89305
-0.849864
-0.0546625
-0.373193
0.669837
-0.701384
2.18558
0.350683
0.290052
0.811445
-1.24433
-0.562028
0.810568
-0.392568
-0.121014
1.31919
-0.425655
-0.117902
-1.79679
-0.336233
-1.30959
-0.0110236
0.378397
1.06598
1.55523
-1.69721
0.593197
1.8909
-1.68028
-2.83013
3.03725
2.08536
0.399779
-0.439409
-0.755789
1.26603
-0.42017
-1.12596
0.0418864
1.79904
0.508598
-1.15976
1.46179
0.221633
0.700185
2.24056
1.79123
-0.629885
0.535883
-0.520328
-0.295735
0.209963
0.818263
-0.0865252
1.27634
-0.68094
-2.18056
0.851089
-2.12167
0.0897442
-2.64468
2.63373
-2.38716
0.988534
1.26859
1.93596
-0.767687
-0.562331
-0.229842
-1.41946
1.70384
-1.13565
0.276386
-1.92687
0.934966
2.59976
1.7765
2.18706
-2.12661
-0.313616
2.25222
2.04587
-0.390694
-1.75119
-0.18528
-1.53219
-1.92957
2.33874
1.3347
0.00106366
0.861059
1.49359
0.353855
1.34299
1.34894
1.25948
0.0249965
2.51041
1.03526
0.122275
2.55493
-0.752088
0.599602
0.830601
0.867036
2.35072
-0.0736733
0.882965
1.20368
1.87169
3.38623
-0.424088
-1.44564
0.860064
2.68685
-1.24298
-0.0946713
1.60807
0.706971
0.359902
0.406687
-0.394675
0.300093
-0.469163
0.835299
2.82875
1.80091
1.59693
2.61309
1.79133
0.695675
-0.386472
0.567878
-2.28959
-0.763191
1.41855
2.06503
1.45941
-0.117937
2.87764
0.813481
-0.404238
0.971946
0.165936
3.12812
-0.311017
1.25942
1.77486
-0.19412
-0.00886338
-1.04869
1.20682
-0.626755
0.99949
-0.953055
1.35798
0.672322
0.414188
1.03157
-0.425021
0.829236
-1.37112
0.688979
0.858192
2.5944
0.8747
-0.525412
3.27532
0.177937
-0.770017
-1.20149
1.67898
1.65658
-1.26586
0.168341
0.350259
0.0111352
0.850304
-1.01746
2.65028
0.256131
0.882112
0.170723
1.27251
0.657904
2.80495
-2.32945
-0.206753
2.79157
2.13918
0.697411
-1.25144
0.311536
-0.395607
-0.810333
0.719193
1.81146
-0.614773
3.19831
1.28506
1.93349
0.538994
0.190444
-0.777502
-1.19666
0.342581
2.29678
0.809717
-1.13565
1.11294
0.759171
0.468302
1.05375
1.82312
0.295983
0.327781
-0.907979
1.36954
-0.311536
1.97305
1.49649
1.11735
2.07001
-1.04373
0.247857
1.03197
-0.614851
0.400815
-0.414811
-0.574029
2.11697
0.954159
-1.23031
1.01597
1.39489
2.66254
0.471479
1.54057
-1.18025
0.401597
-1.38761
-0.803432
0.418854
0.804106
1.01154
1.02364
-1.69394
0.271714
-0.584198
0.233819
-0.488494
-0.456895
0.58154
1.38968
1.05703
2.3272
0.224023
1.38485
-1.00774
0.646584
-3.25081
-0.0919673
0.844706
3.33454
-1.06034
1.75807
0.990151
-1.57336
0.920605
-0.0693343
-0.283086
2.40621
-0.797355
-0.951038
0.812439
2.37984
0.285891
-3.79978
2.71216
-0.192245
0.279276
0.486824
2.05875
-0.44377
2.18794
1.01915
0.0505091
0.712584
-2.48789
-1.27458
0.0995338
3.00962
1.51424
0.38755
2.54212
0.74963
1.85075
0.629856
1.7592
1.3576
0.612597
1.2466
0.660711
2.99912
1.73027
0.710645
1.52341
0.489137
0.80297
0.626184
-0.876512
-0.359757
-3.16771
-0.230707
0.923037
1.80222
0.0769707
-0.555962
0.542096
-1.01427
-0.443401
-0.935035
-1.44005
1.83256
3.06698
2.5581
-0.522145
1.02019
2.27336
-0.509678
0.599793
0.511058
3.12266
0.0875297
-0.493802
-0.442314
1.36996
0.294491
2.25747
1.94888
1.33418
2.53908
0.832594
-0.668894
0.125864
1.97452
0.412479
-0.897726
0.242768
1.0206
-0.356503
-3.02128
0.720487
-0.360602
0.54838
-0.115373
-1.16048
2.14969
1.39314
-0.998551
0.461644
0.0515166
-0.564729
0.571674
1.10439
1.87104
1.31154
-1.19351
0.530385
0.140496
0.208279
-2.6281
0.391005
-1.31438
-0.0268639
0.316986
2.08851
0.617754
0.342496
3.62148
0.919081
0.99679
-2.03523
-0.0222177
0.284993
2.82416
-1.86521
0.324691
-1.71618
-0.405587
2.06716
1.29479
0.564417
1.20782
-0.739421
0.3771
1.43028
-0.841641
2.65843
0.319773
-1.08988
3.40113
-0.543813
0.199144
1.98098
0.721512
0.737688
-0.0571157
0.854563
1.4892
-0.553721
1.27852
-2.29683
2.95093
-0.274664
2.53649
1.48548
-0.902349
-0.686538
-0.557268
-0.986583
0.39366
-0.0256503
0.232305
0.496076
-2.78166
-3.43141
0.110248
-0.380743
0.394604
0.703031
2.54045
0.20448
0.120512
-1.14393
-1.36048
-1.26092
0.718123
2.40569
3.52524
2.04498
1.48303
-0.114508
0.662489
1.18372
0.777812
1.64563
0.192583
0.902271
-0.44126
2.46771
0.377492
1.41413
1.92266
0.200583
0.808299
0.986479
1.62058
0.941195
3.48752
0.100957
2.01256
-0.0868576
0.230455
-1.6875
0.182488
1.97786
0.0285917
-0.021008
1.10151
-0.645067
2.07366
0.562463
3.00989
1.3433
-0.604007
0.954522
1.13661
-1.91895
2.56921
2.27701
3.70042
0.849123
-1.14618
0.70437
1.94767
-0.0582858
1.99641
0.368413
0.719648
2.07056
0.595417
0.161403
1.80724
0.285483
-0.766564
-0.164549
-0.264227
1.17229
-0.505847
1.56715
1.29704
2.96775
-0.164306
1.65412
-0.388958
1.26326
1.2057
-1.82066
1.49619
0.295153
1.01754
-0.246137
-0.336558
0.949737
1.8504
1.76253
2.34205
0.878002
0.733445
-0.0415427
2.72014
1.24428
0.582845
0.255847
-1.17013
-0.0123585
1.53435
2.06039
0.103855
2.53753
-0.534643
-0.194749
1.81781
-0.0103872
0.767988
2.8857
-0.645801
1.29518
1.74695
-1.12126
-0.449248
0.616762
2.38601
2.99008
2.871
-1.89409
2.0916
0.430545
2.17321
1.77178
2.69052
2.55366
2.72684
1.33617
0.639642
0.0270815
1.80029
-0.410404
2.17676
0.0737717
0.684968
0.556884
0.0617797
2.03873
-0.305462
0.558755
1.31139
1.58015
0.968552
1.63554
-0.664137
1.31107
0.413376
0.20975
-1.95099
-1.18183
2.30773
0.312736
1.3319
-0.189375
3.45268
0.797444
-0.513272
0.345954
0.580148
-3.59081
1.36487
-2.00184
2.42949
-0.653496
2.50455
1.58
1.37421
2.62678
-0.454228
-1.72877
2.54753
0.705967
0.752077
-1.91163
-0.357748
-0.134096
-0.40855
-1.68829
-1.63169
-0.654418
2.11318
-1.59095
0.618271
1.59979
-0.00133509
-2.28909
0.114765
2.1847
0.89143
-0.459296
1.67252
2.14737
1.57443
0.73587
2.02362
1.40743
0.364555
-0.260413
1.10926
0.606171
0.270648
-0.576267
0.874674
0.720659
-0.452323
0.841687
1.14994
1.02602
-1.6575
2.10155
-2.36659
3.12836
0.602264
1.3715
0.361833
1.65345
0.289685
-0.679469
-0.622886
0.910367
2.12761
-1.00474
-0.130213
1.9468
1.86332
-0.289248
2.21286
2.54513
1.45416
-1.85817
0.845608
0.375875
0.476611
0.1458
1.413
1.68709
1.001
-1.88564
2.72926
0.129411
-0.994723
0.848777
1.06403
-1.55289
-0.211855
1.99071
-0.0123466
1.67979
1.44668
0.47073
-1.3973
0.489801
1.34894
-1.4193
0.387303
0.736491
-1.15339
1.41757
2.53005
0.980772
1.27441
-1.35891
-1.19566
-0.19352
0.657445
0.813428
2.62148
0.368212
-0.24127
2.1397
1.34665
1.80701
3.74642
3.20595
-0.167944
0.834078
-0.674545
-0.970241
0.166244
0.90815
-1.28555
0.142694
-1.91154
0.0851956
1.20059
-0.00267902
0.303781
0.703375
1.58309
1.44679
2.33055
1.73983
-1.64878
1.6598
2.03203
-0.520561
0.715182
0.120464
0.104112
-0.889854
-1.03855
-1.2871
-2.52848
1.86456
1.50025
0.183362
-1.12235
0.778811
1.9112
-1.34633
1.72926
-1.54404
-0.44154
2.82513
1.69504
3.19901
0.221242
1.60264
0.967668
1.55038
-1.01467
0.803165
0.780006
1.44011
2.65806
2.03764
-0.620375
4.28872
1.58033
1.63363
0.91331
-1.09868
-0.597854
-0.250817
-0.191992
-1.00357
1.31025
1.65265
1.6637
1.60867
-0.15834
1.70059
3.36661
-1.47157
2.23287
-1.38041
-2.07005
1.59694
-0.524233
0.574202
0.749954
2.75007
1.29133
0.161786
2.88434
0.292299
0.937797
-1.29381
-0.449495
1.19218
1.74571
2.05389
2.08497
1.01718
0.588546
-0.566011
0.413937
2.37686
1.17711
1.54895
-1.21438
0.0121081
0.0853666
0.876758
-1.28074
1.2147
1.56809
-1.20714
2.01853
0.991355
-1.1099
0.0120748
1.10805
-2.21077
2.4976
0.9257
1.89936
-0.109081
-0.563682
1.48491
1.59694
0.909003
1.76966
1.29944
0.42428
-1.34877
-4.24889
-0.356354
0.0134733
0.756887
0.23695
-0.624398
0.34503
-1.30942
3.42659
-0.867295
2.4336
2.86383
1.446
0.415379
1.36519
1.13455
0.636461
1.1085
-0.205836
-1.01269
1.9499
-0.561177
0.116935
-0.0598869
2.13355
1.38819
0.839325
1.75973
1.2541
0.887764
0.747847
1.64405
1.37912
-1.29976
-1.6706
-0.477119
0.282258
-2.17115
0.923994
1.35511
1.27826
2.38705
1.30616
1.08309
2.10468
-0.801843
2.20177
0.404806
1.79962
1.17681
0.437995
1.11168
0.921583
2.98807
0.68525
1.06211
1.90027
-0.215699
-0.760365
1.14672
0.430514
1.26399
1.79422
0.5205
3.52423
-0.17555
-1.5788
-1.63391
0.804668
2.0688
0.270466
-0.0920625
-0.97056
0.383793
2.03992
1.0724
1.23139
0.174022
0.200791
-1.63654
0.839488
-1.30305
0.901212
2.62671
1.60372
3.57569
-1.04701
-0.094361
0.53074
1.15988
0.258191
-0.364877
1.17618
-2.39116
1.24525
-1.62599
-0.210718
0.716365
2.54413
0.145885
0.325414
-0.787974
2.38442
0.789116
1.577
0.852471
-0.93735
-3.58639
-0.547735
0.158743
1.31893
-0.662559
-0.0397687
0.151146
0.896459
3.35995
1.22819
-0.00430685
-0.511933
1.50444
-1.50304
1.46428
-0.289404
-0.675341
0.394955
3.02673
2.82442
1.17651
3.08616
-0.393554
0.388219
2.28108
-0.967898
2.18802
3.41604
0.894719
-0.882927
-0.506685
1.18397
2.16355
0.0308531
-0.386907
0.415014
-0.958699
1.10461
3.28382
1.99128
1.26868
2.77749
-1.56243
0.168663
1.02717
-0.827247
-0.652067
-1.5288
-0.244888
1.04237
-0.517898
-2.14818
-1.37139
0.329276
1.5191
-0.995534
1.21379
0.121356
1.08672
-1.08052
-0.430318
-1.07906
0.313837
0.479676
3.13723
0.573401
-0.0291936
0.0758703
2.45761
1.78211
0.636912
-0.0704054
0.912819
-1.82948
-0.039327
-0.173706
-2.7862
2.7846
2.65886
1.80959
-0.449362
0.786256
0.0835598
0.700488
2.09985
-0.664621
2.14456
1.38511
1.03461
-2.29739
-1.30867
0.601197
2.21694
2.11988
0.445691
1.2855
0.573451
-0.129662
1.04897
0.0916562
1.75518
0.489932
-0.198764
-0.785917
1.87137
1.15778
-0.231655
0.77515
0.064113
0.638185
-0.172428
-0.235285
-1.1207
-1.23829
1.98681
2.80766
0.25841
-0.706656
1.36215
0.164866
0.334518
-3.46655
0.608713
-0.599987
-1.96117
-0.401355
2.20103
0.705988
1.62427
1.08632
1.43854
0.939156
1.39555
1.60875
-0.749758
1.77905
0.46706
-0.169371
-1.20864
-2.45423
-0.800984
-0.231526
0.451544
1.31599
0.298257
-0.11124
0.86744
-1.46612
2.36271
3.28381
0.843793
0.993698
2.94974
1.3005
-1.05796
0.55608
2.03944
-2.01884
-1.00941
0.870701
1.56582
1.90113
1.63957
0.988904
1.40119
-0.465222
-0.413786
-0.931196
-0.115124
1.1572
0.45784
0.0219734
3.34166
-1.29433
-0.773539
-0.237132
-0.118393
1.3145
-1.42279
-0.68729
-0.168732
2.78933
2.62823
-1.01913
-3.55021
-0.100424
-0.798723
1.75131
2.65301
0.621966
-0.481006
0.470063
1.24339
1.56261
-0.368039
0.232085
0.558287
0.64803
-1.52886
0.958163
-0.480195
1.8251
1.62199
-0.63801
1.15382
-1.48805
-0.00659958
-1.97728
2.00335
0.361827
-1.2106
0.154636
1.40131
-3.04393
1.51853
0.946879
0.226474
2.75575
0.0813698
-0.0551347
0.999719
-0.897839
-0.690616
1.72297
2.46789
0.278121
1.99825
-0.900554
-1.9549
1.65304
0.317701
0.823453
1.38255
-1.44262
1.42933
-2.02464
0.0385799
0.944753
0.453864
-1.35677
1.6767
-1.08759
-0.554556
1.11507
-0.373628
2.36808
1.0093
-2.18865
-1.47773
3.97316
-2.21527
2.68088
0.862742
2.14187
-0.877877
1.58224
2.50276
1.05813
0.66047
-0.357895
-2.26047
2.60898
-0.554357
0.581207
0.460652
-1.41701
0.11478
-0.274282
1.04209
-0.106883
-2.64274
0.942685
0.791986
-0.612589
-0.640083
0.0585551
1.45137
0.851983
1.93855
0.658242
-0.915846
1.38123
1.01572
1.99056
-0.427943
-0.0352133
1.47256
-0.796043
-1.17741
2.2342
1.54167
-0.894194
1.30702
-0.204402
2.45097
1.74439
-0.195902
2.0833
-0.0138943
1.75438
1.85509
1.98747
0.316526
1.21994
-0.275823
-0.57901
-0.207036
0.928617
1.76571
-1.41957
2.73581
0.00589275
1.05345
1.70983
1.70662
-0.31132
1.43677
0.032897
0.323315
0.394385
0.938361
1.39787
2.36427
-0.0852549
-1.05603
0.100812
-0.625045
0.388359
0.545685
2.22333
2.99749
-1.35022
0.82141
1.49076
1.84396
1.86177
0.661894
-2.82348
-1.45763
0.986257
0.685742
0.546913
-0.918419
-0.141335
-0.255104
0.914699
-0.820937
0.942239
1.29254
0.676001
2.6569
0.257899
0.386724
1.77583
1.94357
-1.48046
1.0147
-0.440137
0.609843
-0.800498
0.478185
1.7206
-1.47242
1.0928
-0.948403
0.855117
-2.94449
1.07419
-1.00335
3.02571
0.979395
2.29938
2.41589
-1.06729
-2.79209
0.244218
-2.4997
-1.56123
-0.226664
0.74435
2.08291
2.19526
1.60028
-0.444051
-0.141174
-0.612007
2.09591
0.363392
1.81838
1.96839
-1.95924
-0.964962
-0.958606
-0.813788
-0.477339
-0.540456
1.50983
-1.94307
-0.077686
0.450344
-3.32601
-0.920724
-1.13478
1.83265
2.23797
-0.214167
2.44754
0.311722
2.01894
0.436072
0.961398
-0.938031
3.48072
1.6452
0.380993
0.0815654
0.258667
2.17997
2.61395
2.25009
1.01376
1.15296
-0.363985
0.875123
0.447948
0.382144
1.08966
-0.0127055
-0.130324
-2.67993
-0.103208
2.58338
1.55411
2.93099
0.915434
0.437571
0.763245
0.00458761
-0.617254
-1.49057
0.87869
1.29874
1.23816
0.780191
3.74613
-0.651832
0.770004
1.32955
0.746772
0.385661
1.63591
-0.67342
-0.615561
1.15697
-1.29168
1.87438
-0.470497
1.78615
0.406626
0.0108271
0.419505
-1.02772
1.8476
-0.593171
-1.37028
-0.411961
-0.301941
-0.000613942
0.471315
-0.93042
-0.192586
2.07617
-2.20576
1.68691
1.32496
1.18636
0.607261
1.93892
0.853
0.658234
-0.434195
-0.332924
0.31261
0.100229
0.15929
0.644039
3.25385
3.05617
0.985151
-0.535515
-3.68046
0.247438
0.613424
-1.64463
0.472178
0.841192
1.4104
0.968241
0.987044
0.165064
-0.601913
0.513937
2.61415
-1.53184
1.66809
-0.83891
1.69852
2.84176
-0.910674
1.27332
1.3312
2.34011
-1.66048
-0.0540399
0.883478
-0.920906
-2.05658
0.145094
-1.29255
2.80904
0.647876
1.94486
-1.15922
0.122899
-0.312988
-2.33257
-3.2262
0.387597
-0.59511
-1.11576
1.18619
-0.219513
0.562674
-1.24349
-1.62728
0.490768
0.837036
1.83862
-1.04654
1.75047
1.68087
-0.327843
0.86385
2.115
0.228356
0.369529
1.64117
2.80847
-1.03168
1.43139
0.224271
0.0879792
3.67315
0.645914
-0.206874
1.31279
-1.11176
-3.0762
-0.490967
2.43193
4.35479
1.71606
-0.446224
-1.34325
2.44249
0.463188
0.533371
1.26937
0.848083
-2.90479
0.744164
-0.985782
0.528833
0.200644
0.0934437
-1.32131
0.49041
-0.264275
1.2848
-0.0898934
2.25898
-1.11246
1.90653
-0.899777
1.40207
1.7487
0.511376
3.09901
0.284549
1.64077
0.408732
-0.701441
1.76487
-0.35985
2.42723
0.344328
0.853969
1.32905
1.19
2.05599
-1.01099
1.62736
-0.722126
0.4682
2.66208
4.88953
0.701377
1.31288
1.64959
-0.09962
2.29134
-0.334087
1.35598
-0.579691
-1.14028
0.751761
-1.26119
2.10024
3.09784
-1.15933
0.721672
-0.738914
-0.78406
0.594588
1.51668
-1.11971
2.60229
1.28762
2.16817
0.929606
1.47522
-0.789903
-1.28272
3.5077
-0.0443189
0.268768
2.07717
-0.307766
-1.10158
1.25886
-0.327794
0.0518583
2.70857
1.58591
2.65359
1.9148
2.01549
3.22125
1.01114
1.34021
0.985501
-0.90924
0.941046
-0.109415
-0.0393915
1.7979
-0.665205
-1.42448
1.98018
1.84078
2.05938
-1.06199
1.6381
-0.728599
1.09492
0.952941
2.00755
1.3011
-0.72787
1.17735
0.114732
0.146045
2.59215
0.405039
-0.16478
-0.948185
0.274988
0.029356
1.56328
-0.807033
-0.380184
-0.317323
1.90805
-0.550414
0.695326
2.12292
0.673043
2.31585
-0.631329
-0.988932
0.0403545
2.37894
-2.1344
-0.339816
-1.13487
1.83066
0.949466
3.07619
1.05444
-1.53146
-1.63404
0.454208
-0.340539
0.384402
1.67924
3.15413
0.0793938
0.518917
1.23905
1.71715
1.24372
1.37577
2.38043
1.54583
-0.589937
0.605622
-0.887708
0.331946
-0.657674
-1.85452
2.10951
-1.36734
2.48258
-0.666213
0.960052
1.5537
-0.60816
-1.09587
3.18603
0.192504
1.85044
0.319505
3.52071
0.898523
0.189654
-0.885284
-2.06403
-1.40171
-0.142957
0.480927
-0.310697
-1.11176
0.172617
1.85132
1.63367
-1.43597
1.09314
2.05605
1.7529
0.826686
2.45744
0.324732
1.90181
-0.654226
-0.0763861
-0.665498
1.6175
1.51498
1.27301
-0.316074
0.538038
2.26553
0.536222
0.467599
-1.8349
0.763358
0.982951
1.90929
0.766959
-0.944314
-0.76388
0.831164
-0.407676
0.28891
0.372678
1.62729
0.819384
1.60273
1.17498
1.46624
1.01508
-0.779209
0.422761
0.453584
1.4706
2.63051
2.05439
1.24396
2.16574
-2.00218
-0.549471
2.07484
0.623508
-0.17486
2.4384
0.303811
0.104783
0.343368
0.402611
-0.431773
0.00930756
-0.162913
-0.411222
-0.188503
-0.503185
1.24551
0.326682
-0.763556
1.30555
1.64561
0.123854
-0.921285
0.749004
-1.88109
2.42553
-1.24323
-1.3169
1.06123
1.19239
-1.82935
0.773686
1.9374
0.912523
0.394069
-1.15218
-1.85906
0.569787
-1.10746
-1.66571
0.972116
0.453396
0.728603
2.11856
2.67489
-0.838246
-0.00468734
-1.14033
-0.888658
1.32005
0.952785
1.38063
-1.74569
0.0521152
1.72518
0.640372
0.0875538
1.51441
2.52438
0.339021
0.821814
-3.16673
-1.13387
-1.85554
-0.55027
0.366748
-2.6723
-0.331347
0.0122161
-0.493187
0.359347
1.82423
-0.0595119
-0.4994
-1.68271
-0.296399
1.56317
0.878345
1.16341
0.88724
1.79271
2.30778
0.261887
1.44554
3.57529
0.217899
-0.0416404
0.967634
-1.36935
-0.245041
3.10099
-1.31096
0.778379
-0.272904
0.895114
-0.851755
1.24933
-1.64327
1.54316
1.53749
0.733349
1.88922
0.994378
-0.431648
-0.447053
-1.99928
1.42924
-0.0876646
0.920208
-1.11616
-2.23612
1.35065
0.368229
-1.74386
1.63046
-0.486009
0.42586
-0.409688
0.139108
0.668783
1.03043
0.315214
-1.43797
0.397028
0.816364
1.71272
2.50536
-0.140396
1.00577
1.52613
-0.888146
-0.440491
0.0382633
-0.20118
-1.90472
0.647328
0.752527
-1.20491
-0.814463
0.4976
0.970222
0.40952
-1.24851
0.932334
2.14454
0.196821
2.98239
0.930792
1.33798
1.18474
-1.42893
-2.54745
0.429183
3.94924
-1.24553
-0.178415
2.70673
1.29768
-2.06786
-0.144963
0.955685
-0.343788
1.16899
1.88469
-0.152825
1.44228
-3.25605
1.54232
-0.0841253
3.38113
-1.99024
2.41875
-0.618664
-1.88981
2.28729
2.09034
1.58974
1.70126
1.28227
2.24846
-1.83225
1.05215
0.586844
1.10156
1.35083
2.08028
0.892777
1.95926
-2.12636
0.870147
2.3016
0.0932189
-2.07413
2.50254
2.30516
1.12295
-0.686326
1.06746
-0.487524
-1.3347
-1.20662
0.832389
1.65646
-1.35129
-1.09788
-3.29872
1.0137
-0.374582
1.67829
-0.271772
2.31221
-1.15666
0.557917
0.197084
0.843242
1.51349
-0.713014
-0.287751
-0.263051
-0.860443
0.339969
0.148084
-1.47788
1.20291
2.29693
1.54932
0.713
1.97507
1.43665
0.833101
-0.11137
0.85509
-1.43738
2.57596
-1.06747
-3.23725
0.655056
1.85031
2.51518
2.02024
1.71604
1.46298
1.35168
1.2187
1.84609
0.291089
-0.549479
0.385922
1.85518
0.20293
-1.26369
-1.17659
-2.33326
0.759081
1.19717
0.885232
-1.45412
1.58721
-0.46026
2.12466
0.212392
0.428511
0.99375
2.26161
0.575028
0.896467
-1.0507
1.40103
-0.700314
-1.43284
0.69481
-0.452774
0.600322
-1.54474
-0.369336
0.917425
1.52159
-0.868047
2.2735
0.22743
0.862803
2.1147
1.09125
2.52944
0.869307
-0.0050551
0.383537
1.25482
-1.63436
-0.560904
-0.0358289
-0.759697
1.40088
0.238509
1.56565
-0.171436
-0.0448166
0.485975
4.76296
-0.286055
-0.243148
1.60398
-0.723047
-0.982395
2.27946
-0.0838212
2.42522
1.55439
4.09359
0.0690706
-0.971402
-1.32115
0.0209945
0.374748
1.29944
-1.86044
0.872813
1.01794
0.518772
-0.388405
1.59311
-0.871767
0.573636
-1.17463
0.248034
0.673121
1.849
2.33079
1.57201
1.05095
3.68903
0.231858
0.111427
-0.579602
2.30354
-0.515546
2.02229
3.61978
1.10978
-0.125733
0.608528
-1.11573
0.778077
-0.360848
1.58206
0.974022
0.91293
1.86509
0.610462
0.0627477
0.831516
1.33476
0.0754604
-1.70519
0.884083
0.84965
0.794807
1.59129
-1.25649
-0.863937
-0.934721
0.551964
0.585098
-0.133427
0.338545
-1.02857
3.4293
-0.979167
-0.438291
-1.10151
2.29145
2.49315
-0.908118
-0.0121647
-0.4408
-0.562406
-0.182967
0.190731
2.48936
1.57048
1.47827
1.79557
0.397095
0.921963
-0.837023
0.66937
1.47684
1.12843
0.18685
0.999248
-0.631446
-0.206592
-0.771216
2.23757
1.8553
2.26518
1.47038
-1.40485
-0.844586
1.93925
-0.0615722
0.463092
-0.328007
2.14565
-0.151847
-0.915082
2.26151
-0.738425
1.55457
0.23107
0.553721
1.90454
0.565718
0.608776
2.30625
-1.03319
1.89408
1.76364
-0.57913
-0.56583
-0.880119
-1.03649
0.317301
0.614001
0.152191
0.615349
0.135724
-1.5259
-2.67036
1.47485
1.0624
1.14404
0.896673
0.441731
3.23548
2.71195
1.18255
1.13624
1.44003
-0.814403
0.0553886
1.28029
-0.0925974
1.2884
0.664268
0.671103
1.15052
-2.3773
-1.3974
-1.36232
1.3935
-0.720323
-1.37685
0.179014
1.69433
0.683426
1.24401
0.240894
-0.681923
0.0998609
1.26756
-1.21962
3.59922
-1.47125
1.32646
-0.0788155
1.15158
-0.0262045
1.69225
0.674165
-0.656455
-0.153449
-0.14872
1.28575
0.778312
1.4143
-0.524294
1.44691
0.695769
1.39667
0.368442
0.00432501
0.865687
1.1643
1.50901
-0.783062
1.40717
0.717794
2.18399
2.60639
1.90087
2.83777
0.126678
0.331074
1.68969
0.574402
-0.0395633
1.43668
0.910456
0.525777
1.61371
2.77187
-0.152622
0.398846
0.753738
0.836894
-0.118123
-0.433449
