0.316332
2.04446
-0.400547
0.334597
-0.0117999
0.672582
-2.6334
0.807406
-1.19867
-0.632257
-0.0846713
-0.115799
-0.524803
1.5866
1.88526
1.64942
1.01456
-1.96998
-2.97188
2.3441
-0.800368
0.666896
1.71647
0.278164
1.11246
0.956012
-0.0396297
-0.218268
1.41013
2.45361
0.940136
-1.18263
1.2774
0.680983
0.539917
2.67486
-1.78934
-1.05421
0.928628
-0.334955
0.127245
0.244698
0.638438
0.917132
-0.695981
1.91914
0.955421
-2.17577
1.0671
-0.47381
-0.512612
-0.522971
1.83082
-0.682003
0.678612
0.0838788
0.0481755
1.11273
1.22152
2.60571
-0.150953
1.18976
1.32763
1.02073
2.33248
-0.831646
1.87497
1.28936
-1.12836
1.93467
0.884302
-1.39857
0.233418
-2.35432
-2.18882
-0.946628
1.90148
0.683045
-0.651021
2.49123
-0.0311018
4.21435
1.07877
1.0772
1.2258
1.08368
0.48836
0.117288
0.0517714
-0.782159
-2.72688
3.25288
0.830275
2.30605
-1.4179
-0.343403
1.52033
-1.24174
0.0977061
-0.688203
-0.704476
0.637911
2.41304
0.761873
-0.499086
1.00857
2.04406
-0.373328
0.537809
0.214558
-1.12778
2.53189
0.240117
2.01395
2.03894
0.657201
3.23183
1.12544
1.60016
1.39765
0.389706
0.840746
1.21915
0.666346
0.304711
0.31793
2.93363
1.08426
2.45058
-0.841204
0.17216
0.449588
2.88786
2.07631
0.304915
0.983041
0.897884
2.65374
1.94934
0.964807
-0.264971
1.09877
0.926573
1.01493
0.690745
1.3014
0.435676
-1.69
1.47825
-0.0305557
2.70495
-0.126826
-0.554586
2.63385
0.0385381
0.97199
1.37126
-0.308747
4.0095
-0.69427
1.11424
0.336821
2.02199
1.24169
2.16613
2.21911
-0.852702
-1.42325
-3.22842
0.784166
0.802436
1.19468
1.50353
2.78507
2.20182
5.16334
0.613564
0.117551
1.83784
0.288267
1.79647
0.865392
-0.614935
1.50223
-0.836469
1.53069
0.863541
-0.529214
2.1155
1.6376
0.297351
1.26072
-0.51868
0.514204
-0.708859
0.0222397
-2.39287
2.3733
-0.958505
1.77607
1.42731
1.84834
-0.123014
0.968536
1.5556
0.613488
-0.677909
2.2788
-0.364149
-0.314199
-0.11135
1.34183
1.5329
2.09791
-0.805352
0.482096
2.42138
-0.159683
1.77959
1.60284
-0.993239
0.050521
1.33092
0.156462
-2.35
1.55826
-1.2242
1.36109
0.257377
-0.589476
0.547054
0.495132
0.769476
1.39095
1.64867
-1.09534
0.624732
0.970709
0.198351
1.18563
0.924455
1.6679
2.47995
3.15328
1.6889
0.971051
0.742816
-0.425664
0.185913
1.09982
1.16577
1.05842
0.709221
1.44637
2.29058
0.596105
1.19001
-0.291035
1.79314
1.64998
1.4901
0.462717
0.625048
0.517285
-1.17183
0.980375
0.0452416
0.410297
-0.415146
0.745024
1.26203
0.33196
-0.0608903
0.437748
-0.115007
0.850439
0.854892
-1.85958
-1.58684
0.762042
0.69792
1.33103
-2.58814
0.359903
2.04812
1.67746
1.18911
1.27185
0.225617
0.263608
0.390097
2.76557
0.184764
0.484067
0.955803
-0.514982
3.09552
-0.935033
0.407161
0.272559
0.0197004
1.72569
1.49034
0.129591
0.670411
1.36543
0.584289
2.17351
2.19604
1.45124
-1.21617
-0.397872
1.36236
-0.031743
1.29094
-0.960902
-1.16866
-0.430269
-1.13613
-0.585081
-0.576076
-0.169576
1.40907
-0.0622736
-1.36565
0.107499
-0.77987
0.89743
1.90001
-2.10238
3.10834
-3.38712
0.0771298
1.11312
1.5545
-1.1256
0.379029
-1.64451
0.475556
0.106692
0.0625367
-0.741967
1.12549
-0.594542
-0.221457
0.189926
-0.18156
1.0081
1.46827
0.60021
-0.634539
-0.880438
0.971284
0.636268
-0.204153
-1.37165
-1.5069
-1.42994
1.50372
-0.169519
1.88505
0.264956
3.36874
-0.361912
0.882985
2.87718
-0.170819
-1.47703
-0.971993
-0.688294
-0.318222
-2.79771
-0.601662
0.607964
0.960992
-0.855406
1.06373
-2.02273
-0.911551
-1.29055
0.208398
2.47358
0.449661
-0.91062
-0.347732
-0.342344
-1.37684
-0.176999
2.10262
0.10934
1.03156
2.59116
0.379165
1.3453
0.659241
0.339186
-2.62698
0.57612
1.23709
-1.33768
2.4539
1.27284
0.0200385
-0.87816
0.6148
-0.197942
-0.970991
-0.381488
-0.41758
0.212259
1.56425
1.79402
0.786316
0.556519
0.717492
1.90791
3.07597
0.827533
-0.222901
-0.758441
-1.59892
1.90105
-1.10224
0.417146
2.2443
0.523006
-0.164853
2.32835
0.633268
-0.858533
1.583
0.217676
-2.7038
0.378615
-0.466583
1.07962
0.419073
-0.839211
1.59877
-0.12908
1.31467
3.76722
0.299013
0.499346
1.79803
0.328376
0.357147
-0.8341
-1.67859
-0.409979
-1.87783
0.259782
-0.0121358
-0.0766539
-1.40132
1.62211
0.769371
-0.933867
0.837159
0.067852
2.69545
-0.114879
-0.280287
2.46436
1.13274
-0.551326
2.69636
2.97194
0.530812
-0.730804
0.763831
-1.34463
0.43457
-0.030656
-0.436372
1.43398
0.635017
-1.45131
1.25216
2.2116
-0.38523
0.655814
-1.37157
1.68779
-0.70859
-0.387126
-0.693948
2.81713
-0.30139
0.67504
-0.330154
1.6061
-0.0494527
-0.65622
0.935533
0.176901
0.899501
-1.08805
0.98756
1.15125
-0.583553
0.96126
-0.610591
1.2788
0.118951
0.773016
2.51241
1.42041
0.0171451
-0.523957
-2.11384
0.733568
1.07775
1.23707
-0.757981
-0.373061
-0.0165805
0.918108
1.22426
-0.304346
-0.227271
0.610238
-0.386698
-1.09251
-1.6161
2.65424
0.513959
0.346719
1.50727
-0.565236
0.165494
-1.85019
0.879976
-1.58052
1.94702
0.222513
0.466083
-1.46316
0.727163
0.673808
0.180206
0.309487
2.78974
1.28244
-2.20079
-0.825491
0.244951
-0.97529
-0.864948
0.435786
0.4002
-2.1247
-2.42591
1.38936
-0.576177
-0.372141
0.116968
0.114846
0.694636
-0.141658
0.557908
1.60022
0.0823886
1.21344
-0.315908
-0.785796
2.44835
0.512683
0.577029
0.325047
-1.57041
-0.83183
-1.39711
1.20867
2.30398
1.27104
1.788
1.30361
-1.70011
0.870305
-2.29001
0.917061
0.61356
2.23846
-0.0926266
1.16777
0.993378
-0.885312
0.450527
1.1131
0.492167
-0.454832
0.141866
1.02889
-1.57975
0.883866
-0.752596
1.22527
1.8447
2.02814
1.0189
-0.345671
-1.74693
1.92024
-0.982043
1.32747
0.308582
-0.506285
0.740694
-2.34092
-1.09003
0.39437
-1.09681
0.0972482
0.292261
2.01638
-1.32603
1.69855
0.416792
0.882701
0.844482
-0.458
0.514144
1.02916
0.994651
0.267488
1.07009
-1.0577
1.73764
-0.95921
0.4058
0.0623176
-0.497212
0.195709
1.26442
1.58199
2.04808
-0.834894
-2.04029
0.130681
-0.23373
-1.87353
-0.469877
1.86102
1.74554
-1.20431
2.48006
-0.426031
-0.909315
0.683851
-1.12833
0.335975
2.93671
1.69691
0.456016
1.22911
0.278191
-0.218832
-0.954715
1.53468
-0.797679
-0.229307
0.53491
0.992241
0.976038
-0.360174
0.745276
1.69976
1.04752
1.56484
1.7639
-1.62863
0.0988812
3.00023
0.137085
2.05079
2.76381
0.165213
1.29777
0.0964817
0.970771
2.97879
-1.39356
0.264959
0.980996
-0.0354838
-0.154234
1.48898
2.04087
1.66502
-0.789103
1.5336
1.04984
0.991176
-0.498391
0.632911
-1.06714
0.932999
1.65545
-0.116814
-1.04133
-0.616821
-0.617024
-0.158979
3.54715
0.209792
-1.63988
-0.535518
-0.191057
-0.413166
0.419909
-0.91868
-2.41222
1.02201
0.843998
-0.0222571
1.25627
0.635459
1.16791
-0.20584
-0.217515
-0.331021
0.466701
-0.504939
-0.692553
0.449501
1.50225
1.00715
0.881087
-0.476573
1.42934
1.55801
1.45249
2.21132
-0.371554
2.59719
1.32362
-0.579045
2.29457
1.37686
-0.380032
0.586593
-1.56932
1.70834
-1.81784
-0.59161
1.6996
2.0609
0.948732
0.1084
-0.0864263
-1.22231
1.63265
-2.79875
-0.497049
-0.466931
0.08109
2.28152
-0.484358
-0.724162
1.40429
-1.96549
1.16736
-0.863537
-0.988427
0.716098
-2.08606
0.33248
2.12521
0.816333
0.742325
-0.19102
0.974579
-0.424692
1.91106
-0.167825
-0.156963
-1.15198
-1.12486
0.78426
1.84685
-0.0818164
0.47166
0.0955031
1.50419
-0.983944
0.811614
2.41468
2.65642
1.13617
2.19692
-1.37468
0.850754
1.2064
-0.032469
0.936119
0.678445
0.329529
1.6441
0.996558
-2.38754
1.01022
2.58696
1.11129
1.20828
0.767252
2.15974
2.69785
-1.00726
1.33825
2.52393
-0.0328445
0.804127
1.78953
1.06144
-1.04356
2.56845
-0.49212
-0.765792
-0.0101977
0.468349
1.02877
1.16613
1.73319
0.999271
0.7207
1.52498
1.11728
-0.173319
0.973962
1.30623
0.143746
2.07657
-0.170052
1.82159
1.38693
1.83855
1.56393
1.23381
0.897287
0.113024
2.41839
0.136836
3.26174
-0.919999
0.431087
0.919957
-0.294426
1.27604
1.60687
1.39037
1.77954
0.320972
-0.947611
-0.374157
0.285164
-0.215616
-0.071368
1.73185
-0.509065
2.88281
-1.29612
0.12942
-0.227369
1.09702
0.0522223
0.0672752
1.40962
-0.688139
0.330331
0.525403
0.921137
1.1866
2.08306
1.71414
-1.97924
1.06189
-1.42852
1.16391
-0.104744
1.69169
-0.312083
1.0078
1.0678
0.76513
1.52502
1.18305
1.63411
0.534604
2.47613
-0.669362
1.3208
0.8838
1.93076
-0.356787
-1.53662
-0.753353
-1.16522
0.693945
-0.039621
1.17748
2.36099
-0.147316
1.30772
2.71826
1.17114
0.0866046
0.15375
0.399115
-0.205261
0.773698
0.592162
1.16174
-0.390546
1.98777
-0.72663
0.0791034
2.75201
0.131541
-0.548473
-0.224721
2.43867
1.48905
-0.938964
0.570014
0.885216
-0.935581
0.576154
0.582947
0.816695
0.792642
0.873528
-1.55037
1.25029
2.56064
1.07929
0.281241
-0.396404
-0.411986
1.47853
-1.30488
0.443912
-0.441325
-0.294379
2.04532
0.673331
2.00327
0.881006
-1.40212
-1.32283
1.71972
2.76704
1.8162
0.330847
1.6395
-1.1977
0.769354
-0.156537
2.40696
-0.0457674
-0.0659474
-0.206383
0.825521
-0.241995
0.586712
2.55244
1.76279
-0.296138
1.39343
1.60966
0.0932726
1.30954
2.42894
-0.843096
0.97798
1.50067
0.918446
-1.64884
0.43841
-0.190515
0.58238
-0.375329
1.15199
-1.58872
0.3782
-0.834724
-0.0651515
-1.88711
1.04628
1.10628
1.0294
0.131787
3.08418
-0.829746
0.75243
1.32645
2.18408
2.3157
-3.96103
-1.22283
1.76309
-0.750498
1.85471
0.468899
1.90099
1.14222
0.579819
0.235172
0.0370678
1.86401
-2.24174
-0.74918
0.57776
1.97221
-1.07793
-1.84056
1.08632
1.08735
1.03699
1.70623
0.85986
1.19181
-0.768546
2.07698
1.40612
3.17613
0.290017
-1.82737
-0.722699
1.33956
0.415376
-0.79366
2.866
-0.919619
1.56223
-0.837709
1.17727
0.0769146
-0.626602
0.29906
-0.530404
1.33224
0.0728557
0.751486
0.709474
2.02359
-0.46543
0.884933
0.917962
-0.359294
1.26692
3.4195
0.730106
1.75272
1.24157
1.95292
1.39807
1.1802
-0.687199
2.79272
0.598455
-0.539937
0.452807
0.89931
-4.40768
0.0875172
-1.94511
1.65942
-2.88092
0.977368
2.0804
-1.12261
-3.00383
0.558721
-0.0225083
0.151027
-1.02356
-1.61176
0.968164
2.98502
0.948836
0.236638
-1.55627
-0.15524
0.874877
-0.550779
1.67518
2.09793
0.300204
1.93787
2.56873
3.54007
1.06342
0.43453
-2.41578
1.69754
1.09295
1.34794
-1.54493
0.122967
