0.435248
0.51869
0.893211
0.579269
0.408556
0.434102
0.575445
0.653718
0.629508
0.507928
0.232018
0.400456
0.395083
0.289174
0.214967
0.160845
0.207629
0.0786268
-0.00286789
-0.2296
0.192352
0.462876
0.0985663
0.0712593
-0.0660475
-0.107145
0.165423
-0.112395
0.0217606
0.0180564
0.0517565
-0.144284
-0.299794
-0.140068
-0.127636
-0.169616
-0.105113
0.0795822
-0.0950938
-0.213422
-0.273254
-0.206471
-0.403274
-0.101528
-0.0592541
-0.169484
-0.294861
-0.341406
-0.229033
-0.212133
-0.167881
-0.438663
-0.914567
-0.760073
-0.851395
-0.8433
-0.679317
-0.781198
-0.513903
-0.586268
-0.716854
-1.09177
-1.43961
-1.27864
-1.33892
-1.33564
-1.34272
-1.31955
-1.06172
-1.0098
-0.920822
-0.576349
-0.607442
-0.944284
-1.36008
-1.43624
-1.36943
-1.4009
-1.61438
-1.60301
-1.45328
-1.78216
-1.84809
-1.97902
-2.15695
-1.72856
-1.36614
-1.30548
-1.43527
-1.37008
-1.3172
-1.1313
-0.743281
-0.422143
-0.333526
-0.270127
-0.210269
-0.330793
-0.133954
-0.202178
-0.128197
-0.247975
-0.261015
-0.226327
-0.280505
-0.0645198
0.090971
0.129323
-0.0471287
0.147605
0.145768
0.0683529
-0.212012
-0.375142
-0.334979
-0.225546
0.0444571
0.0282821
-0.158503
0.134199
0.187295
0.116793
0.139701
0.272012
0.319133
0.198263
0.469082
0.452452
0.431799
0.460437
0.582193
0.610376
0.799343
0.859467
1.04277
0.759355
0.533195
0.466808
0.484429
0.774864
0.885943
1.09384
0.961377
1.24187
1.54241
1.46079
1.33648
1.21508
1.16024
1.3232
1.15719
0.929818
0.771544
0.768807
0.606971
0.658919
0.823464
0.679829
0.8741
1.12016
1.04951
1.23544
1.10945
1.01799
0.910957
0.843281
0.808108
0.773237
0.995181
0.916634
1.04464
0.873479
0.707435
0.465781
0.224015
0.151912
0.0737595
0.22809
-0.0853043
-0.393157
-0.388628
-0.237871
-0.115349
-0.00545255
0.242757
0.358675
0.298622
0.377859
0.540116
0.319699
0.311464
0.469094
0.635237
0.801209
0.694914
0.922724
0.858219
0.847395
0.87481
0.874321
1.0489
1.03763
1.11613
1.08221
1.30485
1.24438
1.23739
1.13909
0.814183
0.853549
1.04737
1.11523
0.765401
0.628324
0.787261
0.630015
0.486106
0.473059
0.155052
-0.064758
-0.00615496
0.108603
0.134813
0.215013
0.43828
0.121355
0.111007
0.120007
-0.0848844
0.00627523
0.143039
0.195225
0.53621
0.310352
0.0367351
0.177855
0.394057
0.38536
0.274515
0.349195
0.395684
0.146706
0.178422
-0.118119
-0.246559
-0.297391
-0.450099
-0.236572
-0.238155
-0.136133
-0.212738
-0.255089
-0.0167492
-0.0499135
-0.295179
-0.373054
-0.449521
-0.380256
-0.328484
-0.366364
-0.591999
-0.479598
-0.60269
-0.856601
-0.972022
-0.849091
-0.640297
-0.765095
-0.814106
-0.771538
-0.986908
-0.896191
-0.915411
-1.32155
-1.25422
-1.33321
-1.15803
-1.24471
-1.36603
-1.28729
-1.03613
-1.32362
-1.26608
-1.12076
-1.1431
-0.879502
-0.852104
-0.734087
-0.688819
-0.787055
-0.691924
-0.596638
-0.442833
-0.730134
-0.653433
-0.806602
-0.672281
-0.817823
-0.826509
-0.949883
-0.987964
-1.21435
-1.5184
-1.61806
-1.6557
-1.5665
-1.29314
-1.48692
-1.37476
-1.59803
-1.7543
-1.80376
-1.9012
-1.46794
-1.73274
-1.51793
-1.50221
-1.30346
-1.39221
-1.56321
-1.69885
-1.8617
-1.9377
-1.87863
-1.87177
-1.81672
-1.80831
-1.72514
-1.70509
-1.76784
-1.3197
-0.995166
-0.866557
-0.742451
-0.701654
-0.622946
-0.263424
-0.40054
-0.193914
-0.23996
-0.230216
-0.232081
-0.209022
-0.191103
-0.246734
-0.292165
-0.152349
-0.0603191
-0.125532
-0.202694
-0.0373659
0.0023808
-0.133663
-0.03254
0.0910564
0.197016
0.526111
0.38889
0.294864
0.487794
