-0.114785
-0.248814
-0.429869
-0.631432
-0.738103
-0.721315
-0.873243
-0.787626
-0.826263
-0.923307
-0.848157
-0.631342
-0.709738
-0.829018
-0.742522
-0.660531
-0.813119
-0.84966
-0.598583
-0.649914
-0.385992
-0.334675
-0.531238
-0.801325
-0.475128
-0.674518
-0.577753
-0.848657
-0.821158
-0.761682
-0.923832
-1.11
-1.45194
-1.35447
-1.33381
-1.40137
-1.49528
-1.5903
-1.37851
-1.41871
-1.66828
-1.47502
-1.45098
-1.51421
-1.52028
-1.34025
-1.30406
-1.40227
-1.37603
-1.35656
-1.57818
-1.39985
-1.29722
-1.25878
-1.28963
-1.0473
-1.21037
-1.22986
-1.28533
-1.07785
-0.934707
-0.776849
-0.983822
-0.708525
-0.848352
-0.805935
-1.08564
-0.87761
-0.881239
-0.772786
-0.67972
-0.606348
-0.677935
-0.753627
-0.739424
-0.694487
-0.661959
-0.730117
-0.552564
-0.674281
-0.885507
-0.745693
-0.327965
-0.319946
-0.17476
0.0606616
0.127865
0.323419
0.186508
0.128745
0.220271
0.181432
0.162902
0.348254
0.0776935
-0.0469796
-0.224574
-0.537887
-0.880439
-0.853131
-0.848985
-0.956954
-0.852757
-0.910484
-0.729787
-0.684585
-0.91701
-0.902498
-0.779188
-0.609872
-0.58403
-0.778657
-0.812159
-0.742711
-0.731264
-0.653411
-0.739085
-0.89519
-0.85007
-0.765957
-0.906535
-1.14042
-1.21269
-1.1785
-1.02341
-0.915104
-0.56569
-0.354695
-0.216933
-0.17993
-0.0127486
-0.0441906
-0.00158362
0.273639
0.414139
0.237143
0.256054
0.0909538
0.0202658
0.121646
-0.222327
-0.0625888
-0.149191
-0.208752
-0.329402
-0.122926
-0.122704
-0.334529
-0.365593
-0.316232
-0.415055
-0.377561
-0.506074
-0.290988
-0.169006
-0.227363
-0.16284
-0.181349
-0.115742
-0.0413364
-0.0791551
0.00374694
0.162512
0.000382634
-0.0212573
-0.352565
-0.247478
-0.192194
-0.275205
-0.453953
-0.581417
-0.482246
-0.572709
-0.685763
-0.615874
-0.64194
-0.407878
-0.412539
-0.324885
-0.297012
-0.453895
-0.553821
-0.478735
-0.461444
-0.648394
-0.493158
-0.437348
-0.32777
-0.35196
-0.400936
-0.437341
-0.280172
-0.257459
-0.166013
-0.401508
-0.447129
-0.211858
-0.248638
-0.343804
-0.203834
-0.184911
0.0726963
0.144418
0.144396
0.259712
0.472041
0.359644
0.307407
0.350135
0.323443
0.355492
0.489461
0.373381
0.481842
0.31208
0.205005
0.214491
0.445244
0.314689
0.347137
0.503436
0.286516
0.246224
0.0277903
0.26406
0.139799
0.133317
0.046536
0.152893
0.0977863
0.192591
0.215133
0.364077
0.336443
0.324752
0.422866
0.414336
0.46251
0.613915
0.7953
0.717372
0.793395
0.871087
1.0075
0.852724
1.01428
0.807551
0.828983
0.62005
0.623028
0.563362
0.646158
0.682372
0.679733
1.02113
1.02161
0.88703
1.21938
0.923644
0.703172
0.284641
0.153783
0.228415
0.207619
-0.0521874
0.0184287
-0.109027
-0.150948
-0.151972
-0.215854
-0.322159
-0.304972
-0.360646
-0.43728
-0.59917
-0.387686
-0.479467
-0.397431
-0.216677
-0.399335
-0.405878
-0.381697
-0.514809
-0.563561
-0.506413
-0.603162
-0.49899
-0.699521
-0.869761
-0.914097
-1.00355
-1.07808
-1.19291
-0.859186
-0.703772
-0.870967
-0.855768
-0.73044
-0.646436
-0.721861
-0.352837
-0.410217
-0.253692
-0.173204
-0.532842
-0.387372
-0.497916
-0.582001
-0.296669
-0.439257
-0.438667
-0.231382
-0.226072
-0.0466334
0.034478
0.0706641
-0.112776
-0.132615
0.00921132
-0.257154
-0.14748
-0.0724377
-0.19947
-0.344278
-0.322363
-0.0559843
-0.17937
-0.201188
0.0354186
0.255586
-0.00174196
0.240524
0.223783
0.200847
0.253619
0.292006
0.228428
0.435916
0.517481
0.369903
0.406733
0.506651
0.480538
0.456518
0.66168
0.659889
0.74431
0.855807
0.854189
0.698756
0.784829
0.685563
0.695443
0.800353
0.682837
0.722281
0.826411
0.791171
0.923205
0.77337
0.762514
0.73041
0.723707
0.545045
0.349171
0.141537
0.0741327
0.111898
0.2828
0.252559
0.266225
0.364717
0.364968
0.333381
0.307509
0.353949
0.350636
0.43687
0.388422
0.416051
0.0995136
-0.0309928
-0.139714
-0.231745
-0.240935
-0.297264
-0.286228
-0.60049
-0.587623
-0.454944
-0.439694
-0.275643
0.168367
0.041067
0.0536438
0.0405378
-0.0138144
-0.290052
-0.43423
-0.300722
-0.124887
-0.292615
-0.119363
0.00231213
-0.249902
-0.242777
-0.0344681
0.195724
0.173389
0.388287
0.436982
0.394406
0.370362
0.286978
0.0304056
0.286915
0.25463
0.279982
0.204078
0.0600845
0.0021311
-0.0919144
-0.144787
-0.275845
-0.338156
-0.0636382
0.179062
0.222591
0.245646
0.2082
0.254804
0.240135
0.126967
0.308543
0.368754
0.159885
-0.0139723
0.0724506
0.00880272
0.00674029
