0.767686
-0.0519482
0.343212
-0.189921
-0.977881
-0.491364
-0.927105
0.495559
1.67105
1.06845
1.59902
0.969558
0.261067
0.663984
0.453467
1.05396
-0.868366
-0.552586
1.33868
0.234599
0.358047
1.16479
-0.82395
0.903905
-0.647073
-0.769692
0.740356
0.999049
0.0676154
0.500577
-1.20183
0.882014
1.10477
1.60778
2.13829
-0.0882002
-0.205747
0.610503
-0.351539
1.00369
0.681278
1.10531
1.65156
1.01013
0.621927
-0.153656
1.36721
1.49198
1.47175
-0.326566
-0.439234
0.317411
0.0162498
0.457193
1.42177
0.0869431
-0.322291
0.0714576
-1.60319
1.27621
1.05856
-1.9693
-0.227929
1.70197
0.139264
0.125483
1.45316
1.09719
0.682511
0.305499
1.01133
-0.935539
1.02428
0.801642
1.00507
1.36555
1.25485
0.196686
0.817784
-0.0269722
-0.387203
0.402205
1.26505
-0.567147
-1.25107
1.39413
-0.520795
0.519872
-0.700626
-0.257202
0.646063
-0.682402
-0.811937
-0.426452
0.517578
0.745896
2.01757
1.23438
1.58483
-0.443557
1.51071
0.0124737
2.20846
1.20183
-0.0147582
0.0187321
2.05746
0.413852
1.0187
-0.300546
1.25036
0.484052
2.23803
1.52531
-0.590881
0.693945
0.320791
-0.224944
-0.697194
-0.258424
-1.17796
1.23406
0.940705
0.505543
1.3266
0.313621
2.1604
-0.391317
1.58454
0.660763
1.03939
0.238015
0.803232
2.07057
-1.9995
-0.496307
-0.89115
-0.70301
1.45031
0.793694
0.545807
-0.544523
1.0021
1.80731
0.927307
1.28385
0.426652
0.265329
1.43134
0.283541
0.304363
3.16809
1.11011
-0.657171
-0.0764254
1.4776
0.626162
1.29964
0.608253
0.892678
-0.163389
-0.146297
2.27744
3.37008
0.322805
0.313836
1.72458
0.179996
0.243563
2.14429
-0.113759
-0.225443
0.452735
-0.535188
0.964615
1.01715
-1.49611
1.42573
1.84473
-0.781724
1.55433
1.7847
-0.431938
1.21683
-1.56961
-0.174016
-0.860482
1.19969
-0.315057
-0.82625
0.162422
2.03757
0.143823
-1.06365
1.35804
-0.256798
1.00821
1.48665
-0.0937915
1.69176
-0.972999
1.00922
-0.357915
1.68448
-0.212197
-1.80917
2.17025
1.32844
-0.115644
0.178567
-0.176732
-0.215535
-0.360668
0.23567
-0.215476
1.13886
1.65433
-0.688622
-0.0785296
-0.301755
0.856492
-0.813496
0.29491
0.908923
0.613431
0.125758
0.163884
0.239971
1.74684
0.0154941
1.10135
1.07684
-0.171255
0.194989
1.23409
-0.500206
2.29465
0.0948386
-0.62029
-0.0505918
0.444306
-0.615039
0.619368
1.3709
1.89542
1.69501
0.80855
2.69031
1.61484
1.40357
0.933387
0.515189
0.21754
-0.207795
1.18227
1.0668
0.3553
1.14726
0.278097
0.491561
0.971395
-0.69004
-0.889517
0.467855
0.953996
0.440385
1.90038
0.145017
-2.40893
-0.969111
2.33756
0.124098
-1.50749
-0.00797349
0.887298
2.64768
1.82281
0.61019
0.270272
1.14233
1.06813
0.331304
0.127239
1.38787
1.14262
0.655468
-0.658906
1.37919
0.419582
1.75857
0.51909
0.354296
-0.854265
2.2576
3.10277
1.23106
0.885299
0.303972
0.598676
-0.363283
-0.771269
1.35574
0.556293
0.403662
-0.0650354
0.97045
0.405011
0.82041
1.53049
0.942147
1.37822
1.01984
1.08789
0.799281
0.909254
0.15406
-1.2614
0.762551
-0.213683
-0.070211
0.0166708
3.48618
2.13026
1.58818
1.11326
1.18026
1.04581
-0.334473
-0.632554
0.353225
0.59462
-0.552583
0.502954
1.57263
-0.520859
1.4646
-0.375315
0.324957
-1.24913
-1.31977
0.58496
0.493824
-0.618241
0.55003
1.12276
1.70259
2.37134
-0.395592
0.954897
1.72
0.175819
2.12729
1.23545
-0.253873
1.05505
3.00196
0.199715
-0.481697
0.626021
1.1864
-0.222164
-1.83224
0.632454
0.769737
0.144663
0.603087
-0.299904
-0.182796
0.197545
-0.194394
0.765232
-1.3375
0.553489
1.29833
-1.66331
1.09135
1.02488
-0.731899
0.0650574
-0.860255
0.0199471
-0.275364
-1.13433
0.124474
-0.505447
0.878187
0.234063
1.25591
0.635965
0.300654
0.990067
2.78714
1.49942
-0.505474
1.89337
1.20895
1.56336
2.19052
-0.544708
0.604126
0.721564
1.74614
0.744847
0.946439
1.4834
0.784404
1.25679
0.72141
1.98691
0.823651
2.52358
0.0880618
-1.24158
-0.147085
1.32938
0.706193
-0.0781618
1.13124
1.89913
2.84374
-0.38163
0.631384
0.18807
-1.23209
-0.226483
1.73011
-0.50763
1.12607
0.899822
-1.82116
-0.406766
0.909586
1.58175
0.0499288
1.70799
0.893167
2.20402
-0.623236
0.155503
-0.51587
-0.133735
-0.53081
-0.99281
-1.53345
0.597654
0.378653
1.13265
2.68285
-0.249625
-0.497485
2.33509
0.774984
0.525476
0.526985
1.21531
-0.559712
1.9045
0.519118
0.746576
-1.65697
0.528654
1.73002
1.2372
0.693275
1.61084
0.956371
1.49496
2.47655
0.222223
1.57151
1.75612
0.634225
0.218297
0.691284
2.33084
0.940618
1.65464
0.963562
-1.1755
1.31222
1.69839
0.706161
0.424583
-0.0655405
1.31837
0.0804297
0.615452
1.62595
0.399215
1.64242
-0.536834
0.534182
2.68727
0.649906
0.26363
-0.0366711
0.693405
0.918447
0.61121
0.573843
0.204786
-1.41346
-0.676155
-0.719871
1.78038
-0.31701
1.65836
1.09529
-0.547705
1.34771
0.92463
-1.55168
0.385518
-0.0394109
0.0805878
-0.0514887
0.469722
0.315735
1.16975
-0.113472
1.2697
0.383451
1.68525
1.68124
-1.48192
-1.12916
1.39853
0.950003
-1.19985
-0.165207
1.05341
-0.833416
-0.347337
1.51957
1.99513
1.66054
2.11831
1.7656
-0.141057
0.654906
0.19221
0.479851
0.42458
0.369425
0.864286
-0.350485
0.249239
1.47592
1.81232
1.06495
0.0807353
-1.03506
1.28843
0.261785
-0.0334215
1.4914
-0.569395
1.87606
0.704284
1.22396
0.0442194
0.15431
1.08696
1.65116
-0.375777
-0.662213
0.170665
-0.62299
0.452033
0.852545
-0.0842398
0.764895
-0.585605
-0.188141
1.5753
-0.623528
-1.05884
-0.55339
-1.3575
0.605674
1.316
-0.532308
0.655291
-0.0488325
0.102864
0.876506
-2.19083
-0.618167
0.969722
-2.44732
-0.975585
-0.37709
0.0535516
1.78669
0.0868845
-0.762684
-0.51474
0.765339
-0.244594
1.63896
0.746936
0.189993
0.999066
0.265556
0.250501
-1.43528
0.127817
1.57195
0.268245
-0.694349
0.325165
-0.486935
0.482216
-0.250802
0.150044
0.135733
-1.41185
0.63497
-0.834872
1.54766
1.80808
0.534372
-0.165039
-0.0635933
-1.55413
-0.702048
0.133013
0.601694
2.21457
2.07829
-0.216649
-0.0969719
-0.363792
-0.904167
0.738742
0.581938
0.819139
-0.723559
0.655333
0.50017
1.93103
1.64582
1.09522
-0.315251
0.733862
0.91599
2.20652
0.511263
1.50825
-0.802261
-0.204248
-0.649431
-1.50179
-1.66512
0.812822
0.2852
0.30493
-1.26199
0.508289
-0.261792
0.800627
-0.21366
-1.87184
-0.216259
1.56996
1.12103
1.76627
1.58566
1.06375
1.35417
0.209224
0.903457
-0.0363792
-0.0166622
2.15714
0.332567
0.0515653
-0.457605
-1.15871
-0.497338
-0.144831
-0.587356
-0.030566
-0.679223
-0.554281
-1.38026
1.6615
1.12412
-1.06414
0.60283
-0.117065
0.470819
2.37305
1.87939
0.163497
-0.290845
-0.261958
1.39344
1.92622
0.720722
1.55557
-0.725752
1.20387
0.704008
0.591736
-0.454561
1.79372
0.124815
0.708262
0.797593
1.88762
3.25993
0.703753
1.24558
0.432477
-0.407304
2.43242
-1.56221
-0.74147
-1.16326
1.3764
0.661057
1.47936
0.724141
0.804932
-0.59163
-0.43097
2.69663
2.52594
-0.325057
0.591858
1.17187
1.70585
0.967092
0.253187
0.479151
-0.0216425
-0.600452
1.84765
1.32122
0.982278
0.659392
1.78304
-0.0263732
-1.06742
0.804782
-0.609863
1.34968
2.37659
0.481815
-0.983302
0.976055
0.903594
1.79677
1.35387
-0.140616
1.07944
0.282553
0.787453
0.6331
2.2312
0.278193
0.773162
1.57244
0.399501
-1.09145
0.725325
-0.279375
-0.205301
-0.245951
0.138931
-0.501939
0.316788
2.11216
1.83137
1.26387
-1.22221
0.691964
2.94445
2.25109
0.973152
-0.207972
0.0954695
0.561174
1.51869
2.55868
0.438419
2.5564
1.57996
1.63503
-0.585215
-0.756309
0.481764
0.0792004
0.291645
0.581258
1.06385
1.71655
-0.867401
2.48527
0.339032
-0.211962
2.22467
1.89351
0.62358
-1.2688
-0.615301
0.909062
1.29103
0.183201
1.46583
0.0152909
1.29873
0.0846922
0.978241
0.138635
0.255641
0.635233
-1.7076
0.281048
0.0781305
1.30796
0.777865
1.29423
0.844309
-0.60242
0.401995
-0.849321
-0.0971167
0.0593024
0.261398
0.446492
0.674357
1.39158
0.706004
0.985691
1.49714
0.845596
1.48146
0.25173
-0.284714
2.01425
0.954588
0.307075
0.43091
2.87249
0.0341396
0.680512
1.05611
1.70415
2.07284
0.522712
-0.279356
1.24354
0.161316
2.6491
1.56831
-1.48719
1.11527
0.875726
-1.2246
0.166264
1.34448
0.234655
-1.94435
0.457227
1.36828
0.652746
0.180993
1.19802
0.590024
2.76277
0.562828
0.0368593
0.321262
0.370544
0.737195
0.0763091
1.28395
0.25588
0.265945
2.13929
1.39952
-0.059903
0.833035
-0.505792
0.867447
0.627026
-2.38774
0.0568239
-0.937636
0.778178
1.79957
1.62878
-0.955066
-1.03479
-0.585173
-1.582
1.10366
2.44283
-0.295494
-0.956629
0.399365
2.58621
1.81589
-1.00326
-1.02605
1.10944
0.709445
0.401005
0.26998
-1.70182
1.15
0.315429
1.07502
-0.182239
1.53949
-1.28096
0.531859
-0.105691
-0.867778
1.41776
1.36302
-1.85748
-1.53598
0.664792
1.33059
0.895559
1.85686
0.405206
-0.635678
1.52492
1.15066
2.04982
1.04573
-0.220441
-0.362633
0.236808
0.478844
-0.241746
1.97337
1.1536
-1.1881
0.903697
0.0482998
2.24161
0.923471
-0.458993
0.175764
0.462944
-0.413567
-1.89642
0.0205156
-0.171167
1.68923
-0.343589
0.0496031
0.241157
-0.713209
0.610995
0.52853
0.105236
0.460316
0.283941
1.07843
-1.15082
0.519505
0.0360469
1.797
-0.266544
-0.245179
1.60757
0.734378
1.41284
1.64221
1.84253
0.163165
1.69165
0.765208
0.702739
0.506719
-0.393134
-0.43018
0.309411
1.39957
0.193014
-0.347216
1.98106
-0.624381
-0.991876
-0.0908507
2.06541
1.9943
-0.88091
2.60146
2.54604
1.07844
0.596303
0.673138
-1.10629
1.18865
-0.894578
0.795801
1.52068
0.41122
-1.08999
0.737474
-0.546286
-0.361086
1.09216
1.31465
-0.202728
-0.40349
0.706874
0.299602
-0.0565918
0.189442
0.825588
0.102091
-0.21909
1.59317
0.684427
-0.209902
-0.777264
0.80049
2.23872
0.562115
0.895143
0.298579
2.02884
-0.112767
2.1662
0.0378559
-0.228988
2.04084
0.349402
0.352705
-0.556528
2.57119
0.769749
1.02128
0.33855
-2.69099
-2.00309
0.733501
0.186326
1.45922
0.145621
-0.799608
1.10028
-0.057556
0.535771
0.441348
0.0664109
0.415073
1.2204
-1.33083
2.11373
1.40901
-0.285451
2.49425
0.578601
-0.516832
0.661241
1.64403
0.388777
1.46605
0.867168
-2.68738
-0.0940272
0.169242
1.46697
0.109766
0.0373657
1.06505
-1.73349
2.59426
0.899362
0.797255
1.78107
0.961207
0.436497
0.312364
0.737309
1.1387
-0.917003
0.832571
0.992269
-0.0022017
0.138103
0.531176
-0.130668
0.183558
1.2101
0.98809
0.809129
0.0990677
0.509395
0.678972
-1.23463
-0.845428
1.97078
-0.854526
-1.63239
-1.61744
0.827643
2.06123
0.104578
-0.0413979
-0.620013
-0.0996438
0.287126
-0.163298
-0.315665
0.144377
0.400196
0.447876
-0.069119
-2.08248
0.952211
-0.833533
0.237514
1.45925
2.83168
1.59893
0.921847
1.19117
1.17399
1.14015
0.0738589
0.794338
0.844469
-0.40908
1.2017
-2.30998
-0.620892
0.286624
2.40836
-2.51304
0.120965
-0.0847527
1.35459
0.882754
0.718898
1.4926
-1.15872
-2.08151
0.171235
-0.454575
-1.32593
0.793323
-0.233997
0.0197021
1.04923
0.377431
0.413886
-0.399946
1.5501
0.959249
0.20022
-0.235711
-0.188807
0.250735
-0.845934
1.06714
-1.04213
1.72531
1.32302
1.01416
0.24975
0.914328
1.11763
-0.0883651
-0.0549423
1.10096
-1.44221
0.531178
-1.91359
0.257172
1.10505
1.70927
-0.311367
0.738815
0.0921187
-0.037148
0.595549
0.0170846
-1.11187
0.764583
-0.155478
1.84984
0.748232
-1.11983
1.62129
0.207916
1.3684
-0.754524
0.222297
0.340578
0.0361562
0.949382
0.0134882
0.260094
-0.259405
0.423003
0.476208
0.463448
0.359255
0.126136
0.846528
1.34
0.138731
2.07307
0.962603
1.51275
-0.464863
0.454875
0.397722
-0.359043
2.01894
2.38143
1.43124
-0.200347
1.895
0.649588
1.45784
0.737116
0.936297
0.560817
-1.00642
-0.373366
-0.113583
2.40029
0.545487
1.84724
1.05267
-0.0871886
0.18741
1.46862
1.35112
0.00420461
2.40703
1.00254
1.43051
0.0340873
0.540072
-0.907058
0.150647
2.177
1.12254
0.934579
0.984643
0.872938
1.11612
2.38194
0.0150185
1.89858
1.93365
0.426847
0.126025
0.441479
0.788539
-1.07712
0.0702915
0.49115
-0.174928
1.10102
0.186584
1.13847
2.2502
-0.780602
0.117213
-0.936465
1.10369
1.05071
-1.38682
2.56719
-1.34247
-0.753233
0.241825
1.28476
0.413094
1.97578
1.49886
0.906222
2.64883
-0.181016
-0.864223
0.393799
-0.0268475
-0.033318
1.42774
0.395404
0.317959
1.24757
0.47551
-0.322897
1.59156
-0.838571
0.228715
1.01452
0.150775
-2.07111
0.540626
1.76286
0.831675
0.908918
-0.468591
0.473203
-0.0231716
1.23793
-0.569765
2.37925
1.03271
0.208727
1.1679
-0.356181
-0.876182
0.594154
-1.06936
0.110724
0.41942
0.500835
-0.812017
-0.246673
-0.167188
0.418628
0.610662
1.08373
-0.126454
2.02098
0.553888
1.10142
1.32803
-0.0101124
1.21022
1.25871
2.33146
0.663181
-0.156843
0.730557
1.26561
0.552653
1.31991
1.40717
-0.389376
1.10727
0.465448
0.554695
1.36258
1.98836
0.884653
1.25112
-0.450744
0.363434
2.45964
1.7853
0.789869
0.947859
-0.645017
1.30304
0.519001
1.68192
-0.877391
0.0651049
0.716597
1.04803
0.366849
0.150915
0.0291989
0.877647
0.653238
0.116961
0.341858
-0.774021
2.38006
1.94368
0.532349
0.259219
-0.477208
-1.21605
2.40937
2.48679
0.223956
0.192381
0.0984881
-1.59838
-0.280656
1.56583
-0.112435
-0.855045
0.106083
-0.175019
0.985187
2.47787
1.68386
0.160013
1.56182
1.2257
-1.92549
0.675774
1.68814
0.690562
-0.390419
-1.09263
-0.377253
-1.13137
-0.398076
2.22614
0.61829
0.729185
1.34892
0.875314
1.88906
1.27389
-0.578703
0.708686
-1.12791
0.908691
0.489448
-0.569935
2.54405
0.795454
0.428783
1.67024
0.527962
-2.2808
0.589031
2.28832
0.0131439
-0.97158
1.1222
0.667361
0.34158
-1.39637
1.73434
-0.260744
0.651837
0.65417
0.126148
1.25327
0.164232
1.75122
2.17864
-0.275185
0.844488
-1.1011
1.2435
0.778369
1.17518
0.324633
-0.980277
0.849549
0.798073
-0.798497
1.73512
-0.44618
-1.75474
0.0541644
-0.902166
0.632064
1.0493
1.15577
0.852137
0.561614
0.734922
-0.103538
-1.89464
-0.287129
-0.531444
0.89434
-0.450913
0.558005
-0.582225
0.618801
1.05355
1.60947
2.22972
0.580334
1.2791
2.24379
0.588509
-0.570061
0.0659735
-0.396943
-0.497512
1.53736
-0.579025
-0.656458
1.71346
2.05015
0.452818
-0.285204
0.898703
1.30431
1.42986
0.607495
1.88752
-0.837451
1.34396
3.38703
-0.12319
0.888471
-1.10885
-0.0578299
0.352227
1.85474
-1.32385
-1.93968
-0.212195
1.05288
-1.04575
0.601834
-1.06617
1.40913
-0.968493
0.332646
0.689
0.246378
1.9959
2.6741
-1.96385
0.355715
0.242699
2.48536
1.20498
1.48605
-0.168624
0.455291
0.180914
0.285185
0.92419
0.982595
-1.32171
-0.248833
0.701565
2.25889
1.74659
-0.718837
1.88778
0.835145
1.32297
0.300147
-2.09976
2.08193
-0.564612
-0.210478
-0.0023483
1.03738
0.287754
-0.379464
1.12612
1.73512
1.36015
-0.240362
0.494792
1.10285
-0.433963
-0.441778
-1.2227
-0.386449
2.31069
-0.736036
0.641205
-1.52127
-0.26848
-0.26915
0.364442
0.844623
2.60597
-1.08328
0.980857
-0.993956
0.0301999
-0.430077
-2.94529
0.622427
0.625671
0.0380869
1.55807
0.0744203
0.0992586
-0.339126
0.43432
1.68773
0.127767
0.414495
2.33278
0.964902
1.07409
0.0974623
-0.556365
2.31552
-0.644801
-0.837354
2.12236
0.328996
0.433856
-1.63771
-0.602793
0.454098
2.27836
-1.59614
0.224319
0.03527
1.74836
0.338166
1.41061
0.564737
2.63145
0.982436
-0.407483
0.429788
-0.0201331
1.52988
1.60501
-0.370514
0.684584
0.956105
-0.0189063
0.832653
0.966076
2.5178
0.812138
0.998258
1.87898
-0.162184
1.16658
-0.00780175
-0.584259
2.16724
0.554111
-0.612786
-0.245264
-1.75909
-0.501569
1.48719
0.68566
0.891373
1.19368
-0.502965
0.378292
1.07431
-0.190528
0.096665
-0.934474
1.99341
0.828139
0.552234
-0.533562
1.90095
0.214135
-1.57818
-0.212785
1.63976
0.321797
0.168894
1.2092
-0.186353
0.278452
1.25146
1.02659
-0.220839
1.06027
0.113155
1.22624
0.168268
0.378874
0.0391569
0.754762
2.25525
-0.881284
-0.592573
-0.589158
0.0314941
0.490494
0.417208
1.16957
0.861496
-1.70584
1.38937
1.08324
1.26737
-0.021482
1.1641
0.147661
-0.0130923
-1.38016
0.554594
-0.689284
3.29207
1.07372
0.381032
0.691663
0.0702874
1.01831
1.5703
1.31513
1.57494
1.2573
-1.23513
0.123975
-0.348946
-1.13856
2.0206
0.745007
-0.0172616
-0.870007
0.87768
0.269772
-0.0129582
2.26318
-1.9585
1.37484
2.02804
0.156062
1.7011
0.479339
-2.1295
0.806949
1.84008
1.58986
0.372445
0.873914
0.985802
2.23306
-1.03094
-0.512265
-0.300483
-1.87074
1.43217
1.54842
0.361916
-0.309835
0.287253
0.676853
1.45124
0.0964156
0.348333
0.365633
1.42484
-0.197395
0.797804
2.44131
0.552298
0.908115
-0.0155493
1.14995
0.896785
1.39393
-0.761267
0.550398
-1.58626
-0.367926
-0.332432
1.27579
0.329172
0.146729
-1.58039
2.20072
-0.776955
1.64893
1.68919
-1.40671
-0.0644202
1.53264
-0.587424
-0.0733485
0.242925
-0.154869
-2.54124
-0.239102
0.612842
-0.440937
1.41159
1.77432
1.87986
0.0272954
0.919713
0.761078
1.28255
-0.873882
1.59578
1.79196
1.63406
-1.96007
0.407825
-1.41999
1.0575
0.943005
0.371528
0.671768
2.12743
1.39992
2.18307
-1.70267
1.53678
0.589766
1.81807
0.40247
0.0940914
0.588149
0.754162
0.215072
2.81684
1.05318
1.59072
1.32685
0.0857192
1.60711
1.10849
0.82676
2.17557
0.820481
1.26855
0.838989
0.609453
0.866415
1.54485
-0.476681
0.89064
1.45263
1.06385
0.315169
0.147135
-0.408029
0.480655
2.08456
1.18024
0.979711
0.353383
2.37016
1.13802
0.277517
0.589447
1.24716
2.18707
2.18761
-0.656092
-1.03195
-0.4932
1.51442
1.83178
0.766099
0.61957
0.563047
1.33825
0.316579
0.0652077
1.54476
-1.07848
0.340049
0.440036
1.23589
0.758692
0.644975
-0.335957
2.22168
1.17783
-0.462612
1.43924
0.0418605
-0.0193936
1.91686
0.319516
-0.906564
0.940061
-0.524071
2.4655
1.83061
1.94275
2.29038
2.14169
0.0508715
0.317962
0.871557
1.84765
0.00875963
1.11386
-1.63041
0.455199
0.192778
-0.216367
-0.0309837
0.154218
-0.287815
-1.37046
1.22713
0.820993
0.256644
-1.04113
-0.309991
1.77394
0.995187
0.710514
-0.277391
1.77754
-0.943873
1.85888
-1.39606
-0.471969
0.190108
-0.404375
1.73374
1.42871
0.749841
1.98911
-0.90735
-0.0467458
0.306501
0.786866
0.869204
-0.317443
1.11359
0.520712
0.780731
0.221534
-1.43788
-0.205902
2.45901
-0.0935605
0.952905
-0.248712
-0.632053
0.928663
-0.356381
1.67174
2.13085
0.3936
1.19706
1.38345
-1.98293
1.88654
0.0236116
-0.32739
1.22933
1.13537
1.2183
-0.94446
-0.278725
-0.596452
1.69069
-1.51328
1.41181
1.23492
0.256944
1.46227
2.30849
0.424188
-0.533594
0.666781
1.54449
-0.907196
0.0966692
1.22218
1.02964
0.00677869
-1.11359
0.698701
0.0816169
0.0557728
1.55632
0.0619491
1.36642
-0.340787
2.96546
0.0700148
1.4126
0.10411
0.981137
0.643678
2.25406
-1.04835
1.68633
0.0563509
0.20377
3.357
0.135732
1.11658
1.62162
0.573351
-0.963683
0.875706
1.56395
1.33249
-0.169887
-0.355637
1.60531
0.0256818
2.4596
1.22728
0.921811
3.60987
0.901409
0.77436
1.64669
-0.509958
0.135006
0.489686
-0.135479
-0.234147
0.549432
0.387186
0.561911
0.744043
-0.186802
0.426686
2.02697
0.208984
0.384698
0.0911403
1.75118
0.405993
1.75747
1.05593
0.303845
-0.661517
1.53495
-0.326209
0.803571
0.313959
0.492667
-1.21349
0.810653
2.23256
1.01142
-1.04959
1.29607
-1.1317
-2.1897
1.86121
0.514813
0.726504
1.43146
1.52526
0.941538
-0.44366
-0.700955
0.798123
0.888434
-0.0244826
-0.912316
0.402228
0.408988
-0.485974
0.858393
-0.279728
0.685304
2.77235
0.261072
0.536414
0.401922
-0.402496
-0.297137
0.118765
-0.536024
0.0556218
0.980551
0.26099
1.47611
1.28855
-0.454966
0.810538
0.0967112
1.44443
0.320696
-0.820438
1.08835
-1.84729
1.27676
0.0738986
-0.0191367
-0.314714
1.23425
-0.646297
0.345431
1.9728
0.184198
0.12259
0.672505
2.31969
0.742899
0.574579
0.634136
1.42613
-0.587876
-0.199512
0.544936
0.269184
-0.198936
0.795941
1.63508
0.396854
-0.88318
0.516035
-0.501779
-1.7621
0.113715
0.778047
1.88819
-0.0301889
0.833459
1.9426
0.791633
2.25855
0.200981
0.0560187
0.472332
0.645591
-0.376895
0.986639
-0.0940538
0.591273
0.791838
-0.779323
2.2167
-0.420711
0.553787
-0.450073
0.718977
0.591202
0.652792
-1.65971
0.709532
-0.676934
-0.118722
-0.509883
-0.255075
0.723846
0.0545062
0.585562
0.338543
0.364654
-0.378258
-1.98951
1.34437
1.23248
0.0517983
-0.124393
2.06332
1.02101
-0.182015
-0.461533
0.408941
0.995474
3.00377
-0.928142
1.36622
-0.262711
-1.14679
1.13705
0.350801
-0.0552806
0.559281
0.594459
0.651148
0.767007
-1.67998
0.203995
2.01643
-0.0730729
1.0423
1.94539
1.3961
-3.73648
0.218573
1.13586
0.82403
1.64501
2.336
0.183381
2.31562
1.04827
1.71834
0.830609
0.96322
0.446668
0.591855
1.20598
0.410279
0.27744
0.355775
1.75407
0.953118
1.13339
-0.268867
0.167476
0.123083
-0.44997
-1.5818
-0.503527
0.588333
0.446752
1.11534
0.937339
0.656193
0.575798
-0.666308
2.04436
-0.59205
2.15252
0.713702
2.39019
0.460061
0.915627
0.0747853
1.13949
-0.917812
1.54355
0.95229
0.483919
0.816122
-0.438866
0.0915377
0.236696
0.874167
-0.580734
1.55865
0.641808
-1.51824
2.4632
-2.24348
1.58401
-0.0510129
1.705
0.715372
0.215632
0.40033
1.2706
0.350643
-0.11871
0.496082
-1.55069
1.11652
1.66408
0.556869
0.67167
0.661042
1.55449
-1.05842
-0.890537
0.504261
-1.59499
0.548205
1.96397
-0.0909134
0.487486
1.64325
-0.372402
0.648573
1.84095
-1.00102
0.750787
1.15446
0.0974584
0.884345
1.17521
1.54086
1.27943
-0.227488
2.31522
1.47862
0.113143
-0.187617
0.233323
3.22567
1.51609
1.00175
0.832879
0.34975
-0.506808
-0.343583
-0.236688
3.14791
0.0685244
0.505821
0.0449196
0.102087
1.70355
0.640906
2.26999
-2.33276
0.328508
1.04234
-0.0811121
1.0334
1.95573
1.16388
-1.54857
2.04018
1.37162
1.03419
0.885215
-0.161208
1.05766
0.230786
-0.354326
1.29605
2.45554
-1.03245
0.0878821
2.2829
-0.162391
1.61239
1.18574
-2.1373
0.46935
0.79701
0.566158
1.40919
-0.0299157
-0.118264
0.464128
0.874588
0.773992
-0.299925
0.466532
-0.162977
0.0765009
1.47163
0.744816
1.29686
-0.127156
-1.24893
0.308127
0.123562
1.8914
1.98023
-0.666213
-1.33428
-0.164522
0.565346
1.50719
1.45433
0.292187
-0.469334
-0.804777
0.893893
-0.541666
-0.588167
0.469728
0.0145984
0.515287
2.01599
0.494771
-0.529767
0.73475
-1.07442
0.925336
-0.0903179
2.68915
0.480481
0.912753
1.40605
1.36012
1.95343
1.18172
0.469058
0.340748
2.37287
-0.143268
0.327832
1.43245
0.984988
0.660906
0.925507
0.643698
0.510432
0.830775
0.686863
0.029563
-1.19472
1.37327
-0.413641
0.974515
-0.0844396
0.0768745
0.883914
0.674009
-0.360104
0.230627
0.220675
0.946384
0.590177
-0.466317
0.460731
1.77058
0.40693
1.55257
-2.18091
-1.03375
1.73169
-0.355389
0.289085
-1.10376
-1.29208
2.12758
1.21471
0.409489
2.10117
0.02022
0.444738
0.323277
0.653937
0.872991
-0.120112
1.17315
0.608408
-0.566171
1.02421
0.793471
1.50949
1.41842
1.86236
1.06119
2.36296
0.111029
0.405944
-0.550482
-0.333296
0.551961
-0.699284
-0.505605
-0.401419
1.00573
0.39948
1.66049
1.31379
0.642752
1.22404
1.33397
0.546893
1.82756
0.393215
-1.57171
1.77369
2.18465
1.96221
-0.0984124
1.39949
0.891815
2.026
0.88129
0.0331411
1.03361
0.143566
0.254946
1.80958
2.0381
1.64173
-0.344915
1.76624
-0.534404
0.313776
1.09733
0.662778
0.0790033
0.655546
1.94772
0.391757
-1.34754
1.04832
0.564956
2.12094
-0.350012
-0.782251
0.418569
0.891316
1.51007
0.915941
0.737782
0.837296
1.51473
1.42833
1.10261
-0.493881
-0.314783
0.873375
-1.0637
2.20827
1.11627
2.86083
-0.0234314
0.654263
0.642419
0.113746
0.14481
1.28802
0.524715
-0.604925
0.737124
0.987787
0.182007
0.276971
0.195472
1.58666
-0.812645
0.847437
-0.0174009
-0.684581
0.713723
1.12495
2.11601
-0.0256336
1.35694
1.12004
2.0371
1.52083
-0.919876
0.546155
1.09251
1.55284
0.630936
0.697786
1.72127
1.39145
-0.633688
1.53934
1.39709
-0.677911
0.456344
-0.794676
1.77274
0.728348
0.308713
-0.103523
-0.215064
2.0232
-0.594899
-0.188497
1.61424
1.88425
0.370522
-0.100611
0.782079
-0.887454
-0.849506
1.01898
-1.60844
0.925418
1.39823
1.00466
-0.18144
0.453349
1.10837
0.713075
0.263275
0.116729
-1.05938
-0.594562
-1.33769
0.209292
0.797547
-1.0626
0.491881
0.324377
0.644291
0.826442
-0.187604
1.00122
0.277974
1.89183
-0.0230352
0.778508
1.12627
1.05811
2.09167
-1.34189
1.02631
0.572286
-0.46706
1.42099
0.655919
-0.207476
0.495714
-0.576752
-0.728879
0.692412
0.584309
1.91743
-0.0991706
1.86068
0.592374
-1.16823
0.617542
-1.41192
-0.200481
-0.777832
0.23861
1.37885
1.34885
1.10436
0.978428
0.900744
0.178764
-0.421621
0.680881
0.173491
1.59802
1.3201
-0.522352
2.40763
2.3917
-0.013458
0.537463
1.20266
-0.650802
0.0530322
1.33135
0.316919
-0.744097
-0.387541
1.79465
1.13288
2.57801
-0.444177
-0.96012
-1.47569
0.453828
0.692513
-0.692483
-0.833942
-1.0304
-0.456769
-1.43611
-0.875058
-0.595404
-0.5838
3.10526
-0.986162
1.01215
-0.0117185
0.951428
-1.03277
2.21488
-0.0874465
0.254249
1.25612
-2.03825
-1.78058
1.6998
1.027
0.109277
1.77715
2.97168
1.47345
1.22349
1.14666
1.40954
1.15206
3.44851
0.824378
0.426931
1.10832
-0.153208
2.6162
1.38078
1.81893
-1.23749
-1.56073
-1.4352
0.000606495
2.38506
-0.902323
0.997394
0.90712
2.4016
0.329504
0.130104
0.990267
1.49549
0.707231
-0.732734
-0.543291
-0.377518
-0.339074
0.0761893
0.420428
1.61972
1.00898
0.35291
2.20973
0.0264504
1.47685
-0.0401744
-1.83653
2.42196
-0.21838
0.855409
-0.774026
0.0280049
0.575083
0.00304906
0.47633
0.928048
0.0114405
0.589267
1.91776
1.60677
1.40467
1.77713
-0.251741
-0.194043
1.18341
1.46434
0.0350183
0.751226
2.83297
1.1368
1.6775
-0.0505999
3.50738
1.3194
1.2977
1.2444
1.25026
0.833696
2.47153
0.831198
-2.45435
0.520376
-2.32877
-2.30947
-0.0955061
0.631069
1.03168
-0.481809
0.676615
0.347884
0.46228
-0.00212357
0.97396
-0.170317
-1.00757
-0.374772
0.83877
-1.04498
2.1691
0.895809
-0.65608
1.85018
-1.45194
1.27205
-1.63204
1.32318
-1.25969
-0.388693
-0.0383233
2.82088
-0.133328
0.27566
0.521697
0.607723
0.745232
1.53806
0.612202
2.48112
-1.73173
-1.26256
1.57057
0.508085
0.119535
0.517563
0.42245
-1.34182
0.833558
-0.139533
0.1991
-1.16542
-1.05154
-0.807984
0.620343
0.47177
1.08817
1.14958
1.62306
-0.301296
0.811176
0.166671
1.23312
0.388107
1.19005
0.67251
0.428178
-0.809101
-2.11434
1.81801
2.31763
1.22121
1.10721
1.64883
0.400698
-0.783343
-1.45377
-0.250862
-0.140521
0.979162
0.578826
-0.854238
1.43106
-0.133107
1.53426
1.21365
1.12009
1.52486
0.381574
0.301633
-0.736321
0.328984
0.694149
-0.403017
1.55994
0.839274
0.0797205
0.246656
2.34269
1.06776
0.771306
0.798695
-0.715676
1.15527
-0.462215
0.989621
1.54512
-1.21035
0.461439
-1.69408
-1.1887
-0.466466
0.128692
-0.772966
0.00137829
0.200514
0.80512
-0.442853
1.5489
0.0876291
-0.161085
2.22358
-0.69165
0.190103
1.95852
1.05994
0.993542
1.79003
0.562849
0.862699
1.70891
-1.77296
0.327654
0.846126
-1.49945
1.58877
0.37687
0.309609
-0.0388894
0.465742
-0.482479
0.182376
-0.16144
-0.45868
-0.960105
0.686725
-1.67702
0.152492
0.717683
1.49863
1.41628
-0.963832
0.321022
0.8026
1.20005
1.21812
-0.0975273
1.59046
0.878866
0.853181
0.00294049
-0.127273
-0.0794731
-0.964212
-1.08267
1.87709
-0.133725
0.348345
1.56934
0.490986
-0.475817
-1.31752
-0.387353
-0.755108
-0.609882
-1.2887
0.8972
0.867524
2.74361
0.23266
-0.393467
0.370053
1.1536
1.30034
0.950449
-0.478475
-1.25063
1.0555
0.609112
0.0571824
2.24802
1.0428
-0.647648
1.21912
0.931434
1.62932
-1.46735
2.19992
-0.0939781
-0.00469953
0.398642
-0.815946
0.417476
-0.982975
-0.160041
1.6909
1.43249
2.51132
1.26309
1.32483
0.5996
0.224413
0.419453
0.836887
-0.079265
-0.0558194
1.52744
0.995055
-0.942468
-1.72207
0.494229
1.6735
-0.424942
0.19477
1.0407
0.500277
1.04093
0.397136
-0.0391682
-0.18099
-1.76332
0.237536
1.10968
-0.387167
2.00941
2.13174
0.135959
-0.447545
0.827715
1.10759
0.876768
2.17972
0.396458
-1.89183
-0.655114
-1.8245
-0.352835
0.380333
-2.09565
0.700443
-0.0300031
2.11175
0.421693
1.22586
1.39814
1.16202
-0.256065
1.52792
2.22992
1.51047
2.54971
-0.476573
0.227239
0.452966
-0.446969
0.277038
-0.0200439
1.66453
2.66867
1.63219
0.570016
-0.472069
-0.264657
2.2764
0.561833
0.945418
0.134445
0.559906
-0.643643
1.0614
-0.53268
0.116933
0.714616
