0.546781
0.608458
0.485916
0.576213
0.36865
0.455111
0.503442
0.416096
0.177104
0.154043
0.29369
0.311084
0.441252
0.282858
0.232964
0.261747
0.175761
0.155247
0.0657562
0.107786
-0.124341
-0.168374
-0.265979
-0.442842
-0.504886
-0.416581
-0.536337
-0.393253
-0.290595
-0.131876
-0.251127
-0.195009
-0.133038
-0.0262077
-0.173751
-0.199195
0.00995037
0.0244561
-0.124533
-0.160673
0.00846596
-0.120138
-0.0345246
0.11705
0.150301
-0.0341917
0.0760911
0.220373
0.19518
0.327491
0.257762
0.641488
0.810668
0.596443
0.645427
0.721764
0.648524
0.658498
0.740588
1.05379
0.854669
1.05915
0.807855
0.583235
0.539225
0.423551
0.370319
0.487548
0.4655
0.219008
0.261439
-0.0221722
0.0659218
0.146816
0.039233
0.110771
0.285478
0.213917
0.156845
0.388402
0.616257
0.627019
0.412434
0.377676
0.287195
0.0962641
0.43512
0.208731
0.165651
0.340175
0.262639
0.239304
0.142535
0.138584
0.070555
-0.165663
-0.0907995
0.00993631
-0.0581102
0.0651622
0.0291997
0.266282
-0.0569511
-0.00962343
0.165696
0.0966015
0.230145
0.0170753
-0.111221
-0.316338
-0.269064
0.0815115
0.105919
0.137961
0.0461767
-0.118092
-0.0422468
0.165614
0.086338
-0.101557
-0.0208433
0.0725316
0.230703
0.0329591
0.0648532
0.176985
0.0174509
0.0602455
0.253708
0.237467
0.272669
0.0570695
-0.143425
-0.033706
-0.00409008
0.0324258
-0.0246547
-0.016041
-0.216834
-0.126192
-0.298479
-0.465747
-0.501616
-0.639056
-0.465461
-0.661604
-0.941007
-0.800217
-0.666273
-0.683384
-0.699208
-0.576072
-0.731352
-0.675702
-0.514897
-0.589801
-0.469068
-0.417652
-0.382323
-0.338456
-0.566269
-0.656522
-0.821901
-0.719423
-0.630195
-0.841566
-0.847946
-0.970514
-1.22138
-1.18007
-0.947515
-0.822848
-0.933937
-0.99699
-0.925641
-0.510671
-0.305039
-0.141756
0.138685
0.163238
0.0322966
0.0358792
0.133762
0.185729
0.402976
0.323859
0.350001
0.340916
0.293983
0.304894
0.273751
0.211548
0.317041
0.188012
0.398667
0.245787
0.344598
0.587542
0.698396
0.689919
0.580779
0.339593
0.221141
0.226148
0.0259334
-0.0141824
-0.014134
0.246403
0.350049
0.219179
0.212473
0.109055
-0.112439
-0.0867785
0.272518
0.0762079
0.156942
0.301458
0.208167
0.00827201
0.041971
0.0366359
-0.0497408
-0.124148
-0.285648
-0.120832
-0.220602
-0.252878
-0.281117
-0.310193
-0.531508
-0.702957
-0.720024
-0.608832
-0.415131
-0.0952207
-0.168917
-0.364566
-0.506369
-0.636361
-0.573141
-0.578177
-0.737256
-0.780261
-1.01643
-1.1447
-1.0845
-1.0883
-1.20075
-1.52753
-1.50416
-1.19922
-1.04839
-1.00521
-1.06258
-1.21172
-1.11974
-1.17421
-1.26452
-0.931799
-0.913505
-0.967182
-0.8249
-0.61123
-0.59824
-0.693394
-0.795228
-1.04309
-1.21624
-1.13595
-0.88548
-0.806169
-0.757486
-0.835141
-0.805599
-0.791168
-0.566536
-0.324322
-0.135046
0.113991
0.0742476
0.276489
0.105816
0.147159
-0.0862913
-0.113038
-0.151759
-0.137493
-0.367579
-0.547778
-0.447062
-0.64869
-0.304668
-0.41654
-0.333159
-0.208743
-0.273438
-0.438521
-0.332077
-0.425648
-0.521277
-0.401268
-0.523008
-0.402191
-0.343701
-0.393195
-0.436144
-0.557205
-0.250489
-0.405556
-0.177382
-0.277776
0.0744338
0.222596
0.251885
0.319483
0.386104
0.60792
0.689328
0.810729
0.703201
0.566564
0.428239
0.383249
0.460343
0.509331
0.462993
0.51428
0.360128
0.363433
0.384165
0.302732
0.158369
0.484129
0.470475
0.105821
0.192527
0.388572
0.494131
0.667054
0.509246
0.434453
0.659195
0.505334
0.681956
0.506059
0.420247
0.559432
0.693399
0.92196
0.876437
0.788897
0.781562
0.524264
0.375551
0.500068
0.534911
0.405611
0.256654
0.352423
0.250319
0.267551
0.421588
0.309248
0.46579
0.391334
0.424255
0.652852
0.415056
0.26247
0.180796
0.176228
-0.032613
0.229978
0.371339
0.376297
0.519568
0.50946
0.533487
0.702634
0.700705
0.596961
0.607555
0.667792
0.68929
0.691725
0.844338
0.862817
0.778734
0.750712
0.710771
0.596274
0.498767
0.326252
0.326182
0.112817
0.172457
0.0359711
-0.183759
-0.197868
-0.206979
0.0262975
0.0995505
0.11005
0.147408
0.356284
0.323483
0.495321
0.45886
0.465071
0.44205
0.458863
0.431753
0.562165
0.687436
0.859994
0.758478
0.6838
0.524058
0.617431
0.724878
0.582762
0.745766
0.593098
0.642449
0.569382
0.83064
0.83296
0.861759
0.919666
0.919121
0.884876
1.047
1.0678
1.08613
0.941731
0.803259
0.9015
0.852034
0.712983
0.664103
0.818055
1.09299
0.997188
0.992511
1.03205
0.975371
1.05633
1.20538
1.19333
1.11087
0.93837
0.862754
0.747545
0.432672
0.435297
0.495832
0.411697
0.47093
0.55781
0.600029
0.423151
0.420823
0.520359
0.654053
0.643669
0.836239
0.685268
0.681247
0.604344
0.788808
0.721057
0.901832
0.745596
0.837498
1.04451
0.827124
0.532651
0.439836
0.258602
