0.638493
0.678804
0.614848
0.545752
0.662016
0.586954
0.638263
0.511015
0.659086
0.50571
0.644261
0.867258
0.755516
0.978561
1.2003
0.986008
1.03519
1.10578
0.922356
0.939486
0.999003
0.758997
0.901855
0.936743
0.693469
0.503047
0.452793
0.324177
0.129226
-0.131756
-0.103795
-0.283556
-0.152955
-0.170138
0.131524
0.158654
0.114053
0.181588
0.554426
0.632886
0.923246
0.869827
0.703126
0.654966
0.712549
0.834294
0.99683
0.871517
0.750445
0.738862
0.69644
0.624523
0.839329
0.901514
0.843654
0.950578
1.13721
1.13088
1.04078
0.986989
1.12036
1.09401
1.10044
0.953792
1.01261
0.690342
0.67606
0.665912
0.354867
0.444344
0.344245
0.43584
0.201574
0.0191438
-0.180399
-0.309094
-0.384592
-0.387713
-0.283811
-0.121906
-0.202595
-0.271272
-0.0976591
-0.113215
-0.133957
-0.245582
-0.398318
-0.52262
-0.647192
-0.714995
-0.848585
-0.832056
-0.723685
-0.629466
-0.439788
-0.303855
-0.280384
-0.109204
-0.093033
-0.0562329
-0.0986937
-0.124481
-0.0255423
-0.055198
0.243562
0.256236
0.0373316
-0.00945019
-0.180771
-0.115255
-0.148758
-0.252863
-0.172335
-0.175786
-0.126632
-0.121148
-0.0254232
-0.0466293
-0.00564086
-0.263532
-0.351025
-0.447134
-0.503414
-0.421164
-0.451904
-0.488272
-0.655694
-0.435604
-0.483712
-0.313111
-0.370733
-0.474596
-0.478156
-0.333163
-0.0547763
0.000406336
0.120389
0.466781
0.368387
0.499499
0.667687
0.696667
0.830052
0.549849
0.42086
0.289187
0.318244
0.242393
0.453302
0.545319
0.130671
0.148896
0.351717
0.261762
0.327421
0.443877
0.682834
0.536915
0.439594
0.194255
0.263559
0.056365
0.200168
0.0317206
0.148112
0.0153032
-0.112265
-0.367852
-0.128884
-0.0441487
0.114852
0.00160061
0.141183
0.172575
0.241589
0.39129
0.507545
0.50172
0.749737
0.733748
0.789684
0.901957
1.06018
0.93979
0.758542
0.811046
0.749058
0.538785
0.532709
0.56009
0.367783
0.822086
0.774875
0.629684
0.654599
0.728312
0.606457
0.855226
0.648177
0.519048
0.704058
0.77098
0.871513
0.673883
0.878658
0.811262
0.641069
0.782617
0.869892
0.538458
0.648484
0.597192
0.56208
0.622974
0.569743
0.425
0.332013
0.282829
0.268795
0.0752195
-0.0832062
-0.0942546
-0.358794
-0.318525
-0.375969
-0.368093
-0.38211
-0.0450898
-0.0669038
-0.0993189
-0.188955
-0.0688323
-0.139354
-0.447142
-0.420064
-0.530025
-0.491659
-0.461136
-0.664565
-0.55065
-0.497735
-0.611028
-0.605958
-0.965082
-1.06011
-1.1217
-1.05897
-1.04086
-0.86647
-0.767962
-0.619418
-0.504374
-0.649371
-0.512225
-0.441235
-0.634122
-0.453565
-0.134445
0.0163554
-0.0646453
-0.0514507
-0.0453219
0.0763203
-0.0317606
0.0989257
-0.176872
-0.103001
-0.203886
-0.248092
-0.178023
-0.200605
-0.319924
-0.154689
-0.231461
-0.263555
-0.18699
-0.261742
-0.291986
-0.331765
-0.135661
-0.236397
-0.395355
-0.549171
-0.629967
-0.626013
-0.627031
-0.640284
-0.761787
-0.716674
-0.668338
-0.348592
-0.513504
-0.585735
-0.636382
-0.481033
-0.608633
-0.575879
-0.569596
-0.623113
-0.679634
-0.619975
-0.338346
-0.229764
-0.152281
-0.133356
-0.241304
-0.387777
-0.336114
-0.412804
-0.33751
-0.461044
-0.447734
-0.36081
-0.407985
-0.231837
-0.345797
-0.218056
-0.135734
-0.341477
-0.107286
-0.277283
-0.192118
-0.000167896
0.0738876
0.284313
0.165653
0.170665
0.289066
0.28373
0.517126
0.402763
0.361298
0.253684
0.00992349
0.0526352
0.0645396
-0.0437739
-0.058729
-0.26347
-0.46824
-0.359066
-0.256977
-0.132019
-0.146073
-0.291748
-0.0689029
-0.0900442
0.00449587
-0.171821
-0.207896
-0.0185362
-0.0116135
-0.264623
-0.49224
-0.355377
-0.335791
-0.399563
-0.22513
-0.436455
-0.128029
-0.271403
-0.4034
-0.384113
-0.238745
-0.199847
-0.271711
-0.0666874
-0.0134103
0.0564717
-0.0124056
-0.0652105
-0.0925269
-0.151158
-0.00614653
0.0723172
0.179069
0.370272
0.381802
0.254483
0.112609
0.182466
-0.139885
-0.108202
-0.0690281
0.114755
-0.0125783
-0.0650698
-0.0627969
-0.234631
-0.333728
-0.366861
-0.677777
-0.537642
-0.457325
-0.578358
-0.484328
-0.456507
-0.540046
-0.530418
-0.367306
-0.45049
-0.398679
-0.40385
-0.314164
-0.314829
-0.284459
-0.307278
-0.164171
-0.151479
-0.265184
-0.202399
-0.29339
-0.206017
-0.294836
-0.443816
-0.385859
-0.320846
-0.265964
-0.483363
-0.663348
-0.682961
-0.636396
-0.488061
-0.359199
-0.561609
-0.669412
-0.591148
-0.64323
-0.663001
-0.657194
-0.38853
-0.448179
-0.354121
-0.157239
0.06617
0.0669958
0.181711
0.230446
0.336745
0.262694
0.30682
0.267949
0.286708
0.280542
0.430229
0.637619
0.661366
0.69491
0.475497
0.42365
0.423675
0.33416
0.323997
0.459225
0.481215
0.472499
0.617617
0.68337
0.664894
0.605219
0.539898
0.601974
0.695478
0.576401
0.825277
0.735094
0.589182
0.573472
0.518955
0.533957
0.606294
0.739059
0.773977
0.718472
0.750706
0.715101
0.602394
0.763956
0.540936
0.7657
0.715712
0.714656
0.54181
0.549617
0.475168
0.33301
0.555028
0.721002
0.78735
0.818755
1.17229
1.31001
1.36337
1.29772
1.14524
1.03848
1.05143
0.968661
0.798003
0.868977
