0.657142
0.466088
0.218811
0.20515
0.491146
0.611597
0.430092
0.757749
-0.0616354
0.680601
0.592461
-0.437309
-0.0099312
0.507224
0.368924
0.850859
0.471733
0.50347
0.307424
0.454976
0.521414
0.709711
0.626614
0.765213
0.350054
0.380058
0.709697
0.220101
0.536033
0.570324
0.607088
0.487352
0.610757
0.0871251
0.641683
0.736283
0.777755
0.54528
0.512772
0.260477
0.770897
0.490609
0.681577
0.746908
0.459863
0.453893
0.732786
0.51866
0.247067
0.758217
0.639948
0.375601
0.783477
0.731089
0.320471
0.624582
0.290803
0.313485
0.490594
0.565875
0.647974
0.341993
0.324479
0.474915
0.366698
0.538619
0.575017
0.566348
0.670828
0.0978779
0.385249
0.648953
0.553789
0.409585
0.669465
0.500144
0.509335
0.0991664
0.808103
0.322196
0.539926
0.382421
0.546849
0.135619
0.142879
0.52395
0.500185
0.345177
0.44446
0.751628
0.521736
0.348247
0.393497
0.703667
0.636485
0.523573
0.715706
0.52653
0.378776
0.338585
0.37734
0.503905
0.749414
0.109288
0.497039
0.399186
0.374869
0.727871
0.491075
0.690819
0.555908
0.7221
0.551318
0.628089
0.449901
0.713402
0.249378
0.805361
0.772751
0.514695
0.706421
0.844587
0.681269
0.626233
0.342963
0.890323
0.491882
0.205286
0.821911
0.434138
0.72524
0.366425
0.837525
0.486943
0.813117
0.888148
0.418254
0.355028
0.424968
0.346864
0.310062
0.478895
0.637447
0.58614
0.616108
0.701682
0.494777
0.352222
0.805275
0.385829
1.11081
0.538504
0.4711
0.665663
0.190702
0.493511
0.396031
0.662695
0.562564
0.469315
-0.144742
0.57675
0.758778
0.792774
0.112088
0.374283
0.488858
0.500952
0.651148
0.15139
0.582942
0.740449
0.0834314
0.753849
0.565641
0.554775
0.592665
0.32608
0.671842
0.560016
0.496219
0.741536
0.479879
0.46717
0.35067
0.482153
0.543558
0.0552361
0.263716
0.286112
0.376637
0.734248
0.688295
0.576885
0.43043
0.797169
0.336242
0.690071
0.084921
0.369532
0.563825
0.437709
0.599859
0.477382
0.503946
0.521096
0.454589
0.460057
0.839249
0.467847
0.157133
0.656476
-0.283604
0.618674
0.627491
0.498344
0.388067
0.522971
0.747154
0.332241
0.5928
0.602247
0.614404
0.58145
0.20818
0.275424
0.242301
0.608855
0.490773
0.841988
0.511079
0.544947
0.232866
0.707575
0.253657
0.664732
0.337801
0.400937
0.576869
0.589088
0.686507
0.513405
0.612265
0.507633
0.155507
0.525668
0.852625
0.343297
0.294743
0.894166
0.802272
0.449688
1.29949
0.517738
0.594601
0.651206
0.41552
0.642887
0.438581
0.511379
0.212978
0.610132
0.300031
0.309155
0.340474
0.345159
0.701499
0.178973
0.655131
0.649213
0.584243
0.666161
0.409512
0.464037
0.423405
0.717278
0.577462
0.624345
0.77888
0.519122
0.145248
0.356881
0.748443
0.472107
0.594745
0.628387
0.705144
0.401805
0.985504
0.503477
0.396159
0.406156
1.01747
0.186537
0.454413
0.466106
0.160481
0.425329
0.353188
0.604561
0.201311
0.623903
0.25844
0.289719
0.515572
0.832952
0.686425
0.634183
0.556161
0.689161
0.512228
0.229215
0.297854
0.414347
0.589742
0.173398
0.495539
0.25999
0.254514
0.722094
0.511855
0.207751
0.535596
0.411459
0.44924
0.735754
0.503511
0.535295
0.66351
0.846162
0.371435
0.395658
0.156925
0.642384
0.602225
0.19743
0.538012
0.385957
0.361658
0.00150929
0.771335
0.731556
0.202631
0.654546
0.54128
0.204559
0.37613
0.723702
0.881685
0.818974
0.412942
0.406948
0.510051
0.513268
0.429369
0.606559
0.414375
0.56634
0.290174
0.266754
0.65152
0.281889
0.507527
0.38817
0.462155
0.622502
0.770326
0.598951
0.465032
0.719914
0.734191
0.480197
0.40492
0.837301
0.332677
0.622564
0.725757
0.113193
0.296669
0.721155
0.788197
0.577105
0.508174
0.75073
0.788866
0.701704
-0.0100592
0.582198
0.764423
0.4206
0.756628
-0.431528
0.437444
0.704566
0.109699
0.319282
0.518128
0.447651
0.277531
0.571345
0.582268
0.53055
0.204915
0.775176
0.412493
0.346171
0.22631
0.762858
0.584132
0.569707
0.174239
0.880288
0.390606
0.386227
0.543397
0.340199
0.362678
0.328
-0.0824243
0.446484
0.485282
0.498156
0.290509
0.567628
0.0694381
0.425391
0.402334
0.475082
0.659011
0.589128
0.58089
0.315731
0.609364
0.323913
0.513944
0.48522
0.800629
0.746716
0.475786
0.545803
0.627511
0.319786
0.807787
0.269949
0.251586
0.289398
0.542698
0.831218
0.389955
0.58129
0.763611
-0.52154
0.348377
0.0503931
0.497633
0.799384
0.661103
0.156661
0.293072
0.0153116
0.281188
0.932923
0.234182
0.613614
0.471649
0.303817
0.708878
0.378301
0.255757
0.690769
0.609088
0.439568
0.474621
0.951499
0.39287
0.811558
0.721877
0.315654
0.570095
0.70369
0.454485
0.761696
0.70766
0.654365
0.674601
0.560962
0.401827
0.853237
0.244539
0.364573
0.481872
0.5818
0.557384
0.756678
0.743365
0.595061
0.648256
0.664385
0.57332
0.194605
0.601236
0.312561
0.337755
0.61867
0.680522
0.643994
0.619674
0.251024
0.345247
0.644626
0.655886
0.471186
0.240881
0.217764
0.430707
0.657799
0.64741
0.34476
0.369445
0.792555
0.64706
0.652711
0.353349
0.573481
0.416677
0.458042
0.704149
0.308186
0.472955
0.725523
0.755057
0.747064
0.3509
0.709121
0.611749
0.458362
0.592837
0.566018
0.468347
0.313687
-0.0644317
0.13246
0.883599
0.395766
0.465895
0.411586
0.203821
0.214234
0.0127342
0.557652
0.165944
0.431087
0.600842
0.362992
0.646453
0.644484
0.318462
0.90624
0.710429
0.663806
0.477248
0.632693
0.603926
0.394208
0.537832
0.551424
0.590842
0.22643
0.269425
0.695701
0.637009
0.425343
0.644495
0.494423
0.483856
0.45306
0.597862
0.573612
0.601158
0.443349
0.813757
0.268478
-0.00806434
0.509662
0.427458
0.528914
0.134312
0.291706
0.676483
0.60612
0.163762
0.416841
0.337364
0.279247
0.172545
0.108
0.365511
0.381891
0.0661608
0.494413
0.545329
0.213017
0.468146
0.526845
0.687484
0.501494
0.59017
-0.284062
0.508406
0.618592
0.295482
0.795667
0.785243
-0.101345
0.73677
0.487708
0.500508
0.85945
0.311278
0.479229
0.829939
0.266441
0.467384
0.738483
0.507264
0.873917
0.781508
0.323936
0.377045
0.504054
0.596777
0.611393
0.163452
0.746077
0.76612
0.826618
0.254947
0.515138
0.198715
-0.00391957
0.453745
0.387314
0.579262
0.752707
0.697714
0.859758
0.602171
-0.00242746
0.723211
0.723639
0.750443
0.463629
0.337533
0.249238
0.347045
0.578858
0.223003
0.387158
0.468728
0.673018
0.402825
0.224046
0.5582
0.637143
-0.0978074
0.713198
0.521092
0.0932012
0.54489
0.322478
0.465578
0.541428
0.566364
0.751697
0.675991
0.706088
0.530845
0.790723
0.427324
0.376042
0.579715
0.593972
0.480682
0.368486
0.44667
0.581413
0.447671
-0.193052
0.502304
0.349051
0.440952
0.697085
0.626303
0.558453
0.842913
0.82205
0.59827
0.00702696
0.163333
0.739855
0.167751
0.785886
0.68504
0.636626
0.545247
0.729266
0.310426
0.395489
0.529649
0.426056
0.409419
0.392726
0.418189
0.447494
0.771958
-0.31327
0.358003
0.441645
0.451094
0.412135
0.119581
0.589528
0.123568
0.84247
0.436616
0.509218
0.577014
0.530856
0.532727
0.529454
0.112421
0.595187
0.426012
0.164766
0.217281
0.638183
0.335869
0.501875
0.682439
-0.115777
0.057328
0.67677
0.701679
-0.00504283
0.622713
0.43794
0.563391
0.450541
0.178881
0.312377
0.744111
0.692412
0.126595
0.779137
0.71427
0.692931
0.782658
0.0429186
0.328658
-0.172389
0.594674
0.626548
0.66112
0.69527
0.498258
0.539829
0.648011
0.868897
0.213382
0.257475
0.627072
0.284364
0.629702
0.718067
0.410776
0.287503
0.471191
0.432769
0.335902
0.336272
0.243552
0.382758
0.447419
0.260426
0.898258
0.781841
0.670943
0.179999
0.371133
0.219493
0.622929
0.717288
0.396815
0.845634
0.479344
0.421469
0.622747
0.251375
0.360239
0.345052
0.344053
0.525887
0.337325
0.67422
-0.0580761
0.272367
0.660808
0.904931
0.564755
0.744037
0.770756
0.140795
0.759258
0.580887
0.355028
0.724307
0.374784
0.636555
0.559047
0.586592
0.515005
0.815187
0.619499
0.708264
0.26612
0.466536
0.891958
0.0726698
0.716856
0.451677
0.278716
0.68327
0.715088
0.295345
0.320581
0.637901
0.15646
0.432792
0.140583
0.684343
0.157019
0.260202
0.596934
0.351281
0.48351
0.439218
0.417581
0.569107
0.481058
0.691443
0.676989
0.511452
0.525701
0.582009
0.615877
0.506812
0.612836
0.552659
0.689132
0.87326
0.675605
0.666799
0.48747
0.430978
0.475924
0.639512
0.534056
0.147531
0.0852212
0.450886
0.769603
0.521419
0.607695
0.46674
0.600719
0.77006
0.79485
0.404406
0.563416
0.706724
0.389946
0.750889
0.706344
0.313014
0.498506
0.103286
0.853256
0.387096
0.50513
0.679095
0.710458
0.728871
0.360011
0.598121
0.594961
0.527305
0.354852
0.593971
0.166111
0.5178
0.583595
0.264204
0.647264
-0.0219646
0.175293
0.389958
0.0155184
0.27332
0.462991
0.718562
0.33209
-0.0256208
0.483185
0.507271
0.432701
0.574849
0.406476
-0.0770657
0.332218
0.395337
0.660938
0.419353
0.252573
0.273859
0.626812
0.474577
0.371242
0.0192622
0.356738
-0.0107766
0.75795
-0.520724
0.41317
0.541241
0.452835
0.506868
0.780878
0.352491
0.630901
0.0910787
0.174386
0.515059
0.744565
0.133284
0.690665
0.562417
0.43504
0.829608
0.385669
0.606939
0.41128
0.426737
0.55987
0.291745
0.302042
0.473591
0.43957
0.674347
0.468967
0.398714
0.607733
0.626377
-0.0806264
0.525428
0.504183
0.431979
0.0761691
0.249169
0.150971
0.416817
0.881983
0.324595
0.441583
0.596051
0.444408
0.325911
0.351661
0.775929
0.589593
0.236078
0.485006
0.938827
0.515197
0.295586
0.718789
0.454484
0.752624
0.407092
0.417832
0.692534
0.179858
0.653496
0.366956
0.587444
0.292299
0.322891
0.469725
0.714955
0.628791
0.351226
0.53366
0.404667
0.162544
0.374107
0.845907
0.704684
-0.190832
0.708748
0.408941
0.711556
0.502421
0.668934
0.644758
0.344628
0.282478
0.672571
0.473476
0.612024
0.377315
0.616452
0.677385
0.520163
0.821059
0.20568
0.48668
0.658198
0.56584
0.410392
0.0512272
0.147991
0.594873
0.363463
0.457537
0.518073
0.763964
0.807119
0.0105685
0.348491
0.456187
0.252682
0.797661
0.592757
0.648191
0.725482
0.353417
0.482484
-0.0284198
0.414002
0.333985
0.448412
0.218907
-0.0277956
0.570361
0.479706
0.365128
0.502274
0.534644
0.510484
0.530826
0.24251
0.411941
0.702559
0.641843
0.550635
0.316838
0.580847
0.687417
0.448535
-0.0236215
0.527628
0.571133
0.398106
0.656759
0.489094
0.33179
0.21596
0.450894
0.294731
1.05222
0.814278
0.703392
0.661933
0.60642
0.519514
0.735525
0.423151
0.651467
0.207819
0.0702667
0.498834
-0.174481
0.381358
0.623809
0.698516
0.587257
0.817728
-0.425354
0.522511
0.40202
0.541079
