0.300987
0.170309
0.53868
1.14727
0.826609
0.187338
0.963075
0.652424
0.485387
0.0495016
1.11327
0.0578582
0.694046
0.902707
0.174192
0.887786
0.406068
0.205807
0.207762
-0.370737
0.388526
1.41043
0.444285
0.561174
0.7545
-0.00293271
0.223602
0.617225
0.913024
1.00857
0.790467
0.938325
0.300798
0.123286
-0.039824
0.343852
0.421929
0.927601
0.596451
0.570967
0.417237
0.938998
0.396031
-0.0119451
0.502949
0.901932
0.602858
0.851143
0.588469
0.730174
0.637494
0.692349
-0.0592215
0.901244
0.724249
0.726111
-0.72965
0.530003
0.454916
1.0946
0.631769
0.355434
-0.146928
0.556414
1.21319
0.84383
-0.0956824
0.573535
0.991166
0.673064
0.187056
0.579423
0.78999
0.365208
0.782804
0.501354
0.961052
0.387102
0.22312
1.06342
0.944424
0.454986
1.05632
0.356435
0.687025
0.0419604
0.363902
0.682102
0.584717
1.05089
0.746528
-0.0428694
0.802019
0.630588
0.762213
0.395643
0.202523
0.123606
0.658838
0.139879
0.803786
0.560971
0.615065
0.288662
0.507073
0.397144
1.00822
0.639791
-0.0868777
0.851201
-0.126499
-0.205322
0.524346
0.177991
0.407106
-0.17393
0.992208
0.516138
0.693326
0.801176
0.613292
1.18598
0.757207
0.527937
-0.257503
0.490278
0.477019
0.456281
0.0710444
0.635192
0.0531311
0.69775
0.462185
0.513733
0.717924
0.778054
0.391029
0.690073
0.812694
0.424722
0.178176
0.916915
0.816557
0.193398
0.271574
-0.871991
0.0629993
0.466555
0.661726
0.706756
0.255082
0.106141
0.557693
0.0908454
0.572411
-0.115541
0.779378
0.442657
0.679791
0.557473
0.277121
0.226561
1.11073
0.829068
0.224424
-0.0491022
-0.0324168
0.898728
1.03079
0.0857271
0.699816
0.670615
0.277189
0.951358
0.541121
-0.188927
0.129954
0.339214
0.655907
0.981164
0.812786
0.385389
0.898236
0.0384759
0.508077
0.111894
0.141989
0.921267
0.331858
0.361599
0.498298
0.693022
0.555182
0.857119
-0.0639373
0.407982
0.524446
-0.0319477
0.0755304
0.935835
0.118339
0.497586
1.35909
0.476299
0.362201
0.555703
-0.201179
1.04186
0.230346
0.769433
0.370035
-0.316569
0.432721
0.741259
0.310965
0.55238
0.872942
0.254868
0.662158
0.234787
0.992663
0.553222
0.944183
0.120828
0.478983
0.76627
0.185087
0.264724
0.7287
0.530072
-0.00121669
0.738835
-0.0597896
0.282745
-0.114356
0.990477
0.908013
0.946701
0.167789
0.558991
0.616841
0.844527
1.01418
0.34879
-0.0228888
0.29917
1.06036
0.835341
0.72637
0.741009
0.415198
-0.279319
0.76407
0.518509
0.097358
0.682309
0.224081
0.179971
0.605521
-0.170127
0.759767
0.648563
0.767442
-0.136915
0.0623279
0.920167
0.262169
0.504183
0.0171059
-0.349272
0.548856
1.39014
1.03879
0.732492
1.23335
0.999256
0.358187
1.04265
0.563889
0.500284
-0.72751
0.156376
0.265226
0.0978435
0.261237
0.383251
0.285185
0.128277
0.578261
0.433711
0.541579
0.868885
0.18243
0.234084
-0.237064
0.0648094
0.00389553
0.948037
0.626321
0.21059
0.733998
0.675745
0.901862
0.635551
0.727835
0.863084
0.487996
0.691681
0.0231958
0.606996
0.512462
0.493708
0.434644
0.0848543
0.631188
0.392032
0.595983
0.835764
0.749716
0.150793
0.0756523
0.174713
0.524368
0.580619
-0.653808
0.591976
0.536603
-0.123869
0.649916
0.243908
0.400072
1.00609
0.131782
1.06177
0.447998
0.746285
0.764883
0.45793
-0.03893
0.343714
0.673288
0.595159
0.421224
0.835292
0.501364
0.453261
-0.346071
0.561947
0.576471
0.133146
0.40101
0.181401
0.690108
0.776937
0.842483
0.558599
0.601651
0.312494
0.490506
1.12256
0.21148
-0.402044
0.685686
0.872269
-0.765307
0.953216
0.229517
0.19752
0.592346
0.617561
-0.0139246
0.611465
-0.237098
-0.0418936
-0.396986
0.502903
0.685005
-0.180835
0.60524
1.06838
0.680912
0.452707
0.784324
0.766435
0.165132
0.750302
0.0747181
0.440423
0.947762
1.25541
0.750693
0.95001
0.453965
0.168855
0.104217
0.261361
0.330811
1.26942
0.567114
0.51127
-0.436527
0.412546
0.781517
0.276797
0.923386
0.526561
0.467681
-0.0130628
0.504463
0.208263
0.837169
0.141116
0.449674
0.423349
-0.729239
0.144415
0.694684
0.580072
-0.395588
0.149873
0.340254
-0.0861376
0.65383
0.585585
1.03847
0.809896
0.987031
0.478673
0.690171
0.818271
0.942595
0.786059
0.353471
0.905328
0.304728
0.513933
0.495834
0.262612
0.929773
0.730762
0.393603
0.0756848
0.903859
1.00644
1.18778
0.826388
0.287759
0.351452
0.800907
0.447169
1.20616
0.99286
0.3486
1.13654
0.252693
0.17508
0.273626
0.679758
0.561806
0.591949
0.209068
-0.0747425
-0.280254
0.414443
0.595813
0.319465
0.241824
0.988617
0.362838
0.326676
0.596285
0.649154
0.604862
0.74253
0.951751
0.622516
0.409409
-0.227866
0.801419
0.79622
0.52967
0.438167
0.840388
0.491536
0.738459
0.168834
0.485823
-0.175016
0.248321
1.11896
0.889593
0.453532
0.0740574
0.622802
0.132416
-0.0462118
0.824328
0.504131
0.337269
0.517787
0.509483
0.272661
0.624336
0.0268531
0.559394
0.732725
0.0997814
0.410007
0.349079
0.151287
0.411846
0.498979
0.478946
0.188191
0.387934
0.607653
0.772748
0.785568
0.361369
0.423861
0.684972
0.380094
0.428854
0.825264
0.0986999
0.69335
0.222511
0.984742
0.608465
0.824814
-0.0405746
0.835604
0.75152
0.705201
-0.775236
0.959555
0.914125
0.687871
-0.312163
1.04751
0.652055
1.17379
1.09074
1.33337
0.945075
0.933227
0.678991
1.14232
1.02313
0.38284
-0.131067
0.843086
1.04432
-0.379565
0.0178255
0.457337
0.352063
0.179359
0.15568
-0.192418
1.20568
1.40602
0.529502
0.76618
0.238986
0.456252
0.206861
0.727121
0.71304
0.0318793
0.43917
0.0406167
1.00747
0.174084
0.455428
0.749106
0.702198
0.788369
0.972749
0.803324
0.34646
0.0927452
0.96222
0.990946
0.547755
0.805729
0.857842
0.373599
0.136164
0.467823
1.11863
0.732486
-0.485584
0.643502
0.50492
0.759822
0.478511
0.33248
-0.119812
0.393912
-0.126241
0.859856
0.132671
0.692908
-0.194539
0.79888
0.827198
0.354478
0.498188
0.250359
0.976385
0.331299
0.376951
-0.131432
0.818505
-0.363431
0.340176
1.03689
-0.764776
0.127664
0.128122
0.305838
0.351569
1.23115
0.0204947
1.28435
1.16579
0.891545
0.276842
0.450124
0.542937
0.6131
0.354039
0.714103
0.370423
0.593626
0.38301
0.534728
0.516247
0.477576
0.331691
0.162928
-0.100028
-0.225187
0.70118
0.894598
0.546873
0.463778
0.638719
0.0635407
0.30965
0.506519
0.0994124
0.412724
0.883159
0.65367
0.216156
0.10625
0.577163
0.161663
-0.562544
0.851429
-0.112742
-0.213971
0.795061
-0.221176
-0.0209633
0.886573
-0.0853912
-0.0415503
0.987341
0.786129
0.519354
0.567579
0.385265
0.619118
0.0356864
0.822384
0.286515
0.903536
0.515008
-0.0434594
0.14027
0.377118
0.686635
0.746661
-0.287187
1.14249
1.34696
0.562673
0.332424
-0.552046
0.334289
0.723148
0.14064
0.488049
0.789474
0.449899
0.778213
0.0474345
0.613112
0.303849
1.20863
0.52177
0.645914
0.510303
0.875173
0.910359
0.207539
0.261839
0.784163
-0.10952
0.986954
1.04308
0.0389759
0.425416
0.715357
0.282164
0.682767
0.672588
1.4484
0.399595
0.146024
0.912123
0.461007
0.108018
0.0827411
0.684011
0.0379104
0.968835
0.362886
0.120295
0.0523295
-0.530458
0.455625
0.316709
0.816793
0.88918
0.251415
-0.224676
-0.299747
0.216312
0.186454
0.462958
0.386881
0.846225
-0.251983
0.89823
0.36833
0.647462
0.486451
-0.0233505
0.0829848
0.548464
0.434612
0.809565
-0.246696
0.109701
0.660555
0.39521
0.321233
0.456924
0.953403
0.702056
0.978594
0.829949
0.961574
0.629262
0.271826
0.420183
0.777128
0.605151
0.327017
0.931047
0.302102
0.633333
0.62035
0.138232
0.427273
0.523427
0.629903
0.175456
0.214019
0.854814
0.125708
0.772488
0.18517
0.776775
0.573605
1.03503
1.00773
0.403719
0.0898737
0.70735
0.533273
0.505262
0.828762
-0.164004
-0.366107
-0.223943
0.243487
0.989949
0.77195
-0.048703
0.514655
0.723718
0.422124
0.544411
0.407976
0.588217
1.04654
0.161141
-0.0853964
0.808817
0.531876
0.818006
0.495434
0.536836
-0.262438
-0.283706
0.103504
0.182852
0.799728
0.373618
-0.052059
0.982166
0.909247
0.475748
0.642125
-0.260814
0.948472
0.922967
0.291163
0.5606
0.350738
1.04356
0.448418
0.235158
0.27347
0.888831
0.159531
0.494022
0.56884
1.1885
0.180898
0.35474
0.689338
0.69547
0.835186
0.265923
-0.00770111
1.0109
0.639801
0.0892729
0.411855
-0.486729
0.659185
0.67496
0.774513
0.161393
-0.433817
0.0226151
0.556645
0.108661
-0.157697
-0.314362
0.128906
0.151035
0.218725
0.579181
0.490244
1.18153
0.364702
0.72442
0.184612
0.852825
0.623303
0.867892
0.611585
0.792092
0.83397
0.114333
0.993126
0.663534
0.868294
0.878622
-0.108629
0.554969
0.400838
0.571733
0.1852
-0.200003
0.7449
0.324398
1.13638
1.11192
1.00257
0.397868
0.354354
0.523696
0.438972
0.644818
0.567884
0.480405
0.150802
0.385261
0.0225345
0.271181
0.482539
0.339958
0.934254
0.648159
0.694117
-0.455527
0.871566
0.532233
0.0435786
-0.0913133
0.623006
0.520803
0.263473
0.953422
0.362787
1.23689
0.888275
0.439601
0.266172
0.73034
0.72988
0.726442
0.0463916
0.439763
0.702211
0.347556
0.367188
0.26283
0.439833
0.0341142
0.825291
1.14675
1.17743
-0.0276209
0.838224
0.508489
0.868494
0.745664
0.0835931
1.46911
1.14128
0.735697
0.861309
0.323886
0.615464
-0.214725
0.341354
0.251824
0.823641
1.03835
0.238717
0.690749
0.605702
0.756916
0.283791
1.04707
0.0263478
0.417284
0.69794
0.680015
0.305717
0.434619
0.958217
0.81164
0.310968
0.522164
0.671239
0.757961
0.476318
0.344943
1.05492
0.537327
0.267121
0.728915
0.684635
0.735111
0.544179
0.703794
0.513104
-0.389982
0.566882
0.275794
0.839782
0.669936
0.872626
1.06374
0.756426
0.581861
1.03958
0.718735
1.30414
0.2205
0.700738
0.486822
0.752403
-0.16718
1.20006
1.34245
0.452421
0.395311
0.878523
0.363571
0.394651
0.4249
0.817595
0.468368
0.754161
-0.0928005
0.0966946
0.145199
0.129798
0.861423
1.15682
0.840847
0.943015
0.165155
0.159409
0.279712
0.397179
0.806505
0.34154
0.925578
0.650933
0.822153
0.43706
-0.0867064
0.381227
-0.251625
0.998239
0.247635
0.42177
-0.0807828
1.07683
-0.356415
0.633798
1.0034
0.450281
0.221524
0.269807
0.0662898
0.463602
1.0106
0.756804
0.451565
0.583892
0.648856
0.24869
0.643325
0.950618
0.784122
0.512766
0.356259
0.840326
0.372091
0.201185
0.283152
0.104533
0.0973175
0.391519
0.703502
0.967077
0.618588
1.19794
-0.174496
0.768321
0.521897
0.997449
0.425272
0.113696
0.267698
1.05821
0.285499
-0.362155
0.559335
-0.239967
0.245963
0.174643
-0.236681
0.266516
0.866281
-0.0630317
0.750709
0.645281
0.610604
0.626095
0.634494
0.498388
1.15099
0.332766
0.828476
-0.377262
0.93628
-0.0360179
0.193045
0.642316
0.426793
0.497603
0.0118834
1.05862
0.589727
0.576964
0.329984
0.803282
0.0825367
-0.31767
0.0748695
0.857251
1.11885
0.510215
0.670974
0.657606
0.233603
0.656696
0.0275083
0.700698
1.0661
0.181465
1.21828
0.46614
0.364394
0.896509
0.767324
1.02744
-0.470017
0.919094
0.690151
0.691455
0.616354
0.332149
0.813532
0.770414
0.558085
0.963004
0.40487
0.359712
0.561099
0.788253
0.516835
0.323005
0.337673
1.11745
0.87015
0.616034
0.268495
0.0524381
0.964205
0.844965
0.638373
0.992157
0.542785
0.796781
1.00755
-0.405636
0.900263
0.358447
0.474332
0.637308
0.265535
-0.190796
0.846573
0.140252
0.0671302
0.721053
0.0341827
0.72538
0.30963
-0.199367
0.189916
-0.0939229
1.08131
0.961211
0.696051
1.28436
0.407719
1.08563
0.500681
0.0836262
0.858183
0.84856
0.425109
0.119645
0.176632
0.537902
0.296285
0.233183
1.06937
1.07815
0.833438
0.709781
0.661689
0.277607
0.28659
0.834838
0.313951
0.548081
0.57296
0.372078
0.36014
0.00658166
0.591608
0.803735
0.52685
0.758134
0.199946
0.635512
0.494605
0.402839
0.76641
0.201088
1.18699
1.02373
0.691841
0.931574
0.658628
0.738594
0.563823
0.936596
0.98555
0.624564
0.276371
0.630624
1.06626
0.101057
1.16473
0.00944979
1.0808
0.296081
0.650508
0.781868
-0.344624
0.672962
0.869467
0.927264
1.10474
0.307844
-0.0296469
0.374156
1.05552
0.489293
0.620008
0.414213
0.776226
0.0221664
-0.0937883
0.141812
0.70845
0.463696
0.685883
0.204085
0.350204
0.509411
0.695906
1.2098
0.220772
0.251508
-0.193779
0.44069
0.939198
0.472581
-0.0653611
0.568488
-0.156571
0.834291
0.10186
0.318779
0.775507
0.976682
-0.309935
0.910513
0.735096
0.341212
0.107189
0.542405
0.0455136
0.266675
0.736179
0.119729
-0.279484
0.796213
0.294683
-0.273099
0.120204
-0.0967384
0.343021
0.339294
0.77291
0.646785
0.476813
0.0955889
1.20627
0.784202
0.873405
0.187683
0.149216
0.0851761
0.454956
-0.0360358
0.183746
0.469874
0.893282
0.681636
0.19301
0.611181
0.759089
0.449277
0.677806
-0.429502
0.65214
0.364214
1.13644
0.741585
0.219937
0.961161
1.53926
0.669035
0.105846
-0.0104926
0.83779
1.11409
0.206112
0.408656
0.870671
0.145354
0.477272
0.40043
1.16026
0.425083
0.175532
0.574921
0.6443
1.24978
0.270514
0.852009
0.406203
0.892235
0.205426
1.22257
0.921358
0.671294
1.33326
0.129255
0.176016
0.660862
0.839153
0.488015
0.363275
0.724411
0.581349
-0.209737
0.751038
0.555558
0.461501
-0.253021
-0.0583687
0.712125
0.539597
0.493177
0.614713
0.336304
0.842866
-0.111395
0.138945
0.817004
1.02815
-0.366641
0.0973648
0.0260255
0.476575
0.130424
0.483607
0.806536
0.711085
1.48128
-0.107521
0.431126
-0.188792
0.949052
0.900076
0.769003
0.151512
0.0927242
0.406265
0.299469
0.101268
0.489212
0.176248
0.787531
0.854392
0.637863
-0.111369
0.335241
0.910548
1.15309
1.0876
0.510099
1.08162
-0.0530931
0.476935
0.827959
0.821437
0.679889
0.644122
0.530371
0.790676
0.100847
0.409501
0.583048
1.23276
0.0648974
0.737061
0.404967
0.307029
0.858946
0.225495
0.369715
0.625762
1.00003
1.01021
0.91471
0.143752
0.29852
0.0548914
0.49685
0.411903
0.466464
0.572529
1.18969
0.886531
-0.0108101
0.0103333
0.031804
0.894024
0.451155
0.308311
0.386319
0.739013
0.476642
0.473256
0.856579
1.06485
0.628406
0.609058
0.887658
0.429192
-0.111203
0.193442
0.606802
0.854226
0.746528
0.695628
-0.277201
-0.710089
0.611324
0.331641
0.417478
0.60352
0.709132
0.645082
0.481443
0.680342
0.430303
0.144457
0.287262
0.312036
0.810504
0.196753
0.937518
0.442182
0.851385
0.083792
0.250727
0.262105
-0.561027
0.565653
0.316939
0.852096
0.912423
0.587059
0.942258
0.300444
-0.129458
-0.16489
0.302372
0.128911
0.361046
1.31302
0.0922595
0.391871
1.13218
0.33026
1.12475
0.531717
0.115779
0.327875
1.11909
0.48151
-0.00435751
0.693564
0.66411
0.921447
0.909255
0.761051
0.173817
0.16768
0.730957
0.0242029
0.422646
-0.225928
0.370492
0.501625
-0.601422
0.0510198
0.372817
0.83002
0.217901
0.542359
0.751846
0.118146
-0.336652
0.683803
-0.205388
0.898175
-0.0482894
-0.758962
0.39075
0.438511
0.427272
1.16052
0.821099
0.619385
0.914823
0.0457632
0.980943
0.777557
0.654097
0.344124
0.037525
0.574214
0.706043
0.975551
0.38212
0.178812
1.0582
0.483661
0.911058
0.509098
0.963827
0.553023
0.495648
1.02176
1.06166
0.170473
0.718985
0.968172
1.19037
0.00858563
0.970868
0.837466
0.430693
0.478684
0.870083
0.136282
0.630994
0.215208
0.923374
0.406098
0.807597
0.237566
0.350477
0.782887
0.778312
0.605163
0.206581
0.402508
0.477615
0.0413943
0.670205
0.460093
-0.514884
0.727372
0.863345
0.869836
0.65146
0.482301
0.985877
0.92467
0.877424
0.626734
0.237949
0.505169
0.674728
0.956984
-0.182649
0.688299
0.285234
0.343568
0.946688
0.662288
-0.106598
1.14885
1.11853
0.830166
0.207051
0.0290392
0.963555
0.508946
0.947396
-0.0978339
-0.0254705
0.730256
-0.227961
0.146712
0.727952
-0.240708
0.573927
0.536003
0.782479
0.515143
0.97699
0.184831
0.639288
0.890359
1.20449
0.486803
-0.0931307
-0.0292583
-0.105869
0.201579
0.661867
0.740471
0.397273
0.646198
0.586172
0.199295
0.756944
0.0771808
0.202828
-0.177036
-0.041235
0.158787
0.700739
0.197115
-0.0874328
0.452163
0.466393
1.51368
0.996699
0.656799
0.515366
-0.0366852
1.11262
0.291118
1.02287
-0.902891
0.947157
0.698215
0.648543
0.656322
0.575232
0.666746
0.938103
0.41554
0.171242
0.504443
0.639015
0.826016
0.59849
0.723096
-0.105417
0.738433
0.538025
0.194728
0.993364
0.781041
-0.0447037
0.43157
0.850184
0.618289
0.952855
0.196179
1.03685
0.156153
0.518854
0.580444
0.67669
0.151499
0.898027
0.335736
1.07964
0.805602
-0.0695778
0.055337
0.0189559
1.05016
0.221309
0.768684
-0.321504
0.398637
0.106659
-0.409172
-0.020153
0.314857
0.673212
0.638374
1.22496
0.844382
0.238282
0.893342
0.882257
-0.150792
0.502899
0.660394
0.89086
-0.0251989
1.09134
0.253578
0.810081
0.604882
-0.011606
-0.029425
0.543849
0.789794
0.0192418
0.388259
-0.401913
0.195081
0.0239244
0.843289
0.396708
0.795874
0.054091
-0.21555
0.855345
0.912927
0.0941045
0.321747
0.483703
0.529428
0.438936
0.0911715
0.863438
0.207398
0.331001
1.1529
0.220116
0.231725
0.760098
0.21262
0.665569
0.564455
0.404164
0.271579
0.640128
0.00723736
0.59133
1.10908
0.470888
0.322684
0.766722
0.448185
-0.354695
-0.163298
-0.0261559
0.988906
0.320844
-0.330283
-0.0662072
0.251363
0.741077
1.0277
0.537111
0.910804
0.446311
0.505445
0.804799
0.0521488
0.112677
0.510396
-0.882096
0.597471
-0.12001
1.07607
0.506652
0.843384
-0.41888
0.772062
0.788454
0.36575
0.589514
1.38964
0.643308
0.851885
1.03167
0.638481
0.370414
0.593382
0.607731
1.1845
-0.117677
0.791162
0.335937
0.82698
0.279695
0.462702
0.550552
0.756431
0.864596
0.546689
0.639897
-0.150612
-0.186075
0.594304
0.231082
0.529047
-0.222198
-0.0718048
0.680593
0.164458
1.04242
0.671781
0.309138
0.43361
0.63663
1.29017
0.432969
0.359269
0.569062
-0.383385
-0.201368
1.41883
0.744047
0.519514
0.249555
0.831116
0.479502
0.86211
0.761806
0.166389
0.795406
0.579389
0.214233
0.479532
0.108472
0.660466
0.827115
0.301787
1.27007
0.395831
0.163645
0.625748
0.446771
0.042648
0.726329
0.187538
0.61039
0.462211
0.557162
0.830219
0.647217
0.782745
0.703782
1.16705
1.08165
0.679736
0.152856
0.946762
-0.641894
0.447621
0.89478
-0.0688777
0.592449
0.750264
0.785231
0.956544
0.651224
0.636143
0.714754
0.422075
0.544163
0.475102
0.504016
0.811836
0.894452
0.918001
0.248925
0.518301
0.464361
0.176187
0.238492
0.572276
0.303107
0.263058
0.469871
0.242228
-0.101868
0.402374
0.0788236
0.913036
0.0656823
0.961086
0.478206
1.17473
0.477115
-0.132061
0.228642
0.410799
1.02521
-0.0730399
0.523767
-0.242738
0.839311
0.414323
0.58556
0.640266
0.922004
0.0740758
0.82318
1.30533
0.938949
-0.0763817
0.605136
1.04399
0.618211
0.26767
0.137449
0.202881
0.786598
0.424224
0.794415
0.667906
1.26865
0.824227
0.207132
-0.0651054
-0.443948
0.692263
-0.0892879
0.179594
0.537434
0.225163
0.666875
0.677139
0.370868
0.279222
0.238469
0.506085
0.0494217
0.459021
0.493542
-0.176293
0.260696
0.778248
0.803974
0.0776655
0.0905629
0.154991
0.185521
0.513326
1.30759
0.437143
0.328802
0.813518
0.942961
0.852071
0.516059
0.530632
0.961763
0.971074
0.491234
0.487935
0.707159
0.865624
1.11562
0.308123
0.17203
0.524024
1.03663
0.741646
0.262709
0.453766
0.78053
0.963635
1.1309
0.176371
0.491789
0.706754
0.665135
0.258948
0.192472
0.358074
0.885393
1.17135
