0.340504
3.24072
-0.0487031
0.885336
-0.0617156
3.00863
-0.593258
1.84962
-1.52825
-1.45276
-1.33182
-0.186479
1.28275
1.10596
-0.165565
0.984483
-0.934627
-0.731932
-1.24622
0.479571
-3.44078
1.78888
1.19317
1.88634
-0.800585
1.57714
-0.704991
2.52347
-1.89422
-2.2245
-1.88741
2.33384
0.930184
0.160647
-0.894427
0.202359
1.01512
-2.24846
0.910512
0.390764
2.53049
0.0205183
-1.52854
-0.672309
1.24634
0.703743
2.78899
1.10682
0.22642
-0.468227
-0.495971
0.318702
-0.309424
0.95162
-1.90341
-0.558119
0.0705563
0.635742
0.337277
-1.60864
0.728379
1.65236
1.97992
-2.64681
-1.00911
1.05759
0.928009
-0.969972
0.0918866
1.85058
-1.49861
0.918665
3.72781
-0.774214
1.02715
-0.349032
-0.542608
3.95931
-0.757663
1.25438
2.82
1.65915
-1.80521
1.17744
0.674238
0.738485
1.21066
0.456892
2.78745
-0.363571
0.187124
0.152805
-1.1074
-2.60263
1.4976
0.255749
1.70825
1.56891
-0.15324
0.654967
0.86335
0.846086
1.66932
0.169407
-0.710154
0.887126
1.26314
0.599292
-0.814444
-3.45644
2.20645
0.530694
-1.53857
-1.60983
-0.4765
-1.97623
-2.20391
-2.46375
2.33417
-1.28884
-1.36162
4.23497
-1.20041
-1.90541
-0.970647
-0.57453
0.61797
0.352769
-0.90072
-1.33667
-0.343882
-0.220765
-1.08531
-2.46398
-1.20771
-0.186695
0.617889
0.8035
0.236223
2.95701
0.26484
0.815978
-0.524313
-2.70848
-1.04076
-0.873146
-0.504375
-1.24745
1.18655
1.53497
1.40311
2.89404
2.01335
3.8251
1.01852
1.22033
2.59079
-0.100002
0.245493
2.65807
2.12375
2.65932
3.07851
1.34881
-0.248302
-0.606122
0.735063
0.270109
2.48988
-0.686127
0.683419
0.658003
-0.162318
0.359236
0.681977
2.59797
4.0245
0.00426507
-2.27038
0.473738
0.697726
0.624981
-1.40333
-0.189768
-1.96583
1.85953
1.50902
0.206874
1.20759
-1.47907
1.45921
1.42741
-2.98959
-1.71212
-1.63207
2.25218
3.23003
-0.0794309
0.0816181
2.47004
-0.47701
3.26635
0.651638
0.813595
2.72277
-0.972104
0.0175355
1.48588
-2.0026
1.71602
-3.00216
1.42078
-0.457663
3.57204
0.29551
-0.184097
1.57456
3.36623
-2.02168
-1.89083
1.74127
-0.28987
3.18665
0.499585
1.78623
-2.35518
0.3924
-0.487091
0.476042
0.555507
0.935714
1.57115
-0.174042
-0.355938
2.36098
-1.45955
0.586565
0.627343
2.75712
-2.82389
2.23125
2.51099
1.36643
0.061919
-0.150592
2.12833
2.81648
3.6851
0.641253
0.872001
2.72465
2.46203
-1.45233
0.155328
1.17135
0.503724
2.96817
0.931726
-0.713208
0.538906
0.875967
1.36053
1.94237
0.130389
-1.10707
2.93045
0.678526
0.192385
0.432518
2.68246
-1.08762
2.3159
1.56105
-0.448882
0.12368
1.53695
2.87644
2.70586
-2.43341
1.09158
1.44968
-1.62095
1.94846
-0.925429
1.38808
1.17333
-0.755689
0.498343
0.167542
-0.484154
-0.00728105
1.33682
-0.526785
1.16151
-0.708333
-0.522141
2.90782
-0.0102564
-0.0088096
0.350881
1.49204
2.21003
1.41091
1.6403
-0.901099
-0.293091
0.0432925
-0.281099
-0.712356
-0.988964
-1.26821
0.825502
0.763035
1.95841
1.24287
-0.974463
1.25103
4.2068
1.30924
2.39482
2.23094
0.210962
-0.484193
0.957196
1.48766
1.94225
-0.14225
1.96817
-1.19741
-0.290062
1.47956
-1.17998
-0.887932
0.744292
-1.98627
-0.043354
-2.93902
1.15445
1.97128
0.071189
0.529676
-2.1062
0.101738
0.550512
3.52703
1.79638
1.1482
-0.320796
-2.11486
1.15215
1.235
0.947688
0.671709
0.578268
2.16901
-1.53225
-1.32967
3.10693
2.32381
-0.880797
-3.70871
1.68758
3.008
0.899221
-0.822488
-0.72971
-0.692349
2.29801
0.37716
0.759677
0.592303
1.5142
2.35319
0.000473694
-0.535688
0.786864
0.912475
1.40011
-0.142684
1.45706
0.241561
0.232025
-0.957005
2.12135
1.12748
-1.14385
0.82882
-1.20891
1.18051
-1.70157
0.242752
-1.31812
-1.91679
-0.0817186
0.0701233
0.285548
-2.36833
0.0711914
2.16203
1.32633
1.57311
1.19538
2.85628
-0.532948
2.57395
2.73597
2.0594
1.83638
-1.01132
1.70083
0.622554
1.38484
1.03989
-0.791732
0.449318
0.71625
1.4376
1.58668
-2.03944
-1.9731
2.08403
-0.267217
-0.0729402
2.09059
-0.513013
-1.30747
3.56317
2.35967
-1.99154
0.506007
2.34668
1.87273
-0.00313831
1.98675
0.59464
-0.104322
-0.730389
-0.518494
-2.99057
2.07939
-0.307128
-1.02072
0.0993026
0.997732
1.43749
-0.707605
1.95256
1.65309
0.496496
2.8668
-2.16372
-0.28104
0.0465871
-0.703788
-0.766349
1.77611
-0.506203
-2.12145
0.795501
-4.45506
0.0409464
-0.04557
0.964484
0.957867
0.932858
1.46757
-0.725547
4.51232
0.233781
-0.535069
0.333471
1.82125
0.0529533
3.29264
1.28709
-1.75487
1.4636
-2.72965
1.73566
-0.301659
-0.0588601
0.784347
3.40143
0.620862
2.25936
1.08339
1.51307
-1.35714
2.52373
0.851266
-2.62843
-0.220318
0.779667
1.82675
1.62606
-2.48636
0.469221
-3.85742
1.34587
0.174664
1.35124
1.4226
0.214194
1.16307
1.05744
1.40417
0.125301
-1.40372
1.33477
-0.679057
0.0140289
4.41775
-0.739254
-0.710281
-1.2457
-2.21693
2.66253
2.24414
1.66477
2.22697
-1.36818
0.811561
0.897456
0.171203
2.4777
3.06881
-0.587294
-0.465614
0.344796
2.49706
2.28449
1.78026
-0.194581
-1.29351
-0.378656
-0.884968
1.18519
-1.26133
-2.7241
2.12309
-0.607145
3.3754
-2.16278
3.4199
-0.22485
-0.712954
-1.18327
1.47588
-0.226947
2.25548
1.55816
0.938782
0.968478
1.70419
-1.42918
0.917221
2.52097
0.88022
0.921068
-1.70891
0.0984191
-0.58183
-1.76897
-1.88716
-0.910504
-0.741779
-0.216459
-3.75638
0.195306
0.945033
0.735252
1.0035
-1.31631
-3.69757
-2.07824
-1.98797
-0.220983
2.39869
-1.29169
-0.794055
0.363417
3.38296
-1.05888
2.30505
1.17014
-0.619411
1.33574
2.15818
-0.777482
-2.27213
1.18583
-0.12086
2.0806
0.146211
1.76526
-0.580018
1.13991
-1.20898
2.53166
0.840304
-1.09136
1.3262
1.16809
2.30531
0.239401
-1.3953
1.27217
2.79157
1.85498
2.0092
0.201144
2.09981
-0.704936
2.01314
1.17192
1.11863
1.44161
-0.465389
-1.74645
1.91326
3.11105
2.07551
1.09706
1.2531
0.102268
0.46103
1.75726
0.360851
1.8184
3.53006
0.314346
1.33472
0.771978
0.276867
4.63918
1.48522
1.9475
0.561948
-0.27641
0.0328986
0.709473
0.715041
0.756689
2.35201
2.92544
0.661614
1.18668
2.63816
5.70482
-1.78158
-1.15718
1.64636
1.3928
-0.14923
1.46132
-0.76168
0.674796
1.55298
1.69286
0.47716
1.71321
0.448993
0.178382
0.263837
0.722983
0.546421
-1.63823
-1.83903
0.376382
-0.112981
0.124999
2.02428
1.72542
-0.178883
-1.29482
1.81502
0.883873
-0.315132
-0.445345
3.39647
1.67281
-0.121587
1.59734
0.906456
1.86673
-0.388255
-0.180805
0.82155
1.76822
1.51442
-0.977163
0.0735577
-2.71567
0.222456
0.028048
-0.832301
1.34035
2.13051
0.604996
-0.94428
2.88835
2.31731
0.733676
1.84699
3.16972
2.28348
0.938893
1.07644
0.667265
0.229122
1.37626
-0.222729
1.23698
2.65828
2.03256
0.795424
0.969087
-0.867656
-1.44973
-0.0440553
-1.80568
0.910361
-0.341561
2.68935
0.700439
1.42891
1.17939
-0.379459
2.93921
2.78416
0.794784
1.71121
2.14315
1.15427
1.73254
2.18754
2.73101
1.2414
0.0475132
0.24518
-0.0425199
3.58067
0.352412
1.76233
1.46625
0.85657
2.63254
1.18848
2.41031
-1.16129
3.66291
0.165789
-1.16109
1.84563
3.05771
0.375509
0.971351
0.033445
-0.181223
0.465732
1.1155
1.35129
2.03034
-1.0848
1.5767
-0.783888
2.71845
0.849673
0.479678
-0.715779
-1.59673
3.09559
0.571584
-0.37773
-3.04056
1.91744
0.505153
-0.876282
0.616907
-0.0492598
0.717316
-0.788675
2.16986
2.54289
-0.141811
0.119952
0.39031
5.48084
-1.41358
-0.93316
1.81593
2.35102
0.772995
2.16799
2.39429
-0.297915
-0.283222
0.355381
1.2137
1.89806
1.30026
1.5646
0.728209
0.268427
-1.22099
-0.461303
1.76142
-1.37494
-0.776698
0.604912
-0.266319
-2.58168
0.963126
-1.0512
1.78116
0.506864
3.52494
2.3463
0.307336
3.56926
1.5124
0.0449947
1.15358
0.673439
2.32208
1.59459
-1.37984
-0.132624
-0.0771553
-0.458381
-2.27896
-0.368688
-0.908684
-0.827608
1.45032
-0.0134221
-1.14788
-1.6912
-0.150838
0.424434
-3.60734
0.562925
-1.46407
3.37722
-0.662325
-0.0450844
-0.421469
2.49369
-0.841893
1.17483
2.68179
1.59368
2.66145
-2.92651
1.57149
3.75228
-0.538958
1.56803
-0.0813821
1.55893
-1.88553
0.87198
-0.346148
-3.13104
-0.487984
1.14309
-0.325041
0.0180282
1.46723
0.763764
0.873528
1.57779
0.744303
0.691319
4.13649
2.61137
2.43809
1.97473
-0.624905
1.62227
-0.215517
-0.0951485
2.08747
0.373307
0.331011
0.822596
2.33579
-5.52817
1.00873
-0.647175
0.153688
4.027
0.355652
1.80351
1.03532
0.80137
-3.58769
0.84775
2.40799
1.16892
0.932141
3.58612
3.686
0.0501602
3.91443
-2.22915
-0.740114
1.26077
0.224137
0.124024
2.92202
-1.26941
-3.92427
0.612339
-1.15915
0.345989
3.23371
2.28168
-0.650756
0.232427
1.18831
0.793234
-0.89508
-0.0894696
2.64517
1.13355
1.36844
0.466856
-1.43204
0.542215
2.21763
0.753973
-2.56459
1.50631
1.13173
-2.36726
3.36124
1.65405
2.17163
0.866572
0.371714
1.06899
-0.0465096
3.1963
1.61909
0.170248
-0.647507
0.510832
-1.46557
0.646928
1.13669
-0.478964
0.734377
0.333618
0.47294
1.56992
1.78388
0.631538
-0.22752
-3.42897
1.48019
0.553842
2.46905
1.52274
1.05716
-0.470556
0.402782
0.441895
1.14504
-2.57414
-0.547118
1.67333
1.60681
-0.0441075
2.83397
1.78083
1.98427
1.15025
-0.27722
1.79689
-1.6957
-1.37844
1.39742
-2.79663
0.661821
-1.14525
3.59829
1.28087
-0.58559
0.6714
-1.08384
3.05415
0.573685
0.624769
1.21959
-0.887647
1.40816
0.109071
2.87292
2.96917
1.04548
0.354753
2.34307
1.62715
2.05052
0.990974
0.0175287
0.0250697
-3.51883
1.92014
0.127121
1.43175
-0.501972
1.62644
1.80306
-0.805433
0.0250261
1.21351
0.730009
0.719171
1.43914
3.06087
0.841873
-1.85916
2.86066
-2.96493
0.564731
-0.383019
-0.00412601
0.281804
0.497095
0.343368
1.48975
1.78767
-0.0606366
3.01914
2.79489
0.835384
0.879019
0.678326
1.97857
0.0188525
0.89005
3.88831
1.59695
0.445543
0.162546
-0.536693
2.07591
-2.39965
2.85443
2.28114
0.0707068
2.3837
1.10457
0.109416
1.30957
0.0780371
0.509216
3.95761
0.337802
-1.18676
1.40021
-3.15017
0.47508
1.96351
-0.502444
-1.86972
1.37966
-1.25799
0.727735
2.11034
0.222475
-0.734665
-1.20491
-0.200853
1.59652
2.01992
0.263905
-1.3582
-0.526602
-2.42235
0.0662108
-0.0161707
-0.414384
-0.570274
0.507253
2.93366
2.53405
1.61412
-0.20155
0.417925
-0.561683
-0.57163
2.56699
-1.08694
1.35589
2.03415
-0.726286
-1.41844
