0.180329
0.102483
0.185506
0.26619
-0.233295
-0.276194
-0.275663
-0.386274
-0.239907
-0.354442
-0.617202
-0.653374
-0.56438
-0.407258
-0.392472
-0.134029
-0.0542789
-0.334191
-0.167119
0.151335
0.323113
0.668937
0.461365
0.407794
0.382675
0.330777
0.490831
0.490643
0.583569
0.660128
0.715548
0.693399
0.605595
0.663807
0.606393
0.589191
0.887331
0.650582
0.492247
0.197231
0.464683
0.439075
0.332807
0.703627
0.816388
0.9874
1.09636
0.841332
0.985923
0.899608
0.762523
0.570354
0.439667
0.743722
0.71335
0.406714
0.524434
0.820778
0.542331
0.359421
0.653978
0.347307
0.267793
0.404424
0.386398
0.464867
0.432942
0.645713
0.816198
0.848846
1.02423
1.15077
1.17552
1.28101
1.3131
1.36979
1.59058
1.53623
1.54168
1.34583
1.15568
1.19312
1.51731
1.59567
1.61523
1.67537
1.81963
1.79122
2.11788
2.09483
2.08998
1.83707
1.82578
1.63702
1.70014
1.75342
1.48327
1.15475
1.06152
0.917257
0.858009
0.913896
0.69181
0.916051
0.705324
0.739906
0.569493
0.532855
0.0788578
0.260423
0.143383
0.136147
0.338134
0.796038
0.554491
0.565191
0.880862
0.872609
0.89879
0.667399
0.413428
0.198483
0.32405
0.495063
0.390291
0.4193
0.377844
0.139781
0.256107
0.0710764
-0.190949
0.152862
0.257111
-0.0414452
-0.470977
-0.43617
-0.301394
-0.118967
-0.407023
-0.15827
0.0986568
-0.0402124
-0.256973
-0.216516
-0.132847
-0.172024
-0.336957
-0.48134
-0.405125
-0.290026
-0.4293
-0.411718
-0.401821
-0.330532
-0.351816
-0.307237
-0.267304
-0.158397
-0.316734
-0.61842
-0.502213
-0.621641
-0.661681
-0.90688
-1.01497
-1.15285
-1.22674
-0.983833
-1.08254
-0.899356
-0.845397
-0.897206
-0.90234
-0.82074
-0.707716
-0.656093
-0.694
-0.550734
-0.34034
-0.355312
-0.529964
-0.188462
-0.607179
-0.871745
-0.927879
-0.716405
-0.963044
-0.671113
-0.714503
-0.685393
-0.77128
-0.596523
-0.655608
-0.533897
-0.658194
-0.681969
-0.710142
-0.755084
-0.830746
-0.903423
-0.659689
-0.632632
-0.471263
-0.523921
-0.712916
-0.879774
-0.955855
-0.925568
-0.809758
-0.668688
-0.517122
-0.135848
0.169475
0.071037
0.21642
0.0366091
-0.114311
0.121347
0.000808861
-0.105764
-0.312064
-0.122083
0.112178
0.0480738
-0.0237721
-0.00705712
-0.132821
-0.327154
-0.286052
-0.377839
-0.467227
-0.401983
-0.346694
-0.33939
-0.32456
-0.116232
0.192647
0.24861
-0.00848885
0.0697152
0.130512
0.040036
0.129738
0.273318
0.415132
0.49735
0.496248
0.546157
0.642455
0.505635
0.719106
0.38605
0.548522
0.515166
0.591734
1.20427
1.1895
1.3352
1.08723
0.772143
0.793729
0.56707
0.668511
0.829769
0.960791
1.0715
0.925312
0.538733
0.563449
0.48455
0.856407
0.661356
0.750542
0.405525
0.21196
0.489074
0.32432
0.549629
0.36695
0.430484
