1.04255
1.00824
1.05613
1.181
1.26412
1.18043
1.2089
1.07141
1.01463
1.0904
1.17022
1.03334
1.11836
0.860992
0.842413
0.973736
0.822656
0.737378
0.976464
0.761143
0.717116
0.802674
0.918134
0.734325
1.0257
1.1277
1.64297
1.22662
1.41667
1.16675
1.15043
0.974285
0.792008
0.741569
0.623835
0.653199
1.03911
1.18021
1.12876
1.07531
1.52928
1.41865
1.39388
1.26485
1.48113
1.76068
1.86291
1.80837
1.77972
1.41627
1.2365
1.24984
1.21457
1.28902
1.07643
0.800043
0.612897
0.60838
0.747792
1.0468
1.07288
1.01988
0.934291
0.627811
0.409984
0.412715
0.298213
0.283657
0.326066
0.214741
0.211088
0.406713
0.522297
0.570397
0.211012
0.0546178
-0.203463
-0.16903
0.306318
0.507116
0.35345
0.708604
0.61855
0.319103
0.297897
0.331287
0.136347
-0.0730009
0.122018
0.0994537
0.18436
0.465644
0.558686
0.607461
0.67282
0.860313
0.966663
0.95701
1.03244
0.58163
0.499617
0.395519
0.106888
0.108181
-0.0432603
0.146341
-0.0997356
-0.0556793
-0.0174069
0.215075
0.264378
0.508037
0.496049
0.62552
0.736799
0.987394
0.793033
0.399371
0.583253
0.32416
0.0457674
0.0383612
0.437947
0.657127
0.386914
0.666755
0.516741
0.62275
0.674592
0.782972
0.904291
0.730434
0.545448
0.548767
0.712308
0.475952
0.918427
0.92197
1.06435
1.20046
1.09438
1.11352
1.10181
1.16929
1.19649
1.19615
1.20669
0.937792
0.76481
0.828254
0.666834
0.538037
0.806836
0.915683
1.21399
1.51289
1.352
1.02351
0.666931
0.496198
0.164485
0.028346
-0.0547355
-0.4129
-0.385347
-0.295644
0.0178647
-0.347379
-0.362015
-0.0932061
0.134675
0.278667
0.41143
0.331892
0.258212
0.0808887
0.367693
0.190635
0.179585
0.179158
-0.0473639
-0.200409
-0.578698
-0.338706
-0.371652
-0.00512226
-0.133792
-0.10172
0.255562
0.211357
0.472152
0.42639
0.24229
0.290491
0.217745
0.246441
0.50069
0.57872
0.509374
0.556722
0.222371
0.0917659
-0.0960241
0.209129
-0.031905
-0.178305
-0.310486
-0.0221759
0.0389263
-0.194739
-0.332672
-0.178258
-0.523286
-0.454005
-0.741013
-0.676104
-0.927382
-0.785912
-0.89879
-0.909263
-0.835794
-0.727093
-0.772694
-1.13377
-1.10677
-1.15275
-0.961507
-0.667602
-0.543482
-0.230843
-0.262073
-0.251511
-0.193236
-0.193806
-0.214795
0.17015
0.110724
0.438108
0.711997
0.876077
