-0.495365
0.119437
1.42394
0.260978
0.207304
1.09515
1.78943
0.334026
-0.903991
-0.651984
0.356083
0.286998
1.61188
-0.133484
1.43845
-0.972929
0.530905
0.195106
-0.265118
0.205863
1.03712
0.538723
0.0961045
-1.14153
0.341172
0.558014
0.235667
1.26882
1.35992
0.685079
1.38738
0.636545
-0.71975
-1.01036
0.593836
1.94565
0.191117
1.30829
0.365492
1.87973
-0.138857
-0.125133
2.1841
-0.364506
2.49343
1.42571
0.705195
0.4802
0.713251
1.02835
0.610729
0.257729
1.01554
0.368584
1.58351
0.597786
-0.221223
1.37224
1.76809
0.607294
-1.0604
1.01029
2.31789
1.32513
0.305443
0.556264
0.633397
0.842082
0.523817
0.883531
1.046
0.697206
-0.656447
2.662
0.397338
1.74251
1.90862
-0.632737
-0.905654
1.69575
-0.169457
1.34229
-0.0661471
0.708909
0.125124
0.144554
-0.635607
0.368434
1.84973
0.762136
-0.107247
-0.242816
0.282458
1.7736
1.25735
0.693335
0.244536
0.536754
2.21365
-0.108609
0.437131
2.31945
1.22405
0.472074
-0.527918
-0.545622
-0.184213
0.948286
0.075475
1.65935
0.816173
-0.231482
0.0946599
0.755443
0.901136
0.497126
2.89868
-0.297268
0.549064
1.78241
0.465569
0.415392
-0.181078
-1.03506
0.118322
0.456966
-0.232844
0.898665
0.942232
-0.441008
2.10563
0.0171111
1.23033
1.15291
0.772697
1.17325
0.672262
0.800654
1.39329
0.952984
-0.936884
-0.282177
0.398421
0.41636
-1.0264
2.0101
0.451786
-0.370328
0.267177
0.222445
2.48189
0.488568
0.239517
-0.33079
0.353598
1.85218
0.575587
0.912148
1.2109
0.484826
1.57462
0.496067
0.498212
0.175702
-0.641802
0.938403
1.12211
0.245019
0.238701
-0.651019
0.57607
0.563325
0.0531599
0.219948
0.28992
-0.64583
1.67193
1.47696
-0.34037
0.133932
1.16557
1.71673
1.19128
0.529045
-0.192607
0.844505
0.570869
-0.0405297
0.175071
-1.25815
-0.308964
0.854515
0.400966
-1.01402
-0.628976
0.407995
0.963407
0.336443
0.694564
1.1154
0.246551
1.138
-0.663321
1.84373
1.29543
1.41518
0.364742
-0.0274857
1.15303
0.0941536
1.65791
-0.0348951
0.880384
-0.472895
0.964558
0.85509
1.82887
0.336913
-0.656204
0.216186
-1.06985
0.638219
0.692858
0.872068
0.0971105
0.99136
1.20272
0.743265
1.51529
1.32508
-0.291698
-0.599527
-0.131869
0.0574889
0.228296
0.140584
0.0277782
-0.698458
1.05317
1.25791
0.88404
1.6496
0.426576
0.35593
-1.65934
1.05135
0.244522
0.0889809
0.630787
0.589285
1.65119
1.60404
-0.253089
0.622298
0.360478
0.806092
-0.764795
-2.05479
1.00566
0.877437
-0.27602
0.48257
0.757023
0.709456
0.762196
-0.178489
0.490883
-1.01125
1.84965
1.57421
1.73175
0.479773
-1.0301
-0.0873763
0.788752
1.83639
0.30671
0.0794052
-1.4706
-1.45033
0.814656
1.05767
-2.49441
0.723891
-1.17826
0.51712
1.19046
0.489985
0.36481
0.0287525
-1.66586
1.62095
0.890785
0.263975
1.15995
-0.658807
-1.83053
-0.560783
0.988603
-0.715864
0.694227
0.951803
1.77888
-0.261339
1.43568
-1.25553
-0.11829
0.048125
1.83794
2.10068
-0.197121
0.698218
-0.661471
-0.410043
0.396356
0.685057
0.995605
0.199902
-1.38053
0.362681
0.613152
1.87025
-0.0510174
-0.357422
-1.47973
0.175642
0.15924
0.294287
-0.302562
0.625545
0.655404
2.00314
-0.020249
-0.404505
2.01702
-0.0355183
-0.457674
1.60775
0.728084
-0.0670012
-0.0206625
0.722491
1.39064
0.598089
0.827485
0.845883
-0.485058
0.0985341
-0.101106
-0.584346
-0.3043
0.494217
0.775393
0.0218568
-1.09914
1.77044
0.845523
1.05054
-0.244195
1.18244
1.10882
1.50678
1.42743
0.0930619
0.463414
1.16302
0.11249
0.470028
1.47473
2.12812
2.10546
0.220457
-0.630357
0.282885
1.24021
-0.0557506
-0.233155
-1.00663
0.065944
0.501
1.61546
0.145823
-0.552855
0.906807
0.882759
0.533477
0.34661
-0.435252
-0.0809375
-0.350544
-0.216048
2.29747
1.64311
1.15128
0.803681
2.12594
-0.0831364
0.248626
-1.15425
-0.469162
0.140286
0.212051
0.821905
-0.723068
-0.5677
0.337169
-1.68418
1.02448
1.01942
-0.210953
-1.18881
0.567446
0.0385277
0.396624
-1.07406
0.823286
1.02083
0.621433
0.023497
1.18268
-1.26522
0.511448
-0.292099
0.753366
0.110914
0.424187
0.0990544
1.59059
1.935
-0.232972
-0.749923
0.311751
0.508511
1.99971
0.431179
-0.259161
-0.804599
0.356814
1.44679
-0.731588
0.33586
1.09834
0.234698
1.22642
0.0607807
-0.773329
0.328299
0.274714
-0.375807
0.339372
0.221902
0.988015
1.3718
-0.916616
1.14228
-0.67831
-0.231426
0.884044
1.46473
1.06224
0.25673
0.545255
0.912575
-0.918667
1.20111
0.0579348
0.59888
-0.825061
1.83572
-0.0930355
-0.680401
0.25526
-0.850992
0.399082
0.123405
-0.773038
0.450659
0.565524
0.39682
0.260411
0.569739
1.25863
0.951783
-0.661711
1.44494
0.857189
0.339198
2.2697
-0.268034
-0.929541
-0.119785
1.62867
0.619422
0.608529
0.927669
0.420198
-0.303026
-0.335481
1.24154
1.15247
1.81316
-0.656703
0.517873
-0.00540676
-0.535048
0.990986
2.55846
-0.138266
-1.74357
0.935903
0.554685
-0.026988
0.447732
1.05722
0.185748
1.14615
1.26267
0.520674
1.04333
1.87863
1.17989
-0.874926
0.0374063
1.22067
1.18176
-0.099212
0.795663
1.3792
0.0985988
0.804013
0.533136
-0.587693
-0.755375
0.949026
-0.516718
1.08599
0.106509
1.608
0.555739
-0.113856
0.596387
1.02478
0.526677
0.400679
-0.269056
1.66277
1.10386
-0.0800794
-0.648585
-1.70887
1.07414
0.566309
-0.556985
-0.468756
0.642742
0.131765
-0.132749
0.633885
0.990166
-0.256051
1.83937
1.07536
0.27941
1.58747
1.72207
0.317501
0.597512
1.96682
1.06294
1.00676
0.809919
0.301684
0.754678
-0.636401
2.38683
1.47536
0.214377
0.394167
-0.313341
0.28185
1.53433
1.15278
-0.655366
0.134466
-0.935314
-0.309845
0.522216
0.197349
1.11378
0.814492
-0.0229321
0.272566
-1.00646
-1.2928
0.0902949
0.870691
0.0788187
1.48825
0.306463
0.261916
0.30088
1.04807
0.973621
-0.315746
0.839729
0.407192
-0.351058
-0.156047
1.02627
0.893464
-0.0458751
1.10809
0.456353
0.613712
1.75312
0.503662
1.30565
-1.21261
1.02546
0.44745
0.0985811
-0.128909
1.40329
0.181228
-1.0136
0.806757
1.97571
0.268267
-0.395235
0.799287
1.37267
0.412698
1.00775
0.109853
0.757169
-0.863739
0.360068
0.442696
1.38126
0.116051
-0.0978438
-0.169174
0.499179
0.448364
0.505134
1.3186
0.156228
-0.605741
-0.452419
1.22647
0.663708
1.24124
0.826154
1.19782
2.44154
-1.48436
1.82967
1.09243
0.244524
-0.305518
-0.0585329
1.15877
0.457604
0.699487
1.53736
0.60261
1.59995
-0.334545
0.991402
0.137078
1.01606
-1.12345
-1.66798
1.32727
-0.546603
0.0846069
0.940819
0.940731
-0.271078
0.275959
1.93117
-0.168795
0.546706
0.892936
0.907276
1.57945
0.608896
0.681593
-0.786606
0.556553
1.08888
1.12685
0.979992
0.488657
0.834209
0.171356
0.471299
0.281646
1.19137
-0.639239
-0.293341
-0.0235532
0.776099
0.922064
0.644009
0.929438
1.54695
-0.272168
0.873765
0.358859
1.89972
1.06513
0.975407
0.665505
0.727426
1.2023
0.31597
1.48948
-0.408613
0.994515
0.65205
0.625104
-1.25849
0.453933
0.423141
1.22545
0.505453
0.544309
-0.908167
-0.750293
-0.188565
0.456543
0.152936
-1.0486
0.417537
0.531202
-1.27371
0.134222
0.0369132
0.312029
0.629934
-0.977023
-0.36797
-0.16119
-0.0331627
-0.0600322
-0.80647
0.954276
0.916596
0.31745
0.671017
1.28806
0.197719
1.42999
0.0382089
0.72475
0.685913
0.666645
1.04482
0.699856
0.276848
-0.0259066
1.47811
-0.871717
1.20917
0.696089
0.653688
2.07213
0.200175
0.601966
1.39086
0.0947339
-0.125653
-0.505898
-0.174718
0.655282
0.380638
-1.25431
1.11805
0.828599
-0.569541
0.00073893
0.0912301
0.213172
1.11044
1.38088
1.87395
1.81765
1.51068
1.64622
0.222001
0.275304
0.874153
0.954521
-0.687528
1.22485
0.45509
1.64174
0.391395
1.77168
0.681941
1.18946
1.60948
1.05781
-0.286459
-0.80132
0.206077
1.12111
0.414007
0.321995
0.564146
1.83483
0.79197
1.01077
0.0445443
0.214149
-0.17411
1.12488
0.76995
0.877041
1.43968
-0.00751988
1.1754
-0.47477
-1.57983
-0.396499
-0.220476
1.66799
1.6633
0.797908
0.489643
0.357673
-0.282998
0.829463
0.640627
0.992077
0.328149
2.04957
-0.358769
2.34169
0.454265
0.201001
1.48203
-0.355594
1.00974
0.692609
0.776699
-0.874313
1.25625
-0.705053
0.309192
1.31165
-0.0930595
1.54092
-0.708961
-1.18094
1.04923
0.63665
-0.380184
-0.0535754
1.20002
0.717987
1.54122
1.26421
0.521369
-0.589451
-0.480979
-0.951625
0.701994
-0.707771
1.40831
0.629149
1.18045
1.5883
1.01909
-1.18768
0.680214
0.845226
0.77742
-0.750627
0.680909
0.664447
1.46341
-0.235133
0.103182
-0.695011
1.12572
0.947342
1.04584
0.41805
0.270491
0.746494
1.34793
0.433214
0.16261
-0.186358
0.70792
1.09827
0.518118
1.98014
1.35175
0.220994
0.428449
1.7715
2.35945
2.49773
-0.920253
-0.184479
-0.113036
1.80763
2.23577
1.68297
1.07462
3.31188
1.12064
0.494282
0.847255
1.84848
1.10271
0.654355
1.10165
1.11256
0.74775
0.523396
0.0247157
-0.135215
1.67883
1.54833
1.77619
1.01617
2.29896
-0.573214
1.25824
0.618218
-0.287869
0.75366
-0.179789
1.50889
0.555497
-0.0417806
0.90762
0.283172
-0.223016
2.06445
-0.223804
0.416361
1.93351
0.817267
0.886309
1.49159
-0.0358464
0.889101
1.2004
0.488889
1.82571
1.17831
-0.151262
1.54388
1.79281
-0.304588
0.986045
0.817902
1.32693
1.08786
0.927346
0.30697
1.18499
1.20634
0.534944
0.621889
-0.696
0.593922
-2.02095
-0.356798
1.97163
0.820008
0.386004
0.323652
-0.233786
0.979937
-0.78146
0.752124
0.96542
0.858039
0.277773
1.10329
1.69161
1.59538
1.52524
0.838624
-0.531224
1.23637
0.196951
-0.814649
1.34278
-0.48945
1.21134
0.112075
1.17329
1.11583
-0.151075
0.590547
0.620379
0.586695
1.22037
-0.770461
0.093285
0.0278212
-0.476729
1.0341
2.3119
0.479175
1.29487
0.842645
-0.147961
1.25385
-0.556195
0.939691
2.53759
-0.220991
1.76275
-0.328631
1.31687
0.00857465
0.558277
0.0488518
1.00696
-0.556066
0.468151
0.447615
-0.891828
0.00789402
1.00136
-0.955009
0.0960982
-0.661948
0.765795
1.48077
0.30907
0.881676
-1.32171
0.190203
-1.94924
1.20504
0.761766
-0.427655
1.42472
0.705059
-0.566685
0.702529
0.224293
1.05389
-0.725724
0.905722
2.49186
0.697849
1.16278
0.968866
0.281891
-0.108786
0.401224
-0.00682902
-0.116994
0.460542
1.03641
0.897564
0.0909603
-0.399368
0.952825
-0.0447475
1.98989
1.14538
0.50257
1.00334
1.28485
0.990432
0.432933
1.42339
2.26345
-0.124004
1.29902
0.116707
0.662094
-1.95871
0.30995
-0.208861
1.43992
-0.106172
0.691658
1.37297
0.694502
-0.522302
0.136812
-0.0500596
0.937015
0.70362
-0.0400081
0.263527
-1.56787
0.22004
0.629969
1.14701
0.121024
1.01029
1.30931
2.45164
1.89302
0.550708
-0.873047
1.15811
-1.55707
-0.632422
0.0577962
1.41761
0.514933
0.453587
2.27913
0.984299
2.40093
-0.1324
2.1291
1.61109
0.189495
1.62448
0.470681
1.37539
-0.158035
0.809409
0.211869
2.51438
0.336329
1.15716
0.663704
-0.894497
1.58236
-0.381451
0.760495
0.744746
2.05197
0.0445939
1.37206
0.782583
0.953982
0.848474
-0.0773063
-0.0506772
1.16409
0.277705
0.707022
0.0681727
0.758738
-0.822647
1.75278
2.0232
-0.380286
1.25413
0.0717998
0.858891
0.551952
0.746133
-0.193438
1.53395
2.13134
-0.0680746
0.25415
-0.0320672
-0.106172
0.343236
0.471859
0.417246
-0.49268
1.28344
1.84804
1.38446
0.989185
-0.026292
-0.229308
0.807091
-0.0168087
-0.514459
1.15754
0.542002
0.129609
1.23106
1.87803
1.27796
0.807938
0.300927
0.492867
1.36373
0.700601
-0.0503561
0.961772
1.10798
1.06965
-0.0135307
0.290914
0.578546
-0.401744
-1.76064
1.88851
0.0634508
0.285876
1.49379
1.56001
0.793805
0.432956
0.865066
0.276498
0.835104
0.869842
2.32693
0.979275
0.0586351
-1.02448
1.03673
-0.328516
0.384374
0.127307
-0.650978
1.69939
0.287633
0.713806
1.11161
-0.716703
0.837514
0.424826
0.311609
-0.102406
1.06952
-0.442085
0.525101
-0.327151
0.231222
0.124129
-1.10261
0.984087
0.859274
-0.513907
0.323356
1.32203
1.25949
1.69344
1.90679
0.624724
-0.0177638
-0.359311
0.865725
2.50641
1.10937
0.82169
0.328768
-2.4796
0.606866
0.537476
-2.31357
0.383558
1.44686
-1.02536
0.38622
-0.124918
0.0986321
-0.808183
1.00989
1.0212
1.34251
0.864007
0.61988
0.0724231
0.264307
0.321754
0.0483462
-0.192711
0.833416
0.705701
1.82691
0.277016
-0.396357
-0.347685
0.556827
1.04166
1.13228
1.31768
0.444774
0.185134
0.495593
-0.468677
-0.96614
0.596225
0.577381
1.18752
1.09319
0.86166
0.400128
-1.00674
-0.327714
0.706432
-0.0701369
0.647521
0.640772
0.614878
1.56376
0.318033
0.49278
0.361264
-0.601537
0.180096
0.957755
-0.668332
1.03546
1.77827
0.545356
-0.909705
0.570287
1.89643
1.02205
0.335865
-0.28237
0.125049
2.12018
-0.175412
0.661876
-0.258814
0.0439862
0.458159
0.671865
2.52824
2.06191
1.77246
-0.669512
2.51245
0.354839
1.07204
1.64305
0.455924
0.153393
-0.493445
1.38493
1.55561
-0.714458
0.77931
0.828161
0.163405
0.61565
2.05474
0.573981
0.552715
-0.703938
-0.37852
0.948711
-0.705152
-1.07811
0.668161
-0.572811
-0.10226
-0.630006
1.25364
-1.10115
-0.0694967
1.41133
1.40092
0.693073
-0.372544
0.488309
-0.642374
1.21031
-1.31556
0.204031
0.43431
1.78739
0.369851
2.02905
0.697318
1.70325
-1.45923
-0.160228
-0.612011
-0.924059
1.44869
-1.01346
0.179594
0.984924
-0.640698
0.395973
1.46406
-0.0521014
1.13873
-0.874049
0.88636
-0.923489
0.38956
-0.206714
0.959196
0.541111
0.417622
0.147036
0.23344
1.34184
0.0276275
-0.7345
0.722149
0.00811483
0.238016
1.40781
-0.399159
0.631133
1.49421
1.09423
0.816859
-0.754769
1.64376
1.1449
0.24891
1.39212
-1.19954
1.55836
0.696214
0.18554
0.842845
1.03007
1.38654
-0.381964
-0.0670241
2.47532
0.127557
1.92019
-1.74508
1.7379
1.33532
0.238776
-0.580528
0.568032
-0.551561
-0.0742716
0.704493
1.51986
1.04921
0.897773
0.740264
-0.112898
0.00475288
0.0823432
0.233207
0.163913
0.36532
0.0259411
1.9873
1.63499
0.802742
0.229284
-0.197547
1.08938
1.06353
-0.613759
0.785118
0.0332682
0.640194
0.820362
-0.579221
0.994292
0.907561
1.55705
0.191304
0.433302
-2.14513
0.753427
-0.74784
-0.238056
-0.589177
1.37104
0.467893
-0.202141
0.827582
1.21443
-0.729723
0.404723
1.46133
2.16112
-1.71553
-0.384388
0.31787
1.64911
0.845647
1.14895
0.275528
0.67686
1.06235
0.36083
0.0617875
-0.297244
1.25349
0.863631
0.37891
0.101364
1.84342
1.59129
1.25556
-1.77437
0.388809
1.10401
-0.00319462
0.187298
-0.153836
0.914765
-0.471064
0.400846
1.20499
-0.142469
1.35169
-0.65744
1.4448
0.222088
1.00626
1.59386
1.21914
0.225097
-0.211776
-1.18531
0.713182
1.54831
-0.112851
0.479028
-1.68677
1.12964
0.0505853
1.52079
-0.044274
0.0619942
1.23598
0.819014
-1.13409
0.361261
0.502635
0.984773
-0.0425415
0.918084
0.527302
-0.899003
0.727935
1.4855
-0.58089
0.919043
-1.01454
0.393068
0.232109
1.58709
0.910569
0.715307
1.18983
0.264917
1.51491
0.361996
0.151038
1.64718
1.27664
1.85893
0.137692
1.86247
1.05649
0.351548
-0.549195
0.599974
-0.807965
0.499011
0.500192
0.352826
1.34886
1.48015
-0.048655
0.869817
0.495623
0.0861966
0.500372
1.24842
0.861649
-0.158495
0.500656
-0.319644
1.16354
0.723884
0.277793
0.715143
1.08113
-0.54097
1.30976
0.77338
-0.23331
0.509631
1.13954
0.818411
0.430687
0.755324
0.41324
1.96141
0.67642
1.0323
1.34086
1.1627
0.204194
0.237527
0.0501858
1.56396
0.506986
0.0707533
-0.238319
-1.32352
1.19253
0.39494
0.684633
-0.00526005
0.135279
-0.652855
-0.184768
0.352635
0.969895
1.6545
-0.370795
1.22896
0.274659
1.81871
0.918158
1.19307
-0.69895
1.68533
-0.00384997
-0.572506
0.191054
0.113474
1.06851
0.804066
0.879002
-0.647762
1.11529
0.402081
0.470323
0.235252
-0.552052
-0.353884
-0.346943
1.04259
1.99919
-0.176306
-1.09947
1.28055
1.01176
1.3878
-0.143041
1.42365
1.44817
0.826016
-0.196213
-0.951317
0.903268
0.606066
-0.243221
-1.35992
0.246193
0.547408
0.495259
-0.522147
0.230645
1.03704
1.47465
0.97602
1.74677
0.157225
1.16516
1.88854
0.0232984
-0.171173
1.97571
-0.575585
2.06884
-0.175223
0.748861
0.282178
1.5163
0.876999
0.213071
0.500899
1.1822
1.60179
-0.708819
0.990203
-0.231409
0.180575
-0.100736
0.14494
0.722515
0.358419
1.57387
1.58275
1.3899
0.468455
1.55615
0.115973
1.05889
1.13041
0.669583
0.293482
-1.79726
-0.030627
1.19828
0.351648
0.168291
1.51577
0.636761
0.109986
1.58656
-1.54988
0.346939
0.223402
1.21255
1.27662
1.60756
0.743921
0.762723
2.14258
-0.53895
0.967069
0.47433
-0.0593704
-0.0390047
0.451267
0.481943
1.24962
0.638533
0.432845
0.496522
1.16253
-1.09597
-1.88536
1.2221
0.993952
0.238043
0.2494
-0.527119
-0.194435
1.51444
-0.282215
0.409541
1.05762
0.429812
0.666242
1.11922
0.45064
1.47688
0.680965
-0.141807
0.39974
1.68454
-0.161541
0.930106
0.977478
2.03754
0.51123
1.14205
0.504737
-0.0119118
0.644093
0.394291
0.555442
-0.130019
0.191981
-0.0611305
0.778821
0.483844
-0.201004
1.0148
-0.399328
-0.534673
1.59047
-0.612284
0.248385
0.536871
1.86862
0.450467
0.883398
1.36951
-1.36872
0.713537
0.127261
1.21695
0.938842
0.300202
1.21822
1.3964
1.09889
2.04228
1.06913
0.99505
-1.28246
-0.857418
0.658647
0.258725
1.54653
0.180392
1.38569
0.52261
1.10525
0.0722719
-0.377553
0.187978
-0.205539
0.0700204
2.61472
-0.266352
0.9447
0.551887
0.849399
-0.103647
1.39268
0.399804
-1.75131
0.633072
1.64402
-0.477909
0.978832
0.958692
0.895034
1.17005
0.720572
0.941452
1.59886
0.843444
1.2218
-1.65712
-0.00200004
0.528914
-1.49949
0.328678
-0.00132301
0.434186
-0.281911
1.99009
-0.340266
-0.504265
0.841152
1.00938
0.519252
0.171851
0.171993
0.163839
0.104488
-0.48529
1.17972
-0.62888
-0.124564
0.642356
-0.167808
0.44471
-0.369229
0.712001
1.03864
1.37795
-0.919287
0.950378
0.144055
0.999275
-1.03364
-0.374323
-0.783051
1.48895
0.141698
1.24963
0.848203
-0.815607
0.845482
0.940135
2.44863
0.359418
0.153653
0.300447
-0.763296
1.98048
1.35038
0.183753
0.620821
0.256439
1.89065
1.91393
0.52557
1.52818
0.320037
0.282677
2.10924
0.286824
0.138742
1.43238
0.854976
-0.1246
2.16524
-0.179544
0.663513
0.857157
-0.030655
0.377565
0.807739
0.435658
-0.258071
1.13541
0.687963
0.73028
1.37132
0.292394
1.08395
1.42627
0.33823
0.809918
0.326606
0.94424
1.18068
-2.00417
0.557329
1.0471
0.875774
1.63096
1.74576
-0.020744
0.157873
1.96263
-0.534293
0.351425
0.774921
-0.0177566
0.969208
0.141136
-1.31213
1.46677
0.352328
0.375489
0.0305433
-1.27138
0.397649
0.440574
0.487727
1.9739
0.188171
1.42511
0.825592
0.475186
0.199897
1.29179
-0.499772
1.08429
0.0292711
-0.727464
1.20332
0.671411
0.0956249
0.829139
1.50056
0.116341
1.72828
1.91413
0.0860877
0.429784
0.190901
1.75118
0.155731
-0.527038
0.340239
-0.304646
-0.0290213
1.67067
0.453031
0.349144
-0.78441
-0.920181
-0.899547
-0.863024
-0.0277388
-1.03128
0.36564
1.22519
0.671677
-0.805029
1.69139
0.741642
0.994178
-0.180547
1.43246
-0.0885445
1.03434
1.89416
0.0868548
-0.781495
1.03881
0.516745
0.737459
1.36379
0.908144
1.43491
0.823193
1.37484
0.438948
-0.150275
-0.147422
0.116771
0.0543137
