-0.0256864
0.648324
0.930616
0.615713
0.346626
0.00371811
-0.255466
-0.445685
-0.67577
-0.716842
-1.49545
-1.1134
-0.349026
-0.0694909
-0.14777
-0.0795418
-0.725432
-0.0998006
-0.101887
0.0817748
0.378965
0.967467
0.917931
0.523555
-0.0419157
-0.390772
-0.384271
-0.559045
-0.773377
-0.435622
-0.00985282
-0.468994
-0.709822
-0.407007
-0.465036
0.452268
0.577535
0.810091
0.953622
1.08983
0.982206
0.639965
0.521343
0.494839
0.457808
0.322956
0.941681
0.480629
0.294331
0.509441
0.444109
-0.0589144
-0.219259
-0.0875785
0.462303
-0.0221696
-0.0632523
-0.703235
-0.632466
-0.747091
-0.165779
0.647815
0.75071
0.194068
0.538525
0.437663
0.483486
0.421464
1.47746
1.00058
0.471832
0.385575
0.835314
0.447843
-0.205195
-0.633589
-0.11985
-0.576759
0.0745389
0.0786953
0.121719
0.302485
0.191994
0.41784
0.635303
0.360431
0.000794329
0.371622
0.822946
0.923375
1.02555
0.657956
0.672606
0.452252
-0.0884498
0.669843
0.294074
-0.130698
0.32161
0.798195
0.580058
0.198045
0.0747839
0.129409
0.512906
1.5805
1.19363
1.23119
1.44013
0.32389
-0.320165
-0.588521
-0.890983
-0.963107
-0.281938
-0.63722
-0.727978
-0.435732
-0.637635
-0.853605
-0.974648
-0.822989
-1.57125
-1.0986
-0.166769
-0.341812
0.407141
0.698584
0.138365
-0.519529
-0.19197
-0.143965
-0.335376
0.025111
-0.401055
0.478369
0.63016
0.907958
1.20468
1.41418
1.40837
1.0598
1.4866
1.15985
1.2777
0.966944
0.931913
0.208827
0.0491343
0.156376
0.158646
0.0829936
0.0112256
-0.178402
0.0307723
0.067241
-0.28495
-0.536331
-0.194093
-0.544149
0.124527
0.137619
0.572291
0.464897
0.114985
-0.031858
-0.598722
-0.422018
-0.6103
-0.389416
-0.524974
-0.554893
-0.852637
-1.00241
-0.18995
-0.0452664
0.181008
0.480195
0.58126
0.852885
0.200245
-0.589373
-0.480233
-0.477267
-0.378944
-1.11585
-1.13416
-1.36754
-1.43014
-1.75114
-0.979499
-0.394866
-0.439042
-0.344719
-0.356599
-0.578711
0.231625
0.679472
1.07819
1.05803
0.971356
0.082735
0.24569
0.635003
0.291017
0.367194
0.754582
0.934533
0.332451
0.81586
0.558764
0.427528
-0.0966673
0.00997047
-0.116443
0.24312
0.128223
-0.491351
-0.630175
-0.871265
-1.05533
-0.416224
-0.142254
-0.700471
-0.459167
-1.62898
-1.18441
-1.09711
-1.46044
-0.755625
-0.674734
-0.88285
-0.101193
-0.168569
0.479186
0.0542609
0.915488
0.999134
0.765913
-0.145639
0.308448
0.35481
0.387453
0.721604
0.856546
0.703616
0.542193
0.944125
1.18665
1.57348
0.998848
0.722092
1.04188
0.206261
1.08315
1.01378
0.473223
0.517587
0.155961
-0.155088
