-0.0489344
0.480572
0.904252
0.729379
0.426867
-0.105907
-0.24319
0.564402
0.163688
0.362752
-0.0216085
-0.260793
-0.623283
-0.580224
-0.592987
-0.540972
-0.811
-0.462059
-0.481039
-0.713469
-0.704419
-1.24037
-0.858154
-0.814792
-0.735614
-0.53141
-0.319987
-0.533657
-0.630345
-0.544678
-0.479678
0.0849687
0.0285549
0.00164939
0.448714
0.483805
0.112806
0.51098
0.349619
0.574048
0.337121
-0.268968
-0.319707
0.202897
-0.0975483
-0.0773777
0.262003
0.526066
0.579992
0.83332
0.35478
0.349507
0.354501
-0.309831
-0.557067
-0.6727
-0.357102
0.0153979
-0.35622
-0.189602
-0.71969
-0.634794
-0.128989
0.599918
0.411715
0.437584
0.490511
0.342164
0.831419
0.889618
0.77661
0.424139
0.980629
0.579342
0.0592121
0.176517
0.454205
0.341229
0.366819
1.14041
0.973634
0.955569
0.919859
0.781293
0.555571
0.449907
0.171261
0.00385425
-0.476481
-0.213043
-0.502313
-0.77891
-0.730759
-1.29739
-0.606451
-1.00721
-0.501909
-0.361655
-0.860505
-0.774062
0.0031948
-0.281497
-0.198819
0.485717
0.508419
0.525439
0.120846
0.123803
0.0150306
0.302442
0.343551
0.335743
0.414483
0.41194
0.817266
0.490719
-0.118205
-0.482375
0.0318503
-0.278665
-0.400138
-0.108947
-0.421365
0.0515596
-0.506271
-0.397089
-0.0855772
-0.294764
-0.0749403
-0.211705
-0.651542
-0.657772
0.110618
0.844786
0.455443
0.503612
0.309981
0.443582
0.563185
0.62515
0.942995
1.09719
0.610267
0.414126
0.594888
0.625894
0.253148
-0.375462
-0.941506
-0.637585
-0.484831
-0.732964
-0.332796
-0.649453
-0.0998467
0.443113
0.642067
0.153488
-0.326896
-0.296885
-0.334474
-0.00660366
0.357545
0.797408
0.759153
0.573477
0.938426
1.42561
1.44511
1.10128
0.85002
1.01077
1.17429
0.463781
0.667177
1.10995
1.60396
1.19698
1.23895
0.487089
0.492057
0.498581
0.723386
0.836729
0.83237
0.96541
1.09112
1.01049
0.925667
0.749522
0.512543
0.419633
0.426487
0.320418
0.408997
0.269868
0.000356185
0.150508
-0.296742
0.304224
-0.272019
0.156654
-0.52671
-0.650653
0.332703
0.259963
0.105096
-0.757721
-0.0919112
-0.15269
0.250164
0.328488
0.207334
-0.00238216
-0.541191
-0.60926
-1.05864
-0.957468
-1.67742
-1.33487
-1.10257
-1.13468
-1.03825
-0.869868
-0.546887
-0.00060438
-0.27566
-0.268761
-0.280642
-0.117598
-0.46548
0.164319
0.300595
-0.132523
-0.166482
0.38277
0.543645
0.497177
0.154205
0.656262
0.924855
0.800453
0.986292
0.978221
1.75301
1.64299
1.289
0.727981
0.992439
0.891358
0.975304
0.73152
0.565858
0.242565
0.180294
-0.0068955
-0.64225
-0.154236
-0.166245
0.244275
0.078507
0.655935
0.264907
0.404869
0.374823
0.437141
0.76923
0.127514
0.258225
0.0128646
-0.243521
0.0767489
-0.0729965
0.285028
0.247614
-0.472262
0.00862702
-0.10913
-0.224315
0.294931
-0.110287
0.0370308
0.173692
-0.346256
-0.390739
-0.738832
-0.71098
-0.679605
-0.709139
-1.26327
-1.02891
-1.0958
-1.39161
-1.52008
-1.30553
-1.13202
-1.18381
-0.863937
-0.455655
-0.723804
-0.561379
-0.200755
-0.420314
-1.63531
-1.60175
-1.42792
-1.02027
-1.37315
-1.16833
-0.868437
-0.917828
-0.532125
-0.795136
-0.657039
-0.453968
-0.483695
-0.473277
-0.235058
-0.33914
-0.0515935
0.449398
0.850408
1.10954
0.650486
0.313506
0.288583
0.613778
0.324607
0.443119
0.122649
0.0928948
-0.0444364
-0.150338
0.0555649
-0.0884652
-0.242485
-0.928254
-1.10996
-1.64634
-1.41627
-1.59217
-1.67044
-2.02622
-1.90856
-1.76577
-2.02244
-2.22704
-1.85838
-1.46536
-1.4824
-1.10325
-0.629168
-0.625461
-1.16712
-1.13184
-1.21718
-1.48227
-1.67016
-1.09153
-0.724276
-0.750744
-0.933458
-1.10753
-1.67783
-1.84681
-2.27002
-1.62176
-0.678931
-0.340243
-0.721058
-0.790497
-1.12902
-0.994387
-0.778742
-1.03339
-1.04212
-0.951959
-0.173339
-0.0141506
-0.275641
