0.517604 0.438286 0.348929 0.270246 0.194023 0.132027 0.0861712 0.0415163 -0.0046161 -0.0355399 -0.0545813 -0.076317 -0.0716472 -0.0551407 -0.0457665 -0.0452559 -0.0476092 -0.0468886 -0.0610542 -0.0819865 -0.0921455 -0.0972652 -0.102429 -0.0928691 -0.0763678 -0.0598666 -0.0602009 -0.0436339 -0.0191359 -0.0152464 -0.0105772 0.0127857 0.0342831 0.051053 0.0818373 0.0979242 0.114371 0.119413 0.127896 0.143876 
0.25463 0.185496 0.136216 0.0954561 0.0558574 0.0300933 0.00445835 0.00523022 -0.00754601 -0.0180733 -0.0241216 -0.0182384 -0.029671 -0.0513196 -0.0749944 -0.068101 -0.0658043 -0.0625878 -0.0625548 -0.039925 -0.019541 0.003139 0.0119453 0.0355329 0.0427049 0.0526471 0.0610229 0.0649722 0.0606367 0.0625479 0.0571157 0.0472343 0.0321621 0.0241457 0.0160948 -0.00474821 -0.0153084 -0.0273112 -0.0625038 -0.0796672 
0.375355 0.307208 0.247874 0.1876 0.141151 0.0840443 0.0487998 0.0248993 0.00157379 -0.0138458 -0.0138292 -0.0165108 -0.0140446 -0.0142942 -0.0287065 -0.0184014 -0.00575102 -0.00331713 0.0174406 0.0439462 0.0479072 0.0599638 0.055919 0.0467297 0.0430575 0.0488086 0.0413703 0.0363058 -0.000753203 -0.0362901 -0.0530843 -0.0830308 -0.0861533 -0.0834569 -0.0844532 -0.073226 -0.0595187 -0.0506258 -0.0159914 0.00885847 
0.562477 0.479982 0.413791 0.344333 0.302596 0.259097 0.215376 0.201437 0.176849 0.148105 0.117069 0.103692 0.108322 0.121006 0.124786 0.122958 0.148442 0.14874 0.122471 0.104938 0.0832585 0.0645759 0.0537199 0.0209107 0.00860584 0.00304483 0.00390222 -0.0118136 -0.0377157 -0.026615 -0.01126 -0.0182665 -0.0187493 -0.0245188 -0.0181653 -0.0181701 -0.0420291 -0.0844761 -0.105346 -0.131709 
0.69492 0.599282 0.508263 0.43151 0.398776 0.346663 0.331048 0.309456 0.26809 0.232375 0.209872 0.192921 0.175444 0.151544 0.130887 0.0993043 0.0736945 0.0494375 0.0187809 0.00353442 -0.0316511 -0.0629669 -0.0914948 -0.116307 -0.120363 -0.146242 -0.171995 -0.185285 -0.212347 -0.215855 -0.198747 -0.15688 -0.146162 -0.142443 -0.119634 -0.105166 -0.0883543 -0.0880727 -0.0702271 -0.0617044 
0.459542 0.386448 0.346154 0.280192 0.226728 0.194488 0.175103 0.181494 0.181151 0.183536 0.186866 0.16671 0.147635 0.121222 0.0978825 0.0853696 0.066956 0.0368922 0.0116934 -0.00123695 -0.0109465 -0.0290937 -0.0245767 -0.038676 -0.0359802 -0.00770337 -0.0139264 -0.0224248 -0.0166828 -0.00378734 -0.0121328 -0.0128847 -0.0109294 -0.00491365 0.00146086 0.0192792 0.0343058 0.0476318 0.0365132 0.0179882 
0.380027 0.284301 0.208187 0.147242 0.104553 0.0857684 0.0736422 0.0710097 0.0708449 0.0657462 0.0549712 0.0540618 0.0212974 0.0024159 -0.0276623 -0.0358452 -0.0286406 0.000169126 0.0185669 0.0372157 0.0382178 0.0127375 -0.0260237 -0.0360326 -0.0478039 -0.0468225 -0.0479743 -0.0306663 -0.00633583 0.0265861 0.0458254 0.0330162 0.0239112 -0.00798907 -0.0304733 -0.0250388 -0.0359282 -0.0249299 -0.00982579 0.00838715 
0.473543 0.402062 0.320006 0.233995 0.162711 0.125378 0.080305 0.0420812 0.0454748 0.0394693 0.0419094 0.0650894 0.076468 0.0686157 0.0485898 0.0377379 0.0239106 0.0252081 0.0241788 0.0126957 0.0154714 0.0139446 0.0226248 0.0106736 -0.00412999 -0.0363972 -0.0678026 -0.0967591 -0.13618 -0.139632 -0.140245 -0.130779 -0.124306 -0.100599 -0.0821274 -0.059357 -0.0498308 -0.0455446 -0.059424 -0.0439398 
0.264868 0.196391 0.154411 0.114884 0.0836302 0.0592495 0.0450263 0.0115929 -0.009235 -0.0137122 -0.00925027 -0.00742041 -0.00936729 -0.0185955 -0.0251384 -0.0393707 -0.0313785 -0.0213215 -0.0324373 -0.0407589 -0.0373922 -0.0316493 -0.0307457 -0.0273919 -0.00128094 0.00805065 0.0185895 0.0403833 0.0431934 0.0434878 0.0446 0.0444555 0.0507935 0.0592693 0.0641313 0.0594592 0.0528026 0.0359909 0.0347213 0.0358894 
0.248225 0.181755 0.132386 0.0996098 0.0678774 0.0239441 -0.0159236 -0.0394841 -0.0380695 -0.0400903 -0.0535755 -0.0770043 -0.088444 -0.0812732 -0.0733601 -0.0531202 -0.0461661 -0.0526149 -0.0508449 -0.0389754 -0.0153045 0.0142146 0.022342 0.0384657 0.06654 0.0946268 0.116982 0.102966 0.0831397 0.0636702 0.050704 0.0428126 0.0282961 -0.000833421 -0.0180428 -0.00423503 0.00906022 0.0221722 0.0207035 0.0118754 
0.310338 0.228128 0.153551 0.122511 0.101197 0.0848349 0.0806184 0.0697052 0.0470664 0.0258473 -0.00109671 -0.0152559 -0.0258965 -0.0238089 -0.0175462 -0.00527934 -0.0079672 -0.0255458 -0.0223141 -0.0292547 -0.0469632 -0.0503284 -0.063364 -0.068268 -0.0876094 -0.0837783 -0.0873479 -0.0875506 -0.101223 -0.100519 -0.0972523 -0.093633 -0.0781529 -0.0776704 -0.0559821 -0.0460243 -0.0676288 -0.064215 -0.069716 -0.0517693 
0.485934 0.417344 0.361311 0.302598 0.263954 0.236179 0.205196 0.177477 0.177984 0.169554 0.145831 0.124463 0.100612 0.07321 0.0655375 0.0641879 0.0558276 0.0490263 0.0643282 0.0662693 0.0607434 0.0501659 0.0439913 0.0557576 0.0442556 0.0379311 0.0292325 0.0292361 0.0288611 0.0388239 0.0384885 0.0197026 -0.00953082 -0.0283901 -0.053439 -0.0513995 -0.0376644 -0.0537215 -0.0485444 -0.0402651 
0.500975 0.384557 0.283689 0.19819 0.147462 0.114403 0.085608 0.0534691 0.0211959 0.0124002 0.00632117 0.00595569 0.00988743 0.00475926 -0.0056342 -0.0291915 -0.050432 -0.0602236 -0.0549988 -0.0523771 -0.0454076 -0.0504547 -0.0695684 -0.0675857 -0.055501 -0.0701751 -0.0772296 -0.0803706 -0.114084 -0.13486 -0.133621 -0.127156 -0.121963 -0.11964 -0.12334 -0.127085 -0.132097 -0.117085 -0.0677901 -0.0344121 
0.324199 0.256239 0.210373 0.164812 0.110231 0.0726601 0.05395 0.0532922 0.0369079 0.0266838 0.0109872 0.00498531 0.00561063 0.00958598 0.0086459 0.00416156 -0.00674611 -0.0164461 -0.0409736 -0.0356988 -0.0348714 -0.0401336 -0.0394897 -0.0347897 -0.0271946 -0.0311356 -0.0375462 -0.0312527 -0.0315696 -0.018898 0.00168224 0.0135755 0.00245781 -0.00135941 0.0129922 0.0282073 0.0236294 0.0210577 0.0355491 0.0490058 
0.422699 0.341001 0.269047 0.203959 0.161721 0.119968 0.0709598 0.035748 -0.00199575 -0.0119966 -0.0167476 -0.0113211 -0.00195804 -0.0153139 -0.0231485 -0.0336154 -0.0526325 -0.0573998 -0.050197 -0.0559872 -0.0619282 -0.0898193 -0.102054 -0.109335 -0.100426 -0.085671 -0.0670289 -0.0702422 -0.0856401 -0.0992892 -0.0970716 -0.0798233 -0.0481573 -0.0221326 -0.000561289 0.0223743 0.053515 0.0943639 0.115393 0.118583 
0.257258 0.184895 0.118539 0.0768289 0.0509152 0.0201547 -0.00628582 -0.0317045 -0.0333733 -0.03206 -0.0196883 -0.0126638 0.00496328 0.00667132 0.00687523 0.0141506 0.0186877 0.00387945 -0.00670685 -0.0265362 -0.0393178 -0.038411 -0.0361565 -0.03376 -0.0448376 -0.0445969 -0.0552641 -0.0253942 -0.00621735 0.0110496 0.0194255 0.0275015 0.0153982 0.00456624 0.00480514 -0.0197582 -0.0338878 -0.0437162 -0.0380902 -0.034519 
0.420832 0.327274 0.254617 0.198161 0.16727 0.14902 0.11165 0.0689646 0.0434509 0.0258431 0.00153355 -0.0118523 -7.36934e-05 0.00023644 0.00691674 0.00729228 0.0327994 0.0328647 0.0250491 0.0231742 0.0243221 0.0388674 0.0586079 0.0701321 0.046631 0.0550069 0.0835036 0.106632 0.127002 0.110645 0.0813429 0.0736942 0.0900152 0.105909 0.114961 0.129529 0.118146 0.0952295 0.0763318 0.057275 
0.590572 0.503343 0.432241 0.396152 0.352533 0.304252 0.259999 0.21398 0.184522 0.149152 0.127528 0.0978239 0.0881967 0.0784868 0.0774608 0.0839346 0.089274 0.0977508 0.105931 0.103769 0.100461 0.0993779 0.0963084 0.0910276 0.0686016 0.0521752 0.0435297 0.0414962 0.0239946 0.0223701 0.00123451 -0.00786864 -0.00562749 0.0102187 0.0390168 0.0655902 0.0936029 0.104585 0.144932 0.173954 
0.441834 0.368374 0.300147 0.272895 0.255588 0.253251 0.239143 0.235725 0.223248 0.212689 0.20308 0.178162 0.185588 0.178284 0.172155 0.148086 0.127337 0.113362 0.100032 0.0833465 0.0691629 0.0448265 0.0261836 0.0278341 0.0254531 0.0279793 0.0272448 0.0260755 0.00344508 -0.0151822 -0.0291879 -0.0454226 -0.062722 -0.0606638 -0.0403016 -0.0156685 -0.00179729 -0.0115358 -0.0225814 -0.0194668 
0.544941 0.442876 0.375685 0.321046 0.278943 0.243829 0.256859 0.253807 0.258286 0.239106 0.203755 0.161537 0.13387 0.117697 0.0983164 0.0952475 0.108703 0.108931 0.114023 0.100031 0.0859302 0.0788569 0.0755962 0.0526983 0.0279544 0.0422448 0.0473089 0.0668944 0.0417397 0.0109442 -0.00597147 -0.0202133 -0.0337339 -0.0597113 -0.0837792 -0.0902121 -0.0495831 -0.0367384 -0.0359021 -0.0592052 
0.352308 0.278757 0.187333 0.134354 0.10777 0.0926108 0.105654 0.0852945 0.0675034 0.0389508 0.0257717 0.023437 0.0324583 0.0400582 0.0324075 0.0213854 0.0189513 -0.00505422 -0.026158 -0.0394808 -0.0590493 -0.0578708 -0.0727645 -0.0614061 -0.0514602 -0.0439162 -0.0371074 -0.0286215 -0.0188648 -0.0287277 -0.0345129 -0.0268188 -0.0183051 0.00158491 -0.0069203 -0.00635776 -0.0230936 -0.0271715 -0.00940586 0.00287473 
0.61717 0.558934 0.486241 0.432613 0.401706 0.380758 0.351263 0.3235 0.307044 0.285165 0.265423 0.261205 0.260762 0.275418 0.288041 0.314566 0.313318 0.298179 0.284215 0.26479 0.24894 0.240072 0.225821 0.201245 0.182438 0.170602 0.160535 0.146277 0.130886 0.114573 0.0897413 0.0871174 0.0782129 0.0618707 0.0669386 0.0412506 0.0278524 0.0190484 0.022461 0.0320636 
0.642838 0.531223 0.444281 0.364286 0.29662 0.255572 0.192072 0.157204 0.120351 0.112921 0.10529 0.104508 0.109236 0.118401 0.120183 0.144027 0.150172 0.145852 0.118807 0.0997873 0.0874397 0.0811536 0.0835679 0.0815562 0.0591035 0.029902 -0.00183025 -0.0279911 -0.0406455 -0.0422866 -0.0154437 0.0065695 0.0207926 0.0292803 0.0218224 -0.00177447 0.00370163 -0.00308128 -0.00871932 -0.0146467 
0.540467 0.462824 0.397696 0.333529 0.293205 0.258017 0.240294 0.214981 0.202845 0.204445 0.208453 0.216247 0.209857 0.20574 0.193835 0.186591 0.176254 0.167837 0.139904 0.0920501 0.0549621 0.0183408 -0.0038971 -0.00807479 -0.00978052 -0.0113001 -0.0131223 0.0020405 0.0245815 0.0308041 0.0242813 0.0148534 0.00230439 -0.0154595 -0.0144396 0.00727042 0.0141284 0.0159054 0.00990981 0.0256625 
0.3699 0.269935 0.20625 0.163132 0.128956 0.106526 0.0964449 0.0762491 0.0578089 0.0535874 0.0485194 0.0451517 0.0429332 0.0461097 0.0445505 0.0549071 0.0678165 0.0626607 0.0626044 0.0742116 0.0694629 0.0396068 0.0105049 -0.00335867 -0.0140183 -0.00805313 0.00870384 -0.0158124 -0.0459396 -0.0542778 -0.043454 -0.0448498 -0.0230059 0.00128793 -0.00396462 -0.00959043 -0.00870474 -0.0163075 -0.0203572 -0.0330736 
0.451344 0.348508 0.260948 0.202703 0.143888 0.0817225 0.0264965 0.020139 0.0194421 0.0460368 0.079097 0.0979575 0.117275 0.124151 0.135221 0.135992 0.108135 0.0723489 0.0578882 0.0264815 0.00914306 -0.007487 -0.0253899 -0.0191207 -0.00264563 0.0195351 0.0335391 0.0149433 -0.0167759 -0.0172307 -0.0106146 -0.0164329 -0.0251663 -0.0376285 -0.0383343 -0.0213657 0.000111967 0.0106477 0.00942158 0.0118153 
0.254878 0.178142 0.131472 0.092993 0.069106 0.0538318 0.0333289 0.0130656 -0.0114468 -0.0024153 0.0232565 0.0282638 0.0156447 0.012793 0.00122107 -0.00927054 -0.0063959 -0.00328427 -0.00891066 -0.0232962 -0.0350053 -0.0352425 -0.0263762 -0.0132191 -0.00632412 0.0010258 -0.00964918 -0.0124303 0.00521089 0.0183446 0.00630716 -0.00721071 -0.0229715 -0.0470236 -0.0435714 -0.0348224 -0.0303688 -0.0339079 -0.0392909 -0.0390411 
0.331697 0.28248 0.244255 0.190905 0.161811 0.124121 0.100867 0.0877608 0.0628288 0.0459743 0.0296594 0.0296268 0.0221351 0.019865 0.0151854 0.0147756 0.0164522 0.00587347 0.00257334 -0.0131359 -0.00833111 -0.0165694 -0.0139629 0.00171409 -0.00831194 -0.00672765 -0.00885698 -0.0126388 -0.007616 -0.012909 -0.00634996 -0.00496577 0.00791588 0.013476 0.0244765 0.0503545 0.0556432 0.0642681 0.0701354 0.0747376 
0.467918 0.417075 0.371218 0.34081 0.297469 0.256463 0.236239 0.213772 0.194811 0.137664 0.116145 0.0816097 0.0581705 0.0390184 0.0147559 0.0273021 0.0146597 0.00219801 -0.0104104 -0.0254642 -0.0466963 -0.0354116 -0.0208592 -0.00332159 0.0212671 0.0185303 0.026343 0.0143324 -0.00153318 0.00251473 0.00873224 0.0314244 0.0455494 0.0477534 0.0551802 0.0532478 0.0355323 0.0191059 0.00646754 -0.0129886 
0.205005 0.129522 0.0742648 0.0426098 0.0192525 0.0126561 0.00125886 0.00350652 0.00985532 0.01976 0.0161873 -0.00122242 0.0175058 0.0236886 0.0299814 0.0253373 -0.000961747 -0.022427 -0.0368318 -0.0190719 0.00381784 0.0165307 0.0254499 0.0315185 0.0335088 0.0161124 0.0094562 -0.000211326 0.000255015 -0.00977463 0.00219131 0.00391028 -0.0149719 -0.0188076 -0.0160163 -0.00919725 -0.00644758 0.0216574 0.0101673 -0.0167362 
0.308334 0.247618 0.17524 0.11233 0.0936901 0.0601278 0.0842297 0.0745094 0.0887875 0.083542 0.0766089 0.0914452 0.0544928 0.0484668 0.00569918 -0.0181565 -0.0366865 -0.0375299 -0.0232273 -0.0275321 -0.0260618 -0.0419413 -0.0696686 -0.0838833 -0.110533 -0.11808 -0.118084 -0.111967 -0.115727 -0.103051 -0.0917823 -0.0744065 -0.0474276 -0.0449516 -0.0457996 -0.0413536 -0.0480255 -0.0361841 -0.0446153 -0.0235057 
0.407792 0.340983 0.288367 0.233506 0.18958 0.156695 0.11701 0.102131 0.0917437 0.0732233 0.0570786 0.06237 0.0488102 0.049818 0.0602127 0.0871457 0.0911802 0.0891135 0.0877204 0.085745 0.0825959 0.0570959 0.0340298 0.00991845 0.00878768 0.0115265 0.0232172 0.0359252 0.0466616 0.042022 0.0501884 0.0496957 0.0619102 0.0874059 0.0995931 0.113672 0.126489 0.116406 0.112725 0.0963684 
0.466714 0.404308 0.3577 0.309498 0.281257 0.250125 0.221824 0.198715 0.160199 0.13886 0.111624 0.101376 0.118442 0.121852 0.102468 0.110045 0.11028 0.121678 0.124507 0.117565 0.130643 0.132745 0.129728 0.143402 0.152474 0.170331 0.180006 0.18448 0.185842 0.177999 0.166711 0.167173 0.134995 0.115092 0.105723 0.0924666 0.096727 0.108918 0.0950006 0.0874956 
0.438647 0.342965 0.292335 0.248968 0.203598 0.168494 0.145409 0.102684 0.0757802 0.0558748 0.0546141 0.027678 -0.0053907 -0.00782057 0.000950602 -0.0206685 -0.0298076 -0.019116 -0.0189837 -0.034639 -0.0629565 -0.0713255 -0.070544 -0.0729809 -0.0888109 -0.0918504 -0.082014 -0.0763226 -0.0586847 -0.0332056 -0.012558 -0.0084294 0.0103029 0.0407889 0.0511956 0.0677531 0.0818523 0.0881171 0.0769663 0.058967 
0.37731 0.287409 0.228202 0.189443 0.151029 0.114195 0.0788379 0.0514468 0.0368832 0.022568 0.0096679 0.00342975 0.0196757 0.0219254 0.0215278 0.00696111 0.00837273 0.0172052 0.0283237 0.0348858 0.0181769 -0.00858854 -0.0221491 -0.0357104 -0.0555051 -0.0598298 -0.0666259 -0.0516337 -0.028589 -0.00362022 0.0128227 0.0142016 0.0259643 0.0377897 0.0330229 0.00966547 -0.00118358 -0.00753629 -0.00474554 -0.0159406 
0.398713 0.312911 0.229496 0.16721 0.151275 0.129478 0.12475 0.110321 0.0781332 0.0437585 0.018114 0.0100549 0.0130599 0.0199315 0.0427102 0.0151332 0.00481288 -0.00253652 -0.000870568 0.0148108 -0.00764522 -0.0153158 -0.0507566 -0.070825 -0.0716883 -0.0612729 -0.0364098 -0.0451833 -0.0408997 -0.0533942 -0.0878855 -0.103813 -0.106313 -0.0766284 -0.0508729 -0.0313946 -0.0135345 0.00496198 0.00806338 0.00829694 
0.335942 0.242784 0.159173 0.0927831 0.0177067 -0.0380154 -0.0697554 -0.0731126 -0.0786007 -0.0880165 -0.073042 -0.0817486 -0.0755005 -0.0658448 -0.0299531 -0.0119467 0.0161473 0.0289733 0.0532176 0.0598644 0.0526539 0.044735 0.0274289 -0.00171642 -0.013285 -0.000169073 0.00862314 0.0070993 0.0231767 0.0488244 0.048769 0.0313907 -0.0136589 -0.0398554 -0.0568771 -0.083503 -0.106424 -0.107806 -0.0913145 -0.0606285 
0.363093 0.281104 0.216838 0.166804 0.14771 0.118971 0.120831 0.101799 0.0848577 0.0638079 0.0246319 0.0138821 -0.0130146 -0.0490721 -0.0537662 -0.0568395 -0.0760679 -0.0886828 -0.0804956 -0.0591194 -0.0483493 -0.0514143 -0.0515714 -0.0510157 -0.037103 -0.0488612 -0.0607754 -0.0384229 -0.0370877 -0.0135208 -0.0050856 0.0263896 0.0548553 0.059036 0.0677377 0.071763 0.0739211 0.0941786 0.0869176 0.0809236 
0.188356 0.1451 0.112073 0.0752248 0.0583464 0.0358882 0.0293317 0.0297772 0.00315314 -0.014615 -0.0266007 -0.0473273 -0.0585404 -0.043249 -0.033452 -0.0202628 -0.0159418 -0.020519 -0.0198909 -0.027658 -0.028465 -0.031741 -0.0189709 0.00269989 0.00532421 0.00592281 0.0108246 0.0186171 0.0203307 0.0307866 0.0502934 0.0841041 0.0997533 0.0948737 0.0933791 0.0934649 0.0832962 0.079716 0.0869764 0.0584131 
0.309491 0.217765 0.127251 0.0789009 0.0331769 0.00394797 -0.015563 -0.0242379 -0.0313899 -0.0258231 -0.0369997 -0.0610215 -0.0903139 -0.0950582 -0.0975358 -0.102207 -0.0905548 -0.0744994 -0.062341 -0.0605035 -0.0427234 -0.00647721 0.0175596 0.0256861 0.0261984 0.0330415 0.0364159 0.0516748 0.0821599 0.0936055 0.0999483 0.105039 0.0900848 0.0766168 0.0594536 0.0540877 0.0480495 0.0249268 -0.00838243 -0.02933 
0.267771 0.187876 0.123546 0.0674076 0.0240461 -0.0293189 -0.0658489 -0.0767538 -0.0841939 -0.0895318 -0.0813636 -0.0501029 -0.0180434 0.0120507 0.0142436 0.0290881 0.0457717 0.0561939 0.0731297 0.0732646 0.0696231 0.0497453 0.00192243 -0.0497719 -0.0678319 -0.0682289 -0.0618389 -0.0618107 -0.06048 -0.0464437 -0.0245596 0.0025229 0.027657 0.0478043 0.0730251 0.0581162 0.0408981 0.0259522 0.0244604 0.0170847 
0.339118 0.26478 0.219003 0.186727 0.165243 0.144504 0.135886 0.115587 0.0736203 0.056806 0.0396346 0.0156814 0.00524034 -0.00461209 -0.010943 -0.0382499 -0.0559432 -0.0454995 -0.0456792 -0.0662106 -0.0689653 -0.0848898 -0.0856561 -0.0913069 -0.0877497 -0.0856426 -0.0824553 -0.0696713 -0.0745646 -0.0818302 -0.0875676 -0.0742791 -0.0644682 -0.0799849 -0.0705129 -0.0542745 -0.0454608 -0.0574156 -0.062757 -0.0479542 
0.449554 0.362875 0.297159 0.227032 0.172661 0.119466 0.0875308 0.0620086 0.0456005 0.0428478 0.0309278 0.0268695 0.0245256 0.0131303 0.00276292 0.0114229 0.0347098 0.0537292 0.0615195 0.0679522 0.0729064 0.0559449 0.0158024 -0.0192382 -0.0461305 -0.0494612 -0.051005 -0.042517 -0.0199855 -0.00678235 0.00912359 0.00288056 -0.00261852 0.000149575 -0.00613791 -0.0038022 0.00163041 0.031612 0.0758024 0.0758813 
0.368074 0.281668 0.232892 0.201399 0.161041 0.117389 0.0872939 0.0929157 0.0919987 0.0781868 0.0766143 0.0722822 0.0633805 0.0573193 0.0551579 0.0445072 0.0121835 -0.0194216 -0.0284819 -0.0146329 -0.0173032 -0.0232541 -0.00362641 0.0203699 0.0344474 0.0437461 0.0536866 0.0586361 0.0414366 0.0227655 0.0213781 0.0146855 -0.00724855 -0.0254818 -0.00585469 0.018254 0.00804631 -0.00728736 0.00628338 0.0302625 
0.338548 0.267711 0.213023 0.173278 0.142923 0.122238 0.11785 0.110874 0.107818 0.0921374 0.0639952 0.031221 0.0204892 0.0297414 0.0427389 0.0521416 0.0623964 0.0698091 0.0731965 0.0658115 0.0496916 0.0378052 0.0365363 0.0529188 0.0808668 0.0956156 0.086596 0.0909407 0.0902295 0.0988194 0.113287 0.111084 0.115846 0.125651 0.116929 0.0939146 0.0683099 0.0532881 0.056879 0.0434461 
0.356213 0.26748 0.201765 0.162896 0.135795 0.0883148 0.0430281 0.0141602 0.0037742 0.00361338 0.00969164 -0.000590616 -0.00914124 -0.0188013 -0.0273916 -0.0306537 -0.04857 -0.067856 -0.0922565 -0.108679 -0.131907 -0.151573 -0.151662 -0.15094 -0.139978 -0.120773 -0.0945542 -0.0578227 -0.0371888 -0.0219915 -0.0291846 -0.0360134 -0.0233562 -0.0263964 -0.0338816 -0.0592845 -0.0690082 -0.075444 -0.0744007 -0.0731059 
0.251561 0.192843 0.157862 0.127298 0.087715 0.0564253 0.0300003 0.0121746 -0.0100763 -0.0289582 -0.0487265 -0.0624829 -0.0630154 -0.0585571 -0.0650129 -0.0646762 -0.0637126 -0.0608669 -0.0570667 -0.0554955 -0.0613406 -0.0624182 -0.0565497 -0.0715312 -0.0872279 -0.0928067 -0.0886413 -0.083033 -0.0908304 -0.0873216 -0.0727437 -0.0520138 -0.0518279 -0.037195 -0.0192341 0.00807881 0.0230663 0.0248149 0.0515364 0.0578075 
0.382739 0.302774 0.230538 0.166565 0.115778 0.0705285 0.0266398 -0.0357731 -0.0709887 -0.081875 -0.0827009 -0.0648888 -0.0407801 -0.00100705 0.0150111 0.0197116 0.0404647 0.0626933 0.081271 0.0915668 0.0734871 0.0325196 -0.0181751 -0.0579556 -0.0930799 -0.115518 -0.116651 -0.115856 -0.107596 -0.0919155 -0.0863466 -0.0724156 -0.0542607 -0.0260319 -0.0194189 -0.0112879 -0.0113699 -0.0106193 -0.00549506 0.00109763 
0.349967 0.273081 0.201221 0.152246 0.115262 0.0974159 0.0845896 0.0816663 0.0693055 0.075464 0.0603756 0.0519529 0.0191417 0.00725463 -0.0170839 -0.0361458 -0.0373237 -0.0152817 0.00125461 0.0177205 0.0173601 0.0168505 0.0106694 0.0234845 0.0135504 -0.0137613 -0.0421441 -0.0569593 -0.0609568 -0.0612916 -0.0729957 -0.0795041 -0.0784492 -0.0714479 -0.0781241 -0.0614086 -0.0623789 -0.0687983 -0.0677795 -0.0921266 
0.348266 0.259528 0.212467 0.170985 0.119989 0.0994602 0.0885066 0.0723879 0.0705072 0.0932908 0.10021 0.117123 0.0965544 0.0728489 0.0542439 0.0297057 0.0102991 0.0227201 0.0320971 0.0404682 0.0454338 0.0415235 0.0280756 0.0240634 0.044609 0.0452955 0.0334131 0.0162477 -0.0113811 -0.0129459 -0.00447279 -0.00432022 -0.00488833 -0.00707399 -0.00385885 0.00419512 0.0134716 0.0111734 0.0126769 0.0114839 
0.375124 0.27281 0.196663 0.135108 0.100096 0.0668087 0.046823 0.0356296 0.0447091 0.0481654 0.0412079 0.0320519 0.032673 0.0381789 0.0436823 0.0568551 0.0775473 0.078956 0.093747 0.10865 0.104063 0.0982719 0.0700648 0.030449 0.000290775 -0.0271306 -0.0472584 -0.0415846 -0.0335207 -0.0204054 -0.0105418 0.00451699 0.0122346 0.00920578 0.0114775 0.00302513 -0.0187008 -0.0390341 -0.0351159 -0.00862372 
0.455213 0.37345 0.320794 0.263342 0.215556 0.161826 0.108138 0.0453434 0.0262454 0.0150907 0.0284803 0.0211654 0.00992813 0.0263177 0.0302828 0.0338649 0.0431379 0.0341859 0.0255333 0.0144646 0.0225591 0.00597836 -0.00628237 -0.0354842 -0.0659393 -0.0873825 -0.103749 -0.08433 -0.0836751 -0.0880036 -0.102208 -0.0995828 -0.0656385 -0.0561991 -0.0475465 -0.0480919 -0.0406385 -0.0353275 -0.0326904 -0.041988 
0.326542 0.270162 0.20078 0.143163 0.105479 0.0645923 0.0176643 -0.00987423 -0.0399309 -0.0515331 -0.0578824 -0.0623955 -0.0669183 -0.0809951 -0.0876395 -0.100841 -0.101951 -0.11482 -0.129249 -0.124518 -0.106973 -0.0945867 -0.0721889 -0.0615586 -0.0458947 -0.020712 0.0127015 0.0337816 0.0498761 0.0593757 0.0730567 0.0851068 0.0712002 0.0411786 0.0180163 -0.0137387 -0.0311991 -0.0359568 -0.0424702 -0.0258099 
0.516216 0.422413 0.357538 0.312311 0.256249 0.202838 0.160595 0.12123 0.0942366 0.0965331 0.102217 0.104158 0.111267 0.12498 0.143704 0.173439 0.200523 0.199809 0.198106 0.187056 0.190863 0.17233 0.140653 0.126993 0.112102 0.0846825 0.0725793 0.0783202 0.0849066 0.0787949 0.0602465 0.0577283 0.0481461 0.048204 0.0710536 0.0832838 0.0699349 0.0708803 0.0663704 0.0525415 
0.340767 0.25802 0.205691 0.170202 0.141773 0.112881 0.0843474 0.0652838 0.0484558 0.0273222 0.019365 0.0220459 0.0366673 0.0474065 0.0642026 0.0714189 0.0797298 0.0737499 0.066469 0.055737 0.04242 0.0477156 0.0638584 0.0678842 0.0699397 0.062474 0.040263 0.0383195 0.0462879 0.0521548 0.0560245 0.0575042 0.063418 0.0809255 0.0778759 0.0579805 0.0491775 0.0420112 0.0288631 0.00251443 
0.387077 0.3163 0.262328 0.225361 0.211225 0.173908 0.143184 0.120952 0.0997649 0.0763906 0.0891289 0.0859706 0.0814771 0.0625204 0.0287784 0.0260469 0.0211701 0.0136886 0.0245953 0.0227098 0.0467278 0.0730023 0.0996619 0.114396 0.112468 0.118504 0.104477 0.109439 0.116904 0.117008 0.106084 0.112115 0.0984108 0.106303 0.118557 0.111098 0.103752 0.0863408 0.0687585 0.0575229 
0.223658 0.145913 0.0864475 0.0464683 0.0182365 -0.0114622 -0.0150729 -0.0241949 -0.0116504 -0.0134268 -0.00573011 -0.00037295 0.00409274 0.00925877 -0.0183296 -0.0315876 -0.0327893 -0.0241624 -0.00735976 -0.00104684 0.0249485 0.0404703 0.0663813 0.0588363 0.0462862 0.0406441 0.0416684 0.0374144 0.0171572 0.00215976 -0.029617 -0.0384799 -0.0416509 -0.0389391 -0.0215863 -0.00961718 -0.0106086 -0.0100729 -0.00999653 0.0113402 
0.365915 0.287682 0.235662 0.198789 0.169921 0.137283 0.109724 0.0959195 0.0868463 0.0850167 0.0660218 0.0479388 0.0345332 0.0255024 0.0124956 0.0114916 0.0199346 0.0220007 0.00846804 -0.0172845 -0.0447273 -0.0645156 -0.0874672 -0.11133 -0.112225 -0.106078 -0.107904 -0.118948 -0.0962868 -0.073029 -0.0620356 -0.0670282 -0.0847532 -0.0820588 -0.0753161 -0.0643905 -0.0424782 -0.0403506 -0.0336961 -0.00767336 
0.415454 0.297267 0.193095 0.11704 0.0755698 0.0581796 0.019961 0.0142528 0.00685956 -0.0140605 -0.0224088 -0.0317097 -0.0458653 -0.0532587 -0.0736911 -0.0933904 -0.108357 -0.104336 -0.0754117 -0.0457037 -0.0314052 -0.0148982 0.017002 0.0438985 0.0775531 0.0901732 0.096459 0.086203 0.0926977 0.110861 0.137493 0.126175 0.106216 0.0908957 0.0648642 0.0369821 0.00409801 -0.0168698 -0.00557552 -0.00195825 
0.428317 0.342834 0.272397 0.206001 0.151638 0.107678 0.0773255 0.0512823 0.0485655 0.0423257 0.0206791 0.0132951 0.0138296 0.0251571 0.016772 -0.0167615 -0.045957 -0.0790169 -0.101619 -0.10433 -0.087609 -0.0732475 -0.0677753 -0.0361106 -0.021331 -0.0324694 -0.0361843 -0.0471951 -0.0620423 -0.0726521 -0.0815311 -0.0839342 -0.0706573 -0.0510515 -0.0392781 -0.0308625 -0.000793604 0.0397048 0.0706859 0.0751646 
0.35567 0.288877 0.240169 0.189355 0.143297 0.104187 0.0905366 0.057072 0.0303296 0.00670524 -0.0151061 -0.0402189 -0.0608305 -0.0920209 -0.101143 -0.1089 -0.119874 -0.103439 -0.101446 -0.0996599 -0.0884452 -0.0753865 -0.0579487 -0.0644727 -0.0561706 -0.0306286 -0.0202592 -0.00167117 0.0207594 0.042442 0.0637127 0.0722172 0.0832981 0.0937516 0.0971094 0.0978901 0.0733428 0.0650681 0.0538526 0.0360197 
0.466836 0.355627 0.250448 0.157985 0.0835582 0.0312883 -0.0225946 -0.0475511 -0.082207 -0.0910925 -0.115369 -0.123544 -0.120365 -0.0833409 -0.0706166 -0.063297 -0.0541623 -0.0592979 -0.0570129 -0.00413827 0.0378743 0.0669942 0.0882589 0.0920555 0.0788032 0.0701646 0.049291 0.0275383 0.00116503 -0.00778847 -0.0186732 -0.0556062 -0.0954152 -0.1225 -0.137727 -0.147373 -0.16916 -0.173448 -0.172367 -0.154807 
0.392365 0.293356 0.217099 0.157844 0.128835 0.118129 0.110757 0.0979657 0.0655895 0.0322054 0.00352934 -0.0067713 -0.0129642 -0.0135658 -0.0184988 -0.0144693 -0.0192363 -0.0382485 -0.0525093 -0.0501344 -0.0289891 -0.00467028 0.0281317 0.0512374 0.0668992 0.0789346 0.0779299 0.0821623 0.087867 0.0996462 0.113299 0.127289 0.133255 0.131969 0.120381 0.105892 0.108073 0.098574 0.0924931 0.0841647 
0.452305 0.3611 0.27672 0.216457 0.152568 0.118669 0.101161 0.119602 0.126054 0.125056 0.138436 0.131431 0.127523 0.120086 0.0921265 0.0686846 0.0511767 0.0537603 0.0694018 0.0876695 0.0856882 0.0732327 0.0416289 0.0183027 0.00340241 -0.0314096 -0.0546102 -0.0681999 -0.0705763 -0.0748785 -0.0629114 -0.0458143 0.00968194 0.0540693 0.0905348 0.124386 0.146613 0.146249 0.134956 0.123989 
0.554277 0.471459 0.396268 0.34459 0.274472 0.206796 0.152838 0.118361 0.0884997 0.0657449 0.0575058 0.0509842 0.0558945 0.0558206 0.0585297 0.0546872 0.0558102 0.052964 0.035398 0.00918827 0.000865629 0.00705571 -0.00191135 -0.0154258 -0.00807303 0.0185516 0.0480671 0.066366 0.0765716 0.107847 0.130247 0.13563 0.124909 0.12021 0.109403 0.109855 0.0913831 0.0848613 0.088711 0.0918426 
0.560763 0.464614 0.389954 0.307225 0.246085 0.199899 0.19781 0.178016 0.142035 0.134485 0.108361 0.085054 0.0751061 0.0857367 0.0941915 0.0872872 0.0808551 0.0742347 0.065848 0.0571057 0.0629613 0.0641855 0.0617477 0.0646992 0.053284 0.0603868 0.0646853 0.0667026 0.0825738 0.0699797 0.0527912 0.0348942 0.0122675 -0.0120789 -0.0345321 -0.0343174 -0.0205169 -0.0159037 0.00856721 0.0390016 
0.588701 0.480922 0.390479 0.321729 0.245819 0.175965 0.11909 0.0788181 0.0423137 0.0225794 0.0182679 0.0107156 0.0166636 0.00827614 0.0135555 0.00529013 0.0191343 0.046982 0.0731858 0.0990736 0.139458 0.18516 0.195353 0.158426 0.112772 0.0752704 0.0263431 -0.0195679 -0.0614185 -0.0981403 -0.130512 -0.133144 -0.12893 -0.106549 -0.0893646 -0.0802921 -0.0831488 -0.0764344 -0.0501064 -0.0210143 
0.26921 0.196192 0.15649 0.10705 0.0779074 0.052775 0.0437597 0.0366128 0.0297441 0.00924139 -0.0269597 -0.0431937 -0.040062 -0.0445236 -0.0251284 -0.00839728 0.00239735 0.0154693 0.0126964 0.0177487 0.0337173 0.0391044 0.0442598 0.0465275 0.0569924 0.0536513 0.0525121 0.0470372 0.0424512 0.0736203 0.105101 0.104695 0.0922992 0.0937386 0.0845906 0.059231 0.0553384 0.0484392 0.0489087 0.0580222 
0.345124 0.270039 0.22466 0.177768 0.143423 0.0935876 0.0837282 0.0718095 0.0402569 0.0315449 0.020054 0.0303208 0.0189782 0.0149461 0.0320528 0.0434617 0.054428 0.0553527 0.0646411 0.0704672 0.0755129 0.102461 0.114044 0.121636 0.127975 0.13449 0.129067 0.119744 0.103419 0.0601772 0.0237578 0.00648026 -0.0202635 -0.0308906 -0.0312603 -0.0258622 -0.0228959 -0.0275898 0.00486758 0.0244419 
0.332881 0.263939 0.210675 0.164777 0.130999 0.0851089 0.0560325 0.0715999 0.0567985 0.0390731 0.0577588 0.0567116 0.0638523 0.0481731 0.0336636 0.00868611 -0.00962916 -0.0374554 -0.018454 -0.0182997 9.30749e-06 -0.00726562 -0.0225742 -0.0293116 -0.0214917 0.00683269 0.00879299 -0.00752979 -0.0195983 -0.00960317 -0.00749166 0.00678909 0.00857778 0.0406142 0.0524011 0.0308055 0.0170463 0.0186767 0.0219071 0.0279325 
0.42499 0.348585 0.285863 0.243318 0.213956 0.185714 0.165894 0.136236 0.108434 0.087108 0.0537606 0.0209814 -0.0122705 -0.0383905 -0.0690455 -0.067226 -0.0642469 -0.0478503 -0.0508029 -0.0643103 -0.0824405 -0.10143 -0.106369 -0.0956974 -0.0903525 -0.0828675 -0.0625529 -0.0420485 -0.020501 0.00577613 0.0193565 0.0388335 0.0633901 0.0920352 0.11878 0.148344 0.164625 0.161374 0.151956 0.144524 
0.517931 0.44957 0.385208 0.33493 0.291321 0.277491 0.236528 0.199123 0.152537 0.118761 0.0880674 0.0625661 0.0269318 0.016619 0.00651611 0.00321646 -0.0142395 -0.0489529 -0.055845 -0.06365 -0.088064 -0.0966343 -0.103017 -0.105028 -0.106034 -0.119111 -0.125805 -0.134316 -0.13426 -0.130843 -0.125777 -0.135153 -0.144783 -0.162437 -0.175389 -0.176823 -0.18975 -0.206775 -0.206335 -0.217508 
0.463048 0.391337 0.32828 0.282155 0.238882 0.212825 0.192358 0.171615 0.164505 0.16083 0.147282 0.140912 0.130947 0.135289 0.127496 0.116138 0.0880678 0.0755096 0.0659384 0.0606076 0.068005 0.0843264 0.0760758 0.0733357 0.0583576 0.0499596 0.0336561 0.0149234 0.0084617 -0.000657124 -0.0230113 -0.0158887 -0.00956414 -0.0142488 -0.0159966 -0.0115262 -0.0223567 -0.0329736 -0.0545093 -0.0718905 
0.493284 0.407896 0.335541 0.274597 0.216904 0.164426 0.116776 0.0781654 0.0681072 0.0604328 0.0746953 0.0881731 0.0998527 0.102832 0.100197 0.0872951 0.0581759 0.0237857 -0.0103507 -0.0525683 -0.0814283 -0.108088 -0.127885 -0.14573 -0.150832 -0.153847 -0.139696 -0.115554 -0.0955225 -0.0685496 -0.0447996 -0.00767016 -0.00408716 0.000830656 0.00521975 0.0171605 0.0208562 0.00185201 -0.0050458 -0.00183484 
0.351122 0.271938 0.211852 0.150417 0.104643 0.0661399 0.0248693 -0.0100396 -0.0438857 -0.0616958 -0.0728771 -0.0745062 -0.0774711 -0.0781293 -0.0963499 -0.103482 -0.105446 -0.0948004 -0.0834339 -0.0777047 -0.061914 -0.0420059 -0.0256145 -0.0151402 -0.00687727 -0.0106733 -0.0279439 -0.0275576 -0.0406331 -0.036452 -0.0274336 -0.0220074 -0.0205583 -0.0372644 -0.0520267 -0.0533781 -0.067264 -0.0631131 -0.0553933 -0.0585297 
0.524218 0.443649 0.352997 0.286582 0.258493 0.227821 0.218029 0.204879 0.189918 0.167489 0.138096 0.127934 0.104672 0.100278 0.0784353 0.0655201 0.0757885 0.0613993 0.0657672 0.0653651 0.0613589 0.0696318 0.0869593 0.116112 0.104742 0.112072 0.0750324 0.051272 0.0351667 -0.00367033 -0.0287966 -0.0613492 -0.0744946 -0.077792 -0.0666152 -0.0426812 -0.0484107 -0.0538617 -0.0566995 -0.0515598 
0.224536 0.147147 0.102265 0.0859044 0.0695522 0.0669268 0.0563235 0.0443254 0.0344723 0.0243305 0.0261589 0.020485 0.00772696 0.0101902 0.0102355 0.00272444 -0.00154505 0.000730243 -0.00252179 -0.0159133 -0.0138861 0.00278213 0.0244607 0.0214986 -0.00624838 -0.0133129 -0.00393538 0.00235314 0.00448717 -0.00785088 -0.02621 -0.0381767 -0.0370068 -0.0422062 -0.0415658 -0.0289392 -0.0149855 -0.0131687 -0.0172822 -0.0285649 
0.300259 0.211235 0.16128 0.115035 0.0821096 0.0570155 0.0389572 0.00560937 -0.0244431 -0.0638805 -0.102478 -0.122423 -0.101888 -0.0872914 -0.058454 -0.0173976 0.0275126 0.05799 0.0725616 0.0826961 0.0964785 0.113437 0.114894 0.112662 0.0995216 0.077502 0.0590404 0.0171308 -0.0223726 -0.0387625 -0.0596952 -0.0842267 -0.111344 -0.137352 -0.159544 -0.167719 -0.157285 -0.128255 -0.107016 -0.0705017 
0.379941 0.31603 0.264465 0.220026 0.1841 0.15107 0.148725 0.131019 0.121471 0.12567 0.106475 0.0825232 0.055992 0.0379704 0.00861478 -0.015921 -0.0257073 -0.0301091 -0.0307748 -0.0508713 -0.0668309 -0.0849113 -0.103663 -0.110076 -0.102698 -0.0926325 -0.0807277 -0.0842381 -0.0761973 -0.0863914 -0.0972466 -0.100777 -0.104063 -0.0954381 -0.0883922 -0.082166 -0.0678427 -0.0495819 -0.0256097 -0.0216485 
0.586405 0.51584 0.429765 0.372066 0.318455 0.274394 0.204393 0.15159 0.114003 0.0870169 0.0601095 0.0296696 0.0119284 0.00594542 0.0123634 0.0250972 0.0389328 0.0506291 0.059476 0.0734679 0.0964512 0.114098 0.142122 0.144102 0.155821 0.150367 0.153425 0.146109 0.124309 0.0915886 0.0438496 0.00319641 -0.0226567 -0.0294486 -0.0372092 -0.0481455 -0.0625837 -0.069752 -0.0807283 -0.0824208 
0.361218 0.27134 0.202395 0.161872 0.137912 0.134815 0.0952894 0.0769248 0.0625293 0.0663485 0.0871548 0.099674 0.0896269 0.0707616 0.0494986 0.0207736 0.00169496 -0.00945736 -0.00659534 0.00149556 0.0319402 0.0491086 0.0831875 0.0973641 0.0952624 0.102767 0.104231 0.079685 0.0640922 0.0423483 0.0217361 0.0122156 0.00110737 -0.00109642 0.00700697 -0.00482408 0.00435607 0.00791666 -0.00527875 -0.00321305 
0.412439 0.347613 0.305394 0.276812 0.242907 0.204422 0.166187 0.130523 0.0987128 0.0601247 0.0530403 0.030967 0.0178781 -0.00828596 -0.0153371 -0.0272839 -0.0388014 -0.030937 -0.038093 -0.0633645 -0.0683908 -0.0727475 -0.0608971 -0.0462648 -0.0285786 -0.0267032 -0.0297618 -0.0426513 -0.049568 -0.0452293 -0.0331188 -0.0272124 -0.022849 -0.000358976 -0.00879792 -0.00487358 -0.00301879 0.0115735 0.0120735 0.0167852 
0.417929 0.364951 0.338103 0.293259 0.245859 0.223233 0.209408 0.173187 0.146701 0.122867 0.0938467 0.0610449 0.0359971 0.0135808 0.0125205 -0.00342618 -0.0104329 -0.0045585 -0.0139009 0.00269568 -0.00491525 0.00746543 0.0139495 0.0171664 0.0178056 -0.00127292 0.00197918 0.0124804 0.016985 0.0237703 0.0408996 0.0505706 0.0508769 0.0539849 0.0508278 0.0473878 0.0700002 0.0830442 0.0838031 0.104283 
0.363935 0.265926 0.203859 0.153873 0.142033 0.125982 0.104265 0.076925 0.0629502 0.0574886 0.0545912 0.0573252 0.0572136 0.0628234 0.0773959 0.0845013 0.0925826 0.0723934 0.0497967 0.0405259 0.034201 0.0448732 0.0347368 0.0295182 0.0172524 -0.00451941 -0.00855379 0.00461195 0.0301615 0.0302955 0.0219187 0.0290234 0.0544376 0.0976473 0.127328 0.139231 0.165136 0.145188 0.128563 0.0999039 
0.354984 0.259848 0.203057 0.1751 0.152434 0.120309 0.0865837 0.054337 0.050046 0.0503663 0.0449616 0.0334636 0.0278659 0.0235356 0.0114506 0.00459933 -0.00446051 -0.014338 -0.0110019 -0.00592899 -0.00559964 -0.0148605 -0.0230532 -0.00963753 0.010598 0.0344512 0.0618947 0.0537369 0.0585628 0.0598112 0.0553583 0.0779478 0.0754615 0.0332766 0.00979066 0.0155988 0.0312271 0.0520089 0.0567239 0.0470319 
0.370753 0.300443 0.229386 0.190033 0.133026 0.102135 0.0657756 0.0689538 0.0700203 0.0654551 0.0512543 0.0365525 0.0159009 -0.0124724 -0.0232152 -0.0523644 -0.0493407 -0.0365887 -0.00639039 0.0182869 0.0440392 0.0640117 0.0808954 0.0928142 0.0896681 0.0645216 0.0367387 0.0164207 -0.0177211 -0.0360466 -0.041959 -0.0303948 -0.0256123 -0.0077173 0.00507546 0.0174621 0.00627257 -0.0161238 -0.0374292 -0.0417114 
0.421482 0.336811 0.26511 0.206761 0.146157 0.092051 0.0473191 0.0221654 -0.000917813 0.00472041 -0.0014198 2.80428e-05 0.0107483 0.0247579 0.0463868 0.0595368 0.0697167 0.0621874 0.0467809 0.0442448 0.0350036 0.0296751 0.0249148 0.00521089 -0.0196794 -0.0437854 -0.068527 -0.0799542 -0.0945786 -0.0970674 -0.0935012 -0.0823643 -0.0768437 -0.0688042 -0.0339685 0.00602338 0.0343916 0.0524152 0.0646688 0.0691112 
0.65945 0.609974 0.556408 0.529072 0.499092 0.464219 0.417731 0.393306 0.362299 0.344133 0.314551 0.2907 0.244063 0.22093 0.194458 0.165392 0.148452 0.1289 0.120669 0.099438 0.072931 0.0672166 0.0448264 0.0383826 -0.000684834 0.00214675 -0.0256192 -0.0153257 -0.00793943 -0.0127755 -0.0241485 -0.0195593 -0.0319752 -0.0175274 -0.0280157 -0.0363502 -0.028287 -0.0292231 -0.0398502 -0.035212 
0.544814 0.446346 0.363243 0.265388 0.170102 0.086288 0.0179589 -0.0578195 -0.105904 -0.161166 -0.187707 -0.184876 -0.158411 -0.146054 -0.132653 -0.117103 -0.107253 -0.0897042 -0.0767128 -0.0596694 -0.0705119 -0.0673257 -0.0636589 -0.0496532 -0.03002 -0.00443726 0.0108481 0.0280003 0.0325701 0.024577 0.0289446 0.0128334 0.0107557 0.000706817 -0.00650913 -0.0263766 -0.0324799 -0.020982 -0.0092666 0.0310496 
0.309636 0.222074 0.154546 0.121419 0.102669 0.0950602 0.0779486 0.0549929 0.0542546 0.0545038 0.0570443 0.0404706 0.0259719 0.0232401 0.0267443 0.0430995 0.0423397 0.0342968 0.0157749 0.0194973 0.0486889 0.0922202 0.104773 0.101373 0.0825179 0.0821665 0.0908363 0.094547 0.0924176 0.0846009 0.078405 0.0529728 0.0502 0.0404313 0.019859 -0.0123919 -0.0176551 -0.0161492 0.0103115 0.0309879 
0.454555 0.377347 0.324548 0.260124 0.19342 0.138387 0.102835 0.07113 0.0450504 0.0539859 0.0605085 0.0614835 0.0708645 0.0822554 0.0813945 0.0911095 0.0954836 0.0901243 0.0937299 0.113954 0.13308 0.136788 0.140026 0.151602 0.174042 0.176306 0.195568 0.206889 0.195186 0.162093 0.133806 0.111183 0.0913921 0.0517582 0.0262359 -0.001099 -0.00855838 -0.0125984 0.00401157 0.0241597 
0.49211 0.384806 0.285706 0.20951 0.131014 0.0760962 0.061318 0.0484751 0.0413223 0.0251796 0.019311 0.0212442 0.0224442 0.0315327 0.036526 0.0422218 0.0462266 0.0486638 0.060058 0.056466 0.0584772 0.0600922 0.0669966 0.0581908 0.0403435 0.00770611 0.0102672 0.0234156 0.023175 -0.00685522 -0.00482495 -0.00240871 0.00423613 0.000589659 0.0152162 0.0530272 0.0959473 0.117647 0.130757 0.167574 
0.472872 0.39279 0.325665 0.271668 0.211588 0.143434 0.0690442 0.018343 -0.0113006 -0.0604163 -0.112461 -0.179175 -0.219198 -0.247958 -0.244983 -0.235059 -0.219026 -0.183172 -0.140609 -0.119257 -0.105358 -0.0932177 -0.0743362 -0.0394397 -0.0162197 0.00296066 0.0349627 0.0450436 0.039608 0.0288644 0.00593857 -0.0111787 -0.0241813 -0.0180795 -0.00774909 0.0193061 0.0358266 0.0460833 0.0388826 0.0450863 
0.57543 0.494877 0.405923 0.320799 0.251604 0.179666 0.122724 0.070138 0.0329901 0.0162722 0.00690607 0.012318 -0.0249829 -0.0226638 -0.0343667 -0.0611458 -0.0845321 -0.118344 -0.123297 -0.145263 -0.158484 -0.175666 -0.181631 -0.160155 -0.162399 -0.140877 -0.122244 -0.0980318 -0.0773295 -0.039358 0.00472611 0.0172487 0.0183175 0.0171856 0.0265471 0.0216923 -0.00702019 -0.000154665 -0.0218974 -0.0429506 
0.330862 0.282561 0.227568 0.194563 0.175838 0.152189 0.12113 0.117425 0.0907465 0.0646308 0.0645924 0.0556557 0.0394303 0.0342976 0.0294643 0.0415292 0.0488378 0.0618137 0.0656087 0.0738561 0.0696358 0.064558 0.0441715 0.0201115 0.00647486 -0.00441745 -0.0156875 -0.0260435 -0.0334941 -0.0378526 -0.0276402 -0.0365987 -0.0265473 -0.0249116 -0.0187957 -0.00915607 0.00265496 0.00324758 0.0176257 0.00977621 
0.344954 0.236689 0.153402 0.102901 0.0573353 0.0185291 0.010441 0.0179775 0.0237487 0.0244215 0.0273805 0.0170519 0.0179294 0.00293659 -0.0201148 -0.062131 -0.0896131 -0.106209 -0.119838 -0.112062 -0.0978213 -0.059954 -0.00303426 0.0438429 0.0623375 0.0721308 0.0687249 0.0363502 -0.0135922 -0.0417414 -0.0566724 -0.0601324 -0.0499533 -0.0397362 -0.0114997 0.000277092 0.00774128 -0.000855694 -0.00833109 -0.0188915 
0.333048 0.260947 0.192617 0.14423 0.0934137 0.0475418 0.00588685 -0.0333716 -0.0420093 -0.0362285 -0.0336917 -0.0330356 -0.0574307 -0.0657505 -0.0612737 -0.0520698 -0.0422829 -0.0470275 -0.050979 -0.062151 -0.0372662 -0.0300038 -0.0220751 -0.0348532 -0.0360575 -0.0307547 -0.00668312 0.0228099 0.037857 0.0257535 0.0116614 -0.0112135 -0.00210889 -0.0289577 -0.0423733 -0.0567492 -0.0502843 -0.0563231 -0.054192 -0.0369024 
0.292939 0.228296 0.17212 0.112674 0.0539253 0.0044788 -0.0361056 -0.0689344 -0.0938672 -0.112798 -0.129887 -0.139657 -0.12685 -0.113479 -0.066408 -0.0487386 -0.0246118 -0.00425055 0.0219831 0.0238779 0.0358338 0.0412034 0.0556275 0.0673448 0.0621441 0.0478589 0.0237102 0.0195851 0.00954568 -0.00630208 -0.0144305 -0.0358658 -0.0486581 -0.0582248 -0.0859428 -0.0976484 -0.104034 -0.0904164 -0.0756335 -0.0365492 
0.279477 0.21875 0.178808 0.148261 0.120972 0.0934313 0.0832942 0.0603934 0.0260003 0.0139548 -0.00219317 -0.0182873 -0.0277976 -0.0242939 -0.0132584 -0.00462175 0.00973974 -0.00321292 -0.019986 -0.0240859 -0.0242478 -0.0242516 -0.0390348 -0.0264257 -0.0113962 -0.0290413 -0.0351959 -0.0326341 -0.028381 -0.022164 -0.0250675 -0.00247382 0.00716904 0.0250726 0.034204 0.030844 0.0356617 0.0253553 0.0230694 0.0116743 
0.497649 0.404611 0.32568 0.237095 0.187726 0.140043 0.118425 0.098431 0.0673513 0.0270282 -0.012416 -0.0234985 -0.0322882 -0.0257247 0.0129121 0.0297482 0.0443548 0.0462728 0.0418557 0.0292709 0.0209858 0.0215846 0.0233887 0.0391116 0.0362706 0.0346493 0.0277631 0.024789 0.033428 0.0296515 0.03597 0.0454312 0.0365512 0.0256796 0.00650117 -0.0125534 -0.023376 -0.0154188 -0.00579467 0.00588337 
