0.146292 0.0368777 0.0263277 0.0849277 0.0391989 -0.0212894 -0.0306662 -0.0244267 0.0143629 0.0260765 -0.0144908 0.0162708 0.0252292 0.0159129 -0.006695 -0.0367379 -0.0481079 -0.0350329 0.0537848 0.047265 0.0141555 -0.0170072 -0.00432401 -0.00464242 0.00773245 0.023404 -0.0226169 -0.040008 -0.0198952 -0.0211058 -0.0376946 -0.0184529 0.027661 0.0101814 -0.00341977 -0.00387978 -0.0118765 0.0186228 0.0479653 0.0495624 
0.269123 0.161013 0.0549859 -0.0344392 -0.0397069 -0.0880419 -0.105587 -0.0806988 -0.0228255 0.0210275 -0.0617624 -0.0171983 -0.0310049 -0.0066998 0.0305929 -0.0210022 -0.00656071 0.0490586 0.0562221 0.0381101 -0.0231824 -0.0252227 0.00274649 0.0303477 0.0312538 -0.0264391 -0.018284 -0.0806329 -0.0371681 -0.0383849 -0.0834519 -0.0194204 -0.0280472 0.0314939 0.0314417 0.00457005 -0.0235931 -0.0219846 0.0386134 0.054772 
0.212628 0.110584 0.0996954 0.158314 0.0442302 0.0837817 0.13111 0.0937381 -0.0599536 -0.0224575 0.0411494 0.0662729 -0.00806943 0.00374476 -0.0247465 -0.0689661 -0.0699198 0.0316029 0.0582386 0.0110574 -0.00837878 0.00875285 -0.0443854 -0.0915497 -0.0262356 0.0211836 -0.0589575 -0.10523 -0.04466 -0.0480301 -0.108971 -0.0612889 0.0200483 -0.029344 -0.0901126 -0.0434083 0.0112558 -0.0107671 0.00867035 0.0576863 
0.165281 0.103526 0.0569383 0.0281154 0.0313209 0.0327527 -0.0118994 -0.04457 -0.0403056 -0.024915 0.00445371 0.0151572 -0.00708658 0.0023239 -0.00712026 0.0237097 0.0224502 0.0399515 0.00529241 -0.00170113 -0.0189216 0.0118922 0.00825884 -0.0449579 0.010468 0.0223242 0.0514108 0.0757047 0.0913344 0.0919186 0.0744761 0.0489649 0.0212354 0.00667286 -0.0394556 0.00864004 0.0167893 -0.0157654 0.00487267 0.00234698 
0.188314 0.00486596 0.0411634 0.105549 0.13398 0.0628342 -0.00219364 0.0621736 0.139751 0.0899597 0.124167 0.163754 0.144016 0.111595 0.142944 0.104149 0.101433 0.0868183 0.0775882 0.116023 0.0660324 -0.00124607 0.0496367 0.177987 0.174702 0.103866 0.0325135 0.0782651 0.155736 0.155135 0.0781749 0.0353235 0.110229 0.175844 0.175472 0.0495626 -0.00325462 0.0613519 0.113143 0.0759239 
0.174237 0.112113 0.0482741 0.00833693 -0.0447616 -0.0622992 -0.0550679 -0.140144 -0.0884701 -0.0868434 -0.00753265 0.00910488 0.0773899 0.0649832 0.0720455 0.0596535 0.00338656 0.000228863 -0.0314904 -0.0226011 -0.0895701 -0.0300829 -0.035772 -0.0478717 0.00872209 0.0164542 0.0330407 0.0649413 0.12246 0.118997 0.0685499 0.0319966 0.0156538 0.0024686 -0.0437822 -0.0239249 -0.0276192 -0.0894603 -0.0197082 -0.0350312 
0.0558591 0.0162448 0.037104 0.0338728 0.065406 -0.0529168 0.0322275 0.0280539 0.0143037 0.0229659 0.0772095 0.0802579 0.0284607 -0.00138875 0.0338293 -0.00705005 -0.0703207 -0.0201399 -0.0654651 -0.0873856 -0.059299 0.00858891 0.00627541 -0.0426197 -0.0754422 -0.0593764 -0.050881 -0.0937598 -0.0795097 -0.0687567 -0.0942772 -0.0506556 -0.0597745 -0.0653472 -0.0292393 0.00878143 0.00489924 -0.0625348 -0.081018 -0.0759579 
0.111792 -0.0136157 0.0108905 -0.0369295 -0.08154 0.00223679 0.0718889 0.0162785 0.00954626 -0.00483641 -0.0591975 -0.0922907 -0.0844132 -0.0564062 0.00943438 0.0026914 -0.041115 0.00345159 0.015 -0.0543795 -0.0283325 -0.0128439 -0.0298199 0.0381171 0.101435 0.0519487 0.0191328 0.0106712 -0.0229878 -0.0357953 0.00287816 0.0186998 0.0427754 0.0972234 0.0480255 -0.0185472 -0.0104552 -0.0363552 -0.058561 0.0106883 
0.283535 0.0843346 0.0710525 0.0690924 -0.0344106 -0.0336304 9.8701e-06 0.0253665 0.0492259 0.0926235 0.0685617 0.0642937 0.127017 0.15616 0.152135 0.0977652 0.0731981 0.0710907 -0.0133816 -0.00444859 0.0277742 -0.071678 -0.132047 -0.11153 -0.0421212 -0.101403 -0.0451131 0.129637 0.184714 0.185706 0.129339 -0.0439673 -0.089869 -0.0301495 -0.103763 -0.136631 -0.0844538 0.026261 -0.016966 -0.0344577 
0.137162 0.111756 0.0692702 -0.0149633 -0.00515218 -0.036872 -0.0189808 0.0265287 -0.00234927 -0.0196882 -0.0165438 -0.0372402 -0.00413906 0.0231954 0.00868266 -0.0110839 -0.029397 -0.0514612 -0.0650035 -0.0744959 -0.0461094 0.00885209 0.0429992 0.0188923 0.0524206 0.0551995 0.0801385 0.0751168 0.0747029 0.0789524 0.0772724 0.0723716 0.0475895 0.0400555 0.0222293 0.0345238 0.00784217 -0.0507052 -0.0681196 -0.061599 
0.401563 0.3752 0.175572 0.124931 -0.0317998 -0.0903857 -0.148155 -0.176 -0.212133 -0.188978 -0.200222 -0.141903 -0.168628 -0.094967 -0.142747 0.0102337 -0.00560948 0.148651 0.164425 0.262742 0.195241 0.202183 0.15735 0.0750767 0.0293072 -0.0316618 -0.0890422 -0.15083 -0.159443 -0.155801 -0.154767 -0.0897894 -0.0403869 0.0293892 0.0592008 0.161575 0.198364 0.201543 0.261553 0.158603 
0.192283 0.0408982 -0.0633962 -0.101099 -0.0646718 -0.0388235 -0.0304217 0.0180152 0.0555061 0.0756204 0.0660629 0.0603262 0.0288242 -0.00547732 -0.0726274 -0.0261308 -0.00846461 -0.04903 0.0106923 -0.000401835 -0.0533962 0.00916039 0.0093232 -0.0334724 -0.0687859 -0.0432653 -0.0241 0.0141884 0.0613743 0.0596709 0.0179879 -0.0172036 -0.0429031 -0.0691425 -0.0370926 0.00800151 0.00886489 -0.0533939 0.000629596 0.0140433 
0.250524 0.13373 0.0773109 -0.0594829 -0.0328532 -0.0656773 -0.142397 -0.130253 -0.0518075 -0.0186456 -0.064024 -0.0407742 -0.0601376 -0.0318932 -0.0268454 0.053066 0.0429283 0.0809447 0.154711 0.0432158 0.0646022 0.0549115 -0.0650057 -0.0690752 -0.091006 -0.118587 -0.064421 0.0741598 0.0463417 0.0461231 0.0646662 -0.0685064 -0.122739 -0.097186 -0.0686861 -0.0680699 0.0593551 0.0735133 0.045096 0.150005 
0.200279 0.0481343 -0.0649106 -0.0870736 -0.0433239 -0.0656591 -0.063038 -0.0358473 0.0373643 0.0880567 0.117089 0.0446639 -0.00974518 -0.0847917 -0.101955 -0.0865143 -0.0288676 0.0280825 0.0582339 0.079429 0.0266136 0.0242373 0.0340438 0.00429533 -0.0322113 -0.0676099 -0.0847604 -0.0121707 -0.0072832 -0.00348095 -0.0161537 -0.0839662 -0.0618777 -0.0284761 0.00923132 0.0364933 0.0265119 0.0283785 0.0819234 0.0641345 
0.080475 0.0437165 -0.0132523 -0.0162221 -0.0655573 -0.0511654 -0.040481 0.0109151 -0.0317021 0.00476271 0.0236448 0.00867275 0.0049823 0.0105392 -0.0313289 -0.0605239 0.0294297 0.01194 0.00953188 0.0612197 0.0348293 0.0567453 -0.0114686 0.0263403 0.0174012 -0.0169838 0.00239226 -0.0283604 -0.0740891 -0.0736313 -0.028477 0.00328771 -0.0161393 0.0183772 0.0262376 -0.0111791 0.0570286 0.0350562 0.0606812 0.0094918 
0.36019 0.2905 0.196334 0.198658 0.185466 0.101539 0.088762 -0.0056316 -0.117303 -0.221564 -0.117012 -0.221607 -0.170915 -0.277624 -0.195204 -0.125566 -0.0820506 -0.087642 -0.112086 -0.0838367 -0.0803164 -0.0030461 0.0334587 0.0678051 -0.0124598 0.00715865 -0.0583162 0.0398282 0.0759868 0.0756992 0.0399628 -0.058197 0.00977387 -0.00921819 0.0704524 0.0361402 -0.00310422 -0.0799669 -0.0809922 -0.109932 
0.429622 0.291594 0.270942 0.259502 0.297206 0.205926 0.15709 0.112035 0.118495 0.0887153 0.0488722 0.0141371 -0.0170332 -0.0186687 -0.0205028 0.0169571 0.0790528 0.0352877 -0.0413567 0.0150103 -0.00854818 0.0177288 0.0734995 0.0284167 0.107093 0.123681 0.0423531 0.00373767 0.0338321 0.0519586 0.062971 0.0797774 0.130998 0.123239 0.0620762 0.106675 0.0729086 0.00832269 0.0294626 0.00280156 
0.137904 0.035893 -0.0260981 -0.0796994 -0.0625912 -0.139788 -0.0425366 0.0218416 0.0245106 -0.0249998 -0.0291709 0.0415791 0.0638411 -0.0107767 -0.00888624 0.0203966 0.00664866 0.0187757 -0.00590826 0.0309527 0.0462889 0.0200564 -0.0111913 -0.0858076 -0.0926563 -0.0671195 -0.0409055 0.0781834 0.114106 0.135901 0.108126 -0.022038 -0.047497 -0.0839583 -0.0687108 -0.041845 0.0110633 0.0470498 0.0318672 -0.00110822 
0.245057 0.140518 0.0963188 0.163785 0.0869361 0.0466252 -0.0118209 0.0269492 0.0715943 0.0456733 0.00631033 -0.0575269 -0.0752355 -0.116306 -0.0844215 -0.128131 -0.124614 -0.16504 -0.0384892 -0.00842938 0.0303615 -0.0852934 -0.0463813 -0.0358447 -0.017555 -0.0687603 -0.0474286 -0.0619792 0.0256132 0.0192287 -0.0691016 -0.0474914 -0.0680346 -0.0257506 -0.0454844 -0.0547163 -0.0856364 0.0265696 -0.0243013 -0.0519324 
0.232113 0.125822 0.0210431 -0.00892356 -0.0343917 -0.0289085 0.00949231 0.0217819 -0.0022444 -0.018022 -0.0153712 0.0108953 -0.0420823 -0.06195 0.0291095 0.0884753 0.128368 0.187207 0.161433 0.139024 0.0896714 0.0691226 0.104614 0.0568048 -0.0458049 -0.0384385 -0.0202884 -0.00519793 0.0452357 0.0347545 0.00507269 -0.0341377 -0.0583075 -0.0723241 0.0358112 0.119917 0.0850023 0.0617635 0.149252 0.150655 
0.142614 0.120996 0.108425 0.030293 0.003266 0.0201327 -0.0560693 -0.00387145 0.0213622 -0.0335322 -0.0343321 0.0100111 -0.00771974 -0.0574082 -0.0841681 -0.0767459 -0.0520172 -0.0482414 0.00201736 -0.0828749 0.0322397 -0.0828356 -0.0810804 -0.0392359 -0.069696 0.0148066 0.0545609 -0.000154346 0.0794266 0.0914257 0.000688399 0.0642723 0.0159599 -0.0495264 -0.0350539 -0.0905896 -0.0998598 0.012223 -0.0975295 0.00358449 
0.111623 0.0358323 0.0333052 -0.0034711 -0.0222251 -0.0627681 -0.0463275 -0.0272302 -0.0616926 -0.0470632 0.00545329 -0.0175409 -0.0991544 -0.0446841 -0.00560181 -0.0217327 -0.0066235 0.00937456 0.0119959 -0.0410345 0.0209619 0.0381535 0.0209165 0.00377644 -0.00577852 0.0548927 0.0214528 -0.01757 0.0198216 0.0198467 -0.0179265 0.021542 0.0548768 -0.00607701 0.00411152 0.0217453 0.0395341 0.0209087 -0.0413949 0.0117167 
0.144256 0.0863811 0.0745275 0.0765426 0.0324323 0.0640887 0.0433265 0.0188933 -0.000107692 0.0446881 -0.000708103 0.0218335 0.0662434 0.0172475 0.00688537 0.0278303 0.0199272 0.0248276 0.0450034 0.0562791 0.0235498 0.0135726 0.0489855 0.0170527 0.0516193 0.099219 0.0160377 0.00701626 0.0423048 0.0458146 0.00669476 0.00923148 0.0850337 0.0459319 0.0165784 0.0464895 0.00871651 0.0221774 0.0533765 0.0391263 
0.203746 -0.000844226 -0.00328688 -0.0224953 -0.0574169 -0.0481933 0.0657728 0.0957134 0.121919 0.0481894 -0.106967 -0.200627 -0.133904 -0.0596037 -0.0608027 0.0862349 0.120059 0.0883876 -0.0878335 -0.119052 -0.0758513 -0.0585533 -0.0168983 0.0643973 0.139402 0.0996828 0.0998141 0.0270787 -0.0481126 -0.0509387 0.0189604 0.120246 0.117712 0.126332 0.0301301 -0.0326173 -0.068336 -0.0657761 -0.113042 -0.0747485 
-0.00424782 -0.0523743 -0.0488119 0.0148417 0.0492934 0.0305574 -0.0529261 0.00957915 0.0089652 0.0552514 0.0106595 0.000335541 -0.0307946 0.0192055 0.0211301 0.0188455 -0.0500783 0.00982335 0.0413784 0.0171716 -0.00228917 -0.0373689 -0.00735873 0.0272715 -0.0227308 0.0210012 0.00641934 0.00924982 -0.0011785 0.00382625 -0.0063946 0.00520806 0.020149 -0.0179432 0.0279542 -0.0108557 -0.0399511 -0.000681334 0.0288993 0.0456593 
0.138734 0.0146682 0.00338048 -0.00896174 0.0106639 -0.0419484 -0.0960095 -0.12928 -0.0695843 -0.0288397 0.00159493 -0.0308811 -0.0525376 0.0301654 -0.0399818 -0.0463143 0.0284826 0.0267227 -0.00107378 0.0759074 -0.0166239 0.000655372 0.000554605 -0.0236532 0.00875227 -0.0726751 0.0356735 0.061707 0.0208809 0.0162344 0.0541678 0.0278239 -0.0732835 -0.001527 -0.0381575 -0.0109049 -0.0122518 -0.0206496 0.0689293 0.0107323 
0.133219 0.0524861 0.0346155 0.03285 0.0258452 -0.0529383 -0.0771281 -0.0662296 -0.0202957 -0.0114532 -0.0363466 0.0370534 0.0135748 -0.05025 -0.0346869 -0.0884376 -0.00683805 -0.0807724 -0.109912 -0.0852675 -0.0436259 -0.0707919 0.00351179 0.0363704 0.0775025 0.0434835 0.0473409 -0.0269687 0.102517 0.105463 -0.0260496 0.0450333 0.0454826 0.0736282 0.0381913 -0.00109884 -0.0696579 -0.0443461 -0.0869993 -0.108181 
0.41194 0.326023 0.196646 0.208086 0.213013 0.158444 0.177985 0.172551 0.254728 0.190844 0.158506 0.0770074 0.0880703 0.036599 -0.0101267 -0.059882 -0.0979932 -0.0907597 -0.0907554 -0.0958835 -0.080644 -0.0759049 -0.157901 -0.184809 -0.2313 -0.264622 -0.255774 -0.257909 -0.250008 -0.253789 -0.26759 -0.256787 -0.261924 -0.224405 -0.181222 -0.150882 -0.0683842 -0.0769504 -0.0878486 -0.0870476 
0.159587 0.0418451 -0.0270099 -0.0122328 -0.0719845 -0.0705018 -0.0386639 0.0201581 -0.00308612 -0.0163972 -0.0256437 -0.0750606 -0.120259 -0.00541075 0.00325647 -0.0180316 0.0124336 0.0709078 0.024747 -0.0763759 -0.102959 -0.00376741 -0.0289437 -0.0729481 0.0107632 0.112759 0.075692 0.0512193 0.0143349 0.0211025 0.0522879 0.0820514 0.111955 0.0167507 -0.0839433 -0.0353874 0.00132711 -0.0890275 -0.0598272 0.0314132 
0.248679 0.111248 0.0785309 0.0630869 0.0516689 0.000976015 -0.0920747 -0.0835445 -0.0793897 -0.104028 -0.180971 -0.128276 -0.0474264 -0.0588346 -0.0242529 0.0187417 0.0394178 0.0843823 0.0214453 -0.00765328 0.0286582 0.0825968 0.0613756 -0.00812019 -0.0539044 -0.0177522 -0.00433574 -0.0347906 -0.0973886 -0.0951984 -0.0353585 -0.00363745 -0.0136099 -0.0530348 -0.00548385 0.0622403 0.083732 0.0314333 -0.00242993 0.0240666 
0.242952 0.179142 0.142729 0.0663534 0.0500501 -0.00377113 -0.0699423 -0.0600715 -0.0321123 -0.0546946 0.00425946 0.0234968 0.0675622 0.0636511 0.0721598 0.126599 0.100342 0.118116 0.135216 0.125409 0.156122 0.151072 0.0966697 0.102384 0.0815115 -0.026444 -0.0805413 -0.0819469 -0.0646773 -0.0627121 -0.080356 -0.0752584 -0.0233614 0.0825152 0.103779 0.099739 0.151364 0.155809 0.125319 0.132292 
0.118156 0.040685 -0.0351204 -0.0791318 -0.00124264 -0.000166693 -0.0159766 -0.0227739 -0.028031 -0.0447026 0.0307531 0.0361344 0.0646957 -0.0233357 -0.0738973 -0.104666 -0.136282 -0.042974 -0.00719955 0.043294 0.0110076 -0.0142842 -0.0107539 0.0656652 0.0467546 0.0398734 0.00810182 -0.016273 -0.00801483 0.00393579 -0.00771674 0.00551023 0.0310199 0.0376525 0.0603018 -0.0073436 -0.00881815 0.0128581 0.0356622 -0.0143329 
0.158334 0.0587762 0.0376212 0.11792 0.0518181 0.00230302 -0.0209256 -0.0228837 -0.00121798 -0.00806342 -0.0682307 -0.0361167 0.0712925 0.0562011 -0.0103653 -0.0616655 -0.00737427 -0.0339951 -0.0414698 -0.0240889 -0.0801744 -0.00746857 -0.0645175 -0.0739785 -0.0692109 0.0184967 0.00910818 -0.0237024 -0.030411 -0.0287452 -0.0223969 0.00857035 0.0175059 -0.0684654 -0.0718034 -0.0636914 -0.0124162 -0.0838925 -0.022741 -0.0457763 
0.188663 0.0915063 0.100421 0.159282 0.0701578 0.070181 0.0792919 0.0519013 0.000639741 0.0347701 0.129265 0.11446 0.105598 0.0615408 0.0303858 0.0323359 0.103283 -0.0130905 -0.023363 -0.0161114 -0.0503678 -0.112236 -0.073715 -0.0186803 -0.0344456 -0.114832 -0.0880281 -0.0500671 -0.0839508 -0.0843203 -0.046554 -0.090809 -0.126939 -0.0550267 -0.0359127 -0.0651302 -0.0958044 -0.0673697 -0.0279974 -0.0322439 
0.193173 0.0993843 0.0520716 0.0163334 0.00907148 -0.00732099 0.0392065 0.0526633 0.0887595 0.0781214 0.0204578 -0.0113953 -0.0213449 -0.0413254 -0.0545244 -0.00490095 0.00419645 0.033306 0.0385492 0.0347003 -0.0448562 -0.054204 -0.0629054 -0.120312 -0.107642 -0.0764268 -0.061859 -0.123609 -0.123885 -0.126504 -0.125845 -0.0647094 -0.0813364 -0.111031 -0.125875 -0.0612631 -0.0579884 -0.0488463 0.0310311 0.0372931 
0.117467 0.0558336 0.0421013 0.0142196 0.0580093 0.0901207 0.158002 0.0643704 0.0264321 0.0410886 0.0193657 -0.00849239 0.0415362 0.0323856 0.0328692 -4.17016e-05 0.0239212 -0.0397426 -0.0183078 0.0269163 -0.0108748 -0.0328584 -0.00906616 0.0378345 -0.00889263 -0.0216221 -0.0456773 -0.0144752 -0.0616561 -0.060563 -0.0136733 -0.0426021 -0.0247323 -0.00843727 0.0398369 -0.0125864 -0.0339074 -0.014205 0.0282464 -0.0178661 
0.150525 -0.0494084 -0.061975 0.0217226 0.0182402 0.0176469 -0.0467537 -0.00784029 0.0932913 0.109514 0.0246771 -0.0118468 -0.0182839 0.0413652 -0.00989552 -0.0752118 -0.0903212 0.0242447 0.0754428 0.121509 0.037732 -0.0792028 -0.0767794 -0.0160573 -0.0128505 -0.0329601 -0.0014763 0.0334947 0.0700087 0.0712926 0.0356182 -0.00307398 -0.0351577 -0.0137769 -0.0153587 -0.0768961 -0.0809589 0.0355371 0.123003 0.0743227 
0.0848223 0.0778415 0.048041 -0.0269734 0.0281733 -0.0206846 0.0162104 0.00726659 -0.0158369 -0.0319513 0.00985783 -0.0554574 0.0242093 0.00888095 -0.0305368 0.0618681 -0.0132955 0.015602 0.0110747 -0.0269833 -0.0222102 -0.0405975 -0.0639806 -0.011339 0.00611397 -0.0577216 0.00439608 -0.106438 -0.0687955 -0.0655271 -0.0790211 0.0153908 -0.068093 0.0085063 -0.0224014 -0.0642105 -0.0406847 -0.0271135 -0.0115677 0.0162548 
0.294404 0.250382 0.174981 0.103844 0.0577813 0.0164904 0.0461768 -0.0161312 0.0649504 0.0371343 0.0708488 0.107797 0.0664578 0.0909078 0.0545696 0.0390034 -0.0281206 -0.041019 -0.124849 -0.1522 -0.132399 -0.187379 -0.184986 -0.162292 -0.135778 -0.106465 -0.108627 -0.125973 -0.157176 -0.157538 -0.1266 -0.106719 -0.106646 -0.134129 -0.162435 -0.184108 -0.186829 -0.129193 -0.149066 -0.123371 
0.192157 0.00398944 -0.0265339 0.00146771 0.0344114 0.0265157 0.0100857 0.121105 0.0980548 -0.015114 -0.0468425 -0.0185198 0.0101981 0.0259272 0.0122598 0.0664271 0.0728857 0.0113837 0.0364822 0.106991 0.104363 0.0493646 -0.0132832 0.0140483 0.0893031 0.0709425 0.0168784 0.0279223 0.0828126 0.0828199 0.0276118 0.0165989 0.0708342 0.0897101 0.0144334 -0.0129224 0.049472 0.104401 0.106953 0.0363579 
0.297894 0.238119 0.206234 0.0530526 0.0805564 0.0026349 0.0344867 0.0959266 0.0116505 0.0153071 0.000831017 -0.101469 -0.0927572 -0.124352 -0.148253 -0.103194 -0.18931 -0.180474 -0.131392 -0.178936 -0.0797968 -0.0467755 0.00633624 0.0608016 0.0229494 0.035425 0.0287803 -0.0725967 -0.000837897 -0.00112277 -0.0716233 0.0285004 0.0348405 0.0238595 0.0596127 0.00599518 -0.0463345 -0.0786083 -0.177694 -0.130871 
0.293539 0.144032 0.137989 0.0877089 0.121091 0.146563 0.144416 0.142502 0.107483 0.164858 0.110602 0.0863387 0.0626575 -0.0601833 -0.0857063 -0.042876 0.0462774 0.10606 0.0151999 0.00435582 -0.0305533 -0.0851032 -0.0474995 -0.0918235 -0.136966 -0.111205 -0.110845 -0.0795034 -0.0556381 -0.048431 -0.0874705 -0.137306 -0.121953 -0.129386 -0.0943672 -0.0432043 -0.0745833 -0.0298578 0.00336796 0.00661713 
0.202389 0.0112548 -0.100079 -0.0880069 -0.0541919 -0.00831448 0.0278483 -0.0264857 0.027816 0.0418408 -0.0217648 -0.0332365 -0.0913192 -0.0469575 0.00767327 0.0649518 0.0407072 -0.0456694 -0.096427 -0.143839 -0.0746086 -0.0033855 0.0489337 0.0115794 -0.015319 0.020797 0.0262478 0.0440961 0.00904345 0.0105281 0.0455478 0.0282773 0.0239547 -0.0124214 0.0112176 0.0453145 -0.00684054 -0.0744862 -0.139698 -0.0941981 
0.296857 -0.0313162 -0.00793533 0.0506412 -0.0209297 -0.0758666 -0.0965935 -0.0637627 -0.00758421 -0.0170973 -0.0657032 -0.0391715 0.142468 0.181411 0.126079 0.0224802 0.0342774 0.073115 -0.0065812 -0.166867 -0.13041 -0.00440036 0.0230559 -0.089704 -0.130087 -0.0151267 0.0211235 -0.0276965 0.00748289 0.0244179 -0.0150978 0.0170235 -0.0459096 -0.130374 -0.0836445 0.0253043 0.000786689 -0.132185 -0.163889 -0.0122331 
0.193827 0.137942 0.0887058 -0.0215158 -0.0459801 0.041274 0.0428393 -0.0144242 0.0135082 -0.0159039 -0.0951894 -0.111176 -0.0578317 -0.135742 -0.0333075 0.0151058 0.0375155 0.0669002 0.0612906 -0.0249791 -0.0536586 -0.0545971 0.0137702 -0.0266056 0.0617328 0.0346504 -0.0209768 -0.023928 -0.0768359 -0.0754541 -0.0223858 -0.0182728 0.0356517 0.0623458 -0.0262141 0.0124705 -0.0562878 -0.0556457 -0.0250335 0.0618072 
0.300812 0.197225 0.00567711 -0.0224702 0.013488 -0.0163059 -0.0872809 -0.194735 -0.167509 -0.164177 0.0120715 -0.0629284 -0.0135783 -0.0935613 -0.0696769 -0.00790711 0.136024 0.250905 0.271561 0.259652 0.110832 0.193682 0.10691 0.151036 0.011526 -0.118008 -0.175261 -0.121001 -0.0435155 -0.0353337 -0.108441 -0.174594 -0.113333 0.0136994 0.150168 0.107518 0.203296 0.11846 0.248361 0.264205 
0.118836 -0.018835 0.0210807 0.0642502 0.0130225 -0.0163439 -0.0114595 -0.0402741 -0.0357705 -0.0502391 -0.111191 -0.101006 5.41512e-05 0.0436679 -0.00129759 -0.061638 -0.0371037 0.0283027 0.00769917 -0.0597914 -0.0295778 0.0699151 0.072538 0.00187667 -0.0556799 0.0156173 0.0281001 0.0534756 0.0397075 0.039389 0.0525943 0.0284719 0.0157967 -0.0555207 0.00272546 0.0738169 0.069875 -0.0290593 -0.0595235 0.00754476 
0.146364 0.0889334 0.00662423 -0.00724313 -0.0368575 -0.0390896 -0.00869889 0.0256519 -0.0166464 0.0371441 0.0546803 -0.0249809 -0.0431826 -0.0224126 -0.00253688 0.00478483 0.020325 0.0640465 0.0402776 0.00236078 0.038499 -0.00827918 -0.0102039 -0.0864964 -0.0256461 -0.0490032 -0.0597512 0.0103105 0.0582462 0.0595318 0.0126066 -0.05675 -0.0460417 -0.0223782 -0.0819441 -0.00803257 -0.00519508 0.0394898 0.00400936 0.0440208 
0.279679 0.059208 -0.0234733 -0.102985 -0.163903 -0.0640662 0.000468132 0.0215583 0.0581697 0.0942029 -0.0425526 -0.126939 -0.0597108 -0.076193 -0.0876782 0.000350335 0.00967343 -0.00060749 0.0586903 0.0846408 -0.0249015 -0.0554494 0.018939 0.0196138 0.00721174 0.0642442 -0.0193214 -0.0787268 -0.0448528 -0.0370959 -0.0638877 -0.00159813 0.0527052 0.00873971 -0.00750368 -0.00298001 -0.0577893 -0.0181371 0.104275 0.068828 
0.182803 -0.00492406 -0.0281054 -0.0314164 0.091243 0.0907709 0.0305543 0.105584 0.0755297 -0.013716 -0.0111167 -0.0624883 -0.0429795 0.109614 0.0176405 -0.013929 0.0394121 -0.0984707 -0.0919535 -0.107597 -0.10195 0.0814662 0.0719337 -0.0919344 -0.0696575 -0.061682 -0.0573914 0.0775052 0.018315 0.0318387 0.0980401 -0.0573424 -0.0559752 -0.0831982 -0.101236 0.087239 0.0892499 -0.0884362 -0.0888836 -0.080793 
0.0602013 0.089254 0.0389842 -0.0340796 -0.0218024 -0.0736182 -0.0452775 -0.0247176 0.0100874 0.0443408 0.00426684 0.0150649 -0.0620465 0.046659 -0.0746011 -0.0495371 0.0408646 0.00344864 0.0545809 0.0764689 0.011366 0.0538126 0.0144274 -0.0416337 -0.0299493 -0.0526207 -0.0504738 0.00277245 -0.0145111 -0.0120995 -0.00857773 -0.0641927 -0.0509454 -0.0473842 -0.0327626 0.00525109 0.0581498 0.0110739 0.0716551 0.0547216 
0.145366 0.129217 0.09664 0.0576075 0.0426879 -0.0118534 0.0756556 -0.00461101 0.0251322 0.0325266 0.0485576 0.0496331 0.0166508 0.0613904 0.00435802 0.0367491 0.0147055 0.00591539 0.0239633 0.0388653 0.0686804 0.0187881 0.0490303 0.0392761 -0.00105343 -0.0543827 -0.020384 0.0151293 -0.0323398 -0.0293625 0.0121304 -0.0299366 -0.06485 -0.00406343 0.037925 0.0470924 0.0223197 0.0622471 0.0282448 0.00973076 
0.152963 0.0757337 -0.00770539 -0.104906 -0.0681346 -0.0129125 0.0142984 0.0858453 0.0597163 0.0933849 0.0547733 -0.0558091 -0.0214007 -0.071737 -0.0457007 0.00907504 -0.0189544 0.0146658 0.13828 0.0713783 0.112805 0.0696443 -0.00538743 -0.0659114 -0.0736197 -0.0293066 -0.0333267 -0.0165598 -7.47745e-05 -0.0275389 -0.0333668 0.00104162 -0.0340967 -0.091071 -0.0614603 -0.0531383 0.0675001 0.115151 0.120653 0.151703 
0.159247 0.171547 0.0952801 0.105894 0.0303079 0.0650845 -0.0410059 0.0118399 0.0272277 0.00122592 0.000691785 -0.0191971 -0.0109249 -0.023549 -0.0151942 -0.066479 -0.00456681 -0.0602818 0.049653 -0.0347226 0.0749127 0.00672552 0.078489 0.0279825 0.0610903 0.0369361 0.0659057 0.00099976 0.00239992 0.00671377 0.0211871 0.0694658 0.031336 0.0429203 0.0338327 0.0627108 0.0107794 0.0725102 -0.0372624 0.0531477 
0.265543 0.138581 0.0775584 -0.0626272 -0.0918997 0.0248382 0.0286353 0.051646 0.0937348 0.0471514 0.0224477 0.0208546 0.0628867 0.0993651 0.0775007 0.0760902 0.0471745 -0.0459693 0.0164336 0.0581415 0.0485501 0.0928541 0.0658093 -0.0481389 -0.0816619 -0.0209279 0.0304073 0.148781 0.229509 0.231288 0.156401 0.0257878 -0.00584841 -0.0759846 -0.045668 0.0700918 0.0869461 0.042894 0.0545521 0.00711396 
0.191856 0.0381452 0.0744107 0.0178259 0.0539754 0.0727321 -0.00842698 -0.0484633 -0.0119754 -0.00787924 -0.0187646 0.037212 0.0575404 0.016734 0.0323761 0.0273656 -0.0244995 -0.0777233 -0.0569527 -0.0856382 -0.0782269 -0.0601862 -0.104243 -0.151255 -0.0929793 -0.000322485 0.0636522 0.00233477 0.00738696 0.00748886 -0.00164839 0.0538471 -0.00476256 -0.0879977 -0.149865 -0.103057 -0.0672725 -0.0786688 -0.080436 -0.0631497 
0.0657982 0.0331093 0.106065 0.0470182 0.0300061 0.0375638 0.0245171 -0.0247281 0.0286067 -0.0120358 0.0257976 -0.0236608 0.00991634 0.0736371 0.0295718 0.0587669 0.0600826 0.00872943 0.0801514 0.103388 -0.00929646 0.0323274 0.0738119 -0.000851222 0.0322264 0.0596507 -0.0368822 -0.0139363 0.01739 0.00605549 -0.0170692 -0.0420076 0.0542108 0.0361404 -0.0231561 0.0534399 0.0271463 -0.00500066 0.103212 0.0910916 
0.190539 0.0451597 0.0245304 -0.0522139 -0.0149675 0.0585716 0.164601 0.133857 0.0688916 0.0512984 -0.00249712 -0.0311429 -0.0185274 0.0159823 0.0949972 0.0581382 0.00506986 0.0511334 0.0186966 0.0216574 0.0671885 0.0951052 0.138962 0.0692267 0.0717325 0.0769126 0.0544655 0.0735242 0.136628 0.147885 0.0745925 0.0533962 0.0750236 0.0639601 0.0696694 0.129773 0.099937 0.0733066 0.0260472 0.00852896 
0.213876 0.123396 0.0840811 0.110624 0.0454993 -0.0733337 -0.155158 -0.0834335 -0.0804202 -0.115138 -0.171368 -0.129675 -0.0626734 -0.0407901 -0.0745915 -0.061613 -0.0289959 0.0370044 -0.00582901 -0.0542456 -0.0306866 0.0307557 0.0376957 0.0193356 0.0020858 0.0292688 0.0802041 0.0970107 0.0878901 0.0667945 0.085911 0.0613541 0.0456385 -0.00359786 -0.0132592 0.0180386 0.034725 -0.0258039 -0.0702391 -0.0173376 
0.226793 0.0631473 -0.0156252 -0.038337 -0.0824318 -0.0590563 -0.0634878 -0.0207854 -0.0182837 0.0428297 -0.0239228 -0.016249 0.032964 0.0367274 0.0987719 0.0484434 0.0076332 -0.0817153 -0.0480982 -0.0394145 0.0272824 -0.0137069 -0.0446713 -0.0417641 0.0669903 0.0485755 0.039561 0.0672581 0.119439 0.111661 0.0662799 0.0457722 0.0190351 0.0315625 -0.0157921 -0.0323386 -0.0266015 0.0181622 -0.0324992 -0.0376901 
0.207288 -0.0716467 -0.0975225 -0.0915276 -0.0472794 0.00426549 0.00133093 -0.036215 0.044609 0.0640696 -0.00168778 0.0530996 0.0567247 -0.00366613 0.0745302 0.0603908 -0.0212056 -0.0153748 0.0648201 0.0586187 0.0461618 0.00404005 -0.15085 -0.100836 0.00576723 -0.0637136 0.00135294 0.0594322 0.158171 0.155762 0.0584361 0.0026612 -0.0629407 0.00792479 -0.0974531 -0.148934 0.00387104 0.0444102 0.0567766 0.0641977 
0.0903877 -0.0475892 -0.126659 -0.0635025 -0.0138494 0.00295478 0.0222163 0.0732007 -0.0422774 -0.045512 -0.023074 0.0151755 -0.0158397 0.0326333 0.039811 0.122352 -0.000798292 -0.078554 -0.0844652 -0.0510332 0.0105359 0.0474367 0.00552997 0.0157933 -0.044822 -0.0292855 0.000950706 0.0051735 0.0373465 0.0348546 0.00479086 -0.00205467 -0.0301552 -0.0455398 0.0169132 0.00563461 0.0470919 0.00961838 -0.0499705 -0.085273 
0.231656 0.127919 0.0801389 0.0324484 0.107653 0.157312 0.197107 0.113026 0.0257388 0.0426025 -0.071697 -0.0488332 0.0257714 0.0219904 0.0145226 0.0599363 -0.0204073 -0.0797285 -0.0457803 0.0188997 0.0675624 0.0672273 0.129907 0.00304283 -0.0932769 -0.0579005 -0.0824249 0.0378643 0.131902 0.125846 0.043206 -0.103207 -0.0721814 -0.10555 -0.00693017 0.137551 0.0639969 0.0496638 0.00575838 -0.0630948 
0.0441994 -0.00804303 -0.0839321 0.0274498 -0.0158382 -0.0316601 -0.0432584 -0.0130792 0.102105 -0.000563051 -0.0505006 -0.0595995 -0.0305683 -0.032566 0.0644045 0.0394127 0.0438096 0.0480424 0.000466716 -0.0421558 -0.0949889 -0.00955434 0.0154073 0.0292188 0.00441025 0.0133973 0.0707581 -0.0174983 -0.114826 -0.118064 -0.0276026 0.0809617 0.00534249 0.00244895 0.0145568 0.0214754 -0.0083025 -0.0852971 -0.035007 0.008195 
0.223279 0.0290945 -0.0512223 -0.0523512 0.0825875 0.103045 0.044201 -0.0158384 -0.00829789 0.0601238 0.131887 0.0712205 -0.00620329 -0.0584493 -0.0507883 0.0283841 0.0422822 0.0411798 -0.0674223 -0.0758833 -0.046239 0.0132105 0.0874497 -0.0111553 -0.0251785 -0.0482926 -0.0194618 0.0336263 0.0220099 0.0196699 0.0359943 -0.0184855 -0.0534583 -0.0266625 -0.0172341 0.0873287 0.0200338 -0.0519858 -0.0778515 -0.0739593 
0.0896573 0.0798642 0.0665544 0.039454 -0.00767276 0.00493531 0.0267802 -0.0321867 -0.0285388 -0.0324205 -0.0113778 -0.0647549 -0.019933 0.0386173 -0.00589639 0.0106973 -0.0142154 0.0110284 -0.0440321 -0.0153883 0.0173763 0.00823081 -0.00244526 0.00127642 0.00718185 -0.0663913 0.0293479 -0.000437153 -0.0229001 -0.023516 -0.000413632 0.0216765 -0.0624065 0.019465 0.00101182 0.000840939 0.0160054 0.0252055 -0.0152227 -0.0398732 
0.168948 0.0441704 -0.0408869 -0.013647 0.0188245 0.00683802 -0.00228516 -0.0120849 0.123525 0.0635194 0.0423071 -0.0284721 0.0253236 0.0852069 0.129866 0.00241529 -0.061128 -0.0621657 0.0309467 0.0526943 0.0145345 0.031042 0.0674648 0.139892 0.034811 0.0359239 -0.107726 -0.0545907 -0.0210555 -0.0224793 -0.0571875 -0.115194 0.0211453 0.0401204 0.142154 0.0675278 0.0179312 0.00818863 0.0475811 0.0252916 
0.400112 0.155327 0.0560127 -0.0832462 -0.137565 -0.102392 -0.101947 -0.0644452 0.00341688 0.102506 0.0593549 -0.042632 -0.0999217 -0.142591 -0.119491 -0.0548445 -0.0623776 -0.0722882 0.0113973 0.0966096 0.0880625 -0.00816884 -0.120422 -0.185739 -0.175025 -0.0856827 0.0622134 0.161666 0.198856 0.196402 0.162034 0.0628459 -0.0841696 -0.182153 -0.189088 -0.125446 -0.0160453 0.0817641 0.0948612 0.00676162 
0.191673 0.0479338 0.046324 0.0329047 -0.00101754 0.036213 0.0647683 0.071082 0.0387218 0.0304882 -0.00514164 -0.0208408 0.0528297 0.0476482 0.0519568 0.0679745 0.0373782 0.0216973 0.0546728 0.0370133 0.0490808 0.0807822 0.0597772 0.0306065 0.0644706 0.072011 -0.0240242 -0.0919125 -0.0459727 -0.0498878 -0.100228 -0.0226434 0.0622699 0.0595905 0.0287185 0.0586215 0.0727758 0.0482933 0.0400709 0.0585408 
0.10496 0.0597417 0.0777082 0.0288692 0.000121551 0.0451509 0.082009 0.0440643 0.0284558 0.0587609 0.0819134 0.0499982 0.122531 0.0899013 0.0586084 0.0246751 0.0728525 0.0819518 0.0397401 0.0760329 0.0532659 0.028635 0.0739866 0.0851453 0.0882383 0.106983 0.06688 0.120523 0.0198572 0.0194716 0.119935 0.0662233 0.107984 0.0875311 0.085856 0.0741746 0.0271288 0.05253 0.0756225 0.0397317 
0.238538 0.155849 -0.00103284 0.015479 -0.0158724 -0.0708899 -0.0606531 -0.106119 -0.15243 -0.111447 -0.231983 -0.21615 -0.103921 -0.0734335 -0.0334001 -0.0956857 0.0822092 0.110121 0.178906 0.136645 0.0591938 0.0533594 0.0260597 0.0428211 0.0325681 0.101026 0.100409 -0.0335056 -0.188275 -0.183055 -0.069852 0.0631838 0.0774475 0.0544522 0.0209868 0.041297 0.0651661 0.0629011 0.0848296 0.0960423 
0.0976327 0.00367541 -0.0409408 0.0156039 -0.0171079 0.0193386 -0.0490493 0.0144749 0.00409169 0.0024638 -0.0328349 0.0325541 0.0879641 0.028568 -0.0331541 -0.0265154 -0.0205437 0.0212902 0.00479041 -0.0283688 0.0239408 0.0269832 -0.017274 0.0177475 0.0780491 0.0225689 0.0261685 -0.00563213 -0.105467 -0.109286 -0.00344125 0.027025 0.0238637 0.0789975 0.018105 -0.0188257 0.0288233 0.02235 -0.029665 0.00383134 
0.322883 0.159401 0.0335925 -0.000152644 -0.00667789 0.0129095 -0.00616381 -0.0309819 -0.105277 -0.136451 -0.0505077 0.0508006 0.134202 0.192393 0.204348 0.050134 -0.0348519 -0.091928 -0.0375032 -0.0372901 -0.106024 -0.200195 -0.196514 -0.168269 -0.127681 -0.0783396 0.00102776 0.031283 0.0401366 0.0330122 0.0281437 0.00242153 -0.0732912 -0.124357 -0.16638 -0.195674 -0.200434 -0.111166 -0.0503524 -0.0420816 
0.382111 0.275606 0.224332 0.164544 0.0550037 0.0387997 0.0229874 0.0140361 -0.0468098 -0.0488584 0.0261335 0.051267 0.0591893 0.135938 0.157529 0.109345 0.107443 0.147262 0.162438 0.216467 0.232547 0.280422 0.230282 0.177301 0.131337 0.115254 0.0113907 -0.0111318 -0.0166394 -0.0163643 -0.0124744 0.0126355 0.113389 0.12915 0.174777 0.227946 0.277482 0.231914 0.216737 0.162446 
0.180597 0.0788634 -0.0347851 0.0140959 -0.07668 0.0196711 -0.0346147 0.0863666 0.0640189 0.0301366 -0.0602325 -0.00598956 0.0166185 0.0684605 0.0460494 0.140849 0.0968936 -0.00600459 -0.00969344 -0.00310778 -0.134805 -0.135482 -0.129327 -0.0675056 0.0370392 0.038918 -0.0480999 -0.0239832 0.00880219 0.00703399 -0.0255214 -0.0456133 0.0381722 0.0321565 -0.0764279 -0.136466 -0.137809 -0.131717 -0.00551894 -0.0207974 
0.289832 0.213317 0.246692 0.179957 0.0823131 0.116521 0.115832 0.033114 0.0675699 0.0738339 0.0877931 0.0597037 0.0231645 0.0055998 0.0135631 -0.0307123 -0.0808307 -0.085753 -0.0710457 -0.118891 -0.0655265 -0.0185607 -0.0970992 -0.164304 -0.142151 -0.199128 -0.25794 -0.264698 -0.28705 -0.2962 -0.253351 -0.246894 -0.187679 -0.112431 -0.149152 -0.0870895 -0.0174444 -0.0519809 -0.118229 -0.0616596 
0.383604 0.116314 -0.042462 -0.0382867 0.0612989 0.116078 0.0844874 -0.0193822 -0.0957697 -0.0873489 -0.145168 -0.203215 -0.240997 -0.196154 -0.0575239 0.0175099 0.027613 -0.05451 -0.0868324 0.00172299 0.0931301 0.149626 0.120193 0.0175885 0.0097376 0.0736435 0.0817902 0.0627043 0.0342811 0.0412085 0.0613052 0.0716035 0.0735394 0.00735088 0.0281136 0.123338 0.156278 0.0870583 -0.00528593 -0.0865619 
0.208871 0.100277 0.105081 0.11496 0.0687528 0.067609 0.107914 0.0414364 0.0467886 0.068141 0.0475205 0.0147205 -0.0224408 -0.101505 -0.110533 -0.080011 -0.0413712 -0.0454911 -0.0260767 0.023011 -0.016205 -0.0328416 -0.0558748 -0.04916 -0.0491576 -0.0273275 -0.0154838 -0.0181403 0.0168755 0.0108148 -0.0202782 -0.00533548 -0.0195033 -0.0407871 -0.0482419 -0.0563724 -0.0354914 -0.0194153 0.0389038 -0.0389133 
0.165397 0.0854348 0.00951323 0.0043592 0.0863074 0.105675 0.099314 0.0643859 0.0521256 0.0218041 0.0519509 0.0769436 0.108972 0.0824411 0.0265358 -0.0118957 0.00120534 0.0146922 0.0590508 0.0249647 0.00648125 0.00830164 -0.0404008 -0.00216819 -0.00429687 0.0666127 0.0696741 0.0143377 -0.0638329 -0.0578653 0.0226765 0.0797212 0.0785461 -0.00654642 0.00769033 -0.0430482 0.0181134 0.0147714 0.0232849 0.0556889 
0.120813 0.00235255 0.0291712 0.0296525 -0.0319808 -0.0761393 -0.0513301 -0.0396703 -0.0367167 0.0388076 0.0744944 0.0403397 0.0293524 -0.00742398 0.0185648 -0.0372529 -0.0578868 0.00769857 -0.0241116 -0.00818617 0.030592 0.0823533 0.0450674 0.036659 0.0774919 0.0544037 -0.0806484 -0.0469668 0.0142488 -0.00364087 -0.0587696 -0.095361 0.0212535 0.0769694 0.0326318 0.044414 0.0726375 0.041513 0.0146834 -0.0237122 
0.20359 0.156903 0.128166 0.0860654 0.0640948 0.0323628 -0.0417618 -0.100523 -0.0743749 -0.0740492 -0.0629628 -0.0681124 -0.0939413 -0.164821 -0.139888 -0.0875383 -0.135673 -0.0932898 -0.0322732 -0.0989442 0.0191695 0.058914 0.0498902 0.0753698 0.111162 0.0482757 0.125714 0.100997 0.0700758 0.0750002 0.10434 0.130702 0.0579471 0.111512 0.0857176 0.0588513 0.0698916 0.0259207 -0.0918499 -0.0264266 
0.151529 0.0740974 0.0199874 -0.00294393 0.00198711 0.0243695 0.000121247 -0.041875 -0.0507895 -0.0298501 -0.0190821 0.0180133 -0.0331939 -0.0182043 -0.0429437 -0.0310971 0.0137721 -0.0264422 -0.0529176 -0.0879357 -0.105961 -0.0836879 -0.0187914 0.0182029 0.0348404 0.0690405 0.0537855 0.0779796 0.0925259 0.0969793 0.0670505 0.0496118 0.0645771 0.0526103 0.00775696 -0.0208699 -0.0957415 -0.0933965 -0.0657742 -0.0113935 
0.18044 0.0476795 -0.0223241 0.0323939 -0.0261688 -0.0196197 -0.00892132 0.0480649 0.0702067 0.0198115 -0.0706588 0.00426343 0.0481536 0.0679898 0.118186 0.128899 0.0374292 -0.0313094 -0.0321991 0.0243053 0.03507 0.00976528 0.00462748 0.0471508 0.0689108 -0.0353321 -0.0947083 -0.0359592 0.069364 0.0684108 -0.0370673 -0.0968967 -0.0345426 0.0696724 0.0493429 0.00557831 0.0101501 0.0325475 0.019715 -0.0332881 
0.44567 0.263934 0.0718184 -0.143682 -0.333287 -0.324479 -0.275012 -0.341187 -0.164843 -0.0963833 -0.0290943 0.0733386 0.119495 0.20853 0.211659 0.214295 0.153796 0.154233 0.0469868 -0.149736 -0.14859 -0.0802894 -0.0945164 0.0320645 0.106399 0.0954584 -0.0192538 0.0617343 -0.130408 -0.136481 0.0447258 -0.00200741 0.09249 0.100087 0.0678526 -0.0662471 -0.0683181 -0.120682 -0.176932 0.0306385 
0.267826 0.140089 0.00798283 -0.0926441 -0.0900512 -0.132448 -0.112587 -0.0710376 -0.0279561 0.0879892 0.128054 0.0614096 0.0185718 -0.0435287 -0.0612493 -0.0392399 -0.0624978 -0.0947463 -0.0793592 -0.0721624 0.057964 0.0140164 -0.0306627 -0.0310634 -0.0108123 0.0403654 0.060523 -0.0603016 -0.100875 -0.0907732 -0.056929 0.0644677 0.0417913 0.0331717 -0.0125568 -0.00857324 0.0348367 0.0291173 -0.0692966 -0.0864401 
0.158456 0.029244 0.0199884 0.0171218 -0.0579132 -0.0539557 -0.0901829 -0.0526499 -0.0387185 -0.0441899 -0.0465573 0.0980407 0.0824311 0.0175013 -0.0870502 -0.0576932 -0.0501557 -0.059336 -0.132313 -0.0812141 0.00271091 0.00663992 -0.0492381 0.0366518 0.103676 0.0368638 -0.00340394 0.0644502 0.0721581 0.0801353 0.0677891 0.0025402 0.0368953 0.108934 0.0311942 -0.0569755 0.00122509 0.00161953 -0.0749386 -0.118301 
0.224109 0.168162 0.158901 0.131856 0.107705 0.111975 0.108953 0.158633 0.0673438 0.0465564 0.0615796 0.0589372 0.0746575 0.111151 0.0582276 0.0853986 0.102751 0.0666432 0.0569442 0.0832705 0.0820757 0.0696616 0.0547293 0.100061 0.0556428 -0.000970016 0.0637825 0.0361268 0.0264303 0.0226697 0.0312098 0.0582432 -0.00134657 0.0325895 0.107827 0.0555855 0.0775032 0.0845123 0.0959381 0.0671922 
0.158384 -0.0131076 -0.0676421 -0.0103314 -0.0395739 -0.0254501 -0.000786586 0.00594854 -0.0589652 0.000933551 0.0582281 0.0634823 0.0326387 -0.00431597 0.0160122 0.00692301 -0.0553675 0.0109932 0.000711524 -0.0150768 -0.0221831 0.052064 0.124615 0.0532088 0.0188 0.0523901 -0.0390647 -0.0809691 -0.0873018 -0.0990814 -0.0943362 -0.0588607 0.036225 0.0186781 0.0594844 0.106285 0.0583635 -0.0160584 -0.00471529 -0.0225886 
0.379772 0.286704 0.149671 0.031407 0.00538336 -0.020081 0.00973001 0.0654363 0.131716 0.201393 0.202011 0.203099 0.157092 0.150431 0.102997 0.0773713 0.0371775 0.00882022 0.0114446 0.0522142 0.0761966 0.121582 0.158127 0.164992 0.196005 0.136647 0.0325837 -0.0471779 -0.125575 -0.125484 -0.0470501 0.0319826 0.136393 0.194802 0.165284 0.157528 0.121761 0.0737253 0.0507995 0.0104001 
0.387228 0.168349 0.108403 0.200892 0.199586 0.155526 0.13861 0.16315 0.214027 0.129082 0.0652066 0.0239032 0.0526639 0.0123644 -0.175132 -0.152199 0.0251745 0.027695 -0.0410485 -0.178897 -0.234347 -0.175649 -0.138516 -0.159205 -0.233428 -0.148449 -0.162659 -0.138293 -0.228896 -0.226298 -0.14256 -0.155281 -0.135858 -0.225842 -0.160252 -0.139209 -0.162486 -0.224554 -0.16123 -0.0235203 
0.285641 0.137417 -0.0194898 -0.0625288 -0.0300726 -0.0545782 -0.116154 -0.166413 -0.137348 -0.109414 -0.0256263 0.0268474 -0.0229437 -0.0311105 -0.0937741 -0.0546857 -0.0515911 -0.0225352 -0.0664184 -0.0372443 0.067445 0.165966 0.216823 0.191676 0.093373 -0.0649792 -0.0977938 -0.141866 -0.0793315 -0.059647 -0.123408 -0.0992097 -0.0774023 0.075487 0.186208 0.227106 0.177564 0.0680772 -0.00377378 -0.063335 
0.138102 0.0850034 -0.00585516 -0.0544322 -0.05279 -0.0013676 0.061868 0.117982 0.0565636 0.00952266 -0.0808781 -0.102853 -0.0807394 -0.084364 -0.0478405 -0.0227009 -0.0151769 -0.000876192 -0.0264275 -0.00658121 -0.0315017 -0.031278 -0.00202788 -0.0500486 0.0215538 0.0267096 -0.00256446 0.0134781 0.0112645 0.0016836 0.00695867 -0.0129696 0.022854 0.021746 -0.0425357 0.0104059 -0.0273323 -0.0301838 -0.00397536 -0.0362156 
0.248918 0.117836 0.106632 0.0863633 0.123453 0.106224 0.0764871 0.0184703 0.0473803 0.0778893 0.011663 0.0703916 0.0712731 -0.0250268 -0.0649814 -0.0838538 -0.105667 -0.152014 -0.129776 -0.106782 -0.0950403 0.000391006 -0.0447612 -0.0755765 -0.0644857 -0.0544115 -0.0167071 -0.110372 -0.110329 -0.108927 -0.103552 -0.00655755 -0.0365774 -0.0734883 -0.0768307 -0.0404577 0.000273524 -0.101245 -0.110127 -0.137469 
0.0841119 0.0855284 0.0637825 0.0119093 -0.000743902 -0.0246464 -0.0481989 -0.07659 -0.00583069 -0.051948 -0.0438811 0.00491326 -0.034572 -0.0278392 -0.00174333 -0.0187856 0.0129389 0.0303259 0.00389248 -0.0160699 0.0571961 0.00926484 0.0436035 0.0304583 -0.00614149 0.0247228 -0.0170685 -0.0128068 -0.0226201 -0.0331775 -0.0109434 -0.0227062 0.0162073 -0.0160142 0.0254529 0.0432358 0.00566924 0.0593652 -0.0119711 0.0138713 
0.206716 0.0411514 0.0615371 0.094314 0.0165582 -0.173393 -0.106539 -0.128554 -0.118326 -0.132051 -0.0472695 0.0492054 -0.0111464 -0.0102155 0.0216864 0.0804611 0.0234829 -0.0970897 -0.152572 -0.137663 -0.050489 -0.124425 -0.153066 -0.0678136 0.0384982 0.137617 0.118953 0.198436 0.16221 0.16426 0.197767 0.114795 0.13191 0.036879 -0.0720799 -0.155943 -0.123564 -0.050702 -0.136744 -0.154149 
0.239813 0.0830762 0.0192751 -0.00800134 -0.0242052 -0.03463 -0.0248488 0.057826 0.075854 0.0661279 -0.00676375 -0.0933685 -0.0814952 0.0204815 0.0293959 0.04638 0.066843 0.102061 0.113955 0.0228224 -0.0636259 -0.0655746 -0.0369914 -0.0349789 -0.0173945 -0.0445752 -0.0722349 -0.0520527 -0.0479146 -0.0596889 -0.0548266 -0.0739293 -0.0416192 -0.0188477 -0.0464467 -0.0507949 -0.0700873 -0.0631674 0.0185764 0.113582 
0.341936 0.209097 0.178064 0.134866 0.111724 0.0872556 0.0760495 -0.0263495 -0.0900633 -0.10298 -0.122391 -0.129613 -0.144994 -0.117974 -0.132073 -0.0636445 -0.040282 -0.0937165 -0.103814 -0.101199 -0.059047 -0.075559 -0.0871424 -0.01727 0.049229 0.11104 0.0820182 0.093335 -0.0169072 -0.0180817 0.0811132 0.10057 0.121865 0.0562614 -0.00835027 -0.0924379 -0.0772135 -0.0614721 -0.0966682 -0.102063 
0.319959 0.199322 0.185416 0.147621 0.182501 0.182277 0.179889 0.151777 0.133803 0.103271 0.117104 0.0390345 -0.0504651 -0.0310264 -0.0791501 -0.103398 -0.0936691 -0.0652507 -0.111381 -0.13107 -0.154712 -0.105678 -0.0841796 -0.158606 -0.147676 -0.172777 -0.187397 -0.163843 -0.0838583 -0.0809416 -0.162142 -0.182301 -0.170567 -0.150584 -0.158665 -0.0836293 -0.103083 -0.152454 -0.130613 -0.107413 
0.153339 0.0451172 0.00577971 0.000379838 -0.0413994 -0.0523597 -0.0169538 -0.00139028 0.0531899 0.0286749 0.0727369 0.0371296 -0.0382762 -0.119474 -0.0813334 -0.094289 -0.0191466 0.0540623 0.0549545 0.0513965 -0.0134786 -0.00703512 -0.0358624 -0.0430817 -0.0842163 -0.0603838 -0.0198429 0.0372814 0.114386 0.111557 0.0381988 0.000487247 -0.0425059 -0.0918083 -0.047272 -0.0533852 -0.0147133 -0.028266 0.0223506 0.0381547 
0.460967 0.336182 0.212905 0.0139352 -0.0619457 -0.0798323 -0.0685419 0.00212893 0.0425255 0.0200644 0.0431097 0.0102504 -0.0586847 -0.0872068 -0.0967632 -0.102216 -0.102505 -0.103765 -0.0749022 -0.0134037 -0.00377112 -0.0228947 0.0168462 -0.0378311 -0.00168559 0.034372 0.078968 0.166696 0.1761 0.168711 0.173893 0.0837266 0.0313636 -0.0144077 -0.0572682 -0.00745455 -0.0394607 -0.0286413 -0.024351 -0.086647 
