0.464663 0.352068 0.255061 0.194872 0.159741 0.121062 0.0836166 0.0505542 0.0187794 -0.023174 -0.0483609 -0.0612661 -0.062929 -0.0731877 -0.0842757 -0.0981457 -0.105144 -0.114251 -0.11055 -0.0924054 -0.093188 -0.0949961 -0.0838835 -0.0889709 -0.0834136 -0.0756267 -0.0516366 -0.0210019 0.0306567 0.0596573 0.0791292 0.104383 0.137135 0.15935 0.167376 0.15397 0.146001 0.125939 0.0904186 0.0416747 
0.420664 0.343263 0.267014 0.213741 0.148259 0.121351 0.093802 0.0731183 0.0412864 0.0349864 0.0433508 0.0452165 0.0271645 0.0465394 0.0418613 0.0375762 0.0384012 0.0342486 0.024466 0.0225872 0.0164145 0.025319 0.0103385 0.000369482 0.00854146 0.0183744 0.00287845 -0.00211747 0.00566886 0.016029 0.0195925 0.031815 0.0384223 0.0418905 0.0315878 0.0168463 0.00459911 -0.0118707 -0.0261749 -0.0345277 
1.02653 0.840976 0.685365 0.500236 0.35893 0.29142 0.23165 0.217117 0.20515 0.190144 0.16712 0.14617 0.0852784 0.0461558 0.0111581 -0.0228893 -0.0461719 -0.0797167 -0.109931 -0.132059 -0.158838 -0.167848 -0.158493 -0.150084 -0.125061 -0.102035 -0.102989 -0.109425 -0.0968669 -0.109644 -0.0989486 -0.0727169 -0.0538767 -0.058648 -0.0556908 -0.0564384 -0.0216979 -0.00908974 0.0116246 0.034081 
0.199972 0.12502 0.0815237 0.0561663 0.0489054 0.0316103 0.0228851 0.00631629 0.00132015 -0.00107919 -0.00132696 -0.00654272 -0.00704544 -0.0119796 -0.0125459 -0.00563732 -0.00709779 -0.0079954 -0.00276162 0.00324855 0.0232601 0.0257334 0.0116753 0.00150618 -0.00670049 -0.00725907 -0.00545777 0.00624669 0.00440243 -0.0236785 -0.0326364 -0.0155582 0.0136762 0.0376611 0.035011 0.030401 0.0147935 0.00266227 0.00112472 0.00783906 
0.157619 0.0900422 0.0561638 0.0475578 0.0244914 0.00862804 0.00354091 -0.0045041 -0.00893641 -0.0232575 -0.0453984 -0.0594676 -0.0559287 -0.0450184 -0.0347785 -0.033058 -0.0362514 -0.0281323 -0.0229411 -0.0247888 -0.0258421 -0.0154192 -0.00678194 0.00986532 0.00752917 0.0111009 0.0175865 0.023379 0.0232456 0.0167154 0.0212638 0.0302453 0.0309008 0.0223086 0.0267097 0.0240948 0.0246341 0.0235513 0.022354 0.0267181 
0.10466 0.0648073 0.0452396 0.0281802 0.02671 0.0212137 0.015544 0.0136109 0.00580044 -0.0017657 -0.000790952 0.0038736 0.00968307 0.011211 0.00682376 0.00799393 0.0149386 0.0173347 0.0199272 0.027183 0.0181117 0.00863831 0.017479 0.0109002 0.00436758 0.0101014 0.00946516 0.00963725 0.00669033 0.00516533 0.00135169 -0.00784858 -0.00949858 -0.00298433 0.00796693 0.00769604 0.00147796 -0.00496115 -0.000158593 0.00056169 
0.349418 0.244585 0.144566 0.0538132 0.00504941 -0.016326 -0.0177482 -0.00637532 -0.0088262 -0.00148215 0.00663734 0.0318391 0.0437631 0.0753501 0.0916871 0.103319 0.0804825 0.0598591 0.0397263 0.0246876 -0.0120714 -0.0600638 -0.0733647 -0.0857824 -0.0923148 -0.0605702 -0.0221031 -0.00740858 0.0197316 0.00957903 0.000160621 -0.00391455 -0.0147828 -0.0137722 -0.00316428 -0.0153389 -0.0410859 -0.0653641 -0.077848 -0.0679645 
0.184957 0.120231 0.0669444 0.041733 0.0169234 0.00409373 0.00918473 0.00321172 0.0146754 0.00909097 0.00881991 -0.00130184 -0.0102322 -0.0189673 -0.0162898 -0.00485954 0.00201628 -0.0021256 -0.0129759 -0.0305854 -0.0384488 -0.0487543 -0.0581208 -0.0653769 -0.0481591 -0.0130844 -0.00765681 0.00252091 -0.0153275 -0.0144624 -0.0190867 -0.0290185 -0.0135597 -0.0157631 0.00744208 0.00630621 0.0136941 0.0039048 -0.0138658 -0.0387427 
0.241741 0.187529 0.135747 0.0676839 0.0366425 0.00177411 -0.0118936 -0.029757 -0.0473409 -0.0517674 -0.0607795 -0.0660443 -0.0576793 -0.0569351 -0.057601 -0.0419007 -0.0248947 -0.026379 8.58531e-05 0.0142898 0.0193433 0.0213651 0.0313364 0.0565292 0.0472904 0.0561829 0.0569867 0.0526696 0.0508962 0.044231 0.0356516 0.02773 0.0202005 0.000300292 -0.0170693 -0.0289374 -0.0192886 -0.0215683 -0.0181023 -0.0108182 
0.400248 0.310733 0.231462 0.146563 0.100575 0.0380842 0.00466429 -0.00829466 -0.0216233 -0.0239183 -0.0399541 -0.034735 -0.0276214 -0.0424954 -0.0338185 -0.0188317 -0.00617594 0.0125691 0.00420276 0.0124283 0.0376447 0.0587705 0.0799636 0.0960038 0.0919612 0.0788884 0.0565519 0.0332838 0.00367634 -0.0241058 -0.0404866 -0.0443026 -0.0428235 -0.0419772 -0.0572042 -0.0759112 -0.085367 -0.0920328 -0.0827787 -0.0712285 
0.413997 0.318412 0.258129 0.19391 0.123905 0.0674993 0.03868 0.0190036 0.0295759 0.0351849 0.0426803 0.0391825 0.0355029 0.0199297 0.00820178 -0.00910727 -0.0141878 -0.0350796 -0.0546879 -0.0522241 -0.0515462 -0.0350932 -0.0326477 -0.0295885 -0.0348365 -0.0379215 -0.0385664 -0.0410445 -0.0385587 -0.0277773 -0.0138558 -0.0274612 -0.0351803 -0.043628 -0.052649 -0.0598627 -0.0492662 -0.053644 -0.0555563 -0.0496013 
0.0976868 0.0598338 0.0252414 0.0196465 0.0137267 0.00791171 0.00914052 0.00392947 0.016669 0.0137419 0.0145125 0.00669162 0.00771244 -0.00137141 0.00133596 -0.00154884 -0.00502346 -0.0134722 -0.0154397 -0.0167348 -0.0149379 -0.00537079 -0.00397776 0.00628534 -0.000827298 -0.00549163 -0.0182015 -0.019675 -0.015942 -0.00307639 0.00526142 0.00344853 0.0050609 0.00648543 -0.00908345 -0.00948649 -0.0136744 -0.0132489 -0.0175313 -0.0185367 
0.35043 0.243092 0.126095 0.0549083 0.036377 0.0083793 -0.0315469 -0.0599442 -0.0898023 -0.0822101 -0.0641366 -0.0409984 -0.0293995 -0.0246421 -0.0354133 -0.0279103 -0.0124547 0.00479795 0.0555382 0.0503833 0.0627031 0.0570879 0.0373775 0.0283882 -0.00259771 -0.0134704 -0.00861658 -0.0222725 -0.0158222 -0.0166785 -0.0276275 -0.0466908 -0.045686 -0.0359726 -0.0176707 -0.0234484 -0.0407286 -0.0451884 -0.0338252 -0.00241571 
0.267344 0.194189 0.132656 0.105755 0.0724323 0.046346 0.02119 0.000394948 -0.00783482 -0.0108912 -0.00662407 -0.0052709 0.000417426 -0.00340724 -0.012571 -0.0151032 -0.00775508 -0.00996308 -0.000847021 -0.00352199 -0.00469869 -0.0187441 -0.0124014 -0.0263972 -0.0235395 -0.027267 -0.0297971 -0.0393598 -0.0439053 -0.0455658 -0.0493441 -0.0492674 -0.056621 -0.0509242 -0.0554393 -0.0433376 -0.0507451 -0.0429771 -0.0418223 -0.041778 
0.174622 0.10639 0.0679885 0.0374201 0.0147872 0.0063371 0.00284493 0.0182644 0.0119588 0.0136909 0.00642528 0.00577873 0.00285256 0.0032489 0.0174965 0.0350206 0.0290992 0.0411098 0.0493238 0.0579909 0.0555786 0.0433502 0.0391516 0.0465828 0.0448099 0.0222313 -0.000187425 -0.0177019 -0.0219025 -0.0181311 -0.00164436 0.00126578 0.00343322 0.00598726 -0.00392463 -0.0206836 -0.00930311 0.00303795 0.0312266 0.037546 
0.195073 0.128015 0.0968105 0.0511423 0.0255506 0.0114554 0.00798902 -0.00270273 -0.00877015 0.00383838 -0.00547503 -0.00478044 0.0121953 0.0207717 0.026671 0.0426111 0.0557749 0.0493591 0.047713 0.0313405 0.0174929 0.00604079 0.00387936 0.00731152 -0.00434984 -0.0152216 -0.0148477 -0.0173756 -0.0110895 -0.00252761 -0.00390304 -0.00724336 -0.0140844 -0.00612408 -0.0126242 -0.0236021 -0.0260747 -0.0335322 -0.0428744 -0.0393378 
0.576608 0.393542 0.259819 0.128527 0.0342518 -0.0287587 -0.0568825 -0.0577418 -0.0471024 -0.0357402 -0.0535292 -0.0597841 -0.0374245 -0.0140031 0.0191171 0.0569363 0.0582501 0.0412107 0.0415362 0.0257152 0.0102754 0.00957421 -0.00650404 -0.0322604 -0.0338495 -0.0282276 -0.0344805 -0.0301795 -0.010806 0.0232652 0.0117284 0.00307519 -0.00810311 -0.0299117 -0.0279888 -0.0232354 -0.0174834 -0.0112658 0.00343881 0.00885471 
0.339418 0.196486 0.0988141 0.0431373 -0.00392081 -0.0351068 -0.0448249 -0.0431475 -0.0372673 -0.0343887 -0.0359443 -0.0220074 -0.0154873 0.0107001 0.0220981 0.0313958 0.0362939 0.0197255 0.014885 0.00375884 -0.0193103 -0.0209488 -0.0321342 -0.0276455 -0.0118506 0.0152341 0.0323181 0.0437982 0.0584482 0.0419262 0.0275228 -0.00768742 0.00375864 0.0285692 0.039521 0.0374535 0.0262153 0.00467896 -0.0166013 -0.0377123 
0.149974 0.0934086 0.0672921 0.0597835 0.0370889 0.0130917 0.0175647 0.0204218 -0.000274359 -0.0168178 -0.0209625 -0.0226981 -0.0237058 -0.0165002 -0.00464324 -0.000695466 -0.0097399 -0.00694128 -0.00674181 -0.024281 -0.0242973 -0.0209282 -0.0181952 -0.0269935 -0.0238581 -0.0114206 -0.0312049 -0.0273264 -0.027563 -0.0263725 -0.0366058 -0.0157148 -0.010517 -0.0161838 -0.0269244 -0.0187535 0.000794378 -0.014522 -0.0171906 -0.0144582 
0.224515 0.149586 0.0966996 0.0555708 0.0104394 -0.020996 -0.0291649 -0.0393532 -0.0459083 -0.0472756 -0.0442342 -0.0279269 -0.00149203 0.0113894 0.0188568 0.0266648 0.0310409 0.0268663 0.0010202 -0.0144497 -0.0128671 -0.011787 -0.0217095 -0.0314187 -0.0317656 -0.0336975 -0.0243738 -0.016333 -0.00991208 0.00803924 0.0318945 0.0441029 0.0536588 0.0587693 0.0472938 0.0361766 0.0290707 0.0392798 0.0352016 0.0139638 
0.183607 0.136388 0.0866822 0.0550957 0.000299916 0.00341199 0.0196736 0.0255257 0.000942904 0.0170506 0.0129235 0.00059306 0.004857 0.00688874 0.0233996 0.0108289 0.00682296 -0.0163452 -0.0276054 -0.0362112 -0.0268076 -0.0166312 -0.00334836 -0.0062249 0.00413928 0.0109896 0.0136613 0.00474264 -0.000978885 -0.00163706 -0.010725 -0.0303219 -0.0244985 -0.0173428 -0.0393315 -0.0483834 -0.0512912 -0.0494276 -0.0466993 -0.0293787 
0.395084 0.287267 0.208687 0.151816 0.0916783 0.0737004 0.0574925 0.0556631 0.0416466 0.0177068 0.00628894 -0.00914279 -0.0344404 -0.0344214 -0.021378 -0.0167643 -0.0105948 -0.000245153 0.019636 0.0242212 0.017259 -0.00241611 -0.00504877 -0.0260071 -0.0426022 -0.0478017 -0.0433348 -0.0256852 -0.0107045 -0.0288314 -0.048421 -0.0492292 -0.0385361 -0.0133034 -0.0150656 -0.00820335 -0.000419672 0.00166796 0.00197309 -0.000325659 
0.38642 0.26136 0.175397 0.12556 0.0930457 0.0640576 0.0454166 0.0203775 0.002126 -0.0297342 -0.0536644 -0.0608948 -0.0719166 -0.0730351 -0.0661815 -0.0495526 -0.0224245 -0.00170017 0.0115588 0.00446637 0.0122533 0.0214446 0.0444456 0.0768278 0.0947615 0.0865158 0.0675353 0.0603904 0.0496598 0.0332162 0.0208723 -0.00268816 -0.007893 -0.0291038 -0.0439449 -0.0530072 -0.0578707 -0.0579273 -0.0634586 -0.0574067 
1.00235 0.848293 0.686237 0.546742 0.440469 0.36538 0.331532 0.296922 0.268441 0.23104 0.178648 0.119164 0.0682479 0.0216607 -0.0135728 -0.0277529 -0.0427009 -0.0243758 -0.00510859 0.0341416 0.0703499 0.0917978 0.117316 0.0993517 0.0780965 0.033514 0.0201706 0.0335836 0.0500633 0.0509182 0.0594804 0.0407577 -0.00577179 -0.050186 -0.0880579 -0.0972907 -0.114176 -0.116992 -0.107054 -0.103988 
0.4021 0.293444 0.258541 0.228583 0.178596 0.14623 0.146753 0.116903 0.0797359 0.0601473 0.0392042 0.0241594 0.00977066 -0.00976035 -0.0367803 -0.0515135 -0.0399905 -0.0398286 -0.0541923 -0.0597941 -0.066252 -0.0647392 -0.0707685 -0.057896 -0.053895 -0.0554078 -0.0633251 -0.0647061 -0.0806722 -0.0933966 -0.065331 -0.047879 -0.0438 -0.0379109 -0.0348512 -0.00614998 0.00553937 0.0136607 0.0101106 -0.000855071 
0.326624 0.225106 0.173847 0.116537 0.0790832 0.0639035 0.053803 0.0293445 -0.00109244 -0.0247496 -0.0240739 -0.0164445 -0.0106461 0.00111623 0.00707343 -0.00469502 -0.0145122 -0.00271456 0.018261 0.0431069 0.0393084 0.0327313 0.0441765 0.0152144 -0.00827185 -0.0051153 -0.0228436 -0.0291052 -0.0122684 -0.0159837 -0.0273017 -0.0144327 0.00148113 -0.00236182 -0.000338166 0.0110413 0.0181789 0.0145421 0.00115121 0.0075258 
0.242343 0.162806 0.12009 0.096365 0.0651797 0.035451 0.00934533 -0.0132189 -0.0397347 -0.0419635 -0.0203924 -0.0179205 -0.0179835 -0.00794075 0.0155286 0.0191846 0.0392089 0.0376067 0.038965 0.0490501 0.0285714 0.0209984 0.0148621 -0.00583299 -0.0141796 -0.0206266 -0.0316163 -0.0345424 -0.0307859 -0.0288813 -0.0155388 0.0129816 0.0431514 0.061541 0.0532798 0.018933 0.0234698 0.00993817 -0.0203114 -0.0295512 
0.305529 0.223791 0.137604 0.0858587 0.050155 0.0319637 0.00737726 -0.0169753 -0.013554 -0.00446226 -0.00918276 0.0106055 0.0206853 0.0287917 0.02957 0.0454265 0.0413908 0.0276693 0.0260027 0.0203863 0.0257043 0.0293071 0.0276153 0.0197186 -0.0033617 -0.0237832 -0.0461558 -0.0447101 -0.0539903 -0.0469932 -0.0545743 -0.0475429 -0.0216855 -0.0180114 -0.0196604 -0.0364366 -0.0276778 -0.0257597 -0.0137403 0.00610117 
0.404195 0.297642 0.251006 0.219048 0.205856 0.176671 0.126363 0.0958094 0.0935723 0.0825211 0.0689783 0.0547034 0.04377 0.0569392 0.0743339 0.0769478 0.0719433 0.0715758 0.0633784 0.0408966 0.0206875 0.0144402 0.0254758 0.0450196 0.0450972 0.0278021 0.00360458 -0.0113938 -0.00403945 -0.00390878 -0.000346444 0.0174784 0.0411626 0.069202 0.0714067 0.066653 0.0775486 0.0789048 0.0868501 0.0832187 
0.537427 0.449664 0.364668 0.290737 0.228205 0.188831 0.137109 0.0839278 0.0421044 0.0276803 0.0245327 0.010442 -0.00550893 -0.0050586 -0.00698358 -0.0090534 -0.0153155 -0.0274001 -0.0528854 -0.081122 -0.0992071 -0.0894235 -0.0830465 -0.0764032 -0.0765018 -0.0859965 -0.0998629 -0.0984401 -0.0871468 -0.0761045 -0.072078 -0.0745521 -0.0721149 -0.058086 -0.035358 -0.0272053 -0.025614 -0.0120046 -0.0228146 -0.0279248 
0.579443 0.446203 0.302757 0.224808 0.153086 0.129103 0.0773222 0.0690258 0.0527363 0.075978 0.0942181 0.0833145 0.078476 0.0778874 0.101422 0.0790411 0.108043 0.112522 0.0817623 0.0350659 -0.00865518 -0.0308261 -0.0395246 -0.0405794 -0.0370345 -0.0421253 -0.039456 -0.0599701 -0.0713321 -0.0727007 -0.0805308 -0.0770856 -0.0804835 -0.0629477 -0.0577361 -0.0514737 -0.053134 -0.0678069 -0.0734464 -0.0698997 
0.310652 0.19255 0.115392 0.0324342 -0.000934449 -0.0148348 -0.0227677 -0.016156 -0.0163195 -0.00331609 0.0179955 0.00268951 0.01815 0.0205302 -0.00720434 -0.00878097 -0.0157389 -0.0271959 -0.0219048 -0.0349477 -0.037928 -0.0290294 -0.0290886 0.00980242 0.0236945 0.00015578 -0.00744573 -0.0191752 -0.0300031 -0.0249657 -0.0325894 -0.0526271 -0.0636527 -0.0596934 -0.037703 -0.023325 -0.0284258 -0.0326476 -0.0462543 -0.0679291 
0.289535 0.243659 0.189679 0.13052 0.100158 0.0422863 0.0336142 0.0176528 0.00269428 -0.00668685 -0.0243627 -0.00744708 -0.0098856 -0.0175223 -0.00432823 -0.0157284 -0.00358172 -0.0163706 0.00230794 0.0153556 0.0151339 0.0442261 0.0538347 0.0708643 0.0746306 0.0761904 0.0847503 0.0659888 0.0616245 0.0385241 0.0347709 0.0393909 0.0232979 0.0227956 0.025858 0.0222577 0.021146 0.00551598 -0.00032028 -0.0117426 
0.231955 0.103069 0.0294151 -0.00355857 -0.0119016 -0.0150952 -0.0176327 -0.0160698 0.0016189 0.00872444 0.00260805 0.00809935 0.0268757 0.0299699 0.0381894 0.0259939 -0.00350225 -0.016691 -0.0270574 -0.0508718 -0.0558196 -0.051309 -0.041207 -0.028756 -0.0282548 -0.0230952 -0.00734322 0.0220546 0.0357426 0.0247456 0.00871695 -0.0100088 -0.0144614 -0.0128128 -0.0124402 0.00111536 0.0143457 0.0155103 0.0138743 0.00430057 
0.262663 0.192058 0.138632 0.109228 0.0810997 0.061905 0.0438472 0.0307843 0.00839342 -0.0029297 -0.0083543 -0.0186399 -0.0336967 -0.025452 -0.0163866 -0.00945361 -0.00713031 -0.00486911 0.00508514 0.0101707 0.00862896 0.00543394 0.00134867 -0.0137083 -0.0113551 -0.00129471 0.0142142 0.0215945 0.0217391 0.0158317 0.00457459 3.11756e-06 -0.00369384 0.00672808 0.0126367 0.00734498 0.000538302 -0.0140973 -0.0163067 -0.022534 
0.363011 0.249247 0.180079 0.130032 0.0864408 0.0680206 0.0406599 0.0212216 -0.00199138 -0.0206881 -0.0261343 -0.0316165 -0.0311548 -0.000361833 0.0244742 0.0296996 0.0453428 0.0626169 0.0732314 0.085008 0.0795035 0.0489761 0.0537024 0.0715415 0.0761374 0.0607165 0.0508313 0.0199658 -0.00891557 -0.0263487 -0.0152326 0.0116864 0.0411096 0.0641932 0.0811396 0.0730124 0.073947 0.0803046 0.0712691 0.0710341 
0.235935 0.118153 0.0666961 0.0452087 0.0651889 0.0719809 0.0592258 0.0531492 0.0214846 0.0298974 0.00892373 0.00227688 -0.000329703 -0.0192428 -0.0288571 -0.0273957 -0.0233172 -0.0222761 -0.0301132 -0.0165906 -0.0233775 -0.0214749 0.00459781 0.00348287 -0.015308 -0.0297735 -0.0357146 -0.00665303 0.0291716 0.0284483 0.0132811 -0.00139038 -0.010735 0.00110198 0.0340008 0.0476759 0.0481697 0.00460628 -0.0385264 -0.0563618 
0.394697 0.301324 0.23729 0.20749 0.179306 0.152686 0.130617 0.0971587 0.0751761 0.0349002 0.0247833 0.0255568 0.0158264 0.00350679 -0.00163125 -0.0127813 -0.0154292 0.00209323 0.0262735 0.0260957 0.0113419 0.00175605 0.0111472 0.0254637 0.0390894 0.0497969 0.0570775 0.0426123 0.0197805 0.00908191 0.0256062 0.0191135 0.0297268 0.041421 0.0315581 0.0299464 0.0127898 0.00834454 -0.0018518 -0.0137785 
0.625722 0.476238 0.327226 0.18291 0.0955934 0.00140726 -0.0557227 -0.0413791 -0.0311585 0.0154596 0.00399318 -0.00699008 0.00203296 -0.00985378 -0.0289047 -0.0508028 -0.0420057 -0.0333369 -0.0428254 -0.0490337 -0.0379595 -0.0139369 0.00586421 0.0111434 0.00643191 0.0040959 -0.00519749 -0.0216902 -0.0449526 -0.0991275 -0.122504 -0.133903 -0.123185 -0.102672 -0.0881799 -0.08327 -0.0636733 -0.0459622 -0.0231752 0.0106598 
0.528225 0.406163 0.340936 0.298139 0.240946 0.192103 0.158404 0.135961 0.0958462 0.0996316 0.0941504 0.076044 0.0431122 0.0230159 0.00200534 -0.00972597 -0.0222223 -0.0423645 -0.0564465 -0.0685788 -0.0857377 -0.0951145 -0.0914233 -0.106331 -0.096549 -0.107323 -0.119193 -0.116441 -0.112152 -0.0948471 -0.0726991 -0.0570538 -0.0538471 -0.0591947 -0.0726857 -0.0563906 -0.0516505 -0.0210539 0.000692785 -0.00206579 
0.320074 0.226324 0.162377 0.10762 0.102794 0.108391 0.121964 0.120032 0.105009 0.0955014 0.0837431 0.0610757 0.0313563 0.011889 -0.00593612 -0.0182784 -0.0196136 -0.0226172 -0.00764055 0.00350044 0.00192971 0.00682953 -0.000520091 -0.0260827 -0.0374009 -0.0219306 0.0033998 0.00825821 -0.00429214 -0.0135607 -0.0281368 -0.0382911 -0.0440539 -0.0523448 -0.053314 -0.0453787 -0.0363408 -0.0287821 -0.0256094 -0.0354903 
0.183891 0.10078 0.0553052 0.0211495 0.0041799 -0.00747242 -0.0106632 -0.00747492 0.0113722 0.0241084 0.0172879 0.0121181 0.0188746 0.0041189 -0.00633827 -0.00801468 0.0020658 0.0111141 0.0226155 0.0112794 -0.00436091 -0.00769932 -0.00138911 -0.015367 -0.026301 -0.0149805 -0.0101445 -0.0101372 -0.0125406 -0.00775302 -0.018838 -0.0134225 -0.0129945 -0.0287061 -0.0323168 -0.0240331 -0.0220968 -0.0133171 -0.0135873 0.000224802 
0.398543 0.278452 0.164608 0.0821224 0.0203254 -0.0254427 -0.032934 -0.0440995 -0.0629696 -0.0442827 -0.0255312 -0.00643347 0.0134104 0.0239305 0.042177 0.0528469 0.069684 0.082536 0.104336 0.120648 0.133104 0.115739 0.0827482 0.0467764 0.0326409 0.0376395 0.0240578 0.0139332 0.0017538 -0.00896151 -0.0214856 -0.045642 -0.0476473 -0.079399 -0.0943466 -0.10218 -0.0908117 -0.0818906 -0.0410155 -0.00601032 
0.63756 0.518582 0.41168 0.298838 0.196385 0.127275 0.0527805 0.0150543 -0.0109754 -0.0272236 -0.0185734 -0.000804915 0.0291516 0.0478678 0.0447123 0.0588608 0.0515729 0.0491569 0.0565704 0.0399402 0.0211066 0.0124924 -0.00367592 -0.00448421 -0.0153778 0.00101923 0.00614421 0.0201968 0.00843384 0.0225165 0.0222203 0.0225734 0.00459033 -0.0134964 -0.0427593 -0.0601652 -0.0660499 -0.0790522 -0.0715759 -0.0602381 
0.377786 0.301261 0.2621 0.196592 0.143063 0.106732 0.048916 0.0138924 -0.0138587 -0.047303 -0.064032 -0.0661183 -0.0623924 -0.0698413 -0.0716516 -0.0829961 -0.082755 -0.0841812 -0.0830632 -0.0800769 -0.0793792 -0.0826236 -0.0835692 -0.0700912 -0.0703037 -0.0551829 -0.0487767 -0.0559314 -0.041128 -0.024392 -0.0244311 -0.0104089 0.00529401 0.0125196 0.0377428 0.0497854 0.0433387 0.0484274 0.077433 0.0729485 
0.291217 0.226832 0.172624 0.135442 0.0954608 0.0773669 0.0517129 0.0398617 0.0205345 -0.0149274 -0.0204005 -0.0181579 -0.0149282 -0.0244631 -0.0206232 -0.0389221 -0.0486468 -0.0680872 -0.0503954 -0.0237167 -0.00561193 0.0111588 0.0119741 0.00126714 -0.00549624 -0.0234817 -0.0489201 -0.0474432 -0.0373357 -0.0321894 -0.0268576 -0.0322457 -0.0430171 -0.0325714 -0.0160414 -0.00822018 -0.00719747 -0.0257865 -0.0308797 -0.0343975 
0.366968 0.252095 0.165316 0.094985 0.0265231 -0.00365159 -0.0270133 -0.0373918 -0.0372183 -0.0375259 -0.029216 -0.0207301 -0.0247548 -0.0236816 -0.0205317 -0.0357694 -0.0402764 -0.0300103 -0.0129145 -0.0190868 -0.0317202 -0.0274868 -0.00933434 0.00273299 0.0178557 0.0301958 0.0397363 0.0355357 0.0327155 0.0607293 0.0856248 0.0666085 0.0443081 0.0251212 0.0108971 -0.0137942 -0.0336127 -0.0351906 -0.030502 -0.0100101 
0.361798 0.266856 0.197037 0.132385 0.0818941 0.0346381 0.00125136 -0.0335772 -0.0650751 -0.0707179 -0.0945367 -0.105938 -0.104077 -0.0976091 -0.090788 -0.0743475 -0.0569679 -0.0404217 -0.0142903 0.0112897 0.0217128 0.0430934 0.0552583 0.0391898 0.0197743 -0.00469287 -0.0281316 -0.0461071 -0.0457839 -0.0304366 -0.0240517 -0.034166 -0.0313275 -0.0284794 -0.0200576 -0.0207707 -0.0175199 -0.0199811 -0.018865 -0.00610129 
0.471405 0.348218 0.252376 0.176537 0.107033 0.0768997 0.0503256 0.0156774 -0.0150985 -0.0250392 -0.0272614 -0.0409407 -0.0421496 -0.050372 -0.0508275 -0.0532605 -0.0406476 -0.0300279 -0.044109 -0.0527182 -0.0545585 -0.0423348 -0.0155158 0.0121506 0.0462336 0.0576053 0.0635034 0.0384081 0.0181338 0.000300379 -0.0170475 -0.0329207 -0.0253415 -0.0413479 -0.0695703 -0.0760187 -0.0865353 -0.0860664 -0.075882 -0.0606117 
0.299084 0.202293 0.135887 0.0904826 0.0698669 0.0664412 0.0519243 0.0536866 0.0295014 0.00761721 -0.0156749 -0.0187666 -0.00858872 0.00586452 0.0216117 0.021055 0.0121223 -0.000371524 -0.00876894 -0.023421 -0.0354657 -0.0331184 -0.0233584 -0.00897201 -0.00399685 -0.00701104 -0.00883457 0.0168129 0.0267855 0.0281512 0.0341551 0.0314154 0.0424617 0.0346275 0.0272243 0.0296917 0.0337137 0.0362439 0.0392405 0.0368197 
0.337276 0.235052 0.174348 0.136233 0.113905 0.0884969 0.0669156 0.0709821 0.0785698 0.0516945 0.0266923 0.026914 0.041003 0.0103305 -0.0184807 -0.0529501 -0.0421111 -0.0184074 -0.032047 -0.0456838 -0.0323496 -0.00881974 0.00105226 0.00967402 0.000560728 0.00511657 0.00335321 0.00674281 -0.00542564 0.00582803 0.0307251 0.00788044 0.00911968 0.0266413 0.043455 0.0529043 0.0492592 0.0166057 0.000231254 -0.00706344 
0.157213 0.0976196 0.0597683 0.0234613 -0.00442146 -0.0143489 -0.0104357 -0.001402 0.00141588 0.0136503 0.0191411 0.0101111 -0.00644574 -0.0107922 -0.00766702 -0.00799422 -0.00607622 -0.00528672 -0.00619327 0.00897501 0.01883 0.023037 0.0120142 0.00107999 0.00708125 -0.00341309 -0.00625836 -0.0256611 -0.0281112 -0.00830855 -0.00399717 0.0172871 0.0291624 0.0164609 0.0167366 0.0122871 0.00815701 0.00676829 0.00683736 -0.00378637 
0.328535 0.253441 0.200562 0.155071 0.127887 0.0898874 0.0465301 0.0138096 -0.0107253 -0.0133929 -0.018941 -0.0104322 0.000132848 0.00873123 0.0186027 0.0467724 0.0937547 0.102526 0.103871 0.118192 0.138856 0.146817 0.141811 0.104387 0.0851771 0.0745459 0.0590793 0.0499453 0.0358862 0.020711 0.00574387 -0.00211476 -0.0176836 -0.0148831 -0.0128788 -0.0188201 -0.0194537 -0.00329785 0.0151585 0.0446072 
0.302184 0.208261 0.133576 0.0766337 0.0332148 0.00943343 0.000684187 -0.0149849 -0.030702 -0.0405381 -0.0477539 -0.0538997 -0.0504585 -0.0554586 -0.0542705 -0.0552192 -0.0542657 -0.070072 -0.086719 -0.0758132 -0.0522662 -0.0320558 -0.0194633 -0.0107763 -0.00472293 -0.00161713 -0.00862484 -0.0246581 -0.017055 -0.00130914 0.0106578 0.0155889 0.0258067 0.0454161 0.0492446 0.0485873 0.0518388 0.0585922 0.0469264 0.0427945 
0.268193 0.172315 0.128461 0.0941221 0.0684374 0.0478294 0.0158082 0.00693803 0.0163062 0.0112775 0.0117775 -0.0147381 -0.00684533 -0.00326296 -0.0163104 -0.0181911 -0.0104835 -0.0233534 -0.0253142 -0.0177169 -0.0134845 -0.00125528 0.00576901 0.00836475 0.0041483 0.00775128 0.0144606 0.00145862 -0.024382 -0.0209014 -0.00178879 0.0194708 0.0314905 0.0154847 0.0253382 0.0298495 0.0386382 0.0530719 0.0265379 -0.00291849 
0.392195 0.277507 0.200992 0.147408 0.101066 0.078922 0.0741125 0.0638381 0.0459017 0.0207867 0.0163896 0.0165939 0.0231297 0.00311483 -0.0126838 -0.0214844 -0.0264107 -0.0557087 -0.0730915 -0.0740589 -0.0727821 -0.0663055 -0.069255 -0.0667785 -0.0508445 -0.0245671 0.00112438 0.0212149 0.0330612 0.038271 0.0281325 0.0261266 0.01998 0.00911054 -0.00389512 -0.0137714 -0.0104256 0.0271466 0.0563741 0.0682797 
0.456247 0.295089 0.176321 0.113022 0.0906901 0.0939402 0.119019 0.120727 0.10189 0.07648 0.0634228 0.0318401 -0.00479743 -0.026226 -0.0162503 -0.0260006 -0.0188648 -0.0354767 -0.0157675 0.0216595 0.00694793 0.00950291 0.00136011 0.00935104 0.0187302 0.0176341 0.0104357 0.0233703 0.0361381 0.0253839 0.0200775 0.00869036 -0.0092677 -0.026677 -0.0307366 -0.0222658 -0.0284124 -0.0443793 -0.0403418 -0.0250739 
0.386422 0.309887 0.249606 0.199819 0.183038 0.121452 0.0912071 0.075895 0.0611182 0.045029 0.0178345 -0.00342254 -0.0276775 -0.0384891 -0.0497529 -0.068561 -0.0627419 -0.0607255 -0.0448895 -0.0269389 -0.0189803 -0.0334058 -0.0483699 -0.0596167 -0.0610273 -0.0705572 -0.0735291 -0.0675813 -0.0669451 -0.0680117 -0.0765089 -0.074799 -0.083549 -0.0827245 -0.0861381 -0.0901185 -0.0912344 -0.0804474 -0.0775634 -0.0605662 
0.273976 0.216761 0.172574 0.134671 0.112287 0.098996 0.0958559 0.0944176 0.094418 0.101679 0.0815703 0.0666825 0.0650122 0.047187 0.047574 0.0385388 0.0304009 0.00440137 -0.0089551 -0.0148486 -0.0335876 -0.0329677 -0.0368553 -0.0429413 -0.0403977 -0.0381419 -0.0429086 -0.0405766 -0.0484132 -0.0445473 -0.0480685 -0.0434561 -0.0426508 -0.0400862 -0.0222589 -0.028457 -0.0314282 -0.0234245 -0.0232511 -0.0243511 
0.350991 0.280325 0.207843 0.148855 0.109104 0.0685705 0.0383518 0.0120372 0.0016232 -0.00825669 -0.0187886 -0.0231935 -0.0147853 -0.0152103 0.000343666 0.0208443 0.0393292 0.0459626 0.0396495 0.0250559 0.00824073 0.00189646 -0.00175919 -0.0208505 -0.0336305 -0.0412096 -0.0542633 -0.0543489 -0.0541847 -0.0375346 -0.0168592 -0.01218 -0.0239596 -0.0416427 -0.0508803 -0.0537089 -0.0649826 -0.0689919 -0.0601888 -0.0558665 
0.0953928 0.0500206 0.00739244 -0.0170641 -0.024139 -0.0193728 -0.0154462 -0.0151083 -0.0127318 -0.00710314 -0.000964428 -0.00142659 0.00337038 -0.000702193 -0.00150746 0.0123187 0.0143127 0.0161334 0.00919385 0.00869103 -0.000296351 -0.0152353 -0.0140363 -0.00583723 -0.00912745 -0.00936357 -0.00846535 -0.00842694 -0.00805388 -0.00574046 -0.00577256 -0.000514289 0.00971728 0.0142939 0.00485806 0.00159337 0.00319952 0.000923801 -0.012512 -0.013129 
0.736028 0.606071 0.467773 0.365266 0.262969 0.215099 0.21312 0.218697 0.224866 0.20567 0.208412 0.212047 0.158858 0.102264 0.0601842 0.0232466 -0.00785566 -0.0458395 -0.080044 -0.117136 -0.112162 -0.12145 -0.118123 -0.104301 -0.0629603 -0.0629581 -0.0376938 -0.0302637 -0.0088243 0.00740992 0.0281487 0.0464316 0.0930666 0.0991579 0.0901698 0.0615035 0.0275871 0.0125998 -0.00358231 -0.00175273 
0.419176 0.306603 0.260047 0.228916 0.209346 0.213348 0.173868 0.146858 0.139412 0.122121 0.105759 0.107272 0.0996919 0.0803551 0.0918033 0.0509158 0.0124693 0.010399 0.00758725 0.00242552 0.00802219 -0.0106805 -0.00764917 0.0123673 0.0293848 0.0212098 0.00492026 -0.0108992 -0.0297452 -0.0304176 -0.0386933 -0.0356805 -0.0562149 -0.0797096 -0.0868172 -0.0610242 -0.035687 -0.0240582 -0.0333613 -0.020862 
0.41541 0.304043 0.231227 0.195026 0.1577 0.0876638 0.0563884 0.0388358 0.0292169 0.00311892 7.56511e-05 -0.003215 0.00588557 0.00157843 -0.0262193 -0.0337355 -0.0117267 0.0131304 0.0251902 0.0198893 0.0131175 0.0305993 0.0533747 0.046911 0.0373332 0.0440169 0.0744437 0.0811128 0.0723128 0.0644326 0.0491935 0.0332843 0.0290233 0.0152249 0.00286097 0.00556003 -0.0111681 -0.0162497 -0.040438 -0.0250329 
0.301648 0.213568 0.121456 0.0524784 0.0160589 0.0145772 0.014762 0.0202175 0.0252777 0.0386017 0.013539 0.00871603 0.00696462 0.022106 0.0222529 0.0178979 0.000442819 0.008209 0.00301311 -0.0103972 -0.00988484 -0.0136686 0.00418193 0.00389802 0.00264408 0.00929496 0.0216343 0.0523875 0.0968979 0.125856 0.108937 0.0751976 0.0488135 0.0262024 0.000430238 -0.00142513 -0.00582648 -0.00563631 -0.0057792 0.00205169 
0.181847 0.0815266 0.018353 -0.00747636 -0.0154478 -0.0296639 -0.0398321 -0.0444781 -0.0237536 -0.0161279 0.00206307 0.0152739 0.0335874 0.0821234 0.0640003 0.0352662 -0.000700281 -0.0340219 -0.0328435 -0.0235573 -0.00643019 0.0066406 0.0350957 0.0533364 0.0737953 0.0689984 0.0484471 0.0392117 0.0251462 0.0168842 -0.0120268 -0.0338748 -0.0340571 -0.0196834 -0.0212775 -0.0236108 -0.00929724 0.0179245 0.045876 0.0560907 
0.163473 0.124933 0.0900418 0.0691425 0.0538562 0.0370281 0.028186 0.0121683 -0.0119365 -0.018952 -0.0176658 -0.0181448 -0.0250962 -0.0323374 -0.0376497 -0.0395447 -0.0299793 -0.0252876 -0.0252715 -0.0268608 -0.0252868 -0.0270212 -0.0204791 -0.0175141 -0.00777243 -0.00726142 -0.00857194 -0.00513604 -0.014447 -0.013265 -0.0191499 -0.0181206 -0.0113612 -0.0106557 -0.0041887 -4.3963e-05 0.00192663 0.0098044 0.0181932 0.0248854 
0.175147 0.091605 0.0393035 0.0285513 0.0183416 0.00684289 0.000593336 0.004945 0.0079686 0.00502545 0.0106551 0.013455 -0.00232404 -0.017399 -0.0232728 -0.0162566 -0.0123572 -0.00763032 0.00226781 0.000754725 -0.00107899 -0.0104923 -0.0213268 -0.0227369 -0.0361942 -0.0375859 -0.0330381 -0.0317311 -0.0329122 -0.0380695 -0.038359 -0.0259575 -0.0215288 -0.0132575 -0.00706362 -0.0122492 -0.0171601 -0.00661475 0.00933694 0.0162253 
0.272387 0.185653 0.137512 0.142287 0.124489 0.106785 0.0960335 0.0802855 0.0672697 0.0606159 0.0531305 0.0458662 0.0442383 0.0251525 0.0170883 0.031515 0.0413167 0.0137647 0.00240806 -0.00747068 -0.0143795 -0.0278759 -0.0246937 -0.0197045 -0.0339508 -0.0380359 -0.0432175 -0.0588422 -0.0574942 -0.0537452 -0.0467802 -0.0422184 -0.0417871 -0.0448623 -0.0432224 -0.0388317 -0.0357904 -0.0461928 -0.0554549 -0.0617543 
0.307817 0.218369 0.159344 0.104874 0.0633703 0.0642395 0.0528815 0.0462542 0.0620317 0.0614023 0.0476778 0.0416851 0.0484929 0.0412138 0.0319587 0.0108362 -0.00520626 -0.00115757 -0.00624984 -0.0112579 -0.00729739 -0.0157972 -0.00515795 -0.00633002 -0.0187175 -0.0302285 -0.0183463 -0.0179803 -0.0208032 -0.0232872 -0.00462728 0.0394933 0.076151 0.0794296 0.0965898 0.0968095 0.0889461 0.0602382 0.0592141 0.03649 
0.431589 0.329307 0.283959 0.257638 0.209677 0.168188 0.119127 0.0949715 0.0861706 0.0700385 0.0433153 0.0195041 -0.00920516 -0.027677 -0.0264329 -0.0312486 -0.0389069 -0.0577039 -0.0719504 -0.0599267 -0.0520281 -0.0340947 -0.0213295 -0.0184181 -0.0298964 -0.0426543 -0.0546863 -0.04534 -0.054501 -0.0595321 -0.0403003 -0.0266575 -0.0153675 0.00161743 0.0100141 0.0014855 0.00531602 0.0174663 0.0135384 0.0350037 
0.516649 0.357086 0.237647 0.145426 0.0750305 0.0450667 0.0370635 0.0465165 0.0413205 0.0229748 0.00450225 -0.0241226 -0.0356885 -0.00910349 -0.00988269 -0.0297455 -0.0564226 -0.0497582 -0.0358881 -0.0273006 -0.0288329 -0.0411028 -0.0402556 -0.0526497 -0.0680706 -0.092483 -0.0873431 -0.0621144 -0.0258285 -0.0180153 -0.0316407 -0.0511517 -0.0769733 -0.0733451 -0.0654749 -0.0673256 -0.0561366 -0.0275446 -0.00503022 0.000509917 
0.638803 0.508782 0.41271 0.299149 0.205108 0.121462 0.0676062 0.00450397 -0.0529456 -0.0771855 -0.0901682 -0.0946579 -0.0545069 -0.0346921 -0.0263078 -0.0288112 -0.0282647 -0.0145239 -0.0143236 -0.00753201 -0.0127159 -0.039894 -0.0665719 -0.0597613 -0.0645979 -0.0675248 -0.0731015 -0.0477722 -0.0521996 -0.0388432 -0.0177611 -0.00550647 0.0211036 0.0327922 0.0620308 0.0538417 0.0602719 0.0587491 0.0616822 0.0461098 
0.756042 0.611338 0.522099 0.412459 0.30967 0.218909 0.165511 0.149104 0.10166 0.0651719 0.050955 0.00883402 -0.0291173 -0.0465261 -0.0615799 -0.0840495 -0.0917833 -0.083059 -0.0737498 -0.0753242 -0.0931552 -0.101491 -0.105283 -0.0972474 -0.0947939 -0.0972706 -0.10133 -0.0864723 -0.0768409 -0.0914081 -0.0768373 -0.0387879 -0.01709 0.00396019 0.00626165 0.0255451 0.0451132 0.0484951 0.0621866 0.0826628 
1.02013 0.882514 0.7647 0.675402 0.616026 0.578136 0.548445 0.47703 0.417798 0.352906 0.298402 0.247263 0.211098 0.191969 0.173977 0.151722 0.144857 0.125405 0.107879 0.109592 0.123545 0.143866 0.130705 0.13715 0.128185 0.10202 0.0698784 0.0283105 -0.0192772 -0.0751391 -0.103168 -0.116029 -0.108327 -0.0970725 -0.0871877 -0.0917543 -0.131546 -0.142866 -0.134141 -0.119841 
0.476567 0.390988 0.293826 0.232364 0.206794 0.155632 0.119087 0.099095 0.0819729 0.0843974 0.0612028 0.0446835 0.0299949 0.0244081 0.0192167 0.0319515 0.0206049 0.0376316 0.0126369 -0.00542844 -0.0259358 -0.0329002 -0.0197346 -0.0311658 -0.0328515 -0.034327 -0.0506229 -0.0723793 -0.0902558 -0.0856097 -0.0598352 -0.0424657 -0.0340161 -0.0334908 -0.0404007 -0.027684 -0.0392812 -0.0319763 -0.0201953 -0.00556654 
0.182744 0.118181 0.0695389 0.0317597 0.00857764 -0.00148895 -0.0177943 -0.00675605 0.0114474 0.00629059 0.015884 -0.000521804 -0.00282942 -0.00854131 -0.00967184 -0.0197765 -0.0238524 -0.0387854 -0.0343199 -0.0340461 -0.0290335 -0.0140377 -0.0115718 -0.00810699 0.00207461 0.00128899 -0.0115307 -0.0212106 -0.0447932 -0.0569682 -0.0664228 -0.0522108 -0.0393869 -0.0276046 -0.0194587 -0.00894993 -0.010428 -0.00065427 0.00292917 0.00177243 
0.202685 0.10977 0.0686266 0.0482115 0.0477104 0.0240045 -0.00115533 -0.0119468 -0.0199576 -0.0132677 -0.0294478 -0.0205584 -0.00677813 0.0111152 0.0315037 0.0215561 0.00184805 0.0108101 0.015436 0.0292651 0.0147763 0.00199561 0.0119167 0.0169927 0.0161886 -0.00328939 -0.0339574 -0.0433711 -0.0465136 -0.0358055 -0.0242044 -0.0166339 -0.00668271 0.00227226 0.00832057 -0.000412147 -0.00332234 0.0187755 0.043421 0.0492813 
0.414997 0.342084 0.256017 0.161526 0.0938298 0.0402478 -0.00476968 -0.0143689 -0.0166686 -0.0242598 -0.0283752 -0.0292878 -0.0371242 -0.0433523 -0.0543347 -0.0536248 -0.0475985 -0.030897 -0.0145433 -0.000499552 0.0302471 0.0371171 0.0168016 0.00659664 -0.0135374 -0.0269038 -0.0362969 -0.0498621 -0.0453114 -0.0330948 -0.0253457 -0.00632424 0.00301444 0.00866532 0.0028433 -0.0161041 -0.030793 -0.0427489 -0.0611454 -0.067469 
0.247047 0.133141 0.0858769 0.0681586 0.0425607 0.0326771 -0.00612412 -0.0215328 -0.0205058 -0.0321589 -0.0570605 -0.0740557 -0.0695739 -0.0546815 -0.0578063 -0.0470981 -0.0174573 -0.0154724 -0.0255359 -0.023361 -0.00438597 0.00746676 0.0420135 0.0621523 0.0628546 0.063745 0.08394 0.0554682 0.0300204 0.00586507 -0.00996999 -0.0167813 0.0179896 0.01912 -0.0196556 -0.0410273 -0.0326639 -0.036847 -0.0439778 -0.0361223 
0.578004 0.448917 0.334557 0.224574 0.132699 0.0655124 0.0305658 -0.0214839 -0.0624043 -0.0867395 -0.0908048 -0.0648533 -0.0294901 0.0244879 0.0645825 0.0990668 0.105518 0.0959487 0.10237 0.115998 0.105444 0.0900369 0.0603746 0.025258 -0.0173668 -0.0499922 -0.0813432 -0.106792 -0.100867 -0.0814027 -0.062463 -0.0162089 0.0203527 0.0593193 0.0854259 0.125345 0.109389 0.111309 0.107084 0.0639521 
0.688446 0.569333 0.472673 0.360739 0.310505 0.220688 0.164557 0.132852 0.077577 0.0579082 0.0286279 -0.00521197 -0.0309438 -0.0397712 -0.0420524 -0.0494964 -0.0529125 -0.0778811 -0.0873114 -0.0983466 -0.1117 -0.127218 -0.159873 -0.173253 -0.176163 -0.173826 -0.168344 -0.170116 -0.193932 -0.215576 -0.222237 -0.218996 -0.219712 -0.223105 -0.224694 -0.203804 -0.167739 -0.138874 -0.106514 -0.0871772 
0.389155 0.240907 0.136726 0.0902496 0.0581362 0.0322656 0.0260284 0.0348704 0.0453731 0.0307798 -0.01416 -0.0797105 -0.109464 -0.0967507 -0.0636454 -0.0284403 -0.00955652 0.00147083 -0.00590394 -0.00137516 0.00227881 0.00750905 0.0281344 0.059193 0.0826202 0.079964 0.0602565 0.0137032 0.00342866 -0.0250245 -0.0323396 -0.0328902 -0.0156684 0.0084176 0.0176862 -0.0175245 -0.0586447 -0.0728494 -0.0754279 -0.0735543 
0.381539 0.276959 0.188478 0.108073 0.0579221 0.0205826 -0.000852682 -0.0117349 -0.0110987 -0.0233214 -0.0218527 -0.02634 -0.0265384 -0.0251699 -0.0393253 -0.029464 -0.0247622 -0.0140866 -0.00515461 -0.00917746 -0.0128207 0.00635311 0.0315536 0.0390394 0.0194354 -0.00596736 -0.0271001 -0.0314703 -0.0315875 -0.0226297 -0.0174468 -0.0130414 -0.0248412 -0.0444369 -0.0568367 -0.0616093 -0.064196 -0.0764672 -0.0838949 -0.0845051 
0.477596 0.296223 0.14733 0.0323527 -0.0327524 -0.0612325 -0.0489601 -0.0247799 0.0232446 0.0391279 0.0527006 0.0386791 0.00629589 -0.0144853 -0.020361 -0.00157657 0.0123586 0.0192521 0.0162536 0.0635565 0.115516 0.0694036 0.0316624 0.0232132 -0.0091619 -0.033802 -0.0479269 -0.0709823 -0.0739106 -0.0747882 -0.0524066 -0.0337286 0.022644 0.0443701 0.0544177 0.0584493 0.0587889 0.0484115 0.0194801 -0.0214098 
0.383819 0.311548 0.236598 0.180939 0.138087 0.100267 0.0641071 0.0160119 -0.00988072 -0.0358054 -0.0491268 -0.0646273 -0.0661195 -0.0590491 -0.0571985 -0.0515463 -0.0442514 -0.0420444 -0.0633214 -0.0731691 -0.0697293 -0.0781361 -0.0760206 -0.077446 -0.0831347 -0.0805458 -0.068946 -0.0369233 -0.0204929 -0.0144845 -0.0189259 -0.0150948 -0.0107298 0.0145134 0.0336335 0.0506371 0.0614692 0.054705 0.0608995 0.0617913 
0.577812 0.458533 0.335889 0.239622 0.141355 0.0713131 0.00251501 -0.044233 -0.0509288 -0.0649455 -0.0538179 -0.0546999 -0.0491758 -0.0440227 -0.0343802 -0.0202216 -0.0244212 -0.0169872 -0.023488 -0.0186357 -0.0241748 0.00238186 0.0218963 0.0411079 0.0668877 0.0874485 0.0688487 0.0433305 0.0340262 0.0277119 0.0139736 -0.0029255 0.00732299 0.0136767 0.0393535 0.0769509 0.0781101 0.0790296 0.0368497 0.00409191 
0.851984 0.717489 0.631375 0.533817 0.419195 0.328934 0.256787 0.176007 0.120442 0.0724334 0.0330904 0.00453956 -0.0093088 -0.0333988 -0.0450336 -0.0447789 -0.0567535 -0.0488449 -0.0494723 -0.0605912 -0.0770583 -0.0678417 -0.0647043 -0.0612736 -0.0464001 -0.053761 -0.0690979 -0.067352 -0.0528049 -0.0359651 0.00221122 0.039638 0.0151043 -0.00581431 0.0187865 0.0346042 0.0483726 0.0843098 0.12108 0.160501 
0.390916 0.286375 0.178193 0.114097 0.0616178 0.0227384 0.0041866 0.00908513 0.0277032 0.0361324 0.037498 0.0659997 0.0702535 0.0706077 0.0432422 0.0153778 -0.0174199 -0.0231739 -0.0353399 -0.0426518 -0.0316338 -0.018057 -0.0234394 -0.0262942 -0.0221635 -0.0234019 -0.0174301 -0.030483 -0.0316163 -0.0225161 -0.00392659 0.016012 0.0410185 0.0695947 0.0900852 0.0844651 0.0566661 0.0536359 0.0371263 0.0366793 
0.487733 0.3473 0.231092 0.1398 0.080618 0.0299962 -0.00198936 -0.00400777 -0.018898 -0.0129225 -0.00203915 0.0125929 0.0610776 0.0929439 0.115354 0.115093 0.0809749 0.0560193 0.0136634 -0.0470419 -0.0549488 -0.040832 -0.0184138 -0.0130759 -0.000862283 0.0435296 0.0756399 0.0767465 0.0725472 0.0637972 0.0640469 0.0732947 0.0787123 0.053224 0.0331356 0.0156883 0.00408041 0.00587954 0.00200966 0.00705638 
0.714507 0.617508 0.573341 0.547528 0.502898 0.451255 0.392597 0.343359 0.285391 0.2441 0.200108 0.157941 0.118793 0.0848784 0.0539762 0.0171149 0.0075123 -0.00594914 -0.0386337 -0.0576159 -0.0512315 -0.0427584 -0.0489998 -0.0643902 -0.0806096 -0.0845342 -0.0884144 -0.0949779 -0.0946036 -0.11376 -0.120046 -0.113213 -0.113454 -0.0994865 -0.0839551 -0.0807843 -0.091613 -0.0947745 -0.0694535 -0.053611 
0.326728 0.254142 0.225062 0.1987 0.150526 0.127058 0.125489 0.0973804 0.0676769 0.058511 0.0552394 0.020921 -0.00520938 -0.00741498 -0.016798 -0.0242202 -0.0251427 -0.017001 -0.0169436 -0.0359055 -0.044783 -0.0467183 -0.0416727 -0.0405993 -0.0447526 -0.0463008 -0.0430412 -0.0372669 -0.0215797 -0.0136429 -0.0197485 -0.0279385 -0.0272545 -0.0225529 -0.0177832 -0.0209726 -0.0355092 -0.0341981 -0.033945 -0.0402108 
0.364431 0.232369 0.146824 0.0773104 0.0307709 0.00244027 -0.0191612 -0.0107139 -0.012395 -0.00836697 0.013042 0.0236047 0.0256466 0.03982 0.0412063 0.0140287 -0.0120694 -0.0355235 -0.0524976 -0.046276 -0.0455157 -0.0450237 -0.040861 -0.0298331 -0.00230639 0.0489476 0.0800574 0.100248 0.0816153 0.0436734 0.000742333 -0.0132588 -0.011263 -0.014364 -0.00960629 -0.0124241 -0.00805439 -0.00176823 -0.00386707 0.00955252 
0.29172 0.221769 0.159528 0.117378 0.0746334 0.055072 0.0301291 0.0111094 0.000370968 0.00744031 0.0180956 0.0277753 0.0393908 0.0560182 0.0627639 0.0783144 0.0896246 0.0725949 0.0515163 0.0368226 0.0199879 0.00643989 0.00550354 0.00515607 -0.0067352 -0.00759218 -0.0188262 -0.0205761 -0.0219174 -0.0196585 -0.0040974 -0.00436459 0.00352764 0.00669484 0.0174995 0.0209215 0.0319496 0.0251721 0.0103693 -0.0130085 
0.200647 0.12391 0.083065 0.0665506 0.0352716 0.0170612 -0.00218333 -0.00169182 -0.00804389 -0.0102754 -0.0141608 -0.0278112 -0.0264093 -0.0338519 -0.0293788 -0.0234182 -0.0100672 -0.00209731 0.021831 0.0531172 0.0741661 0.0612312 0.0594916 0.0434733 0.0250211 0.00466283 0.00164007 -0.00249417 -0.00194895 -0.0179283 -0.02394 -0.010563 -0.00545754 -0.0266425 -0.0282999 -0.0167291 -0.0166726 -0.0211582 -0.028311 -0.0198978 
0.293811 0.199994 0.106074 0.0431797 0.0296262 0.0273756 0.027839 0.0174944 -0.00942652 -0.00188874 0.00641079 0.0326601 0.0582366 0.0695812 0.0660943 0.0526121 0.0143913 -0.000753135 -0.0243616 -0.0284543 0.00978589 0.0301529 0.0479731 0.0436836 0.0340645 0.0254531 0.0319234 0.030291 0.0291873 0.0152527 -0.00369934 -0.0316749 -0.0623553 -0.0491077 -0.0536797 -0.0504813 -0.0387089 -0.0304809 -0.0249823 -0.0148034 
0.498534 0.405224 0.303023 0.218581 0.183624 0.131854 0.0731874 0.0174998 -0.00460737 -0.0224421 -0.00743405 -0.0167461 -0.0299331 -0.0443898 -0.0631461 -0.0625622 -0.0585233 -0.0652879 -0.0761061 -0.0736485 -0.0898695 -0.0982462 -0.109806 -0.10276 -0.094788 -0.0770723 -0.055005 -0.0544148 -0.0580076 -0.0736929 -0.0752225 -0.075681 -0.0424449 -0.0180577 -0.00438056 0.00673055 0.0186267 0.0458352 0.0646678 0.0758802 
0.386235 0.309659 0.215473 0.159152 0.105549 0.086749 0.0717701 0.060606 0.0298034 0.00782156 0.00337975 0.0225667 0.0405121 0.0585966 0.0710765 0.084154 0.105442 0.109486 0.135329 0.15881 0.136996 0.121806 0.0883739 0.06914 0.0246291 -0.00573063 -0.0366353 -0.0474108 -0.0542358 -0.0564391 -0.026461 0.00285576 0.0130957 0.0125087 0.017175 0.0200075 0.0092505 -0.00175609 -0.0119077 -0.0177144 
0.227346 0.160158 0.108621 0.0692798 0.016601 -0.00663253 0.00476928 0.00371686 -0.00386015 0.00411852 0.00915457 0.0164938 0.0132258 0.0256306 0.0328326 0.0103027 -0.00194391 -0.00521123 0.00174326 -0.00471042 0.00612368 0.0139504 0.00716198 0.00306832 -0.00832623 -0.00732742 -0.00348795 0.00650593 0.018088 0.0174487 0.022678 0.0188717 0.0076358 0.00793709 0.00657708 -0.0047512 -0.0233179 -0.0330061 -0.0359375 -0.0280174 
0.399752 0.331868 0.237645 0.177969 0.123921 0.0686172 0.0486324 0.0312415 0.0568711 0.0577142 0.0450489 0.032734 0.0285438 0.0158619 -0.0234026 -0.0425317 -0.0406205 -0.0275204 0.00312538 0.0267198 0.0378507 0.0396651 0.0508248 0.0556487 0.0304512 0.00490976 0.00222577 0.000847231 0.00307709 -0.00312716 0.00332681 0.0253488 0.0586862 0.0648321 0.0355682 0.0212066 0.020886 0.0133874 0.000720909 -0.0181908 
