0.419221
-0.625808
-0.41486
-0.64282
-1.58278
0.369291
0.554827
1.08394
0.413386
0.207411
-0.408381
0.192427
-0.104615
-1.02686
-0.401196
-0.654076
0.220197
0.130358
-0.753419
-0.679279
-0.163162
0.548238
0.1933
-0.590662
0.147932
0.109909
0.217852
-0.205824
0.368413
0.480032
-1.22054
-1.07563
-0.873131
0.596258
0.106229
-0.206007
-0.00368794
-0.476394
-0.237685
-0.488059
-0.00905631
0.0894577
0.612968
0.213175
-0.586405
-0.113674
0.0643621
0.919058
0.400137
1.08177
0.93072
0.626077
-0.609535
0.359938
0.531867
0.190261
0.21898
0.311168
0.893109
0.284974
