0.316907 0.234884 0.163333 0.104249 0.106639 0.0945012 0.0841493 0.0710844 0.0413148 0.00331026 -0.0401383 -0.0707312 -0.0747559 -0.0931451 -0.112288 -0.152156 -0.152685 -0.154636 -0.124293 -0.109911 -0.0842661 -0.0757691 -0.0702431 -0.0810864 -0.0678736 -0.0705187 -0.0469802 0.0119672 0.0408054 0.0769442 0.0752397 0.0710903 0.0775511 0.0616053 0.0635028 0.0710281 0.0679321 0.0641302 0.0657617 0.0542582 
0.350706 0.244937 0.145528 0.0835491 0.0662721 0.0827282 0.059637 0.0657577 0.0360648 -0.0048946 -0.038184 -0.0198108 0.00374635 0.0147402 0.0289918 0.0451826 0.0650221 0.0771215 0.030725 0.0275813 0.0326305 0.0582562 0.0351671 0.054543 0.0363377 0.0472236 0.0384743 0.0268312 0.0281254 0.036094 0.0407 0.0656959 0.0715599 0.0774804 0.0344193 -0.0149591 -0.0376075 -0.040912 0.0330238 0.0701775 
0.358578 0.240647 0.187566 0.127537 0.0672299 0.00443852 -0.0626972 -0.0882164 -0.0603388 -0.0228964 0.00158107 0.0237679 0.0452625 0.0632808 0.0888719 0.0541007 0.028787 0.00641445 -0.0518928 -0.0753844 -0.0856388 -0.0781931 -0.0674789 -0.0487737 -0.0227754 0.000907887 0.0143444 0.0132854 9.09923e-05 -0.0136795 -0.00585749 -0.0139664 -0.0155324 -0.0238386 -0.0312965 -0.0433311 -0.069536 -0.048592 -0.0138022 0.0142755 
0.305447 0.176257 0.0746614 0.0531847 0.0797799 0.112045 0.125251 0.160062 0.156969 0.146349 0.123849 0.102393 0.0587119 0.0379076 0.0142919 0.00714546 0.0291243 0.0746836 0.0748931 0.0700831 0.0543122 0.0597308 0.0280483 0.00625313 -0.0328814 -0.0542101 -0.0414705 -0.0267588 0.0216742 0.0452584 0.0128646 -0.0149517 -0.0403517 -0.0517288 -0.0219201 -0.0129163 -0.0046508 0.00484165 -0.00295461 0.00300987 
0.258781 0.159758 0.0821838 0.013755 -0.0165514 -0.0293119 -0.0167324 -0.0324509 -0.0160527 -0.00300507 -0.00796207 -0.00351058 -0.0177384 -0.0298833 -0.0368855 -0.0246274 -0.0156522 -0.0300306 -0.0393831 -0.0294529 -0.0567508 -0.0547488 -0.0544911 -0.0508825 -0.00882203 0.0189649 0.0508334 0.0686206 0.0651505 0.0443314 0.0133517 0.0236232 -0.00746943 -0.00187837 0.0219019 0.0136049 0.00068449 -0.0289717 -0.0490782 -0.0810359 
0.454226 0.337694 0.266437 0.198942 0.165256 0.132498 0.1179 0.113973 0.0661864 0.0163853 -0.0445145 -0.0786451 -0.112977 -0.111301 -0.0925145 -0.0798581 -0.0626073 -0.0584243 -0.0693111 -0.0747181 -0.0319169 -0.0144614 -0.0138569 -0.0209151 -0.021334 -0.037335 -0.0493782 -0.0515099 -0.0333971 0.00484414 0.0097751 -0.0065961 -0.0230527 -0.0613378 -0.0899241 -0.084705 -0.0321457 0.00957284 0.0515945 0.0713653 
0.487848 0.357456 0.297717 0.253778 0.158541 0.0468834 -0.0195447 -0.056782 -0.106566 -0.161402 -0.194756 -0.205316 -0.211619 -0.193776 -0.163974 -0.14245 -0.112399 -0.070374 -0.0440839 -0.0127745 -0.0128653 0.0193336 0.060416 0.0847451 0.0692206 0.0554168 0.066433 0.0677788 0.0601534 0.0166681 -0.00595635 -0.036075 -0.0248499 -0.0159881 -0.0399587 -0.0917158 -0.0772684 -0.0314582 -0.0162417 -0.00978278 
0.329523 0.22972 0.137565 0.111458 0.0970071 0.108651 0.120731 0.133653 0.130608 0.122242 0.104582 0.0571861 0.0113067 -0.00895567 -0.0140759 -0.00601456 0.0425599 0.0570626 0.0723898 0.0687387 0.0364297 -0.0210344 -0.0606005 -0.0694353 -0.0543081 -0.0171338 -0.0174375 -0.00734833 0.00660362 0.00478048 0.00612759 -0.0176457 -0.0176649 -0.0260922 -0.0261239 -0.0384342 -0.000502821 -0.00717754 0.000780149 -0.0279708 
0.369643 0.243069 0.153388 0.113276 0.127341 0.111878 0.118897 0.0964728 0.0509684 0.00159848 -0.0450669 -0.0416085 -0.0291792 -0.0173461 0.02061 0.0549624 0.0941835 0.102692 0.0750348 0.0723163 0.0840817 0.130568 0.148687 0.138663 0.120814 0.0619707 0.0184776 -0.023033 -0.0486749 -0.0686266 -0.0741675 -0.0375925 -0.0343403 -0.0539528 -0.0715947 -0.116719 -0.0899311 -0.0534669 -0.0057927 0.0540905 
0.442916 0.327682 0.241545 0.203969 0.158933 0.140369 0.111259 0.0628821 0.0147593 0.0120177 0.0431674 0.050765 0.0460689 0.00499643 -0.0227012 -0.0314062 0.0104099 0.053285 0.0683497 0.0884404 0.12659 0.163572 0.205078 0.224296 0.213671 0.212276 0.209661 0.189539 0.160509 0.131869 0.119738 0.0670424 0.0614289 0.0647102 0.064311 0.0594524 0.0657934 0.0791163 0.0862027 0.0999717 
0.36185 0.237301 0.172593 0.102204 0.0841551 0.086982 0.0864765 0.103248 0.133432 0.130367 0.0892232 0.0600993 0.0696869 0.0357478 0.0179052 0.00879619 -0.0208048 0.00737724 0.0599888 0.0922577 0.0892285 0.0858258 0.0843282 0.0671781 0.031695 -0.0252194 -0.049172 -0.00149731 0.024867 -0.0023885 -0.0334437 -0.0297846 -0.0333624 -0.0763115 -0.0855676 -0.0981368 -0.101767 -0.0670747 -0.050647 -0.0363729 
0.241343 0.136365 0.0525439 0.00208264 -0.0100002 0.00160694 -0.00269835 -0.0337047 -0.0541112 -0.0471717 -0.0138001 0.00770751 0.0267932 0.0160947 0.00770858 0.0039212 0.0394566 0.0692155 0.0637063 0.0407345 0.0276872 0.0289469 -0.00375904 -0.008988 -0.0209001 -0.0441519 -0.054127 -0.0274595 -0.00776668 0.00466794 0.0224281 0.00927435 -0.00889711 -0.0172772 0.0455275 0.0738715 0.0760462 0.0613423 0.0415442 0.0133358 
0.336457 0.204856 0.104004 0.0603011 0.0752333 0.102293 0.130887 0.128376 0.0751109 0.0162238 -0.025549 -0.0576149 -0.0537168 -0.00793991 0.0292328 0.0633428 0.0340507 0.00388065 -0.0094428 -0.0394663 -0.0244247 -0.015505 0.0188742 0.0435072 0.00491167 -0.0349564 -0.0356651 -0.0320902 -0.0301108 -0.0470479 -0.0389147 -0.0432974 -0.0546835 -0.0668143 -0.0663179 -0.103194 -0.121742 -0.0931972 -0.0451011 -0.0309419 
0.428317 0.254826 0.129643 0.101269 0.0577907 -0.0389233 -0.129563 -0.173059 -0.118871 -0.0977545 -0.0713107 -0.029098 0.0535534 0.0720136 0.0555771 0.0146012 0.0177109 0.0482966 0.048091 0.00967926 -0.0336575 -0.0111131 0.0451033 0.0644397 0.105079 0.0968488 0.0773406 0.0461002 -0.00156066 -0.0473588 -0.0563926 -0.0628597 -0.0639723 -0.0649193 -0.0620079 -0.0222609 0.00799897 0.0456188 0.0210652 0.0516303 
0.414866 0.288414 0.193819 0.0818712 0.0392864 0.0110743 -0.0346787 -0.0937482 -0.143246 -0.153185 -0.143637 -0.0931394 -0.0526442 -0.0297788 -0.0121557 -0.0076402 -0.0333586 -0.0316478 -0.073423 -0.070109 -0.0228985 0.0497337 0.0867447 0.0884985 0.0898831 0.0877967 0.0874025 0.0848047 0.0918945 0.0947556 0.0277774 -0.0214151 -0.0451457 -0.0473531 -0.0344085 -0.0121285 -0.0139467 -0.0141494 -0.0623231 -0.101365 
0.314778 0.237326 0.186286 0.148045 0.114925 0.0962293 0.0932379 0.0772646 0.0399553 0.00481121 0.00565516 0.00638183 -0.00361533 -0.00647871 0.00929748 -0.000988919 -0.0279642 -0.0391577 -0.0219046 -0.00102089 0.00314129 -0.0180715 0.00271433 0.00499499 -0.0128518 -0.0209175 -0.045224 -0.0213485 -0.0420671 -0.0578986 -0.0629584 -0.0806026 -0.12358 -0.0835996 -0.0539994 -0.00438932 -0.0058117 0.00192064 0.0289549 0.0341566 
0.40121 0.274369 0.174096 0.0886709 0.0220595 -0.000728877 -0.03855 -0.0671898 -0.0739705 -0.0583985 -0.0928917 -0.0871916 -0.0777115 -0.102274 -0.136861 -0.183171 -0.192289 -0.17743 -0.132584 -0.099557 -0.0387284 -0.0288964 0.0195399 0.064326 0.0765592 0.0801761 0.054367 0.00455537 0.0057301 -0.0207812 -0.0235531 -0.0330151 -0.0380607 -0.0126111 0.00109219 0.0649424 0.120024 0.158622 0.194026 0.176149 
0.205384 0.103607 0.0210461 0.0154887 0.0174545 0.0229005 0.0478929 0.047955 0.0331891 0.0129051 -0.0102968 -0.0155139 -0.0246786 -0.0198646 -0.00505758 0.032292 0.0363918 0.01797 -0.0101041 -0.0111599 -0.0188723 0.00857179 -0.0178124 -0.00721001 -0.00388824 0.00540766 0.0401132 0.0393463 0.0436573 0.0356375 0.0278831 0.038945 0.0013951 -0.0150005 -0.0649379 -0.0551343 -0.0692394 -0.0286262 -0.010899 0.000674516 
0.442069 0.231227 0.0460211 -0.0648588 -0.0937817 -0.0877094 -0.0664172 -0.0539297 -0.0413196 -0.00110288 0.0433539 0.0544097 0.0534859 0.0225562 -0.0365435 -0.0717028 -0.0646372 -0.0127843 0.0502388 0.11951 0.176193 0.159234 0.0785937 -0.0270234 -0.0794982 -0.0785506 -0.0426819 0.0128391 0.0279039 0.0137227 -0.0181145 -0.0363585 -0.0237515 0.0091841 0.0504855 0.0648041 0.0532208 0.0270803 0.021206 0.0344878 
0.305179 0.224693 0.125782 0.0727667 0.0480686 0.00236572 -0.00446786 -0.00680814 -0.024505 -0.0420436 -0.0665842 -0.0608239 -0.0503574 -0.0493282 -0.0422778 -0.0447937 -0.0295436 -0.0305556 -0.0299883 -0.0293327 -0.00736027 0.0242476 0.0419223 0.0243804 0.0152735 -0.00514487 -0.00879185 -0.0112785 -0.0217931 -0.00413699 -0.0265319 -0.0390939 -0.0352496 0.000425532 0.0239792 0.00665308 -0.0439501 -0.0824349 -0.111786 -0.111423 
0.364316 0.244119 0.180511 0.073047 -0.00686981 -0.054529 -0.0822551 -0.0549211 -0.0397907 -0.030205 -0.0125281 -0.0536351 -0.0755456 -0.0744143 -0.0798371 -0.0747382 -0.043609 0.0121063 0.071699 0.0989482 0.103146 0.104357 0.0769538 0.0565996 0.0303566 -0.0068485 0.0203622 0.0306287 0.0485522 0.0543332 0.0504509 0.0506523 0.0199123 -0.0174234 -0.0218929 -0.0387778 -0.0507566 -0.0226446 -0.040681 -0.0618258 
0.356099 0.271341 0.220888 0.18812 0.14832 0.106777 0.0766088 0.0801965 0.0506532 0.0250137 0.0198502 0.0388372 0.0695055 0.0636914 0.0614322 0.0485883 0.0479205 0.0617509 0.0798722 0.0847319 0.0682309 0.0527915 0.0519824 0.0249029 0.0228939 -0.0010392 0.0143328 -0.00796049 -0.0288027 -0.0308978 -0.029605 -0.013902 0.0108413 0.011342 0.0571722 0.0833323 0.0960741 0.127245 0.120032 0.124864 
0.504119 0.366798 0.252841 0.176809 0.12226 0.0793401 0.0191206 -0.00334811 -0.0514151 -0.0871809 -0.101605 -0.0883787 -0.0679129 -0.0413842 -0.0624518 -0.094934 -0.12247 -0.138012 -0.154935 -0.14983 -0.121443 -0.0770582 -0.0775568 -0.0922386 -0.128049 -0.120814 -0.0866645 -0.0639361 -0.0242928 0.0148787 0.0244991 0.0518201 0.077234 0.0814275 0.130964 0.149405 0.137359 0.135058 0.112094 0.0972511 
0.316545 0.261858 0.19549 0.105841 0.0592494 0.0617921 0.0624529 0.0677501 0.0830007 0.0819049 0.0715561 0.0885514 0.0765568 0.0626311 0.0639411 0.0383372 0.00840459 -0.00856298 0.0110252 0.0118211 0.0317837 0.0652358 0.0573486 0.053135 0.0547692 0.0262644 0.0180939 0.0066728 -0.0244096 -0.0702622 -0.0822701 -0.117917 -0.139279 -0.110649 -0.0958285 -0.0835282 -0.060185 -0.0709342 -0.0569959 -0.0643293 
0.478746 0.33977 0.238443 0.216896 0.202395 0.187252 0.132592 0.0854004 0.0615485 0.0382982 -0.00906142 -0.0470424 -0.0617385 -0.0448841 -0.0428582 0.00492197 0.0518257 0.0995007 0.110555 0.0889137 0.0473874 0.0891998 0.16052 0.18143 0.165366 0.144116 0.112579 0.120789 0.0807469 0.0666441 0.0471857 0.0137402 -0.00978474 -0.0348545 -0.0638476 -0.0928272 -0.108953 -0.0829614 -0.0670077 -0.0598421 
0.264746 0.170359 0.121502 0.0836406 0.0449648 0.0259364 0.0535181 0.0937777 0.0834431 0.0939807 0.0949291 0.0769973 0.0674697 0.048726 0.0388928 -0.00371719 -0.0399052 -0.0354092 -0.0357816 -0.039091 -0.0184139 0.014817 0.0617114 0.0561626 0.0590895 0.03582 0.0213736 0.0144062 0.0127124 0.00830797 0.0194135 0.0185935 0.02725 0.0339792 0.0525115 0.0749306 0.068194 0.044824 -0.00549226 -0.0127746 
0.146476 0.0680737 0.0247961 -0.0228542 -0.0405183 -0.0310956 -0.0127679 -0.00195164 0.0215037 0.0191784 0.00452048 0.0101787 0.0131222 0.0235261 0.0387446 0.0519704 0.0541082 0.0218103 -0.00330857 -0.0224683 -0.0388427 -0.0376604 -0.0134285 -0.0106408 -0.011721 0.00413163 0.0174867 0.015389 0.013206 0.0210794 0.0170236 0.0215564 0.0185702 0.0274688 0.00127634 -0.0173667 -0.0084605 -0.0152003 -0.0270575 -0.0098667 
0.284154 0.162789 0.103011 0.063657 0.0167605 0.00131033 0.0214632 0.0293603 0.0388308 0.0371556 0.0522229 0.0440966 0.0546862 0.0518077 0.0356328 0.0241337 0.0067454 0.0147014 0.031562 0.0374174 0.0163039 -0.00275811 -0.00578565 -0.00383338 -0.010106 -0.0233105 -0.0373498 -0.0512288 -0.0482863 -0.0678852 -0.0845912 -0.0632992 -0.0367567 -0.0201633 0.00305343 -0.0147453 -0.0361786 -0.058053 -0.0531965 -0.0713662 
0.264969 0.167551 0.128944 0.113284 0.0944525 0.096952 0.0631451 0.07778 0.10872 0.113254 0.0767794 0.056345 0.0903855 0.0675101 0.0721293 0.0939324 0.0662707 0.058229 0.117846 0.104687 0.11415 0.121615 0.0800563 0.077631 0.086447 0.0674505 0.0270542 -0.0067759 0.012857 0.0512813 0.0683607 0.0737735 0.0553978 0.0326792 0.0529005 0.0142866 0.00897641 0.0290282 0.0419648 0.0421335 
0.311254 0.235085 0.159766 0.0890756 0.0368178 0.0281377 0.0113757 -0.0308529 -0.0557207 -0.0827851 -0.0929051 -0.107722 -0.0718324 -0.049715 0.0232239 0.0579812 0.113458 0.137725 0.137536 0.121354 0.128002 0.105231 0.081645 0.0578306 -0.0181004 -0.0620615 -0.0997411 -0.0844784 -0.0968618 -0.0956113 -0.124833 -0.122948 -0.13091 -0.101102 -0.0711827 -0.0364381 -0.0154555 0.00392913 0.0309467 0.0351983 
0.32799 0.243499 0.15814 0.0894744 0.097741 0.0670916 0.080646 0.0500488 0.0185939 0.000157883 -0.0401168 -0.0644315 -0.0855087 -0.0974587 -0.0731735 -0.0652457 -0.0483824 -0.00777702 0.0278378 0.0634071 0.060033 0.0690961 0.0742244 0.0587925 0.0616113 0.0312243 0.0165792 0.0619446 0.0658429 0.0879634 0.0778024 0.0353785 0.0103961 -0.0259512 -0.00226655 0.00463367 0.00624537 0.0168192 0.015497 0.00487487 
0.170949 0.0873609 0.0563765 0.0154128 -0.0111369 -0.0161981 -0.0212439 -0.00587078 -0.0397088 -0.0801311 -0.0654096 -0.0698681 -0.0789349 -0.0515651 -0.0170511 -0.00529031 0.00636618 0.0029119 0.0163883 0.0161146 0.00106943 0.00260758 0.0261388 0.014494 -0.0322564 -0.0389385 -0.0607167 -0.0579542 -0.0267281 -0.0027834 0.0203994 0.0433186 0.0215304 0.0308102 0.046041 0.0247009 0.0367068 0.0582814 0.0439964 0.0324285 
0.326577 0.20457 0.11823 0.0438959 0.0381024 0.0191223 0.0449212 0.0397349 0.0694891 0.0458978 0.02438 0.0339639 0.0552712 0.0770228 0.0368209 0.0431002 0.0118473 0.0462178 0.0494606 0.024874 0.0509935 -0.00577178 -0.0421436 -0.0805038 -0.076997 -0.0478615 -0.0065151 0.0521604 0.0537107 0.0567301 0.0384857 0.0449318 0.0235997 -0.000794457 0.0115438 -0.00595698 -0.0130276 -0.0510374 -0.0311964 -0.0228093 
0.56339 0.415852 0.292855 0.231723 0.200944 0.195094 0.163449 0.155558 0.151896 0.12823 0.103442 0.0830294 0.0434421 0.0331231 0.0225669 0.00322553 -0.0287222 -0.0648009 -0.0930497 -0.0673873 -0.0431431 -0.0388184 -0.0171454 0.00585886 0.0208882 0.0477264 0.060539 0.0724436 0.0417341 -0.0194755 -0.0688705 -0.0833993 -0.0713774 -0.0307983 -0.00902668 -0.0239936 -0.0394952 -0.0621115 -0.0763207 -0.0908349 
0.349958 0.211645 0.111863 0.0849019 0.0886841 0.0624634 0.0419519 0.0138999 0.0354674 0.0359748 0.0171767 -0.0101841 0.00428693 0.0532922 0.0241751 -0.0152258 -0.0672055 -0.0571363 -0.0324455 0.0251171 0.0296828 0.0010689 -0.0117432 -0.0125567 0.00735889 -0.0412522 -0.0724179 -0.0634812 -0.0494273 -0.0289141 -0.0421891 -0.0475396 -0.0611623 -0.020164 -0.00533215 -0.0198584 -0.0507072 -0.0777996 -0.0423212 -0.048455 
0.350665 0.213901 0.101233 0.0210697 0.00199555 0.0379184 0.0417539 0.104687 0.150551 0.126853 0.085329 0.0355824 -0.0192344 -0.0483477 -0.074214 -0.0844201 -0.0164879 0.022282 0.0304481 -0.0228031 -0.0998626 -0.16367 -0.151953 -0.132918 -0.10623 -0.0544531 -0.0176708 0.00421133 -0.0128083 -0.0750812 -0.0985413 -0.1085 -0.112772 -0.0907007 -0.050425 0.00259745 0.0482438 0.0540841 -0.0290451 -0.0645225 
0.371477 0.262687 0.19414 0.168722 0.0949097 0.0348202 0.00625762 -0.0235656 -0.00556479 -0.033454 -0.0199773 -0.0210162 0.00626087 0.00827437 -0.0176467 -0.0580022 -0.089169 -0.0689483 -0.0517335 -0.0211457 -0.0475091 -0.0601881 -0.064128 -0.0735596 -0.100637 -0.134022 -0.150155 -0.172369 -0.161278 -0.187101 -0.175736 -0.135297 -0.10876 -0.0827718 -0.0469869 -0.00628514 -0.00492855 0.0105086 0.0410502 0.054212 
0.153055 0.0342629 -0.0291176 -0.0555746 -0.0422935 -0.00702837 0.00831977 0.0423126 0.0380236 0.0196294 -0.0201216 -0.0240802 -0.0210344 -0.00374488 0.00494537 0.0403691 0.0362569 0.0316136 0.0235101 -0.019059 -0.0429075 -0.0316229 -0.0153271 -0.0103604 -0.0379895 -0.0179716 -0.0112856 -0.0281482 -0.036611 -0.0482579 -0.0285282 0.0531983 0.0754095 0.0590179 0.0533258 0.0278139 -0.00220874 -0.00960688 -0.00561843 0.00639302 
0.354189 0.260003 0.159456 0.0767516 0.0778221 0.0434542 0.0432313 0.00458817 -0.0535435 -0.100931 -0.132009 -0.134976 -0.10715 -0.109627 -0.119099 -0.115041 -0.130065 -0.146086 -0.151399 -0.141525 -0.100978 -0.0563733 -0.0421121 -0.0392428 -0.0461892 -0.0496092 -0.0238943 0.0183606 0.0751198 0.124013 0.150915 0.128295 0.126593 0.0994326 0.0874342 0.105788 0.0954831 0.086833 0.0690554 0.0513419 
0.389324 0.315454 0.216728 0.17666 0.111361 0.0895497 0.0490219 0.0511184 0.063152 0.0650829 0.0697278 0.037137 0.0132004 0.00620437 -0.0104816 -0.0435282 -0.102656 -0.13658 -0.138769 -0.117363 -0.0967298 -0.123471 -0.132995 -0.119793 -0.101559 -0.0950443 -0.0652622 -0.0634276 -0.0607531 -0.0716364 -0.0697647 -0.0657979 -0.0567969 -0.060094 -0.0182446 -0.00629215 -0.00705862 -0.0140201 0.000201388 -0.0255571 
0.2807 0.180873 0.11845 0.0633311 0.0336239 0.0314288 0.0234319 0.0391326 0.0436402 0.0397982 0.0520626 0.0580244 0.0515257 0.044636 -0.00469424 -0.033042 -0.0246249 -0.0118368 0.00117886 -0.0148349 -0.0367017 -0.0388349 -0.0270214 -0.0271757 0.00253249 0.0452791 0.064972 0.0697342 0.0356972 0.0252215 0.0251964 0.0265319 0.00704806 -0.0174366 -0.022066 -0.0135285 -0.0128437 0.0221844 0.0304631 0.00668776 
0.427057 0.335824 0.271777 0.251423 0.182743 0.1358 0.0982376 0.0944172 0.0656845 0.0525462 0.0276498 0.00238052 -0.0265433 -0.0416296 -0.0615196 -0.0778358 -0.10464 -0.118518 -0.13535 -0.119081 -0.0889711 -0.0773669 -0.0794486 -0.0722328 -0.0787834 -0.072649 -0.0803641 -0.0862765 -0.0517647 -0.0331334 0.0218604 0.0268576 0.0513254 0.0698601 0.100253 0.0966669 0.104266 0.10619 0.10562 0.064222 
0.250819 0.158322 0.0718953 0.0350701 -0.0281192 -0.0480314 -0.0870828 -0.0995179 -0.120148 -0.0861227 -0.0361085 0.013745 0.0270738 0.0445483 0.0243864 0.0146893 0.0142469 0.0179687 0.00231492 -0.0110195 -0.0659481 -0.081144 -0.0848922 -0.0527848 -0.0464329 0.000540448 0.0337224 0.0470324 0.0474388 0.080928 0.115543 0.0963322 0.0277254 -0.0349523 -0.0823597 -0.0992395 -0.0996941 -0.0818447 -0.0635494 -0.0651877 
0.253461 0.139585 0.0727023 0.0851646 0.0784894 0.0674666 0.00815041 0.00133172 -0.0110794 0.0164026 -0.0161578 -0.0215003 -0.0397643 -0.0100929 -0.0157173 -0.0445067 -0.0925975 -0.0897649 -0.0664039 -0.0454657 -0.0305438 -0.0429464 -0.125081 -0.135534 -0.128288 -0.0849868 -0.0731446 -0.0997792 -0.0957334 -0.0549038 -0.0367166 0.00497161 -0.0107039 0.0204923 0.0477712 0.0800861 0.0428627 0.0133618 0.00122418 0.0563788 
0.228813 0.152795 0.103402 0.101003 0.0668932 0.0347315 0.00954165 0.0229264 0.0128736 0.00814782 0.01068 0.0111053 0.0184403 -0.0180256 -0.0341198 -0.051582 -0.0447217 -0.0656682 -0.0594661 -0.069508 -0.0743082 -0.0755504 -0.0420137 -0.0407972 -0.0415087 -0.0123138 0.01158 -0.01865 -0.0415622 -0.045989 -0.0263815 -0.0243045 -0.0517871 -0.0317111 -0.0286521 -0.0401402 -0.0354063 -0.0170268 0.00223704 -0.0293859 
0.312376 0.237083 0.173937 0.129259 0.0793728 0.032468 0.0217322 0.0545348 0.0375366 0.0455777 0.0364849 0.0780251 0.0798626 0.0278309 0.00960272 0.0308261 0.0189994 0.0238497 0.0141643 0.0254147 0.0329471 0.0214089 0.00555138 0.0172941 0.0395352 0.0724772 0.0618542 0.101642 0.121683 0.120888 0.149949 0.173654 0.174416 0.179711 0.118767 0.0820516 0.0581819 0.0606311 0.0444161 0.0488832 
0.307103 0.210779 0.107416 0.0531188 0.0123566 -0.00395797 -0.0178532 -0.0365872 -0.0531522 -0.0439638 -0.043757 -0.0192473 -0.00818652 0.0117882 -0.0173357 -0.0271294 -0.0275069 -0.0347337 0.000399605 0.0162637 0.00635413 0.0196273 0.0282319 0.000203782 -0.0101539 -0.0163907 0.00116713 -0.00800111 -0.0168205 0.00266529 0.018176 0.0115307 0.00171606 -0.00747475 -0.039642 -0.0577599 -0.0904271 -0.127835 -0.163339 -0.196955 
0.529886 0.401906 0.354222 0.315872 0.259096 0.202045 0.131999 0.0693492 0.0228398 -0.0017775 -0.017393 -0.0317687 -0.0625405 -0.0762398 -0.0771017 -0.104161 -0.124944 -0.0970725 -0.0975931 -0.0966699 -0.0982261 -0.125981 -0.150367 -0.0959934 -0.0420231 -0.00970285 -0.0643376 -0.0616804 0.00736654 0.0406344 0.0438865 0.0675534 0.108241 0.109393 0.0565335 0.0534451 0.07612 0.0892983 0.0805682 0.0835028 
0.342081 0.229385 0.148465 0.0576953 0.000832651 -0.067086 -0.132577 -0.139173 -0.0982895 -0.069259 -0.0509184 -0.0193965 -0.00109731 0.00607027 -0.0135536 -0.0173718 -0.0192253 -0.0166426 -0.0416043 -0.0528045 -0.0691178 -0.0373139 -0.022772 -0.0370042 -0.00149731 0.0186307 0.0403455 0.0329732 0.00422801 0.0236375 0.028347 0.0452261 0.0587636 0.0512592 0.0606777 0.0628172 0.0673301 0.0501583 0.0348136 0.021826 
0.334007 0.264985 0.206863 0.144092 0.112442 0.0884749 0.0582867 0.0442506 0.0611156 0.0531145 0.0389961 0.0473982 0.0552873 0.0461843 0.0367638 0.0220106 0.0209103 0.00740519 0.00486419 -0.0170302 -0.0265753 0.00748673 -0.00369406 0.00525506 0.0298009 0.00748991 0.0302872 0.0371589 0.0352363 0.0226435 0.068938 0.08512 0.0918072 0.101628 0.0919456 0.0901395 0.098724 0.0957606 0.0992241 0.0873611 
0.406581 0.311511 0.25065 0.179404 0.115263 0.0420741 -0.0394165 -0.0786753 -0.0727552 -0.0842613 -0.0860662 -0.0741299 -0.0671626 -0.0411473 0.00569628 0.0491037 0.0594673 0.0765757 0.0656983 0.0743928 0.0810782 0.0727498 0.044985 0.0104931 0.0125302 -0.0219857 -0.0361594 -0.0388836 -0.0831337 -0.0484262 -0.0393039 -0.0232571 -0.00716626 -0.0147888 -0.0187726 0.0118157 0.00940138 -0.0176616 -0.0203141 -0.01245 
0.414147 0.371751 0.300196 0.243002 0.169678 0.130974 0.0861249 0.0582041 0.0425338 0.0289463 0.0287852 0.0197764 0.0391157 0.052993 0.0540738 0.0606419 0.0385206 0.00565864 -0.0194078 0.00375031 0.00798134 -0.00610931 0.0110885 0.043113 0.0588801 0.060675 0.0719018 0.0305786 0.0149311 -0.0366512 -0.0384852 -0.0600935 -0.0696914 -0.0651561 -0.0223525 -0.0399413 -0.00488092 -0.00973558 0.00456586 0.046645 
0.37606 0.261772 0.17608 0.0727268 0.00679006 -0.0318023 -0.0208255 -0.00927811 0.00271592 0.0273877 0.0167902 0.00622241 -0.00517524 -0.042342 -0.0747245 -0.117657 -0.141658 -0.137737 -0.143255 -0.103896 -0.0470833 0.00195879 0.061426 0.0812116 0.0645271 0.0533212 0.0170767 -0.0191502 -0.0200748 0.000113572 0.0430659 0.0884762 0.150329 0.208203 0.188004 0.138511 0.095602 0.0625684 0.0255091 -0.00709966 
0.33635 0.264366 0.220555 0.218648 0.17908 0.139613 0.134331 0.102589 0.0801651 0.0250348 0.0174933 0.0073227 -0.0133529 -0.0233332 -0.0249562 -0.016264 0.0352087 0.0262957 0.033054 0.0340084 0.029396 0.0244351 -0.00417403 0.0217988 0.0163449 0.0278393 -0.0178302 0.0083489 0.011567 0.0136101 0.0220015 -0.0059909 -0.0171725 -0.0470556 -0.0705055 -0.111238 -0.079622 -0.0663317 -0.0862795 -0.0909577 
0.363079 0.271644 0.24559 0.17772 0.111626 0.0438653 -0.00281477 0.0207873 0.0144634 -0.00598116 0.021336 0.0599178 0.0655467 0.0687063 0.0596027 0.0502931 0.0588213 0.0274695 0.00760309 -0.0173452 -0.0252082 -0.0478532 -0.109535 -0.124231 -0.138411 -0.151818 -0.11801 -0.123607 -0.12075 -0.0976148 -0.0683296 -0.0220863 -0.00975811 -0.0109541 0.039957 0.0611669 0.049661 -0.00821474 0.00776432 -0.00620737 
0.302314 0.241306 0.180948 0.173106 0.155014 0.137182 0.114756 0.131567 0.13101 0.122375 0.097308 0.104807 0.117292 0.11955 0.119141 0.11385 0.121406 0.139743 0.107127 0.086301 0.0481031 0.0557659 0.0366354 0.040156 0.0277552 0.0219118 0.031205 0.0338683 0.0195062 -0.00210235 -0.00441719 -0.00192744 0.00651444 -0.00493218 0.00178773 -0.00623206 0.00605958 -0.0122349 -0.00721383 0.0176916 
0.221587 0.139654 0.115418 0.114151 0.0621539 0.0259434 -0.00513774 -0.0111778 -0.0116946 -0.0188322 -0.0285812 -0.0219115 -0.0126477 -0.0180887 -0.0087418 0.0248979 0.0223474 0.0405537 0.04719 0.0733515 0.0524275 0.0337367 0.00950816 0.00284319 0.0281852 -0.00225974 -0.0274778 -0.0244306 -0.0246647 -0.0259047 -0.0106071 0.0117973 0.0297342 0.0691473 0.0658146 0.0496593 0.0871283 0.121719 0.086619 0.0496571 
0.312713 0.230024 0.172508 0.100648 0.048195 0.0145033 0.00382547 -0.00627784 -0.0152396 0.0219721 0.0448489 0.0278204 0.0433514 0.0411774 0.0408505 0.0155203 -0.00520571 -0.024642 -0.0623121 -0.060795 -0.0456582 -0.0447351 -0.0486413 -0.0269338 -0.0112147 -0.0113156 -0.00288673 0.0175438 0.00517009 -0.00131792 0.0202441 0.0321341 0.00691145 -0.0365537 -0.0593858 -0.0741449 -0.0691455 -0.0250538 0.0324287 0.0724833 
0.350345 0.27047 0.213869 0.183087 0.162171 0.137145 0.103026 0.0750195 0.0460045 0.0213603 0.02837 0.0164029 -0.00726059 -0.0191183 -0.00209825 -0.000629137 -0.0113393 -0.0417577 -0.0565191 -0.0639984 -0.0434051 -0.0310623 -0.0185295 0.00590654 -0.0209061 -0.0362309 -0.0366107 -0.0291749 -0.0407094 -0.000150857 0.01208 0.0353481 0.0378197 0.0362617 0.0199781 0.0033815 -0.0177485 -0.0308377 -0.0246454 -0.0350392 
0.173435 0.105919 0.0582052 0.0480385 0.0342841 0.0155443 0.0107327 -0.00415451 -0.0199569 -0.0066795 -0.00175875 -0.00478211 0.0028004 0.00431406 0.0354475 0.00479127 -0.0165685 -0.041455 -0.028263 -0.0136514 -0.017834 -0.028954 -0.0167807 -0.0100076 0.00128817 0.00428287 -0.0391919 -0.0618486 -0.0803524 -0.0483129 -0.0256012 -0.0357475 -0.0405615 -0.0610374 -0.0439935 -0.0301336 -0.0117322 -0.000174763 -0.00946662 0.00873222 
0.26087 0.185568 0.150675 0.123288 0.111893 0.0548899 0.0240615 0.0170174 0.0471479 0.0672475 0.0520635 0.0236359 0.012114 0.032564 0.0496511 0.0442435 0.000111874 -0.0208148 -0.0156215 -0.000274963 -0.0207646 -0.0297593 -0.0349095 -0.0421463 -0.0109401 0.00569073 0.00297602 -0.00821146 -0.0028031 0.0151311 0.012176 0.00487592 -0.0232095 -0.0115086 0.0196873 0.0309636 0.0315718 0.00561484 0.0279391 0.000252597 
0.500418 0.355797 0.233475 0.142559 0.111722 0.0944678 0.0484345 0.0264885 0.00789195 -0.00647943 0.0275122 0.0313509 0.017823 -0.0305822 -0.114551 -0.154174 -0.166776 -0.170771 -0.146885 -0.123004 -0.129948 -0.124814 -0.132 -0.106528 -0.0567648 -0.0577977 -0.0799745 -0.0875412 -0.114861 -0.128516 -0.0924444 -0.0880658 -0.0817629 -0.0891013 -0.122306 -0.0973151 -0.0431869 0.00325419 0.0590228 0.0701601 
0.36722 0.246853 0.162746 0.109763 0.0549681 0.00214077 -0.0197845 -0.0270715 0.0387126 0.0225665 0.0328747 0.0522265 0.0540662 0.0659613 0.0351012 -0.00352742 -0.0760874 -0.065964 -0.0759449 -0.0976945 -0.0823939 -0.0550522 -0.0185222 -0.0342291 -0.0472426 -0.074328 -0.0483201 -0.0439023 -0.0711282 -0.0943414 -0.0873798 -0.0868893 -0.0770477 -0.0462228 -0.0144454 0.0451817 0.081816 0.0754506 0.124777 0.148653 
0.325128 0.238329 0.169025 0.158895 0.15467 0.167098 0.16923 0.147914 0.155134 0.100519 0.09671 0.0245718 -0.0146285 -0.0329575 0.014201 -0.00844413 -0.0174375 -0.0479035 -0.10145 -0.0923978 -0.0937439 -0.0892505 -0.120959 -0.10526 -0.10762 -0.0785472 -0.0910061 -0.126953 -0.123476 -0.146539 -0.106373 -0.0780371 -0.0540084 -0.0578186 -0.0518552 -0.0776703 -0.0785605 -0.0457032 -0.0175121 0.00172417 
0.390072 0.270086 0.227157 0.156532 0.110515 0.0468606 0.0414238 0.0459771 0.0306974 0.0148636 -0.0259031 -0.0360962 -0.0426101 -0.0563499 -0.0424495 -0.063941 -0.0669313 -0.073805 -0.0754702 -0.0510221 -0.060908 -0.0591491 -0.038632 -0.0254803 -0.0537641 -0.0870243 -0.0631961 -0.059431 -0.0556246 -0.0193932 -0.0122061 0.00176567 -0.0048737 -0.034215 -0.0684487 -0.091165 -0.0999116 -0.123644 -0.15061 -0.159013 
0.303971 0.213195 0.187833 0.155469 0.132223 0.0882393 0.111733 0.088898 0.0755423 0.075959 0.06295 0.0539625 0.0232385 0.0203895 -0.0216544 -0.0296079 -0.0210613 -0.0609948 -0.0805398 -0.0643472 -0.0661198 -0.0922657 -0.0782043 -0.0570569 -0.0700764 -0.0789602 -0.104066 -0.111004 -0.0947551 -0.0648314 -0.0492196 -0.0683502 -0.0649193 -0.0331562 -0.0132537 -0.0315509 -0.0287301 -0.00520785 -0.0257464 -0.0262536 
0.289743 0.205371 0.117972 0.0673789 0.0216 -0.00416303 -0.0236006 -0.0342998 -0.0404483 -0.0295381 -0.000834716 0.0319459 0.0504357 0.0604134 0.062156 0.0610975 0.0326346 0.0168125 -0.00859559 -0.00387983 0.0157145 0.0322345 0.0399506 0.0174947 -0.0117879 -0.0480263 -0.0582681 -0.037546 0.00890842 0.0248017 0.0330008 0.0627744 0.0742834 0.111798 0.130124 0.14005 0.107115 0.060154 -0.00989459 -0.0182987 
0.373253 0.285792 0.257136 0.189814 0.118892 0.0773914 0.0330031 -0.00635357 -0.000696615 -0.00489924 -0.0208122 -0.0423322 -0.0522376 -0.0938262 -0.129632 -0.149731 -0.169939 -0.146567 -0.1161 -0.115768 -0.0911834 -0.0686894 -0.0546672 -0.0448341 -0.0218103 -0.00832361 0.0165853 -0.00447463 0.0234954 0.051027 0.0898758 0.113963 0.110508 0.103811 0.0690979 0.0924978 0.0785986 0.0678049 0.0706778 0.0963678 
0.289981 0.21963 0.180585 0.148007 0.093792 0.0509385 0.00517211 -0.0120706 -0.0451775 -0.075623 -0.0844641 -0.112306 -0.122299 -0.133794 -0.143893 -0.125783 -0.102717 -0.132125 -0.116755 -0.137081 -0.135563 -0.134791 -0.116149 -0.0810567 -0.0544983 -0.0305562 0.0163221 0.0462482 0.0632046 0.0895904 0.100488 0.133916 0.166337 0.180908 0.181651 0.176946 0.156029 0.142037 0.0838682 0.0582967 
0.346422 0.234476 0.12478 0.0765989 0.0975931 0.0668004 0.0558034 0.0261387 0.00382037 0.00253315 -0.0295711 -0.0540787 -0.103636 -0.0731076 -0.115307 -0.108658 -0.0856184 -0.0758173 -0.0378229 -0.0316483 0.00119337 0.0252288 0.0188053 0.0637157 0.0844706 0.0855799 0.0617984 0.0543697 0.0355791 0.0601773 0.0915605 0.11367 0.0985451 0.0496898 0.0295468 0.0113919 -0.00741954 -0.0167589 -0.0485599 -0.0724663 
0.485207 0.336001 0.292863 0.236843 0.190757 0.166883 0.111154 0.0461976 -0.0124545 -0.043044 -0.0425262 -0.0225867 0.000170062 0.00116532 -0.00734238 0.00129059 0.0134833 0.0218809 0.0240922 0.0261082 0.0231974 0.000693174 0.0143876 0.0423898 0.0657456 0.0389377 0.0163339 0.014339 0.00656805 0.0283545 0.0902825 0.0884731 0.0764383 0.0678623 0.0542815 0.0468537 0.0315035 0.0465781 0.0471344 0.0339798 
0.195619 0.0922545 0.00900258 -0.0188558 -0.00100762 0.0294368 0.0384028 0.0202505 -0.00209018 -0.0150167 -0.0278817 -0.0277188 -0.0286032 -0.0163652 0.0098489 0.00994081 0.0143928 0.0359577 0.0323111 0.0539849 0.024276 0.0160026 0.00680783 0.0175106 0.0333206 0.0433849 0.0346188 -0.000296068 -0.0530043 -0.0745694 -0.0902794 -0.0438899 -0.0218729 -0.0138229 0.00296457 -0.0243881 -0.056516 -0.0444616 -0.0455892 -0.0431077 
0.370319 0.277887 0.207854 0.182916 0.14079 0.087326 0.0441545 0.0519084 0.0512141 0.0467797 0.0211961 0.0337154 0.0282217 0.0426096 0.0442648 0.0601432 0.0782973 0.09824 0.0871324 0.0892158 0.081163 0.0999077 0.111614 0.127119 0.122072 0.113273 0.127934 0.114553 0.0884767 0.0722248 0.0333397 0.0328967 0.0206325 0.0192391 -0.00798216 -0.0136203 -0.0566214 -0.0708075 -0.0689788 -0.0457274 
0.222757 0.0970552 0.00813765 -0.0480639 -0.0391786 -0.00968669 0.03313 0.0345267 0.0261811 -0.00150968 0.00305193 0.00158067 0.00466217 0.0414485 0.0571201 0.05748 0.0410869 0.00420202 -0.00467686 -0.0148345 -0.0310949 -0.0380432 -0.0405386 -0.018677 0.0108756 0.0519781 0.0776629 0.045385 0.00724002 -0.0201162 -0.00753235 -0.0190763 -0.0158951 0.0236653 0.0203592 0.00911901 -0.0181189 -0.0204089 -0.0111756 -0.0271244 
0.355695 0.22831 0.109494 0.0019461 -0.0433493 -0.0726008 -0.0709265 -0.0661085 -0.097787 -0.0986588 -0.0965817 -0.105911 -0.0804237 -0.0575902 -0.0197482 0.0256206 0.0368181 0.0672594 0.0422904 -0.000473843 -0.0415317 -0.0409761 0.00354211 0.0578047 0.0630558 0.0588207 0.0678329 0.0337326 0.00346237 -0.00439946 -0.0261651 -0.0658368 -0.050716 -0.0460222 -0.0374055 -0.0103139 -0.0141393 0.00172647 0.0125768 0.0264884 
0.363682 0.25582 0.158755 0.0748801 0.029406 -0.0125021 -0.0321193 -0.0200797 -0.0325696 -0.032948 -0.0300101 -0.021776 -0.0140754 -0.00282623 0.00365257 0.0262802 0.0409526 0.0363348 0.0379047 0.0253299 0.00485257 -0.015333 -0.0407232 -0.0098039 -0.0119161 -0.0381697 -0.0670441 -0.0710298 -0.100469 -0.131498 -0.158775 -0.155165 -0.151018 -0.134516 -0.0730479 -0.0256046 0.0178104 0.045987 0.0461846 0.01215 
0.22175 0.099258 0.0719517 0.0711682 0.0749194 0.0616224 0.0589503 0.0728543 0.0533792 0.0484024 0.0499813 0.0465814 0.0434338 0.0458845 0.065993 0.0351607 0.0234484 0.0154638 -0.00588265 -0.0482571 -0.0672127 -0.0384174 -0.0088464 -0.0232633 -0.0501182 -0.0301338 -0.00951772 -0.0157676 -0.0320976 -0.00255226 0.00401358 -0.0111769 -0.0440945 -0.0396884 -0.0587727 -0.0694611 -0.0395705 -0.0235273 -0.010284 -0.00595018 
0.311646 0.207768 0.119275 0.0737957 0.0130351 0.00212358 0.0206242 0.0574167 0.0497414 0.0361961 0.00231131 -0.0261079 -0.0518875 -0.0506749 -0.0407654 -0.0206521 0.00888726 0.0268973 0.0380877 0.026705 0.00567119 -0.0370671 -0.0505209 -0.0793727 -0.0889267 -0.0927994 -0.0957183 -0.0702123 -0.0489703 -0.0642332 -0.0679985 -0.0773018 -0.0552623 -0.0342325 -0.0240667 -0.010249 0.00242469 -0.0245454 -0.0348261 -0.0620269 
0.487635 0.330003 0.206292 0.179591 0.165413 0.121386 0.102052 0.11048 0.0868141 0.0636328 -0.0118741 -0.0592151 -0.0964464 -0.105356 -0.0730593 -0.051657 -0.0215177 -0.0025686 -0.0179762 -0.057956 -0.065135 -0.0639994 -0.00241555 -0.00382472 0.0482196 0.0438926 0.0122715 -0.055106 -0.11055 -0.0848842 -0.0483945 -0.049135 -0.0477924 -0.0854915 -0.0436012 -0.0370733 -0.0616265 -0.0891362 -0.0722576 -0.00381586 
0.411611 0.322615 0.250399 0.175887 0.0693223 0.0105097 -0.0239465 -0.0493553 -0.0580561 -0.0476756 -0.0440335 -0.0413357 -0.061697 -0.0689053 -0.0762516 -0.089601 -0.0928182 -0.0663255 -0.0546106 -0.00479737 0.0236514 0.0692708 0.104079 0.161555 0.171644 0.157559 0.174313 0.182455 0.15287 0.136625 0.137881 0.144206 0.105517 0.0815345 0.0774297 0.0558272 0.0182803 -0.00824485 -0.00934214 -0.0278812 
0.375763 0.252099 0.166413 0.123772 0.0727958 0.0468795 0.0188223 0.0403296 0.0396963 0.0528144 0.0479605 0.0438004 0.0554176 0.0641565 0.0408229 0.0282636 0.0404283 0.0389727 0.0595652 0.0694902 0.078028 0.0360731 0.016227 -0.0152619 -0.0181042 -0.0500096 -0.0455452 -0.0476186 0.00175426 0.0324642 0.0438388 -0.0175656 -0.0423081 -0.0513189 -0.073743 -0.113146 -0.125547 -0.0994394 -0.0413159 -0.0262816 
0.288377 0.162391 0.0976244 0.0425378 0.0185498 0.0206593 0.0266966 0.00506563 -0.00275321 -0.00342397 0.0151596 0.0636529 0.0336856 -0.0150623 -0.0193171 -0.0312641 0.0377498 0.0679939 0.0738755 0.0717271 0.00136298 -0.0430758 -0.0446928 -0.0154674 -0.0146961 -0.00412266 0.0282717 0.0109962 0.0249102 0.0463359 0.0422997 0.0474648 0.022534 0.0137641 0.0243046 0.0113138 0.0362671 0.0355046 0.0334623 0.0160952 
0.246866 0.161077 0.114189 0.105562 0.100964 0.0699927 0.0192649 0.00941237 0.0234563 0.00188896 8.05216e-06 -0.0175288 -0.0138982 -0.0160352 -0.0236709 0.00798999 0.0351942 0.0592717 0.0328487 0.00659074 0.021125 0.0624891 0.0701741 0.0714355 0.0406146 0.0118551 0.0243355 0.0102811 0.0162678 0.00546117 -0.0248612 -0.0280351 0.00192706 0.0166331 0.00137494 -0.0283679 -0.0653304 -0.0498092 -0.00647967 0.0149204 
0.445311 0.352286 0.271412 0.197569 0.11704 0.0727496 0.0548941 0.0366632 0.00625731 -0.00624344 -0.0385144 -0.0603549 -0.0658844 -0.0716662 -0.0540353 -0.00656956 0.00490504 0.019463 0.0209573 0.0158166 -0.00277962 -0.00343314 0.00560492 0.0356314 0.0512385 0.0619457 0.067386 0.0875494 0.0777244 0.0825291 0.0801905 0.103857 0.094973 0.0947301 0.0953599 0.079001 0.013164 -0.00650049 -0.00517034 -0.00228296 
0.469984 0.361138 0.264338 0.193955 0.165601 0.12307 0.106196 0.0870756 0.0353686 0.0285222 0.0271505 0.0422171 0.0231299 0.00763447 -0.0126314 -0.0297583 -0.0439181 -0.0554812 -0.0391908 -0.0183815 -0.000904551 0.00360792 -0.0207255 -0.0646458 -0.0905306 -0.100878 -0.113341 -0.133955 -0.135448 -0.152609 -0.138713 -0.0991376 -0.0535643 -0.0289402 -0.0276903 -0.0603488 -0.0861167 -0.122587 -0.120855 -0.153117 
0.474501 0.349789 0.266687 0.207431 0.157824 0.124776 0.078246 0.0850559 0.0706227 0.0730026 0.01143 -0.0593742 -0.0876768 -0.123918 -0.157107 -0.146156 -0.144983 -0.134491 -0.120392 -0.109911 -0.103901 -0.145636 -0.200079 -0.247994 -0.297463 -0.322659 -0.28877 -0.240476 -0.190917 -0.122993 -0.0865397 -0.0764517 -0.0279878 0.00407106 0.0107032 0.0177257 0.0184273 0.0418839 0.0963013 0.129274 
0.321966 0.248986 0.208733 0.17868 0.106047 0.0525406 0.0279634 0.00421025 -0.0276273 -0.0664953 -0.0462268 -0.0178141 -0.054493 -0.0777935 -0.0905499 -0.119994 -0.127831 -0.128675 -0.100855 -0.0997105 -0.103171 -0.116519 -0.0762582 -0.0442319 -0.0367064 -0.026819 -0.0300227 -0.0210858 -0.0092769 -0.0183805 0.0056669 0.0300472 0.000159867 0.00733563 0.0370183 0.0536739 0.0391845 0.0334792 0.0251976 -0.0100539 
0.52164 0.424525 0.297285 0.222953 0.149815 0.11872 0.117377 0.130372 0.0909739 0.0558315 0.0488067 0.0506648 0.0291172 0.0148406 -0.0105013 -0.0348354 -0.0703329 -0.0875204 -0.105061 -0.107103 -0.172525 -0.225922 -0.278962 -0.300625 -0.288815 -0.235627 -0.184574 -0.163624 -0.159622 -0.197567 -0.205612 -0.233851 -0.213453 -0.197901 -0.163439 -0.131173 -0.0927856 -0.0553169 -0.000461641 0.0557727 
0.33129 0.227789 0.0961167 0.0723426 0.0590718 0.0833478 0.124172 0.147422 0.155355 0.162783 0.162814 0.142496 0.137341 0.152314 0.14574 0.109333 0.0705968 0.0773526 0.101405 0.12069 0.135974 0.149007 0.142368 0.132436 0.144645 0.115175 0.0885172 0.0642897 0.0949121 0.0959007 0.103499 0.112907 0.122189 0.11737 0.140056 0.159817 0.170298 0.14313 0.126655 0.099306 
0.354027 0.275227 0.186398 0.130278 0.092567 0.0849042 0.0891965 0.0636077 0.0377154 -0.0140777 -0.0805989 -0.0977958 -0.119546 -0.136668 -0.138833 -0.135495 -0.122281 -0.129103 -0.111938 -0.12095 -0.132528 -0.150717 -0.129681 -0.129725 -0.105058 -0.101346 -0.0921294 -0.10503 -0.093961 -0.0899606 -0.0827295 -0.0559372 -0.0395662 -0.0262282 -0.00728332 0.0207739 0.0441924 0.0857524 0.0932144 0.100302 
0.510288 0.394724 0.305901 0.264222 0.264105 0.233366 0.182582 0.141852 0.143013 0.13154 0.127077 0.0908739 0.018247 -0.0170264 -0.0395947 -0.0283145 -0.0187989 -0.00822574 -0.0188447 0.02724 0.0992865 0.120952 0.128733 0.106712 0.0646155 0.0455018 0.0551706 0.0586436 0.0536743 0.0285628 -0.00360258 0.0118381 0.0192659 -0.00583192 -0.0280783 -0.0824558 -0.116619 -0.131972 -0.159269 -0.176512 
0.332415 0.29154 0.195821 0.152113 0.132549 0.108423 0.078808 0.0714062 0.0553065 0.0519793 0.0127231 -0.025225 -0.0178088 -0.0228994 0.0188403 0.0374227 0.0638375 0.0954973 0.122424 0.122821 0.107317 0.0446119 0.0343191 0.0194323 0.0206512 -0.0016202 -0.0158551 -0.0427785 -0.0817619 -0.108249 -0.115201 -0.131612 -0.0852783 -0.077515 -0.0669202 -0.0638006 -0.0678223 -0.0692144 -0.0508862 -0.0585904 
0.403205 0.323959 0.24347 0.158961 0.0724044 0.0379313 0.0235392 0.0241365 -0.00728714 -0.0231915 -0.0252067 -0.0407444 -0.0401849 -0.0500995 -0.0240321 -0.0272639 -0.0118678 -0.0161347 0.0296547 0.0383018 0.0546858 0.050359 0.0600334 0.0348867 0.0539163 0.0135564 0.0236613 0.020822 -0.0172271 -0.0564147 -0.082897 -0.114563 -0.141783 -0.150643 -0.127348 -0.0992631 -0.106171 -0.0881393 -0.0871917 -0.0674148 
0.238215 0.178976 0.116976 0.0525948 0.0158335 -0.0119777 -0.0177796 -0.0246959 -0.00146626 0.00495817 0.0117495 -0.00874206 -0.0237711 -0.0118162 0.0163998 0.0307725 0.0364317 0.0352605 0.0334377 0.0355986 0.00245202 -0.00662538 -0.028543 -0.0331664 -0.0441517 -0.0335092 -0.0105972 -0.0296822 -0.0416252 -0.0291338 -0.0360507 -0.0593869 -0.0477048 -0.0269808 0.00223221 0.0270104 0.0369733 0.0456132 0.057055 0.0565496 
0.252585 0.173559 0.101612 0.0500704 0.00380602 -0.0361178 -0.0509577 -0.0484143 -0.0510476 -0.0547285 -0.0290591 -0.0163116 0.00722189 0.0101053 0.0238219 0.0519173 0.0676948 0.0479664 0.0439889 0.0528267 0.0482852 0.037908 0.00883331 0.0136681 0.032779 0.0280409 0.0346619 0.0436887 0.0180134 -0.0160492 -0.0534352 -0.0748043 -0.0552033 -0.0480874 -0.0609256 -0.0408424 -0.0226426 0.0123012 0.0132183 0.0142469 
0.20156 0.122586 0.095248 0.0659427 0.0174094 0.0344287 0.0372456 0.0251901 -0.00293933 -0.0301987 -0.00569803 0.00796957 0.00176831 0.00101564 -0.0286881 -0.0317591 -0.0476341 -0.0382837 -0.0259725 -0.0294245 -0.0615085 -0.0483051 -0.0269388 -0.0158381 0.0113662 0.0100999 -0.00597095 -0.0167229 -0.0434109 -0.0264885 0.00145915 0.00617746 0.0188118 0.0291405 0.0249115 0.00311818 0.0355734 0.0346204 0.0374989 -0.00180207 
0.269289 0.175611 0.126849 0.126609 0.131582 0.109903 0.0932134 0.0270396 -0.0148004 -0.0166416 -0.00473917 -0.0196508 -0.0504124 -0.0832792 -0.0629983 -0.0301347 -0.025227 -0.0334974 -0.0669151 -0.0500291 -0.0572624 -0.0398448 -0.0209738 -0.0104361 -0.0298065 -0.0511848 -0.0379631 -0.0184379 -0.027407 -0.0310152 -0.0185404 -0.013548 -0.0097637 0.0071825 0.0304964 0.0509391 0.0522853 0.0406467 0.0370117 0.0413126 
0.367569 0.264585 0.220785 0.159084 0.0783396 0.0160331 0.0174424 0.0029129 -0.00664583 -0.00274708 -0.0140623 -0.0342919 -0.0263861 0.000483998 0.00818311 0.0511532 0.0447721 0.0500209 0.0244884 -0.0022045 -0.0141555 -0.011589 0.0365921 0.0564477 0.0764615 0.100594 0.123447 0.111455 0.083143 0.0360405 0.0198514 0.0377832 0.031813 0.0414652 0.0215464 -0.00303525 0.0118666 -0.0349465 -0.0253921 -0.000728054 
0.311203 0.228487 0.166124 0.15147 0.13754 0.112176 0.0549822 0.0122124 -0.0232389 -0.0177544 -0.00296465 -0.0125319 -0.0618122 -0.0892417 -0.0404595 -0.00863311 0.0370252 0.0494426 0.0550144 0.0600766 0.0697944 0.0823811 0.102999 0.115488 0.113731 0.0935929 0.0967142 0.10253 0.0602078 0.0268254 -0.0139316 -0.0295686 -0.0555502 -0.0697804 -0.0685103 -0.0684893 -0.0907639 -0.0756373 -0.0469226 0.0100163 
0.330393 0.203257 0.0967055 0.00921193 -0.0403804 -0.093548 -0.108003 -0.119207 -0.111294 -0.0707736 -0.0456439 -0.0455158 -0.0387682 -0.0257128 0.0154275 0.00438457 -0.0109332 0.0173782 0.0405279 0.0889356 0.0915162 0.0865311 0.0277338 -0.0448957 -0.0791622 -0.107801 -0.09381 -0.0851086 -0.0464862 -0.0106506 -0.0018574 0.0118939 0.01713 0.0051981 0.0221906 0.00735825 0.00195493 0.0144353 0.0266709 0.073498 
