0.291997 0.175951 0.0992865 0.0230688 -0.0260336 -0.0430914 -0.0352694 -0.0191101 0.00724123 0.0300224 0.0389324 0.0370802 0.0153264 -0.0208705 -0.0526973 -0.0717797 -0.0711269 -0.0650717 -0.061249 -0.0654791 -0.0563848 -0.0520669 -0.0483554 -0.0534141 -0.0486449 -0.0436796 -0.0568983 -0.0594353 -0.0592688 -0.0433547 -0.0241591 -0.0197348 -0.0151824 -0.0117164 -0.0210829 -0.0287927 -0.0280198 -0.0368772 -0.0266147 -0.0228641 
0.284691 0.210455 0.155834 0.107413 0.0775807 0.0529433 0.0325543 0.00130571 -0.0273618 -0.0435913 -0.042076 -0.0317191 -0.0276718 -0.0451321 -0.0483517 -0.058967 -0.0544056 -0.0618515 -0.0686112 -0.0612402 -0.0613188 -0.0558592 -0.0433683 -0.0434167 -0.0436253 -0.0522542 -0.0430456 -0.0330363 -0.0383066 -0.0352764 -0.0346603 -0.0399895 -0.0420728 -0.0352649 -0.0200989 -0.00776868 -0.0169055 -0.0153671 -0.0126069 0.00633925 
0.533388 0.41435 0.319833 0.260109 0.190598 0.132056 0.0889735 0.0488364 0.0446583 0.0470968 0.0630869 0.0490037 0.0155805 -0.0183545 -0.010297 -0.0064365 0.00398363 -0.0112837 -0.0179324 -0.00367058 0.0022546 0.00532102 -0.0120464 -0.0131105 -0.0290293 -0.0395837 -0.0454524 -0.0309889 -0.0352724 -0.0465145 -0.0457951 -0.0535283 -0.0539565 -0.0548072 -0.0433247 -0.0350606 -0.00986284 -0.00101004 0.0175948 0.0297016 
0.365826 0.291591 0.249221 0.204025 0.18403 0.135837 0.0831137 0.0636814 0.0269771 -0.0136134 -0.0349873 -0.0368517 -0.0377728 -0.0376189 -0.0357925 -0.0277471 -0.00689384 0.000196507 -0.0156719 -0.00979519 0.00266924 0.00664169 0.00622444 0.00179422 -0.00904603 -0.0199535 -0.0329857 -0.0424915 -0.0404577 -0.0311166 -0.0449997 -0.0405347 -0.0311149 -0.0338653 -0.0144293 -0.00184049 0.013431 0.0368714 0.0465046 0.0569583 
0.254856 0.179429 0.0974536 0.0554554 0.0304229 0.0498675 0.0328455 0.0226752 0.0194714 0.0058139 -0.0148835 -0.0194292 -0.020023 -0.0161041 -0.0304557 -0.0348699 -0.0251756 -0.0355952 -0.0306666 -0.0335992 -0.0330359 -0.0245549 -0.0123323 0.00129621 -0.00166343 -0.0250424 -0.0417152 -0.0393072 -0.0431464 -0.0193807 -0.00750317 -0.0117108 0.00475626 -0.0111333 -0.00821945 -0.0341986 -0.0337873 -0.0367021 -0.00296932 -0.0069833 
0.125222 0.0748794 0.040036 0.0352032 0.00735626 0.00133282 -0.00406726 -0.024453 -0.02822 -0.0273221 -0.0286223 -0.0354449 -0.0323073 -0.0263612 -0.0258668 -0.0194719 -0.00970603 -0.0129019 -0.00457681 0.00297599 0.030471 0.04754 0.0435959 0.0341345 0.0139267 0.0155197 0.0119709 0.00999387 0.00132294 -0.00818971 -0.0151213 -0.0219093 -0.0223091 -0.0195118 -0.0164846 -0.000536173 -0.00260262 -0.0104394 -0.0146584 -0.0090581 
0.444554 0.35153 0.274702 0.214014 0.160792 0.0982335 0.065669 0.0551241 0.068539 0.0853386 0.0933544 0.101819 0.109442 0.119152 0.132316 0.143805 0.134674 0.113606 0.121913 0.111388 0.113866 0.0877667 0.0568985 0.0406918 0.046934 0.0522626 0.0402524 0.0272565 0.0153315 -0.00413757 -0.00515128 -0.0220708 -0.0379657 -0.0392149 -0.0419909 -0.0483391 -0.0432525 -0.0329873 -0.0304427 -0.0245135 
0.482039 0.391907 0.276227 0.195596 0.147878 0.104385 0.0923714 0.0591538 0.0376733 0.0137989 -0.00305039 -0.00461686 0.0179247 0.0248265 0.0119551 -0.0162655 -0.0249995 -0.039486 -0.0451011 -0.0661152 -0.0508158 -0.0387498 -0.0208876 -0.023177 -0.0374277 -0.0510471 -0.0473062 -0.0462332 -0.0292797 -0.0330899 -0.0190785 0.00949862 -0.00331734 0.00290377 0.00246557 0.023626 0.0353327 0.0400377 0.0323073 0.0173107 
0.414674 0.328146 0.271465 0.208558 0.211012 0.181676 0.136898 0.126809 0.139691 0.162667 0.211201 0.192769 0.179334 0.14267 0.0686059 0.0564114 0.0259543 0.00618909 0.0267345 0.0341716 0.0496006 0.0563174 0.0676788 0.0687669 0.08423 0.0784791 0.064315 0.023431 0.00328524 0.0260242 0.0260914 0.0632835 0.0510271 0.033131 0.0313028 0.00921603 0.00289022 -0.0242121 -0.0399845 -0.0706139 
0.256706 0.178549 0.147015 0.130985 0.0794858 0.0400395 0.0158103 0.00979656 -0.00841744 -0.0233032 -0.0262729 -0.0260581 -0.0219441 -0.0252415 0.0143536 -0.00186139 -0.00563184 0.0126576 0.0180413 0.0435806 0.0433345 0.0364959 0.0221287 0.00833392 0.00555252 -0.00301658 -0.0100673 -0.0177582 -0.0229394 -0.0219681 -0.0249992 -0.0443422 -0.0415407 -0.0664404 -0.0488048 -0.0506587 -0.0297867 0.00294788 0.00904959 0.0245213 
0.259571 0.13088 0.0544469 0.0106318 0.00964175 0.0202145 0.0483323 0.0675003 0.0722204 0.0843508 0.0630908 0.0294125 0.00185806 -0.00479196 0.00463184 0.0105916 0.0321012 0.0371361 0.031422 0.0300602 0.0172396 -0.00742938 0.000504483 0.0200259 0.016718 0.00355623 -0.000724928 0.0119622 0.0101846 0.0115257 0.0172992 0.0359653 0.0199056 0.0284238 0.028206 0.00368817 -0.010119 -0.0209085 -0.0348499 -0.0429972 
0.270428 0.177046 0.109127 0.0800371 0.0570729 0.0310821 0.0130908 0.00233673 0.0208966 0.0268805 0.0346733 0.0197787 -0.000532766 -0.0208657 -0.0348702 -0.0485485 -0.0598378 -0.0715921 -0.0652357 -0.0519339 -0.0254976 -0.0183997 -0.0131168 -0.0270488 -0.0381921 -0.0577857 -0.0707194 -0.0764061 -0.0770829 -0.0705156 -0.0667988 -0.0452743 -0.023266 0.00336711 0.0455508 0.0606441 0.0679522 0.0614536 0.041863 0.0342968 
0.24017 0.159393 0.103523 0.0516932 0.0137158 0.0107799 -0.00663409 -0.0153896 0.00789046 0.00611597 0.00230243 -0.0164448 -0.0167491 0.00291245 -0.00116064 -0.0120113 -0.0178559 -0.0284257 -0.0311215 0.00555607 -0.0231727 -0.0441918 -0.0354794 -0.0245302 -0.0324511 -0.0308111 -0.0378495 -0.0348835 -0.00425567 0.0135398 0.0351116 0.000106341 0.000880625 0.00703802 0.00743028 -0.0108263 -0.0107695 -0.017909 -0.0226841 -0.0175002 
0.174836 0.124026 0.102271 0.0864712 0.0764372 0.052909 0.0312203 0.0151379 0.00531703 0.000618197 -0.00247388 -0.0127024 -0.00524229 -0.0118677 -0.0102731 -0.000699903 0.00215451 0.00797188 0.00371626 0.0198777 0.0202225 0.0120381 0.0190509 0.0209595 0.0208123 0.0249933 0.0181164 0.00626313 0.00412615 -0.00262047 0.00436735 0.0039045 -0.00934228 -0.00580952 0.000763484 0.0096154 0.0161704 0.0129508 0.022578 0.022232 
0.282673 0.203237 0.135459 0.0493465 0.0227302 -0.017196 -0.0293748 -0.0057433 -0.00284355 0.0236291 0.0471212 0.0299725 0.0381518 0.0495786 0.0467962 0.0349043 0.0130955 0.0130813 -0.0105558 -0.0327153 -0.042262 -0.0464899 -0.0264043 -0.0228345 -0.019857 -0.0194402 -0.0137356 -0.00449334 0.0172143 0.029659 0.00952374 -0.0134375 -0.00319027 0.0249772 0.018232 0.0338253 0.0381189 0.0216494 0.0393537 0.0180314 
0.39396 0.24002 0.138069 0.084733 0.0363771 -0.0163159 -0.0457492 -0.0583378 -0.049247 -0.023676 -0.00265191 -0.00185354 0.00118154 -0.0192297 -0.021845 -0.0329973 -0.0331618 -0.0232345 0.00819494 0.0104595 -0.00874538 -0.0126663 0.00224785 0.0177565 0.00802067 -0.0119953 -0.00435856 0.0167823 0.0394083 0.062671 0.0699474 0.0593415 0.0125194 -0.026287 -0.0174654 -0.0126107 -0.0167196 -0.0260916 -0.021819 -0.0151822 
0.389529 0.319492 0.272555 0.240662 0.207657 0.153639 0.105495 0.0679988 0.0193231 -0.0140489 -0.0290438 -0.0473839 -0.0721788 -0.0906071 -0.103098 -0.0897924 -0.109233 -0.121014 -0.124136 -0.123988 -0.111688 -0.113911 -0.114875 -0.0995139 -0.0887043 -0.0841162 -0.072536 -0.0604805 -0.0468749 -0.0426339 -0.0300601 -0.02066 -0.0129301 -0.00703888 0.00877219 0.0471713 0.0614023 0.0777851 0.075391 0.0711679 
0.169336 0.118465 0.065488 0.0335017 0.0150738 0.00111333 -0.00922849 -0.00228796 -0.00865599 -0.0141909 -0.00495586 -0.0181954 -0.021297 -0.0396642 -0.051539 -0.0341501 -0.0241604 -0.0153795 -0.0282741 -0.0280992 -0.0141238 0.00110984 -0.00130731 -0.00698057 -0.0141215 -0.00933549 0.0132271 0.0279687 0.0379197 0.0281416 0.0133782 -0.0115456 -0.0217941 -0.0230361 -0.0232938 -0.0296343 -0.0224158 -0.0120991 0.0160914 0.0257055 
0.234712 0.148627 0.0902669 0.0550013 0.0268957 -0.0070123 -0.0364043 -0.0556418 -0.0533026 -0.0411344 -0.00851965 0.0175656 -0.00798341 -0.0127414 -0.0226422 -0.0161453 -0.0255745 -0.037618 -0.0608462 -0.0521829 -0.0553693 -0.0481181 -0.0362175 -0.0285186 -0.0289859 -0.0264312 -0.0150816 0.0219351 0.0475141 0.0444781 0.0451919 0.0488125 0.0328629 0.0434152 0.0287711 0.0027107 -0.0170769 -0.0208391 0.000919265 0.0190353 
0.376253 0.2449 0.177321 0.131323 0.0564544 -0.012149 -0.02962 -0.0335462 -0.0372078 -0.0285913 -0.00839986 -0.0233874 -0.015976 0.00624437 0.0204579 -0.0153178 -0.0423762 -0.0420173 -0.0261789 -0.0282786 -0.0474155 -0.0424866 -0.0476179 -0.0630062 -0.0752622 -0.0718542 -0.0707148 -0.0515202 -0.0362239 0.00385689 0.0163474 0.02441 0.0328307 0.033738 0.0112291 0.00146586 0.00765659 0.00285162 -0.00141985 -0.0119809 
1.75578 1.61366 1.31995 1.03507 0.760083 0.513388 0.33747 0.212797 0.168105 0.161641 0.183011 0.231275 0.238977 0.258957 0.231414 0.193813 0.126677 0.0675868 -0.00151382 -0.0546866 -0.0658233 -0.0719723 -0.0505457 -0.0204517 0.00120677 0.0278776 0.0401485 0.0419506 0.025145 0.0145171 -0.00905437 -0.0283637 -0.0521541 -0.0680117 -0.0887213 -0.101684 -0.0979802 -0.10019 -0.0752279 -0.0621862 
0.341539 0.24489 0.16764 0.115812 0.0813637 0.0673513 0.0492097 0.0167868 0.00193551 -0.0158948 -0.0409964 -0.062305 -0.0589338 -0.0620674 -0.0572389 -0.0691629 -0.068351 -0.0606138 -0.0539339 -0.0412611 -0.0357183 -0.0339116 -0.0137197 0.00272654 0.0131089 0.00363223 -0.0272007 -0.0499275 -0.0683846 -0.0650801 -0.0443274 -0.038084 -0.0331643 -0.0286081 -0.0205246 -0.0248719 -0.023573 -0.0127069 -0.000106254 -0.00465792 
0.180549 0.134925 0.0796608 0.0473073 0.0204735 0.0129022 0.000953799 0.00050778 0.00446437 -0.000949256 -0.0058752 -0.0137452 -0.0162335 -0.01637 -0.0246468 -0.0223029 -0.0202757 -0.0165559 -0.0149203 -0.0184883 -0.00175367 -0.00121293 0.0151916 0.00562445 0.0112079 -0.00945992 -0.00995376 -0.0022148 -0.00295115 -0.00739277 -0.0039234 -0.00460878 -0.0123499 -0.0127298 -0.0134986 -0.0171747 -0.0194131 -0.0136703 -0.01596 -0.0151212 
0.286566 0.172675 0.0945563 0.0393817 0.0071762 -0.0101114 -0.0164832 -0.00999925 -0.0181226 -0.014308 -0.00945775 -0.020743 -0.0367424 -0.0474358 -0.0516079 -0.060169 -0.0660079 -0.0631989 -0.0544247 -0.0385401 -0.0240246 -0.0111346 -0.00320248 0.00243255 0.00728686 0.0189277 0.00460668 0.0048663 -0.00726084 -0.0107035 -0.0125024 -0.0170248 -0.0254888 -0.0184312 -0.00730374 0.0109608 0.00674211 -0.0130305 -0.0207538 -0.0274551 
0.385608 0.318682 0.25044 0.191107 0.15919 0.122553 0.0957618 0.0919468 0.0918808 0.0821827 0.0826384 0.0654766 0.0518524 0.0430477 0.0451612 0.035993 0.0504868 0.0548131 0.0554791 0.0500515 0.0618791 0.0700007 0.0645388 0.0586009 0.0477874 0.0339035 0.0476566 0.0350208 0.0335796 0.04174 0.0244405 0.0131475 -0.0165151 -0.0444119 -0.0616415 -0.0695603 -0.0863134 -0.0905203 -0.0794752 -0.0704009 
0.794551 0.605451 0.433006 0.337339 0.283171 0.293125 0.342283 0.399444 0.445838 0.411562 0.306182 0.184242 0.113995 0.102707 0.0993061 0.139823 0.164264 0.195721 0.169829 0.109952 0.0724296 0.0475326 0.0404899 0.029149 0.00403925 -0.0343805 -0.0513208 -0.0512668 -0.0933873 -0.121268 -0.122214 -0.115968 -0.102983 -0.107751 -0.113533 -0.128639 -0.103391 -0.117308 -0.135646 -0.146293 
0.502577 0.380958 0.297729 0.22951 0.159616 0.0709683 0.029844 0.00669502 -0.0281496 -0.0433853 -0.053608 -0.0601183 -0.0364919 -0.0338269 -0.0351403 -0.00881356 -0.0118125 -0.00384673 0.0172642 0.0160168 0.00958153 -0.00444779 0.0114977 0.0190371 0.0187141 0.00526038 -0.0110679 -0.0261491 -0.0637332 -0.0849057 -0.09893 -0.08544 -0.0697908 -0.0569427 -0.0640697 -0.0548851 -0.0570627 -0.0250321 -0.0296694 -0.0538817 
0.706111 0.526555 0.380711 0.247076 0.159764 0.0968503 0.0444974 0.0207739 -0.00977108 -0.0327157 -0.0566266 -0.0648518 -0.0693777 -0.0815085 -0.0744735 -0.054109 -0.0187938 0.00862276 -0.00343213 -0.0144726 -0.00824112 -0.0297681 -0.0490615 -0.0553759 -0.0619731 -0.0602787 -0.036507 -0.0268946 -0.0372489 -0.0430406 -0.0599636 -0.0762652 -0.0735078 -0.0625428 -0.0698274 -0.0527905 -0.0363077 -0.0258228 -0.00167423 0.0349306 
0.534651 0.375261 0.26241 0.194499 0.14085 0.133229 0.0924749 0.0460065 0.0194474 0.00274033 -0.017369 -0.0339606 -0.0326043 -0.0533469 -0.0601479 -0.0702987 -0.0871908 -0.102473 -0.0715628 -0.0595184 -0.041993 -0.0325569 -0.0246907 -0.00605353 0.0523851 0.0837703 0.0903611 0.0966674 0.0921552 0.0353702 -0.00762561 -0.00463124 -0.0122187 -0.0182175 0.0164935 -0.00288603 -0.0576044 -0.0728697 -0.0908764 -0.0859568 
0.957348 0.799264 0.633727 0.52275 0.438111 0.426202 0.487365 0.514789 0.518133 0.437531 0.368602 0.279241 0.177996 0.0868016 0.0127536 -0.0214644 -0.0284232 -0.018969 -0.00955263 0.0096212 0.024208 0.0282249 -0.0120381 -0.0505089 -0.0861131 -0.0997268 -0.111027 -0.110013 -0.114652 -0.0938526 -0.0738506 -0.0662793 -0.0574401 -0.0180718 0.000255124 -0.0255745 -0.0680293 -0.059562 -0.0674188 -0.0795565 
0.416522 0.295438 0.195569 0.123748 0.071088 0.0578561 0.00461292 -0.0137969 -0.029625 -0.0145753 -0.00859617 0.0109234 -0.00265894 0.00659978 -0.0119335 -0.0410828 -0.0573724 -0.0469716 -0.029601 0.0162341 0.047676 0.0637636 0.0913068 0.0791854 0.07541 0.0797753 0.0595783 0.0509106 0.029073 -0.00820554 -0.0367463 -0.0521279 -0.057588 -0.0533643 -0.066871 -0.0803599 -0.0525553 -0.0268342 -0.0243829 -0.0252303 
0.394944 0.284667 0.21687 0.184405 0.12946 0.0790394 0.0341964 -0.023208 -0.0742718 -0.0818755 -0.101892 -0.0998272 -0.0996481 -0.0917333 -0.0893131 -0.056787 -0.0510929 -0.0477733 -0.0560938 -0.0526992 -0.0391153 -0.0311204 -0.0520014 -0.0551196 -0.0542876 -0.0473168 -0.00518227 0.00661485 0.000837743 0.00303393 0.028841 0.0403936 0.0555148 0.0624811 0.0918202 0.0883313 0.102492 0.111754 0.1135 0.0854402 
0.273374 0.157463 0.0917979 0.0184696 0.00417211 0.0408029 0.0508804 0.0470074 0.0374941 0.0410968 0.00468464 0.0142954 0.0269461 0.0295074 0.0391317 0.0211438 0.00681602 0.0111404 0.02926 0.049422 0.0504323 0.0614908 0.0545115 0.0251097 0.00719476 0.00319815 -0.0103501 -0.0158914 -0.0244478 -0.0320691 -0.0430216 -0.0317666 -0.00571702 -0.00643042 -0.00150877 -0.00982568 -0.028643 -0.0425762 -0.0405072 -0.0266683 
0.392641 0.265846 0.160219 0.0755542 0.0161543 -0.0104615 -0.0125942 0.00732523 0.0158094 0.0115804 0.00686384 -0.00571993 -0.0121736 -0.028661 -0.0207852 -0.0184294 -0.0316686 -0.0510507 -0.0603407 -0.0615636 -0.0527837 -0.0412315 -0.0175126 0.0157282 0.0535894 0.0803235 0.0652215 0.0378201 0.00822221 -0.0196621 -0.0298484 -0.0228939 -0.0164936 -0.00490519 0.0139434 0.0172566 0.0110993 0.009361 0.0135015 -0.00593068 
0.333964 0.268974 0.222201 0.181285 0.115273 0.083392 0.0642264 0.0375471 0.0297655 0.0304866 0.0278367 0.0202416 -0.00459359 0.0093306 0.0248938 0.0250797 0.0349452 0.04403 0.0524825 0.0642546 0.0545508 0.0553048 0.0360518 0.0195959 0.00733335 -0.0115334 0.00476894 0.00405002 -0.00107428 -0.00950537 -0.00362234 -0.00666608 -0.0226196 -0.0234086 -0.00231849 -0.00223962 -0.00140721 -0.0175858 0.0105417 0.00279465 
0.12665 0.0912478 0.0662095 0.041586 0.0246446 0.0138922 0.0105826 0.000944869 0.000203759 -0.00577939 -0.00735825 -0.0145562 -0.0135222 -0.0153399 -0.023724 -0.0140806 0.00107166 -0.00361059 -0.00887169 -0.00619218 -0.0176264 -0.0235074 -0.0275337 -0.0119991 -0.0101656 -0.0109328 -0.00322149 -0.0160249 -0.0156031 -0.00967747 -0.0152775 -0.0282387 -0.0220796 -0.0135273 -0.0202254 -0.00316806 -0.00853687 -0.0146932 -0.011546 -0.016454 
0.114591 0.0653697 0.0336192 0.0302376 0.0142435 0.00206359 -0.00590932 -0.00391173 0.00157284 0.00133969 -0.00241434 -0.00601002 0.00215282 -0.00183657 -0.00835144 -0.0109818 -0.0150157 -0.0124671 -0.0176832 -0.0204761 -0.0210087 -0.0203913 -0.0252873 -0.0219132 -0.0210704 -0.022795 -0.0226384 -0.0157359 -0.0115025 -0.00353399 0.00569323 0.0130809 0.0234642 0.0341159 0.0258719 0.0123883 0.0117316 0.00949893 0.00796202 0.00760042 
0.353428 0.226946 0.15116 0.0772432 0.056585 0.043744 0.01087 -0.0245275 -0.0467048 -0.0581166 -0.056752 -0.047284 -0.0389303 -0.011736 0.00945908 0.00355481 -0.0116823 -0.0180354 -0.0106672 -0.00850531 0.0135865 0.0106323 -0.00184541 0.0117923 0.041495 0.069493 0.0920001 0.079542 0.0783933 0.0757758 0.0444499 0.0312752 -0.00168594 -0.0413352 -0.0430649 -0.0360773 -0.0491544 -0.0547096 -0.0590985 -0.0398441 
0.400501 0.274014 0.183976 0.108929 0.0595698 0.0311471 -0.00577129 -0.035928 -0.0270735 -0.0322476 -0.0206692 -0.0220408 -0.00777292 0.0164882 0.0296578 0.0164327 0.0150647 0.0199692 -0.016793 -0.0174855 -0.00459609 -0.00201106 -0.00794705 -0.000841719 -0.00687258 -0.0185775 -0.00490227 -0.0132837 -0.0411696 -0.0546348 -0.0575669 -0.058687 -0.0543096 -0.0719462 -0.0897307 -0.0880719 -0.078757 -0.0867614 -0.0928179 -0.0821651 
0.42045 0.277648 0.153634 0.0859722 0.0440135 0.0240262 0.0143911 0.00608254 -0.00941299 -0.0574691 -0.0758566 -0.0589956 -0.0375459 -0.0389873 -0.0508932 -0.0656558 -0.0890881 -0.0868583 -0.0757041 -0.0516856 -0.0288058 -0.0302596 -0.0208321 0.00159073 0.00527793 0.00304211 0.0114309 0.00986541 0.00722918 -0.00338622 -0.00427095 -0.0060138 -0.0140616 -0.0062126 -0.0024546 -0.0154168 -0.0263994 -0.0248511 -0.0154138 0.00281366 
0.230894 0.139712 0.050153 0.0120286 -0.017227 -0.0323616 -0.0403352 -0.0290383 -0.00783272 0.0279495 0.046738 0.0539738 0.0321096 0.0284869 0.0168204 0.00391328 -0.00359974 -0.00256364 0.00314755 0.00971401 0.018422 -0.000821625 -0.0306218 -0.0451683 -0.0385858 -0.0403432 -0.0271635 -0.0239666 -0.00573117 0.00678945 0.0282845 0.0252418 0.0222386 -0.0176474 -0.0222061 -0.0417844 -0.0579223 -0.0543619 -0.041739 -0.0346722 
0.245301 0.21343 0.141945 0.11752 0.0569794 0.0400611 0.00845829 -0.0100492 -0.0196883 -0.00349725 -0.00228923 -0.0110402 -0.00231716 -0.0130155 -0.00372822 0.00184555 0.0105746 0.0389055 0.0574051 0.0611719 0.0467177 0.0371551 0.0413791 0.0349578 0.0391787 0.0395204 0.027132 0.0371084 0.031139 0.0360245 0.0205563 0.0175941 0.0214931 0.0286303 0.028997 0.0253977 0.0420288 0.0539928 0.0675899 0.063743 
0.218998 0.139118 0.0869235 0.0700911 0.0562513 0.0364995 0.0228415 0.00532963 0.00623332 0.000268125 0.00797079 0.0363601 0.0654399 0.0743299 0.0555 0.0343823 0.0271269 0.0279587 0.0213238 -0.00258469 -0.010956 -0.00293063 -0.0067741 -0.00717963 -0.013119 -0.00508237 0.0144727 0.0232383 -0.00291381 -0.0183288 -0.0228272 -0.017066 -0.0167072 -0.0234518 -0.020676 -0.0107261 -0.00629312 -0.012359 -0.0157848 0.000945924 
0.224847 0.146413 0.111943 0.082244 0.048887 0.0165954 0.0155909 0.00559484 -0.0085613 -0.000413074 0.0111947 0.0130629 0.0303063 0.0493354 0.0641046 0.0618054 0.0710533 0.0609007 0.0386744 0.0235562 0.0171994 0.0257233 0.010647 0.00429684 -0.0031941 -0.0108642 -0.00831505 -0.0104395 -0.0154215 -0.0273583 -0.0355143 -0.0291962 -0.0319947 -0.0294947 -0.0410741 -0.0483514 -0.0308056 -0.0186717 -0.0157834 -0.0161293 
0.185806 0.108213 0.0462949 0.0083711 -0.00961021 -0.0162152 -0.032813 -0.0325342 -0.029148 -0.00715934 0.0129759 0.0247451 0.0534655 0.0675065 0.0689643 0.065204 0.0262111 -0.00559008 -0.0169035 -0.0172398 -0.0232155 -0.0246107 -0.0166776 -0.0199371 -0.00958016 -0.00845031 0.00484624 0.014482 0.0127727 -0.00407297 -0.00501206 -0.0240452 -0.0276621 -0.044502 -0.044553 -0.0596569 -0.0594073 -0.0457644 -0.0281953 0.00487976 
0.186107 0.132307 0.0977957 0.0728816 0.0595219 0.0431902 0.0312057 0.0195113 0.010834 -0.00628002 -0.00666126 -0.00441917 -0.00151068 0.0109953 0.0165379 0.0199786 0.0452554 0.0702891 0.0606808 0.0630099 0.0472134 0.0419222 0.0342577 0.0238483 0.0371205 0.0183128 -0.0167354 -0.0196996 -0.0268636 -0.0167309 -0.00464007 -0.00415297 -0.0325172 -0.0342702 -0.023153 -0.0256301 -0.00342296 0.00908109 0.0172267 0.0152464 
0.186764 0.105962 0.064019 0.0306134 0.0120937 0.00196277 0.00149646 -0.00661676 -0.0145855 0.00368404 0.0202342 0.0165663 -0.000851648 -0.00697582 -0.0212579 0.00222859 -0.000719212 -0.00949589 -0.0279033 -0.0498315 -0.0432314 -0.0378474 -0.0272114 -0.0208086 -0.00519836 -0.0141951 -0.027933 -0.0160553 -0.0174004 -0.0178607 -0.02334 0.00228171 0.0255346 0.0190754 0.0283262 0.0177386 0.00395078 -0.0271004 -0.0331507 -0.0294367 
0.61865 0.486673 0.364279 0.318437 0.274272 0.198519 0.176214 0.13929 0.128792 0.102133 0.0753852 0.0645711 0.0455592 0.0430663 0.0184207 -0.00854654 -0.0237058 -0.00863766 -0.00779262 0.0033196 0.0261856 0.039009 0.0192933 0.00239835 -0.00195577 -0.0122006 -0.0162157 -0.0390002 -0.0615504 -0.064228 -0.0599624 -0.0703276 -0.0628093 -0.0429512 0.00334578 0.0295628 0.00592281 0.00723825 0.0130582 0.0369856 
0.299236 0.200007 0.168247 0.144798 0.127573 0.111026 0.0686515 0.0889334 0.123258 0.136367 0.122897 0.120746 0.151301 0.119887 0.112127 0.114554 0.0948181 0.0770572 0.0643751 0.0357811 0.0208115 0.0123979 0.00960507 0.0169231 0.0257809 0.028698 0.0141635 0.0153216 0.0166166 0.0134698 0.00270563 -0.000153977 -0.0215837 -0.0279025 -0.0450796 -0.0565169 -0.0899826 -0.0810498 -0.0903238 -0.0721646 
0.145797 0.0929304 0.0539593 0.0304674 0.00651504 -0.0218513 -0.0426038 -0.047583 -0.0499215 -0.0435227 -0.0396891 -0.00162673 0.00515943 0.0104982 0.0245979 0.0442443 0.042357 0.036281 0.0233091 0.0202352 0.00475424 -0.0155455 -0.00790101 -0.0222226 -0.0319101 -0.0181114 -0.0105701 0.00298691 0.0156115 0.0106311 -0.0138129 -0.00863406 0.00890909 0.0182561 0.0154703 0.0135357 -7.10427e-05 -0.0185993 -0.0166658 -0.015688 
0.208651 0.139128 0.105063 0.0746097 0.0400747 0.0157033 -0.0130316 -0.00901702 -0.016655 -0.0280223 -0.0334601 -0.0354325 -0.0354229 -0.0168275 -0.0166017 -0.0270287 -0.00285293 0.00240651 -0.0104629 -0.0147085 -0.00693177 0.0022326 -0.000998419 -0.0230796 -0.0364328 -0.0398912 -0.0424426 -0.0455862 -0.0473432 -0.0480611 -0.0369868 -0.019384 -0.0098743 -0.0159518 -0.019528 0.000342376 -0.0124007 -0.0216737 -0.0134231 -0.00707836 
0.278643 0.168703 0.103886 0.0681689 0.0439225 0.0249545 0.0132684 -0.0113791 -0.0170808 -0.0197479 -0.00999716 -0.0141578 -0.0178565 -0.0101028 -0.00995843 -0.041326 -0.0445021 -0.0113411 0.00163909 0.0055839 0.0185039 0.0131082 0.014181 -0.00188361 0.0135119 0.0233437 0.0105185 0.00075335 -0.0123837 -0.023449 -0.0341286 -0.0134654 0.00511287 -0.00343256 -0.0124592 -0.0075869 0.0082338 0.0108651 0.00794565 0.0303099 
0.341561 0.258932 0.165255 0.0987208 0.0619003 0.0226719 -0.00904787 -0.0332967 -0.0505171 -0.0512005 -0.0554436 -0.0432802 -0.0291317 -0.0028827 0.0236229 0.0561988 0.0842201 0.0818859 0.0590303 0.0595725 0.0474422 0.0477365 0.0517051 0.0297951 -0.00417539 -0.0165994 -0.0374786 -0.0628334 -0.0779754 -0.0713687 -0.0629793 -0.0437384 -0.0245367 -0.00118451 0.0110502 0.0117755 0.0260643 0.0171577 0.00956621 0.0126725 
0.223437 0.13852 0.0908463 0.0646803 0.0447696 0.032361 0.0119692 0.0109921 0.0103155 0.0117084 0.0065657 -0.005418 -0.00109617 0.00112964 0.0170582 0.0345638 0.058619 0.0578052 0.0382385 0.0279 0.0229182 0.0107529 -0.00150483 0.0032638 0.000895527 0.00783379 -0.00456823 -0.0157644 -0.00160779 -0.00825335 -0.0230213 -0.0130428 -0.0060171 0.00135115 -0.00306212 -0.0129262 -0.0138441 -0.00503715 0.00242927 0.00360012 
0.509106 0.374335 0.289021 0.192089 0.114375 0.0812667 0.0666636 0.0829452 0.0692707 0.0864588 0.0904782 0.064476 0.0261704 -0.00385466 -0.0243147 -0.00759922 -0.0555117 -0.0694819 -0.0761638 -0.0963442 -0.0735027 -0.0513382 -0.0490595 -0.038724 -0.0507334 -0.0695047 -0.0939516 -0.123318 -0.137058 -0.139572 -0.148685 -0.145326 -0.128807 -0.104108 -0.0896706 -0.0914694 -0.0902877 -0.0754589 -0.0565711 -0.0425876 
0.349324 0.251062 0.175166 0.125005 0.0724571 0.0110663 -0.0262317 -0.0377808 -0.054061 -0.0410116 -0.0548216 -0.0495431 -0.0653231 -0.0411388 0.0119734 0.0535142 0.0662698 0.0899947 0.0653446 0.0487306 0.056928 0.0625343 0.0736368 0.0413501 0.030792 0.0272981 0.0228087 -0.00635905 -0.0343143 -0.0556148 -0.0680106 -0.0690364 -0.055155 -0.0470165 -0.0373023 -0.0233218 -0.0124127 6.84746e-05 0.0149672 0.015144 
0.66262 0.501098 0.347032 0.199788 0.112376 0.0672105 0.038945 0.0488981 0.0499083 0.0262821 0.0089276 -0.0253627 -0.0597074 -0.0729275 -0.0828782 -0.0825465 -0.0732092 -0.0732269 -0.0602748 -0.0402562 -0.0299611 -0.0245553 -0.0181726 -0.00926252 -0.00955434 0.0150842 0.0372036 0.066786 0.0875843 0.0985852 0.121686 0.147999 0.163324 0.161498 0.134066 0.0909353 0.0394692 0.00645752 -0.0124539 -0.0370701 
0.535231 0.364738 0.205963 0.0834449 -0.00126181 -0.0616419 -0.109701 -0.124447 -0.0989937 -0.0896721 -0.0776925 -0.0722855 -0.060396 -0.0253928 0.018941 0.0371264 0.0178731 0.00263541 -0.00396282 0.0125177 0.000127651 -0.0292192 -0.0504955 -0.0613541 -0.0671631 -0.0888868 -0.0893386 -0.0872243 -0.0896465 -0.0688791 -0.0483284 -0.0432318 -0.0490059 -0.0561938 -0.0664242 -0.0602328 -0.0534891 -0.0333265 -0.0185481 0.00672559 
0.140786 0.106657 0.0877464 0.0649508 0.0477771 0.0352122 0.0111451 0.0027887 -0.00332904 -0.0171716 -0.0206227 -0.0165892 -0.0125868 -0.0196507 -0.0165279 -0.00402557 -0.00653319 -0.00386101 -0.00171324 -0.0057638 -0.00412133 0.00969614 0.00394835 0.00710226 0.0142998 0.0206138 0.0090056 0.010533 0.000398309 0.00592499 0.0166485 0.0129505 0.00261122 0.00788951 -0.00979579 -0.017827 -0.0182051 -0.00931814 -0.0223096 -0.0237161 
0.133905 0.0632513 0.0274559 0.0203297 -0.00354254 -0.0175321 -0.0182345 -0.0216256 -0.022207 -0.0145624 -0.0164375 -0.0176957 -0.0226953 -0.0142179 -0.00592408 0.00975035 0.0220188 0.0247042 0.0100628 -0.00675996 -0.0164244 -0.0162617 -0.00955839 -0.00199762 -0.00216774 0.00542113 -0.0208714 -0.00909913 0.0161741 0.005968 -0.00310891 -0.0146922 -0.00974356 -0.0029786 0.000371255 -0.00176797 0.000424186 -0.0112289 -0.00926582 -0.0177678 
0.22565 0.12486 0.0762844 0.0488675 0.0125262 -0.0111231 0.000140787 0.0297217 0.0304035 0.0494851 0.0560667 0.0968834 0.0687886 0.0462045 0.0377058 0.017321 -0.017825 -0.0430658 -0.0275701 0.000610099 -0.0061765 -0.00720038 0.00212436 0.00676216 -0.0232029 -0.03625 -0.042512 -0.0457935 -0.0721846 -0.0843722 -0.0757405 -0.0493119 -0.0434367 -0.0387821 -0.03208 -0.0184139 -0.0332147 -0.0311632 -0.048541 -0.0523621 
0.701762 0.495132 0.311047 0.191075 0.118833 0.0697367 0.0565915 0.0787465 0.113621 0.134622 0.147539 0.115726 0.102735 0.112566 0.0717166 0.0064085 -0.0247136 -0.0353874 -0.0208559 -0.00967658 -0.0207962 -0.0328977 -0.0626019 -0.0900744 -0.0827687 -0.086207 -0.0785406 -0.0363998 -0.020632 -0.0204987 -0.0342987 -0.0126393 -0.0120149 0.0157944 0.0323053 0.0643143 0.0697478 0.0289827 -0.0115606 -0.0499919 
0.24443 0.164113 0.10995 0.0579016 0.0244718 0.00225642 -0.00344349 0.00563293 -0.00861244 -0.00617433 -0.0152971 -0.0159123 0.00300472 0.00294662 0.00941522 -0.0020831 -0.00719045 -0.0051708 -0.0312428 -0.0144956 -0.0118162 -0.0216086 -0.0129874 0.0031423 0.0355864 0.0628742 0.0768043 0.108995 0.0911645 0.0583536 0.0436604 0.00449078 -0.0327272 -0.0550198 -0.0436632 -0.0422578 -0.0397771 -0.0161687 -0.0042244 0.0114089 
0.150365 0.0974744 0.0805187 0.0567352 0.0453915 0.0352091 0.031382 0.0307591 0.0308928 0.0179824 0.0191994 0.00888076 0.0112293 0.00804951 -0.00264739 -0.0200349 -0.0144436 -0.00245171 -0.00804129 -0.00655404 0.00145975 0.0111432 -0.0167278 -0.0387432 -0.0442831 -0.048282 -0.0471454 -0.0539374 -0.0459168 -0.0410282 -0.0355337 -0.019354 -0.0214847 -0.0258843 -0.0204217 -0.0108861 -0.0191514 -0.0291963 -0.0286629 -0.0278472 
0.180338 0.123104 0.080927 0.0483986 0.0299109 0.0167045 0.00489459 0.0337496 0.0550078 0.0556567 0.0685621 0.0547725 0.0470913 0.0379498 0.0328574 0.0228776 0.0239807 0.0186135 0.0273994 0.00219733 -0.0335648 -0.0314452 -0.0248751 -0.0108738 -0.00727577 -0.00674931 -0.00230046 0.000235592 -0.00216462 0.00271103 -0.00218065 -0.00671392 -0.00732566 -0.0118283 -0.0147112 -0.0138781 -0.0109868 -0.00805593 -0.0109623 -0.0254729 
0.20829 0.150272 0.066744 0.0375136 -0.00820322 -0.0278262 -0.0441274 -0.0524988 -0.0449386 -0.0262649 -0.00239586 0.00512519 0.00789433 -0.00794231 -0.016759 -0.0184676 -0.0319496 -0.0319528 -0.0275702 -0.0113107 -0.00689155 0.00632235 0.0195153 0.0279685 0.0124487 0.00231586 -0.00596032 -0.0158699 -0.0338897 -0.0382888 -0.0326949 -0.0188175 -0.00354146 0.00507542 0.00362268 0.0130435 0.00580806 0.00615328 0.00230473 -0.0144161 
0.335845 0.21375 0.126026 0.0500243 -0.022234 -0.0330642 -0.0331588 -0.0169807 0.00412661 0.0186743 0.0234988 0.0314812 0.0501926 0.0349639 0.0360667 0.0359862 0.0544818 0.0516533 0.0668231 0.0765414 0.0753651 0.0307448 -0.00914341 -0.0354693 -0.0498373 -0.0526829 -0.0562319 -0.0619462 -0.0635556 -0.0488114 -0.0562107 -0.0312661 0.00380375 0.0328344 0.0407997 0.0461428 0.0462379 0.0429394 0.0285179 0.0319679 
0.379546 0.303052 0.240816 0.210269 0.182602 0.182471 0.134104 0.0895786 0.0597543 0.0403233 0.0395405 0.0286676 0.000328876 -0.0213131 -0.0191126 -0.026965 -0.0318279 -0.035631 -0.0157456 -0.00752847 0.00590233 0.0194525 0.0395371 0.0190128 0.0144443 0.00837756 -0.00168221 -0.00977094 -0.0181266 -0.00495327 0.0132041 0.042785 0.0261403 0.0247896 0.00267836 -0.00120455 0.0101714 0.00641218 -0.00309973 -0.00420539 
0.557743 0.410124 0.346951 0.274994 0.181003 0.114505 0.0979495 0.0465352 0.0528723 0.0283127 -0.0185444 -0.0607592 -0.0908574 -0.0960395 -0.079734 -0.0445311 -0.0786114 -0.0859693 -0.0628892 -0.0700142 -0.101117 -0.116881 -0.0934459 -0.0989226 -0.0838537 -0.0741876 -0.0585021 -0.0294181 -0.0160633 -0.00952141 -0.0142253 -0.000863265 -0.00703859 -0.0156682 0.0073703 -0.000496018 -0.00731254 -0.00842397 -0.0149266 -0.020774 
0.484526 0.329546 0.271285 0.220507 0.168943 0.116322 0.106404 0.0853714 0.017364 -0.0180914 -0.0240866 -0.0412344 -0.0472893 -0.0522131 -0.0591846 -0.0524117 -0.0682654 -0.0681293 -0.0792808 -0.101371 -0.102956 -0.10961 -0.112473 -0.1158 -0.132848 -0.145075 -0.135775 -0.127356 -0.0879168 -0.0627715 -0.0626205 -0.0770221 -0.110866 -0.0950326 -0.0801486 -0.0712626 -0.0515607 -0.0237445 -0.0471151 -0.0911062 
0.193824 0.113069 0.0653782 0.0254941 0.0133582 0.00262467 0.00429867 0.0104884 0.0171427 0.0233175 0.0224999 0.0160353 0.0124154 0.00724936 0.0100463 -0.0236099 -0.0305664 -0.0332248 -0.0219935 -0.00248555 0.0126748 0.0149187 0.0124279 0.0143341 0.0172151 0.0148145 -0.00423474 -0.00756591 -0.0104149 -0.00193768 0.00933509 0.0392823 0.0427663 0.0407737 0.0201517 0.0222218 0.00944637 -0.00822867 -0.0267221 -0.0485768 
0.468644 0.317713 0.211242 0.186503 0.163755 0.129518 0.0868896 0.0427045 0.0269228 -0.00644499 -0.011711 -0.0346906 -0.0278139 -0.0092891 -0.0110778 -0.0233687 -0.0356602 -0.0215703 -0.0169342 -0.00884242 0.00370406 0.0360978 0.0484314 0.0619088 0.0435892 0.0238969 -0.00182343 -0.0141159 -0.01435 -0.0206941 -0.0492212 -0.0699009 -0.0622396 -0.0606176 -0.0533208 -0.0596733 -0.0603829 -0.0531876 -0.0340561 -0.0045093 
0.319858 0.218637 0.156669 0.0842231 0.0167505 -0.0123203 -0.0193088 -0.0183682 -0.00259849 0.0086046 0.0197352 0.0410252 0.0604624 0.0604047 0.0644817 0.0643782 0.0542535 0.0574189 0.0390854 0.0302586 0.0106139 -0.0259317 -0.0515211 -0.0620657 -0.0579082 -0.0455209 -0.030212 -0.0314655 -0.0212061 -0.0147928 -0.0421809 -0.0594087 -0.073038 -0.076653 -0.0681354 -0.055439 -0.0369542 -0.0160065 0.00188574 0.0138457 
0.139878 0.10349 0.0751715 0.0538067 0.0473373 0.0340581 0.0230381 0.0204758 0.0238027 0.0105823 0.0177955 -0.000716931 -0.00799686 -0.00966922 -0.0199082 -0.00332571 -0.00415008 -0.0136254 -0.0259 -0.0121959 -0.0150149 -0.0161876 -0.0246147 -0.0303594 -0.0163855 -0.0156609 -0.00809126 -0.0088922 -0.0029502 -0.00318547 -0.000354664 -0.0148612 -0.00607021 -0.0144241 -0.0274307 -0.0209257 -0.032688 -0.0272387 -0.0229265 -0.0182259 
0.370769 0.240239 0.132477 0.0726349 0.0616321 0.0749299 0.0976119 0.0929986 0.062505 0.0261467 -0.0230784 -0.0437253 -0.013512 0.0268558 0.069969 0.0764962 0.0601867 0.0208575 -0.0268591 -0.0565534 -0.0475776 -0.0320934 -0.034218 -0.0227096 -0.0333011 -0.0562357 -0.0621588 -0.0513243 -0.0357404 -0.0231296 -0.00875043 -0.0203032 -0.0358514 -0.0250594 -0.0238529 -0.00983539 -0.00821782 -0.0110286 -0.0212767 -0.0281694 
0.821254 0.667951 0.521037 0.383249 0.249102 0.148206 0.0613355 -0.0117511 -0.0702447 -0.100512 -0.105413 -0.107696 -0.10966 -0.112607 -0.0995593 -0.0807638 -0.059783 -0.0513921 -0.039831 -0.0462891 -0.0460329 -0.037081 -0.0131148 1.51281e-05 0.0263819 0.0291093 0.0537948 0.0873933 0.101864 0.116284 0.109256 0.0787312 0.0298224 0.00985114 0.0247945 0.0425292 0.0409322 0.0590036 0.0879271 0.106744 
0.158445 0.0868129 0.0409058 0.0053161 -0.00830581 -0.0141128 -0.0102411 -0.0145501 -0.0223642 -0.0179424 -0.00479953 0.0202947 0.0440254 0.048118 0.0293349 0.00141858 -0.0155063 -0.0223418 -0.0198672 -0.00380857 0.00367887 -0.00174779 -0.0100178 -0.00795242 -0.0145127 -0.0187205 -0.0184294 -0.0183077 -0.0181639 -0.0334366 -0.0260237 -0.00731883 0.00575999 0.0130215 0.0101995 0.00941602 0.00449209 0.000134417 -0.00339652 -0.0225 
0.168378 0.116688 0.079314 0.0474442 0.0157435 0.00260977 -0.000307282 0.0011337 0.00430053 -0.0269583 -0.0167434 -0.0106838 0.00306675 0.00679153 0.00888783 0.0183364 0.00516864 -0.0162604 -0.0331444 -0.0186533 -0.0207646 -0.0236094 -0.0338621 -0.0225881 -0.00693049 -0.0158261 0.00334084 0.0107701 0.0385967 0.0284605 0.0249542 0.0146768 0.00956372 0.0130077 -0.0116306 0.0160066 0.0116476 0.0127484 0.00934864 0.0080515 
0.153626 0.088116 0.0504972 0.035141 0.043622 0.0317477 0.0155493 -0.00110894 0.00440078 -0.00425578 -0.0122795 -0.00582895 -0.0159262 -0.0252222 -0.0188626 -0.017311 -0.0188687 -0.0238154 -0.0238282 -0.0344811 -0.035023 -0.0383755 -0.0408289 -0.0366856 -0.0262977 -0.0113266 -0.00373968 0.0085365 0.0118308 0.0194673 0.0354361 0.0588785 0.049114 0.0398618 0.0297546 0.0351017 0.0494864 0.0368842 0.0300215 0.00818308 
0.310186 0.225278 0.185355 0.112608 0.0936403 0.0631928 0.0265908 0.0128494 0.000289009 0.00391357 0.012008 -0.0191532 -0.0206197 -0.0363097 -0.0417459 -0.0156832 -0.0251262 -0.0372415 -0.0479285 -0.0712527 -0.0609313 -0.0573311 -0.0771545 -0.0808977 -0.0760848 -0.0733466 -0.0765431 -0.0656606 -0.0622232 -0.0715239 -0.0454237 -0.0411622 -0.0190703 -0.00495138 -0.0267568 -0.0115763 -0.0375545 -0.0309042 -0.0248352 -0.00927186 
0.101522 0.0561761 0.0470062 0.0272626 0.00870635 0.0208811 0.0310928 0.020029 0.0225525 0.0351618 0.0223759 0.0164091 0.0189003 0.00862544 0.000568573 0.00497758 0.0273606 0.0450682 0.0494782 0.0634039 0.0524109 0.0555306 0.0343648 0.0216847 0.0294882 0.0288331 0.0243082 0.0196709 0.0314231 0.0231899 0.0142459 0.0150981 0.00702514 -0.00317911 -0.00250304 0.0165151 0.0171809 0.0062227 0.0180213 0.0374288 
0.319498 0.22612 0.154119 0.10877 0.067155 0.0374878 0.0121927 0.0145255 0.00874866 0.00133643 0.000540401 -0.00916778 -0.0210494 -0.0204267 -0.0250241 -0.0171989 -0.0130856 -0.0104919 0.012156 0.00949172 0.015897 0.0240444 0.0109572 0.00254904 -0.0110822 -0.016677 -0.0243713 -0.0403037 -0.0347432 -0.015452 0.00350012 0.00502865 0.0204884 0.0361295 0.0494324 0.0354665 0.0179719 0.0158982 0.005548 0.00754814 
0.311884 0.221121 0.155023 0.110627 0.0847644 0.0671635 0.0513332 0.0328548 0.00625458 0.000858559 0.00234512 -0.00270785 -0.0253888 -0.035606 -0.0392397 -0.0182486 0.00334581 -0.00557836 -0.00624107 0.00266728 0.0126116 0.0260345 0.0395729 0.0336993 0.029989 0.0186987 0.0138235 0.0127345 0.000393088 -0.0180422 -0.0348588 -0.0515934 -0.0299922 -0.0375045 -0.0383193 -0.0327602 -0.0196791 -0.0243671 -0.026707 -0.0402256 
0.487162 0.333219 0.216906 0.159902 0.135491 0.0724723 0.0123287 -0.0201015 -0.0542118 -0.0636883 -0.0754426 -0.0505221 -0.0198695 -0.00669747 -0.0246743 -0.0232792 -0.00901339 0.0293644 0.0546965 0.0673494 0.0169551 -0.0208814 -0.060595 -0.100933 -0.0982916 -0.08598 -0.0498331 -0.0016784 0.0500023 0.0700897 0.0622168 0.0434728 0.0572006 0.0888676 0.0676754 0.0224144 -0.0064132 -0.0387226 -0.0177861 -0.0388681 
0.180611 0.11426 0.0747881 0.047223 0.042809 0.0490584 0.0499755 0.0347498 0.00354319 -0.00864175 -0.013009 -0.0176001 -0.00640402 -0.00331848 -0.0140585 -0.0200306 -0.0255712 -0.0250981 -0.0280948 -0.0348447 -0.0403766 -0.0364357 -0.0356882 -0.0184037 -0.000754925 0.00392594 -0.000579657 -0.0140545 -0.0176204 -0.0314819 -0.0281838 -0.00765444 0.00552795 0.00430134 0.00061122 -0.00852329 -0.0127476 -0.011047 -0.00934175 -0.00765042 
0.228556 0.144402 0.117283 0.0984329 0.0664348 0.0366488 0.0241557 0.0145022 -0.000713824 0.00575718 0.00981718 0.0350369 0.0263917 0.0121584 0.0148204 0.011952 0.0185597 0.00808625 0.00789453 0.00721267 0.00308474 0.00345897 0.00310014 -0.00975688 0.00454904 -0.000467246 -0.0133609 -0.00709629 -0.0153007 -0.0518108 -0.0595117 -0.0437072 -0.0426337 -0.0492919 -0.054194 -0.0601036 -0.0524767 -0.0474001 -0.0520177 -0.0322551 
0.372882 0.228334 0.155523 0.135242 0.121151 0.101809 0.082365 0.0865019 0.0589815 0.00581261 -0.0166112 -0.00302978 0.00656936 0.00706383 -0.0125045 -0.00369234 0.00119596 -0.0110313 -0.00570578 0.00917208 0.00847089 -0.0218021 -0.0411682 -0.0488834 -0.0377538 0.00773813 -0.00673342 -0.0104962 -0.018261 -0.0268001 -0.0307501 0.00258649 0.00022002 0.044724 0.0376134 0.00576205 -0.0150149 -0.0152012 -0.042235 -0.0413065 
0.329156 0.241129 0.160264 0.101706 0.0627393 0.0257517 0.0230654 -0.0141411 -0.00390541 0.0236913 0.0278483 0.0228996 0.0130816 0.0147309 -0.00783481 -0.0158126 -0.0164995 -0.0196218 -0.00727595 0.00553446 0.0369736 0.0376946 0.0315818 0.0219108 -0.00102493 -0.0161981 -0.0433623 -0.0479917 -0.052243 -0.064665 -0.04925 -0.0390652 -0.0338992 -0.0313959 -0.0337182 -0.0378818 -0.0438177 -0.0385942 -0.033114 -0.02701 
0.688736 0.56972 0.474111 0.397842 0.317461 0.291192 0.23576 0.182989 0.109492 0.0517643 0.0281009 0.0240591 0.0196908 0.0366798 0.0378271 0.051056 0.0674473 0.113579 0.112854 0.0981964 0.0863478 0.0866363 0.0408644 0.0246211 0.00637864 -0.0210274 -0.0542581 -0.0696608 -0.0900153 -0.0652742 -0.0686349 -0.0745352 -0.0875077 -0.0954571 -0.103938 -0.0969466 -0.1043 -0.0864004 -0.0776301 -0.0721967 
0.283938 0.130896 0.0156388 -0.0271916 -0.0595197 -0.0565852 -0.0450537 -0.0353952 -0.0387353 -0.0211035 -0.00910759 -0.00439546 -0.0126091 -0.0294711 -0.0299989 -0.0234169 -0.00851151 0.00557501 0.0269507 0.00909189 -0.007735 0.00864076 0.0483866 0.0467372 -0.0049986 -0.0389356 -0.026472 -0.0189444 -0.0210719 -0.016446 -0.00728902 -0.0199735 -0.026378 -0.0285626 -0.00282586 -0.000746328 0.00189244 -0.0145246 0.00321012 0.0212154 
0.145589 0.0932179 0.0582697 0.0485253 0.0357848 0.0190622 -0.00302979 -0.00878335 -0.0270237 -0.0285144 -0.0343246 -0.0285415 -0.0193685 -0.00625923 0.00133597 0.00556615 -0.000715973 -0.006373 -0.0135913 -0.00185421 0.00303466 0.00295349 -0.00196374 0.00325857 0.018862 0.0344893 0.0201592 0.00586921 0.008718 0.00250555 0.00249426 -0.0047728 -0.0201718 0.00194988 0.00324853 -0.0042027 -0.0166036 -0.0135673 -0.0214526 -0.0301138 
0.320065 0.190658 0.0897065 0.0127828 -0.0142614 -0.0163757 -0.02406 -0.0318337 -0.0463373 -0.0426135 -0.0485223 -0.0350823 0.0132629 0.046045 0.0697107 0.0760173 0.0513561 0.0152231 -0.00560736 -0.0507291 -0.0489239 -0.0628424 -0.0407191 -0.00958367 0.0116315 0.0262077 0.0182943 -0.0126681 -0.0254004 -0.0361377 -0.0433089 -0.0627596 -0.0754581 -0.0800394 -0.080872 -0.0759663 -0.0526151 -0.0293893 0.00964291 0.0242457 
0.210845 0.130521 0.0742899 0.0403419 0.0251981 0.0164409 0.012738 0.0222582 0.0282124 0.0371861 0.0208436 -0.00695425 -0.0135414 -0.018223 -0.0113978 0.00245698 0.00745687 0.0184686 0.0224634 0.0115857 0.0102426 0.0095183 -0.00307435 -0.00474086 0.00300912 0.0213606 0.0369231 0.0303201 0.0240149 -0.00533485 -0.00719738 -0.0216068 -0.0148382 -0.00189461 -0.0024536 -0.00825642 -0.00225481 0.00267377 0.00178662 -0.030382 
0.293066 0.190263 0.148252 0.100341 0.0537844 0.023634 0.00787781 -0.00471271 -0.0122036 0.00313115 0.0175049 0.0218911 0.030904 0.0288799 0.0114868 0.00182543 0.00572503 -0.00138268 -0.0176472 -0.0244219 -0.0418797 -0.0637108 -0.0633548 -0.0510032 -0.0388756 -0.0413059 -0.0292004 -0.0158171 -0.0133649 -0.0322431 -0.0413129 -0.0307057 -0.0232205 -0.0192346 -0.0218853 -0.0302068 -0.0349983 -0.0206941 -0.00690987 -0.0126346 
0.223436 0.152849 0.125084 0.0775674 0.0703098 0.0587163 0.0187832 0.0218088 0.0185702 0.00534619 -0.00182449 -0.00217947 -0.0106308 -0.0189926 -0.0279151 -0.0384479 -0.0399005 -0.0389971 -0.0368308 -0.0393615 -0.0442881 -0.0419244 -0.0343473 -0.0257736 -0.00933325 -0.00423416 -0.0135869 -0.0175191 -0.0212081 -0.0203534 -0.00665176 -0.0134586 0.00477823 0.0245059 0.0341016 0.0318015 0.00865749 0.00628735 0.0070573 0.0052711 
0.234979 0.142384 0.0917992 0.0706016 0.0735291 0.0484075 0.0101813 0.000557174 0.00734471 0.0228729 0.0167873 0.00554448 0.00966388 0.017205 0.00605493 0.0111434 0.0143964 0.0154331 0.0140968 0.00930604 -0.00425745 -0.00987738 -0.0237976 -0.0408882 -0.0501753 -0.0673031 -0.0567629 -0.0422325 -0.0307996 -0.0191511 -0.0151865 0.00632616 0.0368633 0.0527353 0.0562678 0.0301117 0.000771114 -0.0254762 -0.03819 -0.030209 
0.289802 0.202657 0.173722 0.141759 0.115364 0.0809951 0.061641 0.0397927 0.00898937 0.00240025 -0.00618713 -0.016628 -0.0189685 -0.00869698 0.0108288 -0.00663741 -0.00371596 0.0021421 0.0130965 0.0278046 0.0314996 0.0208172 0.0040108 0.00886643 0.0163302 0.0280288 0.0482643 0.0405076 0.019701 0.00350851 -7.43492e-06 0.0104734 0.014841 0.0130223 0.0039061 0.00360916 -0.00637496 -0.0271622 -0.0328651 -0.0434759 
0.305556 0.196969 0.147049 0.115201 0.0896289 0.0271777 0.00750955 -0.0136931 -0.0240353 -0.0262997 -0.0358985 -0.0461323 -0.0511051 -0.0498057 -0.0486196 -0.0426293 -0.0273316 -0.00975827 0.00369347 -0.0137415 -0.0282915 -0.0240278 -0.0211424 -0.0366967 -0.0393798 -0.0374633 -0.0304015 -0.0379485 -0.0529175 -0.0626583 -0.0553536 -0.0388857 -0.0285639 -0.0105406 -0.00207063 0.0143156 0.0441367 0.0667994 0.0662522 0.0455795 
0.215889 0.145311 0.0876359 0.0725684 0.0497165 0.0375197 0.0386099 0.0408923 0.0405594 0.0176782 -0.00248006 -0.00229633 -0.00573124 -0.0106094 -0.0274613 -0.0407133 -0.0452146 -0.032612 -0.0285142 -0.0290394 -0.0308498 -0.0274184 -0.0324742 -0.027817 -0.00759239 0.00285617 0.00758299 0.0184092 0.010552 -0.00875913 -0.00410894 -0.00814266 -0.00766465 -0.0123494 -0.011222 -0.0128436 -0.0111439 -0.0124518 -0.0094647 0.000626495 
0.2612 0.168108 0.123583 0.0820427 0.030657 0.0281694 0.0353963 0.0436868 0.0503242 0.0582913 0.0511226 0.0315127 0.027494 -0.000911356 -0.0353131 -0.0614445 -0.0672517 -0.0655917 -0.027972 -0.0113364 -0.0168879 -0.0205253 -0.00898337 -0.0284359 -0.0655274 -0.0798266 -0.0778079 -0.10127 -0.103179 -0.0864355 -0.0862154 -0.071916 -0.0676149 -0.065289 -0.0648085 -0.0697077 -0.0468524 -0.0323788 -0.0276214 -0.0215012 
