0.58849 0.532832 0.481311 0.427505 0.37359 0.331283 0.297495 0.267832 0.240032 0.229936 0.220949 0.212026 0.21312 0.2217 0.222228 0.220575 0.216357 0.211789 0.203407 0.183535 0.162616 0.145314 0.12016 0.0987129 0.0811716 0.0674009 0.0558046 0.0538819 0.0520904 0.0578083 0.0648474 0.0734805 0.0810377 0.0875692 0.0978996 0.0995331 0.102785 0.110002 0.107927 0.100978 
0.555828 0.50376 0.458577 0.411815 0.369871 0.339297 0.308809 0.279393 0.246975 0.225656 0.206067 0.18473 0.165864 0.14833 0.133801 0.124797 0.125664 0.124124 0.117522 0.122018 0.119817 0.108568 0.10154 0.0989629 0.0931894 0.0853659 0.0853871 0.0841049 0.0782884 0.0767941 0.0799643 0.0814518 0.0839283 0.0848102 0.0945701 0.102515 0.105583 0.108661 0.100908 0.102216 
0.395151 0.339344 0.294505 0.255942 0.21398 0.178997 0.143205 0.109605 0.0771863 0.056433 0.0358318 0.0158874 -0.00624314 -0.0259012 -0.0450226 -0.0596921 -0.0718311 -0.0797381 -0.0827609 -0.0784341 -0.0684193 -0.0524059 -0.0409691 -0.0402019 -0.0342143 -0.0254775 -0.0231748 -0.0208979 -0.0214214 -0.0184831 -0.0117712 -0.0123691 -0.0152982 -0.0162687 -0.00499026 0.00214815 0.00367246 0.0046216 -0.000515885 -0.00213397 
0.376505 0.323032 0.271769 0.232775 0.195151 0.160592 0.130541 0.108837 0.0950481 0.08545 0.0763123 0.0741077 0.0684143 0.0645727 0.0513019 0.0382641 0.0170757 0.0023685 -0.0164162 -0.0260513 -0.0420658 -0.0566796 -0.0646919 -0.0659048 -0.0542245 -0.0347117 -0.0161303 -0.00136891 0.01111 0.024796 0.032679 0.0357816 0.0350795 0.0320796 0.0258217 0.0293221 0.0351112 0.0404913 0.0527543 0.060204 
0.432293 0.380484 0.345249 0.315989 0.298271 0.282922 0.260166 0.242978 0.233154 0.219021 0.198466 0.185231 0.177559 0.165062 0.158944 0.148325 0.134013 0.12484 0.112162 0.100885 0.0928518 0.0830806 0.0770468 0.0658802 0.0658041 0.0613555 0.0608447 0.058298 0.0511417 0.0384962 0.0347762 0.034793 0.0410569 0.0448042 0.0486257 0.0569216 0.0666672 0.0729783 0.0717636 0.0742197 
0.456503 0.41601 0.377419 0.339694 0.31031 0.280817 0.257987 0.239912 0.222566 0.209475 0.188979 0.176541 0.165744 0.145625 0.1229 0.109219 0.0891361 0.069687 0.0436801 0.0243647 0.00821944 -0.00374426 -0.0167913 -0.0267465 -0.0306063 -0.0384437 -0.0408619 -0.057472 -0.0644692 -0.0707243 -0.0710118 -0.07729 -0.0899383 -0.0945388 -0.0941813 -0.0990378 -0.0888698 -0.0818431 -0.0731117 -0.0674115 
0.380368 0.330181 0.278001 0.23267 0.207963 0.193471 0.183418 0.168006 0.145429 0.115501 0.0883012 0.0681349 0.0589189 0.0558245 0.0525147 0.0553865 0.0543875 0.04848 0.0333017 0.0118151 -0.00392042 -0.0245637 -0.0331104 -0.0412127 -0.0387312 -0.0324936 -0.0248375 -0.0260023 -0.028967 -0.0345961 -0.0403372 -0.0362855 -0.0266867 -0.0124515 0.00201415 0.00946431 0.0159324 0.0167444 0.0167682 0.0129443 
0.345024 0.280625 0.225833 0.190169 0.153253 0.120409 0.0909058 0.068704 0.0503903 0.0292398 0.0183293 0.00698112 -0.00497952 -0.016726 -0.0180195 -0.0174438 -0.011185 -0.00606676 0.00848027 0.0252372 0.036915 0.0407091 0.0429305 0.0488341 0.0537498 0.0588322 0.0569673 0.0533857 0.0425805 0.0324915 0.0275045 0.0210212 0.00831227 0.0037434 0.00584345 0.00421334 0.000991932 -0.0116292 -0.0220707 -0.0190053 
0.438373 0.388835 0.340002 0.304617 0.274385 0.245448 0.215601 0.181698 0.159647 0.137857 0.116847 0.0916044 0.0741376 0.0525263 0.0409412 0.0266846 0.0226777 0.0216785 0.0185149 0.0193282 0.0141335 0.00797697 0.00838586 0.0123279 0.0292509 0.0517482 0.0668165 0.069998 0.0713278 0.0737738 0.0691287 0.0728484 0.0689729 0.0675886 0.06809 0.0642375 0.0525122 0.0406899 0.0301276 0.0143129 
0.558762 0.504609 0.454784 0.404129 0.356244 0.310111 0.26525 0.229562 0.200139 0.167791 0.140813 0.111786 0.0919024 0.0811238 0.072007 0.0551238 0.0473145 0.0344651 0.0241549 0.0115434 -0.00327031 -0.0169096 -0.0224057 -0.0166551 -0.0114336 -0.00218654 0.00528768 0.0057507 0.00350393 -0.00357185 -0.0127454 -0.0184241 -0.0198937 -0.0251992 -0.0335601 -0.0398991 -0.0436708 -0.0423146 -0.0455405 -0.0403703 
0.437125 0.373383 0.322509 0.276506 0.243172 0.216478 0.192592 0.173425 0.155929 0.138323 0.122653 0.104941 0.0945514 0.0804431 0.0682695 0.0556166 0.047275 0.0327831 0.0234469 0.00897744 0.00150967 -0.00781914 -0.024041 -0.0392863 -0.0475675 -0.0506069 -0.0495185 -0.0529681 -0.0554904 -0.0564293 -0.0569154 -0.0471641 -0.0463959 -0.0442502 -0.0407954 -0.0428642 -0.0375223 -0.0260433 -0.0209029 -0.0216082 
0.537786 0.494701 0.45629 0.420381 0.385609 0.354627 0.331957 0.313834 0.284441 0.256019 0.22904 0.210469 0.187092 0.160732 0.129087 0.100039 0.0719603 0.0390269 0.012754 -0.0136092 -0.0343389 -0.0558382 -0.077077 -0.0941031 -0.112012 -0.12246 -0.130372 -0.135779 -0.143 -0.144568 -0.141634 -0.141269 -0.141805 -0.142817 -0.140987 -0.138082 -0.144862 -0.147408 -0.156361 -0.158057 
0.419074 0.367661 0.323795 0.287983 0.245476 0.202571 0.170484 0.147539 0.134832 0.116141 0.100339 0.08864 0.0727117 0.0605251 0.0462819 0.0333652 0.0174846 0.00416681 -0.00783102 -0.0171414 -0.0205804 -0.0354709 -0.0512768 -0.0520546 -0.0417676 -0.0326898 -0.0254303 -0.017453 -0.00518382 -0.00430989 0.000526583 -0.00299852 -0.013535 -0.0372341 -0.0510258 -0.0662417 -0.0775325 -0.075772 -0.0664188 -0.0472319 
0.461333 0.408442 0.363009 0.333961 0.310267 0.292411 0.270358 0.236275 0.214522 0.19657 0.184536 0.1735 0.170973 0.170296 0.162118 0.165611 0.168432 0.169405 0.159085 0.14838 0.136137 0.112819 0.0984937 0.0789831 0.0627874 0.0489254 0.0436459 0.03224 0.0189961 0.0105585 0.00130533 -0.00732747 -0.0244518 -0.0405342 -0.059492 -0.070235 -0.0762851 -0.0740499 -0.0713097 -0.0688641 
0.467261 0.405457 0.361151 0.321183 0.28148 0.237433 0.201774 0.181994 0.175854 0.16944 0.167438 0.172102 0.170526 0.175993 0.181317 0.187943 0.178076 0.162243 0.145775 0.127413 0.116802 0.108316 0.103769 0.0967613 0.0887252 0.0710369 0.0579689 0.0533704 0.0559092 0.0534932 0.0425157 0.0427725 0.0624029 0.0755744 0.0714489 0.0570674 0.050604 0.0505125 0.0458731 0.039289 
0.500756 0.446375 0.39651 0.34967 0.307214 0.279556 0.259848 0.242995 0.23138 0.223484 0.218761 0.213178 0.203766 0.184094 0.165153 0.145226 0.124462 0.113878 0.113941 0.114736 0.110868 0.10417 0.104204 0.0992158 0.0917078 0.0857199 0.0762914 0.0669872 0.0533702 0.0456853 0.0457804 0.0400326 0.0316017 0.0221607 0.00883015 -0.010734 -0.022586 -0.0369823 -0.0405906 -0.0397655 
0.470426 0.428088 0.390867 0.35595 0.328261 0.304124 0.279757 0.260883 0.244467 0.233145 0.21772 0.197664 0.185351 0.171329 0.154488 0.132913 0.115767 0.104944 0.0992956 0.0939804 0.0877051 0.0847427 0.0798205 0.0733373 0.0684737 0.0559176 0.0449609 0.0384003 0.0236011 0.0154072 0.0081799 -0.00132272 -0.00697572 -0.0110913 -0.022509 -0.0326833 -0.0431311 -0.0527212 -0.0635074 -0.0672394 
0.458857 0.41397 0.37131 0.330078 0.300109 0.278871 0.263913 0.248142 0.235052 0.209578 0.192941 0.180895 0.168521 0.162168 0.152715 0.138718 0.119202 0.102265 0.0881713 0.0758787 0.0700347 0.0640684 0.0663575 0.0688678 0.0609989 0.0536927 0.045495 0.0311556 0.0225919 0.0153026 0.00826802 0.00860873 0.00818134 -0.000501296 -2.38135e-05 -0.00149101 0.00609297 0.0119944 0.0230462 0.0311187 
0.478112 0.430613 0.386885 0.343795 0.305392 0.270985 0.246318 0.218514 0.201915 0.18226 0.165457 0.152819 0.136151 0.125729 0.109429 0.0970724 0.0846265 0.0708843 0.0618005 0.0526732 0.041993 0.0340973 0.038868 0.0404044 0.0475121 0.0495757 0.0456127 0.0372655 0.0344667 0.0229111 0.0165623 0.00931476 0.000708882 -0.00484743 -0.00465166 -0.0142775 -0.017284 -0.0169032 -0.0197979 -0.0255819 
0.452161 0.399288 0.356984 0.311076 0.279788 0.251201 0.217105 0.186232 0.163468 0.126257 0.0935477 0.0789655 0.0579184 0.0404932 0.0294942 0.0147566 0.00723574 0.00917547 0.0107714 0.00442053 0.00192544 -0.00216216 -0.00819093 -0.00743675 -0.00386788 -0.00464185 -0.00455243 -0.00948861 -0.0182998 -0.0185626 -0.0215455 -0.0326816 -0.0349045 -0.0401954 -0.049978 -0.0576466 -0.0690309 -0.0783434 -0.0881501 -0.0993295 
0.569631 0.521571 0.470497 0.421828 0.379637 0.349883 0.314021 0.283293 0.2573 0.229497 0.215041 0.192213 0.164112 0.137085 0.113698 0.0926067 0.0863243 0.0737609 0.0581894 0.0443007 0.0250233 0.00547078 -0.0134024 -0.0300313 -0.0529273 -0.077166 -0.10457 -0.121723 -0.126931 -0.117774 -0.106735 -0.099966 -0.094734 -0.0871966 -0.0807349 -0.0752787 -0.0736037 -0.0723293 -0.0723593 -0.0775195 
0.370156 0.319752 0.273593 0.234498 0.204498 0.179462 0.156844 0.132546 0.109795 0.0923428 0.0705261 0.0555688 0.0507901 0.0537545 0.066672 0.0726968 0.0815093 0.0926102 0.0973857 0.0996938 0.0997677 0.0948788 0.0869037 0.0815186 0.0772113 0.0751282 0.0695225 0.0690968 0.0704473 0.0668028 0.059415 0.0502903 0.0484252 0.0458821 0.0390552 0.0289912 0.0176705 0.00529329 -0.00882677 -0.0198624 
0.447714 0.380648 0.323319 0.27357 0.234206 0.188696 0.145276 0.114469 0.094694 0.0800806 0.0646329 0.0480716 0.0380264 0.0298656 0.025563 0.0157348 0.000139015 -0.00318211 -0.00130858 -0.000191701 -0.000985437 -0.00663073 -0.00250255 0.00232401 0.0125899 0.0236903 0.0316025 0.0390263 0.0469524 0.0563909 0.0570076 0.0486087 0.0348362 0.0265007 0.016541 0.00770713 8.51849e-05 -0.0086191 -0.0142124 -0.0249966 
0.332508 0.282631 0.253076 0.230009 0.20127 0.175729 0.159025 0.132851 0.108461 0.0883267 0.0693732 0.0540853 0.0404785 0.0312082 0.0182567 0.00745387 -0.000930248 0.00123493 0.00646791 0.00645021 0.0128046 0.0193389 0.0214926 0.0210285 0.0235679 0.0271842 0.0277237 0.0321963 0.028459 0.0216129 0.0187867 0.0130646 0.00210392 -0.0105619 -0.0166823 -0.0138753 -0.0139081 -0.0136738 -0.0112589 -0.00508294 
0.261271 0.218232 0.184066 0.158779 0.143905 0.130183 0.114753 0.0970184 0.0809662 0.0558967 0.035665 0.017713 0.00233246 -0.0185829 -0.0323406 -0.0345624 -0.0346085 -0.0335398 -0.0397754 -0.0395673 -0.0412982 -0.0472715 -0.0470222 -0.0440502 -0.0298049 -0.0188735 -0.012816 -0.010583 -0.0134476 -0.00655048 -0.00535964 -0.000783702 0.00300664 0.00729038 0.0150048 0.0207031 0.0190867 0.0134331 0.0174912 0.0165155 
0.345223 0.293998 0.260717 0.233301 0.207234 0.173508 0.144036 0.114596 0.0844097 0.0585323 0.0351079 0.0218947 0.016277 0.0043944 -0.00705682 -0.0145584 -0.0185214 -0.0187315 -0.0263482 -0.0290346 -0.0272548 -0.0283516 -0.030034 -0.0312244 -0.024185 -0.0213315 -0.024125 -0.0236203 -0.0143529 -0.00707952 -0.0104703 -0.0136973 -0.0167331 -0.0226692 -0.0226103 -0.0177695 -0.0213273 -0.030809 -0.038845 -0.0460332 
0.372065 0.32458 0.291142 0.256371 0.232356 0.208095 0.187416 0.172588 0.155382 0.14496 0.132891 0.117378 0.103473 0.0872506 0.0725923 0.0580222 0.0405527 0.0304689 0.0227253 0.0173073 0.0126548 0.00207548 -0.00806647 -0.0101546 -0.0121312 -0.0178373 -0.0275621 -0.0309736 -0.0274831 -0.0241006 -0.0243905 -0.0281769 -0.0288409 -0.0332241 -0.042504 -0.0551011 -0.057764 -0.0654053 -0.0579912 -0.0455634 
0.308303 0.259641 0.220372 0.187998 0.15303 0.12728 0.10311 0.0789998 0.0582368 0.0416201 0.024469 0.00360167 -0.0162163 -0.0195028 -0.01727 -0.0182269 -0.0185639 -0.00503582 0.00172642 0.00276699 -0.000749083 -0.00399655 -0.00213255 0.00728276 0.0196633 0.0233461 0.025419 0.0290648 0.0332401 0.0370164 0.0369635 0.0312317 0.0173935 0.0118356 0.000345899 -0.00900277 -0.0141477 -0.0252592 -0.0324767 -0.0467224 
0.281447 0.233874 0.192664 0.156344 0.130181 0.113758 0.0962935 0.0733189 0.0550904 0.0396906 0.024544 0.0175662 0.0135565 0.0165038 0.0117587 0.00911133 0.0137089 0.0237848 0.0320015 0.0264507 0.0178619 0.0115066 0.010577 0.00500979 0.00296536 0.00965261 0.0056404 0.0103946 0.00650432 -0.00735102 -0.0219129 -0.0271949 -0.030472 -0.0324092 -0.0320652 -0.0294 -0.0310686 -0.0383064 -0.0457312 -0.0504854 
0.259083 0.215042 0.175613 0.141227 0.11273 0.096223 0.0750403 0.0593467 0.0410833 0.0191917 0.00691947 9.07267e-05 -0.0111271 -0.0185801 -0.0223041 -0.0239628 -0.0204881 -0.0144347 -0.0146288 -0.0170164 -0.0103013 -0.00482305 0.00785263 0.0124579 0.0109974 0.0046164 -0.00163159 -0.0127396 -0.0158017 -0.020006 -0.0284956 -0.0374529 -0.0399388 -0.0387509 -0.0275826 -0.0161177 -0.00576531 0.000141054 0.00861476 0.0029123 
0.457804 0.41159 0.361856 0.330831 0.308142 0.29026 0.275575 0.252424 0.233973 0.211913 0.201858 0.186386 0.182767 0.170386 0.159534 0.14434 0.129767 0.121966 0.0918982 0.0782513 0.0624009 0.0482148 0.0258971 0.0139489 -0.00506763 -0.0172593 -0.0260453 -0.0265088 -0.0287114 -0.039693 -0.0420972 -0.0514991 -0.0565972 -0.0553817 -0.0394359 -0.0280718 -0.0193859 -0.00550717 0.00332746 0.0111989 
0.35071 0.312721 0.282532 0.25805 0.235216 0.213328 0.202619 0.191052 0.172439 0.145937 0.119539 0.104636 0.0874329 0.0740168 0.0704267 0.0639764 0.0552207 0.0438528 0.0281592 0.0116808 0.00114401 -0.00732405 -0.0117369 -0.0145604 -0.0130459 -0.020804 -0.0245095 -0.0327123 -0.0366781 -0.041125 -0.0439275 -0.0493369 -0.0450347 -0.042124 -0.0405855 -0.0252491 -0.021144 -0.00914754 0.00234075 0.0114016 
0.499167 0.439868 0.388114 0.34225 0.300664 0.262833 0.229759 0.203102 0.179832 0.166372 0.157838 0.155391 0.145415 0.126067 0.118728 0.112238 0.0988996 0.0918797 0.073442 0.0618078 0.0562397 0.051552 0.0431127 0.0277531 0.0163647 0.0065917 -0.00046005 -0.0131959 -0.0275294 -0.0417185 -0.0614485 -0.0800505 -0.0915565 -0.0986735 -0.105045 -0.110823 -0.105875 -0.0863837 -0.0733991 -0.0576759 
0.518832 0.473628 0.431524 0.394643 0.352772 0.315963 0.282088 0.254231 0.228785 0.204845 0.184539 0.174094 0.172205 0.166 0.158711 0.152866 0.141006 0.123936 0.103364 0.0831143 0.0589667 0.0329273 0.00867432 -0.013862 -0.0281027 -0.0394354 -0.0559454 -0.0652802 -0.0711075 -0.0718099 -0.0772161 -0.0730857 -0.0658046 -0.0595743 -0.0577334 -0.0494348 -0.0434046 -0.0299968 -0.0179731 -0.00876651 
0.404334 0.353036 0.311821 0.269898 0.227724 0.187942 0.15218 0.130114 0.110117 0.0976103 0.0945248 0.0860183 0.0806338 0.0816759 0.0802666 0.0840809 0.0878157 0.0831322 0.0834314 0.0810516 0.0807865 0.0751541 0.062865 0.044738 0.034539 0.0209001 0.00803149 -0.0117045 -0.0300481 -0.0423545 -0.0546183 -0.0708352 -0.0852224 -0.0947455 -0.098924 -0.10705 -0.109873 -0.102938 -0.0892153 -0.0771675 
0.360211 0.305944 0.24154 0.189896 0.14191 0.101712 0.0688349 0.0444509 0.0246386 0.00741829 -0.0114415 -0.0302584 -0.0489376 -0.0580128 -0.0601119 -0.0534909 -0.0414268 -0.0303151 -0.0135913 -0.00371998 -0.00183887 -0.0062818 -0.00547285 -0.00733952 -0.0112932 -0.00962514 -0.0144346 -0.0143058 -0.0191282 -0.0278829 -0.034686 -0.042878 -0.0560604 -0.0650529 -0.0733213 -0.0759931 -0.0715749 -0.0649985 -0.0605712 -0.0505456 
0.413528 0.370684 0.324189 0.288858 0.249519 0.217017 0.19029 0.162393 0.140832 0.124031 0.115765 0.111398 0.115626 0.116035 0.112325 0.107998 0.0959229 0.0865834 0.0732864 0.0656957 0.0538168 0.0424942 0.0311891 0.0282025 0.0173465 0.0121082 0.00493297 -0.00295738 -0.0171309 -0.030027 -0.0405587 -0.0499661 -0.0462461 -0.0523875 -0.0534712 -0.0599808 -0.0519937 -0.046104 -0.0404783 -0.0374444 
0.419527 0.381174 0.342634 0.302488 0.268304 0.236909 0.206441 0.176707 0.156701 0.133019 0.113121 0.0964679 0.0788768 0.0651325 0.04895 0.0301039 0.0112041 -0.00300175 -0.00708502 -0.0214372 -0.0382801 -0.0491052 -0.0520325 -0.053654 -0.0556122 -0.0553382 -0.0499837 -0.043686 -0.0383299 -0.0267374 -0.00988516 0.0061428 0.0170126 0.0259258 0.0302105 0.0278425 0.03528 0.0460682 0.0530567 0.0568231 
0.445837 0.405016 0.363003 0.32094 0.284915 0.258601 0.230681 0.197236 0.170034 0.151557 0.13281 0.11325 0.0895268 0.0642192 0.0446517 0.0252578 0.0175577 0.010752 0.0017405 -0.00594445 -0.0108895 -0.0174414 -0.0203148 -0.0136476 -0.00886984 -0.0019722 -0.00319419 0.00199457 0.00538231 0.0110052 0.0175879 0.0247704 0.0279172 0.0257011 0.0283159 0.0359203 0.041119 0.0503836 0.0545664 0.0501013 
0.569504 0.512257 0.46071 0.414756 0.36005 0.313569 0.274352 0.233064 0.193233 0.164176 0.146804 0.123593 0.105442 0.0935138 0.0841076 0.0671652 0.0444732 0.0297598 0.011876 -0.00570905 -0.0206729 -0.0315131 -0.041461 -0.0468999 -0.0508604 -0.0484914 -0.039326 -0.0252898 -0.0158479 -0.000823645 0.0161051 0.033542 0.0443203 0.0562463 0.0709029 0.0742707 0.0699489 0.0674675 0.0749791 0.0701204 
0.52462 0.472332 0.429171 0.383857 0.33797 0.291017 0.257489 0.227899 0.202479 0.17912 0.16021 0.149773 0.140618 0.132531 0.129672 0.133915 0.133409 0.129095 0.123266 0.122555 0.126607 0.127479 0.117275 0.110082 0.102749 0.0891042 0.0704413 0.0553946 0.0524798 0.0547267 0.0517394 0.0477698 0.0435953 0.0343382 0.0183407 0.00281519 -0.0099929 -0.0163119 -0.0169993 -0.0170449 
0.519882 0.467501 0.420248 0.383742 0.362398 0.339599 0.312413 0.294554 0.271434 0.250268 0.239105 0.225196 0.208145 0.191779 0.179271 0.16743 0.15815 0.145884 0.128515 0.124626 0.107836 0.103631 0.102328 0.0957392 0.0919701 0.0863096 0.0806808 0.0834123 0.0839936 0.0780643 0.0703773 0.0602535 0.0596601 0.0519964 0.0472484 0.0421437 0.0320747 0.0204256 0.0136262 0.00246649 
0.480153 0.436386 0.400217 0.367831 0.345588 0.324555 0.300384 0.27866 0.253284 0.236438 0.21763 0.206723 0.20055 0.181293 0.161806 0.145915 0.125578 0.105173 0.0906077 0.0773811 0.0709585 0.0705872 0.0728025 0.0677949 0.0626193 0.0607627 0.0645753 0.0626413 0.0537835 0.0364155 0.0189396 -0.000188607 -0.0106412 -0.0217947 -0.0338866 -0.0442909 -0.055463 -0.0693505 -0.0777279 -0.0776885 
0.559908 0.509303 0.462015 0.414405 0.373694 0.345468 0.318262 0.287184 0.266938 0.249931 0.228109 0.206512 0.187776 0.174702 0.157754 0.144572 0.12459 0.0997331 0.0893892 0.0877264 0.0813142 0.0778167 0.0699836 0.0625376 0.0548115 0.0480099 0.0399983 0.0339046 0.0278088 0.0247678 0.0329133 0.0336156 0.0323825 0.0279032 0.0200826 0.00640999 -0.00543688 -0.0155319 -0.0300786 -0.0478555 
0.502747 0.451485 0.40236 0.358549 0.316033 0.285985 0.263046 0.256744 0.247564 0.238356 0.216639 0.185135 0.155077 0.123473 0.0910023 0.0581349 0.0279592 0.00263988 -0.0169627 -0.0283754 -0.047741 -0.0628477 -0.0711264 -0.0789863 -0.0887825 -0.102658 -0.110729 -0.119085 -0.128692 -0.132168 -0.139003 -0.134284 -0.129661 -0.124849 -0.121334 -0.118527 -0.121056 -0.133722 -0.144541 -0.146251 
0.294856 0.251314 0.215488 0.192184 0.163215 0.139652 0.118201 0.101735 0.0830771 0.061917 0.0469248 0.0419714 0.0310598 0.0157885 -0.000609607 -0.00674376 -0.00593707 -0.00784576 -0.0135751 -0.0141204 -0.0150439 -0.0166493 -0.0237884 -0.0257171 -0.0222228 -0.0196765 -0.0136387 -0.0139575 -0.00630492 0.00229482 0.0134764 0.0120357 0.0119403 0.0120634 0.0138951 0.0117011 0.00890228 0.00734012 0.00684559 0.000505404 
0.381273 0.337805 0.295888 0.259992 0.235923 0.214635 0.200263 0.183765 0.174862 0.159611 0.142443 0.124441 0.103151 0.0846259 0.0623942 0.052872 0.047381 0.0454 0.0350469 0.0258384 0.0138941 0.00206863 -0.000540233 -0.00387113 -0.00819653 -0.0124732 -0.0198368 -0.0220527 -0.0250474 -0.0239214 -0.0269248 -0.0313358 -0.0371387 -0.041323 -0.0423964 -0.0426481 -0.0441103 -0.0520537 -0.0579162 -0.0647672 
0.346121 0.305721 0.272791 0.235883 0.199705 0.169291 0.145135 0.125307 0.106573 0.0948825 0.0979892 0.0905805 0.0895234 0.0984402 0.0961545 0.0889177 0.0798329 0.0659558 0.0499551 0.0379545 0.0209554 0.00719629 -0.00847226 -0.0150944 -0.0189329 -0.0220839 -0.0109296 -0.00159058 0.00389546 0.0095634 0.0146729 0.0190725 0.0177778 0.00666225 -0.00367199 -0.011416 -0.0286008 -0.0431641 -0.0500474 -0.058945 
0.360946 0.313809 0.274832 0.233611 0.208671 0.185705 0.16667 0.151849 0.139849 0.135338 0.13503 0.124841 0.116551 0.113813 0.106137 0.103536 0.0962545 0.0838232 0.0699802 0.0539864 0.0497458 0.0554188 0.0638582 0.0748992 0.0892823 0.101119 0.10729 0.107904 0.103511 0.100374 0.0929219 0.0838704 0.0775675 0.0652255 0.0582835 0.0560896 0.0542836 0.0534942 0.0470888 0.0520966 
0.396786 0.344267 0.299914 0.255793 0.211806 0.173637 0.141047 0.120572 0.106367 0.0956935 0.095035 0.0953512 0.0994427 0.10099 0.104939 0.106349 0.109931 0.108403 0.106539 0.111539 0.116644 0.121579 0.124125 0.126479 0.119983 0.10604 0.0892066 0.0766751 0.0602916 0.0423277 0.0277692 0.0120628 -0.000606309 -0.0095149 -0.00898732 -0.0117341 -0.00639646 0.0030338 0.0183102 0.0336254 
0.450913 0.400174 0.355564 0.311267 0.266598 0.226697 0.20428 0.19904 0.187543 0.174345 0.161923 0.152189 0.144643 0.129227 0.111166 0.0955777 0.0846067 0.0830457 0.0712494 0.0712918 0.0758801 0.0706203 0.069226 0.0634258 0.0588734 0.0579584 0.0524157 0.0501548 0.0537247 0.0565968 0.0603205 0.0597351 0.0578203 0.055151 0.0468388 0.0450831 0.0382648 0.0328419 0.0286248 0.0149624 
0.446567 0.397421 0.354942 0.319896 0.286104 0.265214 0.249978 0.229063 0.210288 0.198631 0.180838 0.161807 0.151728 0.147063 0.141272 0.131552 0.131227 0.123873 0.122648 0.126792 0.126501 0.112739 0.0982782 0.0945077 0.0833637 0.0736721 0.0701886 0.0752961 0.0773223 0.0824395 0.0894778 0.0916453 0.0882224 0.0938024 0.091323 0.0880112 0.0860108 0.0823882 0.0722343 0.0568198 
0.374207 0.337787 0.30532 0.280277 0.253231 0.218696 0.192759 0.176076 0.165474 0.159738 0.155054 0.149604 0.138637 0.133378 0.125696 0.124993 0.122955 0.110096 0.0949688 0.0827383 0.0799985 0.0772323 0.0693541 0.059717 0.0562563 0.0565609 0.0573125 0.0561523 0.0563919 0.0572856 0.0624542 0.0650077 0.0663339 0.059549 0.0522472 0.0487944 0.047198 0.0500258 0.0482152 0.0494974 
0.575396 0.520826 0.468969 0.422423 0.376866 0.32854 0.280683 0.235473 0.207109 0.176446 0.149209 0.12379 0.105014 0.0878691 0.0673085 0.0562128 0.0494727 0.047504 0.0478922 0.0566184 0.0626548 0.0664463 0.0751806 0.0804687 0.0863172 0.0885742 0.0938844 0.0958615 0.103171 0.10843 0.106488 0.10101 0.0982248 0.0948882 0.0952185 0.0941087 0.0856803 0.0756617 0.066203 0.0535851 
0.415111 0.365932 0.322127 0.277989 0.24065 0.208613 0.179075 0.155641 0.13959 0.122527 0.102073 0.0897635 0.0824593 0.0884513 0.0916406 0.09703 0.0986119 0.100825 0.102 0.107784 0.110509 0.115444 0.123025 0.128506 0.120155 0.112635 0.103175 0.0886893 0.0777276 0.07626 0.0699846 0.0682947 0.0703309 0.0687019 0.0642456 0.0587415 0.0566723 0.055011 0.0572976 0.0622962 
0.398166 0.348227 0.30546 0.268564 0.240118 0.205178 0.178867 0.151305 0.12468 0.116643 0.10186 0.0878292 0.0695829 0.0586137 0.0458802 0.0412793 0.0342312 0.030313 0.0221432 0.00691118 0.00496162 0.00680578 -0.00226272 -0.00223588 -0.00231712 -0.00734433 -0.00592934 -0.000274843 0.00298302 0.00419916 0.0104068 0.0105249 0.0076597 0.00482095 0.00370106 -0.00338223 -0.0151488 -0.0177792 -0.0305715 -0.0424045 
0.451257 0.406226 0.366874 0.316767 0.267245 0.227252 0.185891 0.152662 0.131932 0.103325 0.0806698 0.0727124 0.0604035 0.0496981 0.0391854 0.0350272 0.0246897 0.0202832 0.00698228 -0.00532826 -0.0142692 -0.0185055 -0.0241184 -0.0276589 -0.0256291 -0.025665 -0.0243363 -0.0179442 -0.0128995 -0.0104308 -0.00856028 -0.00900293 -0.0117085 -0.0112424 -0.00794527 -0.00658258 -0.00991976 -0.0146367 -0.0155013 -0.0275371 
0.380924 0.328369 0.291533 0.265239 0.250688 0.230665 0.208384 0.182958 0.158705 0.149265 0.149703 0.152565 0.151288 0.142884 0.129472 0.12212 0.123811 0.125282 0.120205 0.109051 0.0920514 0.0734566 0.0569409 0.0438912 0.0341393 0.024971 0.0221858 0.0106694 0.00166448 -0.00299763 0.00651768 0.0145473 0.014636 0.0176856 0.0116116 0.00219662 -0.00547618 -0.00379925 -0.00227312 -0.00597574 
0.344357 0.297469 0.257778 0.229291 0.204365 0.18239 0.16311 0.144544 0.124771 0.115384 0.107181 0.108719 0.11401 0.111239 0.11079 0.110342 0.10678 0.0977259 0.0901888 0.0839692 0.074194 0.0611854 0.0484832 0.0368905 0.0204411 0.0120619 0.00277133 -0.00786074 -0.0231248 -0.0349836 -0.0383637 -0.0410156 -0.0425699 -0.044423 -0.0459416 -0.0477132 -0.0509215 -0.0509108 -0.0527844 -0.0421721 
0.421495 0.369071 0.319847 0.276075 0.242441 0.212188 0.19175 0.169576 0.142503 0.115127 0.0956692 0.0755893 0.0574662 0.0482892 0.046493 0.0504073 0.0485987 0.0520225 0.0455442 0.0334796 0.0233925 0.0112259 0.00400897 0.00084701 -0.00346497 0.000309283 -0.00152695 -0.00625212 -0.0117235 -0.015266 -0.0153573 -0.0227768 -0.0189637 -0.0150461 -0.0180969 -0.0276333 -0.0352471 -0.0416642 -0.0536226 -0.0615551 
0.381935 0.331421 0.289515 0.25341 0.224854 0.196044 0.166905 0.14157 0.10899 0.0834548 0.0671919 0.0595686 0.0572651 0.0521342 0.0549264 0.0513443 0.0409732 0.0315616 0.0221505 0.0125209 0.00228762 -0.00823382 -0.0145284 -0.023121 -0.0259734 -0.0234641 -0.0228602 -0.00822514 0.00815445 0.0116167 0.0212122 0.0267935 0.0304312 0.0325364 0.0274748 0.0225762 0.0273451 0.0231088 0.0221224 0.0142258 
0.384962 0.332617 0.290166 0.253536 0.218311 0.182451 0.150433 0.131861 0.115484 0.0915938 0.0726622 0.0572818 0.0474807 0.0396321 0.028546 0.0213818 0.00813561 0.00279454 -0.00342731 -0.0162505 -0.0248716 -0.0314601 -0.0320708 -0.0267324 -0.0201122 -0.016228 -0.0142817 -0.0173227 -0.0254268 -0.0303198 -0.0328156 -0.0320616 -0.0349798 -0.0251959 -0.0261465 -0.0278506 -0.0373241 -0.0464992 -0.0442762 -0.0404866 
0.384366 0.341808 0.300892 0.264018 0.228309 0.20096 0.176316 0.150955 0.126111 0.107639 0.0925317 0.0802535 0.0643118 0.050268 0.0369473 0.0192025 0.0046407 6.97084e-05 -0.00206215 -0.00129916 0.000876655 0.00549484 0.0157092 0.019577 0.0270548 0.0336481 0.0391611 0.0389288 0.0360919 0.0302544 0.0247874 0.0205535 0.0194354 0.0188389 0.022789 0.0262518 0.0292673 0.0241533 0.019643 0.0118688 
0.537986 0.472031 0.410026 0.353535 0.303086 0.26227 0.233051 0.205186 0.187713 0.17283 0.160667 0.144083 0.126801 0.11255 0.0976975 0.0847907 0.0770597 0.0772188 0.079835 0.0824907 0.0862784 0.0835247 0.0847966 0.088848 0.0922998 0.0850383 0.0740137 0.0587843 0.0483975 0.0449769 0.0364725 0.0229421 0.0115611 0.00242657 -0.005451 -0.00812643 -0.0101189 -0.0155072 -0.0163581 -0.0208553 
0.481263 0.423162 0.371062 0.321472 0.286379 0.25601 0.218779 0.181827 0.138322 0.100584 0.0734768 0.0654675 0.0732299 0.0702072 0.0639939 0.0536627 0.0437372 0.0413584 0.0389005 0.047285 0.0554429 0.053851 0.0545559 0.0427225 0.0292784 0.018508 0.0153147 0.0134867 0.0123812 0.0115476 0.0107287 0.00918157 0.0152978 0.0240468 0.0350508 0.0374879 0.0385428 0.0284098 0.00678165 -0.0166798 
0.41032 0.35201 0.305058 0.269318 0.233615 0.205338 0.173261 0.142649 0.118312 0.0972187 0.0824253 0.065693 0.0524289 0.0468651 0.0385424 0.0339343 0.0318635 0.0315094 0.0288503 0.0395619 0.0437613 0.0508355 0.048434 0.0455129 0.0475298 0.055863 0.0591424 0.0519943 0.0494733 0.0479328 0.0435154 0.0326552 0.0232701 0.0146649 0.0142591 0.019603 0.0139014 0.0153324 0.0174983 0.0184735 
0.58065 0.533309 0.483523 0.436286 0.394697 0.358656 0.325576 0.29354 0.261271 0.232329 0.215888 0.203245 0.199472 0.195974 0.193917 0.190641 0.184151 0.175977 0.164873 0.146679 0.125641 0.100716 0.0767214 0.050474 0.0347354 0.0259324 0.0202287 0.0159479 0.0168164 0.0138335 0.00779725 0.0027301 0.000302179 -0.00360731 -0.00712252 -0.0133503 -0.0174513 -0.0110144 -0.0037711 0.000581797 
0.360187 0.316131 0.278748 0.247904 0.223234 0.198565 0.18226 0.166315 0.162267 0.156272 0.149869 0.140607 0.127401 0.114643 0.100477 0.0846516 0.0782597 0.0756166 0.0757925 0.0802323 0.0751102 0.071972 0.0738107 0.0721618 0.0691629 0.0641231 0.0634538 0.0574076 0.0445238 0.034786 0.0323662 0.0282727 0.020522 0.0179184 0.0204137 0.0282963 0.0334367 0.0284931 0.0232664 0.0182006 
0.599827 0.553194 0.517189 0.485046 0.450765 0.423699 0.405958 0.388494 0.371003 0.35177 0.328911 0.300419 0.275271 0.254084 0.229804 0.211482 0.1872 0.159794 0.137336 0.116437 0.0966802 0.0737062 0.0623315 0.0551547 0.0423896 0.0211923 0.00766459 -0.0124706 -0.0255344 -0.0372889 -0.0487146 -0.0596427 -0.0717983 -0.0802627 -0.0838089 -0.0840271 -0.078383 -0.0723902 -0.0682444 -0.0641832 
0.442771 0.384372 0.334062 0.293925 0.268691 0.260845 0.254256 0.246727 0.231846 0.214946 0.193451 0.172923 0.149925 0.134283 0.114185 0.099807 0.0861546 0.0734048 0.061563 0.0496595 0.0324764 0.0176279 0.00898665 0.00459466 0.00621454 0.00690324 0.00468288 -0.0111894 -0.0318504 -0.049662 -0.0692589 -0.0858449 -0.0918322 -0.0931497 -0.0916372 -0.0909884 -0.0921886 -0.0944603 -0.0872216 -0.0824996 
0.579862 0.524605 0.471917 0.425554 0.392544 0.360773 0.328683 0.29694 0.272657 0.248011 0.224057 0.201567 0.17642 0.146474 0.122486 0.0960842 0.0709391 0.0374512 0.00799861 -0.0175929 -0.038612 -0.0479128 -0.0588189 -0.0693394 -0.0820706 -0.0962008 -0.108784 -0.118881 -0.125333 -0.129353 -0.140658 -0.157661 -0.169778 -0.190088 -0.208816 -0.22283 -0.222441 -0.228461 -0.233577 -0.234228 
0.494132 0.441629 0.401462 0.365814 0.326822 0.297001 0.275018 0.25012 0.232557 0.217629 0.197369 0.17416 0.159105 0.139869 0.119624 0.10338 0.084023 0.0725462 0.0696435 0.0681468 0.0545263 0.0473129 0.0387271 0.0295774 0.0211106 0.00452854 -0.00858412 -0.0182084 -0.026078 -0.0334838 -0.0417386 -0.0488385 -0.0553676 -0.0656712 -0.0727447 -0.0733022 -0.0690175 -0.0633675 -0.0594324 -0.0635813 
0.56868 0.529783 0.492732 0.454995 0.415588 0.3853 0.353075 0.329167 0.304673 0.288241 0.267212 0.247275 0.230755 0.218477 0.20107 0.187752 0.161631 0.144895 0.126228 0.103469 0.0801305 0.0607331 0.0412421 0.0215488 0.0101478 0.00480447 0.000214424 -0.0074887 -0.0082816 0.0030672 0.00976034 0.0130812 0.00624774 0.00878713 0.0108347 0.00191057 -0.00431221 -0.0114768 -0.0176774 -0.0233382 
0.659076 0.604826 0.560718 0.523621 0.475959 0.43122 0.38706 0.347719 0.305752 0.261011 0.218833 0.188489 0.166294 0.144544 0.126124 0.116939 0.106398 0.0945729 0.0780138 0.0667505 0.0574713 0.0536201 0.0426838 0.0419836 0.0430626 0.0489109 0.050753 0.0562288 0.0613914 0.0668177 0.0701958 0.0759036 0.084207 0.0995295 0.114357 0.130528 0.139374 0.144166 0.148221 0.15337 
0.540749 0.494473 0.456136 0.425239 0.393532 0.360766 0.326193 0.307709 0.288337 0.266182 0.249586 0.233406 0.217061 0.207414 0.198778 0.191895 0.179082 0.166551 0.158724 0.151187 0.141028 0.127981 0.117976 0.104895 0.0926759 0.0772016 0.0638621 0.0538282 0.0483131 0.0380279 0.0353992 0.0421788 0.0422315 0.0478708 0.05722 0.0684975 0.0741451 0.0759452 0.0835967 0.0919085 
0.46974 0.428149 0.38775 0.348612 0.316596 0.282427 0.255528 0.230702 0.205928 0.188004 0.170552 0.159023 0.140518 0.123229 0.11459 0.106283 0.104927 0.110847 0.118482 0.127175 0.136991 0.142209 0.144966 0.146655 0.149734 0.141181 0.139656 0.134856 0.126007 0.120201 0.115129 0.11517 0.114507 0.114108 0.109037 0.099792 0.0969578 0.0866674 0.0778557 0.0725514 
0.50156 0.448701 0.397648 0.35505 0.306922 0.267663 0.239116 0.211158 0.183849 0.155959 0.125578 0.105537 0.0792611 0.0586315 0.0468525 0.0329268 0.021411 0.0216657 0.0225357 0.0255411 0.0230874 0.0195528 0.0100752 0.010824 0.0122766 0.0217439 0.0325824 0.0415151 0.0509567 0.0552216 0.0550056 0.050014 0.0537178 0.0599539 0.071756 0.0833893 0.0971824 0.101682 0.115532 0.128689 
0.399317 0.348123 0.307091 0.273883 0.246387 0.223711 0.192694 0.168545 0.150712 0.127483 0.109082 0.0967538 0.0792442 0.0717608 0.061698 0.0592599 0.0536974 0.0430697 0.036861 0.0375805 0.039865 0.04941 0.0633866 0.0709772 0.0701197 0.0696494 0.07007 0.0767897 0.0790837 0.0716442 0.0774548 0.0737401 0.0730276 0.0715979 0.0682244 0.0625832 0.0698663 0.0776898 0.0813698 0.0885489 
0.525926 0.467377 0.415439 0.36497 0.314932 0.278614 0.245954 0.223487 0.204039 0.185625 0.176341 0.172941 0.167917 0.163946 0.164576 0.161908 0.158909 0.148698 0.13994 0.133704 0.11664 0.10879 0.101738 0.0923172 0.0931578 0.0893554 0.0814918 0.0783211 0.0810238 0.086303 0.0937096 0.1066 0.108387 0.110614 0.123627 0.128587 0.134222 0.139938 0.142151 0.146214 
0.468521 0.421604 0.379723 0.339757 0.299898 0.265948 0.236331 0.206285 0.177849 0.146627 0.116368 0.0928886 0.0769112 0.0679233 0.0653215 0.0659669 0.0658294 0.0615777 0.0590121 0.0515061 0.0444122 0.0363763 0.0291017 0.0337378 0.0363288 0.0438902 0.0533255 0.0617711 0.0639344 0.0567707 0.0556108 0.0484538 0.0376153 0.0245511 0.0109016 -0.00399319 -0.0222268 -0.035745 -0.0451563 -0.0514296 
0.396751 0.345587 0.301861 0.263604 0.233128 0.210215 0.188919 0.175542 0.16246 0.144998 0.131811 0.121493 0.106761 0.100117 0.0917307 0.0761698 0.0677891 0.0654072 0.0606509 0.0556229 0.0469085 0.036037 0.0288943 0.0154097 0.0105647 0.00925309 0.00320497 0.00202182 0.00876512 0.00733319 0.00650416 0.0125992 0.0104284 0.0146705 0.0191515 0.018979 0.0318131 0.04799 0.0563339 0.0615025 
0.47928 0.428523 0.382169 0.34232 0.309155 0.286463 0.263465 0.242059 0.224118 0.207493 0.197416 0.188775 0.17885 0.159536 0.133117 0.111853 0.0951728 0.0766443 0.0621267 0.0465399 0.0326429 0.0129274 -0.00617044 -0.0192319 -0.0286099 -0.0317925 -0.0375858 -0.0450246 -0.0533565 -0.0640591 -0.0684009 -0.0580845 -0.0458487 -0.0357278 -0.0273304 -0.0347079 -0.0432241 -0.0502579 -0.0622907 -0.0631231 
0.268904 0.218403 0.176111 0.146369 0.124324 0.105117 0.0944259 0.0842351 0.0713565 0.0554962 0.0406895 0.0289999 0.0216035 0.0143849 0.0123242 0.011321 0.00625177 0.00138182 -0.00847924 -0.0137765 -0.0209142 -0.0233388 -0.0227192 -0.0234813 -0.0237278 -0.0282841 -0.0310147 -0.0304617 -0.0274332 -0.022604 -0.0208098 -0.0159107 -0.0137617 -0.0125852 -0.0127607 -0.0125049 -0.0126572 -0.00718421 0.00325828 0.011513 
0.434841 0.380801 0.330833 0.285079 0.242353 0.204594 0.169657 0.14392 0.121078 0.101154 0.0822066 0.060249 0.0427668 0.0322306 0.0164824 -0.0050374 -0.0168913 -0.0205188 -0.0343755 -0.0523422 -0.0688912 -0.0869141 -0.0972592 -0.0991013 -0.103042 -0.111502 -0.120256 -0.122386 -0.115986 -0.104983 -0.0948715 -0.0798321 -0.0682112 -0.0568037 -0.0404039 -0.0239973 -0.0125027 -0.00459482 0.00978115 0.0213657 
0.373861 0.335726 0.297002 0.256227 0.222722 0.186339 0.149336 0.122313 0.100498 0.0763046 0.0453948 0.0308506 0.0228608 0.018545 0.012332 0.00635156 -0.00177105 -0.0039569 -0.00373301 -0.00552276 -0.00422814 0.000333279 -0.00133084 0.00727279 0.0129434 0.0109456 0.0123667 0.0132157 0.00906787 0.00207719 -0.00270249 -0.00901052 -0.0158181 -0.0178102 -0.0196015 -0.0167143 -0.00820821 -0.00509487 -0.00785594 -0.00868008 
0.449312 0.395917 0.347115 0.303898 0.273341 0.238023 0.208792 0.184019 0.162621 0.152605 0.143957 0.131406 0.111078 0.088005 0.0747035 0.0622419 0.0490932 0.0422016 0.0486128 0.0491848 0.052676 0.0625058 0.0629377 0.0641002 0.054794 0.0462184 0.0477427 0.0400479 0.035971 0.0288256 0.0214628 0.02074 0.011767 0.00210438 -0.0196534 -0.0387276 -0.046919 -0.0530526 -0.0597701 -0.0728061 
0.408156 0.36336 0.328783 0.293584 0.259111 0.22085 0.191926 0.168941 0.142328 0.119196 0.110296 0.101754 0.0946172 0.0830081 0.0717298 0.0701215 0.0588275 0.0539648 0.0509538 0.0402169 0.0315763 0.0228817 0.0135069 0.000775629 -0.011685 -0.0285618 -0.0496083 -0.0611106 -0.0772942 -0.0926077 -0.103302 -0.105211 -0.108815 -0.102192 -0.0949148 -0.0865233 -0.0758834 -0.0713443 -0.0649115 -0.061852 
0.364224 0.322949 0.297755 0.277276 0.257399 0.241133 0.231461 0.22224 0.218525 0.206636 0.191426 0.17822 0.170193 0.162579 0.155103 0.15146 0.14427 0.137694 0.134846 0.133238 0.131006 0.132751 0.134533 0.131473 0.126345 0.113415 0.10317 0.0938329 0.0824991 0.0764905 0.0753479 0.0732835 0.0660749 0.0458805 0.0361257 0.0283439 0.0186769 0.0181234 0.017556 0.013507 
0.412157 0.369062 0.332863 0.304459 0.276169 0.248352 0.231332 0.219263 0.212649 0.205335 0.198733 0.196811 0.188893 0.189468 0.189122 0.179962 0.168787 0.159213 0.151915 0.142921 0.134838 0.122444 0.123231 0.120284 0.109626 0.091027 0.0797765 0.0655426 0.0479976 0.0262957 0.00377053 -0.0135159 -0.0191719 -0.0279067 -0.0325151 -0.0351486 -0.04273 -0.0493463 -0.0505174 -0.0479817 
0.599942 0.55152 0.501446 0.448426 0.406676 0.355933 0.312263 0.274299 0.242532 0.21231 0.188631 0.170095 0.16263 0.15141 0.144947 0.142285 0.142061 0.141 0.140384 0.146682 0.148649 0.147458 0.132082 0.119283 0.103086 0.0797534 0.0485901 0.0176418 -0.0146301 -0.0417956 -0.0554108 -0.057956 -0.0554312 -0.0567938 -0.0562053 -0.0604568 -0.063043 -0.0547409 -0.0460431 -0.0396911 
0.346588 0.299591 0.250378 0.206993 0.166869 0.133163 0.107415 0.0879995 0.0700921 0.0575471 0.0541098 0.0502579 0.0525419 0.0519668 0.0512779 0.0402975 0.029708 0.0253626 0.0263185 0.024233 0.026737 0.0261231 0.0273494 0.0188858 0.0139547 0.00587444 -0.00226258 -0.0127163 -0.016994 -0.00999064 -0.00904365 -0.00476658 -0.000103767 -0.00117119 0.000802958 -0.00791614 -0.0059963 -0.00963177 -0.0123054 -0.00829786 
0.349009 0.303385 0.257886 0.220078 0.18221 0.15312 0.130169 0.109285 0.0905546 0.0698198 0.0551254 0.0357262 0.024721 0.0107386 0.00347415 -0.00875338 -0.0186435 -0.02503 -0.0270448 -0.0245447 -0.0202212 -0.027417 -0.026834 -0.0201411 -0.0208421 -0.023955 -0.0226092 -0.0246096 -0.0275761 -0.031171 -0.0353452 -0.0345414 -0.039427 -0.0319458 -0.0272488 -0.014248 -0.00758687 -0.00103142 0.00703383 0.0155879 
0.224913 0.187268 0.151532 0.12375 0.105328 0.0945115 0.0779094 0.0636916 0.0535753 0.042511 0.037327 0.0455591 0.044974 0.0507691 0.0452929 0.0387206 0.031039 0.0259448 0.0257902 0.0210435 0.0211805 0.018151 0.0210352 0.0204979 0.010418 0.00373224 -0.00686271 -0.0128431 -0.0176515 -0.0210675 -0.0267448 -0.0265485 -0.0212083 -0.0150131 -0.00643684 -0.00650645 -0.00372048 0.00646074 0.00918281 0.0123217 
0.266116 0.218089 0.170597 0.129178 0.0930401 0.0603162 0.035693 0.0167794 0.0162938 0.0057651 0.00369681 0.00381998 0.0114932 0.0122104 0.00365059 -0.00580292 -0.0128617 -0.00695039 -0.00984956 -0.0113192 -0.018948 -0.0293493 -0.0391029 -0.0439819 -0.0517774 -0.0668676 -0.0692724 -0.0730467 -0.0705984 -0.0772211 -0.080727 -0.0872008 -0.0840808 -0.0811862 -0.0806077 -0.0682062 -0.0580754 -0.0452981 -0.0353938 -0.0178568 
0.249284 0.206893 0.162445 0.122786 0.090851 0.0624132 0.0411646 0.0233188 0.0208458 0.0120339 0.0148256 0.0176042 0.0288853 0.0412745 0.0496265 0.0508012 0.0457096 0.0421361 0.0307347 0.0183779 0.00722714 -0.006307 -0.0150251 -0.0237035 -0.0287327 -0.030463 -0.0415163 -0.0464939 -0.0543409 -0.0632699 -0.0648965 -0.0610415 -0.0556789 -0.0425786 -0.0315452 -0.0187324 -0.00644012 3.63388e-05 0.00543674 0.0124755 
0.341712 0.29586 0.259799 0.224518 0.187397 0.160076 0.128249 0.104146 0.0900833 0.0926471 0.0873607 0.0817928 0.0717498 0.0627215 0.0606177 0.0560221 0.0527844 0.0554911 0.0553433 0.0549456 0.0491548 0.0446924 0.0412765 0.0320357 0.0293256 0.0144653 0.00819755 0.00254529 0.00189848 -0.00526005 -0.0124297 -0.00476575 0.0106049 0.0220413 0.0364618 0.0416918 0.0478485 0.0556434 0.0619694 0.0691174 
0.388733 0.337007 0.289231 0.245901 0.213534 0.186925 0.163795 0.147488 0.129366 0.115216 0.103863 0.0906781 0.0797132 0.0729527 0.0657864 0.0641438 0.0617103 0.0662611 0.0706297 0.0736095 0.0748367 0.0770551 0.0746096 0.0718448 0.0757224 0.0778645 0.0845825 0.0886532 0.0927301 0.0902037 0.09169 0.100773 0.108179 0.111936 0.11208 0.109324 0.0969034 0.0786844 0.0602136 0.0435479 
0.467939 0.4234 0.388625 0.35931 0.334464 0.301177 0.266566 0.230924 0.19975 0.174602 0.148203 0.124249 0.109007 0.097653 0.083096 0.0676129 0.056758 0.0528091 0.0504514 0.0346009 0.0241351 0.00542978 -0.00679262 -0.0128029 -0.0225306 -0.0329261 -0.0494515 -0.0642563 -0.064813 -0.0664814 -0.0710136 -0.0835472 -0.0894628 -0.0889199 -0.0815046 -0.0728897 -0.0603001 -0.0491145 -0.0368801 -0.022467 
0.47845 0.441823 0.40598 0.370164 0.335926 0.297043 0.269103 0.240855 0.21826 0.195742 0.16923 0.148854 0.129645 0.10738 0.0842652 0.0647089 0.0466919 0.0335573 0.0219481 0.00736448 0.00113288 -0.0130111 -0.0261792 -0.0418872 -0.0555067 -0.0667453 -0.0877558 -0.107239 -0.123689 -0.135449 -0.147803 -0.147956 -0.146806 -0.14921 -0.149867 -0.154198 -0.156638 -0.157662 -0.15798 -0.153683 
0.466104 0.413568 0.372994 0.334519 0.304334 0.282681 0.252086 0.223114 0.196174 0.182168 0.170383 0.155983 0.135853 0.126087 0.116444 0.094041 0.0714846 0.0514383 0.0395067 0.0314333 0.0245943 0.0172138 0.00269446 -0.0103073 -0.0195992 -0.026785 -0.0425842 -0.0565582 -0.0682838 -0.078235 -0.0809984 -0.0729675 -0.0712434 -0.080084 -0.0885909 -0.0972665 -0.0985015 -0.101201 -0.109752 -0.115363 
