0.29401
0.186592
0.548181
0.398937
-0.242581
-0.870114
-1.58255
-2.15389
-1.78354
-1.66872
-1.99359
-1.61963
-1.50476
-0.958164
-0.703808
-0.88211
-0.288465
-0.351195
-0.0114087
0.0746875
0.450199
0.465108
0.523606
0.310118
0.859673
0.492978
0.933748
1.07084
0.917943
1.15025
0.900764
0.665889
0.252463
0.90241
1.06793
0.652001
0.357095
1.01628
1.23495
0.923741
0.801629
0.51198
0.501463
0.449609
0.558535
0.395765
-0.265128
-0.55759
-1.20497
-1.09301
-0.541955
-0.367653
-0.440795
-0.287115
-0.100385
0.0451785
-0.198257
-0.112097
-0.174227
-0.193902
-0.43041
-0.312076
-0.0463727
0.339872
0.519383
1.48304
0.809465
0.377787
0.742298
0.460071
1.02932
1.00465
0.683373
0.886314
0.700733
0.762572
0.579432
0.721529
1.18712
1.02811
1.03349
1.26142
1.35619
1.42681
1.6778
1.42632
1.19495
0.710738
0.866662
0.686372
0.474279
-0.0348528
0.466881
0.735955
0.801012
0.607067
0.4123
0.315213
0.382703
0.950054
1.03721
0.00187024
-0.629396
-0.209601
-0.108508
-0.198368
-0.787117
-0.877011
-0.160833
-0.254961
-0.290663
0.649286
0.808781
0.697609
0.934108
0.617066
0.399546
0.625113
0.696146
1.03069
1.215
1.19337
0.884694
0.38837
0.244531
0.311037
0.275045
0.226042
-0.147838
-0.373686
-0.970511
-1.11271
-0.670862
-0.506255
-0.513875
-1.01791
-0.309695
-0.609016
-0.153386
0.177701
0.0698002
0.0200605
-0.197253
0.235457
0.467899
1.14701
1.04948
1.14311
1.15028
0.16772
0.577908
0.259379
0.177177
-0.0714982
-0.119587
-0.395457
-0.234776
-1.04261
-0.872156
-0.0813611
0.00664923
0.0767279
0.319468
0.295447
0.0358574
0.207502
0.37457
0.0245314
-0.0125952
0.0750669
0.0102263
0.0137885
-0.142076
-0.590799
-0.24912
0.0142773
0.186115
0.197933
0.130637
-0.396235
-0.262924
-0.229469
0.171472
-0.0149864
0.0466476
0.352295
0.466258
0.118223
0.109703
0.031969
0.412863
0.721081
0.919444
0.807841
0.331123
0.33695
0.363452
0.628209
0.0560289
-1.07595
-1.17621
-0.127913
0.127234
0.0656488
0.139163
0.26057
0.621651
0.435653
0.405182
0.556831
1.21301
1.30639
0.9426
1.09466
0.774393
1.27644
1.59668
1.0646
1.38338
0.742143
0.544465
0.215318
0.166728
1.08411
0.780226
0.341697
0.387017
-0.027826
-0.253601
0.0865148
0.167276
-0.109616
-0.0971167
-0.501545
-0.866467
-0.46713
-0.835744
-0.178126
0.110192
-0.203949
0.202563
0.00107586
-0.230184
0.153773
-0.0695455
-0.364794
0.187216
0.501285
-0.187101
-0.0938341
0.743273
0.405819
-0.38326
-0.114066
-0.213665
0.201843
1.2535
1.11681
0.682528
0.425567
0.582111
0.114266
-0.146118
-0.130794
0.0222505
-0.0528074
-0.0530087
0.373085
0.81648
0.614049
0.830241
0.903128
0.769865
0.102491
0.302115
-0.109242
-0.254221
-0.388894
-0.130938
-0.150908
-0.320795
-0.0644274
-0.708711
-0.745654
-0.196773
0.0485703
-0.0902224
-0.693547
-0.652336
-0.796466
-0.88217
-0.55075
-0.853419
-0.476422
0.290604
0.25006
0.951241
1.11908
1.61641
1.51448
1.37258
1.00527
1.25766
0.855799
0.86463
0.390529
0.188091
-0.233034
-0.472212
-0.416043
-0.432767
-0.0913114
0.117589
0.221027
0.454708
0.62113
0.240815
0.468846
0.451975
0.549342
1.10115
1.23074
1.32453
0.706633
0.651689
0.612545
0.558371
0.350046
-0.203001
0.319809
-0.245082
-0.49541
-0.287042
-0.324087
-0.102328
0.0432598
-0.156458
0.522916
0.363493
0.0666023
