0.507039 0.439557 0.380291 0.329255 0.28442 0.255182 0.231855 0.215463 0.207161 0.200978 0.183712 0.161458 0.137662 0.109812 0.0867021 0.0704943 0.0647933 0.0488138 0.0286734 0.00566548 -0.0131732 -0.0424856 -0.0749683 -0.10571 -0.126972 -0.151943 -0.157278 -0.153241 -0.155562 -0.148578 -0.151045 -0.153337 -0.162603 -0.170833 -0.183196 -0.1895 -0.191556 -0.187422 -0.181725 -0.166884 
0.606429 0.557204 0.506739 0.453543 0.410657 0.366459 0.333186 0.295804 0.269272 0.255871 0.23128 0.214019 0.202469 0.184201 0.164001 0.137639 0.114678 0.0890418 0.0670774 0.0461713 0.0231726 0.00508511 -0.0191142 -0.0447492 -0.066331 -0.0829318 -0.0870957 -0.0938925 -0.0952925 -0.0982447 -0.0933239 -0.0911752 -0.091857 -0.0850529 -0.082127 -0.0649703 -0.0500279 -0.0407802 -0.0368574 -0.0380229 
0.598955 0.55028 0.511272 0.479085 0.44682 0.41399 0.384054 0.357968 0.32836 0.296099 0.272736 0.23938 0.201143 0.167328 0.134246 0.111165 0.0877844 0.0638689 0.0422776 0.0339194 0.0274412 0.0235613 0.0173861 0.00368125 0.00655908 0.00777121 0.00570493 -0.00123207 -0.00171733 -0.00891782 -0.00866471 -0.0199033 -0.0299384 -0.0340954 -0.0332916 -0.0344909 -0.0364082 -0.0438918 -0.0443082 -0.0427451 
0.550415 0.499138 0.458702 0.418807 0.370827 0.327379 0.293511 0.268378 0.24655 0.218928 0.195692 0.174826 0.15003 0.126731 0.103251 0.0852089 0.0663917 0.0502502 0.0374546 0.0228865 0.0209408 0.0131777 0.00305575 -0.00663537 -0.0138068 -0.0184079 -0.0248511 -0.0211005 -0.0256185 -0.0204655 -0.0174356 -0.0105662 -0.0020125 0.00288536 0.00583694 0.00926012 0.00635343 -0.000905265 -0.0120276 -0.0220395 
0.461017 0.407083 0.37036 0.328152 0.285773 0.246484 0.22269 0.220567 0.21464 0.215906 0.212702 0.200352 0.186189 0.167898 0.147554 0.128727 0.115944 0.10605 0.0998049 0.105089 0.107486 0.106666 0.10097 0.0995065 0.0953636 0.0854188 0.0692688 0.0606373 0.0454075 0.0259067 0.00822029 -0.00573862 -0.0149597 -0.0178593 -0.0196991 -0.0286005 -0.038058 -0.0494398 -0.0594004 -0.0740479 
0.48687 0.433339 0.384246 0.344647 0.307279 0.281285 0.253268 0.23458 0.216918 0.198175 0.174402 0.156265 0.138641 0.109257 0.0846363 0.0680841 0.0488899 0.0310851 0.00927383 -0.00499476 -0.0215326 -0.027863 -0.0445034 -0.0585703 -0.0643747 -0.0730783 -0.0913178 -0.10934 -0.109147 -0.104557 -0.101905 -0.11283 -0.124556 -0.13208 -0.135114 -0.139522 -0.144364 -0.154837 -0.153977 -0.153802 
0.517631 0.466361 0.40766 0.353209 0.306598 0.271795 0.241549 0.216762 0.201718 0.188579 0.176055 0.151792 0.129578 0.104724 0.0820312 0.054508 0.0296002 0.0025225 -0.0187379 -0.0387794 -0.0539142 -0.0659602 -0.094023 -0.0995197 -0.106965 -0.116046 -0.121913 -0.131362 -0.132125 -0.13548 -0.127795 -0.117625 -0.116543 -0.120672 -0.125577 -0.13842 -0.156979 -0.169632 -0.184541 -0.188848 
0.40609 0.352079 0.299271 0.249931 0.20879 0.170566 0.141789 0.109765 0.081229 0.0514116 0.0259193 0.00655597 0.00411073 -0.000911164 -0.00981105 -0.00537351 -0.00776168 -0.00476267 -0.00712896 0.00115037 0.00147185 0.00209281 -0.000269727 0.00483874 0.00207382 -0.0029767 0.00157487 0.00698835 0.0196594 0.0238589 0.0296817 0.0335941 0.0426282 0.0482699 0.0490604 0.0593813 0.0665173 0.0760488 0.0720014 0.072435 
0.495601 0.44982 0.401432 0.35773 0.313456 0.276876 0.242146 0.209711 0.179849 0.160548 0.143535 0.124738 0.116925 0.115591 0.101021 0.0869389 0.0722774 0.0625346 0.0626915 0.0632347 0.0656851 0.067958 0.0748954 0.0835407 0.0887258 0.0916995 0.0842066 0.0755586 0.0685019 0.0639552 0.0581867 0.0550252 0.0534908 0.052513 0.0552781 0.053804 0.0520277 0.0464504 0.0359917 0.0304412 
0.376033 0.333269 0.30656 0.288113 0.263548 0.249768 0.234295 0.230657 0.224713 0.212069 0.200124 0.191857 0.186384 0.189236 0.181866 0.170701 0.158983 0.15515 0.144058 0.129247 0.10952 0.098718 0.099458 0.0959704 0.0879477 0.0719409 0.0567171 0.0520898 0.0464775 0.0371115 0.0311459 0.0222688 0.0158171 0.00968641 0.00647075 0.00172645 -0.00629014 -0.0194917 -0.0220458 -0.0348277 
0.519462 0.474743 0.444203 0.418067 0.385007 0.357913 0.333955 0.320745 0.305538 0.286287 0.269057 0.266288 0.259879 0.248844 0.24106 0.232512 0.222925 0.201778 0.17447 0.153996 0.141419 0.123064 0.10304 0.0933802 0.0820214 0.0758704 0.0641621 0.0566999 0.0518633 0.0549428 0.0447367 0.0314062 0.022793 0.0173518 0.00641365 -0.00320744 -0.0133329 -0.0230146 -0.0291158 -0.029887 
0.573632 0.520441 0.466132 0.417356 0.359031 0.301232 0.25906 0.217576 0.182245 0.158217 0.140876 0.120069 0.101432 0.0786428 0.0581439 0.039815 0.0266825 0.0163792 0.00771408 0.00635578 0.00440695 -0.00463786 -0.00800852 -0.00740145 0.00496971 0.00575564 0.0141517 0.0197512 0.0236768 0.0249091 0.0383221 0.0460538 0.0544026 0.0627221 0.0668596 0.0670982 0.0652413 0.0598287 0.0519541 0.0412576 
0.476079 0.413204 0.362316 0.304623 0.255267 0.20027 0.151246 0.111697 0.0816926 0.0533696 0.0319155 -0.00269418 -0.0330546 -0.0521511 -0.0730533 -0.0784599 -0.0787296 -0.0804091 -0.0745596 -0.0608675 -0.0550836 -0.0420787 -0.0294024 -0.0244174 -0.014703 -0.00646618 0.0145936 0.0292106 0.0387502 0.0549503 0.0625835 0.0658818 0.0665289 0.0655947 0.0594274 0.0516843 0.0389447 0.0237223 0.00848184 0.00374252 
0.354755 0.31557 0.269085 0.229226 0.186357 0.141597 0.0892553 0.0478376 0.00535348 -0.0296787 -0.0624527 -0.0894224 -0.114948 -0.139461 -0.157193 -0.16195 -0.152953 -0.147586 -0.141125 -0.130569 -0.113043 -0.0876159 -0.0666355 -0.0384687 -0.0112027 0.00912261 0.0249252 0.0457591 0.0696417 0.0807843 0.0829362 0.0836074 0.0826482 0.0935697 0.0956938 0.100381 0.103591 0.109215 0.105152 0.10398 
0.275951 0.223949 0.174703 0.136409 0.105651 0.0762644 0.0501343 0.0202202 0.0015519 -0.000956944 -0.00425129 -0.00430103 -0.0244499 -0.0463167 -0.0683148 -0.0780137 -0.0825759 -0.0825906 -0.0799442 -0.0752181 -0.0716663 -0.0576393 -0.0406144 -0.0236138 -0.0119104 -0.00325734 0.00187102 0.0143412 0.0223538 0.0261426 0.0337889 0.0312354 0.0402261 0.0538064 0.0630677 0.0684165 0.0657417 0.0538219 0.0384795 0.0303163 
0.509679 0.46213 0.416293 0.370529 0.32461 0.290686 0.251366 0.210964 0.17096 0.134009 0.0958994 0.0658302 0.0523192 0.0404235 0.0334013 0.0278591 0.0191884 0.0060029 -0.0166192 -0.0324887 -0.0422473 -0.0524244 -0.0625363 -0.0734669 -0.0879352 -0.100528 -0.106445 -0.115707 -0.124149 -0.124078 -0.112163 -0.1058 -0.0986245 -0.0880427 -0.075594 -0.0794977 -0.0611607 -0.0458933 -0.0391215 -0.0242515 
0.426443 0.37945 0.329066 0.284035 0.245429 0.209812 0.180292 0.14921 0.12591 0.110921 0.0965082 0.0788971 0.0676477 0.0472681 0.0268248 0.00932247 -0.010705 -0.0225368 -0.0305287 -0.0274882 -0.0267211 -0.0368796 -0.0469134 -0.0534519 -0.0582936 -0.059759 -0.0671746 -0.0715782 -0.0753608 -0.0813138 -0.0848314 -0.0809791 -0.0812335 -0.0842001 -0.0845403 -0.0808852 -0.074292 -0.0692262 -0.0523787 -0.0268506 
0.372972 0.318956 0.27322 0.231587 0.197423 0.162707 0.145042 0.13143 0.115177 0.107108 0.0939238 0.0829557 0.0692709 0.0593282 0.0530161 0.0520931 0.0429486 0.0374881 0.028659 0.0241512 0.0202949 0.00150577 -0.0185083 -0.0295779 -0.0384803 -0.0362855 -0.0331306 -0.014858 0.00288953 0.010818 0.0153696 0.0191519 0.0223936 0.0299203 0.0304038 0.0456441 0.0498809 0.0543315 0.045955 0.0378049 
0.35044 0.303102 0.263983 0.232292 0.204894 0.182018 0.158143 0.143609 0.132707 0.13147 0.130887 0.12369 0.121529 0.120476 0.112955 0.108861 0.103754 0.100301 0.0883852 0.0819865 0.0760635 0.0739587 0.063322 0.0543742 0.0481562 0.0469818 0.0535534 0.054379 0.0584622 0.0594986 0.0582829 0.0526987 0.0413147 0.0386061 0.0261702 0.00872255 -0.0018382 -0.00798041 -0.00589514 0.0033165 
0.348264 0.304747 0.26739 0.242315 0.22115 0.203767 0.185821 0.161276 0.134662 0.111713 0.0964983 0.0784449 0.0626182 0.0430736 0.0336454 0.0253831 0.0134905 0.00732327 -0.0021886 -0.00853398 -0.00790526 -0.00780006 -0.00544898 -0.0120726 -0.0118666 -0.0168401 -0.0217601 -0.0241961 -0.0233326 -0.0235025 -0.0237353 -0.0217179 -0.0250977 -0.0245911 -0.0206849 -0.0119829 -0.0103456 -0.0026651 -0.000120463 -0.00508382 
0.507494 0.435966 0.378798 0.34143 0.311354 0.278042 0.242682 0.222427 0.21057 0.190816 0.161381 0.136639 0.120498 0.100254 0.0787652 0.0572229 0.0466176 0.0398323 0.0396653 0.0422455 0.0429652 0.0505514 0.055105 0.0496816 0.0422822 0.0357149 0.0408762 0.0466577 0.0449857 0.0383432 0.0372652 0.0424367 0.0437545 0.0319194 0.0274241 0.0304098 0.0393371 0.0406691 0.0361254 0.0313605 
0.297626 0.241336 0.200349 0.163035 0.135534 0.112755 0.0928952 0.0739492 0.059967 0.0502218 0.0396676 0.0302604 0.0223064 0.0208951 0.0270172 0.0300266 0.0298103 0.0262357 0.0219421 0.016945 0.0224295 0.0246703 0.0247388 0.0294791 0.0372071 0.0388175 0.0431343 0.045894 0.0346727 0.0202272 0.0211155 0.0210037 0.0201835 0.0232929 0.0294478 0.04337 0.058114 0.051979 0.055804 0.0665363 
0.500616 0.445439 0.384893 0.338235 0.299589 0.252573 0.207989 0.154257 0.1051 0.0604277 0.031004 0.00426172 -0.0122595 -0.0347924 -0.0575293 -0.0743712 -0.0912819 -0.0965539 -0.101186 -0.0996449 -0.103356 -0.0992354 -0.0980416 -0.092975 -0.0897818 -0.0840005 -0.0846197 -0.0886878 -0.0866692 -0.0834214 -0.0717198 -0.0656369 -0.0549738 -0.0430628 -0.0395529 -0.0364755 -0.0368358 -0.0307438 -0.0291451 -0.0288959 
0.647625 0.586021 0.52894 0.485521 0.440267 0.401939 0.35097 0.31429 0.28751 0.263555 0.230865 0.190789 0.152169 0.110761 0.0749093 0.0407569 0.0104025 -0.0284731 -0.0497679 -0.0694125 -0.0846734 -0.104034 -0.12298 -0.14171 -0.154508 -0.163767 -0.170939 -0.180442 -0.195621 -0.202863 -0.207394 -0.211856 -0.220511 -0.226006 -0.228116 -0.218655 -0.214007 -0.208404 -0.201935 -0.190018 
0.446141 0.395414 0.34952 0.302237 0.261686 0.224522 0.197191 0.171737 0.136869 0.110181 0.0804519 0.0510887 0.0283835 -0.00116022 -0.0170728 -0.033264 -0.0514227 -0.0550155 -0.0611393 -0.0592294 -0.0463824 -0.0420454 -0.0302437 -0.0280245 -0.0163019 -0.00693296 -0.00348256 0.00219104 0.0097132 0.0107291 0.007458 0.00300311 0.0020892 -0.0044345 -0.00701943 -0.0111094 -0.0157078 -0.0293948 -0.041069 -0.0527817 
0.336646 0.281295 0.238266 0.205258 0.191249 0.177022 0.157942 0.146389 0.136489 0.133481 0.122448 0.113893 0.0983478 0.0826922 0.0735784 0.0699607 0.0627218 0.0489558 0.0390979 0.0285332 0.0230335 0.0293089 0.026526 0.0238351 0.0209459 0.0190468 0.0175323 0.0173809 0.0144587 0.00618653 -0.001958 -0.0125208 -0.0208361 -0.0132409 -0.0119378 -0.00854139 -0.0199635 -0.0330169 -0.0380269 -0.0406175 
0.389764 0.335964 0.302053 0.274612 0.243458 0.210964 0.179078 0.155398 0.147163 0.132365 0.119423 0.110582 0.106809 0.108414 0.110122 0.0994184 0.099519 0.0946362 0.0914255 0.0940905 0.0945494 0.0956019 0.0978565 0.100749 0.0944248 0.0844452 0.0737723 0.0798313 0.0907904 0.0935459 0.0948304 0.100252 0.114589 0.127382 0.133446 0.127564 0.141663 0.160263 0.157543 0.144787 
0.413475 0.345196 0.287123 0.238955 0.20027 0.16969 0.139771 0.114098 0.0900894 0.0709938 0.0550415 0.0450746 0.0404143 0.0333293 0.0182081 0.00545989 -0.0102125 -0.0273551 -0.0351788 -0.0370124 -0.0326222 -0.026931 -0.0255317 -0.0278483 -0.0265968 -0.0276003 -0.0216049 -0.014169 -0.00927532 -0.00413288 -0.00922683 -0.00806044 -0.00413435 0.00869912 0.0193243 0.0305946 0.0374032 0.0364485 0.0296416 0.0302685 
0.346052 0.291786 0.243384 0.205766 0.168552 0.142104 0.121696 0.101445 0.0792965 0.0630622 0.0616972 0.0581532 0.049122 0.0386807 0.0349335 0.0192801 0.00780592 -0.00592547 -0.0144612 -0.0214916 -0.0261543 -0.0325958 -0.0333791 -0.0452371 -0.0599669 -0.0690152 -0.0800774 -0.0890013 -0.0888367 -0.086393 -0.0799709 -0.0718177 -0.0657739 -0.0633527 -0.0588711 -0.0507716 -0.039127 -0.0232435 -0.0154085 -0.00579367 
0.393254 0.323747 0.26249 0.217144 0.174198 0.140521 0.111644 0.0815512 0.0558796 0.0335876 0.0215581 0.0235317 0.0308812 0.0371614 0.0404989 0.026457 0.0216654 0.0199584 0.0305763 0.0268956 0.0217915 0.00573955 -0.0140565 -0.0208672 -0.0358809 -0.0344193 -0.0271243 -0.0245775 -0.0292767 -0.0295412 -0.0244982 -0.0223794 -0.0136255 -0.00043376 0.0148243 0.0305354 0.0310329 0.0261085 0.0189903 0.0193652 
0.36385 0.304577 0.255889 0.217115 0.184903 0.160848 0.146117 0.135278 0.117752 0.0984136 0.0817509 0.0682789 0.05986 0.0452821 0.0386861 0.0358464 0.0248181 0.0028067 -0.00387274 -0.00854892 -0.00193524 0.0115961 0.0255742 0.0359614 0.0440409 0.0441927 0.0378409 0.0311848 0.0274543 0.0304713 0.0356812 0.0480767 0.0573261 0.0462844 0.0283828 0.0122915 -0.00248492 -0.0157092 -0.0241513 -0.0299178 
0.429916 0.362 0.291083 0.23125 0.175106 0.123537 0.0855243 0.0596095 0.052399 0.0525248 0.0490375 0.0407539 0.0361655 0.0315563 0.0245077 0.0224907 0.0110353 0.00896647 -0.00525555 -0.011034 -0.00740664 -0.00852788 -0.0208698 -0.0329687 -0.040002 -0.0502194 -0.0594971 -0.067646 -0.072767 -0.0673665 -0.0637528 -0.0679691 -0.0733813 -0.0783495 -0.080174 -0.076943 -0.0730616 -0.0644126 -0.0524161 -0.0488915 
0.314107 0.271333 0.233858 0.19659 0.159814 0.126559 0.0976465 0.0647488 0.0342187 0.00247013 -0.0238984 -0.043859 -0.0520351 -0.0650492 -0.0732262 -0.07425 -0.0706714 -0.0753675 -0.0728544 -0.0687334 -0.0622117 -0.0520785 -0.0461539 -0.0401979 -0.0400538 -0.0395313 -0.0365889 -0.0424738 -0.041328 -0.0359037 -0.0472855 -0.052745 -0.0536699 -0.0559794 -0.0529447 -0.044614 -0.0407037 -0.0347101 -0.0223414 -0.00722983 
0.457858 0.395806 0.344633 0.307046 0.269845 0.24666 0.224509 0.210148 0.186693 0.159325 0.136942 0.114387 0.0876469 0.0794488 0.07081 0.0606916 0.0474437 0.0416949 0.0296512 0.0219316 0.022178 0.0197324 0.0173988 -0.00427106 -0.0291234 -0.0487177 -0.0619694 -0.0563834 -0.0479955 -0.0418775 -0.0427876 -0.0472817 -0.062316 -0.064856 -0.0660872 -0.0651656 -0.0594654 -0.056153 -0.0469806 -0.0490604 
0.501684 0.447136 0.402543 0.365646 0.323995 0.287161 0.257987 0.233478 0.212734 0.194517 0.184687 0.178369 0.175043 0.168462 0.157303 0.147654 0.132585 0.123709 0.113277 0.0980062 0.0829512 0.075887 0.0767306 0.0772384 0.0751602 0.0666413 0.0673716 0.0714714 0.0736547 0.0689846 0.0638851 0.0637734 0.0588111 0.0584064 0.0539629 0.0566057 0.0638354 0.0622527 0.042975 0.0266867 
0.538691 0.473371 0.40878 0.346811 0.287421 0.247482 0.213861 0.183489 0.151894 0.123028 0.0890187 0.0538448 0.0278095 0.0189606 0.0124579 0.0112793 0.0129914 0.00991725 0.0195552 0.0226504 0.0285972 0.040178 0.0639406 0.0845589 0.100718 0.113564 0.117178 0.119841 0.114967 0.108961 0.104491 0.105748 0.103441 0.0986763 0.0987775 0.0863927 0.0804286 0.0687345 0.0491416 0.0296197 
0.298745 0.260729 0.221957 0.189619 0.155836 0.1259 0.0963679 0.0698296 0.0520316 0.0450194 0.0411327 0.0326116 0.0282449 0.0194089 0.0184529 0.0122091 0.00515435 -0.0015184 -0.00334521 -0.000504275 -0.000575495 0.00834172 0.0147196 0.0276983 0.0435461 0.0543458 0.0581648 0.0571493 0.0593471 0.0549827 0.0545357 0.058595 0.0577721 0.0555946 0.0494104 0.0473996 0.0446557 0.0349857 0.0239391 0.00853857 
0.31567 0.269423 0.230078 0.19958 0.173561 0.154876 0.134153 0.112895 0.0977619 0.0840563 0.0776038 0.065053 0.0577229 0.0478357 0.039348 0.035692 0.0271981 0.0186863 0.00898756 0.00373422 0.00110603 -0.00126571 -0.0106221 -0.0171095 -0.01866 -0.0179514 -0.0090078 -0.00316528 -5.92727e-05 -0.00829368 -0.0131934 -0.0189907 -0.0218033 -0.0191055 -0.0206307 -0.0228804 -0.0332686 -0.0330682 -0.0226484 -0.0144247 
0.464358 0.414519 0.366181 0.317811 0.268905 0.216773 0.173312 0.1347 0.104127 0.0721125 0.0481545 0.0278988 0.0150785 0.00457564 -0.00181003 -0.00105484 0.000298658 0.00708057 0.00950011 0.0149052 0.0228364 0.0378286 0.04861 0.058023 0.0683505 0.0739664 0.0709751 0.0675858 0.0544124 0.0460894 0.0354441 0.0230748 0.00662526 -0.0132302 -0.0315023 -0.0537603 -0.0730677 -0.0846109 -0.0903471 -0.0937478 
0.52666 0.475742 0.422476 0.382963 0.35208 0.310392 0.285176 0.262507 0.247122 0.228382 0.203001 0.169965 0.134266 0.0972831 0.0607589 0.0315864 -0.00527617 -0.035032 -0.0642459 -0.0796323 -0.0851882 -0.0893508 -0.0904902 -0.0852899 -0.0805085 -0.0800623 -0.0887712 -0.0976438 -0.0954482 -0.0887578 -0.0749499 -0.0608951 -0.051174 -0.0380182 -0.0272852 -0.0144015 -0.00797118 -0.00673106 -0.00671948 -7.15333e-05 
0.688465 0.631172 0.58031 0.538366 0.479123 0.42247 0.366436 0.300277 0.240057 0.189169 0.136227 0.0833166 0.0429279 -0.00208185 -0.0324954 -0.0517033 -0.0644455 -0.0816577 -0.0933933 -0.101557 -0.102061 -0.103345 -0.108036 -0.114889 -0.114791 -0.111024 -0.110935 -0.10744 -0.103366 -0.0885956 -0.0755809 -0.0660929 -0.0680589 -0.0635505 -0.0588535 -0.0642103 -0.075227 -0.0795636 -0.084081 -0.0843846 
0.467163 0.414153 0.363652 0.321272 0.284984 0.263124 0.247201 0.231734 0.210985 0.189032 0.161003 0.130451 0.0913298 0.0641778 0.0323246 0.0106736 -0.0159642 -0.029294 -0.0368605 -0.037458 -0.0418625 -0.0580442 -0.0687791 -0.0827807 -0.097387 -0.105464 -0.0969242 -0.0879644 -0.0782729 -0.0662755 -0.066673 -0.0671429 -0.0626067 -0.0546319 -0.0465332 -0.0330829 -0.0121467 0.0022502 0.0148775 0.0235574 
0.339436 0.291336 0.246508 0.215385 0.193426 0.182556 0.178199 0.175394 0.172423 0.170584 0.159543 0.149017 0.12828 0.110685 0.0944475 0.0851823 0.0796351 0.0758645 0.0768282 0.0603589 0.0368999 0.0250842 0.0184374 0.00406772 -0.00207633 0.00333721 -0.000664799 -0.00771935 -0.00861985 -0.0200813 -0.0287155 -0.04029 -0.0467642 -0.0397245 -0.0313485 -0.0284076 -0.0352558 -0.036002 -0.0422718 -0.0438344 
0.47313 0.418122 0.370845 0.32267 0.278014 0.239803 0.208764 0.18976 0.176765 0.157449 0.139322 0.117869 0.0980912 0.0884558 0.0773473 0.068055 0.0595059 0.0544229 0.0483907 0.033264 0.0110765 -0.0107368 -0.0228034 -0.0341504 -0.0463415 -0.0512096 -0.0571822 -0.0585309 -0.0563544 -0.0536837 -0.0535945 -0.0408064 -0.0257513 -0.0116088 -0.00343849 0.00573858 0.0162451 0.0183606 0.0124405 0.0124086 
0.673137 0.613425 0.552639 0.503019 0.452943 0.419448 0.389548 0.362949 0.338484 0.334596 0.327096 0.328523 0.314663 0.298107 0.273709 0.262668 0.238479 0.219488 0.195842 0.175162 0.152867 0.1285 0.108919 0.0920815 0.0735341 0.0528591 0.0371516 0.0229936 0.0195424 0.023083 0.0262265 0.0403286 0.052098 0.0654211 0.0781909 0.0843335 0.0859126 0.0754917 0.0606507 0.040288 
0.727398 0.674548 0.63462 0.608271 0.581737 0.566179 0.549434 0.529984 0.508119 0.483343 0.461077 0.442644 0.435951 0.422347 0.405899 0.394315 0.381852 0.362422 0.345306 0.327302 0.308401 0.293615 0.278187 0.264348 0.247889 0.236452 0.219969 0.209855 0.200279 0.194504 0.186266 0.183738 0.180131 0.173055 0.156773 0.143503 0.139725 0.140197 0.142963 0.133547 
0.646917 0.59574 0.552494 0.507238 0.474116 0.440677 0.416898 0.397835 0.3826 0.364186 0.345266 0.333006 0.314274 0.2957 0.277451 0.261231 0.247246 0.237944 0.226504 0.210812 0.20559 0.202006 0.198677 0.190778 0.193729 0.199812 0.199546 0.189184 0.179894 0.167383 0.158505 0.13618 0.117373 0.117672 0.116543 0.114888 0.109695 0.110988 0.115803 0.119992 
0.662507 0.612001 0.572057 0.53412 0.500923 0.465992 0.441414 0.414132 0.377875 0.342995 0.31408 0.282518 0.252109 0.221215 0.199367 0.180241 0.154483 0.134809 0.119637 0.105284 0.090287 0.0713079 0.054264 0.044852 0.0319202 0.0155343 0.0101912 -0.00365289 -0.0161799 -0.0248982 -0.0282212 -0.0281093 -0.0320859 -0.0286628 -0.0171449 0.000179727 0.0125079 0.0225329 0.0356682 0.0434146 
0.506196 0.450742 0.400676 0.346381 0.304085 0.273195 0.246781 0.223188 0.211932 0.203694 0.195466 0.192353 0.186229 0.186214 0.185149 0.180924 0.181173 0.174521 0.164238 0.15722 0.151573 0.153693 0.156573 0.15646 0.143444 0.128743 0.10698 0.0844676 0.0696346 0.047842 0.0374752 0.0293976 0.0157782 0.00548961 0.00171026 -0.00172734 -0.00117907 -0.00168259 -0.00359006 -0.00507292 
0.468278 0.399266 0.333683 0.274025 0.219571 0.169562 0.129984 0.103305 0.0795207 0.051451 0.0239069 0.00466946 -0.009707 -0.0170046 -0.0180355 -0.0105141 0.00371842 0.0152995 0.0282953 0.0408017 0.0511865 0.0664394 0.0688331 0.0730264 0.0688824 0.0663223 0.0749394 0.0832627 0.089381 0.0866201 0.0739539 0.0630467 0.0574999 0.0474541 0.0373699 0.0327053 0.0313705 0.0340399 0.0305876 0.03718 
0.272695 0.224604 0.181441 0.144663 0.108483 0.0855902 0.0607556 0.0472784 0.0391755 0.0268962 0.0254477 0.025417 0.0260324 0.0276073 0.0409797 0.0514997 0.0582416 0.0678296 0.0568965 0.0526034 0.0446236 0.0385585 0.0348896 0.0339563 0.0261755 0.0263588 0.0264876 0.0188399 0.0151087 0.0154902 0.0165445 0.0130543 0.0177645 0.0245226 0.0379797 0.0469388 0.0452038 0.0512662 0.0545062 0.0534314 
0.450595 0.388333 0.331916 0.27875 0.248376 0.216791 0.198566 0.182196 0.166456 0.155686 0.137347 0.117878 0.105 0.0936333 0.0761412 0.0645049 0.053622 0.0421626 0.0369303 0.0327171 0.0338991 0.0315955 0.0424008 0.0516761 0.0595289 0.0598114 0.0560004 0.0500099 0.0408218 0.0342896 0.0439478 0.0490326 0.0532632 0.0613249 0.0667638 0.0662094 0.0664536 0.0541233 0.0465671 0.0359672 
0.374493 0.327858 0.286667 0.24338 0.214067 0.192427 0.173063 0.162723 0.150955 0.145568 0.139952 0.131944 0.111947 0.0964776 0.0827306 0.0678387 0.0597414 0.0521018 0.0597094 0.0672914 0.0748686 0.0780224 0.077873 0.0753299 0.0782811 0.0727384 0.0616332 0.0551272 0.0629531 0.0743196 0.0823028 0.0939997 0.098031 0.0923209 0.091763 0.0922851 0.0898526 0.0782159 0.068536 0.0548009 
0.515404 0.467153 0.428361 0.395226 0.367661 0.343885 0.315736 0.293083 0.271865 0.248971 0.224657 0.202093 0.181038 0.169037 0.167417 0.159667 0.153214 0.147021 0.134779 0.114435 0.0996017 0.0908212 0.0766902 0.0606618 0.053767 0.0450373 0.041962 0.0465103 0.0475781 0.0437809 0.0424016 0.0348784 0.0289745 0.0300278 0.0248791 0.027728 0.0303396 0.0279818 0.0198553 0.013555 
0.565725 0.51622 0.467462 0.424066 0.380739 0.343541 0.310592 0.277116 0.241214 0.20499 0.177907 0.151265 0.135357 0.107456 0.0783587 0.0501042 0.0180884 -0.00815079 -0.0275965 -0.0473799 -0.0550312 -0.0682375 -0.070556 -0.0779625 -0.0798339 -0.0848087 -0.0763498 -0.0726154 -0.0672591 -0.0700596 -0.0660535 -0.0652734 -0.0686758 -0.0641584 -0.0571393 -0.0513552 -0.0502281 -0.0484897 -0.0602909 -0.0605035 
0.555183 0.497706 0.442838 0.395771 0.359479 0.330473 0.304313 0.270152 0.236723 0.201335 0.15896 0.128485 0.111327 0.100206 0.0958749 0.0895199 0.0794867 0.0668662 0.0650192 0.0741857 0.0718854 0.0798355 0.0824703 0.0783772 0.0776475 0.0661158 0.0555144 0.03647 0.0324011 0.0460314 0.0452753 0.0457964 0.0451629 0.0367837 0.0322537 0.0253918 0.0221717 0.0122613 0.0123623 0.0119436 
0.510661 0.449648 0.407913 0.368906 0.332809 0.298932 0.259615 0.230285 0.211007 0.193901 0.176724 0.156334 0.133178 0.115577 0.0987282 0.0922368 0.0969507 0.0930009 0.0810727 0.0651239 0.0664801 0.0671573 0.0582298 0.0468895 0.0401245 0.0419134 0.0494658 0.0638947 0.0718934 0.0761065 0.0719425 0.0614453 0.0443663 0.022851 0.00741241 -0.00747864 -0.0168929 -0.028529 -0.0259799 -0.0179764 
0.430159 0.376725 0.340561 0.315189 0.290517 0.26125 0.24166 0.227922 0.21619 0.209776 0.207882 0.20127 0.193281 0.181548 0.170996 0.165202 0.151461 0.137244 0.126819 0.12541 0.130211 0.129868 0.129836 0.127422 0.124354 0.11214 0.0964562 0.0861378 0.0765151 0.0602096 0.0588199 0.0541974 0.0517168 0.0530547 0.05751 0.0644708 0.0612659 0.0507909 0.0359917 0.022158 
0.489054 0.434673 0.375483 0.329177 0.292498 0.266606 0.246143 0.225337 0.208248 0.193643 0.177488 0.155978 0.142579 0.129174 0.12391 0.110653 0.0925818 0.069259 0.0497948 0.0430239 0.0457885 0.0481833 0.0568376 0.061565 0.0765874 0.0799772 0.0804444 0.0812557 0.0755662 0.0668186 0.0527882 0.043895 0.039667 0.0301134 0.0261394 0.0216918 0.0145827 -0.000692516 -0.0190968 -0.0334475 
0.420543 0.359999 0.311157 0.275617 0.246282 0.213013 0.178344 0.144954 0.117277 0.0949999 0.078818 0.0646762 0.0550917 0.0488594 0.0332911 0.0174859 0.000982112 -0.0106899 -0.0205156 -0.020166 -0.0264954 -0.0362711 -0.046125 -0.0511861 -0.0475947 -0.0347552 -0.0237191 -0.0195378 -0.0234206 -0.0335611 -0.0273993 -0.0160493 -0.0117843 -0.0139709 -0.0188095 -0.0239376 -0.0271224 -0.0244967 -0.0311813 -0.042464 
0.317713 0.269047 0.224681 0.186535 0.157803 0.13346 0.111541 0.0873232 0.064974 0.0451565 0.0328248 0.028919 0.0358819 0.0379949 0.0404623 0.044918 0.0411061 0.0300194 0.020624 0.00476445 -0.0100618 -0.0190941 -0.0316385 -0.042047 -0.0501257 -0.0461934 -0.0420265 -0.0328918 -0.0256683 -0.0185219 -0.0194919 -0.0170689 -0.0170808 -0.0191318 -0.0233907 -0.0309558 -0.0526509 -0.0665945 -0.0803948 -0.0893338 
0.344273 0.285474 0.245437 0.205621 0.172119 0.147907 0.125845 0.106547 0.0907757 0.0761962 0.0678001 0.0677495 0.0605956 0.0538214 0.0396589 0.0382368 0.0317755 0.0239407 0.0243846 0.0241496 0.0311246 0.0216397 0.0172633 0.0163658 0.00974755 0.00723589 0.0071322 0.00783975 0.00967255 0.00521333 0.00223086 -0.00251743 0.00220214 0.00787116 0.00977548 0.0071654 0.00937539 0.0143369 0.0135338 0.0207129 
0.353036 0.306364 0.263407 0.228568 0.193147 0.166714 0.144827 0.126421 0.105903 0.0847022 0.0568523 0.0380367 0.028412 0.0166252 0.00787053 0.00295929 -0.0025411 -0.0185505 -0.0291944 -0.041788 -0.0433713 -0.0521871 -0.0508056 -0.0470521 -0.0521384 -0.0591997 -0.0740125 -0.0833401 -0.0896824 -0.0914465 -0.0891946 -0.0845271 -0.0783594 -0.0850827 -0.0856487 -0.0849405 -0.0772587 -0.0637172 -0.0503194 -0.0405327 
0.319503 0.273745 0.248526 0.220076 0.19009 0.163391 0.146249 0.120878 0.110411 0.111616 0.1088 0.105897 0.108545 0.112379 0.105987 0.0883251 0.0791929 0.0657374 0.0485382 0.0402221 0.0310905 0.0236816 0.0141782 0.0104852 0.0038963 -0.00378862 -0.00850667 -0.00993116 -0.00948898 -0.0233619 -0.0344257 -0.0366919 -0.0379092 -0.0347909 -0.0376337 -0.049249 -0.0538211 -0.0580571 -0.0633958 -0.0716138 
0.540387 0.489238 0.43811 0.387945 0.345328 0.306361 0.277449 0.262617 0.254151 0.251374 0.245689 0.228103 0.206857 0.189141 0.16706 0.143874 0.124386 0.109055 0.0991345 0.0994464 0.0976741 0.105343 0.105736 0.10502 0.0987445 0.090792 0.0796169 0.0616612 0.0455517 0.0303073 0.0258533 0.0158261 0.0157676 0.0145427 0.0167214 0.0296047 0.0379139 0.0477603 0.0543279 0.0556148 
0.394629 0.342089 0.300309 0.261021 0.220641 0.191116 0.164685 0.143355 0.129497 0.118685 0.109461 0.108079 0.115881 0.118294 0.120254 0.119627 0.123094 0.121156 0.133063 0.144055 0.143088 0.135803 0.132762 0.121466 0.115581 0.105089 0.0954295 0.0897089 0.0868899 0.0883966 0.0760288 0.0703732 0.0594521 0.0510769 0.0503451 0.0516765 0.047347 0.0447605 0.050943 0.0414273 
0.413168 0.355554 0.301599 0.256207 0.217449 0.184336 0.147813 0.117557 0.0935806 0.0827356 0.0686952 0.0603128 0.0456137 0.0374837 0.0400929 0.0420572 0.0536516 0.0552997 0.0577874 0.0512404 0.0568004 0.0573041 0.072275 0.0758075 0.0867088 0.0868691 0.0889095 0.0820578 0.0872846 0.0939231 0.0974111 0.0889145 0.0817659 0.0725875 0.0651872 0.0651596 0.0518215 0.0369259 0.0230732 0.0126648 
0.448145 0.389338 0.33252 0.272771 0.227728 0.188288 0.153773 0.119752 0.0978983 0.0785366 0.0584754 0.0515722 0.0549388 0.0554299 0.0635365 0.0723037 0.0751564 0.0784616 0.0800314 0.0758516 0.0712891 0.0615508 0.0512441 0.0386084 0.0278345 0.022321 0.0266902 0.0362961 0.0340621 0.0343378 0.0427595 0.0436964 0.0480055 0.0562109 0.0486908 0.0360951 0.0228085 0.0115124 -0.00989117 -0.0272528 
0.264811 0.216928 0.174235 0.121411 0.0842545 0.0631343 0.0442554 0.0305829 0.0299941 0.0244436 0.0124171 0.00709962 0.00181808 -0.0112545 -0.0160891 -0.0202111 -0.0132787 -0.00677544 0.00801964 0.0184073 0.026721 0.0376568 0.0396046 0.0344782 0.0280935 0.0155177 0.0124286 0.0164522 0.03439 0.0400291 0.0419418 0.0431892 0.0393205 0.0405157 0.0438515 0.039083 0.0379636 0.0354472 0.0271539 0.0263724 
0.307847 0.250935 0.215617 0.184454 0.159661 0.136772 0.118547 0.0994682 0.0823322 0.0644624 0.0497096 0.0378852 0.0313613 0.0119909 -0.00112178 0.00268128 0.0150755 0.0296441 0.0330329 0.037814 0.0428548 0.0547916 0.059211 0.0508834 0.0464765 0.0437114 0.0307568 0.0135776 0.0168067 0.0163101 0.00443562 -0.00969667 -0.0202603 -0.0260772 -0.0227011 -0.0188477 -0.0245362 -0.0281173 -0.0238501 -0.0182528 
0.318899 0.26614 0.217578 0.18506 0.156663 0.126296 0.099595 0.0862042 0.0752852 0.0696219 0.0628905 0.0515205 0.0381331 0.011161 -0.00394028 -0.0118255 -0.0175305 -0.0273325 -0.0351411 -0.0312903 -0.0242971 -0.0264348 -0.0245323 -0.0273147 -0.0262141 -0.0262811 -0.0288788 -0.0274903 -0.0291472 -0.0286794 -0.0290875 -0.0219841 -0.0149226 -0.00682833 -0.0020422 0.00848238 0.022245 0.03882 0.0450365 0.0477999 
0.320346 0.286612 0.252863 0.226703 0.202731 0.178895 0.156573 0.141946 0.130596 0.121827 0.112369 0.100566 0.0892076 0.0765764 0.0630646 0.0452273 0.0206631 0.000669959 -0.00870579 -0.0206749 -0.0277616 -0.0360058 -0.038834 -0.0405182 -0.0421598 -0.0424798 -0.0393578 -0.0374471 -0.0351493 -0.0342042 -0.0318563 -0.0235935 -0.0278235 -0.035449 -0.040326 -0.0452083 -0.0437455 -0.0470694 -0.0481113 -0.0461943 
0.454771 0.396957 0.342866 0.292249 0.248809 0.20715 0.172769 0.158221 0.147862 0.129382 0.105803 0.0773661 0.0558102 0.0284681 -0.00377513 -0.0199792 -0.0348381 -0.0433495 -0.0579749 -0.0802621 -0.104019 -0.123536 -0.14026 -0.15805 -0.170144 -0.166418 -0.154223 -0.152717 -0.145218 -0.140684 -0.138053 -0.131416 -0.136984 -0.130921 -0.120974 -0.111804 -0.10005 -0.0827458 -0.0621904 -0.0423292 
0.303514 0.254238 0.207389 0.167317 0.139804 0.116196 0.108005 0.0862337 0.0674965 0.0534191 0.0444708 0.0493365 0.0440327 0.0442159 0.0425602 0.0388391 0.0434546 0.0370703 0.03249 0.0238026 0.00707955 -0.00727461 -0.00976489 -0.00377976 0.000256064 0.00329816 0.0101244 0.0116597 0.0192631 0.0206953 0.0343064 0.0427308 0.0363717 0.0301309 0.0184024 0.00688808 -0.00409401 -0.00560149 -0.00418298 -0.0076767 
0.34296 0.292001 0.248815 0.21162 0.191078 0.175534 0.146206 0.112919 0.0852285 0.0636121 0.0439109 0.0217392 -0.000206161 -0.0180542 -0.0272322 -0.0219004 -0.0184823 -0.0285731 -0.0297703 -0.0355216 -0.0311685 -0.0216694 -0.012977 -0.0149268 -0.00880431 -0.010647 -0.0165326 -0.0204092 -0.0227922 -0.020097 -0.0131321 -0.0177761 -0.0142227 -0.0104983 -0.0165888 -0.0225122 -0.0279017 -0.030226 -0.0384972 -0.0445022 
0.391859 0.346844 0.305528 0.267732 0.225321 0.182238 0.146072 0.126967 0.103311 0.0818785 0.0673004 0.0547529 0.0383599 0.0351711 0.0283336 0.021346 0.0150111 0.00195204 -0.00831447 -0.017719 -0.0366744 -0.0474576 -0.0622379 -0.0720425 -0.0822414 -0.0977661 -0.107352 -0.107745 -0.107414 -0.0990635 -0.0772492 -0.0606547 -0.0447348 -0.020295 0.00423096 0.0331355 0.0547622 0.0761567 0.0934178 0.103209 
0.294775 0.236096 0.184833 0.138038 0.0968196 0.0575433 0.0207443 -0.00261026 -0.0147064 -0.019859 -0.0244537 -0.0217274 -0.0151538 -0.00870935 -0.00039669 0.00747075 0.0167789 0.0214366 0.0224416 0.0143816 0.00806449 -0.00320297 -0.0075623 -0.0104569 -0.0144702 -0.01881 -0.0312217 -0.0380475 -0.0428799 -0.0376685 -0.0282512 -0.025617 -0.0191772 -0.0197822 -0.0194705 -0.0205681 -0.0310696 -0.0509272 -0.0617678 -0.0671742 
0.306806 0.259425 0.211124 0.164999 0.13385 0.0969519 0.0708254 0.0475629 0.0307562 0.0188564 0.00906187 -0.00113022 -0.00253162 -0.00606772 -0.00649267 -0.00513095 -0.00227982 0.00381484 0.00922434 0.0170852 0.0339138 0.0485842 0.0649119 0.079104 0.0811743 0.0874057 0.0962259 0.100544 0.0955798 0.0868708 0.0754176 0.0620664 0.0564092 0.0466141 0.0265321 0.0139642 -0.00427921 -0.0142561 -0.0208506 -0.0294008 
0.36388 0.315381 0.27586 0.245568 0.223012 0.200624 0.19175 0.180324 0.154645 0.127315 0.104573 0.0846579 0.0741326 0.0710134 0.0710135 0.0591681 0.035471 0.0206868 0.0089184 0.00779909 0.016845 0.0308512 0.0404564 0.0447839 0.0410835 0.0254013 0.0149053 0.0126593 0.0164604 0.0210233 0.0285878 0.0297706 0.0165484 0.00648925 0.00746679 0.0116839 0.00327488 -0.00518175 -0.00895054 -0.0123995 
0.438595 0.38708 0.341471 0.294985 0.25455 0.217351 0.179778 0.146429 0.11372 0.0886013 0.0649999 0.0443273 0.0280505 0.0161107 0.0118618 0.0146998 0.0204748 0.0235402 0.0265431 0.0389253 0.0518658 0.0522026 0.0494422 0.0545863 0.0554489 0.0544506 0.0507122 0.0456491 0.0457709 0.0393518 0.0302825 0.0227552 0.0080186 -0.00686368 -0.00240479 -0.00113844 0.00950691 0.0188669 0.0112877 0.00506027 
0.301446 0.257063 0.212091 0.171611 0.138871 0.113833 0.0938197 0.077726 0.0698442 0.0666565 0.068446 0.0680401 0.0692004 0.0716218 0.0692264 0.0587335 0.0542994 0.0492033 0.0501435 0.0465296 0.0461188 0.0467483 0.0445388 0.0480012 0.0475151 0.0415086 0.0254185 0.0136763 0.00512395 -0.00297161 -0.00392586 -0.00226358 -0.00556262 -0.00492854 -0.00437752 -0.00670956 -0.00339028 -0.00101447 0.00308677 0.00606656 
0.315853 0.268093 0.232759 0.195723 0.17098 0.149203 0.121797 0.102839 0.0850818 0.0666562 0.0532016 0.0459291 0.0429824 0.0329872 0.0236288 0.0115516 -0.000709331 -0.00600942 -0.0173407 -0.0308408 -0.0367806 -0.0445549 -0.0502355 -0.0479053 -0.0449768 -0.035606 -0.0231207 -0.0201877 -0.0266473 -0.0347921 -0.0404569 -0.0510165 -0.0580583 -0.0616082 -0.0615413 -0.0643656 -0.0622709 -0.0645532 -0.0626771 -0.0531663 
0.394071 0.340351 0.296586 0.249452 0.204883 0.178625 0.151777 0.127821 0.10339 0.0779151 0.0556183 0.0414899 0.0294355 0.0331237 0.0332077 0.0451339 0.0596979 0.0692587 0.0763409 0.0911628 0.103808 0.0998269 0.10205 0.0959079 0.0774285 0.0479911 0.0341449 0.0189119 0.00236294 -0.0132365 -0.0245752 -0.0425939 -0.057159 -0.0782493 -0.0875222 -0.0943285 -0.093583 -0.0941232 -0.0744311 -0.064349 
0.354151 0.307267 0.257639 0.20744 0.162396 0.130832 0.0991112 0.0738323 0.0511052 0.0367449 0.0266284 0.0178708 0.0237748 0.00735224 0.000297079 -0.0175913 -0.0305266 -0.0519514 -0.0666584 -0.075349 -0.0839669 -0.0949588 -0.0991385 -0.101347 -0.0958266 -0.0702788 -0.0605402 -0.0464847 -0.0316518 -0.0214519 -0.0213147 -0.0224551 -0.0253358 -0.0271794 -0.031601 -0.0356002 -0.0451281 -0.0569512 -0.0572603 -0.0526547 
0.278704 0.234472 0.198273 0.173961 0.157261 0.144436 0.13117 0.118214 0.111422 0.108832 0.107267 0.102165 0.0788048 0.0671854 0.0596037 0.0579848 0.0487087 0.0303579 0.00932729 -0.00872112 -0.0113721 -0.00604715 -0.00793137 -0.0111505 -0.0088706 -0.00888816 -0.00649646 0.00226554 0.00567629 0.000465338 -0.00700185 -0.013106 -0.0123936 -0.00907964 -0.00913724 -0.00988974 -0.0119404 -0.0118854 -0.0112687 -0.00773809 
0.415396 0.358566 0.303827 0.243205 0.178764 0.135056 0.0951341 0.0607377 0.0380662 0.0123941 -0.0114718 -0.0365157 -0.0553966 -0.0730889 -0.0789907 -0.0723647 -0.0690731 -0.0577252 -0.0448286 -0.0386828 -0.0326691 -0.022773 -0.0204215 -0.0218646 -0.0142326 -0.0100979 -0.00127176 0.00410743 0.0112258 0.0239136 0.0324465 0.0370874 0.0331478 0.032826 0.0302492 0.0279825 0.0273896 0.0304074 0.0342817 0.0370104 
0.396674 0.348296 0.299459 0.267721 0.241342 0.22148 0.19431 0.176064 0.153233 0.138449 0.133135 0.116822 0.0969468 0.083597 0.0707911 0.0649991 0.0615539 0.0675007 0.0630325 0.057037 0.0389272 0.0247856 0.00918192 -0.00318465 -0.0129879 -0.0190308 -0.016963 -0.0139314 -0.00641996 0.00042836 0.00363299 0.00539807 -0.00407455 -0.0152522 -0.0295894 -0.0398689 -0.0437205 -0.0535544 -0.057019 -0.0703518 
0.385329 0.330469 0.276136 0.2302 0.187249 0.152398 0.105347 0.0686962 0.0406593 0.0244033 0.0213685 0.0231072 0.0251922 0.0254699 0.0255456 0.0247603 0.0215531 0.0278197 0.028941 0.0263689 0.0111248 -0.00988719 -0.0291099 -0.0497951 -0.0585088 -0.070594 -0.0898234 -0.114793 -0.132207 -0.136967 -0.128006 -0.121739 -0.120145 -0.125359 -0.132874 -0.136398 -0.128739 -0.12162 -0.117553 -0.112037 
0.465399 0.407258 0.342831 0.285383 0.240131 0.199047 0.173397 0.163887 0.157495 0.149833 0.136098 0.123144 0.101667 0.0785637 0.056256 0.0307127 0.00596335 -0.019251 -0.0425287 -0.0570056 -0.0690463 -0.0842792 -0.0892697 -0.0978206 -0.104367 -0.103707 -0.0976336 -0.0952209 -0.100794 -0.108303 -0.12184 -0.131241 -0.134093 -0.145099 -0.142933 -0.145056 -0.151155 -0.141591 -0.142165 -0.141103 
0.406143 0.364815 0.328351 0.29608 0.251327 0.236225 0.218679 0.197699 0.179599 0.172647 0.160989 0.144204 0.128386 0.10939 0.0963588 0.0916625 0.0820815 0.0751697 0.0639457 0.0499925 0.0317199 0.0247034 0.0142098 0.00751253 0.00475872 -0.000547353 -0.00344021 -0.00364733 0.00927911 0.00386368 0.000581156 -0.00696559 -0.012532 -0.0160502 -0.0107129 -0.0121537 -0.0108982 -0.0104787 -0.0250319 -0.0383561 
0.550171 0.498776 0.448957 0.404323 0.366475 0.339132 0.3158 0.300873 0.281743 0.263899 0.251571 0.236642 0.216277 0.195711 0.17415 0.166889 0.165769 0.16472 0.146786 0.134973 0.129129 0.127498 0.127698 0.134231 0.141058 0.129763 0.114507 0.0984472 0.0817298 0.0788351 0.0716387 0.0511699 0.0407871 0.0282231 0.0173974 0.01344 0.0116377 0.0118771 0.00145932 -0.0118993 
0.459956 0.402856 0.353123 0.303632 0.257686 0.213863 0.178231 0.147789 0.125073 0.0955279 0.0631342 0.0315843 -0.00404715 -0.0183069 -0.0356246 -0.0606796 -0.0758192 -0.0802641 -0.0802145 -0.0668847 -0.0411696 -0.0262389 -0.0140012 -0.00968656 -0.002582 0.00363429 0.0132904 0.014387 0.0182784 0.0184842 0.0181289 0.0220334 0.0209277 0.00718129 -0.00426137 -0.00989769 -0.0103455 -0.0209458 -0.0383802 -0.0512404 
0.574374 0.523266 0.471549 0.421076 0.372542 0.326603 0.271954 0.224061 0.174442 0.128938 0.0917049 0.0645069 0.0428411 0.0271387 0.0214235 0.00846689 0.0103798 0.00579917 -0.00288293 -0.00266488 -0.00032824 0.00317432 -0.00516067 -0.00331428 -0.00235348 0.00557016 0.00952503 0.0162832 0.0278865 0.0397722 0.0513452 0.067308 0.0818711 0.0929756 0.0898366 0.0892061 0.0820879 0.0591477 0.040944 0.0170686 
0.424984 0.374166 0.329109 0.291404 0.261262 0.238368 0.221647 0.202716 0.186738 0.160312 0.129809 0.106131 0.0787981 0.0558809 0.0349822 0.0198265 0.0166374 0.00993074 0.00594314 -0.00212762 0.00169855 0.00477198 -0.00525389 -0.00508529 -0.00386772 0.00790422 0.0241063 0.0379408 0.0482214 0.0498792 0.0483138 0.0447592 0.0418128 0.042443 0.0449141 0.0551552 0.0609286 0.0681183 0.0799829 0.0788171 
0.543483 0.491534 0.454632 0.42778 0.396236 0.362423 0.328731 0.302307 0.276751 0.255277 0.234177 0.226245 0.219983 0.204536 0.185631 0.162254 0.148813 0.135791 0.127604 0.121438 0.117292 0.107848 0.107469 0.0987409 0.0994959 0.100239 0.100505 0.0913317 0.0859888 0.0905599 0.0946984 0.100554 0.106377 0.103938 0.0989295 0.097932 0.0967265 0.0983794 0.0947202 0.0895008 
0.585759 0.5338 0.487208 0.440306 0.391308 0.342841 0.305882 0.267935 0.231619 0.20188 0.175977 0.152093 0.131364 0.109517 0.0927032 0.0778101 0.0696167 0.0537454 0.0487475 0.0479194 0.0383921 0.0323435 0.028068 0.0248551 0.0211135 0.0335009 0.0528436 0.0651199 0.0743489 0.077899 0.0818618 0.0841058 0.0882787 0.0985289 0.11129 0.111838 0.114373 0.111781 0.115768 0.110601 
0.36452 0.303519 0.251946 0.222708 0.201757 0.176978 0.155503 0.13709 0.120287 0.106047 0.0928464 0.0865446 0.0822585 0.0850335 0.0925278 0.0967503 0.0915913 0.084251 0.0852514 0.0813482 0.0745679 0.0667146 0.0561273 0.0513041 0.0536917 0.0525341 0.0573697 0.0560418 0.0627595 0.0663707 0.0703543 0.0685019 0.0712006 0.072757 0.0708044 0.0671564 0.0631759 0.061491 0.0579352 0.0600796 
0.426937 0.371479 0.325956 0.297519 0.264496 0.23674 0.208386 0.17969 0.152793 0.132094 0.113693 0.097305 0.0781722 0.0634313 0.051392 0.0492075 0.0460671 0.0433322 0.0357422 0.0297194 0.0248527 0.0243431 0.0289373 0.040887 0.0504901 0.0555613 0.0584699 0.0668808 0.0793283 0.0983689 0.109438 0.114658 0.112862 0.115373 0.114953 0.119661 0.121235 0.129571 0.132401 0.13983 
0.364197 0.317991 0.271646 0.234456 0.201706 0.174998 0.151136 0.128949 0.113094 0.103715 0.0927182 0.0889539 0.0900122 0.0912376 0.092538 0.0915963 0.090096 0.0888291 0.08188 0.0646332 0.0569772 0.0560458 0.0581327 0.0541016 0.0535901 0.0506971 0.0526202 0.0582334 0.0581906 0.0565663 0.0581977 0.0561123 0.0534782 0.0548488 0.0609958 0.0601311 0.0668791 0.058895 0.0516294 0.0462564 
0.389331 0.330663 0.276714 0.227571 0.189104 0.158313 0.133136 0.121054 0.118585 0.117901 0.125156 0.135167 0.13182 0.125411 0.118446 0.114221 0.111039 0.0990966 0.0839452 0.0665553 0.0485222 0.0415113 0.0409824 0.040663 0.0341495 0.0323102 0.0365209 0.0343084 0.0418417 0.0604068 0.0684207 0.0765526 0.0798257 0.0787569 0.0803165 0.0763134 0.0669914 0.0607132 0.0568541 0.0452797 
