-0.377964
-0.70914
-0.971236
-0.544846
0.493566
0.666893
-0.078981
-1.07915
-0.184746
0.323612
-0.174207
0.249771
-0.622258
0.239511
0.564328
0.990215
0.725797
0.415474
-0.352359
-0.0132042
-0.29359
-0.950851
-1.12404
-0.947051
-0.133539
0.0975365
-0.265766
0.0579737
0.371691
0.615012
1.55546
0.345862
0.138444
0.451915
-0.031195
-0.635763
-1.05666
-1.34518
-1.37233
-1.34701
-1.12596
0.185446
0.0865854
-0.155398
-0.379311
-0.587966
-0.979221
-0.532408
-0.628215
-0.0186225
0.170365
-0.354697
-0.681093
0.0120439
0.144401
0.268312
0.379243
-0.328518
-0.394589
0.175966
0.0899262
0.26092
0.0528157
-0.268488
-0.171641
-0.695727
-0.511153
0.51607
0.0868917
0.0256416
-0.618888
-0.561905
-0.455808
-0.132908
0.105226
0.320422
0.19728
0.67728
0.873456
0.893833
0.933163
0.782647
0.382219
0.135509
-0.21911
-0.165728
-0.396376
-0.618163
-0.546125
-0.503379
-0.430852
0.0916921
0.664517
0.853155
0.555264
0.0478504
-0.466373
-0.346204
-0.0132206
-0.745833
-0.047382
-0.408944
-0.540021
-0.53427
8.56354e-05
-0.383714
-0.0534154
-0.210199
-0.623993
-0.349444
-0.357387
-0.510604
-0.216427
0.118172
0.142795
0.443334
0.400802
1.05868
1.28651
0.63001
0.802663
0.0890834
0.35637
0.214397
0.250071
-0.634003
-0.596626
0.369923
0.94952
0.880772
0.263307
-0.231626
-1.04131
0.0350564
0.191937
0.596567
-0.19125
-0.124044
0.128248
-0.349815
-1.26697
-1.37631
-0.67157
-1.16778
-0.061162
0.0252668
0.0696337
-0.344884
-0.339719
-0.512224
-0.651308
-0.580932
0.0990326
-0.261908
-0.634143
-0.782054
-0.358139
-0.996148
-1.18089
-0.502659
-0.388046
-0.378216
-0.159263
0.02952
-0.741238
-0.142442
-0.620569
-0.693242
-0.989422
-0.0353755
0.0985637
-0.579935
-0.653867
-0.841635
-0.72826
-1.09648
-1.27339
-0.399895
-0.707804
-0.234882
