0.53444 0.408016 0.311826 0.211318 0.118717 0.0500275 0.0132748 -0.0161599 -0.0296757 -0.0229746 0.0138403 0.0152721 0.0110252 0.0378457 0.0431526 0.0336557 0.024497 0.0512809 0.0617309 0.0577923 0.0580357 0.0542241 0.0510237 0.0458686 0.0364854 0.0362561 0.0350202 0.0311463 0.0329093 0.0540329 0.057662 0.0612739 0.0615949 0.0678134 0.0503767 0.0259304 -0.0097978 -0.0506063 -0.0812463 -0.0949103 
0.49471 0.3927 0.313327 0.229831 0.147336 0.106661 0.0645776 0.020544 -0.0152576 -0.041959 -0.0484385 -0.0585935 -0.058853 -0.0501094 -0.0288447 -0.0315701 -0.00102727 0.00295418 0.0052704 0.0245814 0.0560274 0.0489648 0.0513257 0.0497511 0.0248251 0.00200587 -0.0123249 -0.00713287 -0.012133 -0.0104619 -0.0349982 -0.0488448 -0.0681119 -0.0725179 -0.0699544 -0.0677762 -0.0703308 -0.0610049 -0.0522543 -0.0276868 
0.243567 0.167601 0.122187 0.0951447 0.0660379 0.0406134 0.0205744 -0.00478032 -0.0231571 -0.0370418 -0.0504623 -0.0538862 -0.0532114 -0.0570191 -0.0458345 -0.0222789 -0.00141873 0.00884649 0.0362087 0.0535583 0.0574368 0.0498217 0.0532631 0.0553849 0.0504596 0.0477307 0.0347831 0.0259021 0.0139015 0.00201501 -0.0143356 -0.0290495 -0.0424894 -0.0462744 -0.0534734 -0.052413 -0.051793 -0.0514106 -0.0539423 -0.0511864 
0.261201 0.206581 0.14769 0.106234 0.0819081 0.0659141 0.0447167 0.0316729 0.00657001 -0.00997085 -0.0137772 -0.00777132 -0.00933621 0.00126487 -0.0012696 -0.00328197 -0.00902494 0.000321849 0.0127982 0.0300823 0.037078 0.0395101 0.0322512 0.0266081 0.0169284 0.00886656 0.00238542 -0.0130683 -0.0323752 -0.0348458 -0.0406062 -0.0350548 -0.0335957 -0.0276351 -0.01642 -0.00511447 -0.0078817 -0.0134947 -0.011432 -0.0155134 
0.520442 0.456521 0.407973 0.378138 0.361197 0.338456 0.317721 0.307963 0.286935 0.258989 0.228455 0.192882 0.162588 0.142849 0.135221 0.128321 0.102011 0.0697941 0.047927 0.019916 0.00538571 -0.00392149 -0.0167884 -0.0275983 -0.0429714 -0.0434229 -0.0425035 -0.0471939 -0.0670822 -0.078849 -0.084239 -0.0788426 -0.078375 -0.0694745 -0.0546805 -0.0549779 -0.0568401 -0.0652945 -0.0670936 -0.0614628 
0.414002 0.362484 0.326556 0.263282 0.20241 0.138671 0.124471 0.0889994 0.0698762 0.0715778 0.0573273 0.0417621 0.0328415 0.025498 -0.00680375 -0.0292211 -0.0383045 -0.0417695 -0.0436592 -0.052237 -0.036887 -0.0424784 -0.0339766 -0.0225038 -0.0178149 -0.00284461 -0.0244502 -0.0124597 -0.00977105 -0.00195069 0.00173249 -0.000549182 0.0140026 -0.00779352 -0.00997063 -0.0173566 -0.0298533 -0.0420999 -0.0534263 -0.0581647 
0.317259 0.261257 0.19441 0.147805 0.111458 0.0849128 0.0510004 0.0293091 0.00922155 0.00351327 0.0101892 0.00483828 0.0176806 0.0151529 0.0182329 0.0178147 0.0148186 0.00595055 0.00105048 -0.0154874 -0.0252985 -0.0413181 -0.0533239 -0.0610682 -0.061278 -0.0578874 -0.0503537 -0.0551456 -0.0506376 -0.0463369 -0.046586 -0.0537255 -0.057507 -0.0571696 -0.0528745 -0.0458086 -0.0358057 -0.0316023 -0.0161954 -0.00688437 
0.214141 0.131864 0.0835724 0.0641386 0.0357904 0.00543774 -0.010099 -4.89229e-05 0.00263083 -0.000331321 -0.00411068 -0.0145229 -0.00732348 0.0172145 0.0326384 0.0281581 0.010653 0.00388513 0.0138239 0.0253555 0.0209667 0.0342368 0.0471763 0.0479336 0.0340728 0.0209095 0.00850721 -0.00230168 -0.0227245 -0.0318923 -0.0391511 -0.0455187 -0.0406672 -0.0383872 -0.0401244 -0.0427061 -0.027903 -0.00840724 0.00145613 -0.00789754 
0.311921 0.243515 0.188858 0.154074 0.138217 0.120708 0.102012 0.0851381 0.0680729 0.0497018 0.02691 0.00900775 -0.0109897 -0.0170005 -0.0288076 -0.0317781 -0.0299772 -0.0212461 -0.0152827 -0.0176695 -0.0234468 -0.0271615 -0.0203203 -0.0131944 0.00387098 0.0123917 0.0191537 0.0255392 0.027626 0.0306396 0.00849016 -0.0158712 -0.0370121 -0.0441078 -0.0377332 -0.0271381 -0.0221124 -0.0221861 -0.0136957 -0.00262201 
0.733715 0.593235 0.456069 0.335046 0.254536 0.180947 0.130279 0.08779 0.0683876 0.059211 0.043276 0.0223732 0.00540062 -0.0214582 -0.0279699 -0.00881155 -0.00814889 0.0160145 0.0347525 0.0572905 0.0983156 0.125825 0.156168 0.163186 0.142574 0.111133 0.0672098 0.0266588 0.00884063 -0.0186373 -0.0377897 -0.0332949 -0.0570117 -0.066382 -0.0863097 -0.0806161 -0.0667883 -0.0690108 -0.0392895 -0.0303641 
0.391895 0.281959 0.227405 0.177693 0.15013 0.122194 0.101268 0.0766097 0.0598333 0.0472168 0.0333959 0.0207986 0.0113544 0.0091219 0.0140512 0.00368802 -0.000556365 -0.0014291 -0.0102868 -0.0213406 -0.0148359 -0.0221824 -0.0433979 -0.0527556 -0.0512884 -0.0628527 -0.0600011 -0.0570975 -0.0565829 -0.0436486 -0.0333902 -0.0335638 -0.0428294 -0.032316 -0.0267532 -0.0188298 -0.00216884 0.00650253 0.034105 0.0477387 
0.893021 0.825343 0.746684 0.664446 0.590178 0.517497 0.454657 0.388655 0.324839 0.276202 0.237488 0.200087 0.163995 0.131433 0.114184 0.0912402 0.0712403 0.0620242 0.0515712 0.035872 0.0253308 0.0328176 0.0429057 0.0604786 0.0783724 0.0963939 0.112548 0.123654 0.121368 0.113754 0.105782 0.0985628 0.0928657 0.0867903 0.0784887 0.0716189 0.0755126 0.0624161 0.0524479 0.0495344 
0.35774 0.258728 0.212212 0.166798 0.10951 0.0610163 0.0393925 0.0383834 0.0401386 0.0375303 0.0385732 0.0445254 0.0439017 0.0492967 0.048087 0.0450589 0.0503544 0.0474983 0.0392646 0.0197602 0.000651805 0.00357061 1.64059e-05 -0.0142998 -0.0291822 -0.0345917 -0.0445175 -0.0593831 -0.0552342 -0.0513922 -0.047429 -0.0410537 -0.0399117 -0.0205231 0.00238238 0.0105076 0.0100537 0.0169406 0.0114444 -0.00618424 
0.230794 0.150301 0.0987402 0.0918818 0.092628 0.0820204 0.059158 0.0387647 0.0546096 0.0418309 0.0287365 0.00446753 -0.00915724 -0.0194977 -0.0213004 -0.0189831 -0.0209847 -0.018473 -0.018657 -0.0133489 -0.0130554 -0.011396 -0.0132962 -0.0198505 -0.0323111 -0.0320803 -0.0316469 -0.0384971 -0.0426213 -0.0572292 -0.0408547 -0.027065 -0.0275676 -0.0314222 -0.0220102 -0.0163966 -0.00539747 0.0046645 0.00107311 -0.0165069 
0.306517 0.197942 0.141701 0.121103 0.0970028 0.0637293 0.0322517 -0.00627614 -0.0150472 -0.0031767 0.023393 0.0397078 0.0456813 0.0514901 0.0665707 0.0919923 0.102303 0.109725 0.104122 0.0897012 0.0910096 0.0795749 0.0450981 0.016212 0.00567438 0.0188507 0.0232474 0.0234187 0.0113522 0.00220179 0.0020553 -0.00452926 -0.00105589 -0.00344209 0.0072133 -0.00554293 -0.015776 -0.0235818 -0.0140024 -0.00948086 
0.357611 0.250748 0.175504 0.107832 0.0770596 0.0648887 0.0418574 0.0374274 0.0259314 0.0190495 0.0198528 0.0226322 0.0315529 0.0222309 0.00723051 0.00659702 -0.000714933 0.0120572 0.0387216 0.0541363 0.0460026 0.0330453 0.013726 0.000302424 -0.00889839 -0.0122973 -0.0174209 -0.0294992 -0.0198099 -0.0151215 -0.00104847 0.0237628 0.0233614 0.009776 0.00833084 0.00737668 0.0289393 0.060331 0.069467 0.0720712 
0.361265 0.279859 0.204975 0.154331 0.126204 0.105272 0.0890758 0.0727218 0.0588688 0.0486456 0.0351631 0.0244617 0.0259388 0.0270455 0.0280741 0.0265211 0.0204046 0.0136589 0.00997643 -0.00698954 -0.025592 -0.0404909 -0.0377941 -0.0306055 -0.0325233 -0.0257099 -0.0147757 -0.0166634 -0.0273623 -0.0343585 -0.0415762 -0.0477011 -0.0453221 -0.0364578 -0.0399461 -0.0420114 -0.047631 -0.0541373 -0.0592405 -0.0664675 
0.312444 0.243943 0.187015 0.149156 0.122506 0.114503 0.0833154 0.0561324 0.0369764 0.0388729 0.04167 0.0551233 0.0483286 0.0383926 0.0246186 0.0126542 0.00339449 -0.0143046 -0.0208008 -0.018335 -0.0161737 -0.0208342 -0.022568 -0.0214233 -0.0154484 -0.0101505 -0.00530192 0.00298584 -0.0118519 -0.0081111 -0.00575331 0.00990156 0.0211522 0.0326614 0.0328556 0.0587523 0.0485603 0.0493222 0.0410336 0.0360497 
0.526041 0.455212 0.371071 0.290255 0.217611 0.157675 0.117146 0.0852051 0.0610092 0.0361741 -0.00192175 -0.0213243 -0.0481988 -0.0594029 -0.0698082 -0.0705613 -0.0651396 -0.0680252 -0.0690166 -0.0885701 -0.100854 -0.104005 -0.108039 -0.112714 -0.122035 -0.118853 -0.110945 -0.104764 -0.0935962 -0.0916397 -0.0747526 -0.0643439 -0.0606135 -0.0462298 -0.0510761 -0.039603 -0.0359159 -0.0306154 -0.0260112 -0.0131309 
0.530065 0.456692 0.39489 0.316433 0.266358 0.214266 0.16479 0.132492 0.0935229 0.0395478 -0.00272413 -0.0317093 -0.0485835 -0.0503503 -0.0528797 -0.0600718 -0.0655737 -0.065214 -0.0774498 -0.0898356 -0.0918297 -0.0994065 -0.108312 -0.10555 -0.109293 -0.107154 -0.101562 -0.0976396 -0.0801565 -0.0728082 -0.0547602 -0.0487608 -0.0409945 -0.0315724 -0.0238997 -0.0121579 0.00984351 0.0248968 0.0276529 0.0276655 
0.746545 0.625221 0.495281 0.404313 0.328372 0.268775 0.215201 0.155891 0.136698 0.0865277 0.060242 0.0285238 0.0207265 0.00801687 -0.00497963 -0.0293666 -0.0546487 -0.0697428 -0.0681852 -0.0698989 -0.0670772 -0.0587036 -0.0547044 -0.0555675 -0.0392979 -0.0140234 0.00945504 0.0518096 0.0678485 0.105481 0.127257 0.12747 0.123394 0.108144 0.0896944 0.062457 0.0375608 0.000161201 -0.0143469 -0.0173868 
0.257363 0.16901 0.0994259 0.0666133 0.0481472 0.0436433 0.0293498 0.0193844 0.0217444 0.0404482 0.0547049 0.0604269 0.0504807 0.0379831 0.0320477 0.0359074 0.0415145 0.040053 0.03063 0.0240597 0.0307989 0.0315016 0.0397566 0.0405217 0.0310671 0.0252004 0.0220442 0.0202063 0.0116027 -0.00159592 -0.00926173 -0.0156447 -0.00918616 0.000104872 0.0073834 -0.000264787 -0.00219319 0.00935664 0.0234194 0.0387201 
0.541389 0.408809 0.346324 0.308216 0.245259 0.167162 0.105358 0.0685994 0.0425961 0.0116266 -0.0203272 -0.0226186 -0.0339147 -0.0424893 -0.046179 -0.0584406 -0.0674968 -0.0675737 -0.0784194 -0.073923 -0.0628545 -0.0628361 -0.061641 -0.0668522 -0.0677074 -0.0734093 -0.0584333 -0.0197341 0.00284128 0.0199274 0.00727914 0.00907239 0.0386942 0.0608789 0.054293 0.0612636 0.10342 0.145318 0.154463 0.149238 
0.202285 0.143222 0.125287 0.121475 0.101173 0.0796725 0.067456 0.0400572 0.0261117 0.0179582 0.0028479 -0.00782448 -0.0138551 -0.00688777 -0.0200844 -0.0350868 -0.0440684 -0.0385735 -0.0290862 -0.0177698 -0.0120795 -0.0173643 -0.0091826 -0.00610226 0.00119329 -0.000834943 -0.00366057 -0.0127734 -0.0144264 -0.00818962 -0.010549 -0.0169281 -0.0149117 -0.0108351 -0.0108259 -0.0117589 -0.0118756 -0.0216144 -0.0257948 -0.01589 
0.11716 0.0745825 0.0420821 0.0206743 0.0135774 0.00161997 -0.00184939 -0.00612562 -0.00529123 -0.0111281 -0.0161356 -0.015819 -0.00687757 0.00103878 0.00245357 0.00828606 0.019013 0.0353062 0.0323206 0.0302322 0.0132527 0.00353643 -0.00214574 -0.00448413 -0.0123953 -0.012498 -0.00913799 -0.0139376 -0.0181341 -0.0206544 -0.0195008 -0.0118272 -0.00407978 -0.00633667 -0.00052492 0.0128434 0.0147543 0.01069 0.0109892 0.0158766 
0.216833 0.147525 0.117731 0.0868582 0.0721358 0.0528843 0.0369544 0.0143091 0.00807134 0.00362602 -0.00503336 -0.00995368 -0.0176432 -0.00878577 -0.00187553 -0.000582313 0.00509607 0.000451086 0.00507725 0.00543012 0.00406614 -0.00102472 -0.000970338 0.00323162 -0.00406726 -0.00245647 -0.0248296 -0.0361835 -0.0321526 -0.028021 -0.0310672 -0.0328156 -0.0293505 -0.0255516 -0.0271313 -0.0228031 -0.0135576 -0.0106728 0.00347494 0.0121376 
0.374331 0.304372 0.250231 0.186424 0.139763 0.0952293 0.0737147 0.0638274 0.0613811 0.0652462 0.0531727 0.0552733 0.0553409 0.0408311 0.0309003 0.0232795 0.0149995 0.00719746 0.0161203 0.00914833 0.00653854 0.00229077 -0.0172833 -0.026565 -0.0376201 -0.0387868 -0.0371308 -0.033785 -0.0272941 -0.0309871 -0.0332357 -0.0362774 -0.0379057 -0.0428414 -0.0485291 -0.0504126 -0.0501455 -0.0494797 -0.0506745 -0.0507609 
0.199488 0.142566 0.115286 0.101239 0.0781715 0.0502661 0.0267695 0.0122285 0.00401801 -0.00555204 -0.0109884 -0.0161504 -0.0216466 -0.0254145 -0.0219914 -0.028613 -0.0307304 -0.0287165 -0.024126 -0.0215596 -0.0240996 -0.0239584 -0.021953 -0.0184535 -0.0202846 -0.0189115 -0.0169717 -0.0126979 -0.00876138 -0.011261 -0.0074383 -0.00928677 -0.0166376 -0.015671 -0.00884534 0.000323939 -0.00370781 -0.0107994 -0.00814364 -0.00826254 
0.108725 0.0609444 0.0269451 0.00294477 -0.00209973 0.0017187 0.00570246 -0.00160227 -0.0113805 -0.0135995 -0.0160051 -0.00536486 -0.0015828 0.00363651 -0.000471631 -0.00780277 -0.0127987 -0.00890843 -0.00651029 -0.00250187 -0.00785304 -0.00854412 -0.00324705 0.00813215 0.0226614 0.038301 0.0293393 0.0124931 0.00134829 0.00379368 0.00599348 0.00734207 0.0128821 0.00717097 -0.00240461 -0.013519 -0.0190687 -0.0135672 -0.0170803 -0.0248488 
0.17217 0.124971 0.0941645 0.0733187 0.0524582 0.0398837 0.0312148 0.018331 0.00476764 -0.00741422 -0.0115601 -0.0136657 -0.0177829 -0.0266685 -0.0310737 -0.0273028 -0.0228893 -0.0227816 -0.0219479 -0.0170304 -0.023264 -0.028826 -0.029035 -0.0258349 -0.0141841 -0.00516725 0.00338478 0.0172996 0.0335302 0.0392666 0.0443976 0.0458643 0.046088 0.0309192 0.0166045 0.0111338 0.00327481 0.00348672 0.0135398 0.00715476 
0.253328 0.180606 0.128779 0.109344 0.0878536 0.0805396 0.0682098 0.0425595 0.0345806 0.0126388 0.00705936 0.00542944 0.0227572 0.0242789 0.0234132 0.0226098 0.0188618 0.0128363 -0.00033103 -0.00744773 -0.0175596 -0.0272776 -0.0292991 -0.0262981 -0.0192099 -0.0201187 -0.0329322 -0.035716 -0.0295121 -0.0151173 -0.0082895 0.00176363 0.00672614 0.00817932 0.0118046 0.0096726 0.0176886 0.0311005 0.0327906 0.0204347 
0.194631 0.146589 0.112228 0.102039 0.0981961 0.0882653 0.0795196 0.0728025 0.0620893 0.0343079 0.022009 0.00966441 0.00973451 0.0177352 0.0132978 0.00576192 0.00375402 0.000481425 -0.00512991 -0.00834879 -0.00849176 -0.00943707 0.00343569 0.00164094 -0.00785367 -0.0105998 -0.0121114 -0.0102105 -0.0127759 -0.00983636 -0.00710351 -0.00627013 -0.0168077 -0.0200622 -0.0140451 -0.0117978 -0.0110594 -0.00859219 -0.00780482 -0.0100107 
0.595286 0.504955 0.420012 0.322779 0.234438 0.164483 0.107769 0.0679451 0.0497919 0.0427859 0.0352726 0.0403049 0.0480693 0.0274969 0.00906407 -0.00350993 -0.0240102 -0.0506149 -0.0672316 -0.0805777 -0.0941285 -0.0917903 -0.0902464 -0.0968945 -0.0958804 -0.0871309 -0.0807269 -0.074658 -0.0791704 -0.0669286 -0.0548402 -0.0375381 -0.00919417 0.00331409 0.0295023 0.060137 0.0812143 0.0944788 0.113004 0.110782 
0.681782 0.613298 0.536146 0.480682 0.405273 0.352362 0.322735 0.31068 0.309841 0.302507 0.305056 0.269647 0.256541 0.221601 0.190293 0.139662 0.10331 0.0650141 0.0409382 0.0317594 0.00110314 -0.00653783 -0.00589758 0.00642744 0.00583245 0.0122171 0.00731338 0.0135483 0.00668098 -0.000785238 -0.0176498 -0.0324635 -0.0402825 -0.0555127 -0.0552616 -0.0553512 -0.05847 -0.0436288 -0.0366843 -0.0247044 
0.361823 0.285066 0.241248 0.182396 0.138472 0.109174 0.0759162 0.0425708 0.0244822 0.0142183 0.00188937 -0.00760732 -0.00172662 0.00219297 3.93944e-05 0.00571029 0.00356555 -0.00524102 -0.0179669 -0.00996645 -0.0131869 -0.015324 -0.00967015 -0.0126593 -0.0223949 -0.0208769 -0.0181759 -0.0309434 -0.0360099 -0.0282682 -0.0232235 -0.0274264 -0.0220892 -0.012503 -0.00968862 0.0089426 0.0218702 0.0241137 0.0316274 0.0382079 
0.24033 0.171819 0.0951597 0.0648995 0.0414501 0.0385618 0.0383783 0.0427642 0.0421161 0.0352506 0.0133172 -0.00931014 -0.022466 -0.0278914 -0.0250438 -0.0196415 -0.00864382 0.000837961 0.00159146 -2.3336e-05 0.00684383 -0.00099234 -0.00599247 -0.0164316 -0.0231364 -0.0221483 -0.0231997 -0.0179033 -0.0213128 -0.0217447 -0.0141833 -0.00433995 0.00163849 -0.00756497 -0.00186231 -0.0028484 0.00471282 0.00567732 0.00822757 -0.000158835 
0.332544 0.267555 0.192897 0.137265 0.091133 0.0488482 0.0197557 -0.00832374 -0.0281554 -0.0379796 -0.0356311 -0.0281161 -0.0145327 -0.00982467 -0.0132968 -0.01164 -0.013676 -0.0174448 -0.0166762 -0.0106304 -0.00415432 -0.00179429 -0.00607931 -0.00835953 -0.0252345 -0.0294942 -0.0348665 -0.0295633 -0.0234457 -0.0111738 -0.0045363 -0.000842695 -0.00663151 -0.00757796 -0.0145123 -0.0151054 -0.029603 -0.0409306 -0.0531229 -0.0569008 
0.224028 0.162426 0.118225 0.0787472 0.0617703 0.0423068 0.0223152 0.017888 0.0281272 0.0276798 0.0288161 0.0274874 0.019713 0.00868537 -0.00927742 -0.0207536 -0.0293113 -0.0352083 -0.0404376 -0.0354041 -0.0216857 -0.0175819 -0.0232261 -0.0167207 -0.000915478 0.00483413 0.0120277 -0.00219106 -0.00928175 -0.00226004 0.00389993 -0.00287991 0.00753679 0.00942507 0.00765704 0.0111966 -0.00339824 -0.0105391 -0.0111227 -0.0184487 
0.369218 0.290995 0.212975 0.139301 0.0870426 0.0598848 0.0276167 0.00573418 0.00341605 0.0191286 0.0252163 0.0384104 0.0464596 0.0574992 0.0524993 0.0426848 0.0226771 0.0144623 0.00214131 -0.00395256 -0.020485 -0.0305621 -0.0450428 -0.0494492 -0.0597369 -0.0623998 -0.0648663 -0.0689756 -0.0668469 -0.0716656 -0.079169 -0.073849 -0.0656093 -0.0561258 -0.0551533 -0.0434993 -0.0537512 -0.0466631 -0.0504999 -0.0498324 
0.445065 0.33177 0.258747 0.213644 0.16033 0.125202 0.118702 0.100991 0.076089 0.035782 0.0226937 0.00638694 0.00120096 -0.0173101 -0.0265463 -0.0432181 -0.0510489 -0.0500373 -0.0420296 -0.0178378 -0.0160005 -0.017888 -0.0165366 -0.01317 -0.0321918 -0.0215114 -0.00280779 0.00662139 0.00367005 0.00415205 0.0028196 0.00761655 0.00877029 0.000173753 -0.00461015 -0.0163042 -0.0240312 -0.0378854 -0.0326587 -0.0385725 
0.459645 0.370825 0.282464 0.192223 0.120693 0.0879556 0.0847346 0.080878 0.0861319 0.102038 0.0989116 0.105785 0.107007 0.0926841 0.078194 0.0588102 0.0394569 0.0271713 0.0191761 0.0228566 0.033552 0.0402378 0.0357891 0.035244 0.0338309 0.022331 0.021474 0.0302021 0.0380592 0.0397489 0.0496234 0.0494058 0.0595565 0.059677 0.0421572 0.026222 0.00462954 -0.0145483 -0.0474236 -0.0658532 
0.662457 0.567256 0.506598 0.457313 0.417454 0.384611 0.349126 0.316541 0.284886 0.247552 0.209316 0.17606 0.146205 0.0937956 0.0608951 0.042702 0.0365328 0.0263747 0.0244711 0.0332366 0.0344904 0.0495767 0.0705764 0.0778893 0.0670134 0.068578 0.0738945 0.0607253 0.0556317 0.0536588 0.0381995 0.0385606 0.0463168 0.0239513 0.00214046 -0.00873184 -0.00975624 -0.0198042 -0.0327733 -0.0601822 
0.315121 0.240787 0.179363 0.128935 0.104804 0.0875155 0.0695424 0.0449087 9.31578e-06 -0.0159663 -0.0301883 -0.0241501 -0.0112318 -0.00799649 0.00246705 0.00290545 -0.0221057 -0.0402916 -0.0491439 -0.0580857 -0.045884 -0.0379579 -0.027759 -0.029334 -0.0279371 -0.0310964 -0.0200609 -0.0059426 -0.00365094 -0.0119919 0.00855568 0.0226831 0.0301278 0.0294676 0.0480915 0.0499713 0.0416491 0.0478237 0.0534024 0.0449753 
0.519433 0.405827 0.316661 0.242512 0.188761 0.131834 0.0857796 0.0512986 0.0289478 0.0011269 -0.0382348 -0.0740227 -0.110477 -0.116732 -0.111146 -0.0987063 -0.107994 -0.121078 -0.120374 -0.106086 -0.0976866 -0.0872885 -0.0766364 -0.0576807 -0.022466 -0.00523787 -0.00840945 -0.00266026 0.0135606 0.0334846 0.0603276 0.0713161 0.0795013 0.087852 0.10201 0.115211 0.114035 0.0954153 0.0710538 0.0548804 
0.437988 0.346475 0.275503 0.202423 0.145709 0.101157 0.0871676 0.0924084 0.108627 0.120908 0.117875 0.0961266 0.0641348 0.0232559 -0.0126732 -0.0366094 -0.0600619 -0.0781488 -0.0853934 -0.0690408 -0.0563132 -0.0429331 -0.0265771 -0.0165435 -0.012579 -0.0165396 -0.0142582 -0.0081143 -0.0101081 -0.0129946 -0.00340503 -0.0134958 0.000177004 0.0113887 0.00735562 0.003916 0.0104855 0.0270036 0.0268985 0.0196771 
0.138171 0.0868208 0.0519656 0.0365679 0.0233964 0.0101079 0.00318924 -0.00525945 -0.00832199 -0.0199068 -0.0168796 -0.0204039 -0.018696 -0.0129789 -0.00401478 0.00098131 0.00105708 -0.00402768 -0.00542955 -0.00212492 0.000686915 0.00344439 0.00975907 0.0158886 0.0196777 0.0236577 0.0197934 0.0186383 0.0184466 0.00603997 -0.00256093 -0.0114051 -0.0115938 -0.0148046 -0.00563099 -0.00389625 -0.00751769 -0.00868647 -0.00822121 0.00280323 
0.27736 0.217303 0.162043 0.117063 0.0863517 0.0696156 0.0507819 0.0418263 0.040606 0.0363296 0.0370646 0.0255766 0.0212563 0.0201992 0.0182409 0.0104009 0.0112637 0.00913119 0.00324928 0.0109229 0.0131377 0.00592947 -0.0059929 -0.00789722 -0.0110591 -0.015605 -0.0183194 -0.0203783 -0.0207569 -0.0236081 -0.0292004 -0.0317271 -0.0287222 -0.0322033 -0.0290284 -0.0408972 -0.0461641 -0.0563107 -0.0521907 -0.043234 
0.268004 0.199253 0.15779 0.108945 0.0776764 0.0551158 0.0441326 0.0384669 0.0385151 0.0356851 0.0279535 0.0291701 0.0256607 0.0123634 0.0174978 0.0131301 0.00755097 0.0117025 0.0203256 0.0316875 0.033251 0.0599529 0.0797893 0.0905804 0.0967285 0.0970177 0.102272 0.100986 0.0691888 0.0493402 0.0325782 0.0208674 0.0153424 0.01126 0.0119538 0.00519274 0.00484679 0.0150318 0.00874501 0.00203174 
0.185239 0.136318 0.0956577 0.0601143 0.0405916 0.0263652 0.0201688 0.016905 0.0172279 0.0242167 0.0250343 0.0118536 -0.00103511 -0.011161 -0.0175983 -0.0194944 -0.0132221 -0.0178171 -0.00572437 0.00359658 0.018436 0.0268722 0.015167 0.00334999 -0.0125568 -0.0167916 -0.016977 -0.0170326 -0.0145409 -0.0141101 -0.0178987 -0.0187104 -0.0247924 -0.0289955 -0.028175 -0.0296992 -0.0296982 -0.0248919 -0.0193586 -0.0135722 
0.315877 0.240391 0.17761 0.128349 0.0852975 0.0576031 0.0314646 0.0237532 -0.00345496 -0.0229152 -0.0149652 -0.0181042 -0.00542692 0.000266081 0.00704832 0.0135538 0.034314 0.0593786 0.080986 0.0759688 0.0732958 0.069137 0.055482 0.0504484 0.031817 0.0226013 0.0134166 0.000345643 -0.0154636 -0.021711 -0.0281484 -0.0304356 -0.0384995 -0.0445504 -0.0413842 -0.0511566 -0.0492378 -0.0412353 -0.0225863 -0.0106332 
0.386848 0.309689 0.235016 0.163094 0.10465 0.051946 0.0212284 0.0179999 0.0273528 0.0273349 0.0350554 0.033514 0.0304176 0.0216388 0.01032 -0.00460168 -0.00821325 -0.00197477 -0.0170103 -0.0189431 -0.029441 -0.0297544 -0.0285873 -0.0311185 -0.0293655 -0.022578 -0.0248511 -0.0186007 -0.0156675 -0.0165039 -0.0220915 -0.0221806 -0.0127903 -0.000690493 0.0092135 0.0423976 0.0443764 0.0360627 0.0223756 -0.000985886 
0.474436 0.396453 0.340076 0.297459 0.235957 0.178661 0.151991 0.128511 0.0754316 0.0424359 0.0118983 0.000355281 -0.0215635 -0.0319627 -0.0456238 -0.0501675 -0.0410437 -0.0353833 -0.0361689 -0.0335569 -0.0342321 -0.0234923 -0.0216209 -0.00743333 0.00525886 0.0211376 0.0269548 0.0258446 0.019233 0.020534 0.021414 0.0322254 0.0374802 0.0338803 0.0351496 0.0220154 0.00322727 0.00444075 0.00405983 0.00346164 
0.25057 0.210432 0.163574 0.128184 0.0966776 0.055355 0.0321958 0.00680394 0.00201849 -0.00642155 -0.0114754 -0.00663902 -0.00876184 0.00837372 0.00820886 0.0179885 0.0122095 0.00929178 0.0142535 0.00809922 0.00541615 -0.00335834 -0.00984454 -0.0167168 -0.0165688 -0.0220017 -0.0234979 -0.0212289 -0.0196226 -0.0189274 -0.024109 -0.0262872 -0.0180785 -0.00776846 0.000934816 0.0152936 0.0230545 0.0278512 0.0283555 0.032265 
0.428061 0.304384 0.235045 0.1834 0.123092 0.0581863 -0.00158695 -0.0647367 -0.0839933 -0.0875819 -0.0599936 -0.0474284 -0.0278406 -0.0234973 -0.0117958 0.00267641 0.0167787 0.0164685 0.00673314 0.00878539 -0.00188375 0.0112335 0.0174777 0.0146748 0.0039754 -0.00955081 -0.0243717 -0.0348826 -0.0234929 -0.0156372 -0.00903576 -0.0107866 -0.0166621 -0.0134105 0.00764815 0.0259575 0.0195033 0.0185718 0.0182495 0.0187993 
0.315281 0.251763 0.197168 0.140212 0.0983398 0.0708405 0.0457395 0.0257634 0.00945946 -0.000329128 -0.00242792 0.00163688 0.00185295 -0.00300242 0.00268818 0.00511061 0.00812369 0.0130654 0.010684 0.0112035 0.00915024 0.00735356 0.0122566 0.017308 0.0198709 0.0270739 0.039655 0.0343418 0.0283091 0.0239509 0.0207161 0.0138219 0.00564948 0.00193808 -0.000317379 -0.00492315 0.00428009 0.00671205 0.00820439 0.0139223 
0.187485 0.127799 0.0875336 0.0566415 0.0385555 0.0299356 0.0267029 0.00984758 0.00959832 0.0143504 0.0119429 0.00488485 0.0037379 0.00327649 -0.0127991 -0.00524123 -0.0157806 -0.0259259 -0.027392 -0.0299591 -0.0134752 -0.00440043 0.0196591 0.0236582 0.0178827 0.0312451 0.0283915 0.0142291 0.00594033 0.00688543 0.00189931 0.00434288 0.00573725 0.00606686 0.00807705 -0.00381891 -0.0125451 -0.0160459 0.00217677 0.00757289 
0.349649 0.271072 0.217641 0.139086 0.0851156 0.0536611 0.0161746 -0.0119029 -0.0289933 -0.0399612 -0.0575012 -0.0660634 -0.0701093 -0.0668254 -0.064503 -0.0559116 -0.0319988 -0.0257885 -0.0266135 -0.0031974 0.0110212 0.0208632 0.0428408 0.0449511 0.0321791 0.0247697 0.0379051 0.036047 0.0227197 0.0219686 0.0187322 0.00856508 0.00727116 0.0067281 -0.00429494 -0.00924261 0.002786 -0.015188 -0.036246 -0.0288012 
0.244038 0.174654 0.135676 0.0987528 0.0737206 0.0478926 0.0217527 0.00814711 0.00825111 0.0152168 0.0183478 0.0262824 0.0402019 0.0423638 0.0465963 0.0526742 0.046876 0.0355452 0.0302207 0.0320179 0.0242335 0.0178491 0.00681185 -0.00328674 -0.0100301 -0.0292826 -0.0394233 -0.046275 -0.0478441 -0.0493237 -0.0421057 -0.036907 -0.0253422 -0.0167273 -0.0147178 -0.0172255 -0.0178778 -0.0244514 -0.0366523 -0.038182 
0.205037 0.153165 0.117784 0.0982272 0.0842656 0.0797447 0.0724461 0.053461 0.0373147 0.0309648 0.019869 0.0187691 0.0202917 0.0177376 0.00889127 -0.0110241 -0.0196725 -0.025862 -0.0286281 -0.0213346 -0.025933 -0.027447 -0.0284133 -0.0233839 -0.0215169 -0.0201429 -0.0175999 -0.0210298 -0.0137437 -0.00609164 -0.00485819 0.00744226 0.0122121 0.00714103 0.000438194 0.00745817 0.0145874 0.0182333 0.0305786 0.0321318 
0.247343 0.186965 0.141255 0.103229 0.0668697 0.0522303 0.0385656 0.0179535 0.0104745 -0.000529528 -0.0147062 -0.0256555 -0.0381836 -0.0414844 -0.03991 -0.022876 -0.0139627 -0.0153423 -0.017756 -0.0312159 -0.0382184 -0.0459285 -0.0426812 -0.0570306 -0.0489133 -0.0411781 -0.0253104 -0.00305191 0.00599565 0.00846363 0.0101425 0.0199823 0.0298624 0.0403273 0.0400361 0.0336214 0.0140596 0.00711456 0.0119357 -0.00150162 
0.225706 0.168844 0.132938 0.106837 0.0825943 0.0683643 0.0515578 0.0255089 -0.00188916 -0.0206066 -0.0145007 -0.0123249 -0.0103138 -0.0139738 -0.023352 -0.0299111 -0.0266212 -0.0206276 -0.019056 -0.0135461 -0.011512 -0.00296057 -0.00253575 0.000527749 -0.00273047 -0.00174857 0.00421415 -0.0066928 -0.0129746 -0.010303 -0.0134687 -0.0263826 -0.026908 -0.0154732 -0.0182445 -0.0253127 -0.0184122 -0.014235 -0.013835 -0.0140092 
0.333711 0.247028 0.178475 0.131753 0.0869633 0.0349548 0.00789009 -0.00364765 0.00557699 -0.00785989 -0.0246806 -0.0441306 -0.0381623 -0.0477317 -0.0414205 -0.0393229 -0.0346009 -0.0240138 -0.0234676 -0.011826 0.0039783 0.0160586 0.0151727 0.0127786 0.00985252 0.0285084 0.0463599 0.0536054 0.0364901 0.0158847 0.00866552 -0.00623029 -0.0116022 -0.0452979 -0.049702 -0.0521901 -0.0574796 -0.0703001 -0.0853867 -0.098384 
0.223522 0.163 0.10613 0.0685428 0.0354461 0.00696591 -0.00895183 -0.0217367 -0.0184382 -0.00884656 -0.00929207 -0.0115586 -0.0281516 -0.0279093 -0.0348124 -0.0441957 -0.0474038 -0.0493698 -0.043378 -0.035055 -0.0245181 -0.013579 9.73415e-05 0.0202158 0.0296803 0.0440045 0.0384981 0.031225 0.0270856 0.0170744 0.0150606 -0.00142791 -0.0140352 -0.0153809 -0.0123587 0.00280453 -0.00511954 -0.0175588 -0.0245907 -0.0233017 
0.515353 0.405722 0.290028 0.193724 0.110927 0.0540406 0.0105024 -0.0250358 -0.0468971 -0.0488998 -0.033966 -0.0379866 -0.0428483 -0.0468782 -0.0343759 -0.0342771 -0.0314632 -0.0381144 -0.0327157 -0.0133423 0.00967227 0.0251541 0.030014 0.0230589 0.0116031 0.0197049 0.0176199 0.0229746 0.0270839 0.0400835 0.0530514 0.0540974 0.046147 0.0299747 0.0367377 0.0502772 0.0672717 0.0790864 0.0771997 0.0604793 
0.420637 0.314429 0.229806 0.140789 0.0829017 0.0332246 -0.00117696 -0.0116634 -0.0100902 -0.0225878 -0.0384442 -0.0242735 -0.0180991 -0.0215042 -0.013568 -0.00894752 0.00300827 0.0300867 0.0412702 0.0483968 0.0534588 0.0528909 0.0299862 0.0153068 0.00836761 0.00730481 0.0229156 0.0248936 0.0323329 0.0448359 0.037688 0.0282102 0.0223326 0.016419 -0.00209799 -0.0324424 -0.0525138 -0.0482472 -0.0286015 -0.0122953 
0.282154 0.194685 0.128821 0.0788856 0.0438024 0.0196014 0.0103361 0.00119702 0.00442418 0.011412 0.0149103 0.0209739 0.0377467 0.0401602 0.0390378 0.0346107 0.0249638 0.0103299 -0.00649548 -0.00874133 -0.0196639 -0.0271722 -0.0127674 -0.00509785 -0.00736127 -0.00891422 -0.00516572 -0.00111059 0.00456383 0.0161011 0.0150932 -0.0110103 -0.00856208 -0.000307575 0.0124518 0.0281497 0.0421669 0.0470439 0.0571632 0.0670065 
0.405308 0.316371 0.251164 0.209901 0.180807 0.164828 0.147813 0.119461 0.0830473 0.043409 0.0273684 0.0169413 0.0139776 0.000959898 -0.00208075 -0.0159796 -0.0337123 -0.0310406 -0.0112981 0.0049782 0.0190874 0.0415733 0.0688631 0.0804429 0.0842166 0.0886591 0.100686 0.103455 0.0942507 0.0914504 0.101107 0.100856 0.104888 0.106376 0.102676 0.101284 0.0875881 0.0717826 0.0598362 0.0437513 
0.269633 0.212657 0.157275 0.124692 0.110063 0.0917273 0.0725462 0.039552 0.0294951 0.0126224 -0.00253324 -0.00212487 -0.00251794 0.00162505 0.00848919 0.0163894 0.0201924 0.0219847 0.0286338 0.0265961 0.0167605 0.0140483 0.0197346 0.0309227 0.0275136 0.0248756 0.0121056 -0.00336902 -0.00283269 -0.00859199 -0.0042906 -0.00210244 0.00132738 0.00597743 0.00685299 0.0216499 0.00888045 -0.00491569 -0.0156447 -0.0177175 
0.448434 0.320257 0.239888 0.188476 0.141073 0.119407 0.11542 0.111526 0.106096 0.109709 0.101019 0.0858058 0.0691392 0.0355495 0.0168447 0.013963 3.5898e-05 -0.0322242 -0.0472785 -0.0489822 -0.0468223 -0.0511447 -0.0292553 -0.0195923 -0.0241276 -0.0293788 -0.0310165 -0.0443416 -0.0367352 -0.0308351 -0.0283247 -0.0251367 0.00307804 0.028736 0.0459949 0.0393539 -0.00359877 -0.0211465 -0.0318497 -0.0156108 
0.339983 0.243137 0.180672 0.137101 0.113221 0.107249 0.0917127 0.0828106 0.087877 0.0763093 0.0715019 0.0527876 0.0247011 -0.0134752 -0.0441821 -0.0556187 -0.0552061 -0.0457383 -0.0367549 -0.0368854 -0.0425403 -0.0488367 -0.0566098 -0.0508087 -0.0444411 -0.0295143 -0.0272 -0.0139751 0.00729122 0.0249572 0.0275189 0.03638 0.0557201 0.0731841 0.101972 0.103911 0.0941847 0.0922102 0.0856602 0.0817719 
0.707231 0.602761 0.504187 0.446065 0.398095 0.355617 0.325728 0.296845 0.284156 0.238307 0.202703 0.135444 0.100474 0.0944385 0.0689695 0.0586202 0.0275107 0.0179175 -0.00421544 -0.0201474 -0.0293681 -0.0278389 -0.0213505 -0.029114 -0.00180008 0.0108308 0.0478474 0.0621414 0.0762988 0.0545719 0.0332608 0.0522118 0.0833939 0.0851824 0.0713683 0.0762585 0.0750955 0.0743391 0.0655601 0.0429785 
1.03742 0.913739 0.778091 0.691851 0.575599 0.470559 0.370709 0.326205 0.286878 0.245798 0.18133 0.131725 0.0779734 0.0330787 -0.0148797 -0.0344606 -0.0390863 -0.0369527 -0.0483006 -0.0471926 -0.0630862 -0.0624663 -0.0756037 -0.0809068 -0.102367 -0.133802 -0.139341 -0.133632 -0.126207 -0.129183 -0.129777 -0.116106 -0.100389 -0.0892378 -0.0809366 -0.0766429 -0.0651386 -0.0493824 -0.0446404 -0.0264841 
0.830768 0.738827 0.654456 0.54809 0.439359 0.357268 0.29355 0.236939 0.191044 0.173155 0.135082 0.10738 0.0822429 0.049078 0.00659624 -0.0287736 -0.0577957 -0.079292 -0.0916775 -0.096317 -0.100908 -0.0978879 -0.0842472 -0.0687638 -0.0516125 -0.0315093 -0.0292822 -0.0183632 -0.00553121 -0.00320555 -0.0071529 -0.013816 -0.0295538 -0.0512688 -0.0719789 -0.082478 -0.0995768 -0.101529 -0.0960973 -0.0875139 
0.805386 0.675423 0.559317 0.488951 0.401421 0.339308 0.281883 0.248949 0.203349 0.158526 0.109925 0.0852666 0.0527443 0.0124967 -0.0228663 -0.0320704 -0.0436794 -0.0641839 -0.093489 -0.111486 -0.114496 -0.112703 -0.118139 -0.093692 -0.0661237 -0.0379783 -0.026192 -0.0137289 -0.00902968 -0.00217297 -0.000936056 -0.00434598 -0.0152162 -0.00366461 -0.0162597 -0.0154044 -0.0176691 -0.0247404 -0.0374496 -0.0504013 
0.768119 0.659546 0.597763 0.534857 0.51794 0.479452 0.408004 0.371435 0.313449 0.275655 0.259003 0.227482 0.183669 0.1332 0.0805128 0.0420078 0.00590702 -0.0204677 -0.0317464 -0.0585739 -0.084925 -0.0959229 -0.11792 -0.133959 -0.139716 -0.14624 -0.155615 -0.175832 -0.193068 -0.20024 -0.193834 -0.19886 -0.187052 -0.181986 -0.175708 -0.187984 -0.181545 -0.176724 -0.170278 -0.162194 
0.479222 0.419688 0.371022 0.320496 0.273943 0.23131 0.195021 0.16063 0.137105 0.118053 0.0923957 0.0809472 0.06917 0.06015 0.0594702 0.0559384 0.0624157 0.0586285 0.0665393 0.073336 0.0762909 0.0843397 0.0751808 0.056929 0.05233 0.0316011 0.0333837 0.0201082 0.0232333 0.0220414 0.0329001 0.0407249 0.0494008 0.0659674 0.0648357 0.0562839 0.0573062 0.0609168 0.0487145 0.0294513 
0.458095 0.362489 0.283186 0.214815 0.158843 0.0996159 0.0586403 0.024903 -0.00236591 -0.0214605 -0.0449031 -0.0430214 -0.0576777 -0.051657 -0.0341852 -0.0262753 0.000178539 0.0103577 0.0291668 0.03442 0.0225108 0.0155211 0.000932087 -0.026801 -0.0575524 -0.0889269 -0.0995142 -0.095818 -0.0839877 -0.0706027 -0.0585508 -0.0582267 -0.0550055 -0.0497757 -0.0411749 -0.0243681 -0.00557026 0.0120873 0.0368267 0.048683 
0.202037 0.111277 0.068688 0.0471297 0.0281215 0.0106658 -0.00100165 -0.0120887 -0.00495319 -0.0213065 -0.0248099 -0.00897835 0.000753639 -0.00495154 -0.0112434 -0.00644439 -0.0184184 -0.0328933 -0.045644 -0.0500575 -0.0481006 -0.0444176 -0.0397522 -0.0346392 -0.0230584 -0.0164481 -0.00550854 0.00647978 0.0275241 0.0326632 0.0411737 0.0473956 0.0263269 0.0136133 0.0148627 0.00680578 0.0122205 0.0218978 0.016793 -0.00473724 
0.462168 0.363949 0.290758 0.253881 0.21285 0.191696 0.167044 0.146925 0.140743 0.133355 0.125451 0.109608 0.0956445 0.0921231 0.103083 0.101079 0.0901925 0.0703413 0.0514584 0.0179315 -0.0148218 -0.0463769 -0.0712663 -0.0881421 -0.0813697 -0.0583486 -0.0341828 -0.0135465 0.00108099 -0.00981736 -0.0214052 -0.000987078 -0.00013007 -0.00566654 -0.00717945 -0.0233654 -0.0295508 -0.02739 -0.032753 -0.0333011 
0.507214 0.419304 0.34454 0.297454 0.254655 0.210058 0.17369 0.13119 0.0963442 0.0579608 0.031848 0.012834 -0.00910482 -0.0207324 -0.0149181 -0.00341272 0.00231794 -0.00977352 -0.0186724 -0.0306362 -0.0416885 -0.0406911 -0.043563 -0.043884 -0.0505894 -0.0555523 -0.0632637 -0.0704469 -0.0739403 -0.0780432 -0.077917 -0.0770674 -0.0733578 -0.0748079 -0.063079 -0.0536285 -0.0535604 -0.0564694 -0.0680962 -0.0681375 
0.446425 0.352033 0.262454 0.180787 0.111132 0.04897 0.0103867 -0.0107927 -0.0192549 -0.0281672 -0.0367946 -0.0316204 -0.0311546 -0.0245475 -0.00911229 0.0155799 0.032018 0.0365848 0.0498616 0.0505577 0.0456583 0.0358425 0.0265166 0.0150319 -0.00633414 -0.0207632 -0.0308424 -0.0376023 -0.0354705 -0.0314468 -0.0225611 -0.0174265 -0.0185069 -0.0282592 -0.0328893 -0.0347451 -0.0373381 -0.0385034 -0.0341766 -0.0292776 
0.551717 0.47777 0.428631 0.370621 0.327143 0.300271 0.26223 0.230008 0.223954 0.196102 0.151707 0.127374 0.0914681 0.0754923 0.0505633 0.0498746 0.0385928 0.0125532 0.0037576 0.00829179 -0.00062664 -0.0108907 -0.0151894 -0.0239615 -0.0324096 -0.0160506 -0.0334008 -0.0468057 -0.0550343 -0.0632364 -0.0735854 -0.0738265 -0.0749936 -0.0700056 -0.0627382 -0.0612697 -0.0585087 -0.0529094 -0.0742562 -0.0775886 
0.107667 0.0612274 0.0360334 0.0207762 0.00797115 -0.000440349 0.00305478 -0.00181883 -0.00403789 -0.00188437 -0.0030904 -0.00205597 0.00198263 0.0055723 0.00360557 0.00144098 -0.00433781 -0.0063252 -0.000992958 3.64908e-05 -0.000351432 0.00392508 0.00361665 0.000956429 -0.00720681 -0.00275626 0.0025679 0.00357002 -0.00126091 -0.00811586 -0.0159315 -0.016099 -0.00955653 -0.00888015 -0.0100582 0.0015426 0.0115585 0.0150573 0.0076865 0.0145275 
0.304288 0.233742 0.17651 0.135113 0.0836512 0.045809 0.0171628 0.0142448 0.00115364 -0.012854 -0.0214476 -0.0104371 -0.00314622 0.0180096 0.0158863 0.0179832 0.0160914 0.0075541 -0.0192791 -0.0266103 -0.0296935 -0.0148681 -0.00609456 0.00625219 0.0182315 0.0244151 0.0273319 0.0387786 0.0376699 0.0428557 0.0453434 0.0463509 0.0397773 0.0439875 0.0404466 0.0379519 0.0225854 0.0189142 0.0210829 0.022429 
0.274613 0.229454 0.189832 0.126095 0.0944733 0.0666962 0.0494557 0.0356438 0.0343151 0.0207124 0.0133945 0.0219204 0.0250612 0.0460243 0.0292969 0.0316946 0.0287511 0.0159434 0.00846102 0.000126632 0.00655303 0.0190339 0.0353171 0.053778 0.0433917 0.0442698 0.0547277 0.0497639 0.0432471 0.0356891 0.0322519 0.0170921 0.0143661 -0.00580616 -0.0213038 -0.0222919 -0.0418406 -0.0433266 -0.0453203 -0.0461458 
0.337906 0.245043 0.171986 0.133758 0.114662 0.0934574 0.0842909 0.0856326 0.0872432 0.0678132 0.0492358 0.0352348 0.0241401 0.0292991 0.0378354 0.0501072 0.0656602 0.0667937 0.0601951 0.0535184 0.0623856 0.0748951 0.0951152 0.103202 0.101728 0.114625 0.113109 0.108583 0.0871097 0.0662333 0.055292 0.0411294 0.0343865 0.0316961 0.0425306 0.0588051 0.0471246 0.0373441 0.030245 0.0303263 
0.41647 0.352817 0.304536 0.242079 0.179347 0.124382 0.0820401 0.0520284 0.0189152 -0.00157056 -0.0233794 -0.0482651 -0.0630369 -0.0666425 -0.077004 -0.0677704 -0.0617028 -0.0508327 -0.0261901 -0.00371985 0.0136822 0.0395437 0.0518546 0.0670755 0.0792761 0.0888346 0.100973 0.115502 0.128836 0.134669 0.123001 0.107996 0.0918122 0.068737 0.0346752 0.00692355 -0.0166673 -0.0349315 -0.0482825 -0.0439856 
0.198741 0.148135 0.113149 0.0851631 0.0628858 0.0480124 0.0333153 0.0237271 0.0284632 0.0189132 0.00850827 -0.00497616 -0.0111531 -0.0109623 -0.00625587 0.00426084 -0.000584475 0.00821635 0.00702271 0.00845689 0.00576455 0.012249 0.0201495 0.0288417 0.0347187 0.0291781 0.0283161 0.0343776 0.0292798 0.0233608 0.0168172 0.0145455 -0.00100246 -0.00929046 -0.0233411 -0.0316721 -0.0298119 -0.0300933 -0.0185259 -0.00785501 
0.281223 0.212647 0.164584 0.125649 0.0824436 0.0448658 0.0328538 0.0377243 0.0390165 0.0435214 0.0491056 0.0579005 0.0603979 0.0555628 0.0631364 0.0712805 0.0642377 0.0521088 0.0485596 0.0468683 0.0317943 0.0346178 0.046501 0.0512784 0.045857 0.0312285 0.023409 0.019768 0.00328488 -0.0106555 -0.0159239 -0.0168186 -0.0203972 -0.0246056 -0.0438609 -0.0423772 -0.0461153 -0.0378253 -0.0378758 -0.0375841 
0.515734 0.410022 0.326887 0.224435 0.180294 0.126262 0.0837614 0.0488729 0.0320255 0.0431122 0.0405098 0.0289857 0.010838 -0.0211833 -0.0490594 -0.0552222 -0.0422139 -0.0349658 -0.0115265 0.0201733 0.0365601 0.071048 0.0756861 0.0645362 0.0547048 0.023065 0.0219261 0.00375418 -0.00564789 0.022489 0.0245434 0.033205 0.0413172 0.0339903 0.0259503 -0.0027111 -0.021584 -0.0344784 -0.0445016 -0.0250622 
0.305676 0.219373 0.157794 0.102647 0.046902 0.0203266 0.0090865 0.00288052 -0.00412024 -0.000796175 0.00300642 0.00154357 0.00210703 0.00439364 0.0099952 0.0287839 0.0441521 0.0602795 0.0707652 0.0732131 0.0648312 0.0574573 0.041059 0.0229625 -0.00221336 -0.016055 -0.0202147 -0.0328505 -0.0369971 -0.0379519 -0.0401955 -0.033319 -0.0385886 -0.0397811 -0.0382664 -0.0395094 -0.0378412 -0.0332636 -0.0229399 -0.00568263 
0.215263 0.16452 0.119383 0.0852264 0.0583179 0.0527155 0.0424116 0.0311623 0.0161714 0.00779631 -0.00528923 -0.00434265 0.00323098 -0.00213074 -0.00278105 -0.00284241 -0.00352563 -0.00676017 -0.00928816 -0.0161132 -0.0101882 -0.00725333 0.00175292 0.0044411 0.00810406 -0.00106864 -0.00280426 -0.0116841 -0.000467959 -0.000378947 0.0078964 0.00452448 -0.00342987 -0.00598308 -0.00218198 0.00339345 0.00188569 0.00540125 0.0123014 0.00553401 
0.0732043 0.0492402 0.029585 0.0168164 0.0138632 0.0139213 0.00571839 0.000131322 -0.00576514 -0.00643979 -0.0126031 -0.00886362 -0.0117768 -0.0101481 -0.004745 0.00272818 0.00550453 0.0121203 0.00896069 0.00858157 0.0118371 0.00511243 0.00326583 0.000831594 -0.008635 -0.00909517 -0.00885075 -0.00744731 -0.00988371 -0.00922222 -0.00618051 -0.00742146 -0.00334033 -0.000968485 0.00493582 0.00835905 0.00535959 0.00307269 0.00201426 0.00496375 
0.112732 0.0672564 0.0366128 0.0228629 0.0188897 0.0191391 0.02324 0.0075175 -0.000276074 -0.00735143 -0.00936916 -0.0175556 -0.00951659 -0.0107769 -0.00776429 -0.00940407 -0.00674848 -0.00608404 0.000799066 0.00323704 0.00667358 0.00640294 0.0023939 0.00178533 0.00270146 0.0136904 0.00775734 0.00158746 -0.00631801 -0.00931885 -0.00968832 -0.0128659 -0.0204887 -0.0233723 -0.0246055 -0.0261492 -0.019076 -0.0132314 -0.0129735 -0.011156 
0.130443 0.0949847 0.0593086 0.0430978 0.0259764 0.0101806 0.000748179 -0.00931713 -0.00456949 -0.00991658 -0.00598553 -0.00800867 -0.00266974 0.00261806 0.00270707 -0.00145258 -0.00786188 -0.0129541 -0.0158593 -0.0181963 -0.0164025 -0.0215273 -0.0219775 -0.0189893 -0.0114985 -0.00659368 -0.0112177 -0.00927263 0.00323999 0.018549 0.0259231 0.0249593 0.0171798 0.0108325 0.00503411 -0.000406758 -0.0113716 -0.0118195 -0.0161147 -0.0115264 
0.187754 0.135143 0.10659 0.0917552 0.0803723 0.0723836 0.0607858 0.0557434 0.051148 0.0430665 0.0493979 0.0533728 0.0586549 0.0636014 0.0709233 0.0607213 0.0565325 0.0475622 0.0330242 0.020881 0.0109936 0.00692708 0.0100173 0.0126263 0.0137808 0.0156721 0.0126051 0.0108333 0.0171547 0.0176142 0.0100692 0.0056436 -0.00356763 -0.0150126 -0.0166228 -0.0215446 -0.0184067 -0.0194675 -0.0265501 -0.0270916 
0.27415 0.197978 0.141266 0.0915998 0.0649775 0.0449685 0.0424968 0.0470493 0.0264528 0.0218063 0.020328 0.0193702 0.020939 0.0298806 0.0264331 0.0187019 0.000509632 -0.00118304 0.00268772 0.00180354 0.00636469 0.0196236 0.0200678 0.0260857 0.0254787 0.0180153 0.00720596 -0.00150725 0.00360411 0.0108051 0.00705795 0.00915968 0.0102809 0.00917365 -0.00434153 -0.0150733 -0.021886 -0.0294625 -0.0433498 -0.0422038 
0.509305 0.425793 0.38289 0.336783 0.296092 0.268308 0.232584 0.219979 0.223624 0.213836 0.180853 0.165453 0.145719 0.104952 0.0599728 0.0354961 0.0154485 0.00829969 0.0032158 0.00960681 0.00848442 0.0162832 0.0168011 0.00458441 -0.00287347 -0.000485006 0.00139519 -0.00639449 -0.0161864 -0.0386465 -0.0415058 -0.0379396 -0.0385781 -0.0442744 -0.0602834 -0.0664041 -0.0767862 -0.0830901 -0.0826436 -0.0899396 
0.519059 0.448963 0.374869 0.303309 0.232383 0.174888 0.131596 0.0834916 0.0590491 0.0324625 0.00610524 -0.0108143 -0.0207634 -0.0351371 -0.0508631 -0.0514723 -0.0589317 -0.0717736 -0.0784458 -0.0810846 -0.0826272 -0.0772313 -0.0611419 -0.0618664 -0.0624645 -0.0562415 -0.0413055 -0.038788 -0.0343013 -0.0258582 -0.0164373 -0.0068994 0.00876281 0.0128412 0.0194596 0.0322893 0.0503359 0.0608621 0.0596059 0.0502543 
0.353413 0.265952 0.197965 0.140385 0.0976869 0.0730058 0.0328472 0.00801609 -0.0231924 -0.0208814 -0.023496 -0.0281798 -0.0272838 -0.0147176 0.00608485 0.00667783 0.0218767 0.0436318 0.0628435 0.0919182 0.103015 0.0920753 0.0696034 0.0540809 0.0287131 -0.0100454 -0.0212457 -0.0175939 -0.0196733 -0.015627 -0.00962761 -0.00578782 -0.0243584 -0.0224638 -0.00475885 0.0194485 0.0135116 0.0154539 0.0176561 0.0181255 
