0.154936 0.0176611 -0.0508184 -0.0586898 -0.00467142 -0.0513643 -0.0627402 -0.0717046 -0.0850283 -0.0193656 0.0482579 0.0879355 0.0275507 -0.0180428 -0.0144738 0.0551872 0.0748313 0.00293409 0.0115288 -0.0339551 0.0176117 -0.0313714 0.00746665 -0.0586816 -0.0367324 -0.0391166 0.00756987 0.0488073 -0.00458245 0.0109709 -0.0450326 -0.0714958 -0.0286647 -0.0569378 0.0270087 0.159713 -0.0148337 -0.0418491 -0.0558746 0.0459212 
0.32743 0.221168 0.111781 0.134883 0.0586841 -0.0195994 0.0498722 0.0404396 0.0407112 -0.00689444 0.0395673 0.165141 0.122094 0.125343 0.0571092 0.00910189 -0.0414421 -0.0793375 -0.0751869 -0.1013 -0.0674611 -0.124336 -0.0944277 -0.10729 -0.0785056 -0.0587804 -0.10629 -0.0552064 -0.0627571 -0.0181605 -0.0199983 -0.012359 -0.00298583 -0.0388577 -0.0482231 -0.12147 -0.0907353 -0.0531115 -0.0580839 -0.0520506 
0.056526 -0.00699544 -0.00563173 0.049175 -0.00443281 -0.0572228 0.0275337 -0.0448905 -0.0167741 0.0745625 -0.0118078 -0.00578002 -0.0729322 0.0580151 -0.0144882 -0.0409595 0.0102944 0.0556557 0.0246262 0.0136466 -0.018006 -0.00788341 -0.00903512 -0.0560216 -0.0486826 0.0105746 -0.00465096 -0.0513119 -0.0358986 0.0288161 -0.0297472 -0.0106425 -0.0500083 -0.0981574 -0.0566865 0.017537 0.100188 -0.0128852 -0.0458031 0.0880254 
0.177845 0.145498 0.0434596 0.0370635 -0.00444987 -0.00983651 -0.0166197 -0.00788901 -0.0316833 -0.0482555 -0.0698258 -0.0414159 -0.0568555 -0.0376538 -0.00805376 0.000299386 -0.0160394 -0.00913145 -0.0326904 0.0263221 -0.0292425 0.0127492 -0.0170734 -0.0025704 -0.0217856 -0.0452184 -0.0535666 -0.0531875 -0.0193771 -0.0138333 -0.0323433 -0.0113789 -0.0424652 -0.0311586 -0.0202043 -0.0142802 0.00521611 0.0374396 0.0125431 0.039666 
0.0149083 -0.0201069 0.0143141 0.00398221 -0.0616293 -0.0585829 -0.0699288 -0.0171479 -0.0663644 0.0315417 -0.012225 -0.00075867 -0.0161517 0.076692 0.00926325 -0.020286 -0.000462141 0.00642426 -0.068224 -0.0143153 -0.0327568 -0.000311914 -0.0256366 0.00834953 -0.030309 -0.0118424 -0.0294958 -0.0218897 0.00374829 0.0384886 -0.0220028 0.028577 -0.0523654 0.00893787 -0.00127627 -0.0459543 -0.0675297 -0.041764 -0.0554651 0.00525103 
0.000672755 0.0192593 -0.0189958 0.0479198 -0.00953015 0.0573208 0.0275835 0.0545334 -0.00492916 0.00040747 0.00111024 -0.0160754 0.0112251 0.0361574 0.0273622 -0.0286832 0.0341353 -0.0107968 -0.012589 -0.04753 0.0364852 0.00205056 0.0438252 -0.0353955 0.0134028 -0.0319435 0.0219714 -0.0197962 0.0280529 -0.0202799 0.0142111 -0.0331426 0.000260141 -0.0259185 -0.0253077 0.00424903 0.00584463 -0.0380933 -0.0322049 0.0107574 
0.364949 0.150864 0.177606 0.0796336 -0.0102511 -0.0308111 -0.0782901 -0.0330064 -0.0108224 0.046825 0.153132 0.0293677 0.108815 0.155768 -0.0140071 -0.0115427 0.0363363 -0.0498571 0.0515374 0.0633369 -0.0381406 -0.053804 -0.0424352 -0.0162702 -0.0518436 -0.146149 -0.0708603 -0.0568118 -0.138823 0.0231988 -0.0622808 -0.0708049 -0.0141192 -0.0577309 -0.130527 -0.118774 -0.141522 -0.0453384 -0.0671589 -0.105375 
0.140331 -0.0208457 -0.0429626 -0.0349529 -0.00599029 -0.017985 -0.0505878 -0.0210438 0.0137684 -0.0087924 -0.0233891 -0.0284745 0.00487104 0.00645622 -0.00720277 -0.018849 -0.0282268 0.00566969 0.033399 -0.0205284 -0.0379462 -0.0475428 0.0158775 0.0564469 8.14656e-05 -0.00387417 0.0475114 0.0952414 0.0320577 -0.0584144 -0.0487911 0.0337873 0.0422906 0.00413324 -0.0155872 -0.0324612 -0.00483192 0.0244947 0.0100526 -0.0148641 
0.119426 -0.0026973 -0.0762347 -0.0358774 -0.00946684 -0.00624185 -0.0148824 -0.0299189 0.0548283 0.0321157 -0.0319113 -0.117237 -0.0174055 0.104825 0.0328438 -0.0336849 -0.0855109 -0.0517563 -0.0137537 -0.0517123 -0.0885578 -0.114522 0.0180437 0.109455 0.0317177 -0.0467674 0.0223845 -0.0457121 -0.0435718 -0.0489478 -0.0932245 -0.0989689 -0.0241653 0.0585837 0.0263416 -0.0409726 -0.0310335 -0.0182082 -0.0257161 -0.0361418 
0.214603 0.0467558 -0.0613819 -0.119318 -0.112062 -0.00260159 -0.0231882 -0.113896 -0.0731095 -0.132594 -0.0730626 0.0399601 0.128941 0.0190526 0.0258028 0.0476091 0.0324315 0.0916755 0.0642802 0.089585 0.0106951 -0.088091 -0.0780898 -0.0428333 -0.0777497 -0.0276808 -0.00542938 -0.0687818 0.00476291 0.00719773 0.000464931 0.0409195 0.13893 0.0258281 0.0312341 0.0691726 0.0513814 0.012111 0.0127885 -0.0527466 
0.273687 0.0600051 0.0561921 0.0481489 -0.0163872 -0.0360583 -0.0942106 -0.105097 -0.0886229 -0.133531 -0.107098 -0.0499872 -0.00410717 -0.0158468 -0.131924 -0.125636 -0.0189743 -0.107741 -0.0299177 0.0386611 0.168545 0.0364217 0.0668544 -0.0219972 -0.0148997 0.0263351 -0.0399448 -0.0362276 0.0310374 -0.0289697 -0.08819 -0.0132377 0.0397056 -0.0539398 0.0692113 0.1035 0.0884168 0.115504 -0.0247675 0.0197153 
0.0940082 0.0548649 -0.00421303 -0.0162176 -0.0467255 -0.0411651 -0.04798 -0.0422426 0.00141845 0.0379322 0.02176 0.0276034 0.0144867 0.0102513 -0.0252878 -0.0245761 -0.0206964 -0.022439 0.0134947 0.0153399 0.0167916 0.00252586 -0.0185309 -0.00353287 -0.0152606 -0.0490125 -0.0439944 -0.0185458 -0.0293624 -0.0103734 -0.0343446 -0.0108514 0.00303915 0.0333235 -0.0209467 -0.03699 -0.0412345 -0.0320771 -0.0157796 -0.00154327 
0.0778072 0.0569454 -0.0076678 -0.00927168 -0.0378135 -0.0345201 -0.00787059 -0.00970325 -0.0288786 -0.0535984 -0.0298897 0.000528377 0.0162092 -0.0153519 0.0159099 -0.0235597 -0.0148285 -0.0225662 0.0225447 0.0359121 0.00688376 0.00467693 -0.0446877 -0.0341114 -0.0284456 -0.0347271 0.013563 -0.0354891 -0.0583672 -0.0167739 0.0132684 0.0248619 0.0408573 0.0272135 0.0411968 -0.00657747 0.0176253 -0.0101354 0.0262734 -0.00962254 
0.0921274 0.0438554 -0.0223136 -0.0411804 -0.0308377 -0.0544431 -0.00599562 -0.0529915 -0.0445934 -0.0465908 -0.0072473 0.00569513 -0.0296719 -0.0046753 0.0358913 0.0471124 0.0767781 0.0620941 0.0364215 0.0106439 -0.0300051 -0.0116507 -0.0302467 -0.0478793 -0.0287292 -0.0204722 -0.00280592 -0.0246402 -0.00966852 -0.00665597 -0.000472874 0.0109037 0.0383722 -0.00837528 0.0139031 -0.0119614 0.00631237 -0.00921049 -0.0229062 -0.0200748 
0.105237 0.0203351 0.0396414 -0.0151743 -0.0422837 -0.0315945 -0.0273705 -0.00815558 -0.0233899 -0.0248799 -0.00354003 -0.00327604 0.0138027 0.0310196 0.0526394 -0.0195372 -0.0554365 -0.0501051 -0.00536394 -0.051577 0.00647433 0.0407887 0.0221972 0.0639405 0.043137 0.0160455 0.0382104 0.034605 0.034693 -0.0095658 -0.0202519 -0.0594246 -0.0629349 -0.0334609 -0.00831634 0.0130681 0.00835253 -0.0231168 -0.0315719 -0.0238271 
0.114481 0.0503487 0.0443594 0.00183792 -0.0577038 -0.0901955 -0.0292753 -0.0158256 -0.0186751 0.0405671 0.0497323 0.00389249 0.00129108 -0.0326186 -0.00283642 -0.0881414 -0.0133092 -0.0236034 0.0156448 0.0354227 0.0166527 0.0107464 -0.070372 -0.0540558 -0.0880961 -0.0571539 -0.0449552 -0.0345443 -0.00450941 0.0373614 -0.00979057 0.030624 0.0453681 0.0525988 0.00864333 -0.00415202 0.0624411 -0.0178321 0.00626645 0.0059725 
0.0656553 0.0212934 -0.00750539 -0.00326804 -0.0343012 -0.0194058 -0.0108861 -0.000804645 0.0335143 0.0440268 0.0128038 0.00130216 0.0178556 0.009937 -0.0023375 0.00788329 0.0118305 -0.0136001 -0.0310317 -0.000892464 -0.00697129 -0.0191052 0.0309506 0.0399043 0.0378522 0.00491926 -0.0179313 -0.0173627 -0.0101769 -0.0206188 -0.0236544 -0.000245284 0.0202805 0.0140147 -0.0169445 -0.00594573 -0.00127998 0.0114257 -0.0216745 -0.00563508 
0.0900456 0.0467471 -0.00490743 -0.0369829 -0.0411073 -0.0644175 -0.0318055 -0.05671 -0.0260712 -0.00253004 -0.0204223 0.00610894 0.0195098 0.00471502 0.0239531 0.0306372 0.033623 -0.0179899 0.00725543 -0.0440748 -0.0591138 -0.0314906 -0.00496086 -0.0172544 -0.0400038 0.0141883 0.0102001 -0.00963231 0.00214709 -0.0293383 -0.043163 -0.00698797 0.0279553 0.0547459 0.0838858 0.0994938 0.0306983 0.0525032 -0.029974 -0.0476543 
0.274992 0.066617 -0.0300355 -0.0689512 -0.0761203 -0.0788752 -0.05221 -0.083706 -0.0764762 -0.112056 -0.0708428 -0.0129141 0.0175407 0.0466977 0.0848737 0.0625031 0.00564905 0.019435 -0.0172573 -0.0421259 -0.0661491 -0.0806604 -0.0524219 -0.0640191 -0.0353198 -0.0287727 0.0169539 0.0709376 0.0997593 0.0529397 -0.0588804 -0.0575731 0.00832022 0.0665257 0.143085 0.141866 0.0155206 -0.0678795 -0.0607942 -0.0703742 
0.30941 0.0877497 0.051817 0.160964 0.163797 -0.0226299 -0.0388627 -0.0323272 -0.0448716 -0.0380137 -0.0848265 -0.0997243 -0.0927446 -0.0757314 -0.0977898 -0.134059 -0.125363 -0.0979484 -0.102696 -0.105228 -0.106921 -0.0887314 -0.0944364 -0.0561278 -0.00806987 0.0399154 0.0449353 0.0671693 0.155356 0.0902812 0.117824 0.180403 0.143939 0.0860657 -0.0131109 0.217824 0.174652 0.0222725 -0.0704401 -0.00308348 
0.048947 -0.0140047 -0.0325845 0.0260856 -0.04084 -0.0578284 -0.0308825 0.0968789 0.0102521 -0.0401128 -0.0602806 -0.0209363 -0.0640418 -0.0672404 -0.0326593 0.0391075 0.036423 0.00269697 -0.016125 0.0363673 -0.00271591 -0.0310845 -0.00929473 0.0682094 0.00914412 0.00331473 -0.0249874 0.0445945 -0.00616302 -0.0111144 -0.0444329 0.0493971 -0.0181065 -0.0144803 -0.0187968 -0.0385536 -0.0461739 0.0129948 -0.0347643 0.0496081 
0.186761 0.050593 0.00581456 0.0065231 -0.026969 0.000209549 0.0151317 0.0226605 -0.0252709 -0.0360681 -0.0510774 -0.00856767 -0.0269492 -0.0396975 -0.0295757 0.0508668 0.0576381 -0.0198977 0.00165207 -0.0235895 -0.0816598 -0.0849175 -0.0820358 -0.0530411 -0.0272618 0.0185103 0.00556597 -0.0174871 -0.0718401 -0.0810227 -0.0189425 0.0266025 0.0292544 0.00819694 -0.0452126 -0.0733693 -0.0959725 -0.0401014 0.00413741 0.0169188 
0.156986 -0.0317035 -0.0451999 -0.0205657 0.00280553 0.00216819 -0.0885918 -0.0796293 -0.0469525 -0.068975 -0.0327289 -0.0142569 0.0069828 0.0045065 0.0298758 -0.0122135 -0.0133744 0.0287574 0.102603 0.0660322 -0.0438172 -0.0375746 0.0279796 0.0462628 -0.00145932 -0.0699049 -0.0466188 -0.0229798 2.54554e-05 -0.0446261 -0.073199 -0.0345731 0.00723403 0.0514391 0.0767485 0.127769 0.101319 0.0134886 0.0160504 -0.00246922 
0.0548668 0.0264159 -0.00792737 -0.012341 -0.0040314 0.011278 0.0262786 0.0201444 0.0104326 0.00358686 0.0155124 0.00182057 -0.0137478 -0.0410672 -0.0230957 -0.0230285 -0.0284872 -0.0151202 -0.00830244 0.00327748 -0.0184212 -0.027581 -0.02829 -0.0322273 -0.0229238 -0.011174 0.00952317 -0.00190132 0.0110151 -0.0137826 -0.00147284 0.0136111 0.0192859 0.0146838 0.014673 -0.00360352 -0.00597009 0.00223133 0.00510201 0.018919 
0.151814 -0.0140118 -0.0459888 -0.0411229 -0.027943 -0.0305731 -0.00725981 -0.0198642 0.0122129 0.0619436 0.0212379 0.0205901 0.0162859 -0.0265762 0.0119237 0.0110046 0.0358669 -0.0380597 -0.0414008 0.0170675 0.0124961 0.0185404 0.0350525 0.00565751 0.0153604 -0.0139108 -0.0077032 -0.0121433 0.0240621 0.0379254 0.00743817 0.0382053 -0.00431652 -0.0313562 -0.0552277 -0.0648228 -0.0154486 -0.00540831 -0.0601346 -0.0643383 
0.26307 0.00471089 -0.0693511 -0.0893206 -0.0509244 -0.0292335 0.000508034 0.0581199 0.0870314 0.0650824 0.0228636 -0.0578252 -0.0639148 -0.0600028 -0.0649389 -0.0188603 0.0201355 0.0119255 -0.0225249 -0.016274 -0.0570149 -0.0725603 -0.0432603 -0.0227176 0.00999188 -0.00567641 -0.0339176 -0.062639 -0.0628736 -0.0462537 0.00209075 -0.0169812 -0.0159744 0.0198422 -0.0295686 -0.0267185 -0.0346742 -0.0487066 -0.000523732 0.0753356 
0.0390177 0.00555005 0.00708866 0.0197027 0.0587878 0.0309959 -0.0240568 0.00357941 -0.00814291 -0.00076143 -0.000871937 0.0303446 -0.0254974 -0.0238856 -0.0128598 -0.00353168 -0.0043232 -0.0340165 -0.0307941 -0.0380268 -0.0148832 0.0209402 -0.0116412 -0.0111329 0.0101035 0.00596404 0.045289 -0.0325339 -0.0277653 -0.00554419 0.0195715 -0.0136371 -0.000631505 0.0155851 0.00439534 0.00563257 0.0115487 0.01755 0.0229015 -0.022283 
0.0209389 0.00971803 -0.0343227 -0.0298541 -0.0201661 -0.00802038 -0.0404821 -0.0268512 0.080455 0.0172359 0.0555142 -0.0326662 -0.0301253 -0.0254303 -0.0140328 -0.0309401 -0.0167974 0.000535344 0.00758237 0.0894571 -0.00510362 -0.0305771 -0.0396523 -0.033522 0.00427806 0.0232786 -0.0185049 0.0177777 0.0368257 0.0145722 0.00851058 -0.0284282 -0.0272799 0.0300387 0.00940097 -0.00531747 0.00865994 -0.0195298 0.0429612 0.029365 
0.0836199 0.0126225 -0.0161607 -0.0131634 -0.0264837 -0.0444585 -0.00284853 -0.00712607 -0.011659 -0.0195928 -0.00814107 0.0348933 0.0023101 -0.0421273 -0.0234272 -0.0139543 -0.0207999 -0.0264613 -0.0253329 -0.0233063 -0.0249128 0.0252048 -0.0144498 -0.0108147 -0.0157074 -0.0345128 -0.0212197 0.0188071 0.0395828 0.0731566 0.0702963 0.0534536 0.00301002 -0.0307769 -0.0237136 -0.0240695 0.00225836 -0.00562838 -0.0092615 0.0214054 
0.238299 -0.0861305 -0.118601 -0.133787 -0.119677 0.00589253 0.157471 0.0423846 -0.0972054 -0.0676096 -0.116211 -0.331252 -0.025303 0.127711 0.264058 0.076653 -0.0516209 -0.174122 -0.29579 0.0442764 0.239335 0.00758623 -0.0592392 0.00578022 -0.0640385 0.0489891 0.0439212 0.0505727 -0.0923817 0.0837772 0.146722 -0.051603 -0.220337 0.046298 0.00122479 -0.013998 0.0362365 -0.0397343 -0.0750631 -0.10237 
0.330451 0.213296 0.125121 0.0412299 -0.00814511 -0.123326 -0.0315347 0.0730179 0.119992 0.104047 0.104262 0.181052 0.0964689 0.00292854 -0.0713251 -0.018003 -0.0558857 -0.040066 0.030713 0.0574981 0.0731307 -0.0357723 -0.0734006 -0.0416447 -0.119411 -0.173099 -0.141687 -0.0021086 0.0284753 -0.01171 -0.0211217 -0.0554709 0.0248847 -0.11874 -0.099737 -0.125046 -0.00900458 -0.00111164 -0.0895289 0.052039 
0.161588 0.0327599 -0.0277058 -0.0474464 -0.0283189 -0.0711564 -0.0736325 0.00472799 0.0559717 0.0172775 0.0247793 -0.0156797 -0.00882953 -0.0212396 -0.0108932 0.0053344 0.0482503 0.0514289 0.0129809 -0.0360536 -0.0641801 -0.025226 -0.0060009 -0.0735948 -0.110075 0.0261194 0.0668791 -0.0501078 -0.0389841 -0.0659699 -0.0268754 -0.0391908 -0.0589434 -0.0320627 -0.035389 0.00353043 0.0412586 0.0654122 0.0305445 -0.0258408 
0.232724 0.127135 0.0479936 0.0120689 0.00351066 -0.0147523 -0.0295789 -0.0603638 -0.0262052 -0.00457575 -0.00156841 -0.0312356 -0.0711723 -0.0617755 -0.0397074 -0.0513945 -0.0739405 -0.0424753 -0.0130507 -0.0266994 -0.0308017 -0.027561 -0.0151063 0.0305999 0.0133393 0.00360856 -0.00467277 0.0146009 0.116552 0.133859 0.127855 0.0344582 0.005532 -0.0148304 -0.00647167 -0.0406554 -0.0670266 -0.052007 -0.0178003 -0.036768 
0.159423 -0.0357816 -0.078748 -0.0814318 0.0469806 0.0534292 0.0194317 -0.00169939 0.00424241 -0.0467678 -0.0321986 0.00698975 0.0333623 0.0710986 0.036634 -0.0419302 -0.0120205 0.0383704 -0.00937807 0.0348987 -0.0355465 -0.076348 -0.0905462 -0.0689421 -0.00462953 0.0609698 0.0655689 -0.00516719 -0.000125502 -0.0490601 -0.0635577 0.0078994 0.0231212 -0.0150476 -0.0841786 -0.0685541 -0.026835 0.0472069 0.0354814 0.0142205 
0.0924683 -0.0259884 -0.0567889 -0.0342438 -0.0206092 0.010168 0.0309063 -0.0186321 0.00916523 -0.0187563 -0.0151277 -0.0373573 -0.000217636 0.0435133 0.029995 -0.0178003 -0.030621 0.0229641 0.0487161 0.0516059 -0.00308024 -0.0225689 -0.0427437 -0.0376523 -0.0244168 -0.0262191 0.0230781 0.02694 0.0323169 -0.0268614 -0.0539136 -0.03846 0.0439293 0.0545 0.00904531 -0.00724678 0.0209963 -0.0243289 -0.0197365 0.0100124 
0.111792 -8.83588e-05 -0.0267233 0.0174543 0.00150898 -0.0170061 -0.0269521 -0.017638 0.00780066 -0.0417901 -0.0544015 0.0355117 0.0548698 -0.0327379 -0.0526208 -0.0367874 -0.00289883 -0.00128965 -0.00805423 -0.0543591 0.0558595 0.0125587 -0.0654051 -0.0670169 -0.00923257 0.00571478 -0.025891 -0.0182499 -0.0253578 0.0290826 0.0700178 0.0399764 0.0980358 0.140202 0.0882949 -0.0437158 -0.0431816 0.0140326 0.0055689 -0.0218198 
0.0822373 0.0346539 0.014803 0.0101404 0.0211876 0.0137526 0.0446596 -0.000286999 0.010392 -0.00372687 -0.00499024 -0.00345971 -0.0351758 0.0156038 0.0184623 -0.0131179 -0.0368845 -0.0350896 -0.0201719 -0.0157086 0.0154052 -0.000320752 -0.0216068 -0.029382 -0.0373003 -0.0430388 -0.0271728 -0.00284247 -0.0085904 -0.00595197 -0.0196042 -0.0283802 -0.0219483 -0.0159925 0.014907 -0.000560706 0.00191133 -0.00385094 0.019196 0.0151848 
0.188294 0.0947926 0.0552122 -0.00152183 -0.0772596 -0.0408071 -0.075391 -0.055622 -0.0274173 -0.0180314 -0.0170249 0.00835243 -0.0111646 -0.0562719 -0.0325876 0.00474668 -0.0294379 -0.0968591 -0.0769219 -0.0527466 0.00127137 0.0465582 0.0128883 -0.00118238 0.0126187 0.0176444 -0.0397321 0.00703133 0.00136341 -0.0320248 -0.00928212 0.0549973 0.0215056 0.0402599 0.00172967 0.0300648 0.0862306 0.120096 0.0733741 0.0209811 
0.0797592 0.00634448 -0.0213415 -0.0513636 -0.0185201 -0.0255241 -0.0679819 -0.0226451 0.031138 0.0186239 0.0296401 0.0203525 0.0399714 0.0364252 0.00515984 0.016864 -0.0173291 -0.0840584 -0.0481545 -0.0574275 -0.0621238 0.0354223 0.00263968 0.0695599 0.035907 -0.0155081 -0.0402157 -0.00541657 -0.018969 -0.032518 -0.0664619 -0.035015 -0.0107832 -0.0363135 -0.00649835 0.0380294 0.0309608 0.0747318 0.0387967 -0.030423 
0.0907102 -0.0380057 0.0112409 0.0370925 0.0376613 -0.00720573 0.0153144 -0.00188688 -0.0367453 -0.00585937 0.0268782 0.0280743 0.0135975 -0.0362383 -0.0363279 0.0498598 0.029079 -0.00623847 -0.0270305 0.00375325 -0.0210813 -0.0393099 0.0482489 0.0650279 -0.0388226 -0.0373647 0.0474689 -0.00340319 -0.0352152 -0.0525052 -0.0570225 -0.0452973 -0.0200172 -0.0401002 -0.0385586 -0.033423 -0.0688141 -0.0735286 0.0016884 0.0197962 
0.121935 0.00788428 -0.000835941 0.0099397 -0.0631223 -0.0569742 -0.0186103 -0.0202557 0.0284753 -0.0234318 -0.0316081 -0.0104771 -0.0130469 -0.0386316 -0.0259764 0.0294894 0.00462953 -0.0110381 0.00364057 -0.0284569 -0.017113 -0.0195043 -0.027623 -0.0410517 0.0204512 -0.00503312 -0.00861487 -0.0228316 -0.0185112 -0.00642385 -0.0347924 -0.0650386 -0.0377188 -0.0240555 -0.00323757 0.0224675 0.0620312 0.0225508 0.0458978 0.0335033 
0.0734953 0.0515689 0.0600679 0.0309207 0.0245778 -0.00753618 -0.0364907 -0.0110564 -0.0435642 -0.0293901 -0.0298254 -0.0137128 0.00453886 -0.0132682 -0.00133505 0.0239769 -0.0173525 0.0398446 -0.0158033 -0.0280189 0.0186129 -0.0234166 0.00875554 0.0328633 -0.0352067 -0.0126096 -0.00115295 0.0486913 0.0211227 -0.0147439 -0.00691444 -0.0375953 -0.0310191 -0.0118919 -0.0467219 0.0101765 -0.0272941 -0.0374843 0.0177679 -0.0109489 
0.135084 0.0710416 0.0614474 0.013057 -0.0272084 -0.0157497 -0.0614743 -0.0692014 -0.0469953 -0.0314752 -0.0311458 -0.0416488 -0.0306221 -0.0332369 -0.0200954 0.00793333 -0.00374568 -0.000688835 0.0467036 0.0128372 0.0187753 0.0316929 0.00547302 0.0138815 0.0372899 0.0334742 0.000597343 0.00397424 -0.0059701 -0.00735318 -0.0412569 -0.0407426 -0.0284969 -0.0169796 -0.0107637 -0.0104311 -0.0110774 -0.0190274 -0.0219053 -0.00196754 
0.199415 0.0613812 0.000931323 -0.00650179 -0.0296924 -0.0906663 -0.066043 -0.0474713 0.114054 0.00157332 0.0245892 0.0772837 0.0268826 -0.0288943 -0.073425 -0.0730963 -0.027084 0.00613378 0.00880608 -0.0173649 0.0734171 -0.000936666 -0.0305941 -0.0894655 -0.0639063 -0.0568597 -0.0991371 -0.00535285 -0.00854284 0.114888 0.0560618 -0.0237775 -0.00137615 0.101571 0.128452 0.0287258 -0.0453922 -0.048708 -0.0423827 -0.0445122 
0.0535569 -0.00971052 -0.0408087 -0.0356237 0.00153683 0.0848772 0.00496891 -0.00589864 -0.0184714 -0.0149941 0.0140222 -0.0368003 -0.035375 0.0476707 -0.0216098 0.00951113 -0.0211184 -0.0346617 0.0140399 0.0469955 -0.0200226 -0.0163963 -0.0278275 -0.00399606 0.132274 0.0203085 0.000186717 -0.0451279 -0.00550128 -0.00544342 0.0572784 -0.0185231 -0.0456105 -0.0256498 -0.044014 -0.0142645 -0.0279221 -0.020457 -0.00384338 0.00183236 
0.183699 -0.0044073 0.0203664 0.0826619 0.135872 -0.00308042 -0.086442 -0.0622055 -0.0120461 0.016124 -0.0377615 -0.0351306 0.00978471 0.0138413 -0.0626309 -0.0584053 -0.0121417 0.0138512 0.0365409 0.0249211 -0.00135436 0.0207895 0.0307428 -0.0124095 -0.00466533 -0.0263314 -0.0669495 -0.0911305 -0.0645535 0.0156818 0.00845512 -0.03505 0.0206627 0.0163215 -0.00858115 -0.0637285 -0.0626326 -0.0126732 -0.0427945 -0.0713537 
0.451125 0.255817 0.066859 -0.0155925 -0.0805199 -0.0697676 -0.0798295 -0.028228 0.0319703 0.0586285 0.10297 0.057072 -0.00226364 -0.0496751 -0.0385177 -0.0513036 -0.0504149 -0.0832025 -0.074707 -0.0570016 0.00663463 0.0460734 0.0872579 0.0285845 -0.0310793 -0.0286445 -0.0480316 -0.0694108 -0.0751302 -0.099549 -0.110772 -0.0935677 -0.0683249 -0.01541 -0.00191214 -0.0323743 -0.00508321 0.00959328 -0.0439843 -0.0796666 
0.339365 0.112213 0.0938415 -0.00255231 -0.0899913 -0.093428 -0.0460278 -0.0346771 -0.0396326 -0.0460271 -0.0525991 -0.0909452 -0.103619 -0.0747946 -0.0691674 -0.0701736 0.0337736 0.205436 0.132614 0.0242576 0.0125074 -0.0522301 -0.0739111 0.00339424 0.0117517 0.00925536 0.000701257 -0.0653468 -0.0689849 -0.104174 -0.115118 -0.086536 -0.00438718 0.00192824 0.098419 0.183267 0.163773 0.138189 0.00925397 -0.0573741 
0.028767 0.0108765 -0.0208115 -0.0199397 -0.0330298 -0.0220373 -0.00123989 0.00207478 0.00942103 -0.00492545 0.00858181 0.0222977 0.00295376 -0.00555838 -0.000369236 -0.00390318 -0.00969486 0.023906 0.0224446 0.012389 0.00712064 -0.0237993 0.00230221 0.00679818 -0.0184846 -0.0127035 0.00668073 0.00711481 0.000184846 0.0071548 0.00692758 -0.0131545 -0.0140413 -0.0341078 -0.0120844 -0.0115722 0.00279858 -0.0029577 0.0420004 -0.0116298 
0.102408 0.000274275 -0.024504 -0.0266445 -0.0424392 -0.0364481 -0.0119306 0.0299892 0.0398215 0.011995 0.0388761 0.0608312 0.0813209 0.0288138 -0.0279303 -0.0572185 -0.0587326 -0.0458335 -0.0313037 0.00780822 0.0524946 0.0218337 -0.0156848 0.0165059 0.0384461 0.00842429 -0.0260464 -0.0349967 -0.0252076 -0.0396347 -0.0151688 -0.016857 0.0261362 0.0571112 0.0308305 -0.026487 -0.0239589 -0.027245 -0.0376668 -0.0214959 
0.0480829 0.0223832 0.0268577 0.00558006 0.0150935 0.0380945 0.00423548 0.00776474 -0.00802211 -0.0216873 -0.0104907 0.00586422 0.0268405 -0.00381201 0.0169894 -0.0117946 0.00831652 -0.00484996 -0.0271595 0.00926744 0.0326891 -0.00572386 0.0124026 -0.00959202 -0.0217161 0.0139025 0.00666952 -0.0105266 0.00124527 -0.0098255 -0.00672082 -0.0294533 -0.0147134 0.0178754 0.0305413 -0.0213784 -0.0105705 -0.00569697 -0.00813233 -0.0136974 
0.0370818 -0.01618 -0.0172433 0.0345407 -0.0330208 -0.0467562 -0.00726379 0.00297639 -0.0113346 -0.00242986 0.035267 0.0100766 -0.00120799 -0.0168863 0.0496478 -0.0110839 -0.0224636 -0.0241231 -0.00663668 -0.0609256 -0.0268027 -0.00238317 0.0440894 -0.00232005 0.00508958 0.0220828 0.0475543 0.00887671 -0.0131474 -0.0184311 -0.00740145 -0.0156602 -0.0304912 -0.00752741 -0.0182535 0.0500402 -0.00552359 0.0016329 -0.0154134 0.048768 
0.152733 -0.0456726 -0.0707085 -0.0299306 -0.00326096 -0.0171467 -0.053211 -0.0786861 -0.0102904 0.0303204 0.0148484 0.0419945 0.0567665 0.0497241 -0.0272452 -0.0338596 -0.0063085 -0.066739 -0.0496908 0.0509587 0.0368372 0.0405121 0.0302513 -0.0556623 -0.0917846 -0.0169103 -0.00954595 -0.0306857 -0.0358505 -0.0224451 -0.0451703 0.0227595 0.106387 0.0922498 0.0635835 -0.0457809 -0.0527225 -0.0777688 -0.0194251 -0.0103723 
0.138998 0.0169363 0.0265823 -0.0163123 -0.0452688 -0.0574275 0.0163712 -0.0111614 -0.0209092 0.00183157 0.0119795 0.0299797 -0.0025076 -0.00317259 0.0493263 0.0250079 -0.0726603 -0.0382331 -0.0282145 0.0564806 -0.00112547 -0.0266583 -0.00770473 -0.0195428 0.0241313 0.0842482 0.0699764 0.0329227 0.0247806 -0.0659995 -0.0838408 -0.0583197 -0.0176396 -0.0483801 0.0169795 0.0814153 0.0450817 -0.0426914 -0.064386 -0.0640411 
0.108503 0.0242748 -0.0176205 0.00823866 0.0544729 0.00514566 -0.0223362 -0.0585658 -0.019679 -0.00118838 0.015429 -0.00625209 -0.0505883 0.00446307 0.0239739 0.0471967 0.0655173 0.0111895 -0.0294241 -0.0308241 0.00686288 0.002738 0.0447838 0.0169295 0.0133327 0.00264941 0.00134053 -0.00150016 0.0433318 -0.0116055 -0.0304716 0.00911841 0.0136453 0.0111518 0.0166129 0.0351182 0.011967 -0.0449841 -0.0662344 -0.0593002 
0.110916 0.0477066 0.00362939 0.0149149 0.0141075 0.0608783 0.0657235 0.071625 0.0117241 -0.00153823 -0.0235777 -0.0128586 -0.0309873 0.0233322 0.0527766 0.0282722 0.0282415 0.00456751 -0.00257995 -0.0229172 0.0163155 0.0520188 0.0421348 -0.00483681 0.0138144 -0.0177425 -0.0278301 -0.0326296 -0.0200298 -0.021945 -0.0102898 -0.00769536 -0.00452527 -0.0197082 -0.04238 -0.0194437 -0.02045 -0.0521708 -0.0324878 0.00773869 
0.73816 0.316729 0.173091 0.136125 0.0514636 -0.0531405 -0.0953957 -0.117178 -0.0525855 -0.128766 -0.187347 -0.186512 -0.153319 -0.168512 -0.179507 -0.164831 -0.0586605 0.0615941 0.0653908 -0.041353 0.0448067 0.213701 0.266687 0.262387 0.168861 0.0547258 -0.0145456 -0.0599269 -0.0884612 -0.0906275 -0.0608225 -0.0518524 -0.141372 -0.190199 -0.220593 -0.19448 -0.209504 -0.195031 -0.225051 -0.20327 
0.0948476 0.0440004 0.0710747 0.0635853 0.0148924 0.0296897 0.00955914 -0.0226338 -0.0289451 -0.0324309 -0.0495187 -0.0277285 0.00112523 -0.0313577 -0.0390863 -0.0100362 -0.0121112 -0.0201575 -0.00849342 0.0146266 0.016453 0.0471755 0.0169714 0.00754345 0.0160989 0.0195953 0.0063228 0.00709773 -0.00198412 -0.0414509 -0.0302143 -0.0280783 -0.0538045 -0.0401123 -0.0167911 -0.0385994 -0.0292263 -0.027354 -0.0312691 -0.0212377 
0.0451613 0.0672859 0.0391025 0.0131823 0.039828 -0.0389576 -0.00771454 -0.012841 -0.0399495 -0.0543367 -0.0620039 -0.0344907 -0.0103865 0.0578612 0.0388282 0.0492421 0.0478359 0.0615606 0.0379356 0.0260458 0.0547936 0.0926882 0.0176414 0.0299332 -0.0201244 -0.0201389 -0.0709196 -0.0632297 -0.0401445 -0.0253885 -0.075506 -0.031818 -0.0471246 -0.0598511 0.0134926 -0.0196546 0.0343947 0.0818387 0.0492004 0.0309022 
0.0890435 -0.0507289 -0.0433558 -0.0210445 -0.0421273 -0.0205827 -0.0370689 0.0411488 0.0343753 0.00441963 -0.0150986 -0.0564873 -0.0709594 -0.0141037 0.0148872 0.0868947 0.131554 -0.0200185 -0.0609249 -0.0566588 -0.0259382 0.0362585 0.0426801 -0.0315249 0.0583296 0.0167444 -0.0276919 -0.0560158 -0.0443125 -0.0750649 0.0245315 0.0543842 0.109529 0.0319881 -0.0536671 -0.0398254 -0.00455141 -0.0479771 0.00389858 0.0129828 
0.142242 0.0559277 -0.00519723 -0.0301773 0.0172558 -0.0100012 -0.0356601 -0.0485482 -0.0462376 -0.0209581 -0.022129 0.0147683 0.0469282 0.0406902 0.0323364 -0.0091933 -0.0729617 -0.0268454 -0.0312067 0.00136312 -0.00726201 -0.0223087 -0.0267716 -0.00160917 0.0554321 0.0324641 0.00107443 -0.0333858 -0.0649507 -0.0277148 -0.0256798 -0.0241531 -0.0169077 0.0134436 0.0385082 0.0641401 0.0620712 0.0522928 0.0464823 0.021723 
0.0144511 -0.00292729 -0.00793191 0.0035578 -0.000757472 -0.0029759 0.00496147 -0.0175916 -0.0120313 -0.00313146 -0.0114591 -0.0132315 -0.00164191 0.00860393 -0.00301717 0.00452835 0.00276781 0.0156982 -0.0151945 0.000790188 0.00608218 -0.00157028 0.003864 -0.0111542 0.00512703 -0.0157898 -0.0111847 0.0117066 -0.0106873 -0.00153965 -0.00535232 -0.00656114 -0.0200468 -0.00692827 0.00250333 -0.00603001 0.00247349 -0.0130306 -0.00202208 0.00155259 
0.376094 0.0971153 -0.0541979 -0.0549178 0.0343504 0.0665784 0.00470976 -0.0986585 -0.0913695 -0.125362 -0.0935082 -0.111947 -0.084274 0.038573 -0.0218718 -0.0439005 -0.0477518 -0.0224052 -0.00667572 0.0319412 -0.0388964 -0.0307179 -0.0539771 -0.0727154 -0.0855934 -0.0382076 -0.105618 -0.0449667 -0.0239301 -0.0721385 -0.0271711 -0.0715675 -0.0135987 -0.042861 0.0353675 0.102696 0.184208 0.0182838 0.0112895 0.0445607 
0.434146 0.345859 0.0789314 -0.0180327 -0.0159539 -0.039372 -0.0190567 -0.0433681 0.00315229 0.0202491 -0.0190122 -0.0425597 -0.125695 -0.117321 -0.127438 -0.0966515 -0.103782 -0.0422605 -0.0619511 -0.023102 -0.0288791 -0.0437312 -0.0204551 -0.0925568 -0.135258 -0.116862 -0.0612181 -0.0637072 -0.0314971 -0.0766086 -0.067031 -0.113901 -0.0503089 -0.112943 -0.117285 -0.0869841 -0.102985 -0.0398101 -0.0311367 -0.00610151 
0.140863 0.165494 0.05005 0.03123 -0.00663554 0.0210396 0.00797328 -0.0376976 -0.00495111 -0.0351603 -0.0798179 -0.0349956 -0.0662397 0.0149559 -0.00780923 0.0503967 -0.0398183 0.0463388 -0.0165884 0.0554671 0.0977783 0.067716 -0.0155819 0.0247193 -0.0394799 -0.0460651 -0.0921907 -0.0802521 -0.0998998 -0.0742811 -0.11338 -0.04999 -0.088012 -0.0618412 -0.0505104 -3.13238e-05 -0.0318585 0.0288769 0.0469022 0.00539116 
0.105827 -0.0974384 -0.0787618 0.0611871 -0.0517938 -0.0800256 -0.0351514 -0.00984921 -0.033102 -0.0113782 0.0123925 -0.0449287 -0.036834 0.0548827 -0.0168809 0.00949863 -0.00412793 0.121711 0.0258104 -0.00661744 -0.0336897 0.0656938 -0.0277718 0.0103225 0.00893316 -0.0753481 -0.0701097 0.057361 0.0139706 -0.0569076 -0.0626269 0.101576 0.0484205 -0.0534532 -0.0795249 0.0185911 -0.00543677 0.0482514 0.00469218 -0.0182203 
0.023839 0.00297144 -0.0145584 -0.0226848 -0.0240046 -0.0372752 -0.0249945 -0.0147687 -0.0425474 -0.0341432 -0.0225151 -0.0197783 0.00971479 0.0557276 0.0458527 0.0449781 -0.0174712 -0.036344 -0.0101828 -0.0174514 -0.025996 -0.0328643 -0.0183211 -0.0224026 -0.03698 0.00397269 0.0474701 0.0213037 0.0232784 0.0314317 -0.0105172 -0.00500578 -0.0230766 -0.00220292 0.00442451 -0.0215712 -0.0184346 -0.00339014 -0.0350183 -0.0136788 
0.13664 0.0904618 0.121261 0.0674033 0.00559941 -0.00843181 -0.0256705 -0.0471588 -0.0642878 -0.0745017 -0.0572249 -0.0295935 -0.00724364 -0.0547434 -0.0412799 0.0495843 0.000435829 -0.0168838 0.0206994 0.0499123 -0.020722 -0.0513508 -0.00376775 -0.00479404 -0.0575482 -0.0521828 -0.0501906 -0.0807029 -0.066479 -0.059811 -0.0433788 -0.0423778 -0.00597566 -0.0263762 -0.0616088 0.038065 -0.0138741 -0.0238022 0.0470628 0.0399718 
0.190518 0.0524272 -0.0267522 -0.0399301 -0.0238774 -0.0699608 -0.0531231 -0.00914003 0.036892 0.045096 -0.0051516 -0.00674589 -0.0720583 -0.0586725 -0.012249 0.0246133 0.00624317 -0.0298918 -0.0145262 -0.0314716 -0.0521784 -0.0780923 -0.0406444 0.0757538 0.0972979 0.0896426 0.0664912 0.0749703 0.0542166 -0.01557 -0.0402137 -0.0599888 -0.041247 -0.00924162 -0.0256863 -0.0136098 -0.0666284 -0.0586445 -0.0388665 -0.0383497 
0.355678 0.153212 0.102136 -0.0213965 -0.0138125 -0.000703176 -0.0454008 0.0183354 0.0473209 0.0381097 0.0183286 -0.0651234 -0.073668 -0.111776 -0.0492275 0.148193 0.154598 0.0153329 0.049575 -0.0482804 -0.0468485 0.0437526 -0.0255157 0.0483692 0.182841 0.20022 0.169398 0.0998548 0.0154911 -0.00913517 -0.11027 -0.0758801 -0.101579 -0.141672 -0.103632 -0.110086 -0.123262 -0.139086 -0.137986 -0.113072 
0.0866734 0.0509384 0.0356763 -0.0309235 -0.00418004 -0.00825593 -0.0458655 -0.0131826 0.0225506 -0.00916455 0.0462624 0.0131514 -0.0128152 -0.0498692 -0.0637435 -0.0162078 -0.0290635 -0.0335425 -0.0199475 -0.00469912 0.0269969 0.0114073 -0.0127025 0.015675 -0.0398801 -0.0347712 0.0255625 0.0536391 -0.0143889 0.022495 0.0127094 -0.0405569 -0.0254202 -0.0477504 -0.0376562 -0.00362449 0.0158667 0.028999 0.0621251 0.0536926 
0.0769248 -0.0331542 -0.0506202 -0.0505396 -0.0112635 -0.00675555 0.0272722 -0.0131821 0.0236661 -0.0114588 -0.00738379 0.0332906 -0.0124859 -0.0512867 -0.0810162 -0.0101922 -0.00347828 -0.0323065 -0.00411195 -0.0473807 -0.000914181 -0.0213317 0.0155863 -0.00565236 -0.0598655 -0.0247793 -0.0241263 0.0226457 -0.00192777 -0.00483586 -0.00672795 -0.0240827 0.00912039 -0.0485793 0.017918 0.0379213 0.0235607 -0.00245841 -0.0649515 0.0247617 
0.0769685 0.0035506 -0.0214287 -0.0117141 -0.0237885 -0.0212263 -0.0276892 -0.00620146 -0.00429356 0.0144072 0.0137915 -0.00264653 -0.0109722 -0.0254299 -0.0249151 -0.0018232 -0.0118757 -0.0150201 0.00201124 0.0417475 0.0181358 0.00490604 -0.0258186 -0.0156994 -0.0182419 -0.0121243 -0.00697024 0.0144201 0.0241224 0.0633184 0.0289238 -0.00402604 -0.0130449 -0.0377571 -0.0303486 0.00841423 0.0170174 0.0287364 0.0196644 0.0235946 
0.301924 0.234951 0.131313 0.0810758 -0.0186673 -0.0700845 0.0615582 -0.0677626 -0.0742849 -0.0579051 0.0117251 -0.0821694 -0.107574 -0.0486878 -0.0538231 -0.104929 -0.0872867 -0.0128264 0.0150772 -0.00494489 0.0131198 0.0262464 -0.0837408 -0.0999781 -0.0825423 -0.0812405 -0.0918242 -0.106887 -0.0450932 -0.045167 -0.0937949 -0.0703188 -0.0489226 -0.0908156 -0.0814525 -0.0813072 0.00387807 -0.013007 0.0935344 0.142857 
0.0845408 -0.0224089 -0.000722441 -0.0129704 -0.0488558 -0.000726183 0.00115375 -0.00780085 -0.0487454 -0.0436536 -0.0228899 0.0271657 -0.0358411 0.0541879 0.00638028 -0.0374003 -0.0264343 0.0359684 -0.043359 -0.0716333 -0.0237841 0.0485468 0.0773209 0.0461989 0.00181252 0.0384627 -0.0464991 -0.0233907 -0.0112471 -0.0140583 -0.0580323 -0.0537617 -0.00946748 -0.017316 -0.0113947 0.0670805 0.0731781 0.0120026 -0.0319005 0.111963 
0.0890643 0.0355996 0.0100677 0.030498 -0.0522904 -0.0685254 -0.0176288 -0.0153779 -0.011137 -0.0272287 -0.00651196 -0.019073 0.0450555 0.0430226 0.0427421 0.0148603 0.0574943 0.0638861 0.031131 -0.0138889 -0.0168966 0.0120251 0.00471461 -0.0481833 -0.0631635 -0.0121924 -0.0190786 -0.0388033 -0.0375329 0.058489 0.0437121 0.0273841 0.0266005 0.014822 -0.017864 0.00896784 -0.0151499 -0.0330234 -0.0433962 -0.0196719 
0.271956 0.138811 0.0168822 -0.0324554 0.0803517 -0.0208046 0.0415213 -0.0642996 0.146804 0.0359734 0.0754176 0.337064 0.0608302 0.0934809 -0.0547928 -0.040968 -0.103848 -0.0859083 0.000681337 0.0379782 0.267778 -0.0122996 -0.0411038 0.0593568 -0.0466499 -0.0118311 -0.0850547 -0.0501864 -0.0815191 -0.0513279 -0.0331975 0.0331716 0.161275 0.052926 -0.0248479 -0.0228288 -0.0559902 -0.106824 -0.125056 -0.0827168 
0.11345 0.0475434 0.0256494 0.00217172 -0.0231747 -0.0298845 0.0109937 0.0645946 0.0192982 0.0313434 -0.0400498 0.020547 0.0198635 -0.000771772 0.0312846 0.0479797 0.0513459 -0.0127621 -0.0472345 -0.00736103 -0.0359824 -0.0572447 -0.0674799 -0.00466088 0.00534594 -0.0192117 -0.028787 -0.0378077 -0.0581986 -0.03867 -0.0231495 -0.0150962 -0.0202624 0.0103398 0.0170382 0.0409397 0.01118 -0.0089615 -0.0179835 -0.0429436 
0.206566 0.141177 0.0582236 0.0184151 -0.0279957 -0.0667312 -0.0568119 -0.0415169 -0.0610202 -0.0179356 -0.0313165 -0.0456748 -0.0477515 -0.0786665 -0.0595456 -0.0182035 0.00467449 0.0476682 0.00957182 0.0585116 0.0468301 0.00443756 -0.0294077 -0.00523638 -0.0315223 -0.0349226 0.00266189 0.0761591 0.0874647 0.0374831 0.0411801 0.0431722 0.000272974 -0.0506175 -0.0691363 -0.0652694 -0.0477545 -0.00264411 0.00691456 -0.0153322 
0.0785523 0.00182098 -0.0399681 -0.0282319 0.0076954 0.019673 0.077385 0.0412087 -0.0308973 -0.0423114 -0.0375979 -0.0185663 0.0118089 0.0260703 0.033477 -0.00313986 -0.0206096 -0.0204064 -0.0181354 -0.0103745 -0.0239347 0.0195963 0.0176266 0.0108499 -0.017589 -0.0264292 -0.0319799 -0.0436848 -0.0245259 0.0324586 0.00400945 -0.0413384 -0.0485441 -0.00445303 -0.0152694 0.0177846 -0.0125608 0.0207819 -0.000163063 -7.35902e-05 
0.0374613 -0.0656141 -0.0493813 0.00221447 0.0363561 0.028425 -0.0342603 -0.0305075 0.00459329 0.00136504 0.0695218 0.00431661 -0.038042 0.0111877 0.0107658 -0.0272445 0.0175715 0.0156528 -0.0107256 0.0385447 -0.0429993 -0.00189794 0.0199562 0.000170791 0.00197315 -0.0302744 -0.0374405 -0.0426765 0.0479306 -0.0319979 -0.0432047 -0.0346618 -0.00367349 -0.00575758 -0.037271 -0.0337153 -0.00463902 0.016712 -0.00546276 0.013719 
0.285603 0.118849 0.106688 0.0409942 -0.00909507 -0.0118634 0.0339045 0.0612298 -0.0636408 -0.0703144 0.00129238 -0.0616677 -0.0183222 0.0177315 -0.065875 -0.0467871 -0.0919202 -0.0953793 -0.0866198 0.0813444 0.0893094 0.0405271 -0.042265 -0.0841152 -0.0777147 -0.0960445 0.012915 0.00874638 -0.0353015 -0.0554576 -0.00595481 -0.0758799 -0.0399647 0.000515155 -0.031863 -0.00937623 -0.0855743 -0.00511835 -0.0192335 -0.0613143 
0.0292893 -0.0030531 0.0160567 -0.00296097 -0.0183769 -0.00624498 -0.00816806 -0.0150353 -0.0149635 -0.0130435 -0.0131148 -0.00612718 -0.0240697 -0.00422523 -0.00891728 0.0206272 0.0151637 0.0278106 -0.00812071 -0.0119605 -0.0158566 -0.00413187 -0.0227482 -0.0196621 -0.0319169 -0.019407 -0.020096 -0.0117777 0.0183927 -0.0180609 -0.0274278 0.0519073 0.0177487 0.00324439 -0.000276016 0.00521171 -0.00155368 0.0115043 -0.0095626 -0.00603976 
0.0206404 0.039393 0.0264929 0.0730501 -0.0429624 -0.00720667 -0.0181218 -0.00105184 -0.0264984 0.00721084 -0.0160077 -0.0113691 -0.0310636 0.0440181 -0.0163542 -0.0197091 -0.0185214 -0.0195146 -0.0332656 0.0131505 -0.00651209 -0.0266123 -0.0100537 0.014592 0.0127353 -0.0195588 -0.00556278 0.0232223 0.0278366 -0.0115619 -0.0119388 -0.00641806 -0.00989668 -0.016147 -0.0264601 -0.031936 -0.0321061 -0.0360018 -0.0187089 -0.014587 
0.097309 0.0388923 0.0651778 0.0680767 -0.0308493 -0.0816228 -0.0294643 -0.0362351 -0.0352554 -0.00942369 0.0734872 0.0449271 -0.0457878 -0.0609963 -0.042965 0.0342668 -0.0144673 -0.0726621 -0.0640306 -0.115417 -0.0567346 -0.110602 -0.0267404 -0.051643 0.0074091 -0.0629687 0.0978415 0.147563 -0.0203787 0.0252261 -0.0390534 0.0616131 -0.008715 -0.00218155 -0.0281951 -0.0171011 -0.0147887 -0.0938969 0.0157498 0.0556727 
0.126935 0.0564134 0.0322091 0.0194661 0.011015 0.00258918 0.0259854 0.0159541 -0.0185046 -0.0440421 -0.0283195 -0.0560519 -0.0538653 -0.0224205 -0.0388233 -0.00613431 0.00193951 -0.0194456 -0.0141749 -0.0287524 0.0305012 0.0511335 0.02819 0.00153503 0.00282593 0.000905215 0.00608483 0.00683004 0.00961328 -0.00345355 -0.0260175 -0.0408519 -0.0347635 -0.0455897 -0.0332989 -0.0086293 -0.0242373 0.000791652 -0.000357603 -0.0123732 
0.160882 0.124244 -0.0176488 0.118722 -0.0237736 -0.00976139 -0.0414868 0.05216 0.0227691 -0.0408714 -0.0630366 0.0374461 -0.0455943 -0.0703944 -0.0283617 0.0677826 -0.00569167 -0.0309255 -0.0575456 -0.0248972 0.0341969 0.0506245 -0.0282731 0.08581 -0.0105483 0.0518946 -0.0124654 0.0598567 -0.0489436 -0.0272562 -0.095877 -0.0728831 -0.0358774 -0.00724394 -0.0547902 -0.0396873 -0.0285959 0.0210494 -0.0358032 -0.0394104 
0.221828 0.0570635 -0.0131746 -0.0717684 0.0162028 0.111167 0.106894 0.0442391 0.0159243 -0.069017 -0.0458013 -0.0272962 0.0117856 0.0140592 0.0404194 0.0116386 -0.0707557 -0.0134405 0.0443949 0.101044 0.107529 0.0907238 0.0973406 -0.0490596 -0.0281878 -0.000386955 0.0398471 0.0546483 0.0208471 -0.0611525 -0.0788221 -0.0956631 -0.0897013 -0.0477231 -0.00935412 -0.007805 -0.0762199 -0.0747046 -0.0947167 -0.119568 
0.086218 0.0238895 -0.0342736 -0.0132956 -0.0229801 -0.0160023 0.0190217 -0.00774045 0.00658841 -0.0547548 -0.017857 -0.033329 -0.0154315 -0.0142229 -0.0468387 -0.0208635 -0.0372394 -0.0105049 -0.00284288 0.00704495 0.0193443 0.020633 -0.0211343 -0.0637402 -0.0373362 -0.0391691 -0.0101573 0.0538716 0.0361882 0.0257568 0.00341222 0.0358554 0.0230797 0.0149151 0.017734 0.0112974 0.0395819 0.0440394 0.0433105 0.00035225 
0.193863 0.166983 0.209904 0.132501 0.072827 0.0203189 -0.0372437 -0.0278451 -0.0225381 -0.0706784 -0.0722864 -0.0762189 -0.0988173 -0.0848387 -0.054466 -0.128689 -0.0446302 -0.0229137 -0.0207488 -0.01996 0.0582682 0.0495157 -0.012779 -0.0141747 -0.0635372 -0.0444941 -0.0888937 -0.0946414 -0.104757 -0.0790508 -0.0716594 -0.0241803 -0.0672843 -0.103693 -0.0471209 -0.0585488 -0.116224 -0.0453539 -0.0790135 -0.0727098 
0.0603353 -0.0323326 0.00148403 0.0172827 0.0455734 -0.0106789 -0.0307477 0.00206923 0.030318 0.0506143 -0.0014397 -0.0353725 -0.00328233 -0.0162905 -0.0319686 -0.0336436 -0.0167355 0.00750685 0.00353818 -0.00650047 -0.0275212 -0.0108744 0.00868407 -0.00597865 -0.0238896 -0.0137897 -0.0233473 0.00488387 0.0222432 0.00297071 0.00641143 0.00466075 -0.00291951 -0.00877468 0.0164485 -0.00232211 -0.00269446 0.00996607 -0.00332428 0.0371408 
0.0924726 0.0231656 -0.0126653 0.00467959 0.0018533 0.0370824 -0.00215847 -0.0294027 -0.0390394 -0.0446712 -0.0149529 -0.0127923 -0.0596508 -0.0558828 -0.0042648 0.0232055 0.0380232 0.0257548 0.00243049 -0.0161022 0.0606772 0.0445601 0.0409111 0.0129648 0.00604797 -0.0192247 0.00956001 0.0111864 0.00325915 -0.0169291 -0.0334633 -0.00472081 -0.0103189 -0.0246778 -0.0537979 -0.0397516 -0.014996 -0.00452099 -0.0049023 0.00735401 
0.0344323 -0.0278905 -0.0435524 -0.0122821 0.0213256 0.0785265 0.0473508 0.0888883 -0.00264955 -0.0556556 -0.0083569 0.0101383 0.037203 0.0572972 0.0808099 -0.014099 0.0128712 -0.00920798 -0.00904531 0.0241964 0.0405304 -0.0345554 0.0160243 -0.0202065 -0.0376702 0.000786525 -0.0359946 0.0184174 0.00270575 -0.0440622 -0.00845613 -0.00252054 -0.00935402 0.0344948 -0.0117433 -0.0287026 -0.00386841 0.0112392 -0.0788721 -0.0475304 
0.215995 0.114029 0.0712131 0.0237859 -0.0207945 -0.0553485 0.0254229 0.0122646 -0.0477226 -0.0330942 -0.10979 -0.104822 -0.101474 0.00281689 0.0470394 0.112858 0.0547569 0.0583895 -0.0036318 -0.0542486 -0.0936236 -0.102967 -0.0305634 -0.0506662 -0.0835776 -0.109175 -0.114462 -0.0860945 -0.150303 -0.139812 -0.0436341 0.0738348 0.0535276 0.0510863 0.016398 -0.0507603 -0.0421379 -0.00978448 0.0829456 0.0768284 
0.479696 0.0702622 -0.110041 -0.143344 -0.0822807 0.0316317 0.110371 0.134135 -0.0119558 -0.0408003 -0.0732719 -0.0904728 -0.117177 -0.0954088 -0.014243 0.128183 0.104044 0.0732818 0.0630461 0.0383848 -0.042259 -0.00536304 0.0628395 -0.0303418 -0.00976218 -0.0378663 -0.0174172 -0.0543995 -0.0823188 -0.0550227 -0.0803518 -0.0944496 0.0769358 0.0854632 0.128511 0.118331 0.0243433 -0.0865298 -0.103904 -0.102798 
0.0865932 -0.0227212 -0.0399537 -0.0299446 0.00908274 0.0130274 0.00640153 -0.0147721 0.00441708 0.0170065 -0.0510807 -0.0531836 -0.00583617 0.00366183 -0.0227108 -0.0185459 -0.000516425 0.0467431 0.0409384 -0.0170884 -0.0235066 -0.0165516 -0.0132234 -0.0123727 0.0152347 -0.00309607 -0.044722 -0.0110505 -0.00317573 0.00855199 0.0802241 0.0201899 -0.0164527 -0.0603009 0.0205756 -0.0185721 -0.0532258 -0.0532702 -0.02122 0.0108181 
0.067667 0.00474484 -0.00326901 0.0344623 0.000279586 -0.0236359 -0.0150784 -0.0212113 0.00135318 -0.0340975 -0.0309779 0.0317729 0.018205 -0.0388177 -0.0182757 0.0119989 0.012653 -0.00919395 0.0240769 -0.00278421 -0.0203737 -0.0368935 -0.0376771 -0.0232094 -0.0145609 -0.0147705 -0.0223466 0.0112007 0.0179196 -0.0129974 -0.0140718 -0.00583537 0.00126398 -0.0370272 -0.00886014 -0.0159127 0.0101263 0.0256011 0.022905 -0.0128221 
0.123668 -0.0381098 -0.0467286 -0.0257825 0.0769533 0.0761632 0.0279256 -0.0064563 -0.0384417 -0.0499316 -0.0343732 0.0229976 0.10672 0.112411 -0.0308331 -0.0698859 0.0207409 0.0514322 0.0531919 -0.0284104 -0.0372311 -0.0272305 -0.0425994 -0.0412413 -0.0356066 -0.00837576 0.0210687 -0.013367 -0.0730476 -0.0258861 0.0501378 0.0162889 -0.0252054 -0.0769569 -0.00636626 0.0254422 -0.0408694 -0.0480992 -0.0339113 -0.00401547 
0.0887449 -0.0249524 0.0283288 0.046999 0.01696 -0.0614253 -0.0715471 -0.0513203 -0.0392541 -0.0405844 -0.0423 -0.0205422 0.00614241 -0.0275622 -0.00221272 0.0769732 0.0951477 -0.01462 -0.0269927 0.00350936 0.013292 -0.00354522 -0.01383 -0.030391 -0.0353126 -0.0552938 -0.0154017 -0.000215124 0.00932087 -0.0190945 -0.0670803 0.0916286 0.115047 0.0184809 -0.048506 0.00463699 0.0498791 -0.0269274 -0.0528392 -0.0378362 
0.193108 0.105576 0.118769 0.0999112 0.0439155 -0.00979633 0.0453754 -0.0215063 -0.0508754 -0.0356828 -0.0135217 -0.0179826 0.0102493 -0.0181619 -0.0218375 0.00437266 -0.0354101 -0.0488677 -0.0387054 -0.0353227 -0.025645 -0.019364 -0.0836571 -0.0569742 -0.0693778 -0.0406983 -0.0262769 -0.0237331 0.0177292 -0.0488084 -0.0669773 -0.00500108 0.0395473 0.0304589 -0.0339979 0.00312096 0.0164223 -0.0232236 -0.0231546 -0.0422909 
