0.436712 0.335518 0.25337 0.174722 0.117694 0.064349 0.0237506 -0.0209526 -0.0460247 -0.0430684 -0.0670276 -0.0822348 -0.0904303 -0.0891658 -0.0546575 -0.0360444 -0.0259536 -0.00222104 0.0220491 -0.00170414 0.00245244 -0.0326877 -0.0515877 -0.0469707 -0.0380053 -0.0400945 -0.0747733 -0.0703016 -0.0554739 -0.0514783 -0.0504416 -0.0705394 -0.0894483 -0.0824411 -0.0641608 -0.0347965 -0.0114809 -0.0120402 -0.0269928 -0.0431478 
1.12757 0.92448 0.76322 0.614971 0.486571 0.373519 0.269195 0.190429 0.157233 0.13689 0.0974566 0.0190993 -0.0603564 -0.110546 -0.118089 -0.107103 -0.118539 -0.147193 -0.158196 -0.147151 -0.146159 -0.173524 -0.189751 -0.198915 -0.177539 -0.162896 -0.146992 -0.129793 -0.137568 -0.141087 -0.138648 -0.138093 -0.141839 -0.120268 -0.101559 -0.098557 -0.0594479 -0.0428607 -0.0193796 0.0119216 
0.884746 0.622773 0.452142 0.381115 0.193699 0.0111778 -0.0571693 -0.0940489 -0.136535 -0.15894 -0.0875553 -0.033874 -0.0231055 -0.0251381 -0.0309803 0.0181753 0.0234065 -0.0466945 -0.116354 -0.110508 -0.0487047 0.0234283 0.08049 0.064289 0.0304074 0.00743338 0.0491573 0.0114585 -0.00882899 -0.0983785 -0.12269 -0.177764 -0.197467 -0.144721 -0.121745 -0.1072 -0.0732166 0.0241856 0.0644222 0.0211769 
0.492614 0.365403 0.279883 0.225322 0.230172 0.209353 0.194048 0.171307 0.15168 0.153055 0.170037 0.193294 0.209419 0.189158 0.160457 0.198156 0.183513 0.187186 0.134306 0.115281 0.131946 0.0763115 0.0770993 0.0615656 0.0108402 0.00329192 0.00255967 0.0228194 0.0436163 0.0316619 -0.01657 -0.0212515 -0.0349335 -0.0367135 -0.0612414 -0.0552335 -0.0308906 -0.0266586 -0.0353538 -0.050574 
0.480043 0.333692 0.225003 0.15911 0.114214 0.0752577 0.0438603 0.00258295 -0.0468495 -0.0516636 -0.0485066 -0.016133 0.0132276 0.045585 0.101277 0.13875 0.149606 0.157677 0.1694 0.139909 0.127831 0.0929247 0.0445528 0.0167041 -0.0145968 -0.0297813 -0.00793491 0.000236117 -0.00090687 -0.0156303 -0.0306393 -0.0244622 -0.00457432 0.0218321 0.0434859 0.0136662 -0.0103407 -0.0183797 -0.0469184 -0.0405949 
0.268773 0.205302 0.180851 0.122814 0.105854 0.0851727 0.091499 0.0886728 0.0576175 0.0554735 0.0496265 0.0419587 0.0503304 0.0577547 0.0689464 0.0542042 0.0371772 0.0172932 -0.00552476 -0.00897395 -0.00670507 -0.0121513 -0.00785157 -0.0226651 -0.0377162 -0.0195693 -0.016015 -0.0101782 0.00564556 0.0149122 0.0177492 0.0228629 0.0224933 0.0141097 0.00781959 0.00282073 0.00395574 0.00726466 -0.0210993 -0.0277378 
0.257759 0.118124 0.0504281 0.00691365 -0.0233658 -0.0108764 0.00348049 -0.00902243 0.00357121 0.0176305 0.0517943 0.0662806 0.0338477 0.0187596 0.0188223 0.0168802 0.0127602 -0.0102522 -0.0249126 -0.0224087 -0.00895275 0.00199151 0.00998565 0.0126512 -0.0152775 -0.0139758 -0.0230693 -0.0458157 -0.0364985 0.00458296 -0.0066841 0.0164237 0.0216309 0.0165416 -0.000483948 -0.0144017 -0.00691399 -0.0119201 -0.0380967 -0.0621678 
0.4436 0.352953 0.258324 0.223909 0.169132 0.107241 0.0586146 0.0398776 0.0242597 0.0208807 -0.0259709 -0.0387254 -0.0131079 -0.0110291 0.00402256 -0.0118485 0.013196 0.0485689 0.0259753 0.027257 0.0424477 0.121216 0.145413 0.15913 0.097747 0.0758251 0.0674116 0.0768032 0.0122164 -0.0459554 -0.0475446 -0.0315405 -0.0276902 -0.0133483 -0.0505615 -0.0580429 -0.0355273 -0.0339409 -0.0423788 -0.0457676 
0.182857 0.11193 0.0808756 0.0755885 0.0792984 0.0545507 0.0288001 -0.000922265 0.000191384 0.00489867 0.00809723 0.00936138 0.00431114 -0.00232417 -0.0216567 -0.0189496 -0.012813 -0.0230159 -0.0339058 -0.0405881 -0.0316489 -0.0224421 -0.0155448 -0.0197943 -0.0263628 -0.0188504 -0.00384792 0.00473071 -0.00166877 -0.0221109 -0.0314769 -0.0267357 -0.0175139 -0.0137721 -0.0244524 -0.0405845 -0.0469326 -0.0372127 -0.0360983 -0.0387381 
0.200286 0.121207 0.0558098 0.0186247 -0.000707991 0.0142528 0.0249475 0.00557175 0.00110938 -0.00659135 0.00435566 0.000896127 0.00552433 0.0154691 -0.00460782 -0.00386628 -0.0154833 -0.01283 -0.0258102 -0.0347945 -0.0506429 -0.0227228 0.000779814 0.0135858 0.0373689 0.0286627 -0.000399291 -0.0261086 -0.0277937 -0.0391945 -0.0349118 -0.0386955 -0.0383857 -0.0374528 -0.0436278 -0.0270903 -0.0129162 -0.0249026 -0.0221871 -0.0327898 
0.109868 0.0435092 0.0134992 0.00226733 -0.00484561 0.0082741 -0.0142058 -0.0141355 -0.0122547 -0.0256851 -0.0314684 -0.0262153 -0.014497 0.00485354 0.0297447 0.0128107 0.0240306 0.0344031 0.0117837 -0.00424027 -0.0226257 -0.0141554 -0.0152314 -0.0365698 -0.0228488 -0.0115793 -0.00909014 0.00967811 0.0117517 0.017294 0.00560522 0.0180364 0.00404848 0.0103697 0.0137778 -0.0054447 -0.00606479 0.00905979 -0.00915913 -0.0105245 
0.155141 0.103376 0.0667118 0.0239995 -0.0105595 -0.0150219 -0.0186653 -0.00770597 -0.00166169 0.012128 0.0137628 0.0116179 0.00983503 -0.00894692 -0.00911054 -0.00528325 0.00015975 -0.000958186 0.0070358 -0.00551868 -0.0129016 -0.0255172 -0.028378 -0.0198718 -0.00436725 -0.00894672 -0.0142232 -0.00678704 0.0112089 0.00673198 -0.00374818 -0.0235609 -0.0274392 -0.020559 -0.0174515 -0.0210015 -0.0150312 -0.0119335 -0.0250783 -0.031327 
0.125449 0.054555 0.0310927 0.000891777 -0.00663436 0.000785058 -0.0150077 -0.0154957 -0.00554801 -0.0212013 -0.0291823 -0.00992332 0.00892946 0.0177788 0.0227773 0.00224888 -0.0118531 0.0111016 0.0168869 0.0155597 -0.00629389 -0.0109753 -0.0207242 -0.0135741 -0.0220895 -0.0312951 -0.0468244 -0.0356551 -0.047419 -0.0314482 -0.0257063 -0.0142437 -0.000294747 -0.00728743 -0.00684892 0.00684328 -0.00365907 0.0149974 0.0109167 -0.0184633 
0.607246 0.409594 0.246949 0.128572 0.0375947 -0.0308109 -0.0723462 -0.0871001 -0.0554735 -0.014437 0.021188 0.0357088 0.0640741 0.0493617 -0.00138031 -0.0279812 -0.0319428 -0.0147458 -0.0185621 -0.0343246 -0.0375441 -0.0229611 0.00435074 0.00635101 -0.0312733 -0.0632595 -0.0798125 -0.0981754 -0.113082 -0.0982495 -0.0554045 -0.0135043 0.0164184 0.0345462 0.0751268 0.117886 0.142893 0.109364 0.0280783 -0.0271289 
0.152344 0.0724687 0.0299544 0.0157419 0.0191998 0.0294182 0.0435933 0.0348101 0.00813545 0.0153089 -0.00809766 -0.0243397 -0.012752 -0.00195095 0.00152476 -0.00780342 0.00553191 -0.0195163 -0.0277222 -0.030778 -0.0154336 -0.00250276 -0.00101327 -0.00532863 -0.0249007 -0.0343771 -0.0223145 -0.0056779 -0.00669594 0.00012555 -0.0178367 -0.0365979 -0.0249984 -0.00661557 0.00432994 0.00662662 -0.0176018 -0.0173111 -0.0274285 -0.00684986 
0.116047 0.0480496 0.0258705 0.0239086 0.0270553 0.00737281 -0.00681266 -0.00811373 0.00610082 0.0088684 -0.00151717 -0.0145128 -0.023536 -0.018344 -0.0124606 -0.026855 -0.0359613 -0.0335172 -0.0234173 -0.0198167 -0.0336723 -0.0304865 -0.016846 -0.00886309 -0.00402071 -0.014602 -0.0247751 -0.0242989 -0.0139358 -0.0115978 0.00119489 -0.00174246 -0.00113222 0.0034464 0.00388897 -0.00311252 -0.0243054 -0.0268653 -0.0100081 -0.0124819 
0.329932 0.196814 0.150774 0.105887 0.0348325 0.001631 0.0224677 0.00622203 0.0318065 0.00210425 0.0281343 0.0521548 0.0465769 0.0280253 0.0257596 0.0307908 -0.00887006 -0.0239658 -0.0260899 -0.018155 -0.0774256 -0.112985 -0.115388 -0.10904 -0.10749 -0.0909439 -0.0613133 -0.0399529 0.0167247 0.0252619 0.0468477 0.0498376 0.0508545 0.0448067 0.0144492 -0.0323348 -0.070065 -0.0574192 -0.0744714 -0.0711305 
0.290185 0.174542 0.099018 0.0655647 0.0716038 0.0805168 0.0933337 0.0878185 0.0755556 0.032299 -0.0175583 -0.0415215 -0.0407129 -0.0261286 -0.00455785 0.0108577 0.016209 0.0207562 -0.00705223 -0.0144081 -0.0213848 -0.0121178 0.00456318 -0.00480128 -0.0153195 -0.0408065 -0.0456526 -0.0445607 -0.0381389 -0.0204996 -0.0311234 -0.0296208 -0.0330269 -0.0405059 -0.0437772 -0.0272674 -0.00921414 0.0276396 0.022606 6.762e-05 
0.10304 0.0435113 0.00634698 0.000690833 -0.0321962 -0.0356559 -0.0340908 -0.0137388 -0.00928183 -0.00468446 -0.0114192 0.000198561 0.00576576 0.0128141 0.0102443 -0.011872 -0.0168865 -0.0123636 -0.0115489 -0.0150111 -0.0128879 -0.00786796 0.0110744 0.00031803 -0.00189446 -0.00164068 0.0101975 -0.00474764 -0.00898311 -0.00636771 -0.0141811 -0.0254755 -0.0231303 -0.016391 0.00201863 -0.00116047 0.00934601 0.0263999 0.0257547 0.00666137 
0.15194 0.0817945 0.0387518 0.0327491 0.0195187 0.00143554 -0.00232309 0.010402 -0.00270159 -0.00648936 0.0123277 0.0291132 0.0307116 0.0062317 -0.0298713 -0.0334853 -0.0425769 -0.0357373 -0.0487504 -0.0555475 -0.0544057 -0.0407786 -0.0258385 -0.0179071 -0.0140878 -0.00956615 -0.00944801 -0.0144278 -0.00635917 -0.00646945 -0.0211595 -0.0225888 -0.0114277 -0.00821425 -0.00710746 0.00193858 0.0124204 0.00449616 -0.00611479 -0.000868389 
0.314268 0.220281 0.143345 0.0825511 0.0285437 -0.0066619 -0.0305354 -0.0313151 -0.0480119 -0.0432919 -0.0468319 -0.0546194 -0.0622316 -0.055984 -0.0504511 -0.0567703 -0.0511187 -0.0407384 -0.0278649 -0.035873 -0.0229393 -0.00126761 0.0178967 0.0301595 0.0368749 0.0292897 0.0152583 -0.00389746 -0.00130614 0.00593756 0.00829647 -0.00106666 -0.00665674 -0.0105645 0.0163656 0.0142351 0.0208079 0.000212747 -0.00450698 -0.00260909 
0.156623 0.0740599 0.0418838 0.0269597 0.0157168 0.00338237 0.0139295 0.0102219 0.00202393 -0.0199762 -0.0308875 -0.0378355 -0.0259589 -0.0243357 -0.0232438 -0.0131227 -0.015857 -0.0237714 -0.0294504 -0.0134977 -0.000879673 -0.00302744 0.0179565 0.0207629 0.00597047 -0.00409231 -0.006477 -0.0218049 0.00351743 0.0360538 0.0302238 0.0107263 2.63682e-05 -0.00902624 -0.0236479 -0.0245027 -0.0212561 -0.0179528 -0.0275199 -0.0284915 
0.134308 0.062336 0.0217027 0.00158489 -0.0170175 -0.0177406 -0.0027365 0.00416567 0.0216229 0.0110007 0.00792836 -0.00644764 0.000146063 -0.0158144 0.00228517 -0.00415302 0.0078709 0.00244974 -0.0137737 -0.000476436 -0.00888467 -0.00999015 -0.00701404 0.0181528 0.00111885 -0.0223633 -0.0410402 -0.0469605 -0.0388993 -0.0131262 0.000407046 0.00663889 0.00746228 -0.0106489 -0.0116526 -0.0246806 -0.0122224 -0.00809418 -0.00556498 -0.00493443 
0.58152 0.404363 0.227924 0.0817111 0.00306578 -0.0442485 -0.0578533 -0.0625072 -0.0378769 0.00557597 0.0207983 0.0206053 0.0237044 0.0266101 0.0250356 0.0115005 -0.0206615 -0.0526683 -0.0731446 -0.0718345 -0.0598514 -0.076886 -0.0618951 -0.0575866 -0.0439085 -0.0343033 -0.0462797 -0.0356808 -0.0394334 -0.0495282 -0.0615256 -0.0975801 -0.106314 -0.10141 -0.0742331 -0.0592261 -0.0494339 -0.0349336 -0.0360485 -0.0344815 
0.150106 0.0469911 0.00427109 -0.0103381 -0.0250874 -0.0343779 -0.0390986 -0.0357087 -0.0268016 -0.0187875 -0.0111032 -0.00369304 -0.0271946 -0.0369854 -0.0227522 -0.0140615 -0.0153221 -0.0217367 -0.0308254 -0.0258105 0.00216697 -0.00356288 -0.00696543 -0.000547046 0.0121999 0.0340787 0.0577909 0.056342 0.0386772 0.0233303 0.00323819 0.00313989 0.0181937 -0.00433882 -0.0243857 -0.0235893 -0.0216041 -0.00716358 -0.00166967 -0.0229274 
0.263548 0.160936 0.116281 0.0655136 0.00831947 -0.0325051 -0.0450265 -0.0380818 -0.0152275 0.00969324 0.0174626 0.00518593 -0.0109721 -0.00494959 -0.00122287 -0.0256634 -0.0356688 -0.0330309 -0.0315433 -0.0276464 0.00820475 0.0103112 0.00394501 0.00293415 0.0281055 0.0519697 0.0248187 -0.00243719 -0.00798222 -0.0237846 -0.0211399 -0.0254766 -0.0345576 -0.0347138 -0.0315917 0.0120542 0.0254829 -0.000967415 -0.0109614 -0.00833777 
0.218122 0.11563 0.0520564 0.028666 0.018469 0.0053409 -0.00773553 -0.006145 -0.0175733 -0.0154043 -0.0229983 -0.020124 -0.0238922 -0.0154518 -0.000935428 0.00461977 0.01025 0.00323188 -0.0092258 0.000424286 0.0232431 0.01254 -0.0204858 -0.0312432 -0.030063 -0.0231074 -0.0369359 -0.040541 -0.017002 -0.020327 -0.0187162 0.0043319 -0.00237914 0.00635482 -0.00830736 -0.00461595 -0.0136553 -0.0356782 -0.0360997 -0.0416654 
0.193364 0.101978 0.0370208 0.0105455 0.0159677 0.0252018 0.012208 -0.00354965 0.00948368 0.0103696 -0.00640046 -0.0161561 -0.0192202 -0.0106649 -0.00430938 -0.000559182 -0.00940934 -0.00869465 -0.0143982 -0.025099 -0.0308398 -0.0209436 0.00129397 0.01615 0.00210202 -0.0215323 -0.0194605 -0.0248994 -0.0117268 -0.00745496 -0.0164505 -0.0186784 -0.00446623 0.00951959 6.17976e-05 -0.0114584 -0.0188757 -0.0363204 -0.0423963 -0.0398892 
0.262281 0.112484 0.0474344 -0.00199878 -0.041002 -0.0562303 -0.0572043 -0.0508538 -0.0381512 -0.00293402 0.00732397 -0.00856633 -0.0120081 -0.0164171 -0.0346943 -0.0522933 -0.0537719 -0.0317867 -0.004284 0.00619454 0.0359844 0.0463228 0.0662395 0.0959793 0.114735 0.0540973 0.0013479 -0.0320912 -0.0447466 -0.0458729 -0.0503363 -0.0567014 -0.0452741 -0.0392458 -0.0161899 -0.0241466 -0.0447498 -0.0438394 -0.0495403 -0.055759 
0.388676 0.280065 0.209168 0.190876 0.164359 0.128238 0.101619 0.080283 0.0514058 0.0362342 0.0138348 0.00163123 -0.000814963 -0.00797777 -0.017908 -0.000522287 0.0162906 0.0199106 -0.0125155 -0.020299 -0.0151998 -0.0213465 -0.0355907 -0.037067 -0.0482775 -0.0613843 -0.067352 -0.0822582 -0.0818464 -0.0886595 -0.0889834 -0.089051 -0.0915712 -0.0640421 -0.0295553 0.0107761 0.0384168 0.0559553 0.0702674 0.0726918 
0.140339 0.0537123 0.0521468 0.0369477 0.0114233 -0.00247404 -0.0071323 -0.0208648 -0.0343613 -0.00798683 0.000834068 0.01167 0.0274288 0.024404 0.00185531 -0.00951455 0.00785629 0.00768774 -0.0286649 -0.024644 -0.0200629 -0.0264573 -0.0337875 -0.0268697 -0.0220139 -0.0108131 0.00987939 0.00582689 -0.0135094 -0.00229682 0.00478523 -0.0112837 -0.0192554 -0.0268317 -0.0298221 -0.0286469 -0.025348 -0.0307407 -0.00845908 0.00945113 
0.299998 0.216963 0.130294 0.088816 0.0687098 0.102975 0.0493248 0.0591737 0.0154654 0.00178104 -0.00439759 -0.00220412 -0.0419149 -0.0194723 -0.0314355 -0.0288166 -0.0321494 -0.0188887 -0.0224629 -0.0420738 -0.048765 -0.0508635 -0.0345407 -0.010619 0.00801647 -0.00237051 0.0103911 -0.00290763 0.00486867 -0.0166315 -0.0133441 -0.0201286 -0.0204313 -0.0293839 -0.0145265 -0.0058574 0.00216047 -0.0358806 -0.0316642 -0.0414046 
0.543071 0.37092 0.190879 0.0850723 -0.015798 -0.0295937 -0.0346123 -0.0221004 -0.0079004 -0.030851 -0.0361339 -0.0504394 -0.064405 -0.0892078 -0.119728 -0.129904 -0.136775 -0.126023 -0.131633 -0.120729 -0.101504 -0.0820987 -0.0756822 -0.0548987 -0.0319079 -0.000882033 -0.0117865 -0.0583477 -0.0627063 -0.0509477 -0.0164059 -0.00464313 0.019543 0.0510821 0.0682764 0.0826577 0.0688987 0.0466385 -0.000162044 -0.0500279 
0.278587 0.136657 0.0149114 -0.0264206 -0.0463638 -0.0365068 -0.0343465 -0.0337932 -0.0262396 -0.00402751 0.0234695 0.0550777 0.0533251 0.0395198 -0.0054535 -0.0390869 -0.0431612 -0.0477997 -0.0505548 -0.0501993 -0.0343055 -0.0310128 -0.038733 -0.0475483 -0.0421898 -0.00381247 0.0210532 0.0575508 0.078903 0.0509193 0.00391499 -0.0106458 -0.0117251 -0.0138952 -0.0136309 -1.31099e-05 0.0119003 0.0422551 0.0463564 0.0465352 
0.164445 0.0755659 0.0208558 -0.0039708 -0.00569249 -0.0189727 -0.0285214 -0.0234517 -0.0129945 -0.0156823 -0.0113727 -0.0227761 -0.0275071 -0.0208533 -0.000589484 0.00391232 0.00604218 -0.000365847 -0.00657457 0.00100753 0.000282329 -0.00449099 -0.00756603 0.000386836 0.0101534 0.00653523 -0.00903081 -0.024504 -0.0266074 -0.0184847 -0.0143159 0.00602269 0.00502067 -0.00763685 0.00149924 0.0267484 0.0511934 0.0434149 0.0334853 0.0194202 
0.310786 0.230912 0.190234 0.159444 0.143975 0.0970205 0.0765399 0.0647705 0.0421711 0.0367725 0.0370215 0.00435115 -0.0128301 -0.0351991 -0.0259769 -0.0212276 -0.0289836 -0.0258991 -0.0271254 -0.0250495 -0.0221784 -0.0323889 -0.0471389 -0.0507713 -0.0486356 -0.053542 -0.0475211 -0.0517329 -0.0568334 -0.0584171 -0.0472355 -0.0347476 -0.0517653 -0.050893 -0.0494014 -0.0129998 -0.0129869 -0.0159481 -0.0018026 0.014154 
0.170954 0.0775753 0.0185899 -0.00545969 0.00284409 0.00731589 0.00208884 -0.00578291 -0.0139308 -0.00489632 -0.0190049 -0.00767655 -0.0110677 -0.0214771 -0.0242638 -0.0332188 -0.0466334 -0.0567238 -0.0659609 -0.051095 -0.0280981 -0.0128447 -0.00494189 -0.01083 0.0148081 0.00815702 0.014167 0.031029 0.0259823 0.0144172 -0.00315551 -0.0232152 -0.0164619 0.00702902 0.0272699 0.0274153 0.0103286 0.00492338 -0.018722 -0.0251862 
0.122589 0.104867 0.063854 0.048842 0.0421817 0.0252186 0.0256788 -0.00134454 -0.00373541 -0.00445049 -0.00477829 -0.00215693 -0.0164521 -0.00733701 -0.00615899 0.000663788 0.00325728 0.000967738 -0.0090046 -0.00797846 -0.00918625 0.00278202 0.00853152 0.00570843 0.00713839 0.00363343 0.00754189 -0.000444482 -0.0131001 -0.0058402 0.00130291 0.0130862 0.0144951 0.0188226 0.00637539 0.00178896 0.00493638 -0.00240836 0.0014139 6.1024e-05 
0.232669 0.150136 0.0730073 0.0168612 -0.00285126 -0.0134152 -0.0283741 -0.0308584 -0.0158283 0.00127724 -0.0336366 -0.0332159 -0.0520916 -0.033899 -0.0472925 -0.0425983 -0.0393636 -0.0282758 -0.024053 -0.0166527 -0.0268311 -0.000385766 0.0122624 0.00496533 -0.0086798 -0.0296701 -0.0332943 -0.000337199 0.0118047 0.0249084 0.0373627 0.0856073 0.0937548 0.0981023 0.0584092 0.0344722 0.022008 0.0121329 0.0180292 0.00158773 
0.54055 0.36837 0.187522 0.0779412 0.0408456 -0.0509928 -0.102957 -0.0857089 -0.0901186 -0.124987 -0.157586 -0.154662 -0.116594 -0.0783988 -0.0781755 -0.078654 -0.0485395 0.0264415 0.0609025 0.104367 0.0992683 0.0803556 0.066706 -0.00964334 -0.0495593 -0.103921 -0.111152 -0.109353 -0.139539 -0.178094 -0.168228 -0.133716 -0.066774 -0.0196178 -0.0142119 0.0317249 0.0448865 0.0598571 0.0180282 -0.0105212 
0.20537 0.131969 0.0839275 0.0413996 0.0222548 0.0517683 0.0438349 0.0517858 0.039619 0.0294538 0.044029 0.0291555 0.0105289 0.00310502 0.0192789 0.015623 -0.000199694 -0.0176685 -0.02238 -0.0414175 -0.0534726 -0.0390986 -0.0250886 -0.0134849 -0.0153846 -0.00584145 -0.00222617 -0.00415019 -0.00849388 0.0085415 0.0257158 0.0255484 0.0301559 0.0197034 0.00930458 0.000428786 0.00441875 -0.0120103 -0.0124448 -0.00863574 
0.0736264 0.0297134 0.0147604 0.014774 0.00452236 0.0118734 0.00504833 0.00111485 -0.0014964 0.00178578 0.000564323 -0.0209326 -0.0215637 -0.0185064 -0.0176998 -0.0211478 -0.0151936 -0.022284 -0.0121433 -0.0213023 -0.0289413 -0.0387093 -0.0152604 -0.0154701 -0.00894064 -0.0170274 -0.0223831 -0.0105332 0.00338448 -0.009206 -0.00268119 -0.00748056 -0.0177366 -0.0210991 -0.020804 -0.0118145 -0.00765767 -0.00727251 0.00655025 0.0203449 
0.335472 0.232438 0.173447 0.108742 0.0589621 0.0422705 0.0718802 0.0837834 0.0937093 0.0986407 0.0941044 0.0820135 0.0571777 0.0638653 0.0512402 0.0238903 0.0191067 0.007928 -0.0108631 -0.00563488 -0.0153228 -0.0155237 -0.0137662 -0.051819 -0.0771284 -0.0932593 -0.0918351 -0.0909636 -0.0632269 -0.0414399 -0.0410569 -0.0328324 -0.0441845 -0.0468667 -0.0534846 -0.0441985 -0.0325696 0.00743309 -0.00709547 -0.0112864 
0.452632 0.3182 0.21797 0.124941 0.0670221 0.0500699 0.0333274 0.016722 0.0176273 0.00312519 0.00876074 0.0260426 0.0265018 0.0285324 0.0144355 0.0176048 0.0142496 0.0247887 0.0392428 0.0355847 0.049823 0.0482946 0.00400979 -0.0427259 -0.0655495 -0.0708402 -0.0542384 -0.0578163 -0.0739466 -0.0879645 -0.10245 -0.0966278 -0.0646244 -0.043395 -0.0428839 -0.0363377 -0.0446951 -0.0451927 -0.0317825 -0.0317807 
0.764081 0.595118 0.40069 0.302875 0.192638 0.123174 0.0398865 -0.0132759 -0.0497777 -0.057243 -0.01569 0.0162006 0.0111865 -0.00319066 -0.0183793 0.0101355 0.00966068 0.0101032 0.010994 0.0356864 0.00404196 -0.0244803 -0.0476327 -0.0314544 -0.0498171 -0.0471052 -0.0753004 -0.0741183 -0.0817225 -0.054698 -0.0497839 -0.0651389 -0.051949 -0.10353 -0.135619 -0.151302 -0.0972284 -0.0511621 -0.013235 0.0174744 
0.314698 0.227832 0.137344 0.0799356 0.0721121 0.0383901 0.0141706 0.00725375 0.000802368 -0.0173515 -0.012384 -0.0425291 -0.0480848 -0.0486328 -0.0327437 -0.0322007 -0.0323167 -0.0313116 -0.0282932 -0.0310295 -0.0469713 -0.0344313 -0.0210371 -0.0279371 -0.038357 -0.0524545 -0.0581223 -0.0444489 -0.0194673 0.00194537 0.00848732 0.00349123 0.0106643 0.0174989 0.0259271 -0.00645367 -0.00174464 0.00282412 -0.0150699 -0.0075285 
0.596978 0.346517 0.189617 0.151264 0.138759 0.0701412 0.00297282 -0.0725694 -0.0794107 -0.0672634 -0.0659786 -0.0876252 -0.0951782 -0.0452073 0.0236581 0.0524177 0.0238009 -0.0542179 -0.103035 -0.0886412 -0.0449253 -0.0490801 -0.0700747 -0.0568502 -0.0309501 -0.040693 -0.0588717 -0.0700934 -0.0465189 0.00139226 0.0510992 0.0777069 0.0536086 0.00690187 -0.0508703 -0.0756294 -0.0593253 -0.0440129 -0.0445991 -0.0293552 
0.427057 0.247278 0.19587 0.157106 0.0943975 0.083487 0.117231 0.090559 0.0571238 0.081424 0.0976536 0.0667319 0.0809308 0.129012 0.161762 0.127101 0.0932643 0.069853 0.0495976 0.0477296 0.0751172 0.0745772 0.0401567 0.0251683 0.0289983 0.0150205 -0.0148937 -0.0111301 -0.0334705 -0.0426702 -0.0374973 -0.0357648 -0.0327476 -0.0109062 0.0288058 0.0588672 0.0209264 -0.0293011 -0.0460241 -0.0459248 
0.286178 0.132928 0.0308239 0.0055474 0.0224931 0.0423774 0.00955521 -0.040201 -0.0805169 -0.0800747 -0.0486191 -0.00746833 0.0215147 0.010198 -0.0428935 -0.0376277 -0.00306159 0.0364078 0.0503754 0.0185326 -0.0223645 -0.0327712 -0.0369356 -0.0371261 -0.00525041 -0.00416798 -0.00351924 -0.0292802 -0.0370127 -0.0180447 -0.00972517 -0.0180952 -0.0293892 -0.0510933 -0.0276533 0.000413253 0.00942578 -0.00127112 -0.0043043 -0.00840068 
0.657851 0.505569 0.38539 0.279553 0.160085 0.0668961 -0.00436161 -0.0692156 -0.10896 -0.0930645 -0.122723 -0.115113 -0.0657638 -0.0115712 0.0397562 0.0158411 0.0294785 0.0607738 0.102967 0.111217 0.110475 0.0952118 0.0953992 0.0651209 0.0249368 -0.0161685 -0.0167255 -0.0694692 -0.0837239 -0.106468 -0.132311 -0.157547 -0.158198 -0.144883 -0.125681 -0.1196 -0.102839 -0.0861572 -0.0718928 -0.0470923 
0.186401 0.11621 0.09071 0.052464 0.0132904 -0.00340016 -0.00688135 -0.0168056 -0.011837 0.0064276 0.0117219 0.00872434 0.0445169 0.0533826 0.0345698 0.0140375 -0.00671944 -0.0133415 -0.023723 -0.0116925 -0.0200909 -0.0186425 -0.00938717 0.00719915 0.00816714 0.0288541 0.044384 0.0398453 0.0322227 0.0388474 0.0248764 0.00950131 0.0423677 0.0410221 0.023538 0.0365895 0.0406982 0.0382261 0.0183278 0.00297628 
0.266331 0.152864 0.041655 0.00378156 -0.0140943 -0.0235242 -0.0139331 -0.0115925 -0.00316926 -0.00736749 0.00682531 0.00538086 0.0195492 0.0222837 0.0134859 -0.016943 -0.00759063 -0.0188171 0.0215824 0.0110931 0.00894517 -0.00112857 -0.0247228 -0.0298935 -0.0492838 -0.0520452 -0.0580238 -0.0492161 -0.0420553 0.00372641 0.0176008 0.0422223 0.0422954 0.0306586 -0.025061 -0.050327 -0.0893205 -0.0789598 -0.0576511 -0.0588231 
0.610262 0.408099 0.23528 0.0897419 0.016408 -0.0127509 -0.0131777 0.0144393 0.0470888 0.105599 0.13192 0.122089 0.0986689 0.0420325 0.0129398 0.00699531 -0.00816729 -0.0451365 -0.0750164 -0.0974209 -0.089136 -0.0862741 -0.0651419 -0.0723832 -0.0695737 -0.0462463 -0.0145448 0.0281641 0.070321 0.118505 0.12437 0.12786 0.107363 0.0410357 -0.0104098 -0.0566034 -0.0868719 -0.105432 -0.0694574 -0.0301754 
0.308948 0.204889 0.134907 0.0681243 0.0300631 0.00280023 -0.00630089 -0.011027 -0.0128776 -0.0318969 -0.0394752 -0.0259091 -0.00866182 -0.00355812 0.021501 0.0119906 -0.00779226 -0.0260196 -0.0655681 -0.0699044 -0.0717694 -0.0521963 -0.0306875 -0.0125809 -0.0118196 -0.0165255 -0.0212204 -0.0118167 -0.00324424 -0.00613228 0.0156249 0.00773563 0.00535446 -0.00123136 -0.0110891 -0.00659192 0.00903999 0.0294858 0.0465158 0.0868748 
0.309964 0.236057 0.148601 0.0802783 0.0812654 0.0492235 0.0403067 0.0194316 -0.0104235 -0.0395514 -0.0690422 -0.0700125 -0.0718565 -0.0762059 -0.0742037 -0.0787324 -0.0783666 -0.0728876 -0.101209 -0.070062 -0.0590646 -0.0377731 -0.0309607 -0.0673249 -0.0604813 -0.0822817 -0.0571095 -0.0444831 -0.053064 -0.0460076 -0.0574029 -0.0223431 0.00489583 0.0341773 0.0720016 0.0790262 0.067943 0.0406541 0.0221077 0.0183417 
0.279594 0.16451 0.0542447 -0.0244551 -0.0343828 -0.0199509 0.000922844 0.0416104 0.059804 0.0273213 -0.00661161 -0.0509752 -0.0709497 -0.0792556 -0.0495498 -0.0411204 -0.0272652 -0.0393963 -0.0398704 -0.0413428 -0.0445167 -0.0567941 -0.0564073 -0.0557642 -0.0456674 -0.0206249 -0.0189239 -0.00171603 -0.0217893 -0.0241469 -0.0158618 -0.0028196 -0.0109201 -0.0120396 0.00499272 0.00385259 0.00615039 -0.00458615 -0.0238496 -0.020409 
0.131348 0.0722474 0.0297725 0.0198311 -0.00365593 0.0145769 0.00236321 0.00292819 -0.00576263 -0.00299694 -0.00143408 0.0259786 0.0461059 0.0387755 0.017563 0.0112188 0.00551583 -0.00182201 0.00135272 0.00163793 0.0184537 0.00688744 0.000592629 -0.000101299 0.00376374 -0.0176628 -0.0020759 0.0122237 0.00638341 -0.0047595 0.000204366 -0.0212763 -0.0150198 -0.0120651 0.00762293 -0.00195004 0.0119412 -0.0166935 -0.0380627 -0.039383 
0.482195 0.356379 0.279129 0.214359 0.132401 0.0725249 0.0128428 -0.0382762 -0.0496418 -0.070253 -0.0913948 -0.0675342 -0.0724073 -0.0624759 -0.0588774 -0.0560702 -0.0580885 -0.0569563 -0.0389836 -0.0222531 -0.0034484 0.00287199 0.00465085 0.0137874 0.0179363 -0.00535265 -0.0249884 -0.0332645 -0.0372983 -0.0337936 -0.0199082 -0.0127934 0.0153742 0.0587259 0.078621 0.0729335 0.0602925 0.0468515 0.0476901 0.0372668 
0.62251 0.488086 0.409732 0.364897 0.312192 0.225538 0.120867 0.0590386 0.0244445 -0.00906725 -0.0346039 -0.0400142 -0.0361272 -0.0346732 -0.0432123 -0.0581617 -0.0552432 -0.0572954 -0.0615845 -0.0715375 -0.0802921 -0.0780588 -0.0755742 -0.110265 -0.119621 -0.115081 -0.103357 -0.0939904 -0.0915647 -0.0973646 -0.0903569 -0.0857276 -0.0794006 -0.0784543 -0.0635273 -0.0716367 -0.0769719 -0.0597417 -0.0553483 -0.0447906 
0.480094 0.348785 0.227823 0.167439 0.0921323 0.043436 0.0135691 -0.0222233 -0.057585 -0.0868139 -0.08381 -0.0670996 -0.0610596 -0.0436183 -0.0322294 -0.00916259 0.00763318 0.0193443 0.0153573 -0.00282903 -0.0343253 -0.0449114 -0.0179305 -0.010089 -0.0132868 -0.0218498 -0.0127359 -0.0415441 -0.0791656 -0.0977346 -0.0945166 -0.0753853 -0.102529 -0.0964489 -0.0777557 -0.0669811 -0.0415239 -0.00310581 0.0645587 0.119201 
0.332096 0.223488 0.128409 0.0749593 0.0447815 0.0219005 0.0143325 0.0152181 0.0156333 0.00980672 0.0284743 0.0301859 0.0022386 0.00180383 -0.00781503 0.0205394 0.0270261 0.0272452 0.0370671 0.0807134 0.0800513 0.102661 0.116599 0.0758893 0.0742853 0.0320981 0.00676064 -0.0211091 -0.0153157 2.45809e-05 -0.012551 -0.0321328 -0.0157728 0.00630181 0.0317527 0.0215582 0.0319203 0.00503599 -0.0418538 -0.0386974 
0.526203 0.441919 0.365224 0.284424 0.213985 0.154263 0.101867 0.0741352 0.0300901 0.025426 0.00565487 0.00676297 0.000962557 -0.0325771 -0.0136263 0.0110701 0.044077 0.078386 0.0914168 0.111256 0.118004 0.115532 0.132337 0.102029 0.0882455 0.0329409 -0.000883694 0.00041473 -0.0228733 -0.0561765 -0.065807 -0.0914486 -0.090443 -0.100169 -0.0642545 -0.0430816 -0.0544665 -0.0455903 -0.0640999 -0.0753082 
0.249399 0.155375 0.0696109 0.0404696 0.0164618 0.00192965 0.0303959 0.0248321 -0.0099506 -0.0151831 -0.0544418 -0.0474022 -0.0624669 -0.0516801 -0.0596636 -0.0497467 -0.0399096 -0.0190015 -0.0273136 -0.0191745 -0.0243927 -0.038892 -0.0523413 -0.0392046 -0.0203797 -0.0179717 -0.0216017 0.00677487 0.00460345 -0.00241431 -0.0167497 0.000370266 -0.010909 -0.00237463 -0.00523053 0.00523858 0.00649333 -0.00290838 0.00352429 -0.0134402 
0.500182 0.359908 0.278572 0.184292 0.0644732 -0.00773195 -0.0689326 -0.0989469 -0.0801637 -0.0409228 -0.0206602 -0.00909592 0.0104644 0.0233847 0.0315309 0.00294551 -0.022839 -0.0288414 -0.042807 -0.075888 -0.0876229 -0.0987714 -0.115347 -0.117556 -0.109066 -0.089307 -0.0966775 -0.0885348 -0.0830604 -0.100861 -0.134045 -0.124545 -0.136522 -0.128591 -0.132425 -0.118785 -0.0867966 -0.0110758 0.040983 0.0866019 
0.190047 0.123927 0.069704 0.0357546 0.0119749 0.00659096 -0.00462138 -0.0106176 -0.0222467 -0.0137475 -0.015786 -0.0169942 -0.0131111 -0.0140796 -0.000437739 0.0319512 0.0433967 0.010955 -0.00611307 -0.00985194 0.00231216 -0.00285482 -0.00114711 -0.0134188 -0.00944047 -0.0229772 -0.00734382 -0.0157304 -0.0191934 -0.0168559 0.00951876 0.00696374 0.0153562 -0.00652254 -0.00129071 -0.0138882 0.00840451 0.0367073 0.05124 0.0504546 
0.283433 0.183358 0.088853 0.0474315 0.0262864 0.02595 0.0421266 0.0518697 0.0703604 0.0932059 0.135764 0.13595 0.127634 0.110074 0.0758185 0.0519174 0.0433199 0.0421265 0.0444259 0.0225057 0.00337591 0.0224708 0.0443431 0.0588749 0.0475403 0.046704 0.0322015 0.0103325 -0.0174745 -0.0157313 -0.00870304 -0.0255377 -0.0108212 -0.00429022 -0.0204446 -0.0241521 -0.0443934 -0.030827 -0.0237622 -0.00585286 
0.671823 0.516638 0.411153 0.308134 0.201376 0.157353 0.123254 0.0874624 0.0483644 0.00914746 -0.0127927 -0.0620969 -0.0536238 -0.0423622 -0.0456481 -0.0172836 0.0211932 0.00707722 0.0259537 0.0195676 -0.0346245 -0.0492656 -0.0380187 -0.0524597 -0.0448413 -0.0515137 -0.0780798 -0.116249 -0.144792 -0.14855 -0.129021 -0.128805 -0.112602 -0.102233 -0.0777872 -0.0908227 -0.100986 -0.101338 -0.0876616 -0.084578 
0.184809 0.107923 0.0707685 0.0477533 0.0302556 0.00708729 -0.00926102 -0.0355058 -0.0437523 -0.0391362 -0.0372342 -0.0368025 -0.0316895 -0.0329225 -0.0306334 -0.0242806 -0.0101394 0.00221602 0.0128691 0.0174638 -0.0110428 -0.0263833 -0.0275259 -0.0464194 -0.0247056 -0.0154252 -0.0120844 -0.0253845 -0.0344011 -0.0290174 -0.0365299 -0.0382338 -0.035336 -0.0276876 -0.0195132 -0.00709219 0.00425848 0.00472871 -0.0179498 -0.0170474 
0.294662 0.188473 0.0990638 0.0489113 0.018785 0.00909899 -0.00529072 -0.0263886 -0.0503896 -0.0589598 -0.0427259 -0.00794372 0.0281842 0.0454942 0.0659682 0.060927 0.0458575 0.0181234 -0.00933537 -0.00921556 -0.0176447 -0.0291185 -0.032678 -0.0391153 -0.0290288 -0.025402 -0.0140322 0.00707101 -0.0041488 -0.0249411 -0.031407 -0.0396733 -0.0416691 -0.0624294 -0.0683187 -0.0647098 -0.0660754 -0.0444692 -0.0440987 -0.0252386 
0.158363 0.100288 0.0631859 0.0423264 0.0283646 0.0169086 0.0222901 0.0144789 0.0157857 0.015611 0.0246708 0.0406607 0.0379916 0.0400119 0.0184693 0.0196874 0.0389106 0.0349816 0.0164405 0.00134805 -0.0102109 -0.0175067 -0.0141477 -0.02142 -0.0367178 -0.0260554 -0.0137846 0.00267581 0.0172139 0.0186624 0.0181084 0.0107571 0.0189126 0.0211436 0.0148897 3.63634e-05 0.00729284 0.0107093 0.00196812 0.0119885 
0.228004 0.14636 0.0979673 0.0391222 0.035154 0.0599486 0.0597034 0.052364 0.0222747 -0.0100045 0.0112148 0.0299674 -0.00580291 -0.00965672 0.0142665 -0.0192357 0.00776642 -0.00293122 -0.0152512 -0.0130194 -0.0248378 -0.0383204 -0.0305408 -0.0676686 -0.0512111 -0.05766 -0.0731739 -0.0439699 -0.019967 -0.052049 -0.0559794 -0.0529313 -0.0756288 -0.0537837 -0.0800904 -0.0778086 -0.0582693 -0.0482783 -0.0630065 -0.0130728 
0.154618 0.058892 0.053201 0.0579197 0.0418396 0.0220847 -0.00522291 -0.0136858 -0.007299 0.010939 -0.000650503 -0.0118755 -0.0274033 -0.0215572 -0.0211055 -0.0178426 -0.0303067 -0.0122249 -0.0052587 -0.0305781 -0.0246146 -0.0183628 -0.00259422 0.00993258 0.0251388 0.0145231 0.00451191 0.00304332 0.00770533 0.00103052 -0.0143235 -0.0401842 -0.0134622 -0.00254681 -0.0105623 -0.0166734 -0.0157845 -0.0124797 -0.00146133 0.00437993 
0.132432 0.0707446 0.0308732 0.0270639 0.0139019 0.00319646 -0.0128062 -0.00645539 -0.0221915 -0.00889844 0.0195806 0.0125638 0.00355989 -0.00742347 -0.0178131 -0.0110556 -0.020618 -0.0248531 -0.028681 -0.0328762 -0.0271607 -0.0208666 -0.0237236 -0.0194685 -0.0108548 -0.0209149 -0.0168865 -0.0323723 -0.0361558 -0.0292046 -0.0277897 -0.0282131 -0.0201659 -0.0302432 -0.0260802 0.00489964 0.00678308 -0.00274953 -0.0189289 -0.0171489 
0.126502 0.0465569 -0.00413458 -0.0442874 -0.0459593 -0.0523198 -0.0284932 -0.0204305 -0.0131337 0.00389083 -0.00626533 -0.0042443 -0.0167413 -0.0210088 0.00273775 0.0229788 0.0218948 0.038676 0.0369235 0.0113969 0.00729804 0.00700309 0.00353191 -0.0210439 -0.0280195 -0.0261547 -0.0282955 -0.0237647 -0.00659784 -0.00452471 -0.00112024 -0.012456 -0.00108215 0.0171762 0.0190024 0.0250341 0.00503318 -0.0098861 -0.0266755 -0.0224362 
0.218469 0.133429 0.0675336 0.0325011 0.00915594 0.0236382 0.0402118 0.0473421 0.0572295 0.0757859 0.0740508 0.0750966 0.0504621 0.0343371 0.0228946 0.0161739 0.0230051 0.03915 0.0455343 0.0536423 0.0317319 -0.000100043 -0.00257552 0.0105197 -0.00313722 -0.0110498 -0.0195498 -0.0235075 -0.0283894 -0.0135564 -0.00134609 -0.0027123 -0.0145397 -0.00207712 0.00301254 0.00268483 -0.0104495 -0.00390432 0.00423211 0.0170037 
0.276072 0.193305 0.118252 0.0528968 0.0187876 -0.0172227 -0.0421137 -0.0402709 -0.0402485 -0.0224306 1.30822e-05 0.0326242 0.0543285 0.052566 0.038434 0.0305301 0.0201478 0.0207187 0.00526845 -0.0119533 -0.028355 -0.0373833 -0.0313032 -0.0291561 -0.0192954 -0.00489238 0.000530568 0.0176259 0.0358924 0.0385874 0.0409416 0.0438579 0.0126733 0.00750721 -0.0170926 -0.00444083 0.0116862 0.0113268 0.0385246 0.0558957 
0.201355 0.12627 0.0744236 0.0271738 0.0050088 0.0259405 0.0107371 -0.00316133 -0.0151099 0.0124534 0.0226449 0.0634615 0.0439414 0.0284416 0.00355377 0.00566437 0.0197408 0.0363006 0.0484895 0.00797798 -0.0269449 -0.0232336 -0.0493688 -0.0536147 -0.0327384 -0.0326254 -0.0726293 -0.0618308 -0.0499623 -0.0514103 -0.0559355 -0.0265664 -0.0379318 -0.0240169 -0.00820469 -0.0108468 -0.0185285 -0.0161295 -0.0284139 -0.0406549 
0.25143 0.148113 0.069859 0.0275969 0.00317078 -0.0116028 -0.0191278 -0.0422331 -0.0375755 -0.0266526 -0.0109996 -0.00487992 -0.0230646 -0.0300124 -0.0196833 0.000626457 0.00871862 0.0334731 0.0608035 0.0599141 0.0486202 0.0233665 -0.0134539 -0.0492488 -0.0633657 -0.0589053 -0.0546602 -0.0171772 -0.0108685 0.00786424 0.00605456 0.0230048 0.020474 0.00983845 0.00424393 -0.0075352 -0.00763603 -0.00422951 -0.00183979 -0.0233278 
0.289174 0.173783 0.132518 0.0984512 0.0334187 0.0159138 -0.00298287 0.0122459 -0.0194934 -0.0406529 -0.0708705 -0.0694568 -0.0762567 -0.0990155 -0.101459 -0.0539816 -0.0229337 -0.00639934 0.00470596 0.0209887 0.0542606 0.0727387 0.0342684 0.0149266 -0.00693617 0.0099488 -0.011121 -0.0267438 -0.0348262 0.00607607 -0.00856393 -0.0189189 0.00648538 0.0457083 -0.000962822 -0.00248739 0.00467835 0.0284057 0.0650875 0.059079 
0.260907 0.163924 0.0878637 0.0320534 0.0393708 0.023176 0.0274865 0.00699213 0.0268871 0.0176616 0.0372639 0.0238923 0.00856634 -0.00473178 -0.00910913 -0.02254 -0.0122986 -0.0204701 -0.0397488 -0.0629246 -0.0537012 -0.0482687 -0.0464522 -0.0390535 -0.0461541 -0.0440333 -0.0704769 -0.0743695 -0.0700589 -0.0551865 -0.0112158 0.0206341 0.013748 0.00372412 -0.00244391 0.00844213 0.0205255 0.0165907 -0.018981 -0.042881 
0.283911 0.204493 0.136403 0.0827413 0.0608157 0.0234232 -0.000220362 -0.0145592 -0.0272487 -0.0284617 -0.0296559 -0.0330152 -0.0512114 -0.0398841 -0.0186552 0.000785592 0.0320175 0.0289052 0.027629 0.0351442 0.0283668 0.0255325 0.0155461 0.0138205 0.0158295 -0.0110484 -0.0245848 -0.0223176 -0.0101809 -0.00866031 -0.0173188 -0.0153587 -0.019434 -0.0208876 -0.0248968 -0.0370268 -0.0412555 -0.0470357 -0.0450957 -0.0324354 
0.0798519 0.0507529 0.0118107 -0.0156865 -0.0147579 -0.0271515 -0.0191593 -0.021263 -0.0106628 -0.0156516 0.0139851 0.00851892 0.0186715 0.0387056 0.0226847 0.0167128 0.00165564 -0.00797158 -0.00214073 -0.013196 -0.0201648 -0.0210578 -0.0117115 -0.0137062 -0.00471778 0.000547101 0.0096932 0.0214286 0.0186358 0.0081311 -0.0118518 -0.0133408 -0.0142976 -0.00696999 -0.00603482 -0.0186187 -0.00606886 -0.00561436 -0.00691269 0.0210826 
0.462689 0.268891 0.160189 0.0521466 -0.0207778 -0.0630638 -0.0509616 -0.0281971 0.00585 0.0657661 0.0799662 0.0596398 0.0286944 -0.00805143 -0.0210326 -0.021547 -0.0289579 -0.0496568 -0.0344213 -0.0134563 -0.0153669 -0.0178703 -0.0126339 0.0178355 0.0469138 -0.00770318 -0.0723784 -0.0946448 -0.0953132 -0.107172 -0.10209 -0.0580338 -0.00244207 0.0514375 0.104815 0.143263 0.106299 0.0489062 0.000366778 -0.0292718 
0.533218 0.415152 0.319481 0.262523 0.224462 0.158843 0.104187 0.0385249 -0.00753536 -0.0487648 -0.0692312 -0.0471288 -0.0162868 -0.0308818 -0.0656263 -0.0942214 -0.0993211 -0.114584 -0.154166 -0.161151 -0.173691 -0.166835 -0.153913 -0.147464 -0.167349 -0.158174 -0.1343 -0.132728 -0.12066 -0.0809675 -0.0745682 -0.0767272 -0.0761666 -0.0513545 -0.000642153 0.0310934 0.0573387 0.0440865 0.0635196 0.0890381 
0.129878 0.0480674 0.0129375 -0.0205729 -0.0171275 -0.00328809 0.00879645 0.00938001 -0.00600747 -0.0124561 -0.0237299 -0.03236 -0.0178785 -0.0215038 -0.0236977 -0.0208254 -0.0261019 -0.0304561 -0.0238903 -0.024414 -0.0279907 -0.021533 -0.0126561 -0.00467962 -0.00609844 0.0127428 0.0219049 0.0244131 0.0499231 0.0504676 0.034161 0.0175673 -0.0136095 -0.0187028 -0.00756039 0.0102097 0.041301 0.0324594 0.0264048 0.0138985 
0.17343 0.0735898 0.0340896 0.0227694 0.00867408 -0.0169287 -0.00942161 0.0170234 0.0149814 0.00730285 0.00512225 -0.00747338 -0.00698649 -0.00217454 0.00871498 0.0134526 0.0243637 0.0272864 0.02782 0.0135815 -0.00354125 -0.0242677 -0.0269283 -0.015633 -0.00459115 -0.00159194 -0.00618251 -0.00297583 0.0250326 0.0224321 -0.0128718 -0.0408543 -0.0521778 -0.0390358 -0.0331865 -0.0380681 -0.0335825 -0.0296812 -0.0295022 -0.0372162 
0.434635 0.265697 0.154422 0.087866 0.045992 0.0206586 0.0104469 0.0372888 0.0376796 0.00876436 -0.0280927 0.000946026 0.054741 0.128257 0.159578 0.177876 0.145488 0.0384653 -0.0106033 -0.00232804 -0.0147123 0.0328153 0.0332708 0.01555 0.0217174 0.015289 0.00426171 0.0194556 0.0416393 0.0763362 0.130193 0.145012 0.127067 0.0746057 0.0496142 0.029156 -0.004781 -0.0592033 -0.0571673 -0.0561847 
0.430726 0.328268 0.240114 0.157733 0.0987989 0.0427726 0.0173264 0.0337123 0.0333867 0.0594808 0.0465599 0.0391256 0.0406675 0.0271762 -0.000882904 -0.00883741 -0.0123348 -0.0108074 0.0148677 0.0341274 0.0603577 0.0852729 0.0518734 0.0442682 0.0503707 0.0557335 0.0128679 -0.00803482 0.00906184 0.0225629 0.0531508 0.0624454 0.0795119 0.122371 0.117222 0.121893 0.0615252 0.0458068 0.0257928 -0.00308765 
0.469962 0.33153 0.225537 0.14365 0.109655 0.0692097 0.0238937 -0.00429969 -0.012573 -0.0445045 -0.0473153 -0.0585362 -0.0455009 -0.0289237 0.0123613 0.0147859 0.0241747 0.0282195 0.00679553 0.0030158 -0.00126774 -0.0272059 -0.0156115 -0.0208578 -0.0208994 -0.0108602 -0.0398135 -0.028721 -0.0261734 -0.00362747 -0.0381022 -0.0548515 -0.0636669 -0.0879532 -0.0591289 -0.0575115 -0.0199073 -0.0119237 -0.025943 -0.0394129 
0.415056 0.215918 0.109697 0.0586543 -0.00113083 -0.0436758 -0.0423823 0.00950107 0.0148031 0.0211751 -0.00318541 -0.0164131 -0.0347099 -0.0458053 -0.0282481 -0.0346154 -0.00370563 0.0354983 0.0295685 0.0195362 0.0445397 0.0431929 0.015769 -0.0141146 0.0277959 0.0455742 0.0306483 0.05852 0.090882 0.0979004 0.0587838 0.0135035 -0.00375678 -0.00083306 -0.0328469 -0.0265091 -0.00856002 0.000121329 -0.00908682 0.00803381 
0.257705 0.151111 0.0597594 -0.00633452 -0.00671289 0.0149958 0.039202 0.0254591 -0.00965758 -0.0471184 -0.0768351 -0.0776305 -0.0815175 -0.0876642 -0.0549923 -0.0743477 -0.0586508 -0.0312828 0.0111937 -0.0383458 -0.0517023 -0.0708856 -0.0874993 -0.0656178 -0.0473056 -0.0339044 -0.00982595 -0.0220817 -0.0144141 -0.0451071 -0.0708828 -0.0437459 -0.0335016 0.00911461 0.0371689 0.0294894 0.0250504 -0.0170081 -0.00742819 0.0319411 
0.147935 0.0795445 0.0313593 0.00671165 -0.0138811 -0.00662943 -0.016418 0.00926114 -0.0122348 -0.0109451 -0.00795917 0.00558171 0.00169821 0.0363062 0.0285865 -0.00217214 -0.0366743 -0.0405718 -0.0554938 -0.0392398 -0.029773 -0.0186051 -0.0165153 -0.02183 -0.0292574 -0.0315228 -0.0186964 0.0100249 0.00486996 -0.0120237 0.0106199 0.0206786 0.0208965 0.00299692 -0.0118239 -0.0190471 -0.0141611 0.00135322 0.0117446 0.0116893 
0.161603 0.0868949 0.0537568 0.0268466 0.0108756 -0.00530152 -0.00862668 0.00782219 0.00343549 0.0169087 0.00977429 0.0200493 0.0233247 0.0196098 0.0243825 0.0174999 -0.00340985 -0.0153619 -0.0270676 -0.0280622 -0.0203303 -0.0303088 -0.0207424 0.00390827 0.00497058 0.0155096 0.0572361 0.0851275 0.0591439 0.0287557 0.0101298 -0.0108126 -0.00631868 0.0089947 0.0347511 0.061275 0.0609358 0.0511851 0.0317279 0.0100363 
0.362285 0.24195 0.211159 0.166634 0.120666 0.0598912 0.0329661 0.0292267 -0.00315596 -0.00969735 0.00537348 0.012492 0.00835028 0.0158958 0.0233837 0.00236255 0.00659349 -0.00986789 -0.00330638 0.0226551 0.00868426 -0.00412072 -0.017729 -0.043204 -0.0425505 -0.0470862 -0.0597274 -0.0617933 -0.0607574 -0.0551509 -0.0741524 -0.0498545 -0.0302752 -0.0302317 -0.0210957 -0.0139574 -0.00015891 0.0304968 0.00405679 -0.00914271 
0.687948 0.539781 0.420393 0.295651 0.21476 0.121768 0.0285463 -0.0385921 -0.0917446 -0.0846782 -0.0780973 -0.0858561 -0.0824887 -0.0894786 -0.0971009 -0.093296 -0.0641437 -0.0324791 -0.0275854 -0.0215742 -0.0346626 -0.0594115 -0.0488137 -0.0236933 -0.0316936 -0.0489666 -0.0708696 -0.0643208 -0.0591806 -0.0753952 -0.0925888 -0.0931293 -0.0890976 -0.0883864 -0.0700327 -0.0669791 -0.0546376 -0.0431253 -0.0441316 -0.0698359 
0.335599 0.20165 0.104038 0.0232996 0.00883676 0.00106299 0.00650899 0.00670652 -0.0344637 -0.0593702 -0.0490955 -0.0624897 -0.0138201 0.0278056 0.0540094 0.0857689 0.066902 0.0468721 0.0346445 -0.023073 -0.0550508 -0.0699501 -0.0804966 -0.0875024 -0.0968421 -0.0947835 -0.0902548 -0.0838367 -0.059151 -0.0448905 -0.0200548 0.0230755 0.0802954 0.124354 0.0906281 0.025703 0.000107407 -0.0475612 -0.0645936 -0.0803678 
0.287795 0.196951 0.161383 0.141633 0.109437 0.0838478 0.0679706 0.0533878 0.011763 -0.0294521 -0.0257911 -0.0182001 -0.0142018 -0.0017563 -0.00550706 -0.025052 -0.0208215 -0.00994001 -0.00787499 -0.0230041 -0.0169261 -0.008533 0.00582233 -0.0136473 -0.0310727 -0.0387202 -0.0354325 -0.0252737 -0.0196226 -0.0241167 -0.0211511 -0.000901171 0.0017288 0.00816899 0.0297868 0.0499618 0.0565224 0.0372581 0.00646148 0.0237033 
0.159227 0.0723572 0.00601921 0.00266119 -0.0162226 -0.0193793 -0.0121307 0.0214828 0.0334876 0.0255717 0.00418603 -0.011693 -0.0263904 -0.0362641 -0.0168094 0.00792828 0.0161009 0.0330756 0.0334469 0.0364399 0.0232778 -0.00329204 -0.0166931 -0.0206151 -0.00634464 0.0306327 0.0456084 0.0548864 0.0412752 0.0225838 0.00710182 -0.0368956 -0.0322002 -0.00748578 0.0212499 0.020476 0.00795609 0.0126047 0.0213835 -0.0175526 
0.225455 0.112543 0.0249402 -0.0200527 -0.0244753 -0.0260059 -0.0243501 -0.038104 -0.0386734 -0.0303037 -0.0428599 -0.0272676 -0.00882837 0.00184576 0.0164413 0.0199108 0.03551 0.015606 0.0174928 0.0188373 -0.00877659 -0.0128552 -0.014725 -0.0120275 -0.0209866 -0.0262509 -0.0288665 2.04262e-05 0.0241458 0.0233956 0.00281873 -0.0115138 -0.0198917 -0.0072339 -0.0145526 -0.0240009 -0.0283026 -0.0393445 -0.0379708 -0.0430555 
0.329839 0.157046 0.0369063 -0.0197241 -0.0509696 -0.0609121 -0.0400476 0.00476677 0.0132463 -0.0163638 -0.0577101 -0.0922342 -0.103745 -0.0771852 -0.01917 0.0337049 0.0788082 0.102717 0.0715934 0.0470901 0.0231013 0.00455002 0.0151847 0.029741 0.0363742 0.0228294 0.028878 -0.00624861 -0.0557299 -0.0949986 -0.0881828 -0.0719117 -0.0460343 -0.0333159 -0.0106641 -0.000794124 -0.0167769 -0.0436935 -0.0415119 -0.0229675 
