0.194966 0.145731 0.120487 0.0921765 0.0615185 0.048125 0.0368546 0.0210692 0.00577411 -0.00650241 -0.00669431 -0.01925 -0.0221447 -0.0235787 -0.0278626 -0.0366932 -0.03869 -0.0413852 -0.0382978 -0.0355669 -0.0240671 -0.0253847 -0.0302305 -0.0284172 -0.025769 -0.0227515 -0.0237757 -0.0230183 -0.016807 -0.00857672 -0.00219479 0.00154405 0.00463637 0.00710751 0.0177553 0.0191364 0.0170305 0.0233764 0.0203202 0.0210198 
0.274077 0.214311 0.171911 0.126209 0.0915254 0.0604493 0.0358483 0.0171113 0.0157463 0.0103673 0.00519252 0.00680499 -0.0026912 -0.00871064 -0.00723648 -0.00401328 0.00409909 0.0101015 0.00932788 0.0182144 0.0275625 0.0315162 0.0338286 0.0274376 0.0174833 0.0185816 0.0213234 0.0241813 0.029105 0.0279427 0.0158164 0.00307237 -0.00186157 -0.00874323 -0.0164731 -0.0200974 -0.02746 -0.0345366 -0.0321615 -0.030114 
0.422898 0.376139 0.321566 0.265046 0.214114 0.16819 0.129884 0.0971988 0.0667345 0.0370677 0.0183169 -0.00747833 -0.020179 -0.0300928 -0.0372073 -0.046462 -0.0498861 -0.0548405 -0.0540894 -0.0571954 -0.0549534 -0.054069 -0.0525322 -0.0510033 -0.0581166 -0.05381 -0.0609595 -0.0663986 -0.0697355 -0.0699318 -0.0681112 -0.0701523 -0.0709675 -0.0636435 -0.0592223 -0.0525683 -0.0507741 -0.0422283 -0.0318461 -0.021837 
0.512229 0.429493 0.344547 0.269734 0.201742 0.147122 0.100795 0.0695316 0.0551998 0.0470751 0.0470289 0.0520458 0.0544702 0.0488309 0.0384828 0.0281411 0.0304577 0.0312703 0.030322 0.0227618 0.0156297 0.0121516 0.00544044 -0.00403527 -0.00920523 -0.00759965 -0.00257945 0.00395531 0.00947949 0.0184566 0.0324752 0.0532205 0.072019 0.0937206 0.10272 0.0958701 0.0791179 0.0664349 0.0510948 0.0398048 
0.100672 0.0733204 0.0538199 0.039777 0.0319626 0.0273895 0.0166136 0.015158 0.0163525 0.0070886 -4.67843e-05 -0.00603643 -0.0127376 -0.016185 -0.017715 -0.0134532 -0.0117722 -0.00594744 -0.0030305 -0.00501145 -0.00557864 -0.00451045 -0.00772315 -0.00545104 -0.0122255 -0.00827189 -0.00379764 0.00190614 -0.00786571 -0.0114288 -0.00891225 -0.00459824 0.0026403 0.00142741 2.41211e-05 0.0101582 0.0128535 0.0129434 0.00979476 0.00863053 
0.456733 0.396447 0.35211 0.316655 0.300904 0.26758 0.235856 0.196993 0.16858 0.151479 0.124943 0.0931401 0.0628007 0.032996 0.0169131 -0.00399615 -0.0267516 -0.0389118 -0.0561535 -0.0545922 -0.0453454 -0.0451121 -0.0407138 -0.0398736 -0.0339138 -0.0369473 -0.0387238 -0.02838 -0.0271094 -0.01884 -0.0149474 -0.0157037 -0.00819013 -0.00219294 0.0124849 0.0144861 0.00150959 0.000211267 -0.00120252 -0.00284715 
0.438843 0.373528 0.302639 0.240969 0.173056 0.135801 0.0902589 0.0633174 0.0388821 0.0211779 0.0018543 -0.0188263 -0.0413852 -0.0589005 -0.0747745 -0.0874024 -0.0885057 -0.0822774 -0.0710913 -0.0745848 -0.0788855 -0.0737734 -0.0621806 -0.0564467 -0.0483423 -0.0318136 -0.016887 -0.00160787 0.00953987 0.0269053 0.0365637 0.0412649 0.0441288 0.0375907 0.0227228 0.0103701 0.0099915 0.0128732 0.0200084 0.0251398 
0.327997 0.262848 0.218226 0.187984 0.157592 0.123847 0.0949198 0.0647272 0.0526047 0.040689 0.0259632 0.0214216 0.0139558 0.00336808 -0.0064674 -0.0185768 -0.0223002 -0.0271539 -0.0301178 -0.0239251 -0.0270645 -0.0301555 -0.0274975 -0.0159524 -0.00418619 0.00543024 0.0194027 0.0165921 0.0188651 0.0249075 0.0265771 0.0272538 0.0304642 0.0222832 0.0139686 0.0160206 0.0184032 0.0231911 0.0369301 0.0580216 
0.365825 0.291072 0.229239 0.165772 0.118215 0.0869581 0.0642189 0.034739 0.0223976 0.0148503 0.00107889 -0.00779158 -0.0118181 -0.0142547 -0.0216294 -0.031088 -0.0362413 -0.0486582 -0.057223 -0.0532162 -0.0533679 -0.0455432 -0.0421245 -0.0422916 -0.0417447 -0.0428443 -0.0410951 -0.0307903 -0.0279702 -0.0251354 -0.010205 -0.000494938 0.0173288 0.0371214 0.043959 0.0472218 0.0380867 0.0278888 0.0133835 -0.00952434 
0.530879 0.421069 0.319429 0.236766 0.17778 0.134996 0.100377 0.0798246 0.0615835 0.0643432 0.0604195 0.061733 0.0558741 0.0562884 0.0543464 0.0325655 -0.0027735 -0.019107 -0.0255252 -0.0269984 -0.0228012 -0.014625 -0.0107173 -0.00646184 -0.0088071 -0.0286282 -0.0495104 -0.0707435 -0.074055 -0.0679431 -0.0609317 -0.0535025 -0.041769 -0.0316787 -0.0145683 0.0104497 0.0388808 0.0435107 0.0501272 0.0420857 
0.158032 0.115015 0.0847005 0.0591935 0.0368361 0.0149855 0.00814928 0.00340337 -0.00952676 -0.00566458 0.00201888 0.0165699 0.0280099 0.0300974 0.044316 0.0409667 0.0333495 0.0194793 0.00821161 0.0011047 0.000359984 -0.00393257 -0.0150479 -0.0216052 -0.0273225 -0.0245973 -0.0202581 -0.014032 -0.0134057 -0.0184507 -0.0211962 -0.0227528 -0.0255467 -0.0217408 -0.0232726 -0.019746 -0.0196828 -0.0221508 -0.0198862 -0.0286123 
0.584345 0.501271 0.412345 0.315789 0.237055 0.163836 0.1165 0.0677625 0.0186452 -0.00955435 -0.0339129 -0.046618 -0.0490399 -0.0446006 -0.0415917 -0.020792 0.0011417 0.0223951 0.0554356 0.0954286 0.136318 0.15799 0.15509 0.146285 0.125935 0.0876873 0.0668015 0.0530376 0.0417595 0.0259465 0.0194622 0.0114064 -0.0120048 -0.0130892 -0.017458 -0.0316873 -0.0504861 -0.0553081 -0.0611775 -0.0673502 
0.346305 0.286802 0.232231 0.181225 0.147859 0.122904 0.109123 0.0971949 0.0827407 0.0690596 0.058043 0.0583292 0.0638378 0.0685251 0.0748989 0.0706934 0.0681319 0.0653806 0.0605495 0.0556203 0.058509 0.0509619 0.0403997 0.0438361 0.038962 0.0416815 0.0375333 0.0356846 0.0420183 0.0448885 0.0565881 0.066978 0.069472 0.0740986 0.0666608 0.0621477 0.057015 0.0580806 0.0579995 0.0533814 
0.283088 0.213075 0.146371 0.090848 0.0509523 0.028356 0.0168905 0.00824582 -0.00114174 -0.0063536 -0.00709453 -0.00938364 -0.00884409 -0.00477387 0.00358919 0.00241667 0.00324294 -0.0039793 -0.0060249 -0.00587863 -0.00831982 -0.0100758 -0.0106471 -0.0110341 -0.0144702 -0.0170138 -0.0184826 -0.0180576 -0.0152073 -0.0175713 -0.0220846 -0.0241918 -0.0252373 -0.031589 -0.0342372 -0.0381369 -0.0256807 -0.0233037 -0.0206914 -0.0182442 
0.0985216 0.0642933 0.0368985 0.0227295 0.0195481 0.0199039 0.0138449 0.00139717 -0.00172251 -0.0038526 0.000191213 0.00414685 0.00368677 0.000414718 -0.000145367 -0.00240573 -0.0124807 -0.0139041 -0.00920148 -0.00204521 0.00861224 0.0155493 0.00993449 0.00998444 0.015869 0.0176248 0.0164719 0.0137388 -0.00209938 -0.00866867 -0.0102703 -0.00942458 -0.00825862 -0.00544386 -0.00164865 0.000361956 0.00199511 5.9479e-05 -0.0030908 -0.00349148 
0.162632 0.129919 0.116474 0.0941822 0.0716243 0.0550232 0.0463866 0.034418 0.0236877 0.0127452 0.0141964 0.0108075 4.44913e-05 -0.00674851 -0.00804324 -0.00874215 -0.0169754 -0.0225101 -0.0310099 -0.0321121 -0.0330064 -0.0271706 -0.0195089 -0.0145668 -0.00934366 0.00217783 0.00429339 0.00995102 0.0137419 0.0179807 0.0143954 0.00654636 0.0174809 0.0126011 0.000860107 0.00275006 0.00650787 0.0129123 0.0162295 0.0215641 
0.239836 0.172237 0.143609 0.123124 0.0927498 0.0559385 0.0333905 0.0200255 0.0207583 0.0166648 0.00693616 0.0041684 0.0134786 0.0344257 0.0452611 0.0430884 0.0408815 0.029506 0.0228288 0.0120973 -0.00746597 -0.0132506 -0.0142875 -0.0222767 -0.032709 -0.035429 -0.0206393 -0.0136586 -0.0123278 -0.00465303 0.00970051 0.0251533 0.0139124 0.00952947 0.00358453 0.00385652 0.015704 0.0191526 0.0169119 0.0123353 
0.387807 0.308984 0.24002 0.184603 0.129836 0.0856165 0.0453503 0.0222472 0.019737 0.0286415 0.0317077 0.0276012 0.0219767 0.0127097 0.00744143 -0.00665776 -0.0203898 -0.0229174 -0.0302855 -0.0209633 -0.0157708 -0.00480046 0.00541774 0.0157216 0.0306766 0.0485011 0.0651378 0.0733329 0.0738168 0.0765442 0.0749718 0.0663602 0.0480474 0.0255406 0.0121972 0.0105597 0.0156323 0.00798314 -0.00316118 -0.00549273 
0.589009 0.494704 0.421844 0.35256 0.299224 0.248892 0.187851 0.137862 0.115203 0.100312 0.0897886 0.0779274 0.0517454 0.0259889 0.0121839 0.0164534 0.0314436 0.00324756 -0.00968377 -0.000752616 -0.0076211 0.00494739 0.0235554 0.0339972 0.0402376 0.0517754 0.0521297 0.0263262 0.0416805 0.0516767 0.025438 0.0280936 0.0376855 0.0554309 0.0767175 0.0699392 0.0769728 0.0846261 0.0946548 0.109489 
0.34152 0.27228 0.228808 0.186822 0.154238 0.128588 0.103886 0.0742373 0.0543714 0.0470852 0.0429498 0.0413092 0.0366707 0.0172287 -0.00780161 -0.0265991 -0.0280365 -0.0227808 -0.0250871 -0.027738 -0.0316858 -0.0374155 -0.0336797 -0.0308964 -0.0258209 -0.0215575 -0.0249864 -0.0327342 -0.0316555 -0.0200133 -0.00054629 0.013046 0.03333 0.0425423 0.0600042 0.0922608 0.126288 0.135978 0.142522 0.147834 
0.63171 0.520079 0.418893 0.349686 0.272077 0.200093 0.133632 0.0954775 0.0587961 0.024265 -0.0150955 -0.0504381 -0.0668819 -0.0772163 -0.0810605 -0.085532 -0.0939223 -0.102357 -0.0990173 -0.0971844 -0.0827775 -0.0741837 -0.0515654 -0.0319244 -0.00433754 0.0144192 0.0386003 0.0548245 0.0656599 0.06469 0.0681715 0.0561987 0.0475147 0.035436 0.0203308 0.000137295 -0.0213073 -0.0415427 -0.0632725 -0.0684225 
0.50327 0.403947 0.323947 0.232996 0.155352 0.087828 0.0512404 0.0165945 -0.0133659 -0.0214844 -0.0197157 -0.0174079 -0.0105592 -0.00884508 -0.0181685 -0.0142167 -0.0224238 -0.0260764 -0.0127579 -0.0266216 -0.0298125 -0.0250057 -0.0240152 -0.00990492 -0.0109977 -0.0255166 -0.0241426 -0.0283741 -0.0270092 -0.0274489 -0.0201903 -0.000649375 0.019909 0.0290827 0.0325088 0.0333875 0.0355663 0.0318746 0.0102569 -0.00272073 
0.273232 0.221634 0.179704 0.13466 0.0939868 0.0535723 0.0265771 0.0133964 -0.00183919 -0.0166651 -0.0197661 -0.0196619 -0.0176088 -0.0233081 -0.022062 -0.0176196 -0.0233486 -0.017316 -0.0186478 -0.0130921 -0.00969981 -0.0184349 -0.0194942 -0.0268276 -0.0265711 -0.0180185 -0.0144024 -0.0108418 -0.0109714 -0.0142585 -0.00855957 -0.00818004 -0.00523489 0.00596496 0.00110438 0.000184547 -0.000315654 0.00363867 0.00400404 0.0055999 
0.278957 0.219241 0.168941 0.130724 0.112713 0.0993345 0.0918512 0.0820605 0.0764184 0.059139 0.0507826 0.0393921 0.0318468 0.0223028 0.0210556 0.0216117 0.0227306 0.0218524 0.0201024 0.0187822 0.013449 0.00371839 0.00681855 0.00850806 0.0216468 0.0206764 0.0147058 0.0163875 0.00846807 0.00258254 -0.00751103 -0.00640929 -0.0057963 -0.0028423 -0.0058454 -0.0152201 -0.0208131 -0.023053 -0.0207818 -0.0203924 
0.208184 0.149174 0.105695 0.0921441 0.082186 0.0734286 0.0652144 0.0522351 0.0419608 0.0369086 0.0342312 0.0236756 0.0190614 0.0216274 0.0128239 0.00635699 0.0108085 0.0168136 0.0160072 0.0084401 0.00628123 -0.0115641 -0.0213946 -0.0289124 -0.0383858 -0.0419774 -0.037362 -0.0315656 -0.0269153 -0.0364233 -0.0384031 -0.0431437 -0.0448443 -0.0506619 -0.0461968 -0.0413238 -0.036081 -0.0318608 -0.0201921 -0.00347309 
0.302411 0.220551 0.177535 0.159124 0.120686 0.0882177 0.0734468 0.0707975 0.043515 0.00549755 -0.00936322 0.00356999 0.0135972 0.00370319 -7.05829e-05 0.0153494 0.0163671 0.0145694 0.019959 0.050013 0.0668698 0.065874 0.0498657 0.0375378 0.0352431 0.0349252 0.036696 0.0381584 0.0417078 0.0307643 0.013614 -0.00119752 -0.0053713 0.00407318 0.00687648 -0.00689634 -0.00186839 -0.000342755 -0.000312555 -0.0148175 
0.431999 0.375445 0.319826 0.269976 0.219537 0.193678 0.160686 0.136082 0.130884 0.118471 0.119813 0.116739 0.124649 0.118266 0.115076 0.0907343 0.0777593 0.06013 0.0296195 0.00101654 -0.011144 -0.0422105 -0.0532812 -0.0664174 -0.0619556 -0.0633881 -0.0530502 -0.0445773 -0.0384374 -0.0359811 -0.0414513 -0.0544275 -0.070989 -0.0723981 -0.0819562 -0.0731474 -0.0561573 -0.0374388 -0.025092 -0.011951 
0.283741 0.233022 0.18437 0.148761 0.12207 0.106805 0.096665 0.0884359 0.0846779 0.0749192 0.057976 0.0291128 0.0127606 0.00383603 -0.00101935 -0.00604896 -0.0135284 -0.0186438 -0.0187301 -0.0174825 -0.0132162 -0.0170192 -0.0187784 -0.00364328 0.0161374 0.0339377 0.0440754 0.0477751 0.0485497 0.049079 0.0465479 0.0392275 0.0416165 0.0438455 0.0530981 0.058723 0.0562956 0.0468797 0.0342364 0.0283035 
0.165435 0.121999 0.0796669 0.0487894 0.0305999 0.0257312 0.014317 0.00861138 -3.29682e-05 -0.0111147 -0.00545783 -0.00114122 0.00701923 0.00321774 0.0108481 0.00210335 -0.00321816 -0.0114119 -0.0199986 -0.022997 -0.0218342 -0.0290228 -0.0380213 -0.0391126 -0.0371805 -0.0375433 -0.0315387 -0.0315842 -0.0343569 -0.0230873 -0.0243602 -0.0292738 -0.0240271 -0.0132902 -0.00901739 -0.00627912 -0.00915283 -0.00735491 -0.00472239 -0.00746371 
0.340222 0.286955 0.257251 0.22137 0.171353 0.149494 0.122109 0.095212 0.0618033 0.0362167 0.00889291 -0.00445744 -0.01614 -0.0176484 -0.0117708 -0.00323515 -0.00826872 -0.0120467 -0.00896178 -0.00526633 -0.00621598 -0.00260889 0.00502965 -0.00570168 -0.00496445 -0.00969813 -0.0181818 -0.0254249 -0.0308342 -0.0284205 -0.0274579 -0.0459634 -0.0676463 -0.070305 -0.0671695 -0.0604217 -0.0585029 -0.0574964 -0.0486983 -0.0437557 
0.37399 0.305451 0.253136 0.194559 0.15201 0.11286 0.0748613 0.0477555 0.0281051 0.0201087 0.00618319 -0.00054129 -0.0055708 0.00176035 0.00424152 0.00974782 0.00894549 0.0104366 0.0119036 0.0146113 0.0108513 0.00627656 0.0072771 -0.00340142 -0.0144684 -0.0184283 -0.0267751 -0.0308533 -0.0208956 -0.0250967 -0.0357532 -0.036092 -0.0279535 -0.0299044 -0.0296116 -0.0376542 -0.0355356 -0.0258556 -0.00663529 0.00365661 
0.41686 0.323783 0.256086 0.1819 0.117545 0.0651592 0.0329365 0.0248846 0.0203906 0.0127382 0.0140659 0.0112049 0.0191209 0.0284504 0.0309994 0.0431364 0.0516835 0.0607518 0.076494 0.084475 0.0861306 0.0821424 0.0663095 0.0442006 0.0292293 0.0160399 0.0047294 -0.00337439 -0.00621961 -0.0153512 -0.0165521 -0.0149209 -0.0174156 -0.0103909 -0.0138328 -0.0214591 -0.0283468 -0.0323901 -0.0387244 -0.0440592 
0.260386 0.189046 0.133627 0.0791497 0.0675026 0.0703898 0.0915354 0.090489 0.0629435 0.0322521 0.00503993 -0.00789057 -0.00695856 0.00600125 0.018296 0.0136367 0.00513792 0.000981197 -0.0143622 -0.0216996 -0.00973118 -0.00745017 0.00236196 0.00386827 0.00128974 -0.00234643 -0.0174839 -0.0271403 -0.0345206 -0.0340014 -0.0272465 -0.0371236 -0.0388141 -0.0399982 -0.046501 -0.0359688 -0.0222976 -0.00707517 0.0111913 0.0156765 
0.282419 0.203072 0.142994 0.112478 0.10271 0.101998 0.0935575 0.0862071 0.0674762 0.0515906 0.0494245 0.0612838 0.0720555 0.0718719 0.0475639 0.0244809 0.010271 0.00860763 0.00698887 -0.00348091 -0.0124845 -0.0251725 -0.0338009 -0.0282527 -0.0146228 -0.00158251 0.00324202 -0.00154644 -0.00401499 -0.00641702 -0.012581 -0.00802619 0.000594525 0.0136539 0.0236333 0.0366838 0.0406156 0.0465074 0.0514913 0.053744 
0.320931 0.248386 0.193873 0.153956 0.121317 0.0971272 0.0687723 0.0551313 0.0557313 0.0454642 0.0373018 0.0312609 0.0238166 0.0175813 0.00854239 0.00956415 0.0112399 0.00235995 -0.012762 -0.0182869 -0.0159079 -0.00753241 -0.00742621 -0.00896371 -0.0181497 -0.0183757 -0.0261057 -0.0298276 -0.0350367 -0.039245 -0.0402979 -0.035132 -0.0353903 -0.0421811 -0.0491805 -0.0520334 -0.0403434 -0.0319405 -0.0344988 -0.0355432 
0.420774 0.335478 0.262768 0.198787 0.145928 0.10165 0.0610675 0.0369281 0.0178807 -0.00252348 -0.00638308 -0.00986036 -0.0120239 -0.0213226 -0.0295749 -0.0216993 -0.0217297 -0.0177526 -0.0113064 -0.012301 -0.0106203 -0.0122752 -0.00179582 0.0111639 0.0195814 0.0286443 0.0302757 0.0449333 0.051848 0.051742 0.0478724 0.044093 0.0347365 0.00927788 -0.0168419 -0.0285392 -0.0345387 -0.0405208 -0.0305783 -0.0276811 
0.64918 0.550687 0.457502 0.391521 0.323587 0.267933 0.215759 0.192039 0.166911 0.137396 0.112729 0.0857616 0.0526964 0.0303107 0.0129345 -0.00747842 -0.0142416 -0.0296914 -0.0404447 -0.0233744 0.00410182 0.0302402 0.0412283 0.0468877 0.0530575 0.0595461 0.0711552 0.0820871 0.0969575 0.0976566 0.0943919 0.0888472 0.072579 0.0653002 0.0596691 0.058904 0.035257 0.0225294 -0.00986794 -0.0283034 
0.76444 0.671333 0.612338 0.566013 0.52325 0.481199 0.440772 0.399124 0.351655 0.33143 0.312129 0.272776 0.245865 0.232864 0.22127 0.186843 0.134633 0.0942915 0.0703007 0.0449321 0.0262346 0.00605447 -0.0221998 -0.0377272 -0.0420111 -0.0441521 -0.0660813 -0.0952126 -0.0957549 -0.0932914 -0.0905234 -0.0876156 -0.090231 -0.0805226 -0.0743949 -0.0663029 -0.0507662 -0.0464499 -0.0513976 -0.0477082 
0.5163 0.422701 0.346816 0.278303 0.201005 0.134671 0.0767083 0.0336516 0.0112843 0.00798279 0.0157699 0.0248928 0.0239726 0.039969 0.0509774 0.0598995 0.059076 0.0530296 0.0334692 0.0270783 0.0226611 0.0158338 0.0103258 0.000268765 -0.00294304 0.00354514 0.0118998 0.0155942 0.0148425 0.00369569 0.00988234 0.0101499 -0.00171256 -0.0173996 -0.0254584 -0.0240331 -0.0107896 0.00880821 0.0389925 0.0642808 
0.44967 0.346286 0.260405 0.188462 0.148167 0.112149 0.0954727 0.0713881 0.0520982 0.044235 0.0251554 0.01162 0.00491649 -0.00202078 -0.0079849 -0.0211269 -0.00361232 0.00488418 0.0153623 0.0269135 0.0304477 0.032901 0.0317288 0.0320408 0.023262 0.00350387 -0.00887004 -0.0161159 -0.0155808 -0.00495531 0.0130651 0.0230651 0.0299926 0.0343303 0.0349787 0.0192897 0.0223915 0.0265416 0.0318833 0.0282003 
0.317685 0.266207 0.210204 0.167266 0.110014 0.0661253 0.041181 0.0237071 0.011604 0.00190189 -0.00678159 -0.00934234 -0.0169982 -0.0170853 -0.0245442 -0.0247894 -0.0338524 -0.0338234 -0.0366265 -0.0342403 -0.0304237 -0.0312756 -0.0404065 -0.0465202 -0.0540038 -0.0617303 -0.0675876 -0.0674059 -0.0660299 -0.0669025 -0.0626004 -0.0550804 -0.0458968 -0.0393732 -0.0420963 -0.0409131 -0.041398 -0.049429 -0.0587109 -0.0551694 
0.450899 0.330568 0.249947 0.203415 0.183429 0.158798 0.110675 0.0533458 0.0255945 0.0333753 0.0415574 0.0455088 0.0324616 0.0212773 0.0132865 0.0140264 0.0125424 -0.000383496 -0.0193415 -0.0375293 -0.0534452 -0.0650251 -0.063394 -0.0535842 -0.0571411 -0.0469435 -0.0247261 -0.012628 -0.0174988 -0.0187789 -0.0157793 -0.0111623 -0.00552865 0.00728826 0.000793837 -0.0152882 -0.0176252 -0.00437469 -0.00198451 -0.0200724 
0.301953 0.234157 0.18685 0.162168 0.159354 0.147225 0.133201 0.111984 0.079782 0.0500174 0.0362739 0.037218 0.0354801 0.0156664 0.000169501 -0.0102418 -0.0212348 -0.0379445 -0.0445997 -0.0453033 -0.0430896 -0.0463914 -0.0460442 -0.0378864 -0.0340404 -0.0386721 -0.0503971 -0.0487976 -0.0431461 -0.0407915 -0.0337548 -0.0243852 -0.00657016 0.000803292 -0.00636694 -0.0101934 -0.0124639 0.00119649 0.0108764 0.0183283 
0.309691 0.25777 0.220496 0.18265 0.13404 0.0881312 0.0570147 0.0295286 0.0174118 0.00154924 -0.017177 -0.0285327 -0.0265885 -0.0298916 -0.027426 -0.0236593 -0.0205823 -0.0246489 -0.0302913 -0.028644 -0.0236576 -0.0167476 -0.0174235 -0.0253329 -0.025896 -0.0175024 -0.0181353 -0.0237779 -0.0310079 -0.0202884 -0.0145946 -0.0219857 -0.0228832 -0.0293507 -0.0206247 -0.0133707 -0.00720793 0.000771607 0.00169575 0.00937819 
0.308905 0.266067 0.210345 0.177691 0.127929 0.0996085 0.0686338 0.0458791 0.0259175 0.0139561 0.0176222 0.015614 0.0204038 0.0307225 0.0354049 0.0380982 0.0296183 0.0316932 0.0266471 0.0226025 0.0211348 0.0146854 0.00710919 -0.00513236 -0.0237956 -0.0279393 -0.0300032 -0.0310069 -0.0156733 -0.00845661 0.0104979 0.025928 0.0504682 0.0597259 0.0714391 0.0596332 0.0661956 0.0681841 0.0601731 0.0451698 
0.508611 0.41289 0.329924 0.24772 0.174633 0.10723 0.0690588 0.0499397 0.022561 0.0128355 0.00689315 0.00261846 -0.0163091 -0.0433716 -0.0604183 -0.0771444 -0.073367 -0.0728979 -0.0754076 -0.0677755 -0.0581788 -0.045546 -0.0196365 0.0157093 0.0362965 0.0485722 0.0479689 0.0361991 0.0288505 0.0132856 0.0132215 0.0223051 0.0365714 0.0499834 0.0658742 0.081499 0.0840079 0.0626355 0.0546881 0.0375277 
0.526168 0.402808 0.304899 0.225868 0.160473 0.108471 0.0825735 0.0723929 0.0575909 0.0648553 0.080095 0.0744787 0.0591802 0.0258278 -0.00343316 -0.0138194 -0.0298025 -0.0472863 -0.0584759 -0.0639454 -0.0725579 -0.0812609 -0.0624087 -0.0448652 -0.0222151 0.00689027 0.0327734 0.0708976 0.112795 0.135027 0.130233 0.100555 0.0590095 0.0199907 -0.0128866 -0.0116582 -0.00756109 -0.0156385 -0.0371256 -0.0435534 
0.540687 0.446683 0.387252 0.343885 0.297123 0.240491 0.187011 0.170589 0.172221 0.17663 0.172265 0.168437 0.166568 0.158248 0.154678 0.139724 0.128099 0.136477 0.157999 0.162096 0.160292 0.171535 0.195217 0.216631 0.216771 0.200239 0.182614 0.179018 0.17702 0.164617 0.143678 0.131376 0.115956 0.108756 0.101653 0.0831226 0.0655977 0.0550477 0.0356071 0.0215004 
0.761147 0.652801 0.53822 0.440024 0.347837 0.306746 0.291523 0.278939 0.258651 0.246463 0.221136 0.184931 0.140578 0.0917966 0.0569146 0.0436011 0.0425389 0.0285496 0.0208939 -0.00183214 -0.0137287 -0.0381862 -0.0291654 -0.0213468 -0.0126417 0.0113543 0.0370186 0.0507666 0.0503157 0.0456902 0.0281513 -0.00348971 -0.0327347 -0.0321888 -0.0452187 -0.0394524 -0.0373554 -0.0270374 -0.0281612 -0.0120019 
0.428631 0.338131 0.264322 0.218663 0.193284 0.161281 0.14181 0.138477 0.122866 0.108727 0.12253 0.143203 0.141812 0.128752 0.119071 0.115938 0.093045 0.0855799 0.0848092 0.0861022 0.0743862 0.0497779 0.050122 0.0541313 0.0663678 0.0640809 0.0686256 0.0676147 0.0566234 0.0455387 0.0319114 0.0198433 0.0119344 0.00383193 -0.000157297 0.00459706 0.00151097 -0.00604108 -0.0207009 -0.0193967 
0.629316 0.547788 0.479964 0.422525 0.395238 0.365048 0.326766 0.287143 0.247112 0.189809 0.167965 0.159811 0.138814 0.122271 0.094938 0.0740808 0.0567183 0.0436671 0.0434169 0.0510716 0.0493213 0.0364392 0.0247528 0.0190016 0.00860524 -0.00354503 -0.0108425 -0.0183262 -0.0301814 -0.0394842 -0.0370764 -0.0326968 -0.0340789 -0.0372915 -0.0514074 -0.0496044 -0.0624268 -0.0805807 -0.0805405 -0.0861811 
0.779664 0.65775 0.532242 0.429808 0.324871 0.252508 0.203573 0.168105 0.153589 0.174195 0.194356 0.217781 0.222389 0.215233 0.181516 0.141424 0.0859763 0.0238398 -0.0212688 -0.0498643 -0.0729208 -0.0870521 -0.0879689 -0.0853724 -0.0706854 -0.0658117 -0.0723036 -0.0733874 -0.0639557 -0.0682817 -0.0706203 -0.0661076 -0.0534983 -0.0368745 -0.0173259 -0.00447435 -0.0130553 -0.0178301 -0.0141976 -0.0100074 
1.16117 1.05667 0.949653 0.867455 0.805976 0.757471 0.711569 0.653454 0.602422 0.538097 0.483833 0.436034 0.410805 0.38919 0.350913 0.305429 0.273372 0.254863 0.249852 0.237496 0.247111 0.228279 0.208592 0.182663 0.152371 0.11821 0.0869391 0.0737941 0.0482017 0.0273188 0.00666241 -0.0143915 -0.0389196 -0.0587718 -0.0843212 -0.119598 -0.148475 -0.165877 -0.176753 -0.186095 
0.463363 0.37245 0.304027 0.267359 0.252782 0.238694 0.228083 0.226148 0.221904 0.206348 0.179616 0.162333 0.147255 0.152857 0.14899 0.141964 0.137664 0.128186 0.117374 0.11189 0.102463 0.101621 0.0874619 0.0679224 0.050178 0.0273352 0.00187492 -0.0210032 -0.0294384 -0.0342568 -0.0290348 -0.0197922 -0.0153387 -0.0171369 -0.0328479 -0.047395 -0.0605503 -0.0751125 -0.0731007 -0.0684743 
0.784598 0.684387 0.60027 0.510282 0.441433 0.404976 0.386774 0.322658 0.269497 0.209984 0.138187 0.078257 0.0363714 0.00291658 -0.0202574 -0.0217369 -0.0189641 -0.0101606 -0.0148965 -0.0159376 -0.0270925 -0.0309044 -0.0291201 -0.0376571 -0.0293005 -0.0316537 -0.0209349 -0.0142762 -0.0187422 -0.0210459 -0.0314018 -0.0349354 -0.0392035 -0.0325308 -0.0283615 -0.0369815 -0.0379457 -0.0220507 -0.0197102 -0.0287123 
0.495855 0.449061 0.386041 0.347482 0.315092 0.28031 0.244576 0.182134 0.145215 0.109771 0.0882427 0.0525001 0.0307257 0.00420343 0.00143599 -0.00226766 0.00952095 0.00797399 0.012439 0.0199632 0.0414251 0.0354245 0.040589 0.040609 0.0308282 0.0261285 0.0240779 0.0228135 0.00809475 -0.00430278 -0.0273493 -0.0410252 -0.0549793 -0.0651683 -0.0640516 -0.0658031 -0.0646466 -0.0545257 -0.0448239 -0.0398147 
0.278642 0.208 0.152519 0.113837 0.084631 0.0634568 0.0410465 0.0269764 0.0321686 0.0231006 0.0198946 0.0140949 0.00824892 0.00145709 0.00740943 0.00228572 -0.00741655 -0.0163171 -0.023535 -0.0286714 -0.038838 -0.0480353 -0.0478464 -0.0460512 -0.032258 -0.0302156 -0.026041 -0.0177808 -0.0178997 -0.00635533 0.00104897 0.000555094 -0.00600422 -0.0114175 -0.0231201 -0.0241457 -0.0269283 -0.0192927 -0.0136858 -0.00787435 
0.319341 0.230193 0.143951 0.0835154 0.0408037 0.0115443 -0.00866213 -0.0191862 -0.0257423 -0.0189861 -0.0136916 -0.0155261 -0.00912804 -7.3014e-05 0.0092437 0.0325743 0.0604817 0.0849574 0.0991516 0.100285 0.103708 0.0969143 0.0856965 0.0590797 0.0236608 -0.00562683 -0.010401 -0.0206935 -0.0282322 -0.0309203 -0.0109696 0.0132734 0.033689 0.040391 0.0372816 0.0292142 0.0216486 0.0171296 0.00499169 -0.000547861 
0.716018 0.593246 0.479639 0.386672 0.300261 0.230489 0.176927 0.149473 0.138479 0.136804 0.146615 0.166576 0.173882 0.184626 0.197792 0.208338 0.219366 0.228655 0.234782 0.235782 0.224581 0.207396 0.182109 0.152901 0.146769 0.139148 0.134794 0.141298 0.160368 0.165411 0.151744 0.128648 0.10794 0.100386 0.0934273 0.0808447 0.0766514 0.0713599 0.0656608 0.0722441 
0.430289 0.316647 0.205234 0.115629 0.0508711 0.0252172 0.00589191 0.0108346 0.0168321 0.0223878 0.027861 0.0288175 0.0263328 0.0385543 0.0413172 0.0567299 0.0770318 0.0789726 0.0584699 0.0392447 0.0276486 0.0200272 0.0157734 0.0215748 0.043448 0.0614439 0.0803386 0.0905354 0.0697019 0.0357378 0.00416341 -0.014734 -0.00647844 0.0041654 0.0314757 0.0703004 0.086362 0.0921758 0.0819996 0.0514533 
0.465565 0.404186 0.343063 0.279633 0.216745 0.165168 0.116413 0.0825672 0.0560579 0.0275355 0.00600835 -0.014251 -0.0364371 -0.0509341 -0.0590846 -0.0624175 -0.0584485 -0.0498133 -0.0448139 -0.0313772 -0.0188139 -0.0119704 -0.00599134 0.00112057 0.00155673 0.00881183 0.00869008 0.0102765 0.00659505 0.00759378 0.00270631 0.00681446 0.0140997 0.00936004 -0.00658699 -0.0267021 -0.0343553 -0.0383555 -0.0389213 -0.0493941 
0.17553 0.120477 0.0845393 0.050022 0.0207456 0.00307318 -0.00417963 -0.00723962 -0.00118476 -0.00715154 -0.00759442 -0.00563155 -0.00897724 -0.0130282 -0.0116736 -0.00821677 -0.012021 -0.0149056 -0.0201428 -0.0174886 -0.0158564 -0.0158321 -0.00406674 0.00935181 0.0201469 0.0298504 0.0297934 0.0324613 0.035875 0.0296139 0.0127178 -0.00139566 -0.0133741 -0.0243304 -0.0310286 -0.0268358 -0.0150188 -0.00612307 0.00782416 0.0180313 
0.232095 0.181571 0.135384 0.101992 0.0777031 0.0569348 0.0315916 0.0104006 -0.0041437 -0.0151109 -0.0266309 -0.0340389 -0.0437325 -0.0446329 -0.0400884 -0.0390959 -0.0457048 -0.0397016 -0.0308464 -0.0228706 -0.0113706 -0.00551391 0.00093316 0.00958077 0.0124448 0.0211235 0.0152403 0.00589045 -0.00905348 -0.0155075 -0.016899 -0.0247086 -0.0279501 -0.0331465 -0.0326812 -0.0328621 -0.0261892 -0.0213596 -0.0211473 -0.0212222 
0.201277 0.158613 0.121269 0.0926563 0.0712405 0.0552514 0.0516447 0.0446375 0.0491843 0.0495852 0.0450507 0.0364196 0.0343751 0.0362355 0.032162 0.0270365 0.0220364 0.0199077 0.0195054 0.0178649 0.0177113 0.0109623 0.00807307 0.0102831 0.0107537 0.00498188 -0.00060714 -0.0080152 -0.00968249 -0.00706085 -0.00959638 -0.0116045 -0.0164269 -0.0250858 -0.0315317 -0.0358552 -0.0381776 -0.0360601 -0.0326301 -0.0307494 
0.182878 0.13926 0.115388 0.0919882 0.0923816 0.0709492 0.0670755 0.0597005 0.0519325 0.053015 0.0440301 0.0333161 0.01996 0.0153112 0.00233163 -0.00760015 -0.0190418 -0.0267652 -0.0235426 -0.0296852 -0.0320038 -0.0323187 -0.0311818 -0.0255598 -0.0210075 -0.0145193 -0.0114091 -0.00671 -0.00991014 -0.0121596 -0.00492309 -0.00772204 -0.00441447 -0.0158224 -0.0221632 -0.0195357 -0.018768 -0.0127387 -0.0175856 -0.00594752 
0.162286 0.113646 0.0753047 0.0441919 0.0240856 0.000594144 -0.0093041 -0.0197059 -0.0245334 -0.027178 -0.0320831 -0.0329049 -0.0285345 -0.0260916 -0.0239318 -0.0147581 -0.00887719 -0.00436773 -0.000757293 -0.00458641 -0.00516732 -0.0104748 -0.0168208 -0.0180182 -0.011499 -0.00388612 0.00392716 0.0106916 0.0243789 0.0246586 0.0256642 0.0193152 0.00522517 -0.00345982 -0.00926434 -0.00919596 -0.00806893 -0.00600376 -0.00782653 -0.017981 
0.115917 0.0774902 0.0539413 0.0410529 0.030081 0.0127495 -0.000310208 -0.00322427 -0.00485628 -0.00615355 -0.0134555 -0.0200145 -0.0199054 -0.0177263 -0.0158251 -0.0256614 -0.0295735 -0.029137 -0.0291726 -0.0297708 -0.0318082 -0.0295611 -0.0270436 -0.0238306 -0.0214143 -0.0241599 -0.0234641 -0.0241026 -0.0225699 -0.0188762 -0.0118197 0.00130322 0.0106797 0.0143688 0.0118602 0.0221237 0.0282994 0.024266 0.0182307 0.0129773 
0.227455 0.180876 0.134962 0.0972663 0.0695313 0.0443417 0.0224211 0.00447621 -0.0170469 -0.0252949 -0.0284422 -0.0223291 -0.0224348 -0.0224252 -0.0278408 -0.0293897 -0.022684 -0.0140419 -0.0117951 -0.00758715 -0.005041 -0.00554812 -0.0150503 -0.0124837 -0.011776 -0.0150673 -0.0178591 -0.0221544 -0.0327367 -0.0387832 -0.0395251 -0.0337884 -0.0399349 -0.0350075 -0.0446776 -0.0401553 -0.0448419 -0.0430608 -0.0326223 -0.0283612 
0.118821 0.0820707 0.0442056 0.0164961 -0.00061984 -0.0112967 -0.0100647 -0.0144036 -0.0102778 -0.0123861 -0.00453992 -0.00716791 -0.00329283 -0.000804501 -0.00820222 -0.00499808 -0.0149254 -0.0176409 -0.0168678 -0.0102167 -0.00763126 -0.00759598 -0.00351726 0.000620408 0.00843167 0.00610885 0.00990317 0.00833297 0.0111608 0.00670964 -0.000199817 -0.0102834 -0.0178639 -0.0229574 -0.0202859 -0.0120993 -0.0101509 -0.00867972 -0.0142486 -0.0203122 
0.351912 0.269506 0.19988 0.142895 0.112312 0.0955968 0.0760518 0.0622815 0.0457883 0.0370072 0.0309286 0.0257469 0.0244007 0.0226516 0.0200281 0.011081 0.0117318 0.0178529 0.0195389 0.0197045 0.0210179 0.023783 0.0252563 0.0295503 0.0267213 0.0228451 0.0295701 0.0399004 0.0452467 0.0413064 0.0364918 0.0292629 0.0197952 -0.00038885 -0.0138603 -0.0417116 -0.0488718 -0.0504261 -0.0486498 -0.064167 
0.300901 0.223295 0.170567 0.133099 0.111637 0.0994565 0.0855872 0.0649655 0.0417307 0.0198647 0.00546991 -0.00235892 -0.00312973 -0.00993914 -0.00391593 -0.00393305 -0.0164471 -0.0175444 -0.0129598 -0.0125678 -0.0149348 -0.0210144 -0.0223153 -0.0225452 -0.0181467 -0.00783568 -0.0040832 0.00069248 -0.00707065 -0.012956 -0.0164476 -0.022739 -0.0200589 -0.00238851 0.0061189 0.00827971 0.000529991 0.00384574 0.00427967 -0.0116724 
0.149369 0.100484 0.0618609 0.0349316 0.0142891 0.00711553 -0.00121 -0.0130194 -0.0194195 -0.0132483 -0.00802997 -0.0109409 -0.00857105 -0.00472889 -0.00511176 -0.00530377 0.00397079 0.0108832 0.00884575 0.00806075 0.0027169 -0.00427254 -0.0117618 -0.00422803 0.00638494 0.0183291 0.0296161 0.0430567 0.0515682 0.0498875 0.0427669 0.0398566 0.0303349 0.0245645 0.0259867 0.0262813 0.0215995 0.0160045 0.00463611 -0.0103431 
0.125557 0.100251 0.0741235 0.0504773 0.0419537 0.0296251 0.0215912 0.0154892 0.0124168 0.00374343 -0.00552195 -0.0102988 -0.0149644 -0.0147263 -0.0169441 -0.0158628 -0.0224162 -0.0240215 -0.0199635 -0.0186701 -0.0126339 -0.00885057 -0.00437566 -0.00208707 -0.00578558 -0.00557586 -0.00144017 -0.00369627 -0.00362855 -0.00477039 -0.00613113 -0.00450639 -0.00711216 -0.0151229 -0.0131766 -0.0149861 -0.0186961 -0.0152475 -0.0179636 -0.0169133 
0.132194 0.0811287 0.0474644 0.0335257 0.0240097 0.0201463 0.0117932 0.00401712 -0.00012148 -0.00345152 -0.00370299 -0.00426997 -0.0115442 -0.0182519 -0.0103199 -0.00144389 0.00436124 0.00649069 0.00156858 0.00266513 0.00958406 0.0130743 0.00388862 0.0014911 -0.00200199 -0.00641885 -0.0125602 -0.00990132 -0.00561959 0.000773704 0.00203738 0.00516093 0.00957568 0.00809489 0.0102061 0.00725031 0.00184896 -0.00478431 -0.00110118 0.00268927 
0.183118 0.134216 0.0964462 0.0744212 0.06129 0.0449403 0.0352711 0.0314041 0.0274081 0.020651 0.00725106 -0.00406129 -0.0208811 -0.028582 -0.0345719 -0.0409481 -0.0435352 -0.0419976 -0.0364016 -0.0358095 -0.0386428 -0.0342369 -0.030156 -0.0241356 -0.0139013 -0.00795227 0.00109568 0.0041633 0.0112307 0.0171909 0.0183589 0.0215827 0.0190743 0.022357 0.0214061 0.0221843 0.0272408 0.0309465 0.0291224 0.029522 
0.3211 0.273391 0.235909 0.212559 0.180979 0.150847 0.112532 0.0988141 0.079119 0.056212 0.0454288 0.0311514 0.0150757 0.0116407 0.00753224 0.00424684 -0.00573399 0.00248129 0.0126165 0.0208146 0.0145068 0.0133184 0.011822 0.0112035 0.010702 0.00904958 0.0182593 0.0301892 0.0289446 0.0269519 0.0312606 0.0416563 0.0534771 0.0695848 0.0820205 0.0954661 0.0988447 0.10327 0.0972936 0.0913809 
0.279477 0.223657 0.181007 0.151092 0.115886 0.0855156 0.0447815 0.0190804 0.00530215 -0.0113789 -0.0211815 -0.0264157 -0.0310605 -0.0316671 -0.0274708 -0.0160443 -0.0143559 -0.000752896 0.0102234 0.0244681 0.0275957 0.0468019 0.0521323 0.0553522 0.0600381 0.0535756 0.0403352 0.0335259 0.0322784 0.032399 0.030456 0.0228343 0.0076574 -0.000307703 -0.00688591 -0.00584956 -0.00625977 0.00106671 -0.00214962 -0.000118976 
0.53739 0.442343 0.360642 0.285528 0.230777 0.18617 0.144104 0.121647 0.0936882 0.0683412 0.0540703 0.0310998 0.0122281 -0.0148174 -0.0352164 -0.0439309 -0.0522411 -0.0584078 -0.060274 -0.0633689 -0.0486653 -0.0365779 -0.0451761 -0.0557709 -0.0556556 -0.0597856 -0.0580463 -0.0522879 -0.051626 -0.0488741 -0.065318 -0.0859287 -0.101508 -0.121469 -0.13189 -0.133751 -0.131567 -0.105218 -0.0833255 -0.0681213 
0.547577 0.457248 0.389793 0.346728 0.31555 0.284418 0.252256 0.216188 0.187447 0.154873 0.115863 0.0915498 0.0742828 0.0589437 0.0272235 -0.0016248 -0.0157241 -0.0150238 -0.00693224 -0.00550056 -0.00425699 -0.0156617 -0.0159374 -0.018155 -0.0282269 -0.0342562 -0.0382454 -0.0422668 -0.0444803 -0.0505567 -0.0467174 -0.0412351 -0.0402641 -0.0468146 -0.0542658 -0.0564621 -0.0419039 -0.029878 -0.0210457 -0.00481706 
0.323251 0.267223 0.219148 0.186953 0.165165 0.134249 0.105791 0.0829118 0.0647694 0.0530689 0.028941 0.00677635 0.00067191 0.00516764 0.0191697 0.0206224 0.0132364 0.0163519 0.0253691 0.0263722 0.0326691 0.0260649 0.0372699 0.0301496 0.0265278 0.029426 0.0232844 0.0102377 -0.000129272 -0.00677244 -0.00148842 -0.00859045 -0.00491721 -0.00304901 0.00382877 0.0226629 0.0355677 0.0468769 0.0483152 0.0297039 
0.383077 0.315134 0.255341 0.193854 0.177423 0.163058 0.137801 0.113674 0.082399 0.053717 0.0381038 0.039959 0.0314185 0.0301295 0.0176583 0.00314774 -0.00679797 -0.0232495 -0.039591 -0.0555102 -0.060488 -0.0585811 -0.0534067 -0.0429491 -0.0425058 -0.0432205 -0.0544005 -0.0618637 -0.0664175 -0.073208 -0.0723681 -0.0718636 -0.0701577 -0.0697083 -0.0690864 -0.066585 -0.066665 -0.0556572 -0.0367654 -0.0295957 
0.399439 0.335005 0.275826 0.213736 0.152144 0.110733 0.0833144 0.0688938 0.0445258 0.0209204 0.00699492 -0.00375871 -0.0172277 -0.0239121 -0.0276146 -0.0399392 -0.0476775 -0.0615956 -0.072079 -0.0792958 -0.0834191 -0.084245 -0.0788594 -0.0776916 -0.0738977 -0.0718298 -0.0696504 -0.0689152 -0.0636975 -0.0644823 -0.062418 -0.0606064 -0.0591533 -0.0544103 -0.044269 -0.0352553 -0.0337135 -0.0244761 -0.0154784 -0.00693953 
0.331944 0.251064 0.192582 0.156258 0.12949 0.0996018 0.0821328 0.063981 0.0395817 0.0095763 -0.0173963 -0.0243316 -0.0372226 -0.0524726 -0.0638355 -0.0675533 -0.0519641 -0.0387336 -0.0237645 -0.0267914 -0.0367235 -0.0378509 -0.0372392 -0.0346971 -0.0355393 -0.0302559 -0.0217188 -0.0172934 -0.0170595 -0.025465 -0.0375335 -0.0471294 -0.0540086 -0.0578674 -0.0384128 -0.0165638 -0.00143289 0.0150196 0.0228447 0.0287321 
0.498685 0.396869 0.299534 0.208438 0.130391 0.0590261 0.0243809 0.00868708 -0.000575869 -0.00598979 -0.0121779 -0.0257049 -0.0332776 -0.0459253 -0.0547379 -0.0565313 -0.0495866 -0.0426701 -0.0428283 -0.057065 -0.0629263 -0.0531993 -0.0431798 -0.0269131 -0.00815685 0.0102079 0.0396651 0.0628392 0.0815891 0.0881635 0.0717035 0.0516498 0.0305872 -0.00248229 -0.0295536 -0.0496772 -0.0628228 -0.0597538 -0.0635863 -0.0456359 
0.335016 0.251953 0.184744 0.131358 0.0855692 0.0555094 0.0253028 0.00388252 -0.0102171 -0.0168658 -0.0263343 -0.0420108 -0.0465967 -0.0471083 -0.0520957 -0.056807 -0.0542756 -0.052217 -0.051525 -0.043344 -0.0411927 -0.0382634 -0.0360789 -0.0333485 -0.0370339 -0.046802 -0.054918 -0.0590775 -0.0590876 -0.0548945 -0.0418496 -0.0339543 -0.0258725 -0.0144907 -0.0068738 0.000401751 0.00952884 0.00541621 -0.00393848 -0.00609825 
0.605979 0.529926 0.447801 0.377125 0.312885 0.285501 0.247427 0.224194 0.189922 0.173176 0.163388 0.166972 0.167362 0.158457 0.130953 0.109047 0.0802883 0.046397 0.0303967 0.00911046 0.00357081 -0.0035799 -0.00633786 -0.00618209 0.00502481 0.00130375 -0.00395271 -0.0103503 -0.0271137 -0.0472234 -0.043935 -0.0583754 -0.0672717 -0.0752824 -0.0685249 -0.0882814 -0.10553 -0.119142 -0.134846 -0.136646 
0.392551 0.301985 0.247683 0.198997 0.13898 0.0946221 0.0755268 0.0618273 0.0521254 0.0530717 0.0659346 0.0739106 0.0605858 0.0544204 0.0508595 0.036243 0.0188844 -0.00283464 -0.0137006 -0.0193464 -0.0108174 0.00690965 0.00643881 0.00378193 0.0120882 0.0169353 0.0188418 0.0133174 0.0170352 0.0178178 0.0177817 0.0251267 0.0257584 0.0158119 0.00942566 0.00454801 0.00320344 0.00389118 0.0182405 0.0276638 
0.316597 0.254199 0.205976 0.159935 0.132839 0.10879 0.0861203 0.067319 0.0488369 0.0362564 0.0322019 0.0366634 0.0341282 0.0356837 0.0376096 0.0446753 0.0560145 0.0665894 0.0639512 0.0566456 0.0492332 0.0358185 0.0236381 0.0257193 0.00878002 -0.00284305 -0.0176356 -0.0309257 -0.0262367 -0.0315826 -0.0455134 -0.0454511 -0.0449275 -0.0506848 -0.0538055 -0.0525005 -0.0463234 -0.0411881 -0.0305278 -0.0269498 
0.374877 0.330644 0.277617 0.220745 0.172888 0.148491 0.117062 0.0959595 0.0768981 0.0689463 0.0524186 0.0372806 0.0316667 0.0293795 0.0211304 0.0174593 0.00799048 0.00578747 0.0147841 0.00586113 0.0134836 0.0179707 0.0148042 0.0244654 0.0378097 0.0416319 0.0387364 0.0296095 0.0185646 0.0153468 -0.00287388 -0.00923715 -0.0233589 -0.0349468 -0.0404935 -0.0401366 -0.0360276 -0.0313676 -0.0299474 -0.0189277 
0.31315 0.257672 0.191265 0.146616 0.0938793 0.0581756 0.0267534 0.0118875 0.00146798 -0.00715588 -0.0071961 -0.0172136 -0.0165453 -0.0269331 -0.0268151 -0.0230077 -0.0153722 -0.0132386 -0.0129035 -0.0183417 -0.0193985 -0.0206092 -0.0151733 -0.0144785 -0.0156947 -0.0127664 -0.0207435 -0.0206261 -0.0195421 -0.0152008 -0.0228103 -0.0300836 -0.0401954 -0.0411414 -0.0374144 -0.0342419 -0.0251584 -0.0118718 0.012832 0.03351 
0.206467 0.137214 0.102246 0.0825683 0.0586074 0.0455229 0.0321526 0.00988611 -0.0127558 -0.0248105 -0.0162199 -0.0142559 -0.015439 -0.0188544 -0.0191826 -0.00976033 0.00704633 0.0153276 0.00738409 0.00650202 0.00615581 0.00314714 -0.00623081 -0.0195454 -0.0166481 -0.0261272 -0.0317219 -0.0287129 -0.0107386 -0.00267106 -0.00247377 -0.0118145 -0.0104631 -0.00887734 0.00335197 0.0103136 0.0146166 -0.00229912 -0.0293621 -0.0328184 
0.393845 0.331673 0.295538 0.255746 0.220588 0.18977 0.164755 0.128687 0.0924806 0.0747352 0.0653434 0.0532561 0.0382352 0.0222735 0.00680674 0.000818907 0.00843948 0.0236162 0.043837 0.0484912 0.0422513 0.0411794 0.0398649 0.037669 0.0291925 0.0254459 0.0130274 -0.00108097 -0.00895182 -0.00538022 -0.00566718 -0.00874392 -0.0122821 -0.0204287 -0.022898 -0.0263411 -0.0273167 -0.0321225 -0.0341265 -0.0296191 
0.407487 0.309575 0.22938 0.161194 0.110945 0.0810149 0.0458381 0.0157112 0.00117085 -0.0048698 -0.00112174 -0.00722783 -0.0125556 -0.0145371 -0.00864394 -0.000896987 0.0100821 0.0225947 0.0276467 0.0534326 0.0723265 0.0684165 0.0695557 0.0512973 0.0344742 0.0120011 -0.00577601 -0.02488 -0.0362234 -0.0378466 -0.0336778 -0.034431 -0.0349851 -0.0334923 -0.0418669 -0.0414767 -0.038588 -0.040121 -0.0359798 -0.0377329 
0.546833 0.402186 0.295058 0.205327 0.132655 0.0825634 0.0383093 0.017536 0.00835074 -0.0159747 -0.0484189 -0.0645742 -0.0722251 -0.0740815 -0.0725147 -0.0644416 -0.0744137 -0.0731195 -0.0629988 -0.0429192 -0.0251663 0.00270166 0.0173132 0.0346238 0.0466407 0.061057 0.0556216 0.0444771 0.0340391 0.0266092 0.0269946 0.0203515 -0.0085574 -0.0310649 -0.047713 -0.0473412 -0.040696 -0.0227863 -0.0033514 0.0197966 
0.712809 0.624987 0.530791 0.458747 0.3779 0.30311 0.227703 0.173158 0.132055 0.0971578 0.0588575 0.0145365 -0.0162676 -0.0306679 -0.0455481 -0.0497295 -0.0554575 -0.051319 -0.037078 -0.040043 -0.0457292 -0.0618122 -0.0657 -0.0871844 -0.102203 -0.121013 -0.129902 -0.13697 -0.137706 -0.133419 -0.131346 -0.123892 -0.116609 -0.115874 -0.108359 -0.113348 -0.109663 -0.108623 -0.101209 -0.0904655 
0.190503 0.147921 0.118111 0.0944968 0.0800998 0.0647361 0.0454845 0.0293485 0.026561 0.027767 0.0229115 0.0203712 0.0127799 0.0129888 0.00557595 0.00132724 0.0029024 -0.00469333 -0.00442294 0.00531879 0.0046729 -0.00224819 -0.00722906 -0.00971706 -0.014621 -0.0172389 -0.0202395 -0.025685 -0.03191 -0.0293764 -0.0290006 -0.0337729 -0.0365961 -0.0352333 -0.0278259 -0.0216222 -0.0206804 -0.0243788 -0.0192677 -0.0113412 
0.174576 0.135473 0.102279 0.0748942 0.057134 0.0411212 0.0267836 0.0229698 0.0157236 0.00226775 -0.0059877 -0.00620183 -0.0138847 -0.0145141 -0.0130612 -0.0106652 -0.00741394 -0.0114081 -0.0071747 -0.00132726 0.00215205 0.0116487 0.0147848 0.013416 0.00256751 -0.0075046 -0.0191962 -0.0254006 -0.0349983 -0.0359058 -0.0318973 -0.0278555 -0.0204327 -0.0188708 -0.0188654 -0.0193824 -0.0238403 -0.0280999 -0.0242857 -0.0204386 
0.234777 0.18753 0.137059 0.1012 0.0855174 0.07506 0.0597689 0.0525574 0.0511904 0.0436637 0.0398892 0.0271405 0.0115776 0.0142861 0.0120001 0.0123897 0.0186741 0.00767086 0.0020353 -0.00860344 -0.0194076 -0.0236974 -0.0241151 -0.0232087 -0.0255321 -0.0293746 -0.0346428 -0.0321713 -0.0312036 -0.0277876 -0.0196028 -0.0222257 -0.0254681 -0.0312022 -0.029177 -0.0275035 -0.0216551 -0.0136606 -0.0099929 -0.0103817 
0.27171 0.193114 0.134264 0.0880299 0.0554176 0.0405538 0.0324631 0.0213891 0.0098296 0.00632747 0.00800419 0.016689 0.0308063 0.0336987 0.0306248 0.0258775 0.0269554 0.0253371 0.0100817 -0.000106716 0.002233 0.00269454 0.00767197 0.00648959 0.00420344 0.00673898 -0.00103212 -0.00459625 -0.0148093 -0.0253781 -0.0262712 -0.0252957 -0.0304298 -0.0294394 -0.0181267 -0.0163222 -0.0239726 -0.0237015 -0.0305957 -0.0302212 
0.224939 0.163388 0.113002 0.0886538 0.0695574 0.0589582 0.0383727 0.0279191 0.0201332 0.0164495 0.0175769 0.0226621 0.0203976 0.00760924 -0.005144 -0.00610707 -0.00597392 -0.00755636 -0.0112034 -0.00669734 -0.000884953 0.00273816 0.0037731 0.0120448 0.0143445 0.0164328 0.0163867 0.0204985 0.0252061 0.0233477 0.0083427 -0.00268921 -0.00820749 -0.00796504 -0.0069445 -0.00959529 -0.011427 -0.00943363 -0.0209555 -0.028581 
