0.3525 0.188267 0.14108 0.0683449 -0.00724132 -0.0340345 -0.0600279 -0.0348362 -0.0363769 -0.0803998 -0.0809458 -0.0608571 -0.0977807 -0.127836 -0.106628 -0.0915288 -0.0863982 -0.0629319 -0.0173612 -0.0633388 -0.0484743 -0.0408053 -0.0560692 -0.0318425 0.0129271 0.00119215 -0.0178649 -0.0174855 -0.0770617 -0.0465605 0.0533033 0.0530847 0.0330109 0.0372446 0.0169531 0.0647011 0.11393 0.103806 0.122498 0.200251 
0.307043 0.201405 0.163319 0.15287 0.103998 0.0593012 0.00467013 0.00100526 -0.0212385 -0.0339979 -0.052157 -0.0818849 -0.0976656 -0.0995698 -0.0947095 -0.0900576 -0.0620843 -0.045187 -0.00158215 -0.0176775 -0.0453508 -0.0224654 -0.065613 -0.0787536 -0.0584042 -0.0784366 -0.0676219 -0.0474353 -0.0241961 0.0242833 -0.018086 -0.0126244 0.000998598 0.0299136 0.0254196 0.0192637 0.0162055 0.0582642 0.113165 0.117346 
0.308648 0.194063 0.152592 0.175922 0.184403 0.122856 0.0700069 0.0716153 0.0942774 0.079368 0.0250477 0.00421673 0.00951263 0.0261534 -0.013897 -0.0478742 -0.0816514 -0.115732 -0.11577 -0.120655 -0.0848885 -0.100135 -0.0811049 -0.0610664 -0.0283511 -0.0378878 -0.0512553 -0.0492194 -0.0187406 0.0168184 0.0323723 -0.0247971 0.0012163 0.021044 0.0475002 0.0311638 0.00904005 0.0658106 0.0684783 0.0770384 
0.301012 0.178408 0.113125 0.0348837 0.0361866 0.0275305 0.00866899 0.0252422 0.0225026 0.0155255 0.00626716 0.00880982 0.0502902 0.0498871 -0.00358686 -0.0346651 -0.0477407 -0.0781198 -0.0695285 -0.0427835 -0.00223624 0.0637998 0.0195836 0.00134117 -0.0232004 -0.0631095 -0.0376715 -0.0050545 -0.000677375 0.0215002 0.0265996 0.0411788 0.104042 0.112978 0.0774587 0.0388039 -0.038526 -0.0727311 -0.0693302 -0.103348 
0.190734 0.0761123 0.0313494 0.0693545 0.0344187 -0.000799414 0.0319707 0.0278374 0.0229832 -0.00902564 -0.071077 -0.0885185 -0.0277677 -0.00488591 -0.0295359 -0.0481899 -0.0578761 -0.0620919 -0.028199 0.00882184 -0.01793 -0.0138609 0.0368922 0.0643253 -0.0531516 -0.068858 -0.032174 0.0490114 -0.0156487 -0.0442674 -0.0127126 -0.059486 -0.054123 -0.0716089 -0.0341946 -0.0179516 0.000577216 0.00477324 -0.01722 0.0289633 
0.202923 0.095861 0.060688 0.0382211 0.00631214 0.00255472 0.0333827 0.0395293 -0.0239881 0.0160558 0.0587676 -0.00306385 -0.0407943 -0.0127144 -0.0209253 -0.0360717 -0.0464433 0.00127235 0.0264867 -0.0351125 0.00618512 0.0480956 0.0487689 0.0187598 0.0400014 0.0258532 -0.0048685 -0.0288475 0.00821364 0.00133651 -0.00495397 0.047167 0.122105 0.0527306 0.00413529 0.0126373 -0.0209358 -0.0677041 -0.0488081 0.021141 
0.329992 0.22262 0.130639 0.0878549 -0.0125477 -0.0368073 -0.0514268 -0.0477039 -0.0772392 -0.0496383 -0.0750564 -0.117086 -0.161288 -0.130673 -0.0802722 -0.0404229 0.00891753 0.0288066 0.0638534 0.0675836 0.0114469 -0.0217119 0.0424876 0.105271 0.123528 0.098418 0.0751755 0.0609978 0.00765468 -0.0435919 -0.0212476 -0.10093 -0.0754408 -0.0866805 -0.0145983 -0.0683438 -0.0895693 -0.114308 -0.0964155 -0.105489 
0.254563 0.156034 0.125382 0.0457895 0.00392405 -0.0146097 -0.030332 -0.0507537 -0.0264165 -0.033893 -0.0742848 -0.0660625 -0.0725752 -0.0765959 -0.050193 -0.00362892 0.0273925 0.06412 0.117117 0.0845978 0.0684997 0.0566337 -0.000601595 -0.0211787 -0.0118825 -0.0192167 -0.0346298 -0.0590676 -0.0584261 -0.0493141 -0.0764752 -0.101701 -0.0858186 -0.0724932 -0.0414966 0.0167773 0.0475591 0.0822643 0.110337 0.100731 
0.34017 0.218466 0.189637 0.129615 0.0810477 -0.00427384 -0.0432932 -0.0495491 -0.0541606 -0.00716855 0.00316097 -0.0476164 -0.0327417 0.0479247 0.0306702 0.0926204 0.0765134 -0.0408411 -0.0284628 -0.00901184 0.00683593 -0.0491047 -0.142224 -0.122289 -0.035576 -0.0417185 -0.040196 -0.0366184 -0.067809 0.0127198 0.0177731 -0.0362048 -0.0380777 -0.119386 -0.057107 0.0101989 -0.00161149 0.0235 -0.0012947 0.0047084 
0.390609 0.302816 0.259936 0.217115 0.182886 0.0944652 0.115067 0.120854 0.0992385 0.0717552 0.0471963 0.0350156 -0.0017498 -0.0179715 -0.0208465 -0.0353727 0.00243086 0.0123309 0.0229263 0.0180297 -0.0131019 0.0287068 -0.00518018 0.0439955 0.033286 0.0148585 0.00782132 -0.0454358 -0.0682824 -0.0656171 -0.0785993 -0.11791 -0.0723378 -0.0426107 -0.0410353 -0.00158933 0.0168869 0.0144818 -0.0450122 -0.129689 
0.530124 0.362485 0.259745 0.194139 0.0801955 0.00141338 -0.0765929 -0.138208 -0.0939807 -0.0505904 -0.0234171 -0.0159813 0.0468406 0.113416 0.192982 0.190725 0.130908 0.0776308 0.0337306 -0.0275388 -0.0856606 -0.116851 -0.180185 -0.221692 -0.253857 -0.245053 -0.229643 -0.199383 -0.15175 -0.0840014 -0.0370865 0.0467642 0.076003 0.101051 0.0885447 0.0138414 -0.0617421 -0.07329 -0.0919657 -0.179409 
0.27423 0.166388 0.0856877 0.0591731 0.0454758 0.0307195 0.00344274 0.00571104 0.0434563 0.0819417 0.113072 0.123725 0.0770853 0.0170962 -0.00277021 -0.0115723 0.00781501 -0.00203866 -0.0141968 -0.0149308 -0.0356989 -0.0458628 -0.0427352 -0.0414369 -0.0493662 -0.0701722 -0.0963445 -0.069449 -0.0121946 -0.0213959 -0.016315 -0.0261334 -0.0627751 -0.0892053 -0.0856485 -0.0629186 -0.068839 -0.0519682 -0.036776 0.0107995 
0.227384 0.155209 0.0598836 0.0181283 0.0424388 0.0496046 0.059529 0.042091 0.0202252 -0.0130959 -0.00441583 -0.0202844 0.0110381 0.013263 -0.00888038 -0.0154596 -0.00864965 -0.0580917 -0.0100608 -0.00781854 0.0193494 0.0588442 0.0519167 0.0622284 0.0201232 0.0258289 0.00369229 0.0194109 -0.0123186 0.00394584 0.00401155 -0.00194047 0.0355972 0.0204281 0.0426547 0.0669688 0.0764969 0.0794168 0.0839838 0.0461475 
0.2532 0.17991 0.119884 0.0643584 0.00515181 -0.0327539 -0.0626302 -0.0595207 -0.021002 -0.042563 -0.0379729 -0.0157338 0.0244747 0.0260437 0.0507922 0.0372071 0.0593709 0.0457825 0.0372816 0.0206335 0.0401726 0.0280301 0.0119802 -0.00614776 -0.0242202 -0.0360136 -0.0711334 -0.062038 -0.0625892 -0.042328 -0.017834 -0.0283623 -0.0246086 -0.0468453 -0.00666922 0.0298777 0.0217505 0.0407914 0.0486619 0.0319748 
0.249877 0.054369 -0.00800698 0.0621905 0.0914984 0.0563065 -0.0310669 -0.0863731 -0.0850032 -0.0844333 -0.0760702 -0.0809713 -0.140104 -0.16491 -0.123858 -0.0198961 0.0439302 0.035617 -0.0281162 0.004289 0.0405025 0.0987415 0.152339 0.134126 0.0643915 0.0478415 0.0817062 0.138652 0.123827 0.0432467 -0.0605082 -0.0387023 -0.0161181 -0.026412 -0.0856095 -0.142636 -0.142575 -0.124748 -0.106285 -0.085667 
0.336373 0.207212 0.150941 0.0553449 -0.00570573 -0.033694 -0.088969 -0.111974 -0.120748 -0.138501 -0.153056 -0.158537 -0.111786 -0.0875201 -0.0593734 -0.0475939 0.0178379 0.0621083 0.0763506 0.0929543 0.0658985 0.0360211 0.0051526 -0.0545687 -0.110145 -0.0950005 -0.06628 -0.0343775 -0.044673 -0.015621 0.0109487 0.0342229 0.0498301 0.0771411 0.0744132 0.0736347 0.073102 0.0330668 0.0417186 0.0671502 
0.238824 0.115566 0.0149897 -0.0441066 -0.0651312 -0.0546264 -0.0694079 -0.00981098 0.0282561 0.0112664 -0.0165765 -0.0531157 -0.0950757 -0.102543 -0.0653081 -0.0771404 -0.0945425 -0.0528772 -0.0390191 0.0328359 0.101494 0.107203 0.096285 0.1176 0.100025 0.0723854 0.0275849 -0.0349387 -0.0631343 -0.00616389 0.0179097 0.0448301 0.058473 -0.00911563 -0.0529066 -0.0525344 -0.124687 -0.139725 -0.10954 -0.0675278 
0.292869 0.165803 0.0593577 0.0199681 0.0253606 0.0449722 0.0557183 0.0526071 0.0616348 0.0903878 0.0824885 0.0531304 0.000492 -0.0439866 -0.0453955 0.0551005 0.123543 0.140567 0.138902 0.114954 0.0794228 0.0426803 0.047666 0.0551099 0.0710776 0.0682125 0.0665553 0.00831706 0.0334505 0.0326834 0.0593631 0.0637922 0.0863209 0.110142 0.141131 0.188705 0.20431 0.148723 0.0719512 0.0391655 
0.379852 0.237062 0.143204 0.0978717 0.0454073 -0.00075117 -0.00856578 0.00366816 -0.00938397 -0.00400086 0.0422889 0.0711747 0.0437771 -0.00657569 -0.070895 -0.0898366 -0.105806 -0.0854622 -0.0471151 -0.0162974 0.0157775 0.0532521 0.101049 0.116463 0.181799 0.169477 0.116022 -0.0157007 -0.0335875 -0.0704419 -0.0814909 -0.0720705 -0.0245098 -0.00611946 0.0285956 0.0458159 0.0646162 0.0692487 0.0198064 -0.0192176 
0.377674 0.277653 0.230276 0.191478 0.155869 0.0618446 0.0596816 0.0522636 0.0526404 0.0393807 0.0169189 0.0492577 0.0164348 -0.0119969 -0.00381957 -0.00142043 0.027978 -0.00947654 -0.0360582 -0.0370469 0.000295387 -0.022668 -0.0973128 -0.122849 -0.150651 -0.146806 -0.148156 -0.17511 -0.13289 -0.0959733 -0.0644805 -0.0507787 -0.0368956 0.00327799 -0.0399941 -0.0460947 -0.0423627 -0.0198542 0.0217988 -0.0513893 
0.206618 0.12782 0.0540754 0.0262033 0.0162324 0.0154429 -0.0143434 -0.0675905 -0.0410193 0.00862875 0.0412481 0.033034 0.0234679 -0.023726 -0.0596418 -0.0777284 -0.0990777 -0.100166 -0.106236 -0.0902143 -0.0622485 -0.0130396 0.037357 0.0913095 0.0417688 -0.0197924 -0.0324763 -0.0434765 -0.0336868 -0.0343391 -0.0523401 -0.105825 -0.0561322 0.0285768 0.0550695 0.0734826 0.06771 0.0690242 0.0504518 0.0480818 
0.331271 0.219688 0.154586 0.0975361 0.0694108 0.0491372 0.0435333 0.0798845 0.133388 0.158303 0.160462 0.13948 0.0954966 0.0467426 -0.014886 -0.0361594 -0.0398377 -0.0492458 0.0324409 0.0416374 0.0998379 0.120762 0.0816362 0.02951 0.00123376 -0.0748906 -0.109599 -0.0792171 -0.0658411 0.00324397 0.0567984 0.101334 0.150138 0.0848196 0.0296258 0.0165917 -0.00102112 0.0408752 -0.0115066 0.0330488 
0.239384 0.0914866 0.0418554 0.0658616 0.00824645 -0.0610597 -0.037548 -0.0327696 -0.00691395 -0.0351731 -0.0140695 -0.109106 -0.146078 -0.0848719 -0.0245467 -0.017859 0.0161902 0.0811819 0.108415 0.0707611 0.00845881 0.0174948 0.0386474 0.0273571 -0.044402 -0.0320151 -0.00831485 0.0146745 -0.000756678 -0.0104675 -0.00969471 -0.00838018 0.0470696 0.102358 0.0724296 0.0462155 0.0885742 0.125665 0.123894 0.071962 
0.257013 0.186335 0.0995081 0.0545235 -0.00656604 -0.0593948 -0.0887382 -0.0911082 -0.060407 -0.0636763 -0.059171 -0.0630908 -0.0653378 -0.0360026 -0.00139621 0.0138097 0.0119464 0.0525856 0.0567409 0.0551001 0.0184728 -0.0091502 -0.0105172 0.0257264 0.017079 0.0336493 0.0335028 0.0508444 0.0308154 0.014982 -0.0335918 -0.0672646 -0.0663746 -0.0546668 -0.0218929 -0.00901569 0.00864611 0.0439296 0.0990698 0.106702 
0.319965 0.144849 0.120593 0.130114 0.0983205 0.0190073 0.00990645 0.0517184 0.0551376 0.0150489 -0.0139739 0.0197296 0.0502328 -0.00382314 -0.0571527 -0.0679666 -0.0451209 -0.0179977 -0.00255537 0.06403 0.116319 0.152742 0.164892 0.130151 0.113218 0.128489 0.15612 0.130494 0.0788632 0.0672722 0.10603 0.121118 0.0518114 -0.00338669 0.0158296 0.0024657 -0.0637656 -0.0752302 -0.051835 -0.00259905 
0.262224 0.11423 0.0125227 -0.0513429 -0.061276 -0.0237574 0.00498527 0.00473166 0.0559153 0.0171615 -0.0151462 0.00152865 0.0133175 0.0299067 0.0609005 0.0555871 0.00254154 -0.0206401 -0.079983 -0.123782 -0.114229 -0.120118 -0.0708584 -0.0118317 0.0700804 0.0469859 0.0148052 -0.018589 -0.0638531 -0.0533023 -0.0500765 -0.0238011 -0.0117182 -0.00491016 -0.0312121 -0.049892 -0.0522766 -0.0197584 0.0386977 0.0826245 
0.171793 0.0888842 0.033812 0.0252005 0.0130162 -0.0278967 -0.0833883 -0.0344725 -0.0240624 -0.0121152 -0.00718527 -0.0143466 -0.0164586 -0.0279067 -0.0810177 -0.0829086 -0.0683898 -0.0386545 -0.0294638 -0.00205316 0.0190804 0.0827446 0.0635015 0.052813 -0.0306107 -0.0566156 -0.0409968 -0.00908649 -0.0144695 -0.047214 -0.032102 0.0323182 0.0658979 0.050508 0.0179209 0.0167656 0.00976262 -0.025517 -0.0403165 -0.0196315 
0.210111 0.115961 0.0370399 -0.0346173 -0.0737643 -0.0678903 -0.0303497 0.0229869 0.0254258 0.00530818 -0.0226604 -0.0484981 -0.101837 -0.115004 -0.0954843 -0.0358541 -0.018418 0.0339326 0.0752293 0.0685167 0.0323406 0.00700625 0.00323084 -0.00341764 -0.0310757 0.00603595 0.0159555 0.0602778 0.0496152 0.0367419 0.0577827 -0.0113166 -0.0651653 -0.104916 -0.0981587 -0.0903356 -0.0817006 -0.0418704 0.0103906 0.0283932 
0.169071 0.0737991 0.0167904 0.00430404 0.0066531 -0.0285201 0.0173948 0.0101251 0.0212402 0.0231371 -0.0161584 0.0480493 0.0371288 0.0100372 -0.0203782 -0.0320326 -0.0419919 -0.0514364 -0.0341202 -0.00386118 0.0224279 0.034326 0.0144122 0.0108198 0.0113346 0.0571385 0.0402963 0.0252167 0.00696683 0.0110322 -0.0275268 -0.0499929 -0.0528511 -0.0242192 0.0216889 0.0288839 -0.0128388 -0.0263151 -0.0159595 -0.0458935 
0.595106 0.412315 0.274757 0.110152 0.0976466 0.0833037 0.0342287 -0.0220897 -0.0326905 -0.00629832 -0.00772797 0.0429592 0.0549916 0.0051009 -0.016834 0.00476706 -0.0432672 -0.0527285 0.00880366 -0.0180255 -0.084857 -0.159931 -0.239208 -0.312756 -0.282141 -0.28488 -0.311358 -0.29564 -0.261223 -0.212027 -0.146022 -0.0968784 -0.0497277 -0.0634145 -0.0219711 0.0022365 0.0178162 0.0864485 0.115842 0.0923765 
0.484904 0.37607 0.299521 0.169026 0.0805536 0.00166229 -0.0432464 -0.0847545 -0.087926 -0.0606659 -0.0328811 -0.0145302 -0.0216313 -0.0486517 -0.0172557 -0.0370317 -0.0698423 -0.0756371 -0.107956 -0.136759 -0.144825 -0.161932 -0.159454 -0.112234 -0.0694692 -0.0774789 -0.0693766 -0.106347 -0.165975 -0.160113 -0.16909 -0.136355 -0.126874 -0.05589 -0.00208821 0.0769355 0.137658 0.093604 0.0594741 0.0513477 
0.438592 0.312778 0.197076 0.0587818 0.0165518 0.0220702 -4.49095e-05 0.0094625 -0.0198374 -0.0376229 -0.0792958 -0.0657072 -0.0795895 -0.0545771 -0.0493252 -0.112088 -0.165168 -0.187243 -0.187746 -0.0784266 0.0481239 0.127604 0.179211 0.172777 0.0993537 0.0557266 0.066572 0.064645 0.0653576 0.0666934 0.046616 0.000375317 -0.0459572 -0.0465505 -0.00589882 0.0542226 0.0938916 0.0961336 0.0918621 0.0207159 
0.2604 0.189644 0.0686736 0.0473244 0.0364937 0.0273168 0.0228332 0.0481143 -0.0244493 -0.0127693 -0.0252837 0.00417199 0.0367026 0.036259 0.0328304 0.0496814 0.0110539 0.0550239 0.0751543 0.0922848 0.068513 -0.0117581 -0.0535236 -0.0736295 -0.0773178 -0.0415348 -0.0368526 -0.0371675 -0.053793 -0.0840231 -0.0725677 -0.0472582 0.010395 0.0518986 0.073018 0.0444629 0.0229658 -0.018231 -0.0384495 -0.0513105 
0.355547 0.206398 0.0969884 0.0255571 -0.0483129 -0.0977701 -0.0718787 -0.0110098 0.0260765 0.0216559 -0.000397541 0.0312065 0.0666335 0.0923949 0.080376 0.0669661 0.0271461 -0.0551034 -0.109567 -0.113799 -0.0675702 0.0347862 0.0806536 0.123822 0.141782 0.112817 0.0632087 -0.0229352 -0.075805 -0.067322 -0.0572342 -0.0575703 -0.0766482 -0.0613075 -0.0411192 -0.0318769 -0.0277287 -0.0127036 0.0157414 0.0127267 
0.220236 0.0798256 -0.0241169 0.0147351 0.0730632 0.108486 0.111878 0.0354869 0.0210408 -0.0148996 0.00864559 -0.0164906 -0.0292405 -0.0212019 -0.00730816 0.0212679 -0.0520877 -0.0566555 -0.0873862 -0.0560464 -0.0487732 -0.0413531 -0.0575971 -0.0748006 -0.0693889 -0.0556238 -0.0327145 -0.0597159 -0.059556 -0.0650402 -0.0278377 -0.0482269 -0.0760689 -0.0743031 -0.0662472 -0.0394178 -0.0343301 -0.0179422 -0.0235214 0.0019533 
0.306807 0.162297 0.16153 0.145944 0.080201 0.0506121 0.0382528 -0.00826275 -0.0568472 -0.0688234 -0.0812521 -0.106386 -0.118958 -0.127809 -0.107107 -0.0987459 -0.115268 -0.093944 -0.0787952 -0.114805 -0.161672 -0.147099 -0.10311 -0.0702372 -0.064276 -0.0241643 0.0341495 0.0971499 0.117885 0.140105 0.16166 0.197757 0.211339 0.182606 0.162161 0.159831 0.136175 0.0922719 0.0509646 0.0114357 
0.233538 0.161975 0.113613 0.113694 0.0809866 0.0681514 0.0276645 0.000854698 -0.0222227 -0.0197256 -0.0313908 -0.0283719 -0.0603238 -0.0765366 -0.0713915 -0.0573996 -0.0271907 -0.00605374 -0.00254952 -0.0306734 -0.0208304 -0.00596544 0.0102597 -0.0429262 -0.0512806 -0.0524392 -0.0345169 -0.0307641 -0.0285722 -0.0104692 -0.0180439 -0.0514022 -0.0345803 -0.0341034 -0.0301461 -0.0705246 -0.0940424 -0.0710222 -0.0420796 -0.025363 
0.386373 0.254188 0.182907 0.144008 0.078767 0.0372151 -0.00280757 -0.0584744 -0.128891 -0.0656153 0.000345431 0.0583296 0.0596412 0.0476609 0.0185272 -0.0037807 0.00580916 0.00227041 -0.0731864 -0.147226 -0.210885 -0.217883 -0.166118 -0.0958315 -0.0879773 -0.0839177 -0.0806444 -0.0110918 0.00323026 0.00283325 0.00962108 -0.0167506 -0.0807383 -0.078859 -0.0623245 -0.0477019 -0.0826332 -0.0558874 -0.0449055 -0.0331775 
0.272007 0.168196 0.0531005 0.0456313 -0.00232422 0.0603377 0.0151408 0.0446584 -0.00501547 0.0257175 0.00101536 0.0121199 -0.0171184 0.0452625 0.00663573 -0.0185692 -0.0716555 -0.0323637 -0.0427742 0.033583 0.0121391 0.0230991 -0.018609 0.0152939 -0.0174401 0.0346968 0.0183073 0.0768429 0.0753628 0.0715832 -0.0100158 -0.00995234 -0.0316388 0.0126769 -0.0100791 -0.0244203 -0.0785837 -0.101968 -0.108658 -0.0471875 
0.279745 0.147872 0.0824887 0.0678097 0.0595791 0.0688153 0.0596176 0.0364486 -0.0136691 0.0258655 0.100943 0.140294 0.120035 0.0507274 0.0074607 0.0332652 0.0430417 0.0389378 0.0373626 0.0370593 0.0367082 0.0631111 0.129573 0.153749 0.139775 0.0988328 0.0936968 0.0931157 0.08971 0.0745848 0.0412271 0.00826844 0.00884708 0.00454932 0.0316427 0.00596335 0.0180179 0.0157313 0.0231632 0.0393352 
0.254776 0.164002 0.0922303 0.0520064 0.104849 0.106614 0.082437 0.0393974 0.0579867 0.0939876 0.0729532 0.0863621 0.0697706 0.0509932 0.0787568 0.0345216 0.0748887 0.0635352 0.0553636 0.0874142 0.0857621 0.10807 0.111961 0.118894 0.120226 0.0816592 0.125181 0.116774 0.126012 0.151195 0.107659 0.0866066 0.0588019 0.0842947 0.0655595 0.0337123 0.0260953 0.0202877 0.00876082 0.0983551 
0.252152 0.185613 0.133183 0.113834 0.0890701 0.0321002 -0.0176824 -0.0385886 -0.00974825 -0.0342058 -0.0455312 0.00541697 -0.0116025 0.0382239 0.0479005 0.0544757 0.0583016 0.0653223 0.0665584 0.072369 0.0752098 0.0367673 0.0377536 0.0426233 -0.00224462 -0.0148376 -0.00875471 -0.00669645 -0.00154895 -0.00505189 -0.0512066 -0.0374485 -0.0338098 -0.0203245 -0.0331721 -0.0232596 -0.0398502 -0.0531056 -0.0275519 -0.032537 
0.247532 0.157208 0.109271 0.0597794 0.0250853 -0.00902501 0.00761721 -0.0200395 -0.0658034 -0.0400137 -0.0340261 -0.0767635 -0.0692113 -0.0243651 0.00214039 -0.0417967 -0.0766209 -0.0642885 -0.106557 -0.088966 -0.086799 -0.0703708 -0.0663699 -0.0728035 -0.0130643 0.00565805 0.0200712 0.0662495 0.131523 0.171477 0.122049 0.0865615 0.0862567 0.0530955 0.0119341 0.0431234 0.041801 0.0344301 0.0141133 0.0280728 
0.339571 0.224165 0.145884 0.116913 0.0649034 0.0415739 0.05209 0.0644899 0.0801441 0.0600069 0.059929 0.0751298 0.0412461 0.0268759 0.0210115 0.0320238 0.0545574 0.0655869 0.0908461 0.0902897 0.0685841 0.0268318 0.0383918 -0.0109609 -0.0332575 -0.0167212 0.0447484 0.0744146 0.0823065 0.0860627 0.0682435 0.00538236 -0.058921 -0.0819448 -0.0776109 -0.0940998 -0.0894608 -0.109606 -0.0607692 -0.0597993 
0.134142 0.0583375 0.0612146 0.00948932 0.04708 -0.00733077 -0.0397933 -0.0202212 -0.0280487 -0.0119471 0.0269794 -0.0296364 -0.0145771 0.0717323 0.0382329 0.0668763 0.022278 0.00486508 0.0818819 0.0656654 0.0443119 0.0488913 -0.000700153 0.0180208 0.0356505 -0.0117029 -0.00592501 -0.0296983 -0.0507591 -0.0226241 -0.0425227 -0.0409344 -0.017409 -0.00346897 0.0222374 0.0462713 0.0303185 0.0463378 0.0331291 0.0196371 
0.365964 0.183222 0.0534347 0.00837527 0.000242169 0.00634846 -0.0210353 -0.0727945 -0.110614 -0.0626374 0.0335045 0.0639496 0.0448228 -0.0131564 -0.0635015 -0.0840141 -0.0245884 0.0154509 0.0282767 0.0134359 0.035181 0.00459205 0.00297114 0.00314169 -0.0291189 -0.0752301 -0.0817921 -0.0611316 -0.0349209 -0.0428037 -0.0445914 0.0422065 0.0582967 0.067872 0.0422652 -0.00185364 -0.0351684 -0.0126195 0.0184598 0.0792188 
0.349766 0.213531 0.121824 0.0392541 0.00454746 0.0169641 0.0700774 0.116196 0.127128 0.0846921 0.0326269 0.00806078 0.0111643 -0.0177482 -0.0411533 -0.0033132 0.0289331 0.0360828 0.0595084 0.069287 0.0604438 0.0694739 0.0375729 0.0103091 -0.00742364 0.00411521 -0.00961405 -0.0387156 -0.0376957 -0.0226251 -0.0307992 -0.0400062 -0.0289799 -0.0424203 -0.0213684 -0.057697 -0.0753327 -0.0928393 -0.0908687 -0.0925373 
0.395672 0.238399 0.157413 0.117467 0.0431554 -0.011491 -0.0794682 -0.0854305 -0.0827207 -0.0967159 -0.129979 -0.119916 -0.103063 -0.0398009 0.0193234 0.0292039 0.0233671 0.00110868 -0.0258558 -0.0200917 -0.00708306 0.0254791 0.0792252 0.141999 0.227288 0.220572 0.151587 0.0891807 0.0877927 0.0584554 0.00464304 -0.0499917 -0.106003 -0.162553 -0.237688 -0.283695 -0.308357 -0.250268 -0.20224 -0.117808 
0.160479 0.05847 0.00719383 0.00650754 -0.0207415 -0.0588523 -0.0615679 -0.0320756 -0.062533 -0.0597777 -0.0331647 -0.0196345 -0.0329929 -0.0296959 0.0255097 0.0356265 0.0462939 0.011629 0.0427231 0.0704739 0.00248229 -0.00164424 -0.00800092 0.0177827 -0.0277883 -0.0495939 -0.0458883 -0.0109299 -0.0271058 0.0253767 0.0194439 0.0265879 -0.0145921 0.0169681 0.0170339 0.014157 -0.00506664 -0.0343737 -0.0109926 -0.0345861 
0.315693 0.233163 0.209992 0.187595 0.174567 0.153868 0.14182 0.1107 0.133169 0.134383 0.148943 0.0964151 0.0655857 0.0567989 0.0509519 0.0665358 0.0446968 0.0297013 0.0318348 0.0210141 0.0157739 0.0541546 0.0503768 0.058762 0.0163763 0.0389786 0.0645026 0.0746985 0.0782968 0.0816365 0.112722 0.102169 0.151357 0.135324 0.157843 0.105966 0.126443 0.172579 0.131018 0.126969 
0.209272 0.119914 0.115256 0.107275 0.102081 0.0942898 0.0765307 0.072481 0.0606121 0.0139346 -0.0196823 -0.032313 -0.0270454 -0.043999 -0.0931794 -0.0922563 -0.0714134 -0.0846612 -0.102272 -0.0944955 -0.0604305 -0.0419805 -0.063576 -0.0652345 -0.042049 -0.020613 0.0180076 -0.0217808 -0.0225348 0.0195992 0.02505 -0.00589821 0.0412581 0.0739128 0.0146174 0.00737438 -0.0163478 0.0345038 0.0272212 0.00186635 
0.215437 0.143705 0.0844364 0.0762855 0.0386125 0.00491601 0.0131368 0.0327941 0.00374208 0.00562943 -0.0445802 -0.0503932 -0.0116479 -0.0341754 -0.031672 -0.0296184 0.0262813 0.061993 0.0417843 0.0248669 0.0303304 -0.0181208 -0.0298912 -0.00152521 0.0559952 0.0525587 0.0257783 0.0271564 0.0175822 -0.0362438 -0.0155373 0.0221849 0.0333171 0.0705534 0.0933551 0.117925 0.0694496 0.115329 0.0761092 0.0471923 
0.246766 0.145004 0.0928637 0.0505186 0.0547102 0.04712 0.0432577 0.0229246 0.0292517 0.0135443 0.0612985 0.0616078 0.0263801 -0.0114414 -0.0466666 -0.0395132 -0.0404277 -0.0325663 -0.0505855 -0.0803103 -0.0893965 -0.0962185 -0.0765632 -0.0747837 -0.0693414 -0.126217 -0.127366 -0.0610517 -0.0206206 0.0238771 0.0233431 -0.0315552 -0.0381089 -0.0695255 -0.0748025 -0.0465582 -0.0148666 -0.0187267 0.00748547 0.00920454 
0.258858 0.178779 0.0954178 0.0498759 -0.0149064 -0.0560132 -0.0595578 -0.0860156 -0.0876435 -0.0727677 -0.075686 -0.0748861 -0.0839185 -0.0586037 -0.0207848 0.0374951 0.0632226 0.0904427 0.0923411 0.0765418 0.0273648 0.0489232 0.0495658 -0.00583723 0.00311053 0.0147797 -0.051256 -0.130512 -0.168898 -0.129283 -0.126662 -0.0730044 -0.0238136 -0.0222787 0.0415785 0.0840779 0.149251 0.107894 0.0959035 0.0813374 
0.307541 0.158685 0.0584942 0.0578947 0.0763555 0.115216 0.0721578 0.0394384 0.0541086 0.0803613 0.0736037 0.0550546 0.0541268 0.0972191 0.186921 0.144138 0.0721458 -0.00033777 -0.0256341 -0.0108698 0.0273633 0.0477047 0.0233013 0.0228978 0.0570379 0.0701339 0.0344831 0.0126688 -0.0127505 0.0164054 0.0654598 0.0652864 0.036969 -0.00174001 0.0223822 0.0693156 0.0740696 0.0181308 -0.0255369 -0.0580415 
0.252862 0.179298 0.151167 0.09971 0.0946343 0.0972737 0.0927412 0.0450314 -0.00155444 0.0228026 -0.0307719 -0.0799831 -0.0594604 -0.0604895 -0.0991744 -0.0794022 -0.0584331 -0.0779296 -0.0911956 -0.0911536 -0.135983 -0.173585 -0.153366 -0.145345 -0.152482 -0.117367 -0.0972142 -0.0957367 -0.114687 -0.0889809 -0.0817102 -0.0760335 -0.0171861 0.00761326 -0.00330996 -0.000929376 0.00897409 0.0356364 0.032091 0.077425 
0.408634 0.294789 0.181223 0.104942 0.104172 0.0875946 0.107568 0.1167 0.154538 0.122018 0.0939818 0.0464056 -0.0185373 -0.0632638 -0.0531794 -0.0391381 0.0236988 0.0303839 0.0128885 -0.0130144 -0.0221987 0.0300526 0.000791306 0.0452596 0.0372232 0.0104772 0.0142321 0.0269336 0.0474788 0.0546868 0.0750229 0.0770051 0.110905 0.101722 0.0598027 0.05166 0.0338718 0.00678263 0.0182566 0.0188003 
0.2483 0.168595 0.132752 0.126766 0.0805193 0.0746265 0.0320799 0.0239793 -0.0143905 0.0462623 0.0662845 0.0437927 0.0377191 0.0366407 0.0075079 0.0185518 0.00827458 0.0611294 -0.0104628 -0.0198759 0.00837846 0.0143662 0.042207 0.11251 0.0888597 0.0749991 0.0671261 0.0915482 0.101118 0.0698188 0.0340032 0.0318406 -0.00860926 0.0145468 0.00109377 0.0312148 -0.00116409 0.026623 0.0372697 0.0189098 
0.30475 0.261648 0.230765 0.222771 0.22616 0.118502 0.120896 0.135443 0.0976085 0.0431103 0.00966355 0.0201033 0.00682843 0.020476 0.0259485 0.0708784 0.0754459 0.0594777 0.0477783 0.0659268 0.0408696 0.0596198 0.0499863 0.0556392 0.083594 0.0282125 0.0334672 -0.00242862 -0.0351611 -0.0358564 -0.042863 0.000392708 -0.0397212 -0.0737158 -0.0882658 -0.101676 -0.131373 -0.175376 -0.16019 -0.136571 
0.244714 0.0960178 0.0207231 -0.0422153 -0.0855949 -0.111581 -0.123726 -0.0879221 -0.0526552 -0.0301785 -0.00210433 0.0271033 -0.00404697 -0.0567942 -0.055364 -0.0466044 -0.0311557 0.0387443 0.0589994 0.05316 0.0481479 0.0136537 0.0101644 -0.00732985 0.0396477 0.0486831 0.028705 -0.0173396 -0.029426 -0.0454575 -0.0149222 -0.0615366 -0.0880962 -0.0721551 -0.0330099 -0.00855105 0.0413595 0.00798638 0.0838526 0.0631155 
0.287252 0.198969 0.0751319 0.00536579 -0.0549285 -0.0814105 -0.0558754 -0.0562672 -0.0377307 -0.0851085 -0.100058 -0.13572 -0.115195 -0.118717 -0.0611335 0.0367653 0.106505 0.173375 0.131523 0.116365 0.0678781 0.0502886 0.057517 0.0694271 0.0848086 0.0451728 0.0151956 -0.0791222 -0.129038 -0.180863 -0.185476 -0.146871 -0.0993929 -0.0183724 0.0415142 0.13245 0.130764 0.126597 0.0856553 0.0606403 
0.114098 0.0378003 -0.0212786 -0.0134491 -0.0116462 -0.00809757 -0.00402175 -0.0229435 -0.000308492 0.00815319 0.00701576 -0.0120874 -0.0127731 0.0424601 0.0423457 0.00900745 0.0367073 0.0189876 0.0459075 0.034365 0.0318053 0.020899 0.0102489 -0.0088433 -0.0182523 -0.0265959 -0.0661558 -0.0276431 -0.00523429 0.00873564 0.0191064 0.000519835 -0.0182882 -0.0199046 -0.0257853 -0.00187968 0.0084281 0.00798382 -0.00235877 0.015474 
0.312763 0.184283 0.0798439 0.0138522 -0.063398 -0.027484 -0.0258123 -0.0193548 0.00466045 0.0692643 0.0681862 0.120342 0.120054 0.136181 0.0338685 -0.0112817 -0.0197641 -0.0241813 -0.0335218 0.0210454 0.0829519 0.0495495 0.0263821 0.012952 -0.00428065 0.0181148 0.0444047 0.0580468 0.0723527 0.0589865 0.0880972 0.0987897 0.0759001 0.0370395 0.0239148 -0.0557234 -0.0591502 -0.0661605 0.000372893 0.0676628 
0.351534 0.252641 0.159418 0.132012 0.106473 0.131286 0.13411 0.130022 0.0884116 0.0777632 0.0581354 0.0376487 0.0209406 0.0705241 0.0731484 0.101719 0.103828 0.116359 0.0938613 0.0785268 0.0394743 0.0110081 0.00894618 -0.0208279 -0.0307039 -0.0415086 -0.0327536 -0.0327987 -0.0549491 -0.0592573 -0.0512118 -0.0677187 -0.0986847 -0.104724 -0.097189 -0.0601519 -0.00878229 -0.0526585 -0.0866563 -0.140803 
0.378934 0.300552 0.228707 0.119003 0.065296 0.0261857 -0.041213 -0.0332923 -0.0800332 -0.081432 -0.035611 -0.071419 -0.0947368 -0.114811 -0.108958 -0.133365 -0.114861 -0.139623 -0.069119 -0.0786886 -0.0714683 -0.0624334 -0.0255043 -0.00948443 -0.0124841 -0.0256432 0.00178094 -0.0157268 0.0141948 0.0639264 0.072594 0.0908373 0.072739 0.0909334 0.0447985 -0.0289019 -0.045077 -0.0597284 -0.0446015 -0.0113522 
0.443961 0.241185 0.124983 0.150384 0.119452 0.0893313 0.0289095 0.0283346 0.0723738 0.126041 0.207186 0.207904 0.134791 0.0135888 -0.0357969 -0.01585 0.0386343 0.0370889 -0.0166567 -0.0259629 0.046018 0.115819 0.0578488 0.00858759 -0.0229595 -0.00720496 -0.0449536 -0.0305152 0.0192692 0.0498196 -0.0101556 -0.0183111 0.0144066 0.0474702 0.0297235 -0.00952945 -0.0532002 -0.0729538 -0.0640242 -0.0567799 
0.132586 0.0318986 -0.0248365 -0.00677437 -0.0171307 -0.0158338 -0.0123069 -0.0214033 -0.000533231 0.0313241 -0.00418362 -0.0224192 -0.0350954 -0.00508241 -0.00549306 -0.031886 -0.00504495 0.0237351 0.0298932 0.0355181 0.0427227 0.0270346 0.00156386 0.0404225 0.0458539 -0.0318009 -0.0278927 0.0193146 0.0364961 0.0368293 0.0191202 -0.0284889 -0.036385 0.00923719 0.0457591 0.0166181 0.00806496 -0.0294679 0.0188237 0.0349072 
0.294962 0.191093 0.118245 0.103834 0.04915 0.0234483 0.00425334 0.0157046 0.0522922 0.0671373 0.0461993 0.0466682 0.0267726 -0.0249807 -0.101914 -0.128417 -0.139779 -0.131493 -0.181056 -0.172231 -0.134147 -0.0752738 -0.116543 -0.153877 -0.154427 -0.129462 -0.113952 -0.0839628 -0.111842 -0.0931803 -0.0663266 -0.0322491 -0.0684548 -0.0440079 -0.020932 -0.0316438 -0.0412467 -0.0437227 0.00313258 0.0385695 
0.272775 0.188151 0.0940896 0.0642765 0.0874313 0.00250762 -0.0422877 -0.0761865 -0.0357549 0.00870742 -0.00636216 -0.0273625 -0.0545805 -0.00614131 -0.0343511 -0.00152768 -0.0677955 -0.0632266 -0.0935592 -0.0861701 -0.0571933 -0.0377475 0.0267343 0.0612034 0.144814 0.142689 0.120473 0.120417 0.0610935 0.0703049 -0.0223755 -0.0225776 -0.0527439 -0.0474558 -0.0453586 -0.0640603 -0.0614577 -0.0586189 -0.00787827 -0.0105719 
0.401137 0.24694 0.0997424 0.05893 0.0847694 0.110787 0.117366 0.128139 0.168157 0.13459 0.072507 0.0576191 0.0106727 0.0425653 0.0309086 0.0495627 0.0870222 0.165936 0.134478 0.0214736 -0.0984795 -0.149557 -0.106599 -0.0957859 -0.0615648 -0.0856387 -0.0923334 -0.100623 -0.112191 -0.0820528 -0.125304 -0.0946263 -0.095651 -0.0712385 -0.0174166 0.0156371 -0.00361318 -0.067837 -0.116231 -0.156738 
0.218968 0.0881886 0.0538225 0.0388325 0.0236856 0.0254014 0.00190296 -0.0137635 -0.0164945 0.0106702 0.0332673 -0.0190655 -0.0653282 -0.0235175 0.0182427 0.0574874 0.0603687 0.0513174 0.0423799 0.0200599 0.0390575 0.0207446 -0.0317299 -0.0256732 0.0158385 -0.00948257 -0.00498802 -0.0467808 -0.0335082 -0.00290419 0.0199031 0.0152716 0.00253842 -0.0304908 -0.0223976 0.0513333 0.0371772 -0.01399 -0.0496088 -0.0575092 
0.292062 0.139333 0.0640282 -0.0080719 0.00986032 -0.0120766 0.0162111 0.0626607 -0.0120992 -0.0346756 -0.0346394 -0.0802209 -0.107589 -0.0689166 -0.000624297 0.0637717 0.0736725 0.048793 0.00796684 -0.0522216 -0.105719 -0.0727482 -0.0426772 -0.0168196 0.00819052 -0.012875 -0.0609355 -0.0835147 -0.102973 -0.087845 -0.0913423 -0.0659213 0.0352107 0.083204 0.112231 0.075516 0.00838951 0.0295409 0.0118059 0.0347197 
0.235799 0.144706 0.0623315 0.00486698 -0.0271432 -0.00692972 0.00668972 0.0259661 0.052967 0.0445449 0.059067 0.0902902 0.0929629 0.0635198 0.0558362 0.0507795 0.0266189 0.0182414 0.0275538 0.0242128 0.0371663 0.0400855 0.0194061 0.0267146 0.0284423 0.0229048 0.0242982 0.0660616 0.0681663 0.095731 0.052798 -0.00765746 -0.0655771 -0.0912014 -0.102663 -0.0736178 -0.0100949 -0.00716087 -0.00971336 -0.000797058 
0.373634 0.232884 0.120466 0.00799092 -0.0750715 -0.146158 -0.141832 -0.0746423 -0.0522731 0.00387976 0.0336046 0.0622239 0.0752335 0.0856655 0.0601859 0.00183075 -0.0229246 0.00872652 0.00546683 0.0584505 0.0722105 0.0700185 0.0440106 -0.0431786 -0.0340001 -0.0267218 -0.0173181 0.043992 0.0716068 0.114345 0.117711 0.11583 0.136532 0.0811307 0.0559441 0.0458959 -0.00268046 -0.0685363 -0.086729 -0.0703814 
0.278232 0.111642 -0.0161246 -0.0608085 -0.0716252 -0.108794 -0.0524417 -0.0115329 -0.0236844 0.0330835 0.00599125 0.0464179 -0.0231292 -0.0821253 -0.0993429 -0.00872688 0.0689786 0.115432 0.0827828 0.0774261 0.0171423 -0.0717579 -0.0860708 -0.0622103 -0.0866558 -0.0873018 -0.0659831 0.0367272 0.0553044 0.0762627 0.0725353 0.0662636 0.0617385 0.027292 0.0138617 0.0291633 0.037721 0.0137577 -0.044455 -0.0669877 
0.313846 0.225227 0.142319 0.0962111 0.0848058 0.0632799 0.0278691 0.0110078 0.0737137 0.0527264 0.0537105 -0.00733099 -0.0303714 -0.0315342 -0.0284456 -0.0265816 -0.0191804 -0.0466882 -0.0389812 -0.00632692 -0.0482574 -0.0195538 -0.0377971 -0.0426799 -0.0704257 -0.0534221 -0.0766685 -0.0561079 -0.0402811 -0.0826952 -0.0871232 -0.0993389 -0.0976081 -0.0942591 -0.0776181 -0.0802035 -0.0722732 -0.0438239 -0.021307 -0.0315202 
0.518074 0.403556 0.308766 0.184342 0.0913649 0.0744581 0.0494326 0.0739075 0.117619 0.116031 0.158626 0.241514 0.246976 0.226593 0.240676 0.18892 0.119663 0.137319 0.104572 0.0847957 0.0614612 0.0510889 0.0168254 0.0363729 0.0128918 0.0107539 0.103009 0.117172 0.121551 0.095068 0.0562719 0.00251149 -0.0193001 -0.0258902 -0.029006 -0.0192446 -0.00770365 0.0153408 0.0401115 0.0277268 
0.304294 0.214141 0.136977 0.109306 0.0367549 -0.00712641 -0.041735 -0.0932351 -0.116709 -0.097185 -0.0129899 -0.021733 0.00911667 0.0448389 0.0805935 0.0462144 0.0242634 0.0125138 0.0397986 0.0252646 0.0457938 0.0590393 0.0311047 0.044814 0.0258853 0.00594615 -0.0372271 -0.0550417 -0.045642 -0.0507168 -0.0613084 -0.0622581 -0.0101692 0.0145866 0.0736814 0.0481033 0.0446755 -0.00681537 -0.0347449 -0.0473253 
0.259616 0.178475 0.1055 0.0531115 0.0255295 0.0131821 0.0280879 0.0397601 0.0244968 0.0115693 0.0165637 0.0261317 0.0216667 0.00841196 -0.0194368 -0.0613189 -0.0963554 -0.108922 -0.142287 -0.139808 -0.128131 -0.0647984 0.0101129 0.00544062 0.0255591 0.00895098 -0.0295011 -0.12019 -0.142443 -0.11046 -0.0722352 -0.0550908 -0.0355069 -0.011724 -0.00683438 0.0103183 -0.00583491 0.0476721 0.0206304 0.0239884 
0.187239 0.0703429 0.0718493 0.104184 0.0909418 0.092129 0.00723771 -0.0679006 -0.0552104 -0.0336945 -0.00672156 -0.0271279 -0.0325476 -0.0383491 -0.00596707 -0.0092663 0.0593928 0.0667548 0.0539997 0.0273336 0.0679322 0.0534764 0.058706 0.0359868 0.0160594 -0.00615194 -0.0160603 0.022848 0.00633194 -0.0677243 -0.0742934 0.0302888 0.0435848 0.0233013 0.0236373 0.0346184 0.0258851 0.121581 0.11552 0.0714091 
0.181467 0.0754929 0.0674797 0.0701566 0.0449923 -0.0379665 -0.0321409 0.0264653 0.0182188 -0.00336075 0.00691479 -0.00367009 -0.00495937 -0.0509776 -0.00909902 0.00140602 -0.0465408 -0.0847451 -0.0407432 0.0378309 0.00664775 -0.0583323 -0.0569007 0.00676813 0.00773158 0.00134289 -0.00596272 0.0228927 0.0516026 0.0237152 0.00475321 -0.0122367 -0.0318175 -0.0364362 -0.0439063 -0.0170603 -0.0110985 -0.021209 0.00965542 0.0221541 
0.345011 0.248704 0.161908 0.0920088 -0.0102035 -0.128173 -0.12092 -0.122585 -0.094433 -0.0435538 0.0261932 0.0830933 0.129444 0.156946 0.132924 0.114023 0.110558 0.0544859 0.0232956 0.00959593 -0.0144817 -0.00777368 -0.068265 -0.0257477 -0.0489859 -0.0737816 -0.0633891 -0.059673 -0.070685 -0.0872065 -0.0422943 0.0374297 0.0603684 0.0423202 0.053906 0.0906295 0.0742284 0.0074931 -0.0676944 -0.142101 
0.199867 0.113739 0.100211 0.0579032 0.0663937 0.0213273 -0.00140267 0.0327118 0.0666496 0.062112 0.0529805 0.0456037 0.0263674 0.0064326 -0.0292114 -0.0630157 -0.0822525 -0.0807127 -0.0817123 -0.052086 -0.035786 -0.0209365 -0.0110635 0.0172317 0.0176239 0.0085232 -0.00760734 -0.0248775 -0.0361331 -0.00794533 0.00465836 -0.0193555 0.0283039 0.0702074 0.0823061 0.073412 0.0138747 0.012638 -0.0265303 -0.0625272 
0.173133 0.0768879 0.0130647 -0.0476955 -0.0269838 -0.0211809 -0.00104896 0.0300445 -0.00368351 -0.0525228 -0.0601395 -0.0420366 -0.0214073 0.0107645 -0.00674251 -0.00298458 -0.0234291 -0.0410403 0.0115972 0.0172256 0.0387178 0.032221 -0.0015301 -0.0274935 -0.0546676 -0.114813 -0.064474 -0.0225978 -0.00433308 0.0267186 0.0276092 0.0336889 0.0270112 -0.000172809 -0.00449046 0.0386326 0.00857632 0.0219684 -0.00547806 -0.0210051 
0.281006 0.167309 0.0786307 0.0500985 -0.0191258 -0.000497432 -0.0105681 0.00153294 -0.0150755 0.0607838 0.0882145 0.127576 0.134704 0.0951611 0.039422 -0.0354228 -0.0271897 0.015711 0.0256317 -0.0255945 0.0141672 0.0169106 0.064048 0.0690613 0.110124 0.0383802 0.0239634 -0.00968472 -0.0140823 -0.0616425 -0.0599642 -0.107433 -0.127298 -0.141042 -0.0710587 -0.0143561 -0.00312391 -0.0183777 -0.0487635 -0.0931261 
0.25457 0.100506 -0.00527311 -0.0435293 -0.0161651 0.00420704 0.0394187 0.0374496 -0.0130245 -0.0466786 -0.0905042 -0.0956724 -0.0810142 -0.0877567 -0.0489573 -0.0171664 0.0011426 0.0161453 0.0119433 0.015579 -0.0119747 -0.033629 -0.0486542 -0.0674842 -0.0161784 0.0131986 0.00959333 0.0276858 0.00561431 0.00174787 -0.00392845 0.0151405 0.0152421 -0.013092 0.0155463 0.0614155 0.0862727 0.104692 0.0919752 0.0846833 
0.318041 0.264785 0.17095 0.195927 0.11367 0.142829 0.131011 0.168198 0.11308 0.0884452 0.010008 0.0273867 -0.041 -0.0331274 -0.0656465 -0.10075 -0.155974 -0.152266 -0.145131 -0.154086 -0.13983 -0.159851 -0.165509 -0.206008 -0.17692 -0.149095 -0.137131 -0.172267 -0.107535 -0.11113 -0.100888 -0.163588 -0.0789902 -0.0275989 0.0327373 -0.041739 -0.0103933 -0.0044246 0.0217372 -0.0292056 
0.407815 0.267991 0.113802 -0.00190811 -0.0998635 -0.137961 -0.105827 -0.0787789 -0.0549326 -0.015637 -0.00437979 -0.0160883 -0.020945 -0.0569336 -0.073152 -0.0973668 -0.0729217 -0.0400069 -0.0442685 -0.0470176 0.0078137 0.033155 0.0634253 0.0525097 0.0840951 0.074074 0.0679158 0.057567 0.061311 0.0588444 0.0333543 0.0150751 0.0274126 0.0144238 0.0188398 0.0470867 0.0228115 -0.0460882 -0.136826 -0.13913 
0.345356 0.239011 0.15224 0.0839456 0.050365 0.0136146 -0.00281285 0.0119242 -0.0039786 0.0249731 0.0311806 0.0383891 0.0407272 0.0529166 0.0736303 0.0773434 0.0838461 0.0785847 0.0386177 -0.0232338 -0.0626302 -0.0651465 -0.0646827 -0.0421392 -0.025428 -0.0315821 -0.00342153 -0.00643762 0.0373159 0.0831594 0.099649 0.130678 0.0864123 0.0716797 0.0530722 0.0202245 0.0164707 0.0197188 0.00470124 0.0245123 
0.40151 0.316682 0.256692 0.218626 0.208932 0.172468 0.143378 0.0765545 0.0714247 0.0156463 -0.0402696 -0.0381942 -0.0572264 -0.043408 -0.045288 -0.0421796 -0.109373 -0.121255 -0.100898 -0.0582143 -0.0385969 -0.0635659 -0.0385953 -0.0303722 0.0118236 0.0340191 0.0168502 0.0447955 0.0600344 0.0676797 0.0800805 0.12845 0.0781257 0.106232 0.126801 0.0602466 0.0182301 -0.03515 -0.0449448 -0.0567472 
0.211746 0.0978329 0.00646267 -0.0526042 -0.100441 -0.0847014 -0.0537929 -0.0357803 0.000744516 0.0457849 0.034248 0.00864223 -0.00640131 0.00625719 0.0124737 0.0452582 0.0315301 -0.013791 -0.0647054 -0.103974 -0.13755 -0.145485 -0.105866 -0.0703933 0.0116504 0.0357809 0.088055 0.104254 0.105129 0.0577642 -0.000219804 -0.0428345 -0.0638172 -0.0866367 -0.0445458 -0.0220326 -0.0341962 -0.0112387 0.0428313 0.0144061 
0.206928 0.116015 0.0331056 0.00725882 -0.0167521 0.0198084 -0.0263946 -0.0139132 0.000166761 0.0254494 0.0259416 -0.00259371 -0.0483602 -0.00522984 0.0232463 0.0455964 0.0261239 -0.0316541 -0.00688497 0.0238971 0.0592148 0.0824821 0.0742946 0.0227583 -0.00149334 0.0339459 -0.00199069 -0.00309658 -0.0361519 -0.0132607 0.00204564 0.0186068 0.0388635 0.0430175 0.0294599 0.0772857 0.0957198 0.0987762 0.0840161 0.0688688 
0.237829 0.13343 0.0634872 0.0078188 -0.0829157 -0.104491 -0.0981403 -0.10963 -0.0310569 0.0102378 0.0221194 0.0332192 0.0983786 0.0680033 -0.028466 -0.0351596 -0.0363435 -0.0325033 0.0134066 0.0701595 0.048231 0.041683 0.0135859 0.0184179 0.00322264 -0.0389041 -0.0217058 -0.0483656 -0.0251554 0.00357362 0.0816022 0.0966152 0.106796 0.0905651 0.0226769 -0.0358368 -0.0906614 -0.0531349 -0.073552 -0.0645913 
0.394919 0.235518 0.0831163 0.0116141 -0.0231882 0.0173605 0.00509118 0.0492423 0.0720734 0.115209 0.109075 0.0826167 -0.000271057 -0.0232697 -0.0454923 0.00883945 0.0313279 0.0381741 0.0158996 -0.0209075 -0.0617067 -0.07231 -0.112638 -0.0832374 -0.0736521 -0.0542985 -0.0270563 0.0270259 0.0165339 -0.0162029 -0.105829 -0.126506 -0.109102 -0.0587368 -0.0192191 -0.0187724 -0.0820409 -0.0648616 -0.0471854 -0.0168784 
0.286211 0.142758 0.0285935 -0.000650185 0.00683482 -0.0196532 -0.071408 -0.0961955 -0.0992992 -0.0920921 -0.0889196 -0.083587 -0.0603524 -0.0269719 -0.0222038 0.0101427 0.00388833 -0.0283535 -0.0764505 -0.0934109 -0.032284 0.066546 0.112652 0.0653747 0.0361454 -0.0251101 -0.00131852 0.0266068 0.0319559 0.0350009 -0.00958477 -0.0731546 -0.110454 -0.106168 -0.0543741 -0.0413225 -0.0237734 -0.00777869 0.0355608 -0.00752823 
0.238889 0.15046 0.109798 0.0918714 0.0539086 0.0552549 0.0643219 0.0560563 0.028379 0.00342428 -0.00263553 0.0294327 0.0228682 0.0400279 0.0680356 0.0619823 0.0224022 0.0180966 0.023106 -0.0269846 -0.0461035 -0.0410172 -0.0402824 -0.00480822 -0.00516423 -0.0107203 -0.00814657 0.0060217 -0.00728764 -0.0096292 0.0408429 0.0301745 0.0487622 0.0506894 0.0494905 -0.0142692 -0.0418914 -0.065085 -0.0439683 -0.0281311 
0.184022 0.101901 0.0750741 -0.0155063 -0.0611918 -0.0452101 -0.0304431 -0.027836 -0.0167891 0.00656449 0.0155487 -0.0164487 -0.0188166 -0.0276966 -0.0629113 -0.0500288 -0.024066 -0.0332821 -0.032372 0.0227903 0.0171401 0.0307961 0.00829909 0.0399636 0.00139662 -0.0221934 -0.0107281 0.00251017 -0.00850414 -0.0365195 -0.0529854 -0.0558282 -0.0572988 -0.0624022 0.00175226 0.00585927 0.01279 0.0403951 0.0416432 0.0359362 
0.344706 0.257894 0.1615 0.0975675 0.0774238 0.0287926 0.00669144 -0.0137323 -0.0099486 -0.0218397 -0.0206964 -0.0268834 -0.0238318 0.0161641 0.0401879 0.0320966 0.0611281 0.0291621 0.058105 0.0993215 0.144469 0.138874 0.0993977 0.084086 0.0498926 0.0384307 0.0516869 0.0523556 0.0496659 0.0638246 0.0670241 0.0322367 0.0503955 -0.0225797 -0.060376 -0.126217 -0.11333 -0.132671 -0.122203 -0.104187 
0.200042 0.107471 0.0916291 0.0390291 -0.034541 -0.00696402 0.0313322 -0.0253533 -0.0417371 -0.0727472 -0.12364 -0.128999 -0.101407 -0.0555004 -0.0513393 -0.0224357 0.0131481 0.00464368 0.0138241 0.0215769 0.0249336 0.0178767 0.0506513 0.0666556 0.00827466 -0.0409727 -0.0281776 -0.0163952 -0.0152548 -0.0163027 0.00852924 -0.0198598 -0.00690794 -0.00931504 -0.000126147 0.0705533 0.132907 0.0952871 0.0765426 0.0441701 
0.286954 0.172588 0.099164 0.0747326 0.0459269 0.0198154 -0.017199 -0.00942465 -0.0317151 -0.0107094 -0.0267502 -0.0011833 0.0289346 0.046377 0.00569829 -0.0360794 -0.0103753 0.0305241 0.051305 0.0514587 -0.00301363 0.011047 0.0241836 0.0112263 -0.0177688 -0.0680361 -0.0836815 -0.0631996 -0.0437933 -0.056684 -0.0651539 -0.0539916 -0.0418576 -0.0579393 -0.0361178 0.0128804 0.0861952 0.0697396 0.0416591 0.00879845 
