-0.0126209
1.08121
1.10143
0.458998
0.356348
0.579662
0.441139
-0.467228
-0.887387
-1.71659
-1.06243
-0.527632
-1.16304
-1.86279
-1.57788
-1.38719
-1.32892
-2.30373
-2.75722
-1.86854
-1.52173
-1.2811
-1.1131
-0.900047
-1.53909
-1.0066
-1.05108
-1.76284
-0.780026
-0.745088
-0.482884
-0.358722
-0.453759
-0.206914
0.0843152
-0.441785
-0.536962
0.488124
0.25401
-0.145586
0.906486
1.04327
0.916636
0.523566
0.240995
0.287175
0.766772
0.51869
0.329621
0.49414
0.256045
-0.193853
-0.156148
-0.11971
0.00753279
-0.133607
0.101359
0.589731
0.787957
1.00191
0.620735
0.554236
0.537717
0.23757
0.0384371
-0.144939
-0.7142
-0.18874
-0.507567
-0.476064
0.337904
0.325569
-0.510521
-0.661959
-1.15842
-1.09617
-0.696415
-0.195428
-0.616109
-1.01202
-1.28931
-1.38871
-1.05745
-1.16028
-1.00469
-0.464988
-0.0616146
0.159369
0.0747931
0.285909
0.43056
0.71902
0.264133
0.451128
0.23005
0.0491132
0.164599
0.23482
0.700222
0.278393
-0.167029
-0.706138
-0.572827
-0.640521
-0.9819
-1.03299
-1.07657
-0.725593
-0.309122
-0.727034
-0.656893
-1.29942
-1.45445
-1.3831
-0.906463
-1.01177
-0.743684
-0.769358
-0.654985
-0.125
-0.114372
0.576149
0.403758
-0.210424
0.133719
-0.565446
-0.0762459
-0.739371
-0.918618
-0.903944
-1.44869
-0.898778
-0.231335
-0.471795
-0.427284
-0.195381
0.412351
0.695028
1.20791
1.49908
1.47674
1.09756
1.48129
1.28
0.723729
-0.220455
0.0055138
-0.083895
-0.245075
-0.866578
-0.586609
-0.739522
-0.397035
-0.728107
-0.660701
-0.501032
-0.657407
-0.458675
-0.212674
-0.346758
-0.556981
-0.296177
-0.178018
0.113666
0.279873
0.340284
0.920712
0.851389
0.395701
0.0912175
0.468501
-0.22738
-1.43465
-1.28582
-1.38823
-1.0289
-1.12812
-0.318942
-0.0704962
-0.626455
-1.01268
-0.388873
-0.0619313
1.02592
1.04429
0.53794
0.565871
0.404218
0.483562
0.554505
0.461338
0.671539
1.28986
0.825204
0.742941
0.936377
0.410064
0.660919
0.378579
0.0325457
0.084299
0.43631
0.756644
0.809739
0.231993
0.363038
-0.291373
0.110173
0.69314
0.387704
-0.263304
-0.291243
0.08766
-0.817402
-0.924371
-0.734618
-0.424436
-0.0696387
-0.0628124
0.505847
0.276981
0.541754
0.63964
0.657905
0.351111
0.547993
1.09288
-0.0598702
0.409001
0.225924
0.62477
-0.0144199
0.0778335
0.152433
0.377533
0.638474
-0.012248
-0.20896
0.540245
0.196038
-0.147693
0.294048
-0.06851
-0.0113429
-0.476506
-0.696853
0.41794
0.360687
-0.219243
-0.387329
-0.362487
-0.475831
0.0638296
-0.332016
-0.58144
-0.319427
-1.02299
-0.89775
-0.0573472
0.394473
