0.485564 0.439934 0.405254 0.366986 0.336398 0.314836 0.296093 0.27052 0.247954 0.226893 0.202625 0.18003 0.162976 0.148817 0.133863 0.122752 0.11116 0.102772 0.094895 0.088089 0.0844489 0.0748855 0.0557606 0.0460812 0.038988 0.0302965 0.0230753 0.0238968 0.019867 0.0158158 0.00372419 -0.0116241 -0.0208701 -0.0239291 -0.0232662 -0.0100153 0.000843072 0.0140373 0.0226516 0.0384059 
0.492726 0.448679 0.410275 0.374517 0.340122 0.308339 0.28124 0.2543 0.233216 0.201772 0.181608 0.164686 0.153616 0.141757 0.118727 0.100958 0.0843334 0.0720846 0.0519288 0.0361923 0.0204223 0.00376762 -0.00637223 -0.0141977 -0.0131859 -0.0251711 -0.0308429 -0.0379401 -0.0455898 -0.053231 -0.0518622 -0.0464745 -0.0431033 -0.0368226 -0.0350697 -0.0342703 -0.0353518 -0.0334759 -0.0359272 -0.0344825 
0.552794 0.50153 0.452122 0.404829 0.364495 0.321207 0.28357 0.249248 0.221068 0.201758 0.175965 0.163724 0.147205 0.130016 0.119932 0.109956 0.112882 0.111337 0.100515 0.0883854 0.0796135 0.0809101 0.0810163 0.0775544 0.0704506 0.058882 0.0471427 0.0378612 0.0290674 0.0312118 0.0295903 0.0307861 0.0367153 0.048105 0.0629697 0.0783403 0.0899926 0.0925168 0.0929184 0.0989141 
0.617586 0.563852 0.51623 0.47706 0.439492 0.406434 0.37946 0.35314 0.323183 0.301542 0.28087 0.265694 0.254929 0.249114 0.247189 0.246417 0.244817 0.248663 0.251425 0.255457 0.250437 0.243102 0.240274 0.242163 0.237783 0.225182 0.206963 0.192169 0.184764 0.18422 0.183215 0.171038 0.156432 0.143995 0.132461 0.128114 0.124125 0.119475 0.115457 0.114418 
0.742244 0.686706 0.636388 0.58417 0.537628 0.500209 0.463169 0.431002 0.407642 0.384022 0.359226 0.340188 0.316733 0.29081 0.277579 0.265456 0.253752 0.235099 0.220345 0.206615 0.190365 0.179487 0.168784 0.153247 0.146788 0.143307 0.134028 0.135018 0.127288 0.113141 0.113572 0.121838 0.125497 0.127168 0.129637 0.126738 0.135471 0.147383 0.154161 0.15602 
0.819306 0.768631 0.71365 0.665363 0.622925 0.581571 0.547363 0.519827 0.488094 0.46227 0.432026 0.411921 0.394544 0.377471 0.364459 0.349558 0.33496 0.308757 0.282511 0.257693 0.237727 0.224382 0.205988 0.186963 0.169816 0.149076 0.133144 0.113448 0.0956683 0.079777 0.0720891 0.0658975 0.0592586 0.0554181 0.049651 0.0432676 0.0310396 0.0155655 0.00718978 0.000760504 
0.606606 0.559866 0.515373 0.470847 0.438323 0.407871 0.385589 0.359851 0.33389 0.318068 0.298681 0.279808 0.260304 0.242093 0.226404 0.214896 0.199807 0.188061 0.175602 0.163567 0.153085 0.133272 0.111759 0.0969478 0.0837747 0.0636479 0.0474874 0.038186 0.0208031 0.010608 0.00128444 -0.0031478 -0.015473 -0.0245713 -0.0213462 -0.0266896 -0.0328755 -0.0419961 -0.0456714 -0.0477683 
0.57756 0.537023 0.500376 0.46416 0.44127 0.416567 0.39177 0.37456 0.351951 0.328856 0.307681 0.284356 0.264235 0.252902 0.235194 0.224793 0.220013 0.216137 0.209684 0.199105 0.186182 0.175598 0.170375 0.168152 0.156906 0.149198 0.139002 0.124403 0.105299 0.0882423 0.0787461 0.0725678 0.0634343 0.0532868 0.0505064 0.0457831 0.0525229 0.0595295 0.0637069 0.070892 
0.442161 0.384316 0.333643 0.293925 0.249684 0.207174 0.169139 0.14487 0.126281 0.116168 0.10471 0.0916122 0.083661 0.079222 0.0713061 0.054912 0.040097 0.0286882 0.0175688 0.0152784 0.0134201 0.0194739 0.0298579 0.0375282 0.0390993 0.0371565 0.0297232 0.0260973 0.0229486 0.0120175 0.000156646 -0.0148545 -0.0160433 -0.0151229 -0.027846 -0.0484661 -0.0552686 -0.0548469 -0.0489431 -0.0474592 
0.355149 0.308433 0.26778 0.227171 0.191075 0.15905 0.132864 0.0997144 0.0782995 0.0602414 0.0385151 0.0109447 -0.00323091 -0.00997125 -0.019653 -0.0278831 -0.0265666 -0.0284586 -0.0394118 -0.0451465 -0.0518973 -0.0649634 -0.0714719 -0.0699707 -0.068508 -0.0681149 -0.0611411 -0.0512837 -0.0490008 -0.0431384 -0.0298078 -0.0214189 -0.018937 -0.0129739 -0.000700265 0.0121526 0.0168211 0.0215626 0.0140501 -0.00690304 
0.443467 0.402375 0.359187 0.31898 0.27987 0.242521 0.203314 0.169319 0.141948 0.11004 0.0752464 0.0538869 0.033151 0.0199544 0.0120977 0.00524669 0.00120855 -0.00766184 -0.0191972 -0.0288059 -0.0385231 -0.0546674 -0.0738878 -0.0906364 -0.103124 -0.112104 -0.11939 -0.126553 -0.132739 -0.143099 -0.150191 -0.152534 -0.154049 -0.153803 -0.144839 -0.141441 -0.133231 -0.134466 -0.126981 -0.129269 
0.485866 0.434402 0.389965 0.35048 0.314536 0.282376 0.263433 0.245826 0.223817 0.196549 0.171031 0.147559 0.128318 0.114191 0.094319 0.0694815 0.0440601 0.027149 0.00831447 -0.00159525 -0.0062807 -0.00472915 -0.00102135 0.00656459 0.00554904 2.11017e-05 -0.0118984 -0.0212309 -0.0303096 -0.0405895 -0.0465128 -0.0524828 -0.0567243 -0.0565311 -0.0513881 -0.0487348 -0.0503784 -0.047235 -0.0457667 -0.0429575 
0.594564 0.538872 0.489127 0.441429 0.392132 0.336172 0.286708 0.241458 0.205288 0.170715 0.139949 0.113443 0.088862 0.0651038 0.0343456 0.00255868 -0.0255666 -0.049154 -0.0735062 -0.0892133 -0.0935622 -0.0884978 -0.0815733 -0.0702922 -0.0550832 -0.0353966 -0.0151705 -0.000372511 0.0114997 0.026971 0.0391902 0.0502551 0.0522285 0.0490516 0.0455932 0.0428106 0.0366573 0.028573 0.0218549 0.0105726 
0.531546 0.483461 0.43609 0.390768 0.350277 0.31249 0.275548 0.239796 0.216513 0.191643 0.165252 0.138344 0.116849 0.102533 0.0850308 0.0746183 0.0636101 0.0467105 0.0361702 0.0237421 0.00541134 -0.00976878 -0.0276282 -0.04044 -0.0548123 -0.0700553 -0.0853235 -0.0987705 -0.117633 -0.128219 -0.14025 -0.151687 -0.156893 -0.150962 -0.142917 -0.137912 -0.129854 -0.121684 -0.109818 -0.0976552 
0.605703 0.563188 0.522803 0.488732 0.452398 0.416531 0.372485 0.329465 0.29202 0.255597 0.218908 0.179116 0.145618 0.115124 0.0873892 0.0607927 0.0343825 0.00263339 -0.0230111 -0.0343412 -0.0472349 -0.0577185 -0.0699821 -0.0864389 -0.0966122 -0.0971476 -0.0989536 -0.11057 -0.118801 -0.123794 -0.125468 -0.130475 -0.133896 -0.141215 -0.149904 -0.1541 -0.156477 -0.157968 -0.153082 -0.150438 
0.605539 0.563166 0.522152 0.487099 0.457577 0.4335 0.412809 0.391538 0.37018 0.345052 0.317262 0.281664 0.244802 0.218529 0.19281 0.179756 0.157289 0.129956 0.0982355 0.0727601 0.0545179 0.02812 0.0109796 -0.0108901 -0.0238675 -0.0485807 -0.0686504 -0.0887799 -0.104656 -0.114506 -0.119657 -0.123112 -0.12499 -0.127697 -0.135097 -0.141982 -0.143974 -0.148608 -0.151308 -0.154728 
0.528731 0.485164 0.449211 0.412912 0.375848 0.340048 0.314863 0.286326 0.266999 0.245256 0.226115 0.208713 0.185102 0.165385 0.149186 0.140343 0.124592 0.108196 0.0915113 0.0744162 0.0653255 0.0496268 0.0336121 0.0270883 0.0163 -0.00150302 -0.0122991 -0.0297584 -0.0442222 -0.0558514 -0.0612466 -0.0693842 -0.0765642 -0.0820006 -0.0962687 -0.110453 -0.123143 -0.132989 -0.138387 -0.142339 
0.415539 0.374151 0.339488 0.314703 0.290686 0.263181 0.244159 0.23285 0.218255 0.198692 0.185459 0.170804 0.158619 0.137754 0.125092 0.108885 0.0961313 0.0812988 0.0577713 0.0434583 0.0285782 0.00614802 -0.015275 -0.0345674 -0.0444214 -0.0451598 -0.0527684 -0.0573204 -0.0569797 -0.0553033 -0.0545235 -0.0455093 -0.0442207 -0.048613 -0.0538997 -0.0561909 -0.0569013 -0.0624496 -0.0680496 -0.0696097 
0.457293 0.412542 0.369028 0.325775 0.288158 0.2552 0.224362 0.200758 0.177967 0.161642 0.145864 0.133954 0.125229 0.118625 0.109478 0.0931431 0.0858368 0.0896476 0.0789182 0.072378 0.0648395 0.0512796 0.0416919 0.0260462 0.0142546 0.00211517 -0.014373 -0.0262417 -0.0381018 -0.051849 -0.0637413 -0.0744151 -0.0802435 -0.0846171 -0.084942 -0.0795799 -0.0712287 -0.0591728 -0.0515715 -0.039999 
0.55141 0.504396 0.459079 0.415709 0.381637 0.348784 0.327945 0.313189 0.301945 0.292683 0.277835 0.262289 0.243034 0.222449 0.195686 0.167744 0.142972 0.120805 0.0975234 0.0753773 0.0547588 0.0336272 0.0107786 -0.0202482 -0.0547969 -0.0796808 -0.0974122 -0.114038 -0.132185 -0.143227 -0.148994 -0.145587 -0.143925 -0.139225 -0.137382 -0.130934 -0.126688 -0.124986 -0.121548 -0.122241 
0.60946 0.563623 0.525605 0.478431 0.43512 0.400809 0.368615 0.340953 0.317183 0.296725 0.282928 0.272434 0.26564 0.261542 0.254116 0.255823 0.256246 0.255221 0.253146 0.24658 0.233857 0.220886 0.201179 0.172025 0.144903 0.116194 0.0898819 0.0590699 0.0352453 0.0185373 0.00404209 -0.000741882 -0.00155913 -0.0087424 -0.0135361 -0.0114785 -0.0030017 0.00199108 0.0113787 0.0219431 
0.677627 0.634135 0.593649 0.55827 0.525087 0.496166 0.462742 0.42837 0.397705 0.37325 0.35751 0.346371 0.336005 0.324433 0.304707 0.285911 0.269228 0.25466 0.244 0.228752 0.212987 0.192799 0.175008 0.165271 0.160386 0.152643 0.142113 0.127409 0.109936 0.0954906 0.0901966 0.0867052 0.0848779 0.0828648 0.0745253 0.0688615 0.076162 0.0872661 0.0995648 0.115349 
0.557153 0.503703 0.456189 0.42028 0.38843 0.356875 0.325297 0.295952 0.27375 0.258495 0.244827 0.237113 0.216757 0.201676 0.191301 0.186399 0.183393 0.174965 0.160457 0.141426 0.124627 0.11276 0.105985 0.0965135 0.083511 0.0686939 0.0445268 0.0257721 0.0224261 0.0189758 0.00642269 -0.00479294 -0.0155338 -0.0191607 -0.0185864 -0.023108 -0.0239489 -0.0301921 -0.0410439 -0.0467604 
0.320831 0.275083 0.234335 0.194235 0.160387 0.128616 0.10128 0.0733022 0.0454715 0.0180412 -0.000752727 -0.0112238 -0.0115974 -0.0096105 -0.0117898 -0.0118687 -0.00842363 -0.00300017 0.0058229 0.0153579 0.0215354 0.0305967 0.0356719 0.0377083 0.0463143 0.0520226 0.0539779 0.0492796 0.0397475 0.0296643 0.017761 0.0029333 -0.00818938 -0.0103439 -0.0147674 -0.0145371 -0.0244504 -0.0316993 -0.0315326 -0.0247649 
0.315645 0.272991 0.240987 0.219782 0.202304 0.187431 0.174547 0.156677 0.137472 0.114269 0.0984701 0.0919463 0.0859483 0.079208 0.072514 0.0700128 0.0622185 0.0594909 0.0573753 0.052893 0.0521419 0.044889 0.034572 0.027419 0.0207921 0.0115203 0.00865535 0.00430962 -0.000822069 -0.00791384 -0.0162844 -0.0263247 -0.0311844 -0.0398995 -0.0399026 -0.0430754 -0.0366861 -0.0371011 -0.0403626 -0.0376539 
0.379968 0.340334 0.302146 0.262874 0.239905 0.208058 0.18446 0.158136 0.139473 0.128781 0.114106 0.112471 0.108868 0.107284 0.104231 0.0920686 0.0819652 0.067149 0.0527201 0.0429607 0.0263967 0.00733037 -0.0128169 -0.031498 -0.0371567 -0.0442813 -0.0496484 -0.0497275 -0.051572 -0.0485293 -0.0443246 -0.0404145 -0.0345302 -0.0282217 -0.0246649 -0.0223117 -0.0236035 -0.0254152 -0.0319439 -0.0364894 
0.369965 0.33024 0.288006 0.255826 0.234363 0.216973 0.202058 0.191853 0.176938 0.165458 0.152383 0.137607 0.122013 0.11415 0.105249 0.0942684 0.0831461 0.0745146 0.0646377 0.0490743 0.0381032 0.0282264 0.0270387 0.0272878 0.0323236 0.0382912 0.0416667 0.0377 0.0378139 0.0287959 0.0255565 0.0212971 0.016019 0.0154038 0.0201672 0.0249989 0.0354488 0.0444506 0.0528393 0.0558454 
0.479837 0.427676 0.373794 0.324772 0.281332 0.246333 0.210949 0.177886 0.142989 0.107954 0.0755411 0.0470917 0.0291021 0.0191861 0.0128883 0.00365778 -0.0113446 -0.030457 -0.0436736 -0.0518466 -0.0595728 -0.0631623 -0.065547 -0.0699116 -0.0718487 -0.0766589 -0.0769037 -0.0704382 -0.0602125 -0.0458925 -0.0253081 0.0027931 0.0270088 0.0487659 0.0691587 0.0850092 0.101815 0.117186 0.124475 0.128138 
0.519775 0.473333 0.43158 0.394453 0.354333 0.312914 0.272068 0.237067 0.208455 0.187059 0.168973 0.156818 0.139661 0.125469 0.119313 0.123166 0.119881 0.118612 0.117877 0.116039 0.110607 0.0958411 0.0772832 0.0673762 0.0522503 0.0386392 0.0325968 0.0307922 0.0295509 0.0432637 0.0543358 0.0729043 0.0839203 0.0944374 0.102116 0.108672 0.110059 0.113512 0.117417 0.118062 
0.44119 0.393254 0.347748 0.31682 0.288059 0.259684 0.236329 0.217945 0.203913 0.189314 0.165102 0.143905 0.12713 0.123059 0.121629 0.114975 0.115125 0.105934 0.106589 0.103212 0.0973496 0.0909701 0.0903757 0.0850001 0.0731139 0.0675503 0.0593666 0.0612124 0.0685676 0.081984 0.094647 0.100552 0.106403 0.113422 0.118748 0.117714 0.122918 0.114537 0.100649 0.0876215 
0.503516 0.460461 0.416179 0.378354 0.347528 0.324215 0.303135 0.278081 0.259081 0.242251 0.23469 0.228929 0.227152 0.215583 0.201231 0.179898 0.163503 0.145589 0.131402 0.10795 0.0856007 0.0676312 0.0566499 0.0471287 0.0453309 0.0505189 0.040895 0.0405211 0.0373457 0.0401131 0.0367158 0.0394892 0.0420839 0.040138 0.0420154 0.0466578 0.0527358 0.0589198 0.0676562 0.0735728 
0.396637 0.345943 0.295882 0.249089 0.207632 0.180825 0.150226 0.136159 0.117614 0.100892 0.0747991 0.0531708 0.0249094 0.00315269 -0.0140913 -0.0238169 -0.0276794 -0.027756 -0.0312246 -0.0298582 -0.0372185 -0.0446011 -0.0559787 -0.0668074 -0.068724 -0.0627888 -0.0551465 -0.0467279 -0.042353 -0.0342836 -0.0341534 -0.0339961 -0.0349148 -0.0298395 -0.0207191 -0.0134563 -0.00795705 -0.00514693 -0.00635292 -0.000843989 
0.422499 0.371361 0.333057 0.301132 0.273414 0.250407 0.228202 0.213103 0.193338 0.180618 0.167252 0.148071 0.126952 0.116116 0.109781 0.109336 0.102777 0.102403 0.105049 0.0974882 0.0782602 0.0555642 0.0332273 0.0183168 0.00500759 -0.00805501 -0.0253088 -0.0402217 -0.0535744 -0.0605975 -0.0662498 -0.0753588 -0.0772672 -0.0723033 -0.0641936 -0.0583838 -0.056168 -0.0504668 -0.0437734 -0.0429913 
0.505131 0.455105 0.412218 0.376092 0.344244 0.312326 0.28912 0.259104 0.239822 0.223084 0.208303 0.196334 0.185716 0.175811 0.166608 0.15576 0.143629 0.12826 0.109697 0.0927951 0.0764811 0.064131 0.0495537 0.0445318 0.0430795 0.0415416 0.0352746 0.0257063 0.0219054 0.0109939 -0.00141543 -0.0135034 -0.0218364 -0.0324721 -0.0485355 -0.0607163 -0.0711529 -0.0758814 -0.0797546 -0.0842321 
0.335285 0.299042 0.259994 0.233863 0.2046 0.185553 0.163155 0.135733 0.116229 0.104431 0.0986862 0.0972581 0.102452 0.108456 0.11281 0.116085 0.111496 0.112819 0.108231 0.103554 0.0916568 0.0752927 0.0550286 0.0408627 0.0245662 0.00328361 -0.013563 -0.0205901 -0.0191126 -0.0214923 -0.0227856 -0.0265188 -0.0311395 -0.0346507 -0.0345024 -0.0367156 -0.0404896 -0.0503259 -0.0641302 -0.0719412 
0.378193 0.331794 0.296545 0.264994 0.232945 0.210151 0.196717 0.188985 0.178628 0.173331 0.17144 0.165066 0.157563 0.152462 0.143467 0.131592 0.118545 0.108506 0.0990142 0.0977975 0.0979203 0.0987885 0.102305 0.101569 0.0974257 0.0978944 0.0939278 0.0929215 0.0966682 0.0966784 0.0943567 0.0892934 0.079913 0.0695023 0.0578687 0.0536246 0.0494321 0.0471735 0.0397048 0.0416358 
0.46621 0.422311 0.385526 0.355633 0.317045 0.276445 0.239845 0.205781 0.179826 0.161332 0.145405 0.136202 0.136236 0.140121 0.140231 0.143282 0.14717 0.152794 0.148887 0.142942 0.137451 0.141683 0.146089 0.142626 0.12741 0.116843 0.107199 0.101835 0.0934943 0.0773279 0.0648161 0.0554316 0.040807 0.0306535 0.0237776 0.0252928 0.0271691 0.0313402 0.0353861 0.0411872 
0.452196 0.408401 0.364445 0.321224 0.285129 0.258607 0.232664 0.212836 0.196508 0.183174 0.171178 0.157117 0.142007 0.120938 0.101515 0.0823438 0.0648369 0.0504087 0.0457835 0.0441333 0.0440763 0.0434841 0.0474073 0.0542909 0.0580109 0.0549254 0.0503431 0.042354 0.0384579 0.0375786 0.040225 0.0387206 0.0380249 0.0386217 0.0465749 0.0498561 0.0524135 0.0578488 0.0540599 0.0501294 
0.473314 0.428135 0.387422 0.34935 0.320819 0.292178 0.260694 0.232738 0.207702 0.187263 0.175542 0.166633 0.160424 0.155771 0.155037 0.160642 0.158201 0.159343 0.157257 0.156506 0.15457 0.15275 0.149218 0.154958 0.156694 0.160805 0.167965 0.172539 0.178558 0.183757 0.183567 0.17885 0.17124 0.169423 0.162881 0.155516 0.146474 0.143081 0.136392 0.130499 
0.372154 0.331903 0.295323 0.264058 0.232781 0.201448 0.176035 0.156941 0.142429 0.12526 0.113066 0.10416 0.104748 0.102608 0.0994987 0.0920009 0.0878028 0.0841694 0.0789115 0.0707832 0.0707178 0.0671679 0.071043 0.0707882 0.0768849 0.0862687 0.0880653 0.0926254 0.100277 0.106417 0.106954 0.108654 0.107036 0.107257 0.106051 0.0977562 0.0834062 0.0760254 0.0640552 0.0510753 
0.479081 0.42734 0.38565 0.343277 0.306196 0.267034 0.229924 0.194717 0.165845 0.132084 0.0957614 0.0690513 0.0472233 0.0313148 0.0228765 0.0181353 0.0167734 0.0226122 0.0310026 0.0367436 0.0492675 0.0610434 0.0720881 0.0868951 0.0994764 0.107112 0.113706 0.119792 0.125815 0.131284 0.133738 0.12245 0.110544 0.102348 0.0846511 0.0674134 0.0653724 0.0667618 0.0727795 0.0719532 
0.488707 0.444959 0.402135 0.360972 0.315924 0.281396 0.253652 0.237329 0.215185 0.199589 0.191789 0.184495 0.179694 0.175087 0.176002 0.169715 0.162286 0.156803 0.146301 0.141149 0.133019 0.128527 0.122362 0.118633 0.119091 0.120876 0.11154 0.115005 0.119558 0.122783 0.119377 0.110647 0.106499 0.101812 0.0976355 0.096343 0.0922016 0.0844637 0.0802135 0.0776171 
0.630775 0.5796 0.53149 0.482299 0.432464 0.387948 0.342603 0.30701 0.276144 0.248233 0.225943 0.212013 0.191212 0.170689 0.148727 0.132772 0.118236 0.112895 0.10206 0.0943239 0.0884995 0.0886216 0.078048 0.0707144 0.0652248 0.055677 0.0482856 0.0437899 0.0375863 0.0365709 0.0343428 0.0350786 0.0280141 0.0244228 0.0143253 0.00665896 -0.00460239 -0.011914 -0.0198617 -0.0312684 
0.528095 0.48657 0.444696 0.416309 0.380595 0.356096 0.327965 0.310448 0.286898 0.269026 0.255024 0.235985 0.223046 0.20667 0.196693 0.18765 0.181828 0.175778 0.173367 0.165509 0.167121 0.157987 0.149253 0.137268 0.137855 0.131103 0.12224 0.107704 0.109589 0.106633 0.0940944 0.0805448 0.0736602 0.0641657 0.0530802 0.0488671 0.0475361 0.0523374 0.0487941 0.042998 
0.395009 0.350094 0.321302 0.296468 0.270121 0.252973 0.2301 0.216169 0.196941 0.179757 0.164737 0.151026 0.136724 0.122119 0.113256 0.105597 0.0919279 0.0848482 0.083902 0.0754283 0.0734182 0.0721291 0.0656412 0.0544912 0.0417714 0.0291205 0.016064 0.00700057 -0.00721041 -0.0267833 -0.0428847 -0.0512314 -0.0637736 -0.070093 -0.0670447 -0.0632073 -0.0708349 -0.0683157 -0.0643766 -0.0597609 
0.513932 0.468924 0.430122 0.392532 0.358577 0.322908 0.289248 0.260618 0.224962 0.192 0.170853 0.155899 0.144713 0.131317 0.124451 0.12447 0.121139 0.114483 0.111372 0.108539 0.104024 0.0997258 0.0974895 0.102853 0.108052 0.111658 0.107021 0.107255 0.110768 0.108793 0.111684 0.114199 0.120242 0.122192 0.119343 0.123895 0.12984 0.128689 0.129366 0.131854 
0.520353 0.47082 0.423293 0.380787 0.346162 0.315283 0.281849 0.248283 0.219723 0.186948 0.162629 0.14816 0.143997 0.142448 0.134003 0.132505 0.121843 0.110875 0.100192 0.0952629 0.0953267 0.0944164 0.0954319 0.0995603 0.105237 0.113762 0.117675 0.119848 0.121975 0.124644 0.122576 0.116463 0.11235 0.110169 0.109174 0.105048 0.100863 0.0977556 0.0929528 0.0919883 
0.515567 0.475206 0.430506 0.396394 0.364765 0.342947 0.308757 0.275833 0.241684 0.214141 0.183829 0.165056 0.145009 0.132998 0.12271 0.110414 0.0908347 0.0729911 0.0499351 0.0428237 0.0397839 0.0467652 0.043043 0.0433833 0.0352222 0.0253349 0.0186657 0.0165494 0.0124996 0.00930881 -0.00164509 -0.0161252 -0.0315924 -0.0464348 -0.0607412 -0.0713913 -0.0786328 -0.0779815 -0.080878 -0.0836958 
0.49362 0.445983 0.396994 0.351195 0.311222 0.27598 0.245507 0.218355 0.195373 0.176708 0.149615 0.126792 0.105761 0.0816404 0.0643969 0.0521574 0.0373693 0.0233025 0.0146036 0.00930712 0.00358954 0.00294114 0.00571497 0.0151897 0.0181751 0.0206942 0.0218389 0.0326526 0.0378438 0.0408831 0.0475156 0.050989 0.0515688 0.0495292 0.0401553 0.0297529 0.018392 0.00686543 -0.00425418 -0.00741106 
0.372054 0.328049 0.290906 0.252746 0.213006 0.181779 0.152623 0.118154 0.0835519 0.0568127 0.0382369 0.0201049 0.00519432 -0.00489919 -0.00545936 -0.00681304 -0.00640771 -0.00819234 -0.0103344 -0.00959616 0.000774158 0.0148801 0.0251805 0.0382359 0.0549486 0.0646334 0.0691195 0.0809262 0.0893287 0.0989041 0.108921 0.109739 0.105827 0.0987898 0.0910646 0.0831159 0.0753632 0.0651199 0.0539901 0.0459437 
0.376306 0.336253 0.301446 0.269616 0.237391 0.210672 0.187111 0.163806 0.145525 0.126332 0.115195 0.104007 0.0923052 0.0831608 0.0768029 0.0772277 0.07828 0.077244 0.0770612 0.0803798 0.0789861 0.0761346 0.0724948 0.0682851 0.0616909 0.0556107 0.0406262 0.0336315 0.0308151 0.0289244 0.0239132 0.0162772 0.0117083 0.00372103 -0.00476198 -0.0110155 -0.0173411 -0.0208116 -0.0221984 -0.0219724 
0.371419 0.334363 0.293616 0.257178 0.221722 0.195121 0.172688 0.152157 0.124442 0.0989456 0.0755896 0.0582543 0.0407606 0.0355184 0.032025 0.029587 0.0282901 0.0220253 0.00703449 -0.00164023 -0.00748025 -0.0158475 -0.0191444 -0.0148832 -0.00994238 -0.0075899 -0.0174394 -0.0263751 -0.0300574 -0.0303394 -0.0208979 -0.0120053 0.000245464 0.00627021 0.0138151 0.0178835 0.020822 0.0232958 0.0274337 0.0342682 
0.310575 0.256681 0.218317 0.187376 0.163775 0.142278 0.120359 0.106118 0.100853 0.0866626 0.0707651 0.0580152 0.0487958 0.0452706 0.0436602 0.0395711 0.0355007 0.0338397 0.0411087 0.0483741 0.0478426 0.0425313 0.0301987 0.0236523 0.0190372 0.0134628 0.00158785 -0.00164733 0.00488997 0.0166682 0.0241585 0.0239366 0.0216041 0.0155548 0.0127692 0.00676298 0.00204681 -0.000142771 0.00228875 -0.000667441 
0.306617 0.26701 0.228012 0.198815 0.175888 0.155662 0.144361 0.129506 0.109436 0.0918515 0.0822889 0.0661474 0.0473952 0.0289533 0.0172847 0.0119315 0.00743622 0.0119124 0.016741 0.0212361 0.0158735 0.0129982 0.0149534 0.0131835 0.0139302 0.0116443 0.0107969 0.00516395 0.00604923 0.000415576 -6.00612e-05 -0.00467408 -0.00653721 -0.0120035 -0.0199627 -0.0227342 -0.019802 -0.016371 -0.0209312 -0.0266672 
0.417456 0.372697 0.333595 0.298242 0.262128 0.232037 0.208184 0.191652 0.178656 0.163332 0.152783 0.139823 0.126469 0.113406 0.1045 0.0965713 0.0842013 0.0699458 0.0538372 0.0352856 0.0142003 0.00245572 -0.00744991 -0.0129429 -0.00926894 -0.00459394 -0.00179404 -0.00847542 -0.0202221 -0.0321869 -0.0482977 -0.0664564 -0.0874793 -0.0981052 -0.0995958 -0.104265 -0.10227 -0.0979413 -0.0927161 -0.0824706 
0.479666 0.426336 0.380488 0.331521 0.285462 0.247964 0.215276 0.183555 0.155973 0.129425 0.111046 0.0969113 0.0822031 0.0666528 0.0543149 0.0371222 0.0276068 0.0241789 0.0180126 0.016406 0.0140861 0.0134484 0.0106383 0.0083588 -0.00250243 -0.0106047 -0.012258 -0.00914663 -0.00667324 -4.9906e-05 -0.00011164 -0.0107045 -0.0236321 -0.0394092 -0.051391 -0.0634093 -0.0772665 -0.0899104 -0.0999088 -0.110667 
0.471851 0.426458 0.385398 0.349296 0.318379 0.289622 0.269399 0.246691 0.228819 0.207443 0.18247 0.166804 0.150306 0.128966 0.105649 0.0873381 0.0690445 0.0553491 0.0483049 0.040642 0.0389079 0.0376609 0.0316864 0.0292502 0.0182642 0.0073947 0.00312025 -0.00309311 -0.00745896 -0.015204 -0.0196561 -0.0200546 -0.0226433 -0.0224674 -0.0214481 -0.0223121 -0.0280759 -0.0344099 -0.040658 -0.0474249 
0.51555 0.463568 0.41539 0.370857 0.327872 0.286574 0.247143 0.220912 0.195273 0.175635 0.166566 0.149856 0.137661 0.126647 0.11358 0.103802 0.0968121 0.0856435 0.0723765 0.0575648 0.0435654 0.0362728 0.028357 0.0174081 0.0106482 0.00233181 0.000880503 0.000766916 0.0024594 0.00678859 0.012625 0.0182967 0.0333511 0.0449464 0.0517201 0.0532984 0.0466958 0.0332101 0.0145278 -0.00720519 
0.694602 0.643208 0.597408 0.550323 0.494928 0.450565 0.411045 0.369344 0.332103 0.300539 0.271641 0.249006 0.230166 0.215466 0.204536 0.196767 0.192709 0.191914 0.192864 0.189559 0.18739 0.17866 0.168644 0.151838 0.127074 0.102055 0.0750633 0.0516213 0.0288913 0.0108759 -0.0149661 -0.0388612 -0.0544062 -0.0729807 -0.0843545 -0.0906493 -0.0934031 -0.0909913 -0.0779001 -0.0694476 
0.557973 0.520921 0.489283 0.455381 0.417363 0.386409 0.358825 0.333384 0.311944 0.295988 0.27895 0.261601 0.244349 0.227109 0.207325 0.182685 0.156428 0.136013 0.119968 0.106504 0.0921635 0.0812256 0.0720679 0.0585728 0.0506479 0.0473978 0.0400381 0.0295427 0.0248214 0.0215611 0.019736 0.0181261 0.0177675 0.0169228 0.016904 0.0119804 0.00536631 0.00461151 0.00727902 0.00349574 
0.601581 0.564085 0.529267 0.503299 0.471933 0.441894 0.416158 0.39393 0.370292 0.349658 0.328068 0.31172 0.298948 0.283942 0.270335 0.257424 0.23962 0.224691 0.216433 0.207047 0.195163 0.18663 0.180191 0.179441 0.176146 0.176789 0.173834 0.176219 0.172344 0.165276 0.156005 0.147054 0.147346 0.142652 0.138089 0.130775 0.120402 0.104034 0.0924178 0.0876346 
0.612544 0.565698 0.520892 0.479494 0.442781 0.409479 0.385042 0.365268 0.35069 0.336004 0.331081 0.32599 0.319203 0.306872 0.291542 0.274051 0.25264 0.232075 0.211732 0.200772 0.185939 0.174352 0.162111 0.150605 0.138561 0.127525 0.119485 0.109494 0.1025 0.0898012 0.0767357 0.0713037 0.066126 0.0640065 0.066585 0.0662692 0.0576381 0.0523839 0.0463104 0.0393219 
0.653968 0.614673 0.576944 0.541327 0.500514 0.463513 0.428108 0.401647 0.375182 0.354768 0.342588 0.331789 0.321732 0.308665 0.301305 0.295133 0.284646 0.269966 0.25622 0.243782 0.22734 0.204117 0.189956 0.174785 0.159526 0.143195 0.12762 0.113126 0.0994123 0.087515 0.0810948 0.0788561 0.0707772 0.063776 0.0592233 0.0588578 0.0576088 0.0567619 0.0561352 0.054469 
0.723466 0.682555 0.64363 0.604717 0.572683 0.542551 0.507602 0.473414 0.443045 0.414683 0.38412 0.35152 0.317514 0.285743 0.255079 0.231976 0.215717 0.196185 0.17449 0.161021 0.15041 0.137818 0.12588 0.118585 0.104377 0.0944129 0.0848562 0.075799 0.0728888 0.0668427 0.0643886 0.0536954 0.0380979 0.0270943 0.0170749 0.0189105 0.021765 0.0266038 0.0253824 0.0209875 
0.560673 0.515502 0.479139 0.448098 0.416828 0.384675 0.356498 0.337411 0.313034 0.285049 0.263156 0.241908 0.218766 0.192778 0.178081 0.167577 0.155159 0.142222 0.133611 0.127099 0.121656 0.113612 0.105773 0.0968543 0.0829116 0.0626053 0.0440598 0.0296655 0.0229772 0.023644 0.0218192 0.0199192 0.0219689 0.0188263 0.0124764 0.00400771 -0.00328261 -0.00990781 -0.0194283 -0.0286672 
0.673635 0.623749 0.57462 0.52335 0.478314 0.439551 0.405757 0.375849 0.350556 0.336798 0.32502 0.312151 0.307271 0.30519 0.287467 0.271603 0.25164 0.236596 0.224147 0.209012 0.18992 0.168022 0.1477 0.136069 0.114541 0.100368 0.0890093 0.077605 0.0705405 0.0609717 0.0391623 0.0214439 0.0101802 0.00435007 -0.00567434 -0.0242666 -0.0360234 -0.0489366 -0.0613313 -0.0721377 
0.556271 0.508968 0.470706 0.433895 0.402253 0.380885 0.364514 0.340228 0.311788 0.286144 0.258748 0.231742 0.206805 0.191873 0.171556 0.15833 0.149817 0.137104 0.122528 0.100721 0.079718 0.0563925 0.0399602 0.0275606 0.0184613 0.0073824 -0.000284592 -0.00807029 -0.0142364 -0.020856 -0.0277772 -0.0416239 -0.0582768 -0.0683285 -0.0705836 -0.0773755 -0.0866507 -0.0935804 -0.100373 -0.107356 
0.429183 0.387755 0.347294 0.302463 0.257894 0.219686 0.189763 0.165821 0.139621 0.119124 0.104587 0.084509 0.0619641 0.046086 0.0337511 0.0308478 0.030982 0.0419502 0.0428507 0.0472941 0.0425536 0.0359755 0.0279405 0.0160916 0.00581132 0.00207736 -0.00423653 -0.00977293 -0.0158523 -0.0239312 -0.0361694 -0.0464918 -0.0574229 -0.0605397 -0.0706446 -0.0789214 -0.0805782 -0.0795696 -0.0757824 -0.0765359 
0.383263 0.327774 0.281235 0.236621 0.196068 0.16587 0.14304 0.122546 0.101993 0.078499 0.057641 0.0407719 0.0284968 0.0123652 0.00509545 0.00130091 -0.00125041 -0.000896542 0.00251672 0.00722575 0.0159094 0.0298283 0.0413147 0.042863 0.0429937 0.0389826 0.0353096 0.0300797 0.0287972 0.0353004 0.0386687 0.0376157 0.0266019 0.0196955 0.00776589 -2.50522e-05 -0.0092955 -0.0101467 -0.0144161 -0.0223191 
0.474937 0.436288 0.397276 0.362513 0.332211 0.303377 0.275963 0.254251 0.231899 0.211848 0.19667 0.182269 0.165748 0.155787 0.134766 0.113373 0.0950055 0.0809283 0.0714623 0.0634631 0.0577554 0.0465117 0.046469 0.0373265 0.0373802 0.0345243 0.0296988 0.0299408 0.0234092 0.0071062 -0.00308512 -0.0139649 -0.0158696 -0.0166179 -0.0152453 -0.0169643 -0.0103204 -0.0145053 -0.0140364 -0.0100136 
0.427791 0.381896 0.341155 0.296981 0.253982 0.221182 0.187478 0.158085 0.136642 0.117487 0.100115 0.0817711 0.0647764 0.0515621 0.0430186 0.0321381 0.0365197 0.0448022 0.0478018 0.0580944 0.0678415 0.0785418 0.0931375 0.0994791 0.100884 0.100667 0.0949406 0.0829168 0.0696069 0.0522138 0.0428938 0.0328675 0.0265548 0.0252896 0.0228647 0.0176135 0.0172872 0.0199751 0.0245248 0.0250013 
0.338302 0.301365 0.26751 0.240554 0.219991 0.19613 0.175207 0.148685 0.132377 0.12566 0.114795 0.101528 0.0905807 0.0763197 0.070039 0.0651702 0.0669915 0.0591813 0.0545713 0.0519639 0.0558876 0.0553818 0.0560957 0.0595582 0.0555649 0.0558192 0.0513231 0.036229 0.0175047 0.0074463 0.00672481 0.0024438 -0.000751923 -0.00560336 -0.0119213 -0.0174468 -0.0194578 -0.0189095 -0.0246613 -0.0319546 
0.330392 0.293094 0.264716 0.233576 0.208465 0.184163 0.168166 0.154738 0.142319 0.129053 0.119614 0.112191 0.10265 0.0950693 0.0867426 0.0706732 0.0624827 0.0563012 0.0438818 0.0328807 0.0256359 0.0245003 0.0276826 0.0308688 0.0354565 0.0403622 0.0376172 0.0264613 0.0206583 0.0114079 0.00124821 7.62592e-05 -0.00753842 -0.00485467 -0.00402915 -0.00932745 -0.0134179 -0.0230309 -0.0241939 -0.0293221 
0.368204 0.325593 0.278556 0.24444 0.213133 0.187814 0.167865 0.140228 0.124844 0.112979 0.103669 0.0924756 0.0846816 0.0777561 0.0715443 0.0658019 0.0592573 0.043943 0.033742 0.0200897 0.00386275 -0.0131443 -0.0198983 -0.0238306 -0.0303201 -0.0317972 -0.0392513 -0.0430228 -0.0398834 -0.036999 -0.0380356 -0.0378563 -0.0385866 -0.0437235 -0.0413082 -0.0372008 -0.032092 -0.0291277 -0.0209248 -0.00921962 
0.405774 0.362377 0.320238 0.283191 0.244614 0.211313 0.174775 0.152883 0.130221 0.109254 0.0845665 0.062236 0.0345787 0.0127605 -0.00682697 -0.0258471 -0.0428686 -0.0540712 -0.0602876 -0.0606701 -0.0625747 -0.0591579 -0.0601271 -0.0622392 -0.0582048 -0.0489698 -0.0377669 -0.0288618 -0.0218786 -0.0172021 -0.0148775 -0.0206088 -0.0250684 -0.0281452 -0.0329285 -0.0402761 -0.0405489 -0.0451035 -0.0523393 -0.0619475 
0.359138 0.322084 0.2888 0.257283 0.233058 0.211368 0.191384 0.170606 0.150188 0.12742 0.114877 0.0946084 0.0730481 0.0564765 0.0313993 0.0103852 -0.00977478 -0.0291691 -0.0461732 -0.0584535 -0.0654679 -0.0720413 -0.0763441 -0.079715 -0.0828618 -0.0932782 -0.105865 -0.114811 -0.124618 -0.134763 -0.142144 -0.139577 -0.139782 -0.12799 -0.110193 -0.0945609 -0.0868372 -0.0752281 -0.0658726 -0.0622896 
0.379932 0.337261 0.296955 0.262584 0.234427 0.207655 0.180442 0.146155 0.1137 0.0906016 0.0769346 0.070606 0.0601905 0.0497294 0.0315486 0.0193337 0.017912 0.00758729 0.000100063 -0.0160798 -0.0248993 -0.0357444 -0.0411121 -0.0451552 -0.0516172 -0.0642354 -0.0718132 -0.0812378 -0.0838716 -0.0827189 -0.0843158 -0.0860878 -0.0864762 -0.0789532 -0.0664054 -0.051768 -0.0435338 -0.0388145 -0.0366237 -0.0276491 
0.339095 0.293545 0.259647 0.223337 0.192099 0.167548 0.152763 0.138913 0.123545 0.118553 0.1073 0.0938283 0.083379 0.0645305 0.0605706 0.0557459 0.0513517 0.0455097 0.0288373 0.0118969 0.00331216 -0.00465634 -0.0103782 -0.0161908 -0.0153796 -0.0163816 -0.0155369 -0.0127611 -0.00573501 -0.00241138 -0.00588159 -0.00748972 -0.0101361 -0.0131955 -0.016766 -0.0187515 -0.0185275 -0.0194214 -0.0172838 -0.0142017 
0.254042 0.214388 0.181702 0.154778 0.12974 0.100861 0.0775296 0.0593387 0.048424 0.0446362 0.0392077 0.0317199 0.0228995 0.0167387 0.0125838 0.00742031 -8.60789e-05 -0.00860696 -0.0138249 -0.0135929 -0.0184731 -0.0138306 -0.0134833 -0.0133628 -0.00903275 -0.013473 -0.0189949 -0.0221557 -0.0211754 -0.0233784 -0.0297952 -0.0343983 -0.033412 -0.0335722 -0.035745 -0.0365249 -0.0328903 -0.0350619 -0.0361499 -0.0350161 
0.340783 0.28995 0.243901 0.210239 0.185937 0.162329 0.137009 0.110852 0.0893379 0.071931 0.0606343 0.0577296 0.0555263 0.0521609 0.0533843 0.0476922 0.0400855 0.0402688 0.0471722 0.055452 0.0695889 0.0770125 0.0779924 0.0728219 0.0608438 0.0509579 0.0472389 0.047395 0.0497375 0.0486585 0.0439627 0.0391025 0.0384095 0.0439116 0.053289 0.0592361 0.0600408 0.0534038 0.0465434 0.0371125 
0.488108 0.440821 0.39715 0.360699 0.327174 0.301719 0.270777 0.238366 0.209867 0.185345 0.159882 0.136157 0.115585 0.0897858 0.0723485 0.0579793 0.0368898 0.0117675 0.00440977 5.52086e-05 -0.00361024 -0.00303975 -0.0136476 -0.0257782 -0.0382856 -0.045061 -0.0603963 -0.0743779 -0.0789934 -0.0874137 -0.0941133 -0.0937166 -0.0955827 -0.0994021 -0.0920383 -0.0869604 -0.0852571 -0.0807387 -0.0812059 -0.0803464 
0.356705 0.310388 0.27655 0.246333 0.223214 0.200211 0.175516 0.155674 0.139552 0.118607 0.105866 0.0996123 0.0957957 0.0893548 0.0905528 0.0925181 0.0993587 0.100612 0.09649 0.0892485 0.0763053 0.0651733 0.0566472 0.0452651 0.0332316 0.0202493 0.00699683 -0.00872232 -0.0230301 -0.0364331 -0.0453227 -0.0544173 -0.0622907 -0.0641809 -0.05478 -0.0473162 -0.044511 -0.0347746 -0.0246368 -0.0201861 
0.310307 0.264786 0.226365 0.194517 0.170546 0.14937 0.129807 0.114519 0.0913342 0.07397 0.0637272 0.0585469 0.0548517 0.0565303 0.0521836 0.0524289 0.0494865 0.0469927 0.0403272 0.0404304 0.0393349 0.0355837 0.0297787 0.0245294 0.0202958 0.0179458 0.0105016 0.0033582 -0.00078772 -0.00597375 -0.0126373 -0.0138203 -0.0147783 -0.0133108 -0.0191241 -0.0201657 -0.0120623 -0.00850462 -0.000809511 0.00850375 
0.314859 0.273051 0.233344 0.196411 0.161992 0.131137 0.107191 0.0918609 0.0773935 0.0723584 0.0664372 0.06113 0.0597296 0.0543626 0.0528728 0.0485797 0.0443624 0.0365543 0.0329401 0.0296937 0.0291883 0.0238065 0.00933231 0.00298771 0.00268199 -0.00273961 -0.00119828 -0.00317488 0.00636211 0.00829713 0.0136965 0.017155 0.0244139 0.0273647 0.0382998 0.0477554 0.0587494 0.0696454 0.0781419 0.0882667 
0.350192 0.305966 0.268412 0.238691 0.208707 0.17884 0.156561 0.145483 0.135439 0.128753 0.125002 0.119903 0.112136 0.0996441 0.0823565 0.0693745 0.0603929 0.048671 0.0327234 0.0193928 0.0130498 0.00722983 0.000663583 -0.00572061 -0.00882375 -0.0160776 -0.0235064 -0.0377185 -0.0486403 -0.0649806 -0.0750686 -0.0849514 -0.0897542 -0.0876879 -0.0825574 -0.080031 -0.0705377 -0.0530045 -0.0373978 -0.031833 
0.290375 0.248221 0.218325 0.192782 0.165022 0.142731 0.126072 0.10981 0.0970812 0.0836269 0.0728105 0.0596919 0.0558107 0.0524979 0.0469978 0.0359696 0.0226597 0.0140974 0.00920849 0.00670741 0.00330401 -0.00490553 -0.0142244 -0.0177894 -0.0222847 -0.0276947 -0.0313349 -0.0315943 -0.0255489 -0.0208356 -0.0209757 -0.0178311 -0.0165401 -0.0174295 -0.021098 -0.0213187 -0.0215396 -0.0191189 -0.019642 -0.0199243 
0.3816 0.327697 0.276784 0.234047 0.200234 0.16269 0.131845 0.106249 0.0832957 0.0673764 0.0490457 0.0341146 0.0189343 0.00105231 -0.0161089 -0.0322277 -0.0517668 -0.0670431 -0.0784166 -0.0852136 -0.0851907 -0.0805517 -0.0800799 -0.0816304 -0.0845264 -0.0882292 -0.0862537 -0.0854551 -0.084111 -0.07672 -0.0643493 -0.0529334 -0.031987 -0.0176207 -0.0050004 0.00170668 0.0119667 0.029102 0.040786 0.0514549 
0.324254 0.283443 0.238766 0.19825 0.168051 0.153415 0.138104 0.126284 0.110041 0.0974872 0.0836152 0.0673763 0.053924 0.0422889 0.0343071 0.0326117 0.0327961 0.0289459 0.0295945 0.0321318 0.0333612 0.0302619 0.0261863 0.0183684 0.00878398 -0.0046646 -0.00841871 -0.011281 -0.00255893 0.00914415 0.0204374 0.0289818 0.03467 0.0384601 0.0402459 0.0406103 0.044343 0.0483484 0.0532903 0.0610636 
0.292368 0.246638 0.209492 0.177408 0.157096 0.135609 0.120638 0.117625 0.108542 0.0952838 0.0893621 0.0825118 0.0659331 0.0548617 0.0454269 0.0391409 0.037876 0.0344431 0.0290889 0.0275609 0.0311488 0.0363545 0.0361522 0.0401954 0.0427578 0.0398051 0.0372967 0.037036 0.0351605 0.0325955 0.0328379 0.0347328 0.0344931 0.0243088 0.0138668 0.00620805 -0.000712118 -0.0066265 0.000282651 0.00784364 
0.408636 0.356216 0.315618 0.277494 0.246605 0.233699 0.223491 0.215912 0.215698 0.21296 0.206676 0.19913 0.192959 0.18505 0.180175 0.176568 0.168061 0.172581 0.170983 0.171056 0.162165 0.149076 0.130518 0.110774 0.088244 0.0744958 0.0744395 0.0737689 0.0694802 0.071682 0.0768138 0.0807071 0.084375 0.0895304 0.0835247 0.0870579 0.0905683 0.0880755 0.0870578 0.0890699 
0.602517 0.549642 0.50052 0.445989 0.401492 0.369745 0.341843 0.324351 0.30865 0.29091 0.268318 0.246038 0.215683 0.196401 0.178112 0.156374 0.137347 0.118606 0.101448 0.0937979 0.0875196 0.0877597 0.0851798 0.077243 0.0647338 0.0540343 0.0443912 0.0285982 0.0206303 0.0248527 0.0311774 0.0333734 0.0347007 0.0320501 0.0290229 0.0285306 0.0253028 0.0233621 0.019081 0.011463 
0.572987 0.534031 0.500968 0.461978 0.42491 0.384192 0.352224 0.318219 0.287975 0.267744 0.244569 0.223925 0.203938 0.183349 0.167101 0.154949 0.141314 0.133341 0.125643 0.12221 0.119085 0.120836 0.12272 0.115166 0.114042 0.122921 0.12443 0.121516 0.11845 0.118124 0.117442 0.111048 0.102043 0.0867672 0.0734412 0.059815 0.0416909 0.0220468 0.00860303 -0.0151421 
0.557122 0.51623 0.477301 0.439552 0.408906 0.378483 0.352251 0.333428 0.309607 0.290388 0.271569 0.247628 0.237042 0.218256 0.209938 0.206027 0.200215 0.192922 0.179396 0.1665 0.160626 0.151985 0.146842 0.143823 0.144464 0.150291 0.153831 0.146666 0.13853 0.132072 0.136127 0.133179 0.128318 0.122021 0.108115 0.0972955 0.088124 0.0765929 0.065207 0.0595604 
0.579515 0.530083 0.477608 0.430029 0.390751 0.360951 0.332756 0.309381 0.285225 0.259293 0.235216 0.217594 0.20259 0.193014 0.185612 0.181978 0.175589 0.165294 0.156904 0.146272 0.135964 0.125494 0.119949 0.120538 0.113643 0.111844 0.109998 0.111707 0.117973 0.114868 0.108055 0.0994888 0.0940128 0.0901307 0.0860124 0.0843843 0.0765518 0.0699099 0.0644023 0.0636316 
0.438645 0.398461 0.360378 0.330857 0.304388 0.285161 0.260262 0.237543 0.220422 0.202758 0.185838 0.168681 0.157778 0.15282 0.147604 0.147195 0.137208 0.127475 0.115661 0.106973 0.100273 0.0953777 0.0970367 0.107169 0.112046 0.110616 0.116682 0.120397 0.132882 0.143641 0.154284 0.170886 0.182308 0.19214 0.20332 0.20675 0.208333 0.208702 0.206497 0.204772 
0.348468 0.304345 0.265562 0.230193 0.20073 0.176845 0.149686 0.131951 0.107629 0.0824773 0.0666127 0.0585159 0.053255 0.047485 0.0398696 0.0314065 0.0285737 0.0152412 0.0044248 -0.00228308 -0.0110351 -0.0242645 -0.0375635 -0.0403878 -0.0394797 -0.0346373 -0.0363361 -0.0368261 -0.0264369 -0.019693 -0.0143214 -0.00596957 0.00317568 0.00587511 0.0114427 0.00906009 0.0111563 0.0206061 0.0309669 0.0377251 
0.374638 0.328425 0.284622 0.247877 0.21738 0.179407 0.14495 0.112786 0.0825846 0.0581083 0.0297145 0.00418053 -0.0150966 -0.0331055 -0.0491753 -0.0570587 -0.0617035 -0.0653263 -0.0688363 -0.0723509 -0.0758216 -0.0773074 -0.0783885 -0.0809178 -0.0835798 -0.094223 -0.0975574 -0.102001 -0.111041 -0.117774 -0.12255 -0.128344 -0.129912 -0.131719 -0.13251 -0.129948 -0.121498 -0.0998836 -0.0763755 -0.0513327 
0.374901 0.327521 0.281551 0.228701 0.181926 0.147977 0.115668 0.087491 0.0663445 0.0347663 0.0029183 -0.0266893 -0.0458526 -0.0581519 -0.064496 -0.0660157 -0.0726561 -0.0752398 -0.0833614 -0.0939965 -0.106238 -0.106661 -0.0990743 -0.0903447 -0.07226 -0.0562351 -0.0410289 -0.0304339 -0.0286667 -0.0364209 -0.042176 -0.046427 -0.0449551 -0.0447329 -0.0308168 -0.0181622 -0.0073677 0.00654093 0.0116633 0.0101325 
0.338947 0.289844 0.247908 0.207716 0.168616 0.133403 0.0947924 0.0572354 0.0259095 -0.00525297 -0.0327307 -0.060368 -0.0842763 -0.104481 -0.116963 -0.123705 -0.119246 -0.112842 -0.107623 -0.102276 -0.0948825 -0.0827196 -0.0707842 -0.0595919 -0.0513092 -0.0336309 -0.0158436 0.00627958 0.0297494 0.0455489 0.0528962 0.0558342 0.0563115 0.0547895 0.0562756 0.0585967 0.063991 0.0628444 0.0546751 0.047314 
0.447915 0.396679 0.351182 0.307764 0.257531 0.212767 0.171323 0.131587 0.0952637 0.0634958 0.0340125 0.00966593 -0.00939666 -0.0244906 -0.0332839 -0.0351872 -0.0359587 -0.0364771 -0.0364052 -0.0284042 -0.00895523 0.00842517 0.0234679 0.0311386 0.0534131 0.0630553 0.0705903 0.0764742 0.0842275 0.0922553 0.102406 0.100881 0.0917441 0.0822727 0.0709717 0.056884 0.0430321 0.0262666 0.00963925 -0.000634339 
