1.21
1.29252
1.26383
0.844254
0.885408
0.300935
0.000185768
-0.122178
0.346196
0.65896
0.878938
1.14308
1.40209
1.55147
1.50392
1.27114
0.838003
0.659276
0.671156
0.684441
0.830413
1.05487
1.42381
1.29597
1.05806
0.795006
0.229544
0.308956
0.0473889
0.449792
0.186301
0.239659
0.255074
0.186072
-0.0104719
-0.448409
-0.563789
0.0491522
0.383474
0.0750516
0.651177
0.71131
0.269667
0.714518
1.33128
1.60327
1.46009
1.09514
1.19313
1.22976
1.62037
1.24321
1.08843
0.952411
0.904628
1.11947
1.11181
0.321006
0.0692441
-0.0499167
-0.379709
-0.698689
-0.464005
-0.844373
-0.860639
-0.468475
-0.571506
-0.621504
0.0806948
0.500818
0.236697
0.627279
0.610014
0.254243
-0.415541
-0.31764
-0.776203
-0.79426
-1.37437
-1.18906
-0.968446
-0.64013
-0.692251
-0.716134
-0.882446
-1.15094
-0.863013
-0.427607
-0.288748
-0.0974714
-0.326973
-0.00733544
0.591695
0.620509
0.893346
0.96506
0.910911
0.899384
0.345573
1.01378
1.03521
1.13789
1.16622
1.08471
1.22422
0.842664
0.119321
-0.0486659
0.225133
0.267936
-0.120368
0.0987322
0.0458983
-0.175525
-0.226203
-0.475464
-0.461098
-0.0242999
0.343081
0.23428
-0.342896
-0.712876
-0.917326
-1.08945
-0.740589
-0.887563
-0.603282
-0.642055
-0.309159
-0.795355
-1.36103
-0.822948
-0.696422
-0.890803
-1.20822
-1.01612
-1.09227
-0.537227
-0.652456
-0.748481
-1.27518
-0.874626
-0.609815
-0.372503
-0.747119
-0.384022
-0.558593
-0.810531
-1.05632
-1.24652
-1.01491
-0.676614
-0.246896
-0.0785379
0.0809235
-0.297253
-0.141766
0.111206
0.343344
-0.520906
-0.228545
-0.429092
-0.534195
-0.359622
-0.599073
-0.434658
-0.940378
-0.578646
-0.573312
-0.325496
0.179937
0.219067
0.374144
0.375269
0.660376
0.462687
0.96091
0.929284
0.81765
0.7734
1.03055
1.00289
0.990153
0.836954
0.61126
0.792805
0.956174
1.06667
1.50659
1.38654
1.08576
0.912363
0.83888
0.46233
0.612794
0.288551
0.40942
0.941558
1.2051
1.58921
