0.588096
0.156144
-0.38869
-0.319929
0.981227
0.00355134
0.605008
1.39463
1.17714
1.06196
0.517831
0.855816
0.553854
-0.015743
-0.54632
-0.138676
0.518977
0.519408
0.700675
-0.360342
-1.00787
-1.48379
-0.60941
-0.618077
0.102986
0.379468
0.472574
0.0268776
-0.600433
-0.812853
-1.24271
-1.62927
-1.05568
-1.61545
-1.767
-1.48934
-1.11985
-0.579177
-0.673689
-0.313313
0.234261
0.831561
0.66881
0.0865313
-0.453004
0.252433
0.0814307
-0.340948
0.0165929
0.0829603
0.102938
0.209567
0.510795
0.593739
0.532425
0.265416
-0.357003
-0.0406728
0.442949
0.469386
