-0.1773
-0.151381
-0.256874
-0.118906
-0.144889
-0.0222561
0.237363
0.0644728
0.171396
0.0347425
0.312392
0.274603
-0.152581
-0.131085
0.0727677
0.23463
-0.280546
-0.503895
-0.444057
-0.202081
-0.0587029
-0.0924704
0.0579233
-0.269083
-0.445742
-0.13569
-0.0971802
-0.0355701
0.157673
0.347104
0.313687
0.543036
0.273456
0.132347
0.24284
0.898909
0.931512
0.775356
0.456402
0.333535
0.132745
0.579581
0.257984
0.276259
0.13413
0.132845
0.13119
-0.0250795
-0.11188
0.0622004
-0.0352265
-0.180901
-0.265683
0.179648
0.234835
0.222579
-0.0145487
0.247786
0.40869
0.121407
-0.0244319
0.169956
0.218164
0.204183
0.245099
0.0799466
0.204937
0.262836
0.292031
0.4283
0.603796
0.407774
0.271882
-0.249333
-0.0412892
-0.0766303
0.104259
0.172004
-0.0444554
-0.0503612
0.164852
0.251172
0.174768
-0.237462
0.31694
0.784593
0.503373
0.612347
0.537492
0.224155
-0.127251
0.114663
-0.169401
-0.571418
-0.651343
-0.992975
-0.993499
-0.913957
-0.831909
-1.3291
-1.34122
-1.59443
-1.38529
-1.09787
-0.959266
-0.998235
-0.631113
-0.360086
-0.418041
-0.195039
-0.289862
0.224484
0.463863
0.404657
0.53863
-0.00336449
0.0263593
0.129633
-0.0915198
0.00958107
-0.135001
0.172595
0.398126
0.317234
0.347583
0.35404
0.425809
0.393152
-0.0254735
-0.150121
-0.313082
0.439209
0.43152
0.608746
0.786491
0.758813
0.63661
0.220011
-0.023116
0.126239
-0.111075
-0.332363
-0.619048
-0.621087
-0.921398
-0.910398
-0.59732
-0.987906
-1.11286
-1.43644
-1.32882
-1.3506
-1.44206
-1.425
-1.23219
-1.49751
-1.39823
-1.65651
-1.03762
-0.980479
-1.1141
-0.963445
-0.953466
-0.755332
-0.453922
-0.360969
0.0219041
0.263837
0.642901
0.437435
0.716602
0.647188
0.583671
0.381612
0.609266
0.000616703
0.0837386
0.290023
0.27843
0.47318
0.501663
0.494927
0.238859
0.467026
0.114901
0.0420197
-0.450192
-0.477941
-0.404705
-0.768094
-0.883832
-1.01295
-1.24048
-1.40792
-1.47597
-1.46355
-1.40201
-1.37442
-1.44679
-1.31844
-1.55897
-1.05906
-1.36061
-1.35265
-1.30507
-1.59056
-1.56537
-1.84042
-1.42101
-1.45758
-1.22473
-0.622841
-0.783445
-0.307962
0.258219
0.383669
0.352797
0.361494
0.655957
0.606816
0.588541
0.351876
0.0768178
0.241195
0.324862
0.203907
0.507432
0.6935
0.733631
0.869422
0.988913
0.662654
0.180238
-0.0288808
-0.24809
-0.481536
-0.834802
-0.564379
-0.269785
0.0170006
0.0550783
-0.0982244
-0.575155
-0.814873
-1.06534
-1.80854
-1.76282
-1.33438
-1.28969
-1.4336
-1.21872
-1.0334
-0.419178
-1.1068
-1.08386
-0.917686
-1.2052
-1.07592
-0.744905
-0.873105
-0.881664
-0.565297
-0.728696
-0.342473
-0.596274
-0.367648
-0.20956
-0.196961
-0.288955
-0.311006
0.0991246
0.632725
0.462171
0.185999
0.167847
0.288382
0.531743
0.547506
0.624849
0.591993
0.233997
0.218402
0.356481
0.28356
0.270871
-0.0665874
-0.0976668
-0.653484
-0.814544
-0.0375251
-0.175521
-0.457808
-0.451842
-0.43328
-0.667814
-0.616472
-0.11132
-0.542966
-0.265462
-0.0566015
