0.183619
0.575599
0.607917
0.43907
0.01347
0.519275
-0.539162
0.500307
0.326688
0.597961
0.452606
1.03833
0.396659
0.411859
0.400536
0.821821
0.516759
0.584559
0.506909
0.830152
0.392359
0.407295
0.379884
0.941365
0.829384
0.466422
0.626312
0.0945731
0.342396
-0.105215
0.173652
0.396866
0.197799
0.415704
0.435513
0.746099
0.536792
0.658286
0.675894
0.547324
0.262131
1.12302
0.519869
0.537833
0.471842
0.1359
0.936635
-0.0372634
0.66674
0.638017
0.816588
0.386929
0.361734
0.179744
0.482263
1.27373
0.629802
0.38045
0.604581
0.0428273
0.673772
0.719675
0.282688
0.709427
0.367814
0.390747
0.858682
0.364265
0.437733
0.708431
0.32242
0.409191
0.902256
0.728715
0.105958
0.601455
0.315239
0.159514
0.64307
-0.236536
0.417639
1.04409
0.384377
0.411232
0.636956
0.629053
0.262029
0.691908
0.977491
0.239945
0.652692
0.731403
0.0563264
0.474816
0.227922
0.907564
1.0364
0.701064
0.425183
0.624023
0.538945
0.520973
0.538946
-0.146173
0.833664
-0.24009
0.454909
0.43368
0.663461
0.68856
0.687274
0.706897
0.932788
0.264833
0.230007
0.418004
0.769006
0.830297
0.881376
-0.183592
0.427216
0.551553
0.795489
0.785843
0.542689
0.218737
0.949733
0.458535
-0.0282546
0.105173
0.159517
0.35595
0.777548
0.918556
0.268728
0.720717
0.373675
0.171972
0.451065
0.762354
0.301901
0.458203
0.0319485
0.160598
-0.131926
0.435662
0.383835
0.592467
0.51438
0.597591
0.172369
0.455636
0.105101
-0.572766
0.689546
0.815469
0.337304
1.01351
0.808871
0.950195
0.616824
0.196789
0.286631
0.515552
1.20131
0.947652
0.90376
0.146272
0.897689
1.15695
0.713492
0.757162
0.782095
0.902936
0.661912
0.885859
-0.263309
0.136033
0.338433
0.405102
0.789504
0.591151
0.392861
-0.0372724
0.751096
0.878034
0.440925
0.876678
0.453917
0.706722
0.880078
0.406156
0.744636
0.15274
-0.450198
0.787878
0.434865
0.497423
0.461921
0.456436
0.542185
0.441728
0.601294
0.620648
0.486862
0.517151
0.873281
0.0285029
1.14507
0.915929
0.538018
0.088986
0.501932
0.762972
0.269297
0.41779
-0.167875
0.646366
0.607647
0.152645
0.445993
0.696291
0.604524
-0.341779
0.479436
0.555542
-0.0419206
0.424761
0.95955
0.440319
0.343414
0.602223
0.53173
0.771188
0.466048
0.168367
0.590825
0.983856
0.342988
1.0055
0.420814
0.445029
0.869937
0.029694
0.729218
0.426116
0.71961
0.707571
0.651686
0.719443
0.377015
0.719016
0.247323
0.653353
1.04778
1.03522
0.253538
0.429056
0.999676
0.230368
0.591265
0.409082
-0.0329778
0.647333
-0.0559712
0.462178
0.907408
0.126294
0.543394
0.0498386
0.622074
0.890182
0.169742
0.622691
0.72914
0.885175
0.558996
0.564224
0.324118
0.333888
0.564341
0.0686756
0.734108
0.343289
0.790222
0.745553
0.616081
-0.0699177
0.321209
0.849233
0.680976
0.278509
0.851661
0.526536
0.099171
0.375012
0.440186
0.743006
0.185772
0.624842
0.341792
0.655429
-0.154053
0.783638
0.470323
1.05437
0.218239
0.42378
0.523341
0.435064
0.362724
0.359186
0.315483
0.950197
0.0975871
0.700919
0.862156
-0.00889194
0.725808
0.299835
0.5638
-0.0488096
0.71968
0.224797
-0.0984145
0.767048
1.10945
0.734723
0.755033
0.490338
0.14482
0.530631
0.690573
0.774958
0.972238
0.221543
0.487588
0.398376
0.103715
0.409259
0.324113
0.896051
0.73621
0.260129
-0.0281144
0.593009
0.814295
0.678266
0.666463
0.313684
-0.0626945
0.625786
0.0553997
0.566908
0.47584
0.478288
0.485856
0.0199671
0.426282
0.488945
0.378057
0.233585
0.29774
0.43046
0.656893
0.314015
0.551123
0.6998
0.684395
0.655465
0.25201
0.220571
0.169106
0.781035
0.99233
0.894274
0.122173
0.27263
0.497783
0.799967
0.318448
0.322566
-0.211072
0.381023
0.72648
0.167607
0.775816
0.814256
0.475792
0.000575747
0.167494
0.548021
1.07799
0.714046
0.563066
0.630037
0.23463
0.685265
0.534713
0.588011
0.555275
0.605778
0.572278
0.566448
-0.140111
0.760363
0.596443
0.685436
0.216562
-0.020973
0.860839
1.16593
0.230442
0.449147
0.365832
0.478098
0.345648
0.682991
0.524839
-0.0768878
0.405674
0.568737
0.455574
0.0523375
0.318218
0.630056
0.665593
-0.220107
1.12835
0.953407
0.606565
0.961898
1.03798
1.01711
0.136563
0.864055
0.764887
0.0427062
0.60425
-0.086145
0.874869
0.0232567
-0.0620519
0.321058
-0.0444838
0.405516
0.706309
0.749044
0.31298
0.0807883
0.713211
0.543595
0.553728
0.249514
0.422561
0.404411
0.893745
0.255187
0.136969
0.283406
0.280045
0.207338
0.763075
0.925975
0.511301
0.495082
0.751986
0.736622
0.604778
0.25904
0.616218
0.816754
0.440936
0.626915
0.650849
0.293302
0.301228
0.881004
0.411299
0.582704
0.51914
0.510657
0.695633
0.9233
0.672361
0.254134
0.311697
0.577435
0.496288
0.407566
0.407617
0.811762
0.863022
0.297204
0.407807
0.111909
-0.111418
0.25507
0.666316
1.19248
0.468449
0.305584
0.611967
0.440628
0.120566
0.299684
0.776214
0.147252
0.638247
0.548128
1.01337
0.189288
0.8477
0.455249
0.618394
1.03704
0.397952
0.79428
0.790885
0.064904
0.0995875
0.478484
0.664376
0.347803
0.22076
0.386445
0.612136
0.482018
0.309494
0.653867
0.0875745
0.463753
0.467404
0.804567
0.106818
0.9271
0.644164
0.459145
0.819321
0.720296
0.521176
0.750019
0.733305
0.813971
0.603914
0.523713
0.829702
0.65685
0.713598
0.700121
0.406632
0.59319
0.226653
0.777402
0.113992
0.448593
0.675658
0.337658
0.766129
0.479487
0.394674
0.113339
0.272344
0.347907
0.702451
0.712698
0.551825
0.0237383
0.323135
1.02165
0.776415
0.210486
0.921802
0.491471
0.522096
0.786189
0.848335
1.00858
0.0365315
0.0082546
-0.000644006
0.762677
0.410216
0.787612
0.365974
0.739229
0.637058
0.317121
0.4079
0.13494
0.506049
0.795209
0.58375
0.507816
0.632713
0.814547
0.206242
0.507221
1.0751
0.73244
1.14481
1.01143
0.295625
0.398174
0.0853968
0.293475
0.735888
0.672055
0.544599
0.764593
0.363306
0.841248
0.514061
0.532603
0.589035
0.493747
0.783453
0.309653
0.962865
0.740324
0.995068
0.497018
0.752505
0.283197
0.768161
0.601817
0.442705
0.488017
0.854483
0.431844
1.19939
-0.272146
0.675052
0.542823
0.886655
0.160721
0.331726
0.696573
0.218678
0.348581
0.722597
0.686606
1.09095
0.639949
-0.109288
0.657604
0.35129
0.616122
0.636786
0.790282
0.0884289
0.970641
0.381673
0.288572
1.3202
0.510309
0.147257
0.363252
0.409326
0.238553
0.795125
0.473758
0.377658
1.16839
0.0343412
0.336539
0.272002
0.479041
0.881728
0.428416
0.352244
0.608445
0.361735
0.444343
0.538109
0.354283
0.628537
-0.0267641
0.779261
0.557701
0.0793382
0.728712
0.699203
0.809949
0.951295
0.154854
-0.0331316
0.645137
0.965776
0.131509
0.708506
0.838408
0.195637
0.909352
0.551652
0.611291
0.287495
0.640905
0.634406
0.362253
0.48567
0.915452
1.08435
0.783026
0.26598
0.895031
0.50591
0.199895
1.2225
0.381526
0.465431
0.355841
0.572555
0.345069
0.448513
0.918095
0.696178
0.440224
0.375174
0.954553
0.638628
-0.318892
0.429825
0.2349
0.884683
1.02368
0.707569
0.26297
0.0297562
0.906959
1.05061
0.97933
0.334853
0.569763
0.234234
0.579133
0.652107
0.154742
0.312818
0.655284
0.722634
0.139587
0.331127
0.891653
0.1764
-0.081257
0.751276
0.66441
0.690387
0.458937
0.413694
0.84804
0.14604
0.555759
0.50764
0.2983
0.691351
0.531163
0.351799
0.434285
-0.157539
0.371764
0.299028
1.05245
0.563034
0.347027
0.469425
0.91724
0.893446
0.633524
0.0568404
-0.15934
0.498727
0.57334
0.583117
0.276583
0.457368
0.532364
0.632723
0.577986
0.485434
0.933197
0.0239235
0.777401
0.475318
0.104972
-0.406827
0.303554
0.363399
0.504338
0.687842
0.38327
0.807293
0.608885
0.718548
0.686914
-0.131103
0.898991
0.354263
0.750254
0.51405
0.49894
0.616368
0.155748
0.630431
0.6695
0.589657
0.176705
0.268631
0.388679
0.985934
0.26727
0.625422
0.771932
0.669167
0.593944
0.481497
0.202036
1.16226
1.09032
0.0937282
0.549016
0.0354255
0.179422
0.748916
0.83468
0.190735
0.51042
0.77339
0.598419
0.670128
0.606852
1.00479
0.433661
0.296801
0.598861
0.634583
0.792959
0.502765
0.426328
0.0884192
0.794786
-0.317825
0.574199
0.865909
0.892854
0.648801
1.21641
-0.0485515
0.066966
0.897923
0.133387
0.431377
1.02706
0.182291
0.663229
0.520189
0.972929
0.770809
0.909177
0.966341
0.813988
0.089802
0.293106
0.181941
0.85113
0.305111
0.796939
0.403519
0.700502
0.0322667
0.723068
0.738196
0.608533
0.24211
1.24307
0.646394
-0.0625388
0.520082
0.72687
0.982762
0.705567
0.258716
0.39343
0.621404
0.702053
0.379487
0.416002
0.983672
1.00827
0.751392
0.532529
0.903678
0.43658
0.668925
0.0610458
0.870136
0.326855
0.473048
0.598837
0.642074
0.459361
0.646021
0.975526
0.703485
0.800379
1.00221
-0.377004
-0.0919535
0.208675
0.598212
0.506294
0.47377
-0.13326
-0.0919867
0.677316
0.900942
0.301088
0.850166
0.453146
0.910757
0.998718
-0.0532695
0.441877
0.778961
0.571116
0.372259
0.123961
0.682638
-0.0571956
0.593434
0.537978
0.583388
0.0503135
0.443042
0.148076
0.832981
0.589521
0.42744
0.354823
-0.105807
0.282664
0.173289
0.739017
-0.126067
0.224013
1.09918
0.82941
1.06517
0.696007
0.790882
0.614109
0.537302
0.83626
0.312246
0.268891
0.223987
0.235554
0.452946
0.204248
0.703482
0.493862
0.559805
0.684063
0.217849
-0.315503
0.743448
0.345116
0.926767
0.805785
0.159495
0.96982
0.95005
0.258057
0.269174
0.688564
0.517513
0.624843
0.95969
0.746412
0.817101
0.838191
0.0709411
-0.319266
0.257095
0.663444
0.363645
0.474491
0.754836
0.409763
0.55879
0.728337
-0.0255785
0.721645
0.52936
0.190198
0.66341
0.280499
0.324268
0.611596
0.131934
0.399259
0.807811
0.283135
0.16401
0.289648
0.181071
0.304604
0.454205
0.0980411
0.577706
0.614331
0.459822
0.103577
0.995621
0.18647
0.510137
0.618861
0.712728
0.0677396
0.582989
0.487102
0.574994
0.955536
0.303302
0.618998
0.0674669
0.827086
-0.0895449
0.367925
0.868078
0.467193
1.00863
0.726115
0.855662
0.756719
0.201812
0.467237
0.726083
-0.325685
0.379324
0.0981569
0.545586
0.25689
0.589101
0.237072
1.06542
0.831227
0.438574
0.28807
0.532229
0.612927
-0.12369
0.892237
0.445917
0.54903
0.916014
0.372418
0.179725
0.250171
0.75871
0.595487
0.957408
0.178375
0.0970267
0.693847
0.198207
0.572387
0.553737
0.28642
-0.117772
0.0796192
0.499816
0.639331
0.401176
0.68013
-0.135906
0.328641
0.458377
-0.0204747
0.450205
0.0855547
-0.317238
-0.139326
0.490745
0.426136
0.135313
0.390782
0.986237
0.274564
0.631258
0.286148
0.359583
0.287851
0.235886
0.0298048
0.411844
0.428411
0.983155
1.01673
0.474972
0.497683
0.452773
0.393527
0.49316
-0.238551
0.545116
0.734004
0.546236
0.93048
0.335522
0.42233
0.809777
0.118149
-0.293064
0.209674
0.206679
0.643175
0.811624
-0.012741
-0.192117
0.527556
0.873232
-0.0489431
0.218221
0.436533
0.918874
0.242086
0.495971
0.534778
0.0208676
0.213904
0.216452
0.515335
0.679053
0.855671
0.334114
0.673698
0.967183
0.539689
1.01206
0.310837
0.457737
-0.290669
0.878124
0.475067
0.796876
0.798648
1.06668
0.33347
-0.392715
-0.0844201
0.702259
0.390931
0.0520019
0.404432
0.793989
0.168348
0.27014
0.825639
0.571925
0.534799
0.293977
1.25903
0.616806
0.365595
0.652529
0.75079
0.408008
0.828382
-0.459442
1.25425
0.627093
0.935739
0.901822
0.725023
0.712552
0.370743
0.716372
0.92243
-0.0934651
0.418231
0.251633
-0.0208899
0.561347
0.499714
1.12787
0.688541
0.882479
0.549834
0.328794
0.16399
-0.340383
0.1862
0.444204
0.691518
0.890638
0.320171
0.562698
0.186421
0.400801
0.0246031
0.811928
-0.114773
0.537172
1.03296
0.547199
0.585084
0.151367
0.653071
0.951746
0.0754979
0.62553
0.23727
0.432849
-0.571335
0.0835337
-0.113644
0.446675
0.153508
0.283046
0.478301
0.290032
0.654145
0.318392
0.584616
0.682691
-0.152653
0.429148
0.744942
0.459253
0.30054
0.678877
0.741473
0.616704
0.885302
0.574477
0.610672
0.243376
0.385423
0.398099
0.426935
0.597054
0.163951
0.6512
0.645048
-0.118134
0.352717
0.686304
0.411541
0.882531
0.316251
0.918557
0.0488466
0.389446
0.778068
0.858124
0.451058
0.316292
0.374609
0.851358
0.98801
0.445253
0.397293
1.01748
0.984222
0.700146
0.59611
0.525813
0.946626
0.347605
0.167153
0.4175
1.06931
0.59159
0.475879
0.725812
0.523543
-0.00901265
0.878579
0.190129
0.409634
0.406288
0.608135
1.09514
0.701394
0.979779
0.624892
0.439206
0.490555
0.204358
0.640277
0.0542057
0.691051
0.283206
-0.0139889
0.549585
0.36164
0.902949
0.369515
0.69838
0.567318
0.668331
0.336487
0.483481
0.444444
0.752796
0.998422
0.371011
-0.118471
0.255409
0.828919
0.393797
0.461356
0.696669
0.615862
0.19113
0.719491
0.479977
0.591183
0.297272
0.0628028
0.451283
0.850125
0.509663
0.278166
0.0096989
0.0874434
0.0786281
1.00371
0.318589
0.470534
0.369037
0.0399319
0.741437
0.605286
0.540815
0.304067
0.299445
0.600068
0.728149
0.52439
0.65937
0.798401
0.424607
0.464029
0.635859
0.910621
0.76648
0.975331
0.550711
1.11855
-0.00553157
0.780398
0.396149
0.824243
0.36892
0.458792
0.690759
0.0547518
0.834494
0.543313
0.112939
0.483454
0.0550493
0.177176
0.632068
0.423987
-0.0540567
0.326588
0.28458
0.523949
0.109054
0.304167
0.849298
0.611786
0.0848188
-0.20018
0.0330669
0.524899
1.03552
0.306451
0.527445
0.68161
0.570249
0.138474
0.263727
0.804365
0.834446
0.468436
0.231214
0.236579
0.212308
-0.345132
0.978613
0.662235
0.605739
0.672077
0.216244
0.476956
0.884357
0.327455
0.605143
0.904882
-0.292808
0.750947
1.13286
0.619311
0.212365
0.245563
0.0910727
0.35141
0.837566
0.505861
0.437878
0.763711
0.48542
0.214242
-0.290109
0.761816
0.614629
0.919064
0.779353
0.914622
0.661491
0.312101
0.00717884
0.341215
0.372895
0.538373
0.571876
0.492665
0.33171
-0.0452075
0.792901
0.549649
0.10952
0.513648
0.185736
0.533198
1.22775
-0.153803
0.285971
0.0821443
0.673146
0.769893
1.01838
-0.23082
1.07289
0.93207
0.349334
0.353503
0.761502
0.708509
0.202019
0.454691
0.0483755
-0.0147239
0.693039
0.768211
0.720333
0.229557
0.511464
0.558475
0.566335
-0.100805
0.179085
-0.0298796
0.210478
0.625585
0.129964
0.253083
0.0425129
1.11637
0.845151
0.759122
0.757825
0.508376
0.2734
0.946916
0.228582
0.396046
0.626859
0.770362
0.121594
0.55893
0.801971
0.555498
0.645051
0.973557
0.82443
-0.113439
0.469439
0.771782
-0.246494
0.54484
0.0799457
0.97007
0.767048
0.822659
0.338817
0.561602
-0.188629
0.600823
0.594326
0.617218
0.0813644
0.410971
0.79971
0.236497
-0.300443
0.506404
0.330755
0.839257
0.0200235
-0.0236191
0.921275
0.507627
0.451157
1.00168
0.282476
0.339351
0.94411
0.451851
0.796892
0.404963
0.928922
0.641569
0.677749
0.875277
0.591208
-0.238119
0.599211
0.356439
0.810984
0.50482
0.607453
0.0860026
0.709355
0.154848
0.518283
0.305032
0.132541
0.731263
0.836122
0.790497
0.139242
0.65273
0.0780168
1.00103
0.377746
0.4939
-0.430438
0.462596
0.360784
0.2503
0.237027
1.3338
0.970402
0.663
0.266807
0.127415
0.841118
0.0955529
0.524262
0.802695
0.536919
0.60812
0.675957
0.454064
0.733728
0.0832201
0.428719
0.712817
0.513793
0.598218
0.628908
0.528284
0.66611
0.77871
0.763084
0.724236
0.156045
0.454086
0.198294
0.48027
0.150674
0.646625
0.334578
0.384138
0.155706
0.135176
0.825789
0.392448
0.636062
-0.00294929
0.379875
0.184188
0.320456
0.590589
0.702191
0.0334755
0.0714312
0.728779
0.749993
0.407512
0.798753
0.152976
0.501909
0.544566
0.252325
0.379008
0.47292
0.563317
0.502991
-0.101373
0.565314
0.87526
-0.0418629
-0.125623
1.00188
0.685283
0.309762
0.287912
0.345586
-0.0451294
0.705246
-0.0478901
-0.00997127
0.676618
0.300272
0.586762
0.698093
-0.241649
0.220842
0.376033
0.618337
0.000579154
0.67638
0.467291
0.879718
0.940764
0.787135
0.183841
0.743415
-0.106024
0.0568912
0.596496
0.937359
-0.070487
0.475913
0.610338
0.649765
-0.0290922
1.13029
0.868796
0.823592
0.678137
0.664946
0.491133
0.899905
0.272
0.648496
0.32671
0.405568
0.777956
0.19334
0.631282
-0.0921018
0.255408
0.666864
0.365934
0.465564
0.762686
-0.623679
0.370694
-0.0297023
0.532015
0.617855
0.157782
0.0358275
0.693011
0.389889
0.435431
1.00879
0.75876
0.593387
0.0701491
0.37663
0.409106
0.853738
0.802948
-0.183477
0.313677
0.90783
0.0365204
0.538995
0.809661
0.56106
-0.193186
0.603784
0.439842
0.707194
0.842101
0.720058
0.359132
0.671074
0.540266
0.341126
0.511928
0.84828
0.295965
0.758531
1.0238
0.465731
0.310482
0.0898871
0.982297
0.522817
-0.401252
0.379377
0.700109
0.546512
0.196008
0.27202
0.607284
0.797852
0.572861
0.5669
0.371202
0.700723
0.486002
1.07512
0.193819
0.58996
0.411867
0.958891
0.251941
1.18632
0.258454
0.204415
0.0176932
-0.0954563
0.711282
0.977193
0.602784
0.191401
0.725584
-0.00397928
0.87212
0.00440145
0.900384
0.782318
0.0509002
0.373594
0.970942
0.616847
0.615323
1.00569
0.0591523
0.671088
0.564033
-0.287413
-0.0788211
0.491144
0.448079
0.896386
0.681082
0.726298
0.458308
0.299231
0.298429
0.877622
0.332824
0.30805
0.94559
0.357999
0.655675
0.2088
0.832854
0.729374
0.673747
0.571861
1.04254
0.559946
0.857574
-0.00169518
0.478228
0.594143
0.449861
0.867375
0.871221
0.587942
0.610032
0.677916
0.432229
0.422459
0.93572
0.591109
0.791211
0.435754
0.525699
0.0579518
0.411486
0.0233244
0.804757
0.239793
0.825953
0.599815
0.38983
0.179386
0.210792
0.0833348
0.70431
0.350017
0.313776
0.626506
0.35199
0.567205
1.07004
1.06777
0.170782
0.825393
0.837511
0.345411
0.268466
0.0305197
1.43061
0.615689
0.717777
0.392259
-0.0287184
1.13324
0.541692
0.439154
0.496116
-0.0155901
0.713258
0.781328
0.594479
0.350064
0.321265
0.959423
0.43024
0.405046
0.506631
-0.0130109
0.0620398
0.29215
0.304754
0.664229
0.230554
0.379607
0.374279
0.00804543
0.529675
0.596408
1.0613
0.332462
1.06814
-0.370614
0.524187
-0.164097
0.445903
0.505633
0.858761
0.515681
0.628799
0.371059
0.723177
0.448676
0.789147
0.71738
0.586776
0.563416
0.611435
0.677105
0.598214
0.75194
1.12783
0.8569
-0.0970981
0.77136
0.435381
0.379424
0.550643
0.751947
-0.370212
0.678364
0.132005
0.656288
0.465665
0.165424
0.432764
-0.326948
0.948621
0.996034
1.40248
0.111932
0.472985
0.398047
0.0360178
0.828008
0.322977
0.233375
0.722266
0.776911
0.341071
0.19882
1.0688
0.43676
0.528453
0.264029
0.22214
0.892712
-0.0333407
0.553281
0.44965
0.553055
0.628107
0.520749
0.754023
0.173867
0.195396
0.7134
0.0839673
0.716703
0.879932
0.417541
-0.181444
0.19836
1.01074
0.438437
0.711455
0.660705
0.511427
-0.113587
0.185004
1.23986
0.70654
1.05533
0.801848
0.729625
-0.0102958
0.402165
0.380666
0.42075
1.03015
0.825234
0.544838
0.528757
0.317396
0.951927
0.754497
0.616576
0.922311
0.51984
0.262347
0.435034
0.431929
0.369699
0.367741
0.534659
0.721327
0.933633
0.635129
0.40603
0.689687
-0.20867
0.703143
0.492398
-0.096405
0.342384
-0.292494
0.371679
0.704581
0.574979
-0.0113222
0.749541
0.0213624
0.358011
0.356434
0.576871
1.22444
0.665056
0.0473966
0.595962
0.071642
0.67329
0.801091
0.955844
0.252833
0.631993
0.609893
0.598484
0.715795
0.513995
0.468516
0.765389
0.494038
0.109859
0.177319
0.780055
0.244619
0.528257
0.40197
0.603852
0.0300454
0.403677
0.487622
0.698663
0.0728049
0.527271
0.694896
0.414938
0.83337
0.581174
0.671418
0.398562
0.411404
0.888354
0.913112
0.0456108
0.6273
0.148986
0.660789
0.810271
0.155161
0.398106
0.584681
0.500506
0.235088
0.707587
0.95866
-0.326041
0.489875
0.329498
0.305537
0.681879
0.161849
-0.00341142
0.752897
-0.0807651
0.48019
0.389874
0.431657
0.561704
0.783889
0.708046
0.117894
0.539704
-0.349204
0.350823
-0.35514
0.826178
0.489238
0.264426
0.578576
1.11714
0.561434
-0.0268044
0.599707
0.0271189
0.848837
0.159293
-0.290138
0.0259435
0.467515
0.751288
-0.0657162
0.252278
0.206856
1.02229
0.427012
0.398961
0.739777
0.63848
-0.0462789
0.576955
0.79895
0.683897
0.802189
-0.0913287
0.0677887
0.388505
0.160883
0.634998
0.357489
0.448945
0.053505
0.794021
0.718762
0.0917153
0.627106
-0.000773821
0.70986
0.61875
0.518791
1.00778
0.349172
0.271798
0.267297
0.394192
0.340977
0.647229
1.02031
-0.482745
0.344526
0.65776
0.759819
0.694739
0.238657
0.850301
0.0629944
0.115741
0.19866
0.459534
0.716127
0.73906
0.501012
-0.640894
0.955955
0.171889
0.891577
0.219194
0.670765
0.102782
0.365018
0.218605
0.830309
0.640806
0.20614
0.274198
0.55128
0.713936
0.295033
0.542335
0.577133
0.758432
0.0618619
0.325126
0.715073
0.766282
0.549325
0.626979
1.11467
0.661351
0.427189
-0.0937123
0.536667
0.679112
0.111984
0.222027
0.761676
0.651974
0.553016
0.380793
0.665208
0.550279
0.452716
1.00193
0.493999
0.506327
0.502243
0.807476
0.693994
0.63005
0.717522
0.878842
0.447903
0.356121
0.758332
0.984715
0.294268
1.03535
0.23076
0.480939
-0.167053
0.618716
0.0718657
0.0395206
0.757979
0.434333
0.911752
0.42892
0.651649
0.307177
0.487091
0.863003
0.668169
0.680102
0.486238
0.282045
0.420974
0.567952
0.682848
0.498504
0.42144
0.0108011
0.469645
0.459074
0.614158
0.351216
0.712364
0.677098
0.158285
0.628621
0.285438
0.406536
0.630273
0.876931
1.07456
0.27615
0.357085
0.101379
0.011876
0.370259
0.473844
0.525632
0.628867
0.815212
0.566672
0.262772
0.938637
0.331771
0.583548
0.573105
0.311959
0.628634
0.430356
-0.0540204
0.814815
0.335461
-0.47495
0.959197
1.12092
0.656147
0.357591
0.246482
0.747504
0.628202
0.721379
0.523618
0.533655
0.13265
0.86168
0.408768
0.0245214
1.20493
0.721862
0.218306
0.772944
0.359297
0.174911
0.61957
0.262181
0.351819
-0.236029
1.04328
0.44645
0.140729
1.03041
0.308247
0.33036
0.0604209
0.338769
-0.320285
0.371373
1.17204
0.735367
0.687304
0.699392
0.0878427
0.174267
-0.17637
0.27825
0.56223
0.66963
0.500028
0.076204
0.371162
0.533298
0.496747
0.676804
0.458269
0.25831
0.969436
0.745502
0.25681
0.598707
0.516002
0.553444
0.898616
0.415956
0.129639
0.395583
0.59583
0.569263
0.975095
0.516027
-0.01418
0.236018
0.673504
0.94641
0.237093
0.755233
0.930385
0.712831
0.502273
0.0496306
0.687565
0.762533
0.0406134
0.813676
0.158672
0.703653
0.614795
0.346182
0.470901
0.846527
0.0791993
0.37107
0.788212
-0.352084
0.629514
0.823421
0.412348
0.66968
0.195219
0.146942
0.449104
0.625272
0.515862
0.681032
0.167599
0.610795
0.63374
0.446366
-0.268488
-0.0211164
0.0343466
0.389746
0.57678
0.603286
0.790336
0.466212
0.919835
-0.149607
-0.222203
0.458936
0.407092
0.367843
-0.0866158
0.832713
0.244116
-0.0696498
0.546633
0.175679
0.336198
0.52448
0.699369
0.412404
0.237927
0.162012
0.932278
0.897823
0.652721
0.821818
0.233822
0.401182
0.554072
0.0827441
0.623761
0.290546
0.737662
0.522883
1.03089
0.720453
0.316347
0.526584
0.388474
0.739984
0.703134
0.727622
0.466347
0.961248
0.69956
0.19433
0.159755
0.191951
0.582329
0.524591
0.704024
0.622694
0.22402
0.660739
0.545242
0.784128
0.546558
0.597863
0.576638
0.112691
0.147321
-0.138069
0.485896
0.055156
1.04394
0.934854
0.262396
0.699655
0.513831
0.348969
0.965882
-0.0685685
1.01601
0.365047
0.420062
0.773695
1.22452
0.0424242
0.605757
0.46384
0.535455
0.138511
0.0741694
0.659748
0.236888
0.196903
0.83272
0.0949239
0.385945
0.245268
0.511258
0.600072
0.55752
0.614071
0.629829
1.18633
0.984876
0.49533
0.747917
0.628961
0.403264
0.249955
0.556277
0.777255
0.458982
0.62209
0.966509
0.493193
0.759174
0.674083
0.856559
1.06694
0.372564
0.861301
0.840289
0.79333
1.09394
0.442814
0.194738
0.924211
0.58354
0.697458
-0.133873
0.367839
0.211037
0.838463
0.644595
-0.0968915
0.500113
0.166966
0.893895
0.242984
0.899482
0.67441
1.07316
0.916761
0.0183024
0.348992
0.288076
0.473339
0.516753
0.230875
0.944242
0.609863
0.799331
0.167016
0.498954
0.166524
0.283194
0.479573
0.774323
0.276816
0.24243
0.954631
0.816739
0.546599
0.159722
0.118893
0.352847
0.814668
-0.0307401
0.586586
0.736448
0.573326
0.667228
1.07078
0.570816
1.05465
-0.0106173
0.562335
0.199693
0.480374
1.04461
0.556873
0.73349
0.639073
0.784061
0.461539
0.234466
0.920306
0.608531
0.783575
0.7124
0.618827
0.72444
0.117485
1.13804
1.1102
0.421566
0.628068
0.798706
1.15396
0.436433
1.04686
0.460946
0.96718
0.75431
0.880294
1.30224
0.446929
0.653678
0.576447
0.75223
0.606129
0.31204
0.775075
0.915638
0.82528
0.138773
0.370946
0.80332
0.683216
0.305507
0.726281
0.0506576
0.213869
0.679394
0.126055
0.356599
0.509922
0.0545512
0.661119
0.00693305
0.449075
1.00156
0.602978
0.558242
0.729204
0.437135
0.634749
-0.0431101
0.573792
0.182958
0.555428
0.480531
0.42894
0.621056
0.312391
0.692686
0.75415
0.571075
0.0672008
0.54138
0.492603
0.929042
0.380531
0.586976
0.395061
0.0971871
-0.000260324
0.214901
-0.0617993
0.974226
0.703861
0.57787
0.27768
0.64966
0.40314
0.59118
0.138561
0.721321
0.557433
0.756916
-0.189646
0.524539
-0.139975
-0.254107
0.143415
0.782925
0.427948
0.71749
0.0190459
0.22101
0.390363
0.470791
0.278563
0.196485
0.71346
0.641373
0.776023
0.120231
0.673062
1.12324
1.03886
0.0393984
0.437942
0.48832
0.781008
0.629227
0.463876
0.826258
0.629528
0.165351
0.49774
0.58525
0.133117
0.5846
0.809159
0.826773
0.143995
0.655193
0.57505
0.550523
0.759208
0.607083
0.749832
0.939684
0.474271
0.395819
0.844499
0.94372
0.373997
0.73088
0.681946
0.46553
0.780083
0.524931
0.341468
0.861308
0.618556
0.791708
0.441883
0.433396
0.30259
0.421505
-0.0206884
0.172998
0.520216
0.0159095
0.511891
0.153626
0.201759
0.611925
0.326218
0.775107
0.389503
0.235252
1.11742
0.472167
0.242932
0.433032
0.701171
0.55704
0.85685
0.448321
0.525162
0.931351
0.548173
0.789515
0.422918
0.632074
0.586213
0.0732245
0.44752
0.856095
0.614985
0.413363
0.429051
0.486124
0.199649
0.459909
0.398092
0.514614
0.399192
0.779509
0.325533
0.541785
0.26103
0.821472
0.659924
0.00467791
0.326028
0.236334
0.739757
0.649003
0.453751
0.859644
-0.0451433
0.660101
0.568268
-0.0650069
0.906989
0.434632
0.849244
-0.0409166
0.642297
0.466589
0.718444
0.92999
0.619536
-0.0248626
0.540045
-0.0576896
0.956788
0.869689
0.943556
0.373722
0.819067
0.370141
0.577952
0.248462
0.676608
0.274098
-0.0157908
0.577203
0.160467
0.324579
0.654124
0.0966724
0.414141
0.293101
0.191587
0.346894
0.701632
0.0657663
1.08995
0.307424
0.00323195
0.495807
0.270608
0.747066
0.130043
0.835368
0.638399
0.563186
0.543149
0.460556
0.511172
-0.0941444
1.06421
0.750663
0.281062
0.0737749
0.721149
0.513629
0.469281
0.0651746
0.356746
0.59932
0.562509
0.480856
-0.000422386
0.942177
0.178116
0.81732
0.73445
0.686147
0.18517
-0.255877
0.810769
0.182548
1.14575
0.691149
0.433483
0.230619
0.403199
0.951381
0.385608
0.104908
0.0687283
0.534049
-0.011041
0.0808129
0.883964
0.326522
0.308806
0.315326
0.430755
0.896321
0.28705
0.857763
0.369134
0.7503
0.52828
0.47198
-0.119814
0.91647
-0.0446262
0.458073
0.695127
0.0636283
0.0164388
0.682158
0.301096
0.757021
0.817151
0.0410967
0.21784
1.15583
0.686945
0.980761
-0.0184615
0.849975
0.157729
0.35639
0.252461
0.758396
-0.236943
-0.233493
0.253995
0.671767
0.468449
1.18361
-0.0421222
0.524813
0.442834
0.428717
0.495827
-0.157398
1.12073
0.468067
0.428643
0.185406
-0.0665598
0.499272
-0.0197869
0.669054
-0.0289384
0.311294
0.354473
0.824102
0.924431
0.266882
0.37276
0.426853
0.344885
0.508895
0.532274
0.268811
0.36724
0.478377
-0.0599783
0.5872
0.0259906
0.275055
0.546846
0.543072
0.125551
0.364002
1.23585
0.391405
0.343624
0.741002
0.757207
0.330855
0.543419
0.517125
0.0540842
0.055437
0.695513
0.55827
0.641693
0.0984955
-0.0877791
0.114593
0.444257
0.480286
0.626919
0.578084
0.588707
0.0487772
0.504879
0.300097
0.140619
0.908393
0.0357143
0.29767
0.793417
0.52115
0.613721
0.633168
0.574643
0.260152
0.00570651
0.262977
0.761785
-0.541125
0.766331
0.326932
1.01105
0.88046
1.05817
0.510028
0.417971
0.402661
0.790901
0.453455
0.89063
0.450035
-0.0419117
0.497414
0.194098
0.760445
0.440003
0.478479
0.740009
0.335759
0.510331
0.726956
0.876773
0.530913
0.976278
0.904445
0.486956
0.473318
0.617565
0.256394
0.691586
0.24859
0.804162
0.667218
1.0478
0.557515
1.17598
0.826487
0.724402
0.559922
0.62559
-0.325694
0.623235
0.520651
0.772009
0.0538461
0.840028
0.676854
0.208399
0.220375
0.0930771
0.636447
0.7379
0.878834
0.3841
0.162317
0.885497
0.584122
0.464025
0.541754
0.433632
1.16948
0.633337
0.555322
0.560529
0.562506
0.771615
0.315322
0.0317951
0.644972
0.702039
0.694421
0.341757
0.605905
0.875339
0.757572
0.952146
0.741618
0.549386
0.270835
0.274474
0.204334
0.300584
0.182106
0.855796
0.16452
0.919791
0.250848
0.122777
1.04389
0.291815
0.408512
0.37298
0.0717567
0.603178
0.48084
0.14157
0.607027
0.42187
0.384091
0.495645
0.0366991
1.0773
0.423834
0.301517
0.551303
0.443277
0.607118
0.491069
1.02036
0.532073
0.581404
0.516395
0.973763
0.361156
0.0500568
0.769582
0.548218
0.176006
0.499431
0.809571
0.244911
0.699117
0.724546
0.471655
0.160618
0.79979
0.544709
0.0675019
0.636293
0.672144
0.316803
0.892355
0.49186
0.531324
0.177443
0.448373
0.538011
0.735582
0.67079
0.61303
0.136269
0.843222
0.920531
0.639589
0.992519
0.104085
0.481444
0.93088
0.325784
0.566021
0.396949
0.538605
0.425185
0.691976
1.1923
0.184862
0.347574
0.844104
0.829745
0.644254
-0.446196
0.638793
0.0010601
0.56307
-0.109949
0.791383
0.858632
0.623458
0.473908
0.487386
0.502222
0.239044
0.282039
0.570556
0.297416
0.331301
0.819864
0.403977
0.217888
0.758251
0.388584
0.411464
0.00533423
0.421007
0.566459
0.293206
0.57977
0.420956
0.216979
0.575823
0.256986
0.278408
0.369294
1.00042
0.387914
0.416159
1.28843
0.831745
0.659411
0.556686
0.553421
0.31805
0.456089
0.678466
0.757126
0.729372
0.336118
0.960409
1.00491
0.591381
0.744316
0.0982179
0.623312
0.152299
0.565114
0.321434
0.950196
1.0295
0.336184
0.552501
0.548697
0.323521
0.409411
0.764723
0.255449
0.555141
0.884056
-0.247099
0.461575
-0.10291
0.232006
0.515644
0.372388
0.264715
0.247532
0.62044
1.15311
0.00543319
0.433576
0.151021
0.522918
0.518541
0.549658
-0.205173
0.57951
0.275112
0.537395
0.241831
0.05436
0.541442
0.406321
0.361385
0.552025
0.758439
0.21653
0.521009
0.536254
0.447947
0.558769
0.636182
0.550115
1.21762
0.666605
0.743421
0.595287
0.595121
0.00766742
0.493949
0.809313
0.244914
0.557586
0.767825
0.173153
0.541319
0.904897
0.770262
0.642651
0.507216
0.0231717
0.567911
0.667398
0.425078
0.733612
0.550583
-0.128682
0.109732
0.802013
0.456299
0.789259
0.947147
-0.0434604
0.162534
0.774946
0.562532
1.07452
0.28134
-0.068546
0.691667
0.721759
0.321924
0.209521
0.111344
0.737075
0.310983
0.34296
1.07266
0.760799
0.375018
0.336925
0.395083
0.201005
0.503958
-0.151761
1.052
-0.330019
0.543582
0.75664
1.19277
0.783934
0.77401
0.80373
0.72425
0.843114
0.45466
-0.232105
0.384615
-0.234524
0.456753
0.242232
0.0581476
0.77943
0.435049
0.0665118
0.395112
0.454084
0.418718
0.722091
0.545955
0.582897
0.476353
0.460076
0.739053
0.492265
0.364926
0.401642
0.461588
0.693211
0.373106
0.233537
0.303582
0.658
0.74997
0.930151
0.472805
0.688022
0.454148
0.850179
0.612836
0.50698
0.24088
1.16392
0.341684
0.645418
-0.247808
0.600071
0.999145
0.302169
0.220358
0.226965
0.0824971
0.638578
0.407416
0.227413
1.0448
0.546623
1.12389
0.441661
0.624819
0.70232
0.697231
0.305247
0.400385
0.0607104
-0.0474728
0.882051
0.533456
0.957688
0.309894
0.436568
0.731297
0.850186
0.59998
0.536277
0.690289
0.500146
0.391513
0.239117
0.261383
0.925265
0.476579
0.728631
0.630911
0.45333
0.695033
0.393985
0.552084
0.54806
0.556943
0.644322
0.770293
0.629659
-0.439905
0.453269
0.738814
0.575094
0.605618
0.474068
0.487573
0.165898
0.490605
0.0802179
0.46961
0.497823
0.415686
-0.248042
1.04894
0.730976
0.649646
0.148676
0.0464466
1.13014
-0.191857
0.604923
0.869779
0.747457
0.0132575
0.878041
0.311522
0.591474
0.045273
0.414018
0.31008
1.09511
-0.159515
0.71814
0.645464
0.719263
0.765705
0.701877
0.824105
0.518485
0.694034
0.0584062
0.721312
0.898461
0.0877888
-0.374027
0.00370869
0.216629
0.533082
0.22691
0.699947
0.0648417
0.582365
0.848257
0.323367
0.657513
-0.189373
-0.0478058
0.717511
0.838369
0.804245
0.581633
0.677623
0.831441
0.440231
0.521085
0.724274
0.693195
0.515049
0.718572
0.538563
0.433031
0.686664
1.19732
0.700529
1.02717
0.705103
0.582667
0.31101
0.6094
1.10104
0.462519
0.854821
0.543045
0.596854
0.625929
0.482027
0.474609
0.291436
0.985031
0.311819
0.454411
0.278251
0.55656
0.119692
0.717334
0.309638
0.0403808
0.220077
0.795756
0.266696
0.0790709
0.521165
0.620329
0.346505
0.357757
0.661651
0.48432
0.199828
0.118275
0.804026
0.497396
-0.143195
0.469349
0.616977
1.01643
1.08187
1.20191
0.724216
0.266565
0.737904
0.54727
0.528613
0.437641
-0.341119
0.575544
0.850402
0.0851009
0.855347
0.701555
0.248867
1.03544
0.80263
0.369602
0.0667731
0.865603
0.725311
0.597235
0.912576
1.01793
0.702912
0.609649
0.386776
0.680448
0.862726
0.580673
-0.426084
0.579444
0.649989
-0.369495
0.428196
0.703394
0.153509
0.47301
0.666697
0.418541
0.764556
0.112858
0.820922
1.20227
0.475302
0.646553
0.572325
0.597976
0.648622
0.307665
0.158813
0.516555
0.559194
0.547001
0.722336
0.0741376
0.496569
0.631708
0.660779
0.214475
0.759419
0.150625
0.904949
0.861418
0.457897
0.507191
0.282595
0.660204
0.539505
0.59365
0.984616
0.700361
0.617519
0.312308
0.33285
0.4831
0.49019
0.50008
0.493588
0.799167
0.824821
0.852836
0.387575
0.389846
0.414081
0.530192
0.722675
0.710352
0.485502
0.35218
0.680713
0.734757
0.984927
-0.0287442
0.539602
0.528023
0.55258
0.728786
0.594513
0.669723
1.06689
0.607614
0.710924
0.482802
1.16286
0.374069
0.267761
0.809994
0.876734
0.146969
0.381193
0.541549
0.591157
0.526704
0.600863
0.385982
0.514215
1.17352
0.587608
0.681239
0.0885014
1.17577
0.241314
0.632957
-0.121357
0.271057
0.880997
0.611283
0.284436
0.950368
1.00061
-0.676257
0.411494
0.314795
0.607377
0.756952
0.906001
0.738264
0.804748
0.71253
0.691931
0.418249
0.735281
0.51096
0.423783
0.16106
0.804205
0.869603
0.647769
0.611254
0.415168
0.71894
0.943325
0.149363
0.172209
-0.225064
0.857692
0.00619138
0.740813
0.945399
0.59731
0.47449
0.647674
0.56042
0.766603
0.408234
0.77959
0.561953
0.0660159
0.871876
0.461852
1.07517
0.535275
0.602562
0.235564
0.380519
0.407742
0.591441
0.728181
1.01503
1.22647
0.0996377
0.588439
0.612429
0.7515
0.212885
0.695045
0.874811
0.329277
0.246414
0.815001
0.753077
0.778046
0.401517
0.304291
0.200276
-0.011661
0.761851
0.0453633
0.786481
0.532421
0.555205
0.156904
0.85401
0.524113
0.302426
0.694559
0.571438
0.700706
0.482514
0.515089
0.77318
1.06703
0.113876
0.376428
0.552008
0.410383
0.351899
0.820844
0.499322
0.0659175
0.696417
0.287232
0.184211
0.602445
0.956942
0.459465
0.992722
0.596914
0.214351
0.442966
0.0381184
0.593738
0.698032
0.570194
0.507325
0.647226
1.06546
0.80519
0.733891
0.371233
0.614245
0.125469
0.688063
0.741782
0.603119
0.317166
0.828269
0.639606
1.06727
0.79976
0.917261
0.772877
0.180251
0.0339867
0.692459
0.476905
0.541662
0.676519
0.468236
0.53096
0.85805
0.772151
0.500525
1.0514
1.03236
0.774195
0.488044
0.565454
0.53428
0.182432
0.422444
0.887724
0.329769
0.868507
0.779264
0.462513
0.839694
0.870302
0.592757
0.328781
0.226503
0.785194
0.0234025
0.429348
0.758335
0.65627
0.577568
0.428847
0.282732
0.808211
0.491107
0.107657
0.524164
0.627017
0.516646
0.502112
0.451487
0.896379
0.537044
0.958325
0.639482
0.2428
0.340249
1.28499
0.416024
0.320558
0.258049
0.285043
0.169635
0.724698
0.27696
1.00203
0.270988
0.838277
0.140693
0.372528
0.527707
0.549129
0.175809
0.286108
0.626013
0.56891
0.746047
0.686445
1.15215
0.824269
0.510664
0.630281
0.576296
0.313493
0.862496
0.705724
0.34445
0.952092
0.837929
0.134749
0.213575
0.234285
0.762663
0.572301
0.51465
0.402835
0.92995
0.255901
0.486102
0.101367
0.518779
0.817786
0.318849
0.248932
0.0157856
0.339882
0.579621
-0.019238
0.94211
0.369596
0.472539
-0.140369
0.519193
0.587267
0.997841
0.335312
0.723243
1.15589
0.209224
0.0595159
0.667492
0.502685
0.612424
0.5334
0.642441
0.61062
0.503279
0.851727
0.441891
0.25531
0.493588
0.951326
0.648342
0.740953
0.838679
0.707003
0.934439
0.0640902
0.661869
0.780503
0.427933
0.457124
0.670945
0.622776
0.563939
0.834425
0.440706
0.605744
0.137478
0.361677
0.456842
-0.341161
0.730781
0.510718
-0.27771
0.737497
0.151853
0.657566
0.492789
-0.268328
0.584332
0.709816
0.382694
0.0989134
0.676006
0.75743
0.42494
0.161346
0.337195
-0.119641
0.498529
0.498622
0.354907
0.69101
0.726329
0.444334
0.623243
0.335032
0.671576
-0.124138
1.21712
0.477583
0.290174
0.758933
0.724019
0.693982
0.312159
0.159099
0.369815
0.964523
0.752582
0.437499
0.264154
0.489528
0.28208
0.55792
0.631078
0.479547
0.698972
0.453535
0.480998
0.8019
0.79646
0.793689
0.336871
0.130357
0.644947
0.73734
0.124253
0.42031
0.449992
0.830445
0.435963
0.135636
0.610878
0.555713
0.176255
0.558771
0.591795
0.0944866
0.644729
-0.129847
1.02257
0.0618561
0.663899
0.768318
0.645526
0.627116
0.146069
0.0660357
0.5997
0.745508
1.08564
0.683181
0.059428
0.550109
0.529418
0.722187
0.529938
0.588389
0.00612803
1.04943
0.122036
0.870095
0.137622
0.316105
1.04139
1.05141
0.417002
0.502352
0.485804
0.546744
0.0541253
0.70967
0.609305
0.646315
0.38202
0.476454
1.07155
0.376098
0.393291
0.0527408
0.657823
0.646882
0.190125
-0.691216
0.691095
0.439575
0.334521
0.6184
0.683755
0.34652
0.147422
0.473451
0.510908
0.966529
0.772395
0.562401
1.10749
0.758005
0.0185086
0.579611
0.838338
0.478883
0.563271
0.764309
1.03333
0.322601
-0.330614
1.03978
0.431895
0.521772
0.752759
0.878546
0.45054
0.411761
1.27355
0.636357
0.831801
0.223419
0.819664
0.462061
1.06432
0.49518
0.872816
0.557261
0.591835
-0.180228
0.319731
0.676552
0.289812
0.651574
0.536649
0.158503
0.738156
0.831917
0.363012
0.897449
0.435206
0.1883
0.304731
0.332994
0.342448
0.472421
-0.0886788
0.287286
0.990932
-0.0951289
0.590564
0.0691546
0.814465
0.808995
0.869232
0.480272
0.275844
0.356775
0.499977
-0.444247
0.402058
-0.136723
1.33636
0.681604
0.705662
0.551275
0.503908
0.391201
0.760912
0.350236
0.410444
0.831411
0.579965
0.161681
0.332773
0.415912
0.425315
0.528734
0.444847
0.685599
0.86933
0.456526
0.730498
0.806506
1.09044
0.720414
0.784332
1.29034
0.0857556
0.263788
0.787782
0.711255
0.956885
0.106889
0.910827
0.202422
0.392519
0.752036
0.65199
0.452974
0.648686
0.582194
0.916275
0.394117
1.25374
0.755147
0.971309
-0.614965
0.328914
0.196125
0.357041
-0.168807
0.50351
0.777697
0.759079
0.373478
0.689986
0.864669
-0.0776963
0.268607
0.111434
0.677897
-0.478316
0.188211
0.856177
-0.151204
0.0910814
0.628127
-0.00677451
0.57714
0.269018
0.722165
-0.0156256
-0.169253
-0.431403
0.545255
0.379693
0.268528
0.826811
0.127522
0.520783
0.94548
-0.136152
0.601809
0.209283
-0.0704736
0.650906
0.600317
0.876718
0.476684
0.0801913
0.449393
1.03366
0.367902
-0.0200555
0.59301
0.198836
0.461672
0.479128
0.0784983
0.56007
0.709683
0.517003
0.458833
0.584749
-0.0829761
0.444758
0.505026
0.476177
0.252556
0.610613
-0.503752
0.553612
0.22717
0.634304
0.0608841
1.14515
1.01534
0.161698
0.44693
-0.0706345
1.21335
1.11739
0.859386
0.389525
1.07646
0.608293
0.646544
-0.017279
-0.0289395
0.438733
0.560435
0.651049
0.737302
-0.336951
0.242481
0.370524
0.370648
0.786454
0.835125
0.281074
0.381711
0.795222
0.490698
1.00487
0.620012
0.124297
0.411077
0.829447
0.767884
0.356465
0.514892
0.496411
0.981432
0.647731
0.716457
1.02367
1.21924
0.656792
0.440888
0.700846
0.442168
0.720791
0.701875
0.55728
0.197075
0.800598
1.26096
0.94167
0.317703
0.761183
0.616752
-0.0573625
1.05008
0.587022
0.681821
0.608751
0.984521
0.12263
0.457189
1.1525
0.108146
0.489556
1.00563
0.727646
0.844805
0.198235
0.564731
0.0323239
0.282872
0.399932
0.550586
0.399359
1.00305
0.11202
0.58562
-0.39849
-0.303066
1.12685
-0.128678
0.0219561
0.525662
0.237136
0.5211
1.17043
0.824445
0.628115
0.557522
0.677757
0.999267
-0.0173887
0.466713
0.34175
0.862437
0.26921
1.09909
0.259187
-0.0688522
0.348916
0.408157
0.758373
0.631271
0.284887
0.177387
0.898698
0.806267
0.478671
0.490585
0.434465
0.574355
0.0951299
0.573366
0.762644
0.769025
0.704264
0.804857
0.62041
0.214224
-0.172831
0.134576
0.570762
0.409151
0.820556
0.726326
0.894722
0.526626
0.255398
0.729185
0.321433
0.947749
0.342516
0.642434
0.206561
0.670688
0.656351
0.345109
0.656046
0.0237697
0.331958
1.12146
0.720235
0.962446
0.655143
0.577499
0.16753
0.450719
0.605407
0.456371
0.455896
0.769615
1.17687
0.485636
0.75253
1.19284
0.437229
0.388473
0.556366
0.786461
1.03287
0.202404
0.744918
0.0987644
0.421059
0.655014
0.287652
0.502041
0.875877
0.473216
0.638924
0.217732
0.515677
0.71533
0.28023
0.0559067
0.436102
0.0445516
0.411159
0.582341
0.427706
0.378653
0.794203
0.999228
0.20289
0.997359
1.04397
0.133097
0.101443
0.841516
0.609786
0.599782
0.972117
0.811066
-0.270747
0.358093
0.0489713
0.259372
0.704328
0.510478
0.685222
0.710516
0.879037
0.628168
-0.201206
0.297968
0.715919
0.392986
0.770069
0.522442
0.205369
0.519917
-0.192401
0.226733
0.396462
0.489747
0.574067
0.451302
-0.535461
0.363438
0.182219
0.555996
-0.132224
0.500951
0.483475
-0.0686047
1.17975
1.06904
0.476947
0.305386
-0.226839
0.984102
0.331003
0.0950853
0.932198
0.499102
0.579887
-0.240056
0.253835
0.782586
0.3125
0.2298
-0.319685
0.467648
0.0600682
0.537438
0.630774
0.778292
0.33898
0.262435
0.527239
0.878518
0.392036
0.673442
0.798331
0.190164
0.545197
0.458664
0.502973
0.745818
0.357551
0.140813
0.878735
0.753848
0.448798
0.392913
0.672764
0.474371
0.605901
0.122279
0.130575
0.526602
0.478324
0.346891
0.494964
0.980613
-0.143554
0.597219
-0.0747956
0.482998
0.534857
0.54001
1.00115
0.506257
0.528174
0.411299
0.223328
0.481168
0.608027
0.291165
0.140141
0.706106
0.685414
0.815285
-0.34924
0.26344
0.0767377
-0.207352
0.426678
0.585449
0.603347
0.715581
0.5116
1.06644
-0.208255
0.449815
0.299716
0.439225
0.701482
0.639462
0.00838494
0.765504
0.435957
-0.0312665
0.221759
0.207407
0.655621
0.733121
0.592189
0.477768
0.206878
0.445892
0.858753
0.725113
0.720924
0.508156
0.806891
0.166898
0.205928
0.622906
0.497251
0.157049
0.263215
0.214341
0.455144
1.00784
0.189296
0.819997
-0.034695
0.415538
0.332834
0.921048
0.901161
0.742415
0.338967
0.235486
-0.242972
0.950342
0.514698
0.204831
0.421122
0.593851
0.549503
0.865558
0.790205
0.919697
0.212191
0.400235
0.110381
1.13491
0.121429
0.786257
1.0848
0.594664
0.872587
0.818191
0.438568
-0.0890115
0.622902
-0.126277
0.345269
1.03463
0.809851
0.832545
0.329605
0.203581
0.478218
0.0772525
1.03568
-0.148896
0.966407
0.678979
0.699499
0.679388
0.631599
0.212573
0.320211
0.42199
0.99843
0.550451
0.526009
0.907622
0.346553
0.575141
0.338915
0.0703707
0.664745
0.417053
0.754296
0.739046
0.620689
0.778259
0.249918
0.239181
-0.317737
0.11796
-0.0164503
0.0236046
0.552908
0.636416
0.51586
-0.0302761
0.72466
0.410106
0.718691
0.640512
0.0976304
1.10292
0.308316
0.178954
0.569292
0.559019
0.379821
0.617338
0.416029
0.464981
0.0341031
0.595295
0.204783
0.725653
0.342302
0.131541
-0.16335
-0.00821224
0.372866
0.567408
0.344327
0.346535
0.113736
0.236613
0.205374
0.807679
0.159417
0.2289
0.131613
0.460878
0.503006
0.671414
0.510445
1.1243
0.0557669
0.66117
-0.208886
0.787469
0.368097
0.0704552
0.250499
0.733839
0.527196
0.437969
0.274413
0.706938
0.26857
-0.0170137
0.606717
0.945999
0.474124
0.191757
0.145372
0.41962
1.03015
0.856657
0.201254
0.490588
0.623234
0.28029
0.248258
0.734533
0.163897
0.659778
0.66429
1.12838
-0.0206181
-0.095834
0.578215
0.278887
0.0645387
0.693236
0.37043
0.481916
0.610381
0.74997
0.273929
0.431631
0.57417
0.847926
0.670219
0.371164
0.453022
0.689416
0.590396
0.124273
0.547413
0.553864
0.181757
0.587976
0.251884
0.654171
0.981026
0.683474
0.8361
0.388489
0.306276
0.26313
0.267565
0.622964
0.756371
0.922874
0.63654
0.198728
0.54191
0.114098
0.40657
0.788133
0.327484
1.16023
0.689338
0.411724
-0.112908
0.605803
0.801689
0.162765
0.375414
0.0438063
0.30801
0.076691
0.0897428
0.34194
0.521625
0.742878
0.663789
0.421299
0.944978
0.466432
1.05633
0.293387
0.423565
0.988449
-0.369181
0.528059
0.524643
0.591765
0.347544
0.271184
0.35624
0.00639393
0.766866
0.474099
0.662432
-0.0910399
0.438581
0.401455
0.462269
-0.237443
-0.195896
0.494685
0.796088
0.567987
0.112621
0.470896
-0.206754
0.174609
0.591354
0.55794
0.554543
0.378315
0.570955
0.769454
0.580602
0.142638
-0.130908
0.591648
0.756716
0.916269
0.591388
0.525319
0.801781
0.909944
0.473693
0.469005
0.38037
0.533049
0.222024
0.632953
0.160995
0.570712
-0.201573
0.577995
0.660116
0.603557
0.444496
0.115255
0.594574
0.867256
0.238341
0.808428
0.718964
0.341874
0.764469
0.609019
0.308152
0.835116
0.714148
0.752532
0.753631
0.394405
0.709415
0.476072
0.356606
0.131163
0.0821473
0.471866
0.478489
0.180642
1.04223
0.502594
0.579439
0.707482
0.87445
0.978311
-0.235232
0.761724
0.526211
0.684757
0.584963
0.684974
0.750537
0.377319
0.42535
0.836063
-0.133603
0.992563
0.855727
0.522692
0.864949
0.153849
0.431411
0.153759
0.776318
0.449641
0.140228
0.525167
0.645271
0.534255
0.854279
0.550634
0.224086
0.502847
0.675518
0.842508
0.261525
0.289595
0.233221
1.06271
0.574171
0.510598
0.359086
0.884235
0.859625
0.459253
0.492386
1.04472
0.824861
0.486886
0.788084
-0.379078
0.831475
0.449475
0.676049
0.397962
0.539202
0.623964
0.0746183
0.413379
0.516075
0.556944
0.74638
0.792975
0.767965
0.646099
0.226267
0.418893
0.480908
0.219821
-0.0245517
0.324027
0.402057
0.554733
1.14984
0.528931
0.541445
0.73318
0.831513
0.404655
0.269569
0.685268
0.541059
0.625982
0.399176
0.614113
0.0316495
0.476504
0.884271
0.871297
0.412914
0.0543268
0.0274432
0.652832
0.510334
0.224443
0.520798
0.930378
0.194192
0.729798
0.689412
0.555406
0.308487
0.653545
0.660378
0.63093
0.302358
0.543598
0.555181
0.66537
0.548166
0.296899
0.13543
0.402928
0.0440847
0.506822
0.639817
0.233515
0.67876
1.12403
0.554199
-0.0670323
0.563364
0.56196
0.299753
1.10141
1.25616
0.56087
0.823618
-0.00950968
0.510578
0.445022
0.85357
1.07337
0.405277
0.229847
0.211238
0.483867
-0.0504083
0.753993
0.233342
0.129854
0.72592
0.163579
0.73263
0.396319
0.956689
0.583253
0.603523
0.0736507
0.28338
0.4743
0.136863
0.384068
0.543613
0.161096
0.45997
0.461619
0.504846
0.192275
0.205885
0.343575
0.351947
-0.195168
0.967558
1.05379
0.542412
0.0658383
0.607177
1.37212
0.281932
-0.487409
1.02857
0.143802
1.04231
0.199454
0.520678
0.478324
0.40659
0.603325
0.0384398
0.593371
0.356205
0.616299
1.02934
0.0926504
0.198189
0.23517
0.596451
0.812812
-0.0579749
0.184487
0.228136
0.899641
0.629669
0.910199
0.0144876
0.202451
0.394845
-0.49254
0.737482
0.113381
0.749063
0.143737
0.941406
1.12924
-0.0444126
0.719384
-0.035503
0.480478
1.16909
0.366936
0.0149831
0.396575
0.477749
0.523981
0.335486
0.557314
0.555897
0.935071
0.969096
1.1904
0.418197
0.333612
0.640275
0.350588
0.701093
0.0458189
0.486635
0.0724524
0.637438
1.125
0.593837
0.573244
0.317172
1.08568
0.925889
0.0631277
0.88373
0.162719
0.908657
0.826432
0.813644
0.357153
0.328863
0.766145
0.850509
0.485948
0.61985
0.772111
-0.547261
0.0777049
0.545763
0.0505161
0.713925
0.440181
0.991037
0.211595
0.55003
0.443942
-0.179759
0.544072
0.306753
0.14883
0.334583
0.438849
0.649398
0.179281
0.267355
-0.0230634
0.56318
0.141551
0.643989
0.37042
0.169199
0.584698
0.119385
0.93036
0.723622
0.805059
0.62911
0.563635
0.696076
0.839996
0.135465
0.711606
1.06981
0.75299
0.752884
0.980248
0.444414
0.215716
0.707689
0.426591
0.63946
0.670864
0.283762
0.0767546
0.449693
0.21863
1.09292
0.595475
0.928647
0.925011
-0.0288896
0.543737
0.456887
0.412112
0.854581
0.238615
0.355695
0.740785
0.832354
0.630105
0.45062
0.905867
0.400669
0.6287
0.65719
0.683623
0.919593
0.897133
0.844677
0.0200021
0.937013
0.898675
-0.0693521
-0.304493
0.753944
0.328118
0.344913
-0.102964
-0.182001
0.34388
0.67136
0.461967
0.619751
0.738184
0.970375
-0.0766149
0.0868024
0.453135
0.683129
0.505423
0.357145
-0.0860569
0.335036
0.725052
0.478894
0.789302
0.273418
0.59318
0.89074
0.343084
-0.094628
1.07072
0.664754
0.453679
0.0556688
0.55105
0.578837
0.796891
0.4886
0.35945
0.493281
0.831132
0.179277
0.705098
0.895212
0.620309
0.89269
0.32045
0.677629
0.585337
-0.49815
0.495685
0.492627
0.298809
0.290138
0.287706
-0.218211
0.446387
-0.441253
0.218973
0.0800724
0.774113
0.586617
0.595132
0.477636
-0.125265
0.966149
0.734582
0.248676
0.0960198
0.876873
0.662274
0.138289
-0.194921
0.651864
0.0357331
0.844351
0.518905
1.04132
0.503213
0.131309
0.402208
0.602102
-0.10087
0.62143
0.28746
0.316354
0.362364
0.575611
0.952312
0.357882
0.733972
0.299915
0.433868
0.743182
0.688769
0.256067
0.400084
0.790622
0.651106
0.550582
0.870015
0.414271
0.112695
0.333117
0.671928
0.639277
0.468077
0.849715
1.09627
0.468632
0.618061
0.632965
0.771794
0.771451
0.459424
0.72895
-0.211533
0.527584
0.719011
-0.380008
0.641435
0.501572
0.296609
0.587385
0.669439
0.251416
0.429442
0.452095
0.475606
0.273417
0.324375
0.895158
0.195501
0.531088
0.255813
0.462069
0.699691
0.842149
0.583278
0.565146
-0.604623
0.621262
-0.0466505
0.788833
-0.169303
0.450202
0.578767
0.0153614
0.0818614
0.970803
0.188546
0.269944
1.20411
0.907743
0.403312
-0.0592851
-0.0930256
1.15493
0.45241
0.797626
0.987627
0.852733
0.105658
0.0547045
0.767076
0.764733
0.369542
0.184453
0.652629
0.104752
0.722129
0.838206
0.891615
0.718818
0.96011
0.649149
0.44257
0.280543
0.93618
0.347377
0.341854
0.314052
0.514555
0.360263
0.496296
0.378447
0.516574
0.550774
0.102144
0.196159
1.15916
0.607386
0.462779
0.8437
0.581343
0.372749
0.253947
0.695247
0.516834
0.2823
0.14695
0.435402
0.3943
0.466156
-0.211867
1.25788
0.825742
0.0854171
0.0606377
0.520682
0.328016
0.517379
0.992035
0.0347497
0.801632
0.722243
0.4624
-0.100298
-0.102394
0.666156
0.441464
0.530317
0.38082
0.222563
0.483297
0.404767
0.112468
1.34566
1.1314
0.239134
0.763957
0.643074
0.916977
1.10738
0.888975
0.551048
0.712008
-0.0962558
0.89905
0.587343
0.642854
0.384007
0.587691
1.10735
0.625075
0.731856
0.230828
0.904739
0.959812
0.0452592
0.664995
0.599024
0.128852
0.650469
0.531148
0.530838
0.411974
0.854495
0.82584
1.10545
0.550142
0.182692
0.740502
0.849828
0.705004
0.492626
0.305452
0.0374002
0.85472
0.867099
0.228937
-0.185309
0.0950873
0.620791
0.570181
1.47814
0.484039
0.417288
0.495546
0.533226
0.225321
0.43798
0.510084
0.386516
0.158389
1.01301
0.117856
0.305875
0.182453
-0.170421
0.949904
0.821235
0.973607
0.0891856
0.190891
0.498694
1.09035
0.514901
0.444641
0.201066
0.216788
-0.0463027
0.949026
0.0363548
0.456656
0.314315
0.230228
1.0154
-0.115822
0.8465
0.748418
-0.0275639
0.306007
0.593305
-0.0364643
0.00371804
0.0775449
0.640168
0.908336
0.489767
0.576725
0.134062
-0.00824588
0.949382
0.89248
0.32239
0.0940161
0.583809
1.00849
0.636621
0.490367
0.910201
0.298014
0.540657
0.237231
0.566669
-0.249446
0.00965991
1.08218
0.60368
0.442477
0.446365
0.821879
0.103224
0.236528
0.826974
0.575111
0.359047
0.432818
0.618095
0.802937
1.08644
0.107847
0.582682
0.675841
0.596949
0.419464
0.527627
0.506268
-0.201597
0.176916
0.161888
0.857651
0.542615
0.534723
0.599209
0.867524
0.797427
0.313523
0.0861113
0.717184
0.49055
-0.0340241
0.415534
0.126174
0.952275
0.694924
0.181058
0.149286
0.168029
0.894261
0.282466
-0.0121615
0.952088
0.132146
0.265293
0.26568
0.189551
0.357837
1.1496
0.347388
0.243145
0.521554
0.247465
0.545802
0.357687
1.0476
-0.073065
0.966799
0.330865
0.995652
0.72625
0.3821
-0.260574
0.572897
0.491167
0.790453
0.67684
0.22166
0.864587
0.0450844
0.629743
0.461391
0.367865
0.299552
0.276128
1.06877
0.000840564
0.124089
0.54141
0.532312
0.644007
0.0954852
-0.478497
0.272564
0.868509
0.463101
0.932857
0.297531
-0.0629059
0.492413
-0.0595674
0.213726
0.571051
0.0758149
-0.451946
0.783041
0.552822
0.617921
-0.44916
0.568456
1.01976
0.183142
0.741123
0.365222
0.503444
0.793491
0.479515
0.731396
0.112563
0.567185
0.443882
0.798499
0.636511
0.362111
0.639412
0.695061
0.519886
0.453726
0.535371
0.160562
0.773756
1.01362
0.671223
1.01409
0.508956
0.580113
0.930654
0.380151
0.718046
0.599772
-0.0387599
0.324195
0.456436
0.756777
0.471285
0.588604
1.09951
0.653107
0.910865
0.52956
0.0870111
0.350632
0.430781
0.286998
0.182364
0.193183
1.11784
0.726782
0.440437
0.878343
0.109595
1.13035
0.595294
0.695039
0.356301
0.574105
0.289793
0.336009
0.472177
0.476857
0.416954
0.398843
0.518906
0.795127
0.758947
0.737585
0.754612
0.606249
0.160499
0.757998
0.207629
0.759608
0.339981
0.217077
0.625817
0.306998
0.584186
0.139909
-0.351697
0.31191
0.221881
0.27297
0.154576
0.431496
0.331479
0.363974
0.790075
0.857419
0.178457
0.277688
0.467255
0.665215
1.09779
0.0577153
0.342697
0.735619
0.268374
0.651361
0.0352634
0.386362
0.362452
0.41084
0.437999
0.551098
0.711725
-0.243494
0.368199
0.927863
0.648035
-0.0722586
0.00533848
1.10677
0.652724
0.301239
0.782466
0.489569
0.266631
0.256419
1.32433
0.525381
0.235729
0.569925
-0.0286496
0.188224
0.319303
0.886257
0.631177
0.585831
0.274993
0.633579
0.45346
0.879014
0.141511
0.210072
0.283046
0.493423
0.0892108
-0.0407179
0.575196
0.917469
0.634737
0.496818
0.858992
0.151571
0.466411
0.712579
0.408555
0.413416
0.541792
0.882124
0.88172
0.938649
0.574623
0.818015
0.0793306
0.00948897
0.766884
0.600195
0.797066
1.14552
0.7927
0.875603
0.766617
0.335996
-0.297443
0.669762
0.660983
0.88086
0.605538
0.603498
-0.548211
0.710386
0.610287
0.885165
1.18357
1.18149
0.718076
0.788474
0.776717
0.612426
0.388072
0.360476
0.414463
0.206619
0.404846
0.860976
0.837617
0.441987
0.671193
0.789962
0.210974
0.374034
0.306474
0.22127
0.457847
0.453051
0.226158
0.269089
0.00599594
0.653165
0.486064
0.63284
0.148968
0.609552
0.360257
0.172077
-0.0940866
0.759812
0.401486
0.659948
0.386884
0.43996
0.79782
0.699996
0.286088
0.680006
1.33099
0.161532
0.205416
0.757964
0.576305
0.227107
0.16459
0.197426
0.460747
0.92565
0.550303
1.03939
0.695722
0.518078
0.611461
0.962868
0.551765
0.59484
0.0938687
0.596198
0.666224
0.0925918
0.574235
0.48243
0.438778
0.760055
-0.406523
0.889487
0.572914
0.511684
0.661748
0.274975
0.537541
0.333077
0.474692
0.538638
0.676863
0.746179
0.339601
0.623839
0.133569
0.537063
0.482719
0.147707
0.791276
0.0850366
0.517854
-0.292993
0.266699
0.149195
0.173011
0.789352
0.943521
0.189908
0.462689
0.951052
1.03706
0.704041
0.939993
0.666717
0.18314
0.421269
0.72139
-0.141692
0.790447
0.50317
0.442223
0.317219
0.101132
0.228812
0.422856
0.135229
0.941661
0.086638
0.784482
0.450236
0.116333
0.458484
0.141888
0.767428
-0.0248968
0.547393
0.173967
0.433457
0.581539
0.247918
0.0558725
0.915056
0.0204442
0.759033
0.448631
0.781195
-0.0832458
0.532962
0.487555
0.255459
0.932985
0.643837
0.556297
0.776542
0.782278
0.200003
-0.31488
0.489123
0.606233
0.579936
0.387601
0.420714
0.280537
0.380078
0.906423
0.762922
0.663707
0.796542
0.0301314
0.585868
0.874609
0.880557
0.633941
-0.149821
0.589783
0.596743
0.880556
0.742411
1.30631
0.418187
0.857717
0.438019
0.460569
0.214462
1.29164
0.681035
0.937601
0.438745
-0.061786
0.586496
0.621587
0.245781
0.415919
0.716496
0.515657
0.585765
0.617143
0.779986
0.0654147
0.16445
1.01425
-0.0398168
0.682
0.323553
0.854981
0.949478
0.437478
0.57329
0.247997
0.843149
0.655001
0.0117743
0.77645
1.14778
0.815871
0.505523
-0.145889
0.424308
0.327928
1.06825
0.54031
1.18143
0.329523
0.0370232
0.921353
0.438627
0.667449
0.268234
0.607398
0.335382
0.799569
0.740478
0.695954
0.724312
0.597235
0.745075
0.926348
0.390307
0.142984
0.425338
0.313392
0.268521
0.305746
0.220856
0.511619
0.686903
-0.700248
1.1145
0.15803
0.310613
0.308127
0.791723
0.236834
0.599163
0.767419
0.00743893
0.462705
0.465488
-0.242919
0.416979
0.769835
0.142748
0.59424
0.299377
0.45907
0.578671
0.715318
0.0160616
0.572411
0.602353
0.153862
0.457519
-0.151915
0.542675
0.22304
0.522241
0.607724
0.873437
-0.130506
0.797374
1.16843
0.629427
0.30324
0.484447
0.137757
1.00062
0.764993
0.000899738
0.459028
0.892248
-0.1476
0.608081
1.01051
0.77016
0.568067
0.914147
0.940084
0.660965
0.279762
-0.0019387
0.310291
0.680071
-0.11266
-0.278277
0.0990412
0.171585
0.608362
0.345754
0.350149
0.68599
0.680207
0.674613
0.4875
0.346941
0.301285
0.316296
0.192212
0.513257
0.361999
0.782432
0.547155
0.495271
-0.257017
0.394427
0.200129
0.183137
1.0042
0.831125
0.864737
0.498021
0.335759
0.505777
0.332012
0.831282
0.680297
0.630289
0.0670705
0.853141
0.271308
1.0768
0.933642
0.481575
-0.395754
-0.240973
0.429351
0.511336
0.375124
0.536994
0.645605
0.844957
0.741201
0.79486
0.86581
0.107828
-0.339583
0.535682
0.671865
0.416239
0.612284
0.774303
0.238611
0.730423
0.508226
0.0501223
0.654188
0.650078
0.633884
0.361762
0.981448
0.66893
-0.233909
0.472782
0.39116
0.324364
0.295286
0.117255
0.781599
0.567449
0.100979
0.883927
0.380617
0.492641
0.465295
0.154337
-0.115438
0.294848
0.445542
0.344402
0.286057
-0.0807879
0.204
0.383271
0.532606
0.658377
0.311984
0.459859
0.451375
0.540496
-0.0190324
0.750681
0.887346
0.403767
0.722503
0.819503
1.03032
0.199027
-0.209204
0.267633
0.00153885
-0.151034
0.624157
0.614464
0.347782
-0.0961994
0.316712
0.547925
0.137
0.390352
0.983979
0.481529
0.783908
0.565243
0.774942
0.785591
0.336959
0.24946
0.514677
0.577296
0.57454
0.754642
0.52307
0.547548
0.29529
0.739129
0.280052
0.666442
0.557596
0.786568
-0.0187039
0.330207
0.18447
-0.375499
0.364934
0.9894
0.872737
0.152778
0.489376
0.719486
0.343727
0.748017
0.69472
0.0166014
0.309627
0.716806
0.410582
0.521223
1.04403
0.87062
0.878786
0.836284
0.347717
0.623295
0.723208
0.948953
0.645908
1.04594
0.0702017
0.625553
0.672783
0.800837
0.693165
0.929188
0.375464
-0.191766
0.405069
0.424741
0.994949
0.6478
0.457627
0.24078
0.50443
0.855299
0.523819
0.607587
0.412305
0.255069
0.555811
0.71059
0.979779
0.813887
0.533823
0.963026
0.53127
0.318075
0.237905
0.330339
0.860537
0.593931
-0.0237451
0.603405
0.977089
0.674461
0.809701
1.13685
0.282207
0.520508
0.890733
0.63256
0.982171
1.11644
0.557912
0.101541
0.425005
0.466102
0.622506
0.729295
0.86687
0.358363
0.979932
0.553859
0.0575937
0.365451
0.254788
0.40974
0.312611
0.18543
0.4541
0.605877
0.645356
0.441207
0.813623
0.272112
0.40741
0.234172
0.54062
0.307793
0.486132
0.412719
0.707086
0.100433
0.4692
0.534515
0.0344688
0.530233
0.94175
0.865301
0.757549
0.38538
0.770077
-0.029123
0.522598
0.54437
0.55158
0.216676
0.680879
-0.0075333
0.61107
0.202752
0.0714339
0.565689
0.823001
0.435041
0.747322
-0.0135149
0.252988
0.577836
0.408232
-0.0373105
0.517586
0.620882
0.644258
0.74641
0.0174563
0.732063
0.115051
0.481245
0.436006
1.09301
0.236211
0.436797
0.291109
0.825026
0.626875
0.519846
0.52679
0.250708
0.563371
0.614136
0.324123
0.745184
1.04119
0.697331
1.15449
0.331769
0.352142
0.390395
-0.355763
0.411007
0.723771
0.674167
0.120808
0.611662
0.959659
0.979735
0.487315
0.711479
0.427354
0.415324
0.950125
0.310149
0.474008
0.512596
0.8502
0.408845
0.774385
0.332132
0.352591
1.1097
1.10625
0.163615
0.261774
0.544964
0.564795
0.263618
-0.0952658
-0.0500419
0.682326
0.0888162
0.080353
0.689085
1.12162
0.80538
0.417305
0.0306739
0.616814
0.456158
0.623687
0.127629
0.177428
0.571838
0.343762
0.668421
0.646166
0.300132
0.25538
0.479853
0.343492
1.04206
0.258624
0.48027
0.58642
0.69628
0.699228
1.01551
0.330244
0.177488
0.993328
0.0829385
0.677905
0.717999
0.671222
0.7468
0.531072
-0.00268776
0.52058
0.517846
0.433008
0.699595
0.235418
0.376978
0.639669
0.748708
0.341149
0.588616
0.984076
-0.141927
0.610144
0.38075
0.815717
0.596333
0.281487
0.43434
-0.0914824
0.6331
0.359403
0.834261
0.4059
0.936632
0.778541
0.547751
0.69838
0.242987
0.667689
0.173928
0.645912
0.174223
0.804186
0.634696
-0.0450598
0.385336
0.439741
0.339321
0.139107
0.650721
0.485676
1.09989
0.605283
0.513024
0.682774
0.372245
0.548111
0.152809
0.91019
0.828419
0.73793
0.573162
0.14358
0.601814
0.466619
0.844452
0.583744
0.499852
0.476444
0.621198
0.808141
0.866171
1.12639
0.377567
0.295069
1.04644
-0.366413
0.124794
-0.0260335
0.662112
0.511436
0.666689
0.502518
0.554443
0.203714
0.606508
0.824939
0.751967
0.336442
1.06378
0.873701
0.380578
1.05037
0.916194
0.838607
0.40865
0.340814
0.301598
1.00201
0.716723
0.598074
0.673945
0.296389
0.707295
0.143371
0.495905
0.344181
0.428288
0.820807
0.829344
0.2494
0.878519
0.758458
0.359581
0.10698
0.851387
0.41751
0.568914
0.780567
0.584587
-0.122894
0.350326
0.389514
0.39107
0.627773
0.534053
0.586058
-0.298072
-0.252236
0.957145
-0.174523
0.198429
0.446642
0.833757
0.342337
0.618979
0.271857
0.834058
0.356416
0.757679
0.259157
0.40327
0.560036
0.417872
0.881269
0.725764
0.732811
0.497545
0.582093
0.635899
0.352913
0.701081
0.276977
0.742364
0.731979
1.10573
-0.118891
0.601467
0.0525736
1.12026
0.704153
0.426034
0.603991
0.641733
0.279981
0.794769
0.886886
0.0845056
0.879633
0.406349
0.672585
0.562943
0.204727
0.325872
0.838946
0.57728
0.474216
0.733286
0.340268
0.354001
0.126452
0.416205
0.294438
0.327866
0.242767
0.592773
0.562695
0.413565
0.256441
0.750584
0.278929
-0.334734
0.735893
0.850263
0.0102342
0.610854
0.514233
0.510795
0.612734
0.829387
0.232533
0.55644
0.426994
-0.324264
0.432417
0.764733
0.0759981
0.2296
0.87427
0.776177
0.592822
0.357857
0.466754
0.554864
0.842817
0.545523
0.841666
0.392683
1.14473
0.367553
0.0962982
0.57344
0.796099
0.247827
0.796294
0.155064
0.757015
0.0254163
0.21454
0.292191
0.136878
0.355661
0.427024
0.496536
0.491245
0.372554
0.72255
0.776218
0.638309
0.614624
0.664334
0.388078
0.484995
1.07888
0.523045
0.869315
0.151057
0.638615
0.590116
0.628438
0.896012
0.202105
0.808577
0.963244
0.553394
0.615364
0.287104
-0.53965
0.861947
0.698947
0.201755
0.250883
-0.185495
0.699323
-0.0500722
0.53634
0.192976
0.416895
0.743517
-0.000598451
0.462312
0.940835
0.267425
0.760085
0.895484
-0.00538746
0.624294
1.07285
0.512389
0.844913
0.558449
0.469074
0.681313
0.312234
-0.168868
0.754343
0.144129
0.8432
0.425109
0.688625
0.128297
0.665119
0.13059
0.733486
0.140637
0.783447
0.690115
0.72847
0.672914
0.886936
0.183175
0.340154
0.276455
0.184325
0.393442
0.41953
0.671765
0.412415
0.551885
0.823838
0.401803
0.973574
0.651913
0.704204
0.415161
0.588126
0.303915
0.0834211
0.804077
0.294996
0.817064
0.727004
0.428154
0.743939
0.430408
0.997157
0.768147
0.556198
0.558757
0.710962
0.179144
0.356197
0.411446
0.00977287
0.312457
1.25086
0.822467
0.356767
0.238698
0.429811
0.518033
0.189873
0.334836
0.886136
0.373778
0.320014
0.437081
0.651221
0.628996
0.281085
0.804394
0.411568
0.932419
0.252082
0.777492
0.548424
1.10759
0.306034
0.635972
0.762794
0.249747
0.609645
0.928069
0.127345
0.594728
0.100311
0.258671
0.414557
0.175249
0.516208
0.352651
-0.095322
0.22709
0.319926
0.64705
0.516966
0.798543
0.903515
-0.375618
-0.0660219
0.831524
0.135489
0.604536
0.822877
0.188542
0.697025
0.528768
0.375087
0.656516
0.655934
0.620984
0.785066
0.76862
1.14914
0.00214722
0.624281
0.556924
0.084906
0.68495
0.213406
0.326651
0.204945
0.740838
0.16244
0.663824
0.845118
0.435601
0.569155
0.61071
-0.0309131
0.249888
0.783887
0.602211
0.836211
0.208106
1.1762
1.17003
0.58705
0.5069
0.384214
1.03542
0.664229
0.290616
0.955178
0.161019
0.499179
0.274273
0.542238
0.882047
0.839293
-0.0848921
0.421242
0.373989
0.601484
1.25872
0.475015
0.728122
0.0210545
0.866069
0.199174
0.369795
0.0463146
0.893202
0.381239
0.147908
0.756103
0.862129
0.177716
0.0992211
0.305186
0.347424
0.257436
1.07274
0.646135
0.62021
0.0671981
0.0206887
1.07502
0.758321
0.665422
0.801843
0.354876
0.507057
0.631278
0.308762
0.560354
0.888072
0.911298
0.580796
0.776754
-0.262566
1.08831
0.63542
0.13516
0.921613
0.405886
1.56118
0.367885
-0.0732173
0.349804
0.00099764
1.07108
0.718635
0.694841
0.163626
0.736323
-0.11622
0.189648
0.562858
0.406773
0.14162
0.153807
0.545197
0.59205
0.658406
0.443225
0.718844
0.473727
0.622068
0.0912998
0.202461
0.388844
0.647649
0.505226
0.605777
0.201296
0.6071
0.675442
0.777247
0.287523
0.115364
0.89688
0.469462
0.670577
0.947459
0.304942
0.185637
0.833562
0.481203
0.722668
0.373153
0.680317
0.774868
0.136306
0.229708
0.983888
0.951413
-0.379978
0.109656
0.537292
0.493815
0.253623
0.956824
0.451694
0.277306
0.486293
0.846298
0.332883
0.383226
0.222076
0.168886
0.744387
0.56948
0.578439
0.734016
0.969411
0.285653
0.208625
0.544215
0.585065
0.756231
0.810302
0.371562
0.661487
0.618957
0.634356
-0.210125
0.513801
0.583821
0.440446
0.482686
0.879072
0.505912
0.78906
-3.87093e-05
0.229856
0.261433
0.0393636
0.777316
1.02482
0.762965
1.15042
0.361901
0.578974
0.658173
0.569087
0.11316
0.676361
0.444429
0.418188
0.648106
0.393209
0.880353
0.612125
0.764346
0.495607
0.904312
1.1903
0.173327
0.914396
-0.153511
0.0253913
0.112873
0.0656664
0.460976
0.855172
0.28218
0.687773
0.722883
0.984417
0.375634
0.813181
-0.247695
0.470927
1.08776
0.728166
1.13803
0.534073
0.680795
-0.0728164
0.30312
0.213943
0.62739
0.600601
0.451424
1.29723
0.133472
0.452445
0.552829
-0.266696
0.704507
0.227888
0.60662
0.598907
0.22844
-0.264288
0.532444
0.560374
0.486062
0.583386
0.412388
0.713221
0.0845743
0.955665
0.576967
0.122408
0.782354
0.618174
0.318156
0.924691
0.859953
0.522537
0.770297
0.266985
0.57461
0.620074
0.513053
0.361358
0.943018
0.151213
0.739165
0.308236
0.404891
0.817915
0.0857168
0.521813
0.069325
0.323577
0.660131
0.492986
0.308803
-0.262937
0.566983
0.230407
0.604436
0.35616
-0.166927
0.439624
-0.0328047
0.511677
0.671151
-0.0713151
-0.242567
0.269077
0.671454
0.343155
0.917924
0.31753
0.28139
0.988813
0.417123
0.458465
0.370466
0.399128
0.347729
0.682468
0.498624
-0.0248131
0.57882
0.117776
0.236297
0.413628
0.346832
0.544356
0.950327
0.400047
0.587689
0.850016
0.802036
0.404598
0.360752
0.309309
0.485821
0.877239
-0.0666134
0.800452
0.414108
0.657174
0.700049
0.229736
0.22989
0.60464
-0.00455025
0.258058
0.838344
0.500254
0.588596
0.799123
-0.0592258
0.606842
0.743751
0.350304
0.156676
0.487134
0.682321
0.868832
0.52172
0.445961
0.739393
0.401403
0.444414
0.34792
-0.0658346
0.636416
0.467253
0.339889
0.0471507
0.0930157
0.931307
0.400146
0.506403
0.568777
1.05545
0.335145
0.968847
0.668955
0.575172
0.366229
0.615234
0.251412
0.552852
0.326888
0.0693606
0.705009
0.814565
-0.0576294
0.470461
-0.375928
0.218282
0.585606
-0.0903319
0.794303
0.574558
1.01357
0.707808
0.455417
0.294609
0.440905
-0.163896
0.456851
0.390766
0.268338
0.638336
0.418296
0.669588
0.357698
0.833456
0.106992
0.540672
0.682901
0.494384
0.142733
0.822122
0.431357
0.715242
0.839625
0.769226
-0.504163
0.00828638
0.447952
0.819796
0.507707
0.184119
0.360373
0.325599
0.0294564
0.293121
0.333963
0.442318
0.484321
0.0716877
0.614269
0.630556
0.764584
0.610702
0.787359
0.61097
0.845684
0.723342
0.396195
0.540039
0.421803
0.178792
0.763986
0.289336
0.874749
0.518074
0.52455
0.460034
0.554833
0.768484
0.391295
0.833698
0.234365
0.767892
0.329698
0.509247
0.525793
0.921886
0.320834
0.0605288
0.900508
0.187011
0.233842
0.594143
0.554286
0.932145
0.404417
0.66624
0.73257
0.713944
0.271703
0.268759
0.223482
0.254946
0.0814818
0.768133
0.476628
0.55541
0.777595
0.440543
0.757104
0.178023
0.750986
0.696069
0.778618
0.674499
0.792011
-0.496678
0.563253
0.574238
0.365286
0.814165
0.822132
0.386146
0.0578497
1.3325
1.12923
0.41282
0.883462
0.377597
0.623046
0.811736
0.398038
1.15021
0.338898
0.222556
0.864945
0.956995
0.437295
0.814961
0.358045
0.628871
0.609972
-0.45461
0.353434
0.92816
0.299966
0.67853
0.293077
-0.10229
0.213169
0.58389
0.923839
0.16616
0.852886
0.336527
0.304998
0.339506
0.409547
0.730333
0.326162
0.332612
0.909227
0.647108
0.554573
0.798886
0.437823
0.338409
0.461716
0.778679
0.152692
0.428763
0.723056
0.985945
0.54833
0.619933
0.605149
0.843619
0.708965
0.415644
0.407911
0.761692
0.67409
0.969851
-0.181807
0.154293
0.467986
0.50777
0.582486
0.290605
0.650346
0.438676
0.201299
0.145919
0.619061
-0.138414
0.0866438
0.824101
0.596366
0.139288
-0.0439098
0.254391
0.3543
1.17408
-0.0398321
0.840074
0.520382
0.871487
0.784864
0.799461
0.0487404
0.444442
0.475559
0.248904
0.626748
0.167422
0.350108
0.666743
0.502139
0.395986
0.576846
0.413444
-0.00259813
0.632343
0.408965
0.0480303
0.729537
0.711251
0.344461
0.439864
1.05026
0.742032
0.361706
0.552532
0.565008
0.457453
0.244652
0.926084
0.441996
0.781432
0.778765
0.972855
0.092738
0.39145
0.104913
0.821275
0.377547
0.683333
0.146104
0.938689
0.924488
0.600652
-0.373964
0.758186
0.953553
0.476843
0.58238
1.00252
0.594376
0.711034
0.217275
0.257103
0.348891
0.826233
0.0354202
0.801889
0.14405
0.0903049
0.791401
0.274545
0.358297
0.816602
-0.117559
0.247459
0.767103
0.250375
0.247752
0.854791
0.184405
0.223157
0.645751
0.564866
0.142729
0.472756
0.115124
0.295005
0.786534
0.71639
0.760257
0.385175
0.571028
0.557542
0.565575
1.09911
0.633149
0.490423
0.0327052
0.300498
0.0409367
0.247317
0.523494
0.592226
0.54493
1.1976
0.674522
0.401593
0.715357
0.833326
0.664361
0.887131
-0.455779
-0.172356
0.311703
0.568444
0.46146
-0.104761
-0.636675
0.427605
0.792209
0.424198
0.822079
0.322283
1.14598
1.09397
0.222445
0.688202
-0.0693399
-0.787796
0.978165
0.296579
0.144848
0.438762
0.441372
-0.505491
0.158792
0.272235
0.401288
0.963435
0.619697
0.504455
0.487739
0.633572
0.237996
0.718076
-0.187939
0.196861
0.151233
0.852448
0.304108
1.34134
0.0907591
0.0178395
0.563595
0.492686
-0.0301486
0.606094
-0.0977515
0.692953
0.465032
0.39091
0.429137
0.494502
0.492119
0.495409
0.0738865
-0.212302
0.331341
0.588694
0.835844
0.462472
0.162059
0.819244
-0.0851816
0.571797
0.0559285
0.21253
-0.0440487
0.474267
-0.041913
0.687017
0.565031
0.420359
0.565926
0.52519
0.932457
0.0607298
0.80728
0.757711
0.454533
-0.1221
0.484409
0.502067
0.732121
0.415359
0.986545
0.675597
0.463648
0.78914
0.936902
0.807031
1.2742
0.512349
0.0378906
-0.318782
0.23916
0.114188
0.268306
0.748058
0.896153
0.597591
0.549955
0.367642
0.731361
0.718039
0.657671
0.540935
0.393156
0.596266
0.425197
0.218535
0.0349991
0.848566
0.304993
0.59236
0.116283
0.486407
0.848664
0.861245
0.683613
0.358512
0.703406
0.854548
-0.287036
0.521315
0.63934
0.0955665
0.0303421
0.646877
0.590175
0.317919
0.627889
0.766614
0.118802
0.139711
0.386463
0.533092
0.742327
0.495056
1.11776
0.173141
0.657853
0.162818
0.420033
0.709258
0.449944
0.238177
-0.00672736
0.866415
0.629053
0.247662
0.669283
0.849336
0.681968
0.822608
0.643154
0.181291
0.598925
0.381445
0.210524
0.340997
0.291884
0.546758
0.323711
0.838355
0.635181
1.0281
0.080572
0.270952
0.99731
0.279004
0.194283
0.341208
0.641682
1.27083
0.791844
0.52146
0.836564
0.648523
0.76703
0.507548
0.790489
0.308159
0.200627
0.362462
0.732925
-0.499054
0.237858
0.79101
0.0180151
0.397197
0.395006
0.654555
0.465076
0.57223
0.783776
0.616165
0.58351
0.495889
0.554085
0.65674
0.353742
0.411674
0.655164
0.229205
0.621891
-0.269019
0.919545
0.495361
0.872586
0.53113
0.528009
-0.18354
0.77711
0.435245
0.438496
0.745443
0.476818
0.0584696
0.422294
1.00063
0.461145
1.15317
0.433775
0.584726
0.394387
0.43791
0.57699
0.999391
0.0753293
-0.0413662
0.156412
0.152875
0.79218
0.654121
0.105503
0.286992
0.536266
0.643041
0.0662829
1.36856
0.42948
0.651399
0.342854
0.229477
0.025142
0.166556
0.957056
0.578578
0.11225
0.362888
-0.031554
0.306394
0.804898
0.689818
0.411384
0.674947
-0.323434
0.179134
0.653687
0.286284
0.129468
0.639084
-0.0566422
0.722122
0.752869
0.48129
0.868829
0.536897
0.105967
0.490909
0.729677
0.701992
0.539711
0.166889
0.873737
0.224983
0.735427
0.178148
0.468976
0.566642
0.849341
-0.212207
0.0704357
0.536503
0.473061
0.728239
0.775592
0.746131
0.253871
0.108739
1.03682
0.518291
0.395858
0.689546
0.525766
1.10261
0.735348
0.239507
0.732999
1.07761
0.306416
0.3615
0.351552
0.222365
0.609276
0.544373
0.611602
1.08927
0.636934
0.576096
-0.180743
0.801612
0.263447
0.277784
0.853608
0.278198
0.680332
0.222232
0.691037
0.723291
0.942027
0.492325
0.309273
0.154722
0.574696
0.763305
0.93031
0.71398
0.587229
0.0287552
0.560236
0.825828
0.740158
0.41964
0.761938
0.382793
0.0833979
0.128638
0.506738
0.937555
0.275789
0.312886
0.617631
0.389749
1.02786
0.776745
0.519832
0.853496
0.301983
0.246604
0.966265
0.995265
0.527712
0.781128
0.185883
0.768014
1.23799
0.56829
0.637138
0.59634
1.09485
0.584209
0.345882
-0.110821
0.539072
0.143112
0.602129
0.300456
0.40247
0.546721
0.878187
-0.0266407
0.18498
0.627724
1.25891
0.287793
0.128304
0.964661
0.509261
0.0651038
-0.132149
0.334035
0.323239
0.878325
0.475414
0.778997
0.432671
0.368689
0.128455
-0.0213382
0.495801
0.574596
0.666424
0.572469
0.182079
0.468105
0.085778
0.675741
0.384378
0.287646
0.470481
-0.155029
0.868884
1.09126
0.444226
0.356754
0.836406
0.525152
-0.226079
0.494729
0.58286
0.619122
1.12276
0.374618
-0.0684845
0.0327314
0.566198
0.338735
0.0176386
-0.0166321
0.71449
0.192838
0.0161254
0.845495
0.620628
0.302676
0.458199
0.0922473
0.442624
0.227475
0.11053
0.609658
0.277725
0.69959
0.942196
0.841875
0.578907
0.402605
0.636677
0.300752
0.811639
0.121723
0.519612
0.423269
0.03383
0.14651
0.0676776
0.96781
0.00463546
0.473863
0.823455
0.345386
0.372135
0.374038
0.42338
0.192744
0.762888
0.674646
0.741568
0.190892
0.548639
0.137189
0.916516
0.509727
1.37341
0.498059
0.525337
1.18069
0.594307
0.207595
0.364293
0.49024
0.889157
0.56542
0.869725
1.15698
0.400515
0.0684776
0.640799
0.392766
0.615908
0.166392
0.791342
0.28162
0.938685
0.531172
0.702169
0.237353
-0.173186
0.489016
0.657759
0.48337
0.130614
0.336293
0.078876
0.400493
0.100146
0.669076
0.878654
0.69798
0.401615
0.0994081
0.77615
0.396494
0.184664
0.804514
0.765154
0.701568
0.678524
0.648433
0.525455
-0.0551342
0.255776
-0.330667
0.218756
-0.113141
0.566498
0.524568
0.30659
0.25878
0.642351
0.424183
-0.272429
0.986601
0.994259
0.370634
0.177206
-0.098821
0.15565
0.36656
0.187554
0.275181
0.641828
0.394074
0.377489
0.854846
0.729434
0.893111
0.626568
-0.156507
0.563153
0.475514
0.952199
0.630398
0.801055
0.827872
0.458406
0.291974
0.356195
0.484675
0.252502
0.327116
0.948676
0.646287
1.12474
0.863578
0.47114
0.575311
0.180747
-0.0103277
-0.230823
-0.104539
0.492444
0.509985
0.577322
0.346254
0.737059
1.35236
-0.174129
0.332723
-0.493042
0.454698
0.400541
0.128192
0.582461
0.0434594
0.243829
0.0189876
0.893136
0.236654
0.289865
-0.081552
0.505897
0.387543
0.598488
-0.151419
0.611079
0.907986
1.18032
0.489351
0.703946
0.810142
0.698292
0.618107
0.302125
0.539309
0.517205
0.368654
0.977653
0.925907
0.36006
0.581771
-0.201042
0.660309
0.928158
0.251708
0.699387
0.333883
1.08824
0.908932
0.531039
0.167542
0.520547
0.839694
0.584454
0.251563
0.138327
0.460056
0.178982
0.732814
0.0554679
0.500303
0.512962
0.202422
0.146479
0.351279
0.598495
0.22356
0.425592
1.00056
0.546781
0.534142
0.425484
0.288635
0.00820419
0.051484
0.300982
0.27645
0.681794
0.687562
1.2724
0.382958
0.340189
1.11049
0.181514
0.36621
0.81953
0.305184
0.916317
1.09815
0.798783
0.470675
0.551479
0.385025
0.836843
0.564851
0.899975
0.290748
0.668854
0.582121
-0.185148
0.167784
0.408069
0.610397
0.0361495
0.95018
0.367688
1.06615
0.547088
0.647442
0.310447
0.333502
0.278252
0.324588
0.773694
0.841541
0.678813
1.04475
0.652664
-0.311257
0.639793
0.341051
0.564483
0.457646
0.498146
0.175023
0.0677823
0.463316
0.759613
1.15347
0.912048
-0.0426583
0.748322
0.549413
0.343405
0.842181
0.830743
0.363489
0.0103141
0.689398
-0.334976
0.646168
0.759628
0.738661
-0.0125607
0.636332
0.683514
0.430227
0.871681
0.641444
0.815514
-0.125423
0.620488
1.01557
0.43263
-0.01214
0.304556
0.812571
0.623434
0.789006
0.175819
0.0481878
0.486377
0.358876
0.800748
0.601852
-0.118338
0.689626
0.483703
-0.0991778
0.359648
1.07716
0.290691
0.533588
0.120351
0.595856
0.862573
0.291045
0.989758
0.444036
0.310969
0.297178
0.746042
0.566777
0.618106
0.734654
0.822471
0.00608589
0.862382
-0.0162112
0.547284
0.976249
-0.430628
0.32405
0.282871
0.850491
0.0356777
0.687809
0.757062
0.596684
0.0273031
0.692227
0.367311
0.256951
0.483014
0.0648847
0.98821
0.529919
0.642633
1.17784
0.67033
1.02505
0.369062
0.838964
0.792005
0.731645
-0.501583
0.546426
0.822822
0.270183
0.589643
0.415549
1.00598
0.783354
0.466463
0.572468
0.282988
0.853722
0.0598355
0.493553
0.839918
0.459189
0.458555
0.45399
0.269694
0.892327
0.460985
0.716551
0.687552
0.729259
0.31757
0.0315871
0.50836
0.043372
0.337459
0.447997
0.628483
0.263942
0.290693
-0.109179
0.586653
0.608853
0.354424
0.134191
0.87429
0.220112
0.828974
0.700461
0.820819
0.519915
0.464517
0.0385977
-0.145663
0.666523
0.334906
-0.390857
1.02956
0.618629
0.302356
0.655474
0.504955
0.592205
0.241132
0.283165
0.571358
0.578425
0.257351
0.814442
0.132231
-0.19862
0.372804
0.333287
0.527816
0.562539
0.505566
0.218608
0.555694
0.534966
0.328168
0.672049
0.632028
0.15874
0.620201
0.313273
0.158007
0.15815
0.689195
0.866397
0.782533
0.154281
1.24111
0.443079
0.213541
0.810352
0.601537
0.685624
0.749863
0.264293
0.103731
0.964136
0.420632
0.467668
0.549159
0.727462
0.669681
0.486961
0.865467
0.79809
0.846251
-0.0045182
0.258998
0.431237
0.452995
0.78696
0.0401206
0.772614
0.666102
0.882024
0.761921
0.82026
0.612391
0.827252
0.22041
-0.153091
0.616305
0.104468
0.670016
0.385469
0.738421
0.587594
-0.115379
-0.314268
0.432125
0.97298
0.360204
0.445554
0.181038
0.405214
0.861912
0.552647
0.603663
0.533953
0.900581
0.789377
0.863211
0.700855
0.460068
0.859498
0.917162
1.08438
0.789786
0.236085
0.88891
0.997654
-0.041554
0.720665
0.563713
0.375825
-0.0488676
0.123674
0.569917
0.539922
0.387531
0.185786
0.32312
0.00128345
1.00307
0.429347
0.524826
0.866558
0.673206
0.298991
0.507261
0.185719
-0.00203965
0.59229
0.932185
0.464979
-0.167417
1.15969
0.1944
-0.22608
0.892445
0.32565
0.510599
0.414539
0.33517
0.0776343
0.602034
1.25503
0.339099
0.615297
0.384104
0.573269
0.945978
0.0800571
0.512691
0.261906
0.18912
0.147682
0.135127
0.58627
0.210759
0.865161
0.0618759
0.543911
0.264158
0.0485111
0.0686691
0.72414
0.688459
0.727977
0.861632
0.19434
0.718413
0.460702
0.729986
0.320081
0.460601
0.0102664
0.573607
-0.273753
0.186785
0.731797
0.465565
0.99287
0.0524017
0.505393
0.441962
0.641149
0.0970162
0.239189
0.626421
0.58411
0.670713
0.479255
0.975406
0.138603
0.921248
0.401995
0.327253
0.357902
0.262734
0.397614
0.165515
0.443069
0.354782
0.866822
0.458308
0.0402925
0.926826
0.604818
0.909899
0.542514
0.088695
0.680231
0.420618
0.0857348
0.432589
0.679069
0.397186
0.690478
0.450392
1.15121
0.817096
0.136688
0.228041
0.431577
0.623392
0.641719
0.395663
0.154654
0.244706
0.308339
0.368629
0.458088
0.811076
0.459993
0.0525684
1.16532
0.558538
0.486988
0.415135
0.737551
-0.641781
0.956254
0.144715
0.488266
0.816729
0.809732
0.593127
0.469431
0.370545
0.292202
0.122193
0.828214
0.445613
0.802411
0.758512
0.669162
-0.100472
0.211777
-0.141755
1.27183
0.766995
0.644515
-0.28798
0.337258
0.835169
0.767164
0.192396
1.03686
0.156116
-0.0159251
0.783793
0.486972
0.428363
-0.0642942
0.23645
0.70234
-0.383383
0.889406
0.549946
1.05143
0.571342
0.512103
0.782345
0.256889
1.12281
0.1056
0.403908
0.916507
0.543498
0.922059
0.427721
0.504051
0.00177428
0.165582
0.0143547
0.418513
0.295477
0.279004
0.201385
-0.0105228
0.169225
0.0771029
0.417821
-0.0858599
0.186188
-0.485779
0.914911
0.486379
0.926132
0.177357
0.481313
0.942172
0.753935
0.236944
0.616423
0.445478
0.718936
0.620935
0.45179
0.709619
-0.0913128
1.12195
0.575531
-0.133397
0.385222
0.669037
1.20329
0.261102
0.939418
1.03553
0.640448
1.18323
-0.0602978
0.655439
0.670993
0.235745
0.208096
0.671489
0.377617
0.490976
0.823886
0.286218
0.327936
0.134678
0.361672
0.647574
0.226047
0.528752
0.605862
0.560519
0.856061
0.44302
1.04804
0.914787
0.0921831
0.428242
0.537046
0.0520476
-0.123641
0.0681479
0.736469
0.705172
1.23337
0.318253
0.207894
-0.0521992
0.582254
0.541846
0.329681
-0.00102786
0.800957
0.995575
1.01451
0.605972
0.648863
0.603122
0.702433
0.660091
0.697571
0.477773
0.72674
0.628361
-0.0872809
0.892535
0.865096
0.376518
0.66458
0.0625201
0.172457
0.396349
1.00394
0.397166
0.320772
0.510341
0.0710279
0.171002
0.0849084
0.761998
0.843
0.971628
0.716834
0.623312
0.453703
0.94619
0.479879
0.268673
0.407651
-0.0739843
0.679155
0.269255
0.865787
0.90521
0.262305
-0.00140164
0.6706
0.707459
0.584108
0.267641
0.336454
0.736123
0.545587
0.620683
0.712823
-0.0259427
0.349953
0.191687
0.490707
0.288587
0.566595
0.117801
0.648234
0.462317
0.0203879
0.674597
0.599283
0.152039
0.805604
0.472244
0.8778
0.316138
0.0492067
0.389152
0.886145
0.444539
0.814917
0.495684
0.872659
0.361457
0.0652213
0.469072
0.360831
0.720344
0.705845
0.483458
0.614673
0.496608
0.634395
0.366602
0.536537
0.293372
0.288374
0.718438
0.0674409
-0.035733
0.681244
0.0231883
0.345498
0.896053
0.0425343
0.812209
0.843228
0.628221
0.974966
0.759871
0.553679
0.289034
0.339787
0.358567
0.225303
0.426605
0.427781
0.755364
0.870579
-0.347951
0.189034
0.183146
0.502485
0.673078
-0.069205
0.40757
0.775296
0.311869
0.450535
0.48792
0.0975821
-0.567037
-0.0876966
0.851948
0.840871
0.529378
0.606733
0.437953
0.446762
0.736579
0.23228
0.463492
-0.302501
0.261033
0.462535
0.507239
0.316736
0.863376
0.370131
1.04604
0.250281
0.712983
-0.351257
0.725999
1.10662
0.793999
0.512172
0.495652
0.498467
0.408523
0.666436
0.461132
1.00669
0.485076
0.643426
0.315905
0.903541
0.646908
0.0243731
0.816749
0.633201
0.521599
0.73963
0.978904
0.254674
0.664376
0.626489
0.212063
0.634251
0.487948
0.713297
0.376028
0.198156
0.0284184
0.41221
1.02955
0.192486
0.117108
0.37836
0.517748
0.540605
0.793184
0.634698
0.42588
0.76525
0.523838
0.746116
0.574134
0.913161
0.0402782
0.433942
0.330905
0.556903
0.412381
0.0528896
0.502724
0.412131
0.930718
0.877185
0.103929
0.184953
0.31407
0.62826
0.587107
0.137529
0.265495
0.867817
0.0494817
0.957889
0.712192
0.400815
0.69608
0.473931
0.5232
0.797659
0.164719
0.602754
0.670293
0.288416
0.650661
0.368625
0.949814
0.611569
1.03925
-0.144762
0.722424
0.499247
0.0603237
0.180699
0.523755
0.772997
0.784331
0.597334
-0.336284
0.100883
0.759561
0.857635
0.1139
0.390673
0.561472
0.882892
0.360768
0.431424
0.801082
0.347205
0.351341
0.591697
0.675584
0.904711
0.709759
0.300436
0.522921
0.898026
0.511466
0.6226
0.43104
0.284223
0.471906
0.355118
0.879837
0.302413
0.668013
0.781307
0.398008
0.0403705
0.718162
0.377843
0.510846
0.438448
-0.0145863
0.565001
0.273518
0.625419
0.986787
0.274132
0.130294
0.203597
0.762849
0.665406
0.552347
0.824918
0.490541
0.735412
1.17891
0.635595
0.611932
0.47908
0.402118
0.140087
0.524564
0.711084
0.867565
0.410025
0.506145
0.480476
0.501788
-0.146389
0.31018
0.857978
0.0725395
0.484042
0.729987
0.436654
0.318628
0.836256
0.356631
0.764781
0.0213361
0.766915
1.23216
0.626587
0.512636
0.286677
-0.100791
0.795711
0.614589
0.53576
0.187204
-0.0252677
0.973329
0.227197
0.700486
0.519902
0.900482
-0.239944
-0.0699665
0.517532
0.563419
0.579541
0.385183
0.563902
0.280912
0.730665
0.499265
0.505581
0.802038
0.353212
-0.0993081
0.0417802
0.884754
0.590476
0.443939
0.195751
-0.0764575
0.565116
0.215581
0.645637
0.526832
0.696535
0.0468478
0.303578
0.194243
0.14507
0.529302
0.686415
0.903954
0.0222666
0.150793
0.67712
0.574229
0.0142843
0.622633
0.109956
-0.0044917
0.397403
0.819662
0.590656
0.625742
0.454219
0.829331
0.844361
0.21909
0.750767
0.280897
0.263621
-0.262547
0.0499783
0.289733
0.200675
0.342012
0.33258
0.327384
0.354624
0.382269
1.41177
0.248838
0.266608
0.844589
-0.250096
0.602603
0.697108
0.690628
0.199955
0.262395
0.824091
0.536002
-0.127874
0.00423398
0.238398
0.623764
0.304726
0.764773
0.701629
0.109765
0.468573
0.0221058
1.14005
0.389473
0.607087
0.592439
0.657721
0.57167
0.94378
0.358792
0.261974
0.486174
0.00676781
0.296423
-0.073876
0.35268
0.0912214
0.883919
1.09094
0.0253267
0.564673
0.580598
0.462167
0.897436
0.285273
0.283749
0.207409
0.668228
0.510361
1.09504
0.992379
0.53812
0.199985
0.214505
0.808531
0.51675
0.143017
0.344385
0.398397
0.476531
-0.299765
1.12758
0.54554
0.430604
0.440635
0.640699
0.198523
0.518034
0.122521
0.514466
0.624513
1.10441
0.729196
0.288916
0.660031
0.889924
0.790295
0.889114
0.321406
0.678707
0.345042
-0.0709964
0.860334
0.402287
0.588556
0.0924496
0.59057
0.141273
0.418495
0.755687
0.316445
1.05126
0.302274
0.743006
0.66095
0.707635
0.233605
0.787001
0.29987
0.870951
0.261737
0.555577
0.911139
-0.337957
0.609914
0.241237
0.801989
0.409846
0.344228
0.0867398
0.355097
0.512566
0.649298
0.781421
0.07468
0.606188
0.672599
0.707693
0.257726
1.14853
0.696104
0.228542
0.718703
0.11023
0.888659
0.656027
0.760465
1.19492
0.190901
0.928229
0.424211
0.353753
0.43613
0.691905
0.589668
0.230786
0.275039
0.782835
0.178743
0.893794
0.89926
0.585364
0.602437
0.892238
0.290541
0.892056
0.675228
0.678815
0.586765
0.84464
0.713097
0.342377
0.146222
0.770319
0.622311
0.419152
0.565283
0.0444504
0.308687
0.399171
0.645526
0.420297
-0.118055
-0.292045
0.49701
0.687163
0.574147
0.990135
1.02151
0.526023
0.645616
0.618981
0.437507
0.217979
1.14962
0.394936
0.248136
0.798872
0.314964
0.402286
-0.0184222
0.234426
0.881479
0.000945751
0.168214
1.09642
0.167518
0.4172
0.0269102
0.580905
0.756189
0.885594
0.660593
0.313089
-0.351083
0.844761
0.717168
0.21148
0.812043
0.901043
0.802871
-0.0511393
0.412625
0.334764
0.585004
0.709616
0.367327
0.774142
0.659958
-0.463375
0.513827
0.591839
0.951661
0.554392
0.0243767
0.947403
0.194151
0.538163
0.0944577
0.894315
0.51143
0.189639
-0.148203
0.469551
0.138617
0.0992506
0.524258
0.368714
0.708089
1.03215
0.760723
1.08689
0.138992
0.191024
1.3865
0.655296
0.346013
0.684474
0.510202
0.150931
0.185777
0.497824
0.47104
0.681821
0.62158
0.526766
0.645228
0.777594
0.531099
0.397004
0.27669
0.428198
0.172009
0.397812
0.713196
0.687443
0.468442
0.559876
0.555244
0.247769
0.672792
0.696572
0.348839
0.600182
0.943061
0.682577
0.276851
0.792281
0.773625
0.378091
1.06528
0.456796
0.733058
0.238253
0.358891
-0.0377732
0.558388
0.441174
0.544523
0.219281
0.653626
0.839995
0.0234731
0.960741
0.699044
0.815081
0.162234
0.474988
0.950287
0.623881
0.624957
0.47828
0.404607
0.485537
0.566126
0.0969106
0.499897
-0.0362298
0.239984
0.678951
0.329255
0.788763
0.329062
0.421627
0.772245
0.422158
0.408518
-0.0628365
-0.412671
1.04101
0.513913
0.182517
0.793588
0.857588
0.872945
-0.062723
-0.357756
0.619683
0.897383
0.486978
-0.0144753
1.01678
0.413198
0.830035
0.450721
0.517404
0.630682
0.242088
0.660264
0.559573
0.524093
0.84594
0.408456
0.745745
0.262319
-0.272397
0.806666
0.774011
0.538198
0.664277
0.599901
-0.0104769
0.426187
0.452774
0.652077
0.197151
1.05085
1.22802
0.748289
0.591238
-0.164295
0.913646
-0.0170528
0.315025
-0.21183
0.370248
0.830042
0.87391
0.903666
-0.0325471
0.580885
0.222988
0.32403
0.219559
0.841155
0.703675
0.554008
1.02104
0.711093
0.475677
0.580197
0.512245
0.810465
0.929059
0.643148
0.165148
0.240228
0.397407
0.698333
0.219035
0.228621
-0.235452
0.778562
-0.114272
0.96594
0.405687
0.869281
0.0159446
0.349908
0.144211
0.106978
1.00969
-0.0440035
-0.255348
0.300273
0.546818
0.614315
0.803856
0.384653
0.0202008
0.889302
0.827676
0.777339
0.798185
0.515252
0.993947
0.239102
0.261476
0.210212
0.366189
0.565336
0.511254
0.142964
0.0846272
0.118479
0.702861
-0.0323091
0.531211
0.255004
0.571716
0.652791
0.667746
-0.0153987
0.0713431
0.469153
0.947421
0.601854
0.500249
0.541564
0.613816
0.429595
0.749852
0.494221
0.743744
0.187986
0.327269
0.922663
0.456551
0.689193
0.443096
0.471086
0.4598
0.670986
0.717136
0.571728
0.0232899
0.86089
0.339536
0.339485
0.519183
0.118427
0.107072
0.66532
-0.16664
0.950185
1.1267
0.620037
0.865454
0.568062
0.560665
0.420367
0.742412
0.00730782
0.607811
-0.068247
0.461824
0.670213
0.0336093
0.181438
-0.227147
0.65959
0.133195
0.903396
0.315834
0.839963
0.281061
0.389583
0.721159
0.711298
0.324811
0.734322
0.0159275
0.829329
0.515574
0.860933
0.561434
1.00901
0.392769
0.464437
0.0424643
0.575092
0.0998627
0.716345
0.417283
-0.0276814
0.552197
0.279997
0.683668
0.977521
0.398426
0.553883
0.287196
0.348528
0.742685
0.753517
0.647443
0.634461
0.778547
0.430998
-0.0589885
-0.136996
-0.0216887
0.603075
0.424765
0.309068
-0.236731
0.74097
0.799485
0.690599
0.615839
0.223279
0.732927
0.511627
0.378105
0.552812
0.820682
0.317057
0.383425
0.825228
0.505231
0.76613
0.802823
-0.0427173
0.295727
0.893842
0.409835
0.864306
1.0026
0.440676
0.122215
0.580982
0.490305
0.461608
1.02906
0.369782
-0.297219
0.435865
0.939895
0.354837
0.595809
0.555107
0.865678
0.192032
0.663777
0.43701
0.38505
0.592535
0.533557
0.407342
0.135352
1.20827
0.37254
0.66628
0.640319
0.0439181
0.767822
-0.393381
0.741204
0.610517
0.162244
0.709502
0.51296
0.33199
-0.0705412
0.47981
0.330811
0.340385
1.07752
0.499189
0.805197
0.334888
1.12371
0.667271
0.0629149
0.654453
0.387087
0.64844
0.585058
0.274008
0.382514
0.452687
0.467528
-0.226718
0.871869
0.384449
0.561639
0.550105
0.400954
0.536644
0.896257
0.184508
0.143393
0.752274
0.00118269
0.698104
0.368231
0.884235
0.797621
1.29268
0.298441
0.0471077
0.217176
0.728566
0.672678
0.371432
0.939312
0.683313
0.591779
0.597288
0.314005
0.479136
0.701485
1.13312
1.0736
0.732779
0.381422
-0.210487
0.145847
0.787926
0.46119
0.984127
0.573355
-0.399356
0.703247
0.661461
0.650594
0.425703
0.983441
0.00460041
0.270592
0.994698
0.551083
-0.253137
0.87039
-0.252409
0.136772
0.423657
-0.0402521
0.563496
0.251041
0.835305
0.469239
0.833817
0.274874
0.572128
0.356552
0.68744
0.559016
0.213901
0.351765
0.575868
0.590012
0.779613
0.626557
0.73896
0.57103
0.203619
0.516349
0.717301
0.774782
0.767695
0.976144
0.097546
0.144079
0.620662
0.569921
0.580782
0.357247
0.586541
0.546046
0.602765
-0.0271083
1.13728
0.669827
-0.0280308
0.569435
0.750893
0.153173
0.477897
-0.0866569
0.347084
0.889861
0.803086
0.137733
1.29471
0.585341
0.366541
0.0893623
0.75849
0.746715
0.833256
-0.32782
0.312954
0.101813
0.962311
0.563008
0.332348
0.718031
1.10069
0.148849
0.481922
0.518101
0.729544
0.756265
0.846671
0.278218
0.369673
0.191429
0.109125
0.115835
0.928804
0.268689
-0.0643334
0.941431
0.130499
0.85312
0.757169
0.956512
0.398496
0.38621
0.989155
-0.130824
0.989913
0.725527
0.390428
0.367757
0.714667
0.627667
0.594473
0.698199
1.10596
0.149285
0.590515
0.923404
0.43783
0.458073
0.920973
0.733385
0.00532435
0.760742
0.729848
0.0201692
0.456463
0.341232
0.43482
0.768484
0.342026
0.622692
0.606293
0.204914
0.759363
0.224614
0.203531
0.41463
0.322572
-0.488496
0.812842
0.613805
0.28213
0.510753
0.248958
0.0639863
0.507696
0.362407
0.680952
0.857749
0.757554
0.348924
0.194644
0.634181
0.559106
0.837185
0.287922
0.558682
0.985515
0.812119
0.417777
0.604511
0.659249
0.604106
0.988048
0.891357
0.412066
0.5829
0.695706
0.809127
0.209774
0.642107
0.485241
0.274804
0.736736
0.608231
0.797829
0.519674
0.108004
0.520516
0.628904
0.21269
0.51224
0.646172
0.370405
0.550477
0.834486
0.308837
0.47785
-0.0126663
0.115081
0.223367
0.873536
0.130786
1.2753
0.0832778
0.265444
0.522576
0.907025
0.720641
0.37159
0.380888
-0.185121
0.586288
0.259542
0.269924
0.706544
0.452303
0.55639
0.554104
0.926169
0.518378
0.762006
1.04508
0.460079
0.466829
0.404892
0.599112
-0.282925
1.0076
0.181699
0.542647
0.316072
0.538001
0.453049
1.00863
0.948659
0.400506
0.534492
0.773355
0.706829
0.886905
0.641323
0.23245
0.373241
0.745254
0.320282
0.388851
0.557875
0.275644
0.17619
0.808493
0.015306
0.65773
0.613457
0.406206
0.59102
0.843397
0.344713
0.215231
0.374053
-0.0671636
0.720181
0.427172
-0.028313
0.329253
0.144798
-0.0026188
0.380554
0.430082
0.593764
1.03757
0.170211
0.640773
0.821478
0.0760165
0.758669
0.717283
0.0293015
0.772805
0.442286
0.675917
0.276649
1.17512
0.50699
0.537242
0.0422696
0.717028
0.596097
0.0822623
0.822918
0.576924
0.496086
0.431972
0.360986
-0.0121934
0.814738
0.555496
0.494151
1.08756
0.403761
0.766747
0.450096
0.400367
0.348975
0.140297
0.352717
0.494003
0.435953
0.118116
0.494284
0.450689
0.966675
0.540315
0.829343
0.642677
0.461816
0.69155
0.634967
0.244024
0.702167
0.698579
0.244937
0.456287
0.633981
0.401391
0.261043
0.639375
0.595099
-0.173816
0.157596
0.566582
-0.194099
0.587195
1.01606
0.158022
0.0305464
0.599363
0.693908
0.669202
0.606061
-0.107355
0.163529
0.962756
0.737218
0.742768
0.179218
0.200161
0.673687
0.00848113
0.557472
0.765397
0.437491
0.601564
0.588446
0.393683
0.37981
0.703393
0.265069
0.653368
0.247512
-0.04745
1.01776
0.46916
0.567402
-0.377794
0.100115
0.312449
-0.228224
0.465684
0.937236
0.695957
0.850586
1.20295
0.788923
0.724968
0.837761
0.271968
0.823189
0.398627
0.454422
0.448713
0.80917
0.831887
0.695873
0.489136
0.495811
1.35919
0.803429
0.450629
0.204715
0.36306
0.474348
0.588018
0.145081
0.171376
0.639815
0.283655
-0.0916761
0.351434
0.731061
0.406082
0.183815
0.984119
0.900488
