0.326267
0.440294
0.980323
0.725542
-0.268549
2.22346
0.28581
0.730318
0.258746
0.44488
0.719049
-0.260825
2.14757
1.12916
-0.156462
0.968776
-0.560416
0.685638
-0.264972
0.208146
-0.843074
0.75896
1.19358
1.13775
-0.156471
1.13538
1.47506
1.11669
-0.082182
-0.905707
-1.2966
2.29506
0.658787
0.206097
0.263816
0.656972
0.902604
-0.566884
1.69005
0.8488
1.05553
0.364499
-0.525862
0.597359
0.512581
1.05123
1.13694
0.221362
0.486545
0.323947
0.376492
1.0493
1.4085
0.868623
-0.982401
0.286998
0.323589
0.860393
0.396977
-1.21339
0.60089
0.610789
1.39337
-0.459083
-0.0667803
0.622461
0.601744
0.366312
0.578124
0.415983
-0.530152
0.265471
1.2715
-0.630473
-0.321531
-0.157315
0.632108
2.28013
-0.340479
1.70028
1.31484
0.486319
-0.390841
0.201489
0.778464
-0.162605
0.408799
-0.462862
1.10975
-0.728522
0.92535
0.680765
0.501042
-0.575008
-0.0770912
0.667161
0.641949
0.288753
-0.034327
-1.03917
0.868978
0.830819
1.00056
-0.4715
0.700653
0.182792
0.397882
-0.0807343
0.496054
-0.83271
1.21979
0.635214
-1.14562
-0.71501
1.86204
-1.37033
-0.825154
0.603947
1.38625
-0.119418
0.993911
2.43446
-0.371903
-0.47693
-0.0366168
0.313945
0.754649
0.610792
-0.404384
-1.3483
0.550803
-0.655082
0.0687808
-0.310289
0.0232771
0.525308
-0.0230261
-0.0725636
-0.701397
1.98492
1.12978
0.810417
0.471752
-0.549041
0.122821
0.127458
0.0629064
-0.447016
0.466777
1.01068
1.05294
2.0627
1.96133
1.9539
0.830361
1.22398
0.664004
0.681569
-0.317837
1.13555
0.93612
1.15825
1.05465
0.772338
-0.206741
0.359913
1.14861
1.24247
1.73924
0.745425
0.828436
0.925103
0.512717
0.601038
0.572903
1.8021
1.70934
-0.0621979
-0.892802
1.26833
-0.138239
-0.191276
-0.18255
-0.374752
-0.159289
1.32958
1.63703
0.589501
0.51929
-0.648665
0.88959
0.971058
-0.40725
0.309849
0.454126
0.447464
1.51867
0.76536
-0.038705
1.70273
0.261632
1.04826
1.57601
-0.87998
0.966786
-0.819363
0.245079
1.4511
-0.082135
1.23174
0.559245
1.11871
0.50025
1.04918
-0.24469
1.24431
-0.0410366
2.25625
-1.82654
-0.710656
1.19754
0.85301
1.50954
-0.390185
1.19313
0.643632
0.597475
-0.369304
0.33005
0.246265
0.50802
1.5877
-0.00491802
-0.44799
1.14302
0.473847
-0.136272
0.10736
0.666878
0.613148
0.322698
1.01677
0.41078
0.838805
-0.513977
0.685547
1.51038
1.47599
0.870753
0.296925
1.51854
1.40418
-0.535641
0.286382
0.920376
1.00148
1.73402
0.825007
0.434166
0.226515
0.330949
-0.300614
1.24576
-0.152223
-0.975363
1.99251
-0.131293
0.983144
0.320309
1.71857
0.0260955
0.582575
0.481207
0.344004
1.01545
1.50009
1.89679
1.18095
-0.223276
1.4718
0.325815
-0.891447
1.54898
0.29559
1.50449
0.627562
0.317793
0.745021
-0.0830157
0.500522
0.684417
1.18014
0.41549
-0.405277
0.659846
-1.0254
1.11351
0.700392
0.221092
2.12827
1.61918
1.10648
2.56303
0.870427
-0.481294
-0.416046
-0.425565
0.128023
0.262957
-0.20037
-0.133961
0.367361
0.206417
0.755244
-0.535482
-0.194366
-0.0388568
1.61742
0.637434
0.625813
0.370338
0.818554
-0.0779759
0.932591
0.889255
0.850356
0.579754
0.491681
0.454563
0.103241
1.31512
-0.180966
0.0820607
1.3685
-0.264543
0.401336
-0.748513
0.516238
0.182765
0.7353
0.671499
0.479921
0.884152
0.322271
1.77259
1.20474
1.66617
0.172747
-0.467828
1.75855
-0.112119
-0.00311712
-0.0459021
0.983552
1.20047
-1.19691
-0.255899
1.41297
0.816301
-0.190384
-0.328694
1.39863
1.1685
1.07635
0.380285
0.576811
-0.936901
0.747338
0.553133
0.86381
0.857525
1.16537
1.51024
-0.420717
0.748599
0.885604
0.986703
1.41442
0.283675
1.02454
0.648757
0.436234
-1.12259
0.386008
1.3259
-1.30139
0.775779
0.299941
-0.00335282
-0.207124
0.641899
-0.199066
0.369691
0.604987
0.92113
1.12903
-0.522474
-0.000170967
0.849799
1.11649
1.10052
0.0677069
0.915746
-0.42122
1.57348
2.65787
1.43163
1.6628
0.162923
0.780185
0.322282
0.63507
0.357503
-0.357878
0.938803
0.208338
0.518013
0.978309
0.247433
0.554146
0.302208
0.959637
0.18075
0.406994
0.701389
-0.145679
1.54639
1.64187
-0.559115
1.16023
1.47852
0.354327
-0.254943
0.0619278
-1.13963
-0.160514
-0.173278
-0.700703
-0.379466
0.923063
-0.715508
0.595235
0.674995
0.0998386
0.57945
0.101989
1.35277
1.60446
0.514605
1.93126
-0.673228
-0.00572609
0.393264
-0.91087
0.110621
0.779476
1.08699
-1.32471
0.0845769
0.784275
-0.169033
0.0311936
1.05737
0.428429
0.74629
0.551845
0.59917
1.54816
0.557048
0.370641
0.355684
1.29429
0.896809
1.80606
0.229242
-0.426632
1.44836
-0.171574
0.585036
-0.0582362
-0.623288
0.298665
1.66588
0.343139
1.13896
1.00533
1.34764
-0.873363
1.26836
0.413976
-0.432572
-0.638892
1.05265
1.10143
1.35457
-0.574019
-0.373056
-1.95314
0.744423
-1.1731
0.706299
1.09804
-0.0152381
0.730882
0.719903
1.40583
0.936377
-0.496073
1.5511
0.600508
0.939861
2.02689
0.741806
0.561039
-0.20161
-0.727227
2.22404
1.17246
1.03409
1.33299
-0.0971527
0.804248
0.531641
-0.0611795
2.3751
0.706139
0.639578
1.4038
0.929466
1.43268
1.04276
1.18439
-0.106536
-0.438483
-0.441132
0.533117
1.5595
0.0694771
-0.312874
0.876705
0.250552
0.983308
-0.408632
1.47566
-0.489638
0.253158
-0.272711
1.71292
-0.352874
1.8744
1.08313
0.333543
0.603813
1.83903
0.171608
-0.0772304
2.39547
1.16444
0.891557
-0.68697
0.894357
0.528858
0.00385696
0.38261
0.525913
0.651532
0.234416
-0.35596
1.0741
1.32352
0.464386
1.5429
0.516757
-0.707196
0.534162
-0.109438
-1.11932
1.35991
0.440458
0.382394
0.491352
1.50434
0.569285
1.51747
0.610488
-0.129284
0.23566
0.174932
-0.147848
0.507693
0.465113
0.201574
0.139359
-0.454482
2.05602
-0.389291
0.245127
0.888719
1.18056
0.788321
0.0979002
0.796041
2.07559
0.803473
0.433079
0.020652
1.5556
1.7473
0.925957
1.18351
-0.0440532
0.640062
-0.769273
1.97263
0.97938
0.511785
1.22823
0.927409
-0.76036
1.47746
2.14984
1.01066
0.825732
0.558439
0.823165
0.730624
1.28434
0.78759
1.01775
1.89631
0.566267
0.286687
1.04455
0.417893
2.53731
1.20396
1.17846
1.20624
-0.0212755
0.888085
0.739757
0.214216
0.632419
1.38746
1.20547
0.838364
0.170011
0.940621
3.12689
0.413698
0.490219
1.33939
1.69975
0.47847
0.99272
0.484745
1.15953
0.631511
-0.202294
0.792797
1.45827
0.772448
0.385373
0.375434
0.202822
-0.139516
-0.494925
0.678257
0.722462
0.199778
-0.0792366
-0.0542221
0.105781
0.789456
-0.109472
0.365834
1.18015
0.461078
1.28548
2.13314
0.878895
-0.586468
0.0549843
0.754322
1.2678
1.40278
0.275927
0.37432
0.281021
1.18697
0.357437
0.207389
0.203042
0.0614244
0.35935
0.00607886
1.69892
1.1418
0.754638
0.25734
0.864344
1.26008
0.302919
0.637376
1.07254
1.38915
1.22968
1.10778
1.08367
0.429392
0.605414
-0.316915
0.168865
2.38977
1.97904
0.633789
0.0775394
-1.08863
-0.161094
-0.413251
-0.758737
-0.0876275
0.972035
1.93473
0.674125
0.480824
1.24149
-0.355661
2.31464
1.06017
0.162605
1.55048
1.18905
-0.388267
0.911151
0.513272
1.16254
1.35772
0.33216
-0.293965
0.979242
1.10298
-0.252322
0.472708
0.377327
1.20986
1.83224
0.382857
1.03268
0.670205
2.26267
-0.0455766
0.234759
1.44778
0.895246
0.500505
1.4448
1.08415
0.0275975
0.711264
-0.337681
-0.631743
0.716209
0.23382
0.297604
-0.710246
0.850894
0.870591
0.400817
0.144425
-0.738729
1.49216
0.270644
0.524324
-1.56937
0.0846794
0.53046
-0.773111
-0.16187
0.873184
0.851535
-0.0975069
1.28425
1.25016
0.40769
-0.265593
-0.0144464
2.08451
-1.15874
0.00683428
-0.537523
0.68692
0.701174
0.711999
0.384093
0.523168
0.486121
0.555402
0.0945939
0.983399
2.54253
0.466242
0.718323
0.687291
-1.07978
-0.239313
0.732424
-0.956277
-0.301739
0.1847
0.419282
-0.48477
0.717387
0.488174
0.990273
0.897656
1.31301
1.12012
0.358309
2.00452
1.42383
-0.309974
0.617357
0.0469313
1.91103
0.968328
0.0638188
0.526467
0.52465
-0.160417
-0.966848
0.240686
0.0120306
1.51435
1.56877
0.149033
0.364852
0.423963
-0.250399
1.35657
-2.05567
0.217556
0.133992
2.14569
0.498038
-0.325996
0.216378
1.81332
0.266052
0.373462
1.58237
1.91665
2.00857
-0.204937
0.838957
1.86478
0.409783
1.08876
0.971484
0.431849
-0.121913
-0.199616
0.0297685
-0.657163
0.128633
-0.178913
0.491296
0.889914
1.6916
0.782156
0.0975587
0.758286
0.733082
0.410996
2.02012
1.26234
2.16116
1.95205
0.884688
0.755048
0.352985
-0.0561524
1.68779
1.28917
0.991372
0.95495
1.42083
-1.59259
0.847125
0.743267
0.230438
1.85485
-0.19622
0.682932
1.07084
1.48217
-1.28696
1.17023
0.754337
1.50936
-0.265321
2.30055
1.74563
0.538841
1.35078
-0.664642
0.192518
1.04578
0.129258
0.799654
1.95954
-2.22566
-1.73369
0.280642
-0.853102
0.164165
1.28446
2.09591
0.237383
0.979298
0.453548
0.881001
0.227641
0.383371
1.24683
1.13708
1.48758
1.37825
-0.522151
0.788777
1.17367
0.867335
-0.446723
0.999453
0.691407
0.167031
2.15406
1.46723
0.749644
0.763624
0.837124
-0.251723
0.511901
1.49071
1.06743
0.697959
1.18038
-0.695786
0.0649945
1.16506
1.49273
-0.428749
-0.0877918
-0.0176079
0.494393
0.64755
0.985087
0.306289
-0.15588
-0.674099
0.864645
-0.362139
1.39411
-0.0549418
1.37685
0.218761
-0.0583486
0.609646
0.631663
0.495118
0.707321
1.16337
1.25743
-0.0446377
1.04709
1.21625
1.00835
0.987872
-0.000143273
1.0669
-0.352725
-0.565893
1.07754
-1.14799
1.43661
0.276785
2.01134
1.95383
0.0048417
0.771633
-0.054778
1.96499
0.346976
1.04897
0.575004
-0.140533
1.20882
-0.34639
0.915033
0.391821
0.561617
0.413522
1.45674
1.44286
1.48147
0.808271
1.31718
0.280445
-1.27496
0.987058
-0.118864
1.41101
1.22642
0.881372
1.12352
-0.436938
0.484166
0.13689
0.941122
1.17601
0.479063
1.50198
0.339671
-0.261156
1.46408
-1.20239
0.34769
-0.0510045
-0.0608946
-0.449144
1.41527
0.961122
0.258769
2.52843
0.0516958
2.9469
0.0770588
1.29019
1.41452
0.620103
0.456967
0.898625
0.450197
1.75066
0.374333
-0.0865027
0.227167
-0.382581
1.3773
-0.694097
0.757478
0.515174
0.112416
-0.21895
0.792179
0.680343
1.05608
0.679558
0.765065
2.44481
-0.00758337
0.315336
1.06001
-0.952414
1.01966
0.790763
-1.12929
-0.439575
0.212858
0.228043
-0.396707
0.191868
0.0602747
0.659394
-0.293065
0.713339
0.551742
1.24558
0.69541
-0.108823
0.318715
-0.0211421
1.20395
0.0624595
-0.204024
-0.000638523
0.418996
0.991993
1.27094
-0.454807
0.0787128
0.352337
1.10635
0.240613
1.46158
-0.257481
1.3572
0.540669
0.477673
0.211099
