-0.412877
-0.652532
-0.163678
-0.797813
-0.576557
-0.465954
-0.425671
-0.560054
-1.24573
-1.11158
-1.29317
-1.08185
-1.24132
-1.07675
-0.634205
0.0129066
0.0950507
-0.233858
-0.427491
0.170468
-0.204477
-0.708491
0.170486
0.214414
0.536767
1.08341
1.33583
1.05878
0.956217
1.11839
1.65308
1.05468
0.763063
0.32494
0.779667
1.0766
1.26236
1.3546
1.5615
1.28131
1.37069
1.22591
0.891255
1.78097
2.00398
1.13245
0.776494
0.415202
0.50557
0.0564749
0.271733
0.116661
0.24281
-0.0502896
-0.331541
-0.89116
-1.17639
-1.5051
-1.22592
-1.72351
-1.05699
-1.10991
-1.22429
-0.770584
-0.359887
0.350891
0.574994
0.8812
0.102879
0.533849
0.393874
0.583494
0.474718
0.376324
0.752971
0.350317
0.0795698
-0.718244
-0.550063
-0.386176
-0.32648
0.084588
0.0422022
-0.168309
-0.726318
-0.990087
-0.383342
0.0966289
0.113285
0.15258
-0.483995
-0.71923
-0.821868
-1.24128
-1.70461
-1.46404
-0.704145
-0.103256
-0.0198722
-0.161541
-0.28088
-0.334025
-0.189872
-0.0990682
-0.238695
-0.509652
-0.591924
-0.773404
-0.587569
-0.0376981
-0.107945
-0.265763
0.147525
0.126673
0.0889482
-0.158614
-0.00590529
-0.622775
-0.407413
-0.604134
