-1.02761
0.562779
-0.0991793
-0.0753049
0.292858
0.957271
2.43132
-0.0310613
0.997381
-1.13235
0.635241
0.847159
1.06583
0.278032
0.38793
0.25331
1.30074
0.838534
1.78296
1.1935
1.44241
1.3057
-0.427686
-0.192308
0.604885
0.279229
0.222361
0.721557
0.7445
0.307441
-0.892499
0.829602
0.60905
0.592273
0.983042
-0.0711351
1.65561
0.198981
1.02474
0.408788
0.68966
0.0479963
1.406
0.518432
0.306236
0.859102
1.15155
0.0641333
0.62498
1.35431
1.04857
0.0455528
1.32219
0.344806
1.25699
0.454119
0.52455
0.426621
0.233453
-0.352877
0.891462
0.0331349
1.48849
0.135217
0.565426
0.0806197
1.8759
1.58606
0.64433
1.45083
0.643591
0.459291
0.616345
0.8618
0.52075
-0.0431203
1.01582
0.486286
-0.0493268
1.20198
0.944911
1.47354
1.55554
-0.0998294
0.90946
1.23575
1.02996
0.519139
1.07831
0.712374
-0.32668
-0.0109685
0.710462
0.935003
2.30262
0.722527
0.784673
1.08458
1.16673
0.377972
