1.59727
-0.056155
-0.0973651
0.59569
0.630499
0.949585
-0.170983
-0.205706
1.81717
0.721914
0.0177884
1.03714
-0.147498
1.15998
0.264218
0.423686
-0.0222827
0.911773
0.186646
1.27513
0.336624
0.193341
-0.305003
0.448288
0.0801147
-0.0610375
0.269756
0.463808
0.0291933
1.53875
0.250299
0.329688
0.896197
-0.170625
0.521395
1.13375
0.78053
-0.212001
0.1358
0.77547
0.47196
-0.607718
-0.157341
0.751194
0.620522
0.381497
0.739143
0.503136
0.85967
-0.177325
0.136988
0.648321
0.103258
0.38921
0.373851
0.882091
0.0432925
1.4811
0.799016
0.294599
-0.889053
0.106894
0.666673
0.639607
1.13126
1.07434
1.56486
1.83405
0.91805
0.930426
0.421127
0.184874
0.951691
0.076953
0.628442
1.29774
0.0997959
0.467728
-0.104954
-0.0593727
1.14892
0.0251028
-0.144003
1.2124
1.09965
0.172049
0.919663
0.246641
0.41244
-0.699765
-0.249022
-0.0168126
1.13662
0.279885
-0.0923697
-0.604682
1.80179
0.260358
0.254004
-0.398649
-0.142963
-0.272523
-0.0183588
-0.246827
0.18263
0.436366
0.0417945
0.0589485
-0.0775127
0.222498
-0.0591695
1.32948
1.26995
1.19913
0.39012
0.685014
0.513521
1.09146
0.825326
0.61199
0.0339063
1.06634
1.19102
0.293049
-1.33131
0.714734
0.507684
-0.459695
0.740143
0.637457
0.241592
0.427135
0.664076
0.33931
0.896447
0.76973
0.420977
1.12868
1.10234
-0.186516
0.134174
0.757147
1.26804
0.661408
1.09794
0.388788
1.15669
0.0551561
0.455336
-0.255857
1.04856
0.297989
-0.513043
0.867446
-0.140476
-0.153963
0.449619
0.49524
0.741858
0.772854
0.158245
0.0931923
-0.268218
0.11276
0.386061
0.884364
0.284314
0.399058
0.372399
1.13675
0.893007
1.0243
1.28027
1.02155
0.0257495
1.02176
0.695245
0.837852
0.759662
1.27297
0.606201
0.691248
0.742496
0.61602
1.10764
0.953826
0.707027
0.80528
0.251799
-0.167337
0.908295
0.893128
1.16038
1.5002
0.770901
1.40385
0.0503428
-0.0399212
-0.00813954
-0.147052
0.832716
0.905585
0.487528
0.534618
-0.0534025
1.10811
1.06029
-0.470053
0.19129
1.43772
0.459324
0.119719
0.378106
0.909525
1.7601
0.190275
0.223627
0.733994
0.555959
0.937127
0.581248
1.48602
1.30875
0.4645
0.103028
0.174523
0.698219
1.04749
0.996567
0.692424
0.710489
0.958436
0.474694
0.334477
-0.478646
0.217654
1.13649
-0.428089
0.0808439
0.209749
0.0778915
1.21285
0.0637256
0.991126
0.636345
0.361226
0.639145
0.0835419
0.980236
-0.545241
1.46379
-0.275512
0.348274
0.981959
0.170495
1.30065
0.237909
0.584307
1.23077
1.2352
0.92898
0.00844294
0.617666
0.377612
0.285904
-0.344214
0.63146
0.895361
-0.0344345
1.13836
0.738045
0.980674
0.689379
0.0578686
0.256498
0.706914
1.08564
0.766867
0.857114
0.196769
1.42004
1.5021
-0.0968981
0.856313
1.69412
1.32018
-0.310586
0.061817
1.66959
-0.505779
0.20477
0.723786
0.378679
0.767282
0.514862
-0.157352
0.174843
1.20357
-0.472521
0.90307
1.4402
0.331133
0.264049
0.974807
-0.596691
-0.639666
-0.37805
0.250042
1.11193
1.05481
1.22833
0.489249
0.491068
0.842868
1.2228
0.870324
0.613116
0.251852
-0.548804
0.859588
0.932089
1.12655
-0.287011
0.263482
-0.637686
0.403113
0.665172
0.631031
1.48502
1.09515
0.565061
0.486016
0.136735
0.753044
0.152165
-0.242546
0.687409
0.484653
0.991194
0.774747
1.3879
0.228921
0.585417
-0.0190777
-0.124911
-0.419456
-0.0294471
1.01207
0.0501863
0.0972664
0.476347
1.38762
0.487293
-0.726516
1.20891
1.37013
1.14891
0.280457
0.823809
1.50703
0.662358
0.576822
1.11084
0.976348
-0.506489
0.958677
0.369226
-0.205294
-0.349516
0.677615
0.357462
0.177446
1.33122
0.995532
-0.171085
0.500618
0.946123
0.787723
-0.00109379
-0.115104
-0.127732
0.416058
1.30572
0.690772
-0.638512
-0.0759466
1.00153
-0.57718
0.0916707
0.664951
1.35451
1.63964
0.784508
0.556211
0.367964
0.83958
0.106198
0.771816
0.730916
0.25525
0.298036
0.179897
1.21706
-0.803991
0.551308
0.137099
-0.106754
0.510979
0.766839
0.762154
0.522251
0.965282
0.316974
-0.664041
0.789803
0.332844
0.336492
-0.525102
0.890041
-0.528366
1.23613
-0.240727
0.373562
0.713175
0.477688
1.62365
-0.444095
0.858969
0.0411486
0.223564
1.11776
0.363878
0.450935
-0.685588
-0.466113
-0.218814
-0.124943
0.945859
1.08646
0.850046
0.486637
-0.169943
0.467693
0.737577
0.603706
-0.426342
0.167315
0.127894
0.483595
0.216333
-0.362538
0.536903
0.895357
0.408816
0.856292
0.869017
0.0572805
0.314857
0.699992
-0.255007
0.464363
0.975287
0.470276
-1.02113
0.0874595
0.490968
-0.0570131
1.19588
0.670436
0.0523189
-0.59665
-0.352824
0.460622
0.203715
0.775928
0.989054
0.739656
0.422137
-0.223546
-0.35852
0.831003
0.517687
0.160477
0.465546
0.159781
0.259426
-0.0518083
0.146636
0.648942
-1.30525
0.62114
0.338722
0.417985
-0.255024
0.656588
1.03381
0.510399
0.500304
0.0528282
-0.147022
-0.382464
0.552266
-0.0347512
-0.545528
0.449384
0.716385
1.1981
1.27028
0.972767
0.565734
0.200323
0.311387
0.0024346
0.4983
1.31783
0.778409
-0.538344
-0.0559557
-0.00294712
0.301564
-0.0290338
0.829607
-0.099536
0.985968
1.47014
0.527929
0.633773
-0.0675605
0.42068
1.00513
1.07321
0.891542
-0.550625
1.72394
0.928439
0.0989397
0.0551174
-0.13429
0.770247
-0.0588568
0.842684
0.876701
0.125312
0.771917
0.556864
0.320566
0.0953399
0.359392
0.355315
0.117819
0.531847
0.888926
0.381161
1.15018
0.0664051
0.00420725
0.711161
0.0907297
0.400042
-0.0189877
-0.477773
-0.648561
0.93204
0.60088
-0.139558
-0.0514374
-0.376449
1.0013
0.683194
0.351503
1.44828
0.633813
0.747047
0.000476003
0.169273
0.0441331
1.2468
0.159068
0.48918
0.797177
1.45797
0.476724
0.612731
0.898526
0.186651
0.861987
0.704978
0.944517
1.16052
-0.337713
1.28053
0.377506
0.476763
0.533716
0.814301
0.598228
-0.210726
-0.383602
0.585161
1.11758
1.00435
0.524278
0.661693
0.502016
0.345602
-0.384748
0.605245
0.982319
0.688868
-0.57206
-0.366657
0.457985
0.585935
1.55265
-0.686556
0.439303
0.153265
0.8093
0.591879
0.807592
1.55226
0.746704
0.365947
0.552065
0.639241
0.954149
0.496455
1.41492
1.0518
0.506768
0.5117
0.240934
0.752738
0.209195
0.200109
0.999991
0.203383
1.21503
0.196085
0.141323
0.285238
0.387275
0.123909
-0.144013
1.00618
0.974562
0.317293
1.76727
-0.315771
0.133003
-0.78068
1.03717
1.16229
0.490314
0.725844
0.562658
0.380253
1.1872
0.717924
0.279883
0.518879
0.204935
0.528184
-0.440724
-0.0275238
0.92708
-0.0542937
0.712177
0.00245949
0.813577
0.682371
0.0760414
0.860722
0.810087
0.308866
-0.144027
0.177924
-0.0165427
0.37388
1.59895
-0.126518
0.735773
0.472992
0.48883
-0.0537307
0.511922
0.623979
0.952093
0.216103
0.287947
0.44363
0.913505
-0.0188508
0.993328
0.253715
-0.0651647
1.54517
0.126427
-0.413005
-0.0933131
1.21086
0.879528
0.333518
-1.32926
-0.0353663
0.686672
0.244001
0.370179
0.305287
-0.486048
1.58996
0.203033
0.334956
0.308072
0.680934
0.875073
0.126949
0.629204
0.441091
-0.0306224
1.3742
0.739748
0.256249
1.32217
0.89052
0.96132
1.28373
-0.140888
0.0783438
0.392304
-0.199925
0.545915
-0.145113
0.566533
0.295504
-0.0948102
-0.915094
0.643271
0.887436
-0.588618
-0.50376
0.337272
-0.390482
0.293262
0.178014
0.00349983
-0.319134
1.0121
1.35696
0.446824
0.212515
0.675046
-0.401881
0.766133
-0.462067
0.91124
0.0453848
0.629345
0.177742
0.0343046
0.470358
-0.284733
1.20192
-0.996622
0.145783
-0.177025
0.722224
0.731177
0.348737
0.00783835
0.631471
0.677628
0.621927
0.203967
0.827372
0.910791
0.227103
0.302844
0.63161
0.044967
0.803167
0.326981
0.747741
0.399908
0.799263
0.314429
0.830495
-0.158268
0.361281
0.18998
-0.260126
0.385367
0.321044
0.598079
0.24644
0.0217997
0.184754
0.385379
0.927409
0.152466
0.13643
-0.234825
1.06755
0.692603
0.408912
1.04149
0.108551
0.662395
0.354974
-0.0553194
0.242047
1.4916
0.889758
-0.442098
0.706368
1.35558
0.290998
0.256914
0.423696
1.01168
1.47829
1.01693
0.862875
0.443691
-0.361793
-0.0628265
1.45451
0.655651
0.553658
-0.189167
0.650442
0.666401
1.69046
0.765412
0.589758
0.0238011
-1.10833
-0.0765594
0.838006
1.04431
1.29532
1.15831
0.576099
0.147538
-0.0402607
0.0510869
0.558576
0.788731
0.332005
0.361213
0.727956
1.05853
0.150486
1.07153
-0.554049
1.34664
-0.823813
0.601247
0.669641
0.220728
0.503328
0.395936
0.357542
-0.140267
0.856647
0.292676
0.0845576
0.113789
0.324176
0.742201
1.31024
0.627648
0.531288
0.771771
0.945183
-0.151084
1.10837
0.410416
-0.547714
-0.351555
0.444102
1.60128
0.358367
0.501298
0.788872
0.580774
0.318071
-0.0801527
0.988363
0.161077
0.623667
-0.518696
1.36594
1.15253
-0.218752
1.63379
-0.101019
0.728693
0.463437
0.607051
0.146556
0.674731
0.940758
0.537776
0.62001
-0.451813
0.371274
1.01468
0.708023
0.377207
1.02144
1.1785
0.295356
0.883537
1.31389
0.800006
-0.351584
0.9306
0.510191
0.528004
-0.0118593
1.48355
0.828128
0.0311562
-0.263093
0.228822
0.217046
0.910503
-0.0356813
0.563015
0.714262
1.32518
1.49838
0.484273
0.0628585
0.0297691
-0.385163
0.140782
1.02386
0.94013
0.250998
-0.845711
0.0949031
0.109273
0.499258
0.211497
0.563736
-0.484693
0.757259
1.02791
0.975797
0.280432
-0.408817
-0.0404564
0.166511
-0.104297
0.376251
1.04374
1.4141
0.437285
1.00785
0.0031482
1.4616
0.550472
1.201
-0.17027
0.704592
0.428666
0.161287
-0.00171187
1.26628
-0.0299218
0.414697
-0.1241
0.108426
1.83853
1.52243
-0.204017
0.541628
0.412448
1.58106
1.30525
0.507
1.15528
0.827201
0.760217
0.598637
0.787789
0.947401
0.819608
0.166098
0.383471
0.593641
0.0479584
0.925474
0.491527
0.232271
0.505248
0.733662
0.642638
0.946535
1.23554
0.0576043
0.798905
0.105172
0.129595
0.711826
0.23203
0.348541
0.318986
1.09677
-0.188581
0.0351156
0.128263
0.324487
0.512861
2.42452
0.196775
0.662415
0.165413
1.09766
0.663453
1.06958
1.47477
0.597412
-0.697424
0.217868
0.220733
1.21597
1.04285
0.311008
-0.342111
1.68588
0.714903
0.143227
0.467022
1.02409
0.74263
0.86242
0.655643
-0.351528
0.975655
1.18257
0.681829
-0.110586
-0.292952
0.920517
0.696153
-0.322467
-0.502819
0.470068
0.4037
1.07346
1.03587
0.00428335
0.739527
1.12413
0.973653
0.115345
0.273718
0.835906
1.24492
0.799541
0.0747242
-0.199515
-0.0815321
0.829875
0.186477
-0.317572
1.39159
0.323125
0.871922
0.925991
0.0917792
-0.0801914
0.865078
0.328174
0.62396
0.571528
0.456024
0.227688
0.0419529
0.754753
0.777609
0.47796
0.607462
-0.117771
0.478007
0.122925
0.0677845
0.434873
1.21486
0.928692
0.422518
-0.430446
0.781227
0.321662
-0.15101
1.29024
0.195663
0.179808
0.371173
0.670037
0.877676
0.997925
1.07387
0.351596
0.33421
0.883669
0.514212
0.922054
-0.0209061
1.21805
0.374921
0.485527
0.858164
0.337364
1.04467
0.790488
1.39965
0.588434
0.287101
0.801461
0.634393
-0.0161439
0.417554
0.380729
0.410481
0.353051
1.5803
0.516327
1.10752
-0.288807
0.553514
0.950764
0.562812
0.465469
0.684282
0.354353
1.14628
0.332956
0.185202
0.0423198
-0.466312
1.87151
0.789755
1.04786
0.260257
0.742242
0.952337
1.2909
0.386708
0.614056
0.429442
0.272517
0.17967
0.970394
-0.330063
0.734464
1.25721
0.532776
-0.548285
0.623912
0.98079
0.767229
0.389476
0.075669
1.39924
0.692408
0.559903
0.658419
0.922716
0.036978
0.654743
1.34983
0.176648
0.821363
0.0610084
-0.210077
0.448635
-0.25924
0.448268
-0.156214
1.10146
1.09311
0.908891
0.0338367
0.284094
-0.16257
0.575753
0.632301
0.52535
1.89356
0.276656
0.882071
0.419829
0.387225
-0.213952
1.13584
-0.254154
0.942928
0.677546
1.04125
-0.112276
0.575158
0.040648
-0.678094
0.29093
0.710955
1.14363
1.56401
-0.308629
-0.274451
0.0862005
0.693703
0.5998
0.750851
1.08715
0.80991
-0.0426817
-0.175749
0.326762
0.628316
0.668169
0.182162
0.645359
1.43563
0.941586
0.656857
0.343125
0.601934
0.639515
0.581667
-0.006369
0.138056
0.648966
0.313278
0.563792
0.223882
1.58991
0.522941
0.587107
0.614657
1.1121
0.753939
1.94149
-0.3276
0.784383
0.753566
1.46474
0.930335
0.845501
-0.590722
1.15845
0.366278
0.56003
-0.544944
1.43208
0.596606
0.821102
1.34291
0.963439
0.130082
0.171472
0.777597
0.693039
0.117732
0.706929
0.0204088
0.893084
0.078059
0.230901
0.319197
1.12492
1.06923
0.736927
0.731165
0.983295
0.16679
0.272758
0.646753
0.166549
0.632417
-0.0890346
1.10937
0.617619
0.793686
-0.602296
0.727144
0.549978
1.01455
0.581025
0.203531
0.54633
0.97312
-0.566507
-0.385923
1.18108
-0.0271765
1.53964
1.44936
1.75108
-0.564788
1.15196
0.925086
1.40602
0.14476
0.597536
0.324739
0.993437
0.502052
0.513576
0.660423
0.483987
0.249652
0.620549
0.285463
0.474078
0.95337
0.123345
1.20864
0.49216
0.463455
1.6758
-0.113882
0.132016
0.785849
0.390923
0.652481
0.22379
1.37103
0.44368
0.507816
0.769072
0.581709
0.680572
0.0528559
0.935047
0.95925
0.598034
0.56478
0.502199
0.831739
0.879454
0.913522
1.34442
0.0177601
0.948181
1.37744
1.01637
0.101847
0.528523
1.11877
1.23571
0.616184
0.182474
0.0757537
1.0329
0.698335
0.954691
0.547916
0.454955
1.30819
-0.0798559
0.825866
1.04547
0.833667
1.17497
-0.244401
0.388942
0.589114
1.00784
0.661648
-0.0846407
1.03117
0.64247
0.310215
0.669044
-0.0497769
-0.0558002
0.29304
0.271064
0.925914
0.911885
1.33926
-0.116293
0.839131
0.444756
0.178472
0.103273
0.276811
0.476549
0.307565
1.03888
-0.0975257
0.397131
0.411539
0.0859243
0.938424
1.42374
0.0448112
0.209941
0.581247
1.0761
-0.206491
0.0906821
1.05494
-0.0370264
0.708084
0.131515
0.907166
1.09122
0.621447
1.26662
0.695174
-0.842034
1.39653
1.42672
-0.274909
1.46549
0.0777064
-0.461679
0.850663
1.23598
0.957807
0.883935
0.326211
0.311049
0.752639
0.420498
1.01213
0.707603
0.181111
0.347647
1.19201
0.870884
0.140455
0.360535
0.508835
0.613692
0.540364
0.667184
0.612654
0.803437
0.21176
1.3026
0.435794
0.0910448
-0.146467
0.432233
0.0366833
0.541683
0.487891
0.192231
0.637269
0.541465
0.197206
0.433682
-0.95903
0.188307
-0.00573894
0.741499
1.56636
0.838213
0.130262
1.37906
2.0236
0.189859
1.07063
1.3136
0.578135
0.667706
0.935629
-0.00480409
0.254311
-0.294498
-0.0740369
0.123595
0.591321
-0.150058
-0.134527
0.794437
-0.62962
1.18348
-0.0271558
1.02962
-0.0251287
0.309161
1.16341
1.4041
0.737292
0.153787
0.905209
0.502389
0.808439
0.475942
0.396797
0.274125
0.367747
0.712977
0.399634
1.46409
0.0131323
0.137824
0.585942
0.0665547
0.516414
0.477495
-0.558603
-0.123663
0.287793
1.34125
1.32738
0.77679
1.37751
0.760891
1.26002
0.726516
1.14622
0.39424
1.01216
-0.0307147
0.511126
1.51229
0.0996073
0.78698
0.15314
0.00431552
1.12096
0.165674
0.998212
0.960882
0.349019
1.00084
0.508714
1.30176
1.18653
0.425647
1.35611
-0.599154
1.15698
0.897866
0.893785
-0.732634
1.32368
1.2715
0.893109
-0.452473
-0.372961
0.938553
0.33268
0.0400079
0.45981
0.0723802
0.0650885
-0.307673
0.74564
1.2851
0.766529
1.53765
0.440737
0.692014
-0.0121917
0.298009
0.986985
0.716353
0.493188
0.554317
-0.459432
0.581454
1.69509
0.119902
0.871124
0.0772431
0.518948
0.387094
0.861746
0.422549
1.29108
0.429479
0.839198
0.479464
0.547477
-0.0352694
-0.0251981
0.0769546
0.533498
0.1268
0.822844
0.0206969
0.867653
0.484538
0.36611
0.369518
0.193921
0.624336
1.0353
0.407533
0.96563
0.808054
0.886347
1.06934
0.377994
-1.01778
0.881445
1.49293
0.0948496
0.719416
0.671309
0.718397
-0.622867
0.33663
0.324479
0.102044
0.574325
-0.0586294
0.0227462
-0.0107995
0.53377
0.0852189
0.158716
0.755644
0.583162
0.476794
1.39487
0.147665
-0.375744
0.829251
0.122236
0.239395
0.353756
0.0525719
0.160723
1.51652
0.767495
0.937138
1.06577
0.981787
-0.096437
-0.511302
1.45552
0.657034
0.955055
0.0615687
-0.045814
0.206729
-0.692418
0.709396
0.991309
1.34411
0.186703
0.471017
0.808757
-0.977746
0.970213
1.16513
0.513445
-0.557943
0.88777
0.223919
0.644371
1.14299
2.09161
0.296117
0.332854
-0.784234
0.502381
0.128746
1.07667
0.815741
1.44213
-0.102127
0.364768
-0.13148
0.848228
0.592711
0.67935
0.250364
0.0586112
-0.290282
1.00769
0.279002
0.886388
0.193765
0.798063
0.450931
0.26768
-0.611846
0.694783
-0.35279
0.109035
0.358052
-0.000325775
0.922595
0.429331
0.630726
0.78528
1.07144
0.117092
0.638679
0.781613
1.37974
0.810922
0.236742
0.0401775
0.411193
-0.363704
1.54718
0.932565
0.364511
1.0312
0.00444833
0.587815
0.771212
1.0082
0.608211
0.43919
1.61375
-0.544123
1.11286
1.40127
0.195669
0.289798
0.541456
-0.32978
0.0258589
0.988152
-0.198478
1.09365
0.361244
0.231947
1.48506
0.520886
-0.442651
0.085981
1.13097
0.535602
0.413283
1.12028
0.313163
0.853632
1.36567
-0.19011
0.846228
0.615767
0.341628
0.80081
0.23955
0.505263
-0.848461
0.261198
0.940948
0.317711
-0.531963
0.527156
0.125402
0.986801
1.2229
-0.0901875
0.616916
0.415193
0.91701
1.1111
0.806698
0.439111
1.42849
1.28248
0.415024
0.733766
1.25243
1.26365
0.557084
-0.120364
0.225281
0.858793
0.363693
0.310733
-0.0737456
1.0626
0.790222
0.666199
2.13038
1.17024
-0.0800896
0.782495
0.234417
0.172986
1.65498
1.2557
1.29295
0.88051
0.82815
1.15466
0.457989
0.563496
1.47153
0.15282
0.718793
-0.0454293
-0.384932
0.758341
0.270889
0.0775177
0.152096
0.236299
1.04831
1.07689
0.24734
-0.123901
-0.334416
0.96721
0.166157
0.578815
0.186521
1.16163
0.820551
0.334596
1.1207
0.0700005
0.859107
1.96796
0.79585
1.12033
0.60719
0.523639
1.31025
1.7518
0.428728
1.01656
0.419144
1.63841
0.916143
0.776057
0.838495
0.0955608
0.227199
0.339122
1.00836
0.457602
0.720034
0.508929
0.0647366
-0.895459
1.01516
0.180685
0.701244
0.252172
0.286376
1.59635
-0.639786
1.11247
0.209285
0.175818
-0.518364
-0.464302
0.968029
0.185466
0.278309
0.512618
0.727771
0.830737
1.01334
0.531422
0.751732
0.0167915
0.481582
0.982398
0.610818
0.500869
0.59801
1.65543
0.663747
0.730988
0.262415
0.696202
0.535182
-0.114884
0.330289
1.07144
-0.0233379
0.973358
0.410882
0.66724
0.237937
0.843543
0.90434
1.00134
-0.0676101
-0.436804
-0.125366
1.05941
0.312369
0.119476
-0.297937
0.475143
-0.0626029
0.701712
0.408979
0.015332
0.707702
0.124233
1.53917
0.190915
0.226602
0.423687
0.647528
1.05841
0.488546
1.67971
1.14226
0.256797
-0.110819
1.42025
1.34732
0.163996
0.284703
0.733126
0.785981
0.0329656
0.373267
1.14684
0.295644
1.46685
-0.225361
0.902237
0.267537
1.41489
0.106714
0.827415
0.654678
1.36212
-0.424816
1.34332
0.658273
0.0195446
-0.0944491
0.37863
0.945883
-0.184938
0.146518
-0.0489378
0.869585
0.834917
0.511884
0.473939
0.369381
0.943966
0.370263
-0.643865
-1.14334
1.24744
0.874396
1.32784
0.45064
0.245578
0.508219
0.617217
0.428061
0.516665
-0.873275
0.194272
-0.349304
0.534697
0.833488
-0.539276
1.03236
0.65575
0.44769
0.490445
0.0461082
1.05038
1.04569
0.538944
0.138561
-0.0170282
-0.354993
-0.152569
0.352161
0.926368
0.942355
-0.861617
0.931036
0.195983
0.253157
0.131022
-0.34112
0.414389
0.473875
1.67728
0.557198
0.718047
0.380487
0.279448
0.574544
-0.628212
-0.702386
0.860051
0.471649
1.23564
0.843507
0.533
0.842792
-0.0379614
-0.000839549
0.448874
0.273709
-1.0901
0.634201
0.810437
0.160564
0.154242
0.387645
1.17102
0.332654
0.46673
0.230242
0.643029
0.700083
1.1426
-0.00802695
-0.625922
-0.19309
0.113282
1.02318
0.408191
0.644685
-0.108305
0.488065
0.811368
0.00891293
0.93229
1.00832
1.1421
1.14992
1.0745
1.83749
0.908664
0.946908
0.29556
0.905068
0.623221
1.606
0.692024
0.420956
-0.398039
0.017689
0.132959
0.735918
0.987616
0.344729
0.552484
0.513761
0.0724984
1.32215
0.00998839
1.58464
0.361882
0.928532
1.4503
0.901913
0.275389
0.388142
-0.296549
0.354198
1.08024
0.048042
0.591596
0.810282
1.12663
-0.366952
0.096212
0.395848
-0.373654
0.779342
1.18687
0.556177
1.24673
1.10571
0.397515
0.338258
0.863252
0.733635
0.143585
1.41832
0.717441
0.963415
0.735514
0.922924
0.425631
1.55467
0.879536
1.1493
0.401249
0.0422538
1.34652
-0.0984871
0.816059
0.905374
-0.116911
-0.30167
0.953565
0.0227335
1.1897
1.14017
0.00881172
0.0862221
1.78143
0.434377
0.52081
-0.120197
0.440289
-0.349981
0.842931
0.29631
0.297011
0.242285
0.67465
0.535112
0.114854
0.344743
-0.859946
-0.0904019
0.80632
0.409226
0.274226
0.948163
0.479441
0.722088
0.515984
0.459017
0.28919
0.584329
0.581437
1.4907
0.287628
0.387449
0.98958
0.98578
0.904713
0.893839
0.555714
1.23084
1.18592
1.01422
0.16607
0.959448
0.880286
0.277305
0.647664
0.713571
0.624438
1.76977
1.03423
0.652676
0.411474
-0.433799
0.107617
1.20267
0.754929
0.227346
0.948703
0.484083
1.2375
0.271628
0.357308
0.066055
1.03308
0.217351
1.06251
0.209403
0.427576
-0.162758
1.16714
0.744037
1.21812
0.246215
0.997085
0.404422
-1.05379
0.215532
0.47302
0.128183
-0.244371
0.287621
-0.0037928
-0.574306
0.398516
0.82859
0.647997
-0.0303202
0.371299
0.64095
-0.0901984
0.732405
-0.331057
0.283488
0.58154
1.37446
0.500154
0.306421
-0.430438
0.57196
0.37985
-0.820136
-0.415309
-0.0533706
0.0978432
0.555905
0.743368
1.25336
0.56238
0.638796
0.207797
0.441157
0.942883
1.03779
1.00651
0.469218
0.863783
0.919951
0.689281
0.300136
0.1108
0.515133
-0.188864
0.819547
0.837344
0.774389
0.852369
1.14043
-0.331652
1.22108
0.243635
1.07064
0.501265
0.0639965
1.36089
-0.13104
-0.410238
-0.342622
1.47015
0.376217
-0.328239
0.465863
-0.618246
-0.383986
0.981053
0.291113
1.18685
1.32652
1.22645
0.414304
0.755775
0.530126
0.455609
0.848941
0.104662
0.894876
0.33616
1.28936
-0.246249
0.866199
0.275368
1.47681
-0.138545
0.534302
-0.159902
0.939106
0.193826
1.13802
0.232845
0.323732
0.619092
0.585496
0.851952
1.1918
0.968055
0.0798279
0.708759
1.04872
-0.654075
-0.59778
0.438473
1.1748
0.0860216
-0.377925
0.471315
1.28213
-0.693448
0.48022
0.0676676
0.965894
-0.405108
0.0911051
0.983344
0.545881
1.34568
0.390907
1.21281
0.842422
0.00241582
0.662479
0.519052
1.01994
0.929421
0.403858
0.296297
1.10307
-0.662541
-0.0365243
1.10904
0.793996
-0.388915
0.661906
0.361649
0.867802
0.813842
0.0586665
-1.01956
1.12416
0.0422909
0.568656
0.698432
-0.33107
0.00270006
-0.121636
1.54275
0.928872
0.310317
1.4573
1.26267
0.086285
1.14979
-1.01761
0.481624
-0.277821
0.836186
0.359829
1.00078
0.647396
0.0597616
0.164415
0.85664
0.903336
1.4566
0.171083
0.98011
-0.175199
0.11471
-0.16772
0.426051
1.04456
-0.263843
1.15239
0.954972
0.771906
0.323739
0.906117
0.614575
-0.1146
0.695611
0.784426
0.940229
0.210283
-0.483924
1.11054
0.543721
0.522831
0.193852
0.419637
0.31666
0.476956
0.866876
0.158154
-0.566904
0.343279
0.727518
-0.0275716
0.298244
0.593361
1.32848
0.19896
0.356191
0.194407
0.578755
-0.129018
0.000643701
0.941459
2.14137
0.790947
-0.19145
0.742673
1.17906
0.19629
-0.471099
0.642984
0.548901
0.867873
0.455053
0.451073
0.629514
1.2221
0.868774
0.638883
0.203221
-0.0250251
0.714126
-1.22166
0.103451
-0.219273
-0.0477153
0.796
0.914001
-0.747729
0.818399
1.46368
1.65395
1.23713
1.39625
0.761914
0.480077
0.736337
-0.75406
0.249173
0.146772
0.129421
0.627601
0.373909
-0.187094
0.256648
0.888687
0.535895
0.0344095
-0.0132394
1.32734
-0.213558
-0.178923
0.626611
0.371879
0.474018
-0.144152
0.4507
-0.0977009
-0.0544429
-0.142513
1.23471
0.970408
0.177998
0.770049
0.544275
1.05165
-0.361886
0.733729
0.49721
1.18031
-0.0511414
0.822501
1.12466
0.405405
0.247884
0.654426
0.460288
0.914611
0.876561
-0.951751
0.355963
1.10318
0.748642
0.386666
-0.605825
0.52417
1.01758
0.702338
1.05591
0.907972
0.171682
-0.902047
-0.816934
-0.123573
0.316985
0.63451
0.806795
0.930582
0.30067
0.233485
0.941887
1.06156
0.0510608
1.59062
0.614832
0.327148
1.1621
0.900832
0.627016
1.38856
0.441854
-0.445899
0.510202
0.621792
0.468306
0.409873
-0.202499
0.686398
-0.449829
1.22385
-1.45922
1.15658
0.0547289
0.534651
1.08798
0.298476
1.07367
0.127768
1.10858
-0.31745
0.487772
0.457299
0.591853
0.628044
1.03134
1.05336
-0.542204
0.11665
0.74678
-0.399303
1.03915
0.578708
0.414641
-0.124104
0.790101
1.95138
1.0156
-0.0752603
-0.511478
0.0364214
1.41305
0.208042
1.39665
0.595527
0.357942
0.339118
0.225285
0.981836
0.344696
0.78689
1.17575
0.0173962
0.248941
1.05144
-0.598215
0.876022
0.765642
0.276373
0.938112
0.858682
0.48052
0.36357
0.674695
-0.140284
0.194429
0.124976
0.451867
1.10915
0.606459
-0.18306
-0.85267
0.401877
0.476602
1.41163
0.762308
0.661266
0.127384
0.378472
-0.0857869
0.933898
0.59366
-0.00848458
0.894824
0.254746
-0.593663
-0.417289
-0.153216
0.122882
0.523066
0.801212
0.672373
0.398767
0.72504
0.147717
1.266
0.501971
1.1336
-0.00991045
0.939051
-0.290716
0.555567
0.871476
-0.19906
1.58929
0.683972
1.12465
-0.448635
0.783073
0.654027
-0.116681
0.0925985
1.26076
0.263313
0.604031
1.10119
1.25972
0.674262
0.502803
0.754791
0.726044
0.746316
0.8131
1.16848
-0.262609
0.672412
0.192338
-0.0510212
0.760004
-0.0290984
0.058848
0.47019
0.579045
0.365012
1.17165
1.01136
1.25996
1.04979
0.587174
0.292569
0.222244
1.16921
0.121478
0.268412
0.794954
0.612636
1.20708
0.123735
0.918282
0.198543
1.33223
0.643185
-0.108221
0.547647
0.473561
-0.0399147
0.71275
1.05324
0.678439
-0.0441728
0.255532
-0.728692
-0.179819
0.934632
0.565624
-0.565146
-0.0126979
0.392008
0.571789
0.479696
-0.00195955
0.0584164
1.02167
1.51145
0.550662
-0.0776152
-0.231713
0.353251
0.255779
0.587321
0.312728
0.620227
0.427731
0.307618
2.05288
0.234855
0.566398
1.09549
0.0114534
1.22423
0.44342
0.849789
0.132939
0.295446
0.368599
0.959949
0.0957406
0.572852
0.377607
-0.199525
-0.0482222
0.436981
1.54128
0.430631
-0.249721
0.452463
0.618278
0.88716
0.689037
0.522789
0.51566
1.03194
1.75145
0.701242
-0.342468
0.198799
0.482393
1.6221
0.0454319
-0.751417
0.794083
-0.187985
0.568172
-0.255829
0.387916
0.496555
0.781015
0.978857
0.38304
0.293813
1.67366
0.554446
0.10705
0.681808
0.211408
1.94046
-0.0436389
2.0937
0.673394
0.341646
0.174211
0.908319
-0.547803
0.48774
0.632452
0.11167
1.14341
1.27783
0.384828
-0.013166
0.855059
0.94471
-0.854833
0.615016
0.760739
0.349098
1.55616
0.389256
0.954277
0.011346
0.245196
1.13038
1.14816
1.01962
0.742983
-0.726722
-0.0206764
1.05582
1.20683
-0.959781
1.00506
-0.550304
-0.203172
0.784474
1.35722
0.91867
-0.00688857
0.908978
-0.561342
-0.640549
-0.198179
0.677288
0.400786
-0.451597
0.426507
0.0267596
0.381232
0.0374935
0.801771
0.728579
1.02628
1.21803
0.437886
0.711489
0.668177
-0.246073
1.06871
0.0769566
1.2635
0.857352
1.91271
-0.229214
0.348596
0.219719
1.19911
0.87272
-0.133211
-0.539762
1.09706
0.938046
1.16362
0.696286
1.14763
1.02907
0.656992
0.396644
0.621323
1.75421
0.195997
1.10506
-0.448131
0.730393
0.278405
0.211021
0.0849774
0.892166
0.0236485
0.0673315
0.227814
0.813331
1.0775
0.375893
0.680153
0.798285
0.409339
0.706259
1.10595
1.03266
0.773244
-0.0564575
-0.122298
0.392212
0.864411
1.13029
0.723293
0.235352
0.471243
0.162055
0.278547
0.562529
0.266302
-0.165418
1.08751
1.0649
0.843277
0.81226
0.618528
-0.0821669
-0.523285
0.481422
0.417804
0.839703
1.35606
-1.06042
1.07716
-0.302294
-0.145735
0.331397
0.515991
0.376677
0.350496
-0.556158
1.326
0.549881
1.24472
0.546073
0.455726
0.140977
-0.335317
0.979716
0.529631
1.24418
0.295094
-0.400495
-0.486462
-0.22782
-0.224912
1.06073
0.654379
-0.152002
0.822727
0.743477
0.649156
0.48633
0.450137
0.741706
0.669512
-0.397091
0.317432
0.959594
0.79398
0.316514
0.577451
0.669947
1.082
0.731926
0.35842
0.488239
0.147344
0.135451
-0.470001
0.295112
-0.274923
0.601822
1.85328
0.771579
0.384229
-0.134671
-0.549816
-0.307133
0.932848
0.57447
0.38011
0.246007
-0.450684
0.748085
0.0835817
0.757508
0.342879
-0.0211737
0.794323
-0.154346
0.576625
-1.14296
0.736461
-0.062541
0.943243
0.244035
0.546747
0.58259
0.56606
0.791034
0.970703
0.345648
0.421441
1.45244
1.02748
1.39379
-0.894441
0.316916
0.242031
0.380408
0.430307
0.721788
0.593541
0.323729
0.790292
0.0961904
0.84265
0.810521
0.772074
-0.0318847
0.0968536
0.413779
0.264223
-0.0479986
0.0207569
-0.418722
-0.304498
0.770574
0.352952
0.619174
0.347944
1.33922
-0.275561
1.29035
0.539589
0.773142
-0.121676
1.49766
0.608666
1.15676
0.501875
-0.15826
1.38319
-0.623764
1.2694
0.42293
0.22797
-0.0485465
0.348198
0.385135
-0.120679
1.71792
0.506715
1.03555
-0.0460533
0.440462
1.10679
0.317366
0.387001
0.92116
0.456055
0.0157287
-0.618738
1.08152
