0.516565
0.203716
1.04656
1.36288
1.0098
0.801538
0.717584
0.377809
0.0743636
0.559874
0.170673
0.841788
-0.0529862
0.278514
0.662418
0.155921
0.854216
0.877267
-0.761566
1.13219
1.21594
0.736267
1.23261
0.62594
-1.47603
0.0225161
0.627737
0.197565
1.38299
0.669212
0.909816
0.323534
0.0534891
0.849334
0.766214
0.98276
0.93113
0.913941
0.468313
0.781292
0.492467
0.527476
0.561362
0.683736
-0.52122
1.42888
0.485818
0.630398
0.477405
0.0498708
1.36142
0.703393
0.472668
0.812194
0.609628
0.270457
0.0809536
1.1444
0.948608
0.401207
0.657113
-0.0530652
0.195711
0.41919
-0.132834
0.0326007
0.0299221
0.577712
0.519225
0.598444
0.263149
0.344654
0.531636
1.2594
0.1794
1.18022
0.0817808
-0.128933
0.290805
0.0372308
0.313938
0.847048
1.2273
0.844606
0.119508
0.149112
0.393383
2.23586
1.34393
0.889826
0.0774504
0.791212
-0.485709
0.177774
0.622132
-0.962769
0.0086939
0.232153
0.481908
1.30393
0.289023
0.273425
0.0602372
0.810003
0.368408
0.204574
0.672222
-0.13562
0.465351
0.478884
-0.812676
0.453904
0.981818
-0.255351
0.0824636
0.845073
0.497414
0.905733
0.551038
0.640748
-0.00554816
-0.214925
0.336095
1.16336
-0.567474
1.00913
0.0796516
0.709223
1.1113
-0.745842
0.905366
0.625084
0.579933
0.455409
0.886694
0.505879
0.99231
-0.0177938
0.521056
0.693159
-0.551831
1.05503
0.965464
0.135395
0.650446
0.836763
0.419329
0.367766
0.784963
0.760479
1.09565
-0.238102
0.810342
0.920581
0.753999
1.16922
0.00229165
0.761723
0.508201
-0.560414
0.271982
0.642965
-0.290066
0.262899
-0.0688603
-0.927894
0.875032
0.578787
0.245445
0.79131
0.721755
0.984073
0.447049
0.466269
1.34687
-0.18286
-0.269159
1.52281
0.165187
0.455511
0.902911
0.652672
0.354594
0.122161
0.149197
1.09952
0.375206
1.05017
0.0759617
0.801458
1.43351
0.769785
0.229936
0.473136
0.840885
0.713004
0.559252
-0.0506734
0.922671
0.777313
-0.107336
0.841015
0.32082
0.349167
0.145326
1.41209
1.80904
0.843173
0.462729
0.280185
1.39195
0.744796
-0.240598
0.738691
0.358643
1.07509
0.682031
0.478545
0.53064
0.713345
0.436634
-0.00664411
0.374489
0.579483
0.463581
-0.251969
-0.0440069
1.1992
0.601654
0.549538
0.0268621
1.45194
0.29439
0.554769
0.465935
-0.375074
1.13921
0.434828
-0.497219
0.342653
0.184851
0.103175
0.121608
1.18511
0.23835
0.303141
0.243468
-0.272294
1.21979
0.088997
1.22559
1.31461
0.999882
0.736456
0.968895
0.804791
0.360451
0.0432564
1.07254
1.042
0.453466
1.11018
0.442778
0.912021
0.481733
-0.0445926
0.337446
0.957578
0.811927
1.09054
-0.0903772
0.925414
0.845796
-0.403456
0.0127956
-0.834848
-0.157151
-0.79939
0.651354
-0.501425
0.108762
0.960115
-0.496778
-0.291666
0.0512517
0.422394
-0.57881
0.632534
0.539084
0.490174
0.527088
1.09999
0.805938
0.697347
0.23315
0.276084
1.19986
0.529779
-0.245263
1.29665
0.0945746
0.838071
1.08898
0.29326
-0.215027
0.0837535
0.989126
-0.148323
0.60031
1.30827
0.322189
0.376733
1.03498
1.60269
0.533968
1.02848
0.272197
0.478823
0.384957
0.0590363
0.679109
-0.177579
-0.0794116
1.16377
0.488079
-0.0444808
0.334641
1.01673
0.765675
0.168691
0.293662
0.602056
-0.226958
0.796273
0.319338
0.0322925
-0.238719
1.46476
-0.167637
0.429972
0.538661
0.756634
1.14886
0.650626
0.507387
1.1064
-0.265963
0.349154
0.788486
1.59058
0.630222
0.899105
0.50571
-0.120981
0.773186
-0.318197
0.0854337
0.0974273
1.45118
0.485704
0.651903
0.0581146
1.1353
0.362785
0.312201
0.410853
0.934012
1.23881
0.296338
-0.34758
0.80877
0.754148
-0.0353401
0.180288
0.742276
0.425033
0.953393
0.558367
0.910239
1.27883
-0.7025
1.21336
0.841627
1.04135
0.305161
-0.967542
1.18125
-0.25502
0.533437
0.403822
0.609517
-0.0810471
0.667017
1.38375
0.369588
0.825379
1.30359
-0.68008
0.256113
1.06421
0.950831
1.68147
0.386237
-0.0944243
0.0194085
0.126914
0.05036
0.155028
0.698869
0.364984
0.413627
-0.0747418
0.534036
-0.037273
1.40496
1.06978
0.806527
0.382996
0.551135
-0.299872
0.215782
0.300489
0.661004
-0.214364
1.14613
0.237387
0.381008
0.233895
1.42766
-0.0706881
0.935483
0.0833763
0.489157
0.219975
0.0214354
-0.0697101
0.817029
1.06353
1.47731
0.937422
1.37744
0.455262
0.846623
0.343031
0.798901
0.108939
0.819653
0.37814
0.209507
1.07539
0.896758
0.474561
1.39565
0.822
0.605703
0.0788428
0.283612
0.276207
0.477154
0.79914
0.799632
0.339119
0.0300239
-0.039985
0.700041
1.42543
1.07814
0.130608
0.863639
0.820084
0.52272
0.842953
1.3053
0.237465
1.1122
0.11193
1.53974
0.276078
0.922329
-0.0595183
-0.344883
0.670052
1.09986
-0.127058
0.542567
0.336874
1.03088
0.846879
0.102523
1.06268
1.18891
0.756585
1.05709
0.410125
0.0918837
0.403761
0.586111
1.84333
-0.277754
1.23769
0.545743
0.713109
0.320434
0.0522812
0.269189
-0.152872
0.604862
0.723088
0.879438
0.280772
-0.518144
0.553142
0.358936
0.394058
1.30004
0.799179
0.409685
0.877687
1.28834
0.543683
0.68347
0.223318
0.0940231
0.730509
0.37624
-0.459634
-1.09463
-0.327809
0.273626
0.518717
-0.899619
1.21681
0.49775
0.770201
0.96529
1.05812
0.0442454
0.563896
-0.574605
-0.0886795
0.497912
0.650093
-0.558861
1.36187
0.714682
-0.116971
0.0686953
0.600788
0.810826
-0.172606
-1.11468
1.30908
0.519368
-0.308258
-0.306191
1.33073
-0.581459
0.47655
1.65065
0.459025
0.558208
0.190986
0.0939416
-0.141628
0.729641
0.679127
0.729396
-0.728468
0.772068
1.74842
0.770806
0.572717
1.65734
0.110325
0.901745
1.6829
1.27451
1.04246
0.834716
0.772445
0.798661
0.695667
1.14429
0.286359
0.284615
0.533443
1.31861
-0.303826
0.737036
0.91507
-0.287401
0.250585
0.953628
0.935221
0.76051
1.21113
-0.178309
0.827795
0.792216
0.897438
-0.0512243
-0.306379
0.614355
0.115756
-0.361311
0.600157
0.314565
-0.323491
0.68129
0.655273
0.522342
0.537037
0.691303
0.244452
0.0309501
-0.0570773
1.13657
0.998437
-0.981299
0.627809
0.265723
0.742353
0.268525
-0.0220012
-0.248373
1.29965
-0.599191
-0.0898715
1.30458
0.414439
-0.433723
0.235022
0.491299
0.75861
0.984137
0.332175
0.770081
0.738098
0.991711
1.49263
1.47163
0.813027
0.40454
0.280432
-0.186036
0.794911
0.0650527
0.429391
0.319065
1.14875
0.85033
1.09537
-0.475197
0.571907
-0.709274
0.471914
0.174322
-0.0649236
1.56021
0.574405
0.764677
0.0288916
0.359895
-0.327942
0.308348
-1.2458
0.519503
0.0313018
-0.0262821
0.0101319
0.474889
0.863767
0.10212
0.147549
-0.355262
0.818499
1.78027
-0.3303
-0.517771
0.436179
1.01618
-0.304514
0.609516
-0.121974
0.0952123
1.55212
1.16973
0.751554
0.940421
0.394584
0.201363
1.00523
1.02313
1.19367
1.19482
0.262987
0.182283
-0.0730586
1.24509
0.854402
0.499433
1.13349
0.433365
1.19012
1.11159
0.0891737
1.26585
0.0255569
0.8987
-0.327243
1.3082
0.349132
1.61246
0.885477
-0.0778965
0.542221
0.910297
0.764668
0.301202
1.14909
0.420135
0.381278
0.653472
-0.221464
-0.300976
0.420537
1.17408
0.396318
0.562072
0.129334
0.778628
0.392226
1.14138
0.609621
-0.477655
0.0662995
0.391599
0.0766914
0.592596
1.23442
0.425635
0.564883
0.419665
0.155228
1.21649
0.619571
0.372534
0.144829
0.229145
0.622882
0.815294
-0.107939
0.132151
-0.0550149
0.0509223
0.77698
0.254768
0.986199
1.50468
0.523163
1.12438
0.259024
1.47012
0.498693
0.821185
-0.00286993
0.696205
-0.0147667
0.329334
0.840096
-0.485381
0.799141
0.0521814
-0.414635
0.856724
1.19695
0.429251
0.369661
-0.35412
-0.15846
0.243095
0.961621
0.168712
0.088151
1.07432
0.102741
1.25786
1.05393
0.925841
-0.646548
1.62962
0.713687
-0.231854
-0.13323
1.34966
0.696542
0.346251
0.367757
0.0285197
0.805101
0.613031
0.168295
0.304395
-0.308227
0.274234
-0.0776509
0.547524
-0.284777
0.576973
0.469407
0.293947
1.03652
-0.125372
0.2812
0.266174
-0.409743
0.630071
0.692828
0.394669
0.695587
-0.292439
1.10572
0.222699
0.27914
0.0544927
0.0500864
0.842301
0.571755
-0.189437
-1.28273
0.636199
-0.196749
0.970359
0.696692
0.340354
0.645803
0.561217
0.0635606
0.497201
0.236032
0.66501
0.322301
0.329933
0.992884
0.855145
0.443175
1.34934
-0.457371
0.641585
1.33025
-0.0898202
0.896812
2.3591
1.09602
0.466014
0.346047
0.71097
0.10544
0.428426
-0.646519
0.346279
-0.480008
0.37609
0.404356
0.301809
0.183416
1.35943
0.824093
1.00767
0.696628
0.475789
0.572233
1.40847
0.889911
1.01181
0.792578
0.512652
1.06025
0.233873
1.13607
-0.260841
0.445782
-0.0568381
-0.38476
-0.126436
1.55394
0.721611
0.36868
0.798255
0.860764
-0.262536
-0.338052
0.68976
0.85931
0.554058
-0.659565
0.875368
0.988012
1.16969
0.184045
-0.419355
0.226955
0.645747
0.230935
0.961097
0.953729
0.543449
0.316487
0.248114
0.0158678
0.0598752
0.863563
0.808289
1.00659
0.934452
1.04758
0.339502
0.220161
0.212058
0.689372
0.333436
0.418472
1.01263
-0.182581
-0.159412
0.565791
0.511063
0.706684
0.129948
0.894958
0.927133
1.31801
-0.134239
0.40684
-0.0124849
-0.150949
-0.21859
0.971013
0.969914
1.03427
1.00282
1.11391
0.482576
0.691191
0.667434
0.438428
0.379547
0.0788186
0.577857
-0.416994
0.35422
1.23857
0.476785
0.797847
-0.305939
1.27149
-0.0702107
0.809707
0.626784
0.19564
0.132495
0.396659
0.615341
0.0783727
0.659959
0.956654
1.12227
-0.0582333
0.228359
0.262132
0.347622
0.187492
0.908415
-0.158734
0.211246
0.660315
0.174061
-0.589433
0.6964
1.53116
0.179008
-0.464547
1.08817
0.552346
0.619284
0.446897
0.0429115
-0.0166427
-0.0276369
0.108477
1.45218
1.32032
0.301126
0.0988824
0.253481
0.305186
1.21475
0.462742
0.755658
-0.0455971
0.66302
-0.43541
1.14916
1.24763
0.72115
1.31146
0.979133
0.508037
0.663774
0.456797
0.779938
0.0583807
1.39212
1.10151
1.32917
1.14532
0.804537
0.882357
0.0513205
0.425952
0.98079
1.2861
1.39149
0.670228
0.950236
0.666218
0.148178
0.507559
0.169175
0.575031
-0.120591
0.740252
-0.253266
0.2288
0.109934
0.386983
-0.590662
1.62969
1.08761
1.3439
0.350729
0.223993
1.04349
0.118367
0.535268
0.390481
-0.839258
0.601073
0.868418
-0.40177
0.688011
0.041675
0.544586
0.474867
0.833513
0.716025
-0.626061
-0.138776
0.774037
0.282779
0.326782
0.751742
1.27767
1.63031
0.705005
0.704889
0.401411
-0.380416
0.501459
1.17401
1.14828
0.33234
0.312131
0.689168
0.839938
1.01416
0.989473
1.54167
-0.724161
0.877071
0.415298
1.0904
-0.0533386
0.940728
0.669618
0.724513
1.17794
0.446079
0.328969
-0.119941
0.586447
1.59181
1.2911
0.909214
0.914602
1.03706
1.28608
1.17156
-0.68345
0.432586
-0.0762376
0.209824
1.33059
0.752576
0.504383
0.541624
0.849414
0.251977
0.522591
1.04648
0.282509
0.815138
1.11518
1.49587
0.128898
-0.245098
0.425848
0.229239
0.115682
1.19828
0.503261
1.2545
1.80118
0.863314
0.197294
-0.23966
1.17062
0.104109
-0.37547
0.444671
0.762149
0.336109
0.134949
0.765695
0.851879
0.880278
1.07888
0.480703
0.249864
0.383496
0.819839
1.01182
1.38311
0.684787
0.28302
1.04142
1.1736
0.700362
1.17901
0.557779
0.604143
1.28479
0.388389
0.709343
1.47649
0.990421
0.951587
0.537141
-0.100957
0.574824
0.552957
0.339905
0.473157
0.607454
0.199714
0.269989
1.0224
0.30416
0.859888
1.35564
0.70477
0.755059
0.0840095
0.222322
0.854293
0.715924
0.31436
0.938911
-0.313193
0.647431
0.191462
0.931995
0.526805
1.22129
1.07609
0.0437687
0.551191
0.219076
1.17927
0.32563
0.624248
0.191918
0.369204
0.49239
-1.00534
0.817098
0.978827
0.508661
0.330348
1.09718
0.483148
-0.214363
0.488454
-0.415405
0.0994297
0.860022
1.21878
0.211978
0.271802
0.879011
0.391151
1.441
0.949675
1.2328
0.744186
0.043866
0.780629
0.785727
0.115687
-0.148389
0.372038
0.597771
-0.0442303
1.07591
0.75123
-0.0339791
0.630665
1.08776
0.879553
1.0041
0.582732
0.978736
0.22308
0.626493
0.574579
1.01533
-0.0672088
0.657971
-0.722855
0.217068
0.711283
0.0230054
0.30164
0.52772
0.547553
0.83973
-0.0382901
-0.178971
1.21676
1.28532
0.945579
0.50358
0.675318
1.16406
-0.277062
0.939288
0.77535
1.0396
1.58732
1.40448
-0.571897
1.66464
0.847938
0.787489
1.10876
0.0824752
0.825753
0.428285
1.32596
1.58262
0.0724514
0.194757
0.639143
-0.0364684
-0.92171
1.05011
0.567062
-0.0469667
-0.133137
0.510928
0.738019
-0.559419
0.636319
0.487004
0.931986
1.21249
0.204473
0.885144
0.154341
0.303912
0.610712
0.719393
0.466732
1.39998
1.0575
0.636345
0.0870134
1.0771
-0.926831
1.15063
0.706784
-0.127618
0.108687
0.89867
0.0439175
0.17029
0.428009
0.0834066
0.741002
0.284729
0.197162
0.476077
0.594148
0.152404
0.501159
-0.495319
0.214579
0.0697916
1.07206
0.721173
-0.402996
0.761964
0.0808372
-0.0655029
0.0189848
1.46079
0.621213
0.777109
0.18799
0.0589683
0.446696
-0.195856
0.023873
0.72579
0.367082
0.682285
-0.129151
1.41502
0.255432
0.22947
0.0310857
0.18881
0.394929
0.767386
1.17189
1.4479
1.2963
1.35869
0.286126
1.27357
1.104
1.2134
0.207904
0.534924
1.21852
1.0485
-0.51154
1.02122
-0.0333525
1.10882
0.693951
0.291069
0.221566
0.0702786
0.63874
-0.0349384
1.11767
0.923188
1.17286
0.127524
0.211493
0.22274
1.94453
0.459026
0.946169
0.47007
0.378584
1.209
0.721203
0.42895
0.482143
1.01902
0.520209
0.477622
0.822146
-0.0871945
0.817505
0.278019
-0.140826
1.07047
-0.00973536
0.549656
1.21612
0.564978
0.481615
1.04738
0.579263
1.48261
0.166053
0.804156
0.845075
0.729967
0.253461
0.774945
0.420883
0.377507
-1.40166
0.579526
0.900879
1.42924
0.733884
0.726007
0.877345
0.932526
0.926566
1.68144
0.353384
1.00868
0.956065
-1.12382
0.630063
0.241323
0.0952828
0.531768
0.716912
0.615296
0.681927
1.79233
0.89772
0.440746
0.324983
1.20365
0.355516
0.866567
0.588237
-0.179379
0.28246
0.117444
1.7782
1.19185
1.06208
1.03959
0.560066
0.131151
-0.122112
1.0966
-0.161797
1.03094
0.382014
0.791106
-0.495504
0.793284
-0.646671
1.03523
0.0304444
1.45294
-0.0822684
0.104089
0.797588
0.76142
1.14838
0.131553
0.391517
0.883774
1.29119
0.163999
0.170852
0.727154
0.457238
-0.872079
0.50261
0.189314
1.03767
0.181251
-0.0623248
-0.17131
0.603457
0.137141
0.121151
0.524566
0.357134
-0.40526
0.945397
0.7953
0.473708
0.237116
0.399919
0.829325
0.818081
1.10103
-0.307554
0.0696245
1.56133
0.621826
0.9584
0.468654
0.680944
-0.274156
0.574682
0.79853
0.453011
0.483839
0.524639
-0.662582
0.723434
0.501482
0.604477
0.140625
0.805532
0.173403
0.957455
-0.11
-0.227842
-0.189432
-0.190184
0.735535
0.255534
1.36619
0.294994
-0.374047
0.568311
0.825669
0.381483
0.295713
1.56519
0.502885
-0.709477
0.355632
0.967916
0.496059
0.197564
0.509057
0.144854
0.692409
0.949812
0.0629284
0.0117107
1.39801
-0.334514
0.823667
0.781764
0.804591
1.02266
1.57843
1.29331
1.49584
1.18059
0.769179
0.510713
1.30199
0.657595
0.516505
0.215602
0.350241
1.03251
0.00515114
1.05051
0.777909
1.04582
0.948199
1.15521
0.444117
0.855742
0.778955
0.198626
0.399121
-0.152264
0.447194
0.164711
0.142523
0.789719
0.132204
0.822689
0.77906
0.390408
0.780991
0.830354
-0.0767295
0.701821
0.194402
-0.018256
-0.368202
0.407908
1.16756
0.0283908
1.54829
0.651207
1.38919
1.1592
0.405788
0.346231
0.201198
0.552406
0.475389
1.20162
0.662612
0.68231
0.645313
0.388674
0.814183
1.12287
1.044
0.249546
1.04801
0.32153
0.499948
0.229901
0.356986
0.218524
1.44617
0.194476
0.322221
-0.44593
0.545168
0.321467
-0.208226
1.09866
0.616946
0.45682
0.559982
0.0540461
0.369589
0.760971
1.22308
-0.31397
0.0870964
0.998514
0.843986
0.642176
0.683976
-0.0820688
0.757855
0.872085
1.08018
0.931299
-0.294446
-0.263586
0.687851
0.957106
1.46503
0.0312295
0.766232
0.433935
0.681115
0.0402214
1.02366
0.729054
1.17462
0.821174
0.71579
0.0922435
0.498474
-0.337915
0.546273
-1.17474
0.588685
1.43057
-0.837042
0.256366
-0.0767619
-0.6992
1.12874
0.871576
0.707158
0.659694
0.343596
0.906687
0.876635
0.332953
1.31311
1.39287
0.768036
0.327546
0.762159
0.0717886
0.553688
-0.593588
-0.609406
0.893775
0.60886
0.149153
0.105814
1.37128
0.338757
-0.373734
0.511007
0.654044
1.49561
0.444566
0.470312
0.528504
-0.179047
0.0975314
-0.434531
-0.198303
0.25679
0.374834
1.01245
1.4427
-0.10655
0.213586
0.807233
-0.0230273
0.256241
-0.093987
0.266666
0.358575
0.195083
0.529607
0.437889
-0.363071
0.482048
0.256362
1.22935
-1.39943
0.804373
-0.0069791
0.0438056
0.533201
0.43417
-0.169961
0.171892
0.701901
0.121067
0.363197
0.0557375
0.052865
0.646644
1.14503
0.673026
0.713119
1.50528
0.0846893
0.67528
0.242014
-0.221882
1.36776
1.28214
0.0708103
0.339394
0.0457919
0.338922
0.149085
1.14083
-0.0862551
-0.627172
0.462351
0.626019
0.863049
1.41458
1.19582
0.0700168
1.22044
0.634075
1.01283
0.606666
-0.65321
1.14537
0.822061
0.45788
0.961176
-0.206333
-0.515619
0.83821
0.61139
-0.020668
0.836325
0.473644
0.807502
-0.196286
0.0395876
0.162844
0.474326
0.892683
0.379638
1.05175
0.858933
0.585762
2.10473
0.458845
1.09769
1.14498
0.203254
0.901871
-0.125677
0.604931
0.957387
1.01255
0.346862
0.679181
0.416076
1.44585
0.270822
1.61577
-0.0791559
0.288117
0.35896
0.104178
0.0941956
0.862435
0.584323
1.03547
1.20849
1.03603
-0.0166884
0.483952
1.26901
0.602834
0.623766
0.509789
-0.0697001
0.768377
-0.248431
0.982667
0.516835
-0.419338
0.164884
0.530463
1.33226
-0.488433
1.20806
0.953869
0.455163
0.963841
-0.173723
1.20843
1.32499
0.195796
1.07862
-0.271863
0.0911982
-0.415061
1.43462
1.79458
0.328861
0.642625
0.00981046
0.133603
0.744838
-0.404001
-0.409423
0.307415
0.563114
-0.445658
0.593996
-0.0542024
0.788638
1.08008
-0.433248
0.584852
1.06003
0.762961
-0.280816
0.012503
0.451866
1.0492
-0.400221
0.375779
-0.152721
0.690521
0.839484
0.19253
0.00387474
0.421582
0.815947
-0.233901
0.608066
0.0790089
0.186998
1.22983
0.885045
0.150125
0.658319
0.67305
0.610266
0.140575
0.0894574
1.59835
0.45657
1.05792
0.167488
-0.222854
0.757509
0.212864
-0.0609166
-0.685579
1.19186
0.644607
0.524909
0.962539
1.48203
0.289255
0.480781
1.33279
0.0754597
0.698399
0.210335
0.584362
0.599184
0.646682
0.00724278
0.28927
1.05719
0.782052
0.603451
0.973268
-0.258835
-0.435539
-0.0224431
1.28928
1.1275
0.248275
0.631387
0.76308
-0.0638499
0.190713
-0.585219
-0.579727
0.664766
0.85804
0.424117
0.714144
0.161902
0.362683
0.338527
1.07886
-0.191804
0.671207
0.634049
0.971582
1.55995
0.299781
0.407477
0.527447
-0.276682
0.56913
0.700866
0.71602
0.569827
0.586274
0.232613
-0.13705
0.927084
0.474224
1.09983
1.02323
1.0698
0.770205
-0.0704502
0.652362
0.738844
0.0521663
0.313633
0.672147
0.224041
0.490919
0.490523
0.00991297
0.0501685
1.04717
1.32314
0.964667
-0.071974
0.00759463
0.65316
0.819318
-0.158417
-0.21239
0.48141
0.396718
-0.163741
0.294051
1.15164
0.910029
1.07306
0.898475
1.08553
-0.254963
0.683216
-0.0704112
0.291421
0.666029
0.0903259
-1.52387
-0.00631528
-0.0398373
0.492345
0.235997
0.0256007
-0.111634
0.481612
0.688222
1.28156
0.77404
0.0953619
1.27078
0.232319
0.343383
0.883912
1.41555
