-0.297559
-0.176367
-0.34738
-0.00224743
-0.307889
-0.366474
-0.355533
0.0831829
-0.0762061
-0.0337337
0.0609903
-0.0551978
-0.490718
0.0121029
-0.0589536
0.222768
1.12404
1.18248
1.09634
0.634221
0.587038
1.03197
0.878214
0.8454
1.23765
0.0926145
-0.352769
-0.121918
-0.19964
-0.603064
-0.448178
-0.14005
0.224468
-0.0761195
-0.444654
-0.819976
-0.787972
-1.11915
-1.17365
-0.612104
-1.25915
-1.26492
-1.04179
-0.181066
-0.646498
-0.371998
-0.272573
-0.460698
-0.289304
-0.402906
-0.206741
0.26645
0.353681
0.384178
-0.284389
-0.314465
-0.820455
-0.376894
-0.894146
-0.753931
-0.422228
-0.332487
0.195306
0.770557
0.736418
0.503575
-0.220627
-0.246835
-0.400493
-0.0788195
-0.163594
-0.228707
-0.772597
-0.451511
-0.739412
-0.0266684
-0.221305
-0.0738075
-0.202491
-0.444455
