-0.399771
-0.31949
-0.429376
-0.115237
0.00760878
0.192113
0.454908
0.337801
0.55184
0.463387
0.311957
0.300285
0.35014
0.257369
0.0266729
0.110062
0.038364
0.422192
0.255438
0.565644
-0.0364629
-0.0245867
-0.181121
0.053683
-0.380635
-0.00720449
-0.270061
-0.0212467
0.260569
0.38952
0.520383
0.679427
0.559191
0.699115
0.510612
0.732718
0.615507
0.458848
0.385282
0.0823728
-0.0841298
0.0440442
0.265118
0.162651
0.201011
-0.268367
-0.277736
-0.210398
-0.158662
0.0141658
0.0866254
-0.0724201
-0.258447
-0.384795
-0.267482
-0.144599
-0.162049
-0.283724
-0.373847
0.117562
0.120319
0.341885
0.169198
-0.131983
-0.399117
-0.0921032
-0.00883717
0.0394114
0.460659
0.380233
0.543321
0.732703
0.522152
0.248102
0.0686833
-0.188056
-0.37336
-0.272601
-0.194705
0.0190023
0.0727357
0.322598
0.556098
0.570925
0.919005
0.630239
0.574096
0.888203
1.26205
0.994237
0.876871
0.780564
0.649728
0.428905
0.354969
0.638025
0.580621
0.555484
0.468371
0.230998
0.137297
0.18918
0.68002
0.609418
0.630755
0.62781
0.539033
0.467542
0.402398
0.768268
0.757137
0.78333
0.552895
0.504836
0.133271
0.0677521
0.256969
-0.0495385
0.270547
0.436943
0.248734
0.491794
0.424194
0.602172
0.1067
-0.257243
-0.300586
-0.199571
0.0142308
-0.00157578
0.229389
-0.0686065
-0.365638
-0.603033
-0.194431
-0.624363
-0.745921
-0.603304
-1.09895
-0.860356
-0.846857
-0.97779
-1.07685
-0.760848
-0.562499
-0.742789
-0.679174
-0.720241
-0.320698
-0.218868
-0.416813
-0.0777428
-0.126729
-0.0622733
0.0824433
0.0464139
0.0185625
0.115451
0.157997
-0.0450763
-0.22319
-0.363322
-0.304671
-0.41902
-0.262084
0.0675538
0.0967558
0.152354
0.134525
0.028262
0.181238
0.340244
-0.0485696
0.0419923
-0.0404832
-0.0154439
-0.193236
0.00708222
0.00135966
0.258153
0.118653
0.166136
0.0576155
0.0392788
-0.12605
-0.176542
-0.216506
-0.114692
-0.152182
-0.0752045
0.102268
0.0313311
0.162507
-0.140038
0.391119
-0.138757
-0.0602195
-0.0497392
0.197837
0.0638944
0.0515986
0.350124
0.576676
0.158418
0.234944
0.592204
0.422664
0.00990475
0.21094
0.0261164
-0.0188793
0.14981
0.12246
0.0582596
0.0773113
-0.00203945
0.119129
0.251278
0.696302
0.626694
0.8425
0.749244
0.762345
0.764402
0.910302
0.771761
0.707205
0.604463
0.137961
0.128452
0.169982
0.133227
0.0499697
0.354153
0.385915
0.0958582
0.161985
0.300688
0.405765
0.605322
0.90572
0.744351
0.609783
0.439661
0.472542
0.426039
0.30872
0.374344
0.48667
0.827114
0.627252
0.333513
0.474826
0.8149
0.780569
0.567714
0.484648
0.590178
0.618936
0.575169
0.893695
0.739496
1.01463
0.553079
0.764371
0.985495
1.087
0.938204
0.792409
0.416918
0.0959116
0.126981
0.202204
0.244229
0.0317981
-0.229547
0.138111
0.386428
0.823019
1.02973
0.988466
0.539464
0.195821
0.274862
0.297623
-0.0288465
-0.117805
-0.111931
-0.022295
0.35223
0.441674
0.769374
0.714309
0.921661
1.02967
0.814197
0.764569
0.673695
0.442425
0.459598
0.0835144
0.268768
0.528895
0.48557
0.447636
0.571595
0.581422
0.405692
0.517781
0.283353
0.342891
0.535334
0.978856
1.06485
1.06302
0.791218
0.79191
0.479249
0.632782
1.11228
0.994192
1.16652
0.902861
0.757999
0.580251
0.203638
0.249259
0.679063
0.788452
1.18983
1.15363
0.741493
0.769558
0.832797
0.735555
0.830029
1.04888
1.48251
1.24242
1.09227
1.15889
0.82603
0.915973
1.00372
0.953328
0.876635
1.04204
0.952723
1.19422
1.30432
1.08588
0.8885
0.853848
0.528282
0.389269
0.57687
0.598899
0.453758
0.305153
0.178688
-0.281544
-0.841939
-0.862831
-0.604574
-0.459843
-0.290507
0.135582
0.332637
0.484064
0.728656
0.513336
0.602882
0.689685
0.85189
0.869679
1.16094
1.18697
0.783351
0.69807
0.876053
0.869676
0.6768
0.833761
0.955285
0.685222
0.528396
0.672162
0.791575
0.931085
0.551136
0.586271
0.713775
0.671203
0.891808
1.15024
1.18078
0.955874
1.00621
0.760036
0.702538
0.57029
0.932972
0.613476
0.379346
0.393157
0.800491
0.904241
0.821326
0.717941
0.479375
0.459274
0.339004
0.140331
0.0503136
-0.0803383
-0.172199
-0.166888
-0.148723
-0.127721
-0.18433
