0.923513
0.764415
0.837784
0.565662
0.466573
0.380282
0.558229
0.153815
0.415912
0.846623
0.652069
0.504349
0.679945
0.411878
0.363496
-0.224907
-0.178125
-0.107331
-0.0818072
0.00956644
0.0286071
0.193192
0.106708
0.0372258
-0.0623018
-0.1502
0.624746
0.964397
0.785658
1.18504
0.954178
0.903479
1.05639
1.18264
1.04947
1.0369
1.43489
1.07702
0.906528
0.865172
1.02324
1.13311
1.06769
0.633217
0.388595
0.662256
0.518632
0.304143
0.259972
0.512771
0.228708
0.526663
0.526165
0.664769
0.544786
0.78631
1.07153
0.695493
0.250006
0.307303
0.359144
0.764421
0.799021
0.511044
0.358094
0.199884
0.719884
0.602019
0.568315
0.852203
0.501012
0.506077
0.479254
0.640497
0.862483
0.538939
0.182314
0.424142
0.226225
0.345107
0.267657
0.321554
0.572606
0.448668
0.416637
0.248121
0.200121
0.0261177
-0.117314
-0.248625
0.0340599
0.271585
0.310922
0.157966
0.0515553
0.709958
0.350885
0.263177
-0.0647948
0.00214391
0.252164
0.155419
0.250371
0.206132
0.313308
0.00245818
0.10677
0.203347
0.0348931
0.365567
-0.0898428
-0.101255
0.113833
0.144144
0.581832
0.538514
0.286476
0.367007
0.680927
0.8969
0.845792
1.06034
0.663663
0.493488
0.532046
0.660741
0.917046
1.24046
1.23611
0.959846
0.878857
0.68334
0.476899
0.53784
0.511878
0.455901
0.465125
0.452283
0.304795
0.216325
0.202471
0.19674
0.403979
0.261965
0.735196
0.460268
0.237442
0.155058
-0.00211669
0.10189
0.0946014
0.241332
-0.0390877
0.0260916
0.167086
-0.0702064
-0.391705
-0.575176
-0.52372
-0.719343
-0.398204
-0.501491
-0.432997
-0.536062
-1.15749
-0.935679
-0.829304
-0.977298
-0.617679
-0.651773
-0.899551
-0.802665
-0.725361
-1.12567
-1.15649
-1.38955
-1.25848
-1.26942
-1.20317
-1.35893
-1.19597
-0.77171
-1.00706
-1.40456
-1.33223
-1.35754
-1.2078
-1.52028
-1.24864
-1.28063
-1.27554
-1.26568
-1.16272
-0.924062
-1.09545
-0.784113
-1.07372
-1.05357
-1.21851
-0.932907
-0.680719
-0.348261
-0.645683
-0.470743
-0.420133
-0.737295
-0.848686
-0.876279
-0.94002
-1.02003
-0.681201
-0.55277
-0.728377
-0.434825
-0.529632
-0.975574
-1.27966
-1.12877
-1.23321
-1.02025
-1.06102
-0.796122
-0.348725
0.0151219
0.320889
0.426186
0.812186
0.878005
0.841829
0.853335
0.757906
0.518025
0.171368
0.0943433
0.189275
0.0441533
-0.0760965
0.0473976
0.0299571
-0.0360137
0.5309
0.766915
0.842336
1.18652
1.20728
1.02196
0.699597
0.386737
0.676214
0.647555
0.799139
0.832376
1.09812
0.893489
0.453988
0.347179
0.0421516
0.151587
0.131639
0.113155
-0.0126384
0.112144
0.179373
0.0862513
-0.213962
0.0620578
-0.230095
-0.214688
-0.498985
-0.26792
-0.529157
-0.0896871
0.00557444
-0.0940795
0.274759
0.111769
-0.00500494
-0.0974871
-0.200044
-0.263977
-0.0049168
-0.114789
-0.198587
0.0180384
-0.166788
-0.190222
-0.535497
-0.531149
-0.686025
-0.657024
-0.286863
-0.0927857
-0.0248254
0.0537853
0.0195379
-0.277166
5.4015e-05
0.10371
0.0824999
-0.0117356
0.174056
0.222338
0.490569
0.39212
0.372147
0.0732125
0.00954151
0.175171
0.0178116
0.0627565
-0.128029
-0.68262
-0.835087
-0.711152
-0.829631
-0.302533
-0.231947
-0.0290606
-0.2336
-0.0898862
-0.0129673
0.212696
0.307654
0.336932
0.198264
0.454011
0.448383
0.368792
0.320303
0.828942
1.23073
1.31108
1.32688
0.843705
1.01088
0.944021
0.483271
0.329325
0.431721
0.625214
0.70914
1.08238
0.966558
0.636606
0.879775
0.852386
1.0227
0.934306
0.861397
0.760191
0.980335
0.856919
1.13984
1.09309
0.807347
0.713139
0.457381
0.357417
0.234848
0.461126
0.410455
0.290894
-0.0102964
0.331354
0.520674
0.577117
0.554166
0.917148
0.747246
0.539138
0.210906
0.247258
0.08418
0.384383
0.270955
0.491094
0.64041
0.572446
0.649525
0.573353
1.08974
0.776874
0.882697
0.789598
0.444086
0.226025
0.0501103
-0.167053
-0.00900748
-0.106376
-0.111927
-0.286818
-0.0473194
0.340809
0.322427
0.324252
0.19125
0.644362
0.859924
0.945859
