-0.454205
-0.530139
-0.281352
0.170749
0.543226
0.61195
0.374412
-0.299598
-0.510448
-0.0771103
0.305711
0.45671
0.798816
0.746764
0.390902
0.506183
0.925927
0.514847
0.588359
1.04584
1.56074
0.871471
0.616834
0.215073
-0.0392488
-0.246328
0.626398
0.623085
0.850175
1.9812
1.91083
1.57992
1.88295
1.24059
1.40051
1.07985
1.76513
1.5709
0.702489
0.694527
0.302515
0.363273
-0.399033
-0.769204
-0.922186
-0.772793
-0.433302
-0.513079
-0.536577
-0.0574165
-0.432262
-0.340419
-0.335367
-0.270555
-0.173035
-0.153622
-0.0532847
-0.262254
-0.258242
-0.692362
-0.942347
-0.983272
-1.48816
-2.24499
-2.14148
-1.3685
-1.39666
-0.7209
-0.768942
-0.598652
-0.371591
-0.18466
0.0205336
0.534315
1.07901
0.931388
1.01491
1.04202
0.477189
0.0638943
0.0314228
0.123004
0.271739
0.0502787
0.636244
0.324819
-0.250689
-0.239591
-0.335965
-0.144482
-0.490675
-0.249255
0.315835
0.0879747
-0.08348
-0.188416
-0.625726
-0.551181
-1.2014
-0.735427
