-0.286212
-0.343383
0.0768725
0.0806029
-0.0545229
0.109462
-0.0828523
0.0350704
0.183966
0.547021
0.32714
0.321886
0.307376
-0.0312848
-0.163867
0.0316224
0.117921
0.220695
0.193111
-0.0654948
-0.151476
-0.335324
-0.419576
-0.317049
-0.673665
-0.64784
-0.65002
-0.440751
-0.168373
-0.171355
-0.0379776
-0.0520737
-0.117105
-0.359288
-0.378124
-0.245677
-0.177987
-0.0277347
0.108308
0.391506
0.210552
0.472756
0.58932
0.620195
0.594906
0.565636
0.6908
0.715203
0.687476
0.182948
0.324691
0.349837
0.516671
0.618239
0.531548
0.547986
0.531891
0.382486
0.62886
0.440183
0.562498
0.726937
0.731455
1.23923
1.33138
1.31029
1.1922
1.41199
1.43646
1.33895
1.25415
0.766829
0.615408
0.367924
0.403487
0.131891
-0.198596
0.000438818
0.108157
0.00559032
-0.039964
-0.194304
-0.119279
-0.258684
-0.203337
-0.534864
-0.520062
-0.406376
-0.437553
-0.371442
-0.32288
-0.24318
-0.171054
0.241893
0.190927
0.241808
0.410009
0.506173
0.518757
0.278527
0.360924
0.410998
0.354903
0.637303
0.424858
0.18249
0.0531434
-0.332644
-0.221632
-0.202427
0.126546
-0.150262
-0.277909
-0.0347835
0.111847
0.119746
0.182564
0.317837
0.397812
0.0135052
-0.109017
-0.449552
-0.975705
-0.848235
-0.961395
-1.43032
-1.2912
-1.50541
-1.07015
-0.712384
-0.595702
-0.706497
-0.564033
-0.57081
-0.171476
0.0314788
0.124021
0.123476
0.101492
0.113083
-0.0483546
-0.085572
-0.114723
0.0475065
-0.0946104
0.23829
0.396206
0.318012
0.283738
0.588981
0.669922
0.633031
0.549886
0.908983
1.01178
1.0366
1.31533
1.08567
1.25594
1.17292
1.04072
1.20971
1.12403
1.07586
0.826155
0.828235
0.849631
1.11839
0.939399
0.572856
0.67238
0.490135
0.381866
0.416073
0.409842
0.219703
0.334506
0.589466
0.286471
0.278664
0.431629
0.575957
0.78595
0.685212
0.846149
0.721712
0.62127
0.782861
0.986344
1.08698
1.05379
0.785293
0.847154
0.723029
0.898066
0.72106
0.629433
0.51139
0.307029
0.138356
-0.00179415
-0.012328
0.1087
0.393992
0.443094
0.404307
0.477356
0.258048
0.314634
0.268288
0.273781
0.596551
0.760401
0.431323
0.607429
0.358082
0.213345
-0.199755
-0.408243
-0.290532
-0.402079
-0.472314
-0.369103
-0.59363
-0.416828
-0.27878
-0.246265
-0.543308
-0.660206
-0.736436
-0.645103
-0.802686
-0.87475
-0.818869
-1.13628
-1.22927
-1.21141
-1.21502
-1.32002
-1.14803
-0.812491
-0.791587
-0.45496
-0.139739
-0.0989847
-0.410376
-0.842872
-0.867911
-1.00443
-0.926498
-0.993058
-0.94906
-0.78537
-1.01088
-0.617231
-0.270029
-0.430565
-0.429578
-0.43091
-0.496443
-0.396668
-0.484366
-0.629676
-0.58222
-0.786754
-0.695583
-0.755291
-0.685709
-0.694577
-0.674589
-0.507892
-0.459986
-0.264153
-0.349626
-0.22728
-0.204434
-0.615118
-0.273885
-0.309845
-0.640931
-0.769766
-0.598623
-0.5486
-0.252125
-0.499878
-0.713976
-0.355355
-0.245618
-0.259849
-0.187192
-0.485476
-0.488711
-0.450557
-0.509761
-0.248111
-0.125742
-0.0249804
-0.226656
-0.0757189
0.0741878
0.314048
0.36241
0.421288
0.407015
0.403247
0.521995
0.77068
0.398366
0.867997
0.67615
0.588743
0.500811
0.635746
0.637349
0.686712
0.347699
0.220762
-0.190364
-0.339397
-0.569219
-0.692317
-0.681448
-0.556872
-0.109
0.118212
0.185762
0.65134
0.588352
0.628647
0.356123
0.397069
0.333412
0.367538
0.46093
0.201975
0.141157
0.119658
-0.0710004
0.0286595
0.0801528
0.309599
0.345766
-0.0461294
-0.0516561
0.273404
0.639172
0.924864
1.13341
1.27276
0.823719
0.836609
0.750991
0.500495
0.552219
0.0737989
0.216713
0.114195
-0.0160678
-0.116797
0.026092
0.484509
0.348437
0.393898
0.499718
0.375506
0.372522
0.681209
0.507288
0.485982
0.451183
0.26754
0.137061
-0.389282
-0.410552
-0.0409743
-0.314548
-0.105922
-0.109695
-0.382043
-0.218959
0.0370923
-0.0415651
-0.265236
-0.250416
-0.174233
-0.301011
-0.344325
-0.484131
-0.584306
-0.867273
-0.804489
-0.890362
-0.925389
-0.690033
-0.766267
-1.06808
-0.805233
-0.814515
-0.829144
-0.105835
-0.0491341
0.0784177
0.00676526
0.169367
0.104904
-0.151613
-0.094056
0.429679
0.58681
0.366138
0.605714
0.544144
0.550211
0.961797
0.966868
0.860054
1.06945
0.937025
0.891531
0.549167
0.510736
0.611388
0.619251
0.773806
0.680003
0.976737
1.14538
1.10583
0.922032
0.429299
0.215246
0.30412
0.0976565
0.317382
0.411939
0.456043
0.244581
0.512196
0.609555
0.198435
0.486272
0.631031
0.256368
0.383468
0.287272
0.0572936
0.356442
0.45762
0.55882
0.529639
0.577506
0.760973
0.777047
0.513279
0.49456
0.412378
0.227751
0.210659
0.161694
0.140395
0.18184
0.27565
0.21024
0.00442734
0.12463
-0.220129
-0.127053
-0.391657
-0.123881
-0.00264612
0.136259
0.721763
0.410225
0.241891
0.567859
0.425226
0.247534
0.243894
0.348313
0.249023
0.286182
0.449261
0.48869
0.311089
0.324265
0.434988
0.22447
0.22737
0.378437
0.348749
0.151927
-0.0632836
0.0597086
0.216162
0.272045
0.391662
0.420113
-0.360831
-0.593605
-0.567699
