-0.101907
-0.0764864
-0.140032
-0.381109
-0.220479
0.189671
-0.42115
-0.240332
0.289188
0.250579
0.430781
-0.126101
0.0609046
0.211098
0.0381864
0.230287
0.24728
0.287717
0.27233
0.385132
0.21685
-0.0130893
0.13168
0.782586
1.03867
1.2798
1.62982
1.43787
1.46089
0.867226
0.911742
0.918937
1.01746
0.815396
0.77656
0.964294
0.788464
0.422873
0.367796
0.197684
0.102798
0.0936752
0.00286264
0.531511
0.621992
0.174874
0.729443
0.417684
-0.453281
-0.230874
-0.392341
-0.45579
-0.693801
-0.584977
-0.867005
-0.899938
-0.929192
-0.519234
-0.728803
-0.53789
0.264162
0.481674
0.541172
0.887007
0.915095
0.837851
0.809984
0.33218
-0.283225
-0.211079
-0.00191313
-0.0354262
-0.151433
-0.516204
-0.878948
-1.38566
-1.30658
-1.23547
-1.2378
-0.433897
-0.75848
-0.228158
0.285045
-0.141148
-0.404698
-0.163555
-0.341861
0.383001
-0.294608
0.0798683
0.396228
0.474146
-0.100112
-0.599695
-0.344657
0.0815884
-0.546568
-0.0675921
-0.202005
0.245105
0.394054
0.00506724
-0.0451288
0.332451
0.233637
0.440836
-0.273539
-0.522287
0.143928
0.343635
0.309896
1.27065
1.31403
1.23814
0.977259
0.537091
0.654288
0.731484
0.428081
0.956992
0.70396
0.957222
0.334512
0.456765
0.358125
0.383491
0.348767
0.478144
0.500574
1.36748
1.00463
0.580474
0.543282
0.725653
1.41522
0.792867
0.461606
0.291335
-0.135987
-0.186099
0.0230002
0.134054
0.577214
0.374085
0.0825264
0.238134
0.346153
0.324911
0.609064
0.30389
0.303018
0.492427
0.539068
0.262147
0.100823
0.18538
1.14731
0.900661
0.657298
1.30947
1.48704
1.81452
2.10353
0.985104
0.0594318
-0.345905
-0.405375
-0.463669
-0.361771
-0.213133
-0.390202
0.374714
-0.186812
-0.537642
-0.626404
-0.0130054
0.176172
-0.215319
-0.3194
-0.0238461
