-0.107672
0.64551
0.0759603
-0.466627
0.473714
-0.89015
1.04122
0.212355
0.834896
-0.0695058
0.948663
1.53696
1.47439
-0.671074
0.540931
0.377002
-0.401378
-0.0983339
1.30306
0.0903069
1.49594
1.63041
-0.303561
0.263372
0.400635
0.106948
0.0424912
0.472351
-0.118963
0.640158
0.53371
-0.544489
0.70731
0.61897
-0.38882
1.19896
0.417717
1.3551
1.30186
0.0637263
-0.147316
0.118868
0.812906
-0.509599
-0.262793
0.894489
0.63727
0.583214
0.59351
0.692579
1.2977
0.409024
0.885623
1.09811
1.40309
0.472285
-0.269955
1.06152
-0.0394846
1.38101
1.91443
1.15981
0.601158
0.315025
0.411029
-0.312471
1.15227
0.249627
0.342368
0.483021
-0.0960256
0.268523
1.75396
-1.14798
0.882041
0.189884
1.10497
1.53418
0.409049
0.414312
0.506101
0.353393
1.32057
0.0412404
0.692928
-0.124295
-0.102577
0.613094
0.130643
-0.106138
0.427375
1.14053
0.891421
0.541496
-0.371321
0.925262
0.2814
0.492808
0.194163
-0.0285269
0.666927
0.684202
0.81508
-0.0527825
1.30168
0.302652
0.151693
1.03032
-0.10295
-0.116279
-0.454507
-0.37723
0.601165
1.33329
-1.25947
0.179828
0.425393
-0.78187
0.125862
-0.0638554
0.843438
0.463161
0.602149
-0.0511632
0.980993
-0.296624
0.608384
0.823149
0.15067
-0.176103
0.464815
-0.255094
0.872873
0.793546
-0.159598
0.99456
0.35994
-0.760211
0.0864818
-0.333256
0.453884
0.814718
0.425724
0.418701
0.520318
-0.638437
1.42109
0.849572
0.92116
0.0799401
0.257849
0.597016
0.877136
-0.653015
0.525624
-0.903541
0.625641
1.22682
0.193866
0.776926
1.60069
0.618921
1.36937
0.253015
1.11403
-0.643158
0.505019
1.50541
-0.110378
-0.612258
0.248009
0.169165
0.547274
1.10308
-0.185425
0.146533
-0.323162
0.763117
0.780873
0.712285
0.784811
0.0747763
0.505795
0.225102
1.07795
-0.0533443
0.50776
0.642839
1.65701
0.5618
-0.0538414
0.345376
-0.817331
-0.0983974
-0.16912
1.31139
0.373733
0.997123
1.2514
0.372865
0.498575
-0.365111
1.25026
-0.355202
0.13784
1.37736
-0.419703
0.930955
0.768462
0.380864
-0.0254729
0.738014
-0.178456
0.29383
0.484337
0.811506
1.1035
0.988829
1.89325
1.15615
1.1026
0.443887
1.3516
0.415952
-0.938792
0.311562
1.65174
0.0517536
1.2981
0.402545
1.20966
1.07516
0.878338
0.436769
-0.881071
0.510146
0.241423
1.18056
1.07005
0.155864
1.48036
-0.0699989
1.05687
1.41745
0.32095
1.22145
0.336961
1.34767
0.367258
0.774692
-0.0807819
0.136154
0.289678
-0.0861203
0.703874
0.735847
-0.449016
0.763305
0.686907
1.24242
1.37696
1.08039
0.890069
-1.14489
0.294446
0.0330261
0.668537
0.654763
-0.370515
0.452635
0.970866
1.25177
1.30875
0.221258
0.564052
-0.0868431
0.405329
0.534802
0.445072
1.14478
0.199535
1.0849
0.959888
0.254577
0.755986
1.07278
0.0823965
1.1286
0.456611
1.56182
1.57031
1.11725
0.790945
1.616
0.323539
0.816666
0.392796
1.07937
0.532225
0.811675
0.520445
1.03073
0.387891
-0.0586563
0.446961
0.0809353
-0.587927
-0.985629
0.562754
1.77672
1.35972
0.35632
0.690235
0.550695
0.306197
-0.469008
0.499436
-0.498217
0.557254
2.11036
0.608365
1.02892
0.537638
1.27726
0.878426
0.301514
0.180894
0.789067
0.158973
0.66551
0.489862
-1.02541
1.11617
0.589302
0.566068
0.404255
1.37272
-0.327665
1.37697
-0.0995074
0.773537
0.301282
0.335955
0.747764
0.578038
1.34026
0.815876
-0.0798282
0.718554
0.972426
0.000667537
0.965829
-0.00874233
-0.270943
1.58212
0.827196
-0.244671
1.74675
0.0223058
0.728043
-0.55011
0.67869
0.870418
0.356419
1.04648
1.11495
1.21134
0.429937
0.443419
0.544716
0.886659
-0.984581
0.611227
0.108894
0.706092
-1.00077
0.598944
0.0168518
-0.350557
0.247982
1.31094
0.252429
0.425126
0.240049
-0.407277
1.21015
0.756471
0.192823
0.233973
-0.596407
0.229369
0.433513
0.770721
1.14737
-0.15158
0.775768
1.22558
0.88623
0.226861
0.410293
0.79926
-1.61507
0.894225
0.518348
1.33104
0.125394
-0.0858566
1.27466
0.250101
0.519478
0.667854
1.34766
1.04014
1.31795
0.672628
-0.180742
0.802286
0.417358
1.61242
1.2516
0.340038
-0.202246
-0.504165
1.58332
1.779
0.0440187
0.341901
0.728296
1.49563
0.494396
1.11034
0.0930957
1.34902
0.147462
0.527262
0.905071
1.38431
0.712726
0.865758
-0.197646
0.73368
1.07133
0.304837
1.82561
0.00521567
0.747172
0.507123
0.621925
-0.174857
-0.174211
0.787339
0.435961
1.41892
0.296985
0.0329004
0.941213
0.658555
-0.169292
-0.355466
0.268696
-0.426889
0.0200008
-0.0897008
0.825411
1.55165
0.326673
0.810479
0.136538
0.636678
-0.353752
0.943748
1.05768
0.675477
1.43844
0.568615
0.253197
1.76611
0.997443
0.350592
1.09988
0.777058
1.29912
0.695385
-0.146279
0.977634
0.675408
1.05013
0.727004
1.27863
1.17374
0.738609
-0.148553
-1.10245
1.10401
0.203371
0.285585
-0.131865
0.46341
0.515783
0.983074
0.260446
0.0779892
0.393523
-0.355299
0.107681
-0.107815
-0.20625
1.72325
0.51313
0.298218
0.513562
1.17851
0.248454
0.49787
0.193629
0.164753
0.274227
0.819626
0.136457
0.570094
0.95969
0.654077
0.408561
-0.193637
0.12314
0.30804
-0.196043
-0.164895
-0.00489877
0.440953
0.685739
-0.512419
1.15494
0.122564
0.35472
1.70528
1.32
1.98962
0.571742
0.475816
0.853501
0.310608
-0.675796
-0.40401
0.0719366
1.20372
0.708533
-0.0606054
0.412518
0.462993
0.253642
0.898085
0.7429
0.503037
0.695343
0.195057
0.663249
0.000877186
1.40739
0.988771
0.266136
1.33985
0.98852
1.20654
1.43455
2.08141
0.526299
1.06598
0.354254
0.247354
2.1375
-0.0398837
0.231869
1.18782
-0.669973
-0.12832
0.57019
1.30795
0.324441
0.377822
0.129488
0.564686
1.02791
0.361781
-0.0591549
0.60457
0.687362
0.870453
0.0318787
0.0969135
0.747108
1.56885
1.59302
0.372543
1.16368
0.552579
0.370296
0.895093
0.237962
0.0381113
0.303273
0.0335882
1.5418
1.22405
1.59717
0.02934
-0.102906
0.257357
-0.817891
0.673309
0.135138
0.837367
1.30034
0.43313
0.619539
0.800783
-1.11261
0.4324
0.40005
0.174045
-0.281583
0.761661
0.434162
1.48628
0.620217
0.249343
0.644433
0.0195491
0.386273
1.34937
0.833941
-0.528676
1.98433
0.737807
1.03287
0.648513
0.708597
0.257532
1.32009
-0.00479726
0.378092
1.18629
1.14739
1.17225
-0.944423
-0.209701
0.894828
-0.0730068
1.01524
1.2282
1.32114
0.173107
1.47995
-0.520641
-0.426269
0.570929
0.747029
-0.877407
0.770435
0.467685
1.76855
0.740888
0.675788
0.423996
-0.267823
0.612716
0.283813
-0.498896
1.47066
0.962717
-0.331492
0.295741
-0.000495671
0.452349
0.219274
1.36282
1.12135
-0.122452
-0.0841503
0.0869913
0.0770769
1.45779
1.42701
0.135348
0.71416
-0.000594575
-0.3854
1.11716
-0.440218
1.2277
0.870224
-0.119147
0.867312
-0.187911
-0.0105093
0.639625
1.06101
1.15463
0.921289
-0.59866
0.543409
0.231851
-0.904567
0.703747
0.340574
0.916496
-0.41357
0.956774
1.24285
1.29485
0.513635
0.145771
0.76336
0.584691
-0.307779
0.87583
0.894353
1.6416
0.486049
-0.301076
0.636838
0.964836
0.359568
0.735174
1.19468
-0.25292
0.469223
0.609102
1.32983
0.0393112
0.192527
-0.16403
-0.0652342
-0.624763
0.0281273
0.742143
0.640983
0.370323
0.456696
-0.375081
1.19412
0.749025
-0.265811
0.187712
2.30636
0.934862
0.233654
0.307492
0.659237
1.22723
0.530485
0.159909
0.101939
1.47355
-0.0713199
1.49595
1.08451
-0.114064
0.0923844
0.20201
0.773182
1.43516
0.371465
1.60055
0.602242
-0.748253
1.38145
-0.284026
-0.0488285
-1.21142
0.460756
0.896782
0.839532
0.599543
1.75813
1.4617
0.531765
0.542384
1.12121
0.609345
0.357544
0.191573
2.04034
1.1388
1.89852
1.39182
-0.268324
0.346442
0.307887
1.15122
0.980516
0.888492
0.395258
0.840171
0.671773
0.981114
0.242469
0.956013
0.0263132
0.577237
-0.246808
0.635752
-0.81364
1.04971
0.0127333
1.91863
0.47055
1.37479
-0.171818
1.24209
-0.615991
0.29075
0.789097
0.869591
0.425074
-0.910345
-0.581626
0.281225
-0.220885
0.0682258
-0.318606
0.435917
1.09183
0.61981
0.245768
0.570824
0.116123
1.0063
0.169742
1.38128
0.834175
0.0770178
1.28828
-0.185535
-0.240592
0.517945
0.747821
-0.541113
0.451896
1.37317
1.43248
0.17712
-0.0574674
0.333831
0.382702
2.01714
0.306458
0.58006
0.306188
0.637198
1.67357
0.578715
0.965058
0.254052
-0.106297
0.572385
0.745902
-0.826868
1.71442
-0.0799621
0.499645
0.4914
1.43687
1.14516
0.269287
0.220704
0.25446
0.53208
0.494744
1.32289
0.449261
1.21762
1.16676
0.0459786
-0.12853
2.38237
-0.0334942
0.148039
0.833072
-0.871103
-0.845273
1.21571
0.896999
-0.26884
0.296715
0.74234
0.820669
0.106939
0.193903
0.272191
0.028359
0.409748
0.417682
-0.0163514
-0.109241
0.0431059
0.936785
1.57628
1.10337
1.37093
-0.292907
1.28644
0.199874
-1.08107
-0.646747
0.989532
0.845606
1.30632
-0.320961
1.36931
0.28646
0.477159
2.0361
0.746509
-0.744209
-0.306537
0.290382
0.811366
0.778282
1.28375
0.915192
1.34894
-0.166113
1.15074
-0.124044
1.20473
-0.0320316
0.102554
0.452572
0.44332
1.10755
-0.380293
0.417917
0.824406
-0.121658
0.246918
0.89545
0.0753124
1.58571
1.79501
0.360529
0.0808739
0.116647
0.590944
1.41192
1.58181
0.485603
1.1259
0.829918
0.0179294
1.04399
0.646806
0.852191
0.959134
0.745768
0.70257
0.624886
0.72515
0.847537
1.03609
0.404446
0.679486
-0.0539472
0.319847
-0.122688
-0.323514
0.83542
0.458974
-0.0709472
1.90737
1.24963
-0.58465
-0.311098
1.49574
0.170215
0.261458
1.20638
0.417397
1.2808
0.0370275
0.472026
-0.145324
0.290409
0.229923
1.01965
1.21159
-0.441983
0.941757
0.580143
1.54643
-0.209175
0.89392
1.69858
0.508651
-0.10487
1.37036
0.407829
1.72371
0.217612
0.98445
0.757625
0.377769
0.972526
-0.564487
1.49053
0.597221
1.10961
0.95714
0.320028
1.14495
-0.0887994
0.640886
1.19527
0.665842
0.222305
1.47671
-0.756043
1.01613
-0.678876
0.359348
1.57813
-0.687065
0.470125
0.627231
0.340526
0.807458
1.03091
-0.155973
0.0255364
0.393429
0.854522
1.15932
0.773375
1.3309
0.814685
0.212047
-0.0906246
0.774837
0.570813
1.10706
-0.0934463
-0.232798
0.29897
0.638357
0.344391
1.66742
0.408918
-0.638672
0.467754
-0.293918
0.288702
1.11338
0.198312
1.2479
-0.158224
0.848524
1.05797
-1.02794
0.308346
2.27596
1.13949
-0.19773
1.11073
1.43866
-0.367836
1.11671
0.618867
0.2121
1.74314
0.584874
0.486389
-0.439374
0.318934
0.274225
0.536747
-0.0944585
-0.739741
0.632913
0.286166
1.07822
1.01945
0.350581
-0.0774016
0.581969
0.41425
-0.671457
0.517812
-0.775637
0.125655
1.10093
0.909529
0.648129
-0.148344
-0.801211
1.07111
0.416002
-0.469599
0.686806
-0.621476
0.483777
0.817022
-0.101583
0.550836
0.849704
0.079014
-0.313671
1.17346
0.367108
0.232074
-0.41885
0.358867
-0.0715869
0.900585
0.728965
0.451853
0.597373
0.720406
0.344708
0.42606
1.11914
-0.644299
0.0218532
0.583473
-0.257115
0.240431
0.41968
-0.307355
0.649465
0.188131
0.355763
1.16791
1.09901
0.17378
1.0747
0.861906
1.36197
-0.0448792
-0.333411
1.05365
0.500792
-0.169242
0.575828
1.40196
0.422811
0.25729
1.23498
0.720117
1.32885
0.235512
0.397669
0.539016
0.50107
1.02019
1.58278
1.00893
-0.773481
0.626975
0.883011
1.41183
0.538127
0.691172
-0.397135
-0.273556
1.56133
1.35703
0.304786
0.0317417
1.24166
0.906185
-0.04851
1.32863
1.36158
1.19431
-1.00376
0.390479
1.02111
1.09972
0.15696
0.407825
-1.82257
0.984264
0.0384906
0.619845
0.651913
0.179548
0.874467
-0.144782
-0.187525
1.30946
0.925032
-0.101089
0.665083
-0.0440017
-0.496014
0.26692
0.483202
0.853882
1.75838
0.0529596
-0.657602
1.24514
-0.158322
0.988461
-0.508675
1.22101
0.291046
-0.276804
-0.548716
-0.440532
0.725208
-0.20319
0.761141
1.22157
0.960175
0.696087
0.131303
0.242602
-0.125765
-0.273861
1.18504
0.751364
0.171654
1.08218
-0.0794016
0.701085
0.593608
0.952236
0.513067
0.156466
0.78811
0.642399
0.340371
-0.167792
-0.189689
0.98773
1.52198
0.994138
0.335923
0.0350009
0.457578
0.808742
0.446959
-0.916259
0.634654
0.297624
0.426162
0.325974
0.96649
1.19646
1.26713
0.925316
0.0732982
-0.247667
0.941305
-0.0228291
0.872364
-0.262819
0.903823
-0.305705
0.770911
1.29851
0.653723
0.714906
1.51326
-0.0692904
-0.117613
0.392662
-0.244374
0.43272
-0.374433
-0.364946
0.42222
1.17355
1.9289
0.480066
0.258528
-0.0364038
0.873467
1.73127
0.0811981
0.827851
2.29918
-0.281433
1.02965
1.05359
1.62924
2.23447
0.535288
0.38899
-0.273602
0.107049
-0.148673
0.62243
0.650835
-1.11142
-0.246616
-0.201844
0.547185
-0.087182
1.14235
0.321383
0.348137
-0.343246
0.594232
1.21949
0.819027
0.0037117
1.12416
0.256676
0.711703
-0.433399
1.32777
0.787057
0.204262
0.132784
1.58719
1.52624
0.0980049
-0.442002
-0.218414
0.632055
0.570879
1.35051
1.44352
1.47911
1.8564
1.35641
-0.0243019
0.327475
-0.293786
-0.0164919
0.539023
0.221466
1.65529
0.860627
0.422112
1.01858
1.05811
-1.21714
0.663344
0.17704
0.845061
0.591649
0.689894
0.307364
-0.393865
0.509942
-0.243153
0.133792
1.54756
0.492555
0.536483
1.08455
0.329145
0.898237
-0.370919
-0.170835
1.24937
0.793702
0.956598
0.871047
0.69112
0.462151
1.20939
0.970685
0.377156
0.520912
1.54367
0.79891
-0.60776
-0.103478
-0.142531
0.883957
0.6877
-0.968414
-0.199509
1.79751
1.15496
0.973768
0.160644
-0.0791939
0.643431
1.12572
-0.106406
0.244411
0.617735
1.50812
-0.140069
0.754268
1.16406
0.618564
0.623386
-0.271238
0.55471
0.573951
-0.941224
0.613063
0.585958
0.123383
1.57075
0.847291
0.892773
-0.171108
0.223454
0.324572
0.257367
0.452536
0.241394
-0.358481
0.886587
0.529425
0.584618
0.336268
0.718231
-1.23212
0.763511
0.0684656
1.74402
0.0904841
-0.0851875
0.0237187
0.453543
1.38499
0.563405
0.283003
-0.3401
0.65541
0.458821
1.41686
-0.423665
0.574207
0.345421
0.358222
0.797035
0.570189
0.690038
1.75044
-0.0199359
-1.21224
-1.13841
0.883372
1.64383
-0.802658
-0.101364
0.944056
-0.490291
1.35855
0.552204
0.996311
1.40108
0.605279
1.50804
1.82408
1.94365
0.216334
-0.210492
1.94138
1.23109
0.891761
0.829586
0.195853
1.22152
0.83998
1.55927
-0.260507
-0.604367
0.940084
1.35202
0.861201
-0.188407
0.863721
0.399051
0.948235
1.99021
0.950224
0.527349
0.0059709
2.07323
1.31602
0.119744
1.1312
0.620785
0.503931
0.460863
-0.0525264
-1.23908
0.14846
1.12112
1.40302
0.593215
2.06821
0.625598
0.54692
-0.216608
0.194495
1.93072
0.777461
0.120975
0.340262
1.69764
1.02069
0.120867
0.338034
0.0209024
-0.583062
-0.425929
0.234032
-0.329069
0.614632
1.55085
0.686816
0.769488
0.280163
-0.675057
-0.0651996
1.32709
1.12869
-0.0377009
0.22284
0.914796
0.331154
1.28927
0.329196
0.0203928
0.577791
1.18291
-0.156583
-0.66725
1.1996
1.61615
0.392076
0.0973349
-0.123597
1.16609
1.57541
0.186617
1.15673
0.474596
0.962897
-0.0728025
0.76802
0.299189
1.31756
1.69587
1.75219
-0.032279
-0.504546
0.622373
-0.593927
0.990523
0.720361
1.4925
-0.324238
0.973864
0.788018
1.20624
1.00118
-0.320161
1.67371
0.704021
0.638856
1.05763
0.735779
0.684766
-0.346037
0.447382
1.08458
1.1151
-0.368085
1.06531
-1.01189
-0.355167
-0.251536
1.0468
-0.0236166
1.21872
-0.57545
0.176128
0.482125
0.329373
1.76378
0.204969
0.377014
-0.398922
0.0699187
0.754318
-0.891886
0.519157
0.724382
0.614846
0.51822
1.64016
0.922746
0.865855
0.148604
-0.557265
-0.0323902
-0.483283
0.837368
0.117556
0.0975129
0.640831
1.76447
0.283118
-0.172916
1.30378
0.510189
1.03748
1.0912
0.745939
0.708381
0.642019
1.33198
0.616454
-0.126564
0.0837817
1.50247
0.763197
0.133797
0.685037
1.76656
1.17046
1.65295
-0.513618
0.423023
0.813426
1.0637
0.602183
0.403117
1.52743
1.2114
0.891354
-0.0689194
0.683603
0.984977
0.462827
1.26103
-0.870303
1.51921
1.3367
0.420901
1.50804
0.477177
1.02127
0.146463
0.336357
1.15269
0.914731
0.98398
1.16947
0.231356
0.229446
0.0575953
0.277804
1.93363
0.853961
0.648134
0.458927
0.390924
-0.220413
-0.160493
0.2195
-0.195931
0.171578
1.25882
-0.667385
-0.495763
0.299054
1.11241
0.400379
0.0263514
1.2143
1.06713
0.0489913
-0.455441
0.149057
-0.00201359
0.738537
0.788442
1.33656
1.25569
1.04959
0.750429
0.780356
1.14222
0.341886
0.104861
1.00678
1.59657
0.835965
0.913115
0.791662
0.44851
-0.611441
0.467935
1.27984
-0.157928
-0.376661
0.903584
-0.0805367
0.772557
0.669368
0.808591
-0.893714
0.142775
0.912675
0.343996
0.87081
1.08311
-0.791381
-0.0319257
0.202593
1.2775
0.124898
-0.250957
-0.535082
0.351216
0.65638
0.690583
0.135379
0.0303756
0.830606
0.198629
0.400254
0.191901
0.58289
0.00937026
0.367103
-0.0632482
-0.291459
-0.0597994
0.259171
0.553653
0.809484
-0.449955
0.65198
0.64104
1.18386
0.566729
-0.10644
-0.113893
0.776438
0.812267
-0.572088
0.122646
1.3617
0.697934
1.31731
-0.333856
1.35375
1.14861
-0.877881
-0.552401
1.31217
0.143698
-0.792128
1.29946
0.98674
1.11778
1.40797
1.21083
-0.846914
0.819294
1.07546
-0.0603818
0.515727
0.241259
1.29963
-0.152389
0.966631
0.346353
1.89046
1.43489
-0.380356
0.11328
1.23414
0.746516
0.223531
0.509413
0.196261
2.05558
-0.22573
0.386491
-0.414332
1.54898
1.13962
1.23601
1.09266
0.343791
1.24292
-0.126334
0.183405
0.236244
0.565922
1.26196
0.0852482
1.10738
0.679126
0.0237787
0.564157
0.882019
0.266379
0.467747
1.38668
0.907631
0.865906
-0.464214
0.721039
1.07241
0.575418
1.18704
0.29386
0.594165
1.42581
0.0101
0.106194
-0.623616
0.492885
0.236933
-0.29626
0.410772
1.20919
0.487681
1.03004
1.10797
0.10061
1.16742
0.589596
-0.136442
-0.59036
0.348643
1.29188
0.828422
1.30481
-0.624736
0.421166
1.15118
1.61789
-0.00388728
1.42101
-0.193918
-0.488478
0.678681
0.449295
-1.42365
0.674791
0.340578
1.97542
0.865141
1.00104
-0.308976
0.481562
-1.34507
0.727591
0.406144
0.879399
-0.423142
0.482377
0.64201
0.493596
0.0344072
1.2767
1.52583
0.977371
0.519078
0.613804
1.09417
1.51481
0.123618
-0.344523
0.809632
1.14592
1.31884
1.03589
0.708672
0.605211
0.628282
0.763477
1.79735
-0.0621334
1.9725
0.584058
0.561218
0.777589
1.07173
0.685389
-0.523671
0.847032
0.495363
1.01991
-1.15494
0.573612
-0.193104
0.44849
0.228795
1.4842
-0.580928
-0.266755
0.882982
-0.313362
0.00733104
1.39436
1.26539
1.3249
0.189942
0.857111
1.35895
1.17386
1.01821
0.0191559
-0.184505
1.42272
0.397514
0.638948
0.825392
1.11137
0.471616
-0.00161041
-0.189825
-0.218858
-0.858934
-0.853822
0.437147
1.61206
-0.126547
1.22175
0.616325
0.816503
-0.0942057
0.280178
1.54174
0.0813145
0.00916761
-0.287019
1.23087
1.5907
1.00426
0.210279
0.367401
0.346981
0.738091
1.4474
-0.590262
0.456109
0.606311
0.371079
-0.0358558
0.248189
0.423292
0.745559
-0.37524
-0.366486
-0.603058
-1.02359
-0.107884
1.49418
0.549702
0.0444669
0.913862
1.02317
0.604173
-0.180085
1.60423
0.6792
1.31711
-0.314175
1.22994
0.460356
-0.155792
-1.1682
-0.49235
0.609216
0.175307
0.911577
1.06256
-0.10706
0.0269597
0.0798883
0.178171
1.21124
1.08577
0.359928
0.0664151
0.326614
-0.114721
-0.906516
1.03836
0.787242
1.34515
0.509555
-0.333135
-0.270494
-0.26358
-0.656531
0.0579354
0.85674
-0.541931
1.21262
-0.369492
0.604475
