-0.116016
1.45981
0.260311
1.44757
0.59449
-0.154709
0.594578
0.424708
0.478287
0.824387
0.0614923
1.14948
1.04592
0.028118
0.633335
0.206835
-0.416903
-0.746247
0.765745
1.35303
0.282895
1.04273
0.31746
0.568156
-0.0851973
0.478902
0.144852
-0.147247
-0.839151
0.42779
1.2476
0.686873
0.816212
0.98443
-0.0656322
-0.109916
-0.331169
0.134092
1.07044
0.2121
-0.205878
-0.21285
0.335507
0.365327
0.797421
1.79697
-0.173766
0.0555612
0.314509
0.0569363
0.910588
0.430621
-0.149934
0.611667
-0.31479
-0.533616
0.85664
-0.377266
-0.934494
-0.0782449
0.747519
-0.410584
0.392476
0.0792042
0.868837
-0.226058
0.998866
0.366382
1.69778
0.244613
1.26209
1.08042
0.134211
0.400272
-0.133789
-0.0873098
1.34713
0.995079
0.519626
-0.136637
0.386602
-0.306011
0.190527
1.17874
0.437894
0.959503
1.63519
0.555318
1.07796
0.83388
-0.269482
0.447403
0.825961
0.0831972
1.04044
0.458805
-0.147104
1.16593
1.97523
0.315695
0.238115
1.37075
0.504909
0.0183639
0.0904806
0.113987
-0.234544
1.02871
2.2331
1.5524
0.688726
0.876865
0.981116
0.360665
1.20602
-0.758025
0.54972
1.66571
0.580911
0.222411
-0.11346
1.15901
-0.749284
1.85771
0.665344
1.51604
-0.138025
0.649443
0.194985
0.294094
-0.522008
1.22908
0.590792
0.589982
0.614369
0.655342
0.683112
1.69058
1.09087
0.937992
0.246063
0.653627
-0.243903
0.744478
0.0436126
0.528471
-0.49651
0.378689
-0.296224
1.60821
0.791068
0.893327
0.596953
0.378473
0.780016
-0.652389
1.64582
0.331958
0.489217
0.728393
0.292794
0.645524
-0.218805
0.527756
-0.11571
0.661854
0.235712
-0.110297
0.822266
-0.329737
-0.108239
1.32687
0.0246967
0.464014
0.550689
1.32879
0.0091306
0.469976
1.37469
-0.0442879
-1.2743
0.0874064
0.805052
0.445899
0.58072
1.05816
1.18852
0.813765
1.00573
0.721553
0.844063
1.52222
0.177678
1.27683
0.688382
0.747212
0.137188
1.52575
0.299792
0.781718
0.47091
0.336687
0.54165
0.796578
1.11757
1.33907
0.707642
-0.182851
1.12648
-0.659115
-0.102827
0.136298
-0.182756
1.2953
0.606382
-0.0408607
0.133611
0.575601
-0.587586
0.719741
0.726989
0.705408
0.486052
0.860978
0.897219
1.3368
0.404794
0.725081
1.20498
1.73333
0.652188
1.09141
0.41543
0.457544
-0.0139735
-0.471028
0.855857
1.90504
0.719379
0.975172
-0.13058
0.533779
0.8693
0.467787
1.31004
1.19206
1.08386
-0.592761
1.15468
1.52094
2.25146
0.315158
1.11884
0.374727
0.79192
0.192456
1.34824
0.642098
1.20015
1.26275
-0.0948183
0.143595
1.48881
0.588462
0.453531
0.813467
0.474004
2.10439
0.723049
0.449713
-0.484188
0.181519
0.250402
0.471723
1.03556
0.150133
-0.144672
1.02138
-0.379793
-0.915686
1.00968
-0.227267
0.00318157
-0.740874
0.823561
-1.24644
0.466887
-0.436984
-0.144481
1.05856
0.23457
-0.874793
0.629908
0.413778
-0.163617
0.937947
0.738916
0.372317
1.09637
-0.666936
0.0615851
0.562575
1.22886
-0.647718
0.674839
0.786289
0.151626
0.268004
-0.885168
0.725384
1.11459
0.785991
0.194693
-0.0093025
0.893858
0.942716
0.47728
1.13401
1.32114
0.500224
0.74089
1.02902
1.27723
0.378842
-0.10869
0.947923
0.792785
0.391489
0.809178
-0.292849
0.633349
0.167788
0.86724
0.153498
0.10939
0.44399
1.18078
0.105544
1.86943
1.42014
0.379381
-0.220317
1.02026
1.50813
0.578478
-0.284297
0.581321
-0.68188
-0.22804
-0.32468
0.00426137
0.254195
-0.937135
0.126736
-0.272807
-0.0196224
1.07609
0.401728
0.228631
0.923009
0.0197992
0.526655
0.509614
0.49991
0.146179
0.724886
0.113443
0.990316
2.35582
1.27891
-0.22398
0.788384
0.0128996
0.367668
1.37509
1.31415
1.30067
0.629287
0.413954
-0.448568
0.985735
0.506425
0.536862
0.220908
0.743313
-0.614326
0.244672
0.0996325
-1.1637
0.552588
0.589405
0.4967
1.75095
-0.194942
-0.821968
0.814766
0.0526637
0.314739
1.04433
1.38041
0.0260997
0.110939
0.137326
0.289725
0.0308749
0.938613
1.96969
1.08788
0.941756
0.565974
0.953742
0.24958
0.22889
0.593989
0.909186
0.512259
-0.0253689
1.04098
0.269946
-0.534089
1.14534
0.759225
0.321878
-0.826862
1.45234
0.153991
-1.66195
0.297201
-0.0911508
-0.24467
2.40889
0.00893391
0.480738
0.549465
1.4468
1.6501
0.340306
0.122763
0.277542
-1.00032
0.979101
1.20554
0.624204
0.472069
1.26313
0.224224
1.36909
-0.141122
-0.602904
1.90053
-0.025984
0.864958
-0.449732
0.684845
0.822317
-0.046354
1.57786
1.243
1.07688
1.2518
-0.154442
0.743724
0.824059
-1.40532
0.699834
0.429761
0.783322
1.24387
0.80393
0.817731
-0.533246
0.283329
0.951348
-0.279583
0.0152861
0.177635
-1.37803
0.93815
1.37105
0.829668
-0.117162
0.545713
0.754285
0.721061
0.384895
0.605381
1.04693
0.209336
0.856171
1.3019
0.643247
1.37327
0.748628
1.0283
0.861378
0.814344
0.555999
1.68448
-0.554567
0.799427
1.42957
0.51667
0.790473
0.971856
0.360071
-0.786896
-0.0614631
0.608133
0.996546
0.994441
0.612825
0.980166
-0.533311
-0.321993
-0.691141
0.591672
-0.12284
0.0812789
0.935887
-0.827689
-0.453821
0.228858
0.149897
1.16856
1.02318
0.528233
1.20822
0.561847
0.797356
0.300416
0.0818962
-0.179878
1.37531
0.5326
0.890643
1.01301
-0.573889
1.34525
1.34916
1.49532
0.372279
0.746965
1.32657
0.840455
0.0510774
-0.870991
0.790664
0.253635
1.28967
0.331475
0.929916
-0.0566349
-1.12074
1.33623
0.571843
0.85049
1.32123
0.416743
0.525111
0.855732
0.305517
1.07278
0.162418
0.68842
0.0405405
0.373447
1.02524
0.0219583
1.31029
0.521907
1.11826
-1.10826
1.4307
-0.0584784
1.1131
1.68808
-0.0912707
0.181534
1.57048
0.23424
-0.4249
0.694944
-0.679541
0.34413
1.36105
0.335868
1.057
-0.0109025
0.548667
0.423925
0.414026
0.84151
1.13737
1.1356
0.591464
0.220976
0.472352
0.338409
0.688938
1.07212
0.397196
0.464782
1.1696
1.64789
0.124198
-0.383229
1.39564
0.546139
-0.174086
1.10129
0.527856
1.4579
0.444941
-0.287469
1.40099
1.31377
0.497756
0.244792
0.693493
-1.04671
1.06342
-0.37323
-0.595953
-0.513461
0.824897
0.924253
0.303973
-0.225421
1.59158
1.70538
0.0797042
1.16255
0.615343
1.89939
0.258431
0.62374
1.11369
-0.747241
0.355626
0.403805
0.355725
0.95554
1.13026
0.253223
-0.138087
0.498665
-1.06547
-1.32612
-0.544866
-0.137592
0.317926
-0.147444
1.04233
0.800926
1.12693
-0.160634
1.04895
0.550918
-0.233328
0.156599
0.16927
0.502365
-0.0281204
1.20896
1.33294
1.5958
1.13189
0.589923
0.541711
0.768689
0.674959
0.925345
0.21449
1.02381
0.63986
1.73176
-0.776104
1.30657
-0.00197285
-0.178431
-0.556297
0.208186
1.14802
0.856338
1.25946
0.0131643
-0.445293
1.34681
1.57231
1.84445
1.46724
0.398012
0.489688
0.643979
0.226146
0.280833
-0.998216
-0.199434
0.859882
0.929008
1.12752
-0.515943
-0.262859
0.218098
0.767079
1.35627
0.983595
1.29716
0.887139
1.07253
0.531408
0.255145
-0.736493
1.16772
-0.791846
0.393645
0.664329
1.28541
1.71832
0.177814
0.367883
0.724748
-0.823282
1.27999
-1.52184
0.705125
0.505931
0.0340644
-0.0962912
0.916638
1.19948
0.865179
0.681309
1.0663
-0.013576
0.0891676
0.708207
1.19641
0.579993
1.72617
0.558729
1.32155
0.94344
-0.0850766
0.598087
1.17095
0.710331
0.421925
0.481604
-0.298778
1.09464
0.0974169
0.75835
0.684502
0.544963
0.438983
0.474838
-0.762495
0.522334
0.691949
0.220853
-0.446568
0.690138
-0.76396
-0.015364
1.05872
0.0669213
-0.351999
1.12336
0.0108015
0.105821
0.441775
0.878992
1.4953
-0.0389997
-0.211081
1.95763
0.260047
1.05863
0.520385
-0.967409
-0.585671
0.0780652
-0.190662
0.34219
-0.201738
1.14941
-0.01544
-0.0915715
0.820759
0.969652
0.701304
1.68885
-0.451547
0.957975
1.85376
0.183138
0.509418
0.542887
1.19844
-0.891673
1.36219
-0.335234
-0.180387
0.558665
0.813613
-0.0961298
0.955442
0.901146
1.13179
1.08107
-0.00511072
-0.408626
1.32279
0.548098
-0.0270754
0.390793
0.819234
-0.246553
0.893
1.80199
-0.234481
-0.654386
1.01207
0.0294044
0.776168
-0.446065
1.7324
1.28155
0.405342
1.30834
0.914499
-0.558256
1.00609
1.59967
0.970151
0.716784
1.4233
0.549378
0.72141
0.634864
0.0200196
-0.0603364
0.860761
-0.732081
0.806761
0.138527
1.12378
0.836764
2.26416
0.682775
1.55035
-0.257306
0.205982
0.0572078
1.5261
0.567436
1.19714
0.294161
-0.00291441
-0.846994
0.488823
1.65222
-0.655428
0.90345
-0.0903025
-0.084626
0.13035
0.0129937
0.342337
0.740249
-0.138279
0.596934
-0.716396
1.63011
-0.0822824
-0.141464
0.891682
1.37714
0.238475
1.47393
0.686857
-0.50651
-0.266059
0.472902
1.61819
0.746381
-0.06564
0.10425
0.813523
-0.072007
0.470913
1.41112
1.29125
-0.0287421
1.15836
0.608571
-1.35257
0.959654
1.30555
0.396275
-0.600539
0.739296
-1.56674
0.904105
0.992543
0.0426743
0.285894
1.26959
1.96682
-0.347194
0.823555
-0.425296
0.0718841
0.479549
1.16332
0.48064
0.947757
0.228907
0.614665
0.391842
0.657158
-0.062851
0.326746
-0.48677
1.79113
0.4776
-1.4497
1.18216
0.364019
0.765481
0.470359
-0.0425362
-0.174143
-0.623213
-0.0653135
0.305022
1.85542
0.486368
2.4328
0.669963
0.206673
-0.155903
1.39262
-0.0811576
-0.345671
-0.881426
2.04937
0.852269
-0.511614
0.0315935
0.174246
0.714626
1.77982
-0.254495
0.63382
0.712365
-0.41131
0.762011
0.366691
0.911851
0.284624
1.63584
1.02104
0.475577
0.0616193
0.615833
0.893158
0.585578
-0.255381
0.355361
0.437019
2.14681
0.469173
1.31063
0.837184
0.240096
-0.265625
-0.287127
1.18584
-0.551889
0.894502
-0.343321
0.894319
0.602121
0.584432
0.0720506
1.26649
-0.906228
-0.272318
0.653981
1.56445
0.248032
1.36897
0.230639
0.0815439
1.0836
1.15332
-0.925135
-0.219274
0.23757
0.193952
-0.681222
1.10308
0.154012
0.0942394
0.0960672
1.61454
0.814022
3.03736
0.469303
-0.652704
1.12074
1.11928
0.49407
-0.322334
-0.214396
0.275112
0.824153
0.479775
0.0228742
0.680453
1.92825
-0.492772
0.443461
-0.050031
1.11606
0.486294
0.821381
0.868282
0.172899
0.488846
1.37364
0.625824
0.335948
0.748533
-0.420708
0.809351
1.3586
0.901144
-0.246171
1.2788
0.255004
1.08946
0.329421
-0.316316
2.21108
-0.271747
0.158012
0.733853
-0.0859073
0.291436
0.15655
-0.643212
0.836518
1.12917
-0.554293
-0.568353
-0.0237897
0.296576
0.909927
0.434566
-0.843518
0.0946104
0.907056
0.132961
0.403467
-0.0174846
1.49784
-0.658006
0.153906
1.29748
-0.781536
0.381861
0.885797
0.652926
-0.551485
1.09878
0.743543
0.625127
0.490103
1.16115
1.47104
1.13209
0.838075
-0.687622
1.31011
1.0276
1.1609
0.0952352
0.841725
1.73403
-0.106458
0.78114
0.564168
-1.28245
0.723536
-0.487399
0.351603
0.11369
-0.77269
0.684054
0.143515
0.708225
-0.488686
0.67138
0.925753
1.34039
0.559552
0.153997
2.35838
0.969408
0.280805
1.36893
1.04914
0.181509
1.8583
0.642731
0.817962
0.665554
0.417721
1.10549
1.77127
0.422731
0.238335
-0.144324
-0.0968859
0.544319
0.829213
0.712858
0.391758
1.4294
1.50777
0.263348
-1.05107
0.876871
1.1146
1.63466
1.63137
0.492835
1.26396
1.4018
-0.280579
1.11671
0.431704
0.115061
0.43267
0.674903
0.130674
0.570946
0.403148
0.957368
1.49543
-0.125394
0.582769
0.0214329
0.10109
1.56038
0.869965
1.54831
0.274205
1.35334
1.39092
1.94809
-0.408764
0.335018
-0.260923
-0.483135
0.430083
1.26468
0.96383
2.38371
1.36681
-0.487707
-0.0722986
0.643872
1.56705
0.420198
1.15286
0.701709
1.19401
-0.631416
1.05659
0.0617636
0.336483
1.12538
-1.02459
-0.172268
1.60303
1.457
1.69435
2.28997
0.470352
0.239235
-0.11758
0.325536
1.4813
0.0548589
0.985589
0.999706
1.81181
1.34906
0.56832
-0.44645
0.894483
0.910887
1.77506
0.620131
0.115087
0.473479
0.329642
0.849731
0.582763
0.8595
0.843225
1.06072
0.493131
-0.265046
0.486749
0.747927
0.0561018
-0.287522
0.919466
-0.714745
-0.183671
0.984995
1.55476
1.47697
0.15285
0.771087
1.61874
-0.354103
0.898191
0.621345
1.10394
1.84182
-0.626354
1.66875
-0.11533
1.45978
0.388642
1.4706
0.560462
-0.156455
0.361544
0.205843
0.807383
-0.124952
0.353575
0.992798
1.66992
0.767954
1.21197
0.375163
-1.15904
0.097054
-0.217205
0.0272185
0.0223701
1.8094
1.29935
0.256514
0.860519
-1.2871
1.94765
1.48519
0.682933
-0.0390816
0.203955
0.212199
-0.452084
-0.0251726
-0.084115
0.938253
0.738997
-0.403335
-0.492558
0.975477
-0.0805929
0.410809
-0.358196
1.50648
-0.194413
0.187981
-0.567788
-1.09517
-0.261917
0.139339
0.5015
-0.241598
0.513034
1.25332
1.69482
-0.424416
0.547138
1.11399
0.889252
0.303515
0.113684
0.615605
-0.234546
1.19633
1.16007
1.19025
-0.373592
0.103667
-0.246537
0.496205
0.000177823
-0.324242
0.0866762
-0.169874
-0.299485
-1.36519
0.403258
0.517262
0.458714
1.49087
0.0976918
1.46877
1.10036
0.661964
1.26647
-0.204796
1.34843
0.322655
0.949007
0.561544
0.390047
1.08909
1.59061
1.18629
0.538979
0.0428378
1.09046
1.93497
1.47162
-0.366656
0.952513
1.49334
0.997236
1.13931
-0.114216
0.970622
0.856208
0.898163
1.00091
-0.0179924
0.399856
1.07189
0.789527
-0.625936
-0.439887
0.706414
0.0975856
-0.247221
0.76795
0.151835
0.693535
0.14165
0.243254
1.10173
0.3848
0.425444
0.115645
1.06035
1.16713
2.0429
0.449359
0.299809
2.23506
0.739679
0.402511
1.91497
0.204815
-0.322036
-0.152885
0.420182
1.51238
0.800065
2.12414
0.693308
0.204888
0.669628
1.05766
-0.0910246
0.997137
0.904924
1.08844
0.606136
0.311477
0.433106
0.558172
0.806173
1.58918
1.35013
0.488487
0.234123
1.09292
-1.32994
-0.189854
-0.277439
1.18426
1.09949
0.897114
0.520181
-0.181364
0.618156
0.812227
0.519566
1.04115
0.676157
0.274016
1.25365
-0.185809
1.10979
0.642588
0.629777
0.88888
-0.313436
0.22524
0.20148
-0.218807
1.09794
1.77816
1.20092
1.32934
0.368821
1.14079
0.225554
1.47257
0.193206
1.12438
1.41206
-1.79505
0.776592
0.0482891
2.2095
-0.142881
1.29
0.644958
-0.0904505
1.36596
1.02306
1.52988
0.96278
1.08244
0.304555
0.797829
1.45301
-0.116643
1.27924
0.642198
-0.0271336
1.19109
0.949208
0.44365
1.51232
-0.181862
1.18503
0.871545
0.192771
0.460744
1.6111
1.18752
1.27561
0.374577
0.0981446
0.844261
1.05243
0.212259
0.333027
0.994965
0.271377
1.81396
1.64779
0.681404
0.531995
1.16207
0.217306
0.276741
0.967629
-0.0412342
0.396424
1.65104
0.289231
0.273063
0.164213
2.64574
0.295221
-0.658025
0.349062
1.44741
0.587869
0.805842
0.668375
-0.365992
1.0638
-0.887078
-0.808991
0.168876
0.727984
1.48968
0.0637978
-1.13989
0.114989
0.913352
-0.294459
0.790233
1.28081
0.606127
1.10667
-0.0919157
1.32706
-0.783886
-0.0781032
-0.274726
0.490207
1.17184
-0.616207
0.497301
-0.0381963
-0.316951
-1.16363
-0.931428
1.57228
0.927852
1.75752
0.348568
0.85785
-0.310683
0.759469
0.337556
1.15233
0.650275
-0.086206
0.587017
1.1795
1.08523
0.952894
-0.527752
1.61328
-0.0255986
1.04218
0.320757
0.188662
-0.143348
-0.0757267
-0.750864
0.2468
0.117228
1.15452
0.491937
0.39452
-0.0772996
0.377404
-0.385857
1.62841
0.665063
0.0763105
-0.685242
-0.371785
0.692258
-0.131669
2.2785
1.41489
1.9341
0.0408095
1.76682
1.25181
0.822999
1.15782
0.169164
1.13151
0.772298
-1.02583
1.27587
0.837448
0.263451
1.34659
1.40857
0.110053
-0.208189
0.884963
0.980836
0.164383
-1.07725
-0.75545
1.44069
0.423242
1.40281
0.028538
0.325228
1.0696
1.03198
-0.127976
0.963456
-0.142946
0.386911
1.62273
1.32396
0.922804
1.92239
0.807321
1.41857
-0.0991974
-0.773536
1.49037
-0.251987
-0.172752
0.978812
-0.131159
0.919556
0.433529
0.858728
0.0465214
0.0803947
0.32297
0.513344
0.737997
0.218296
0.644171
0.348295
0.181438
0.457402
1.0861
0.861885
-0.551965
-0.293693
-0.30635
-0.0612921
-0.199094
-0.540021
1.07977
0.325682
0.0553201
-1.15711
0.0359341
0.206336
0.116436
0.958071
0.0816695
0.522285
0.1786
1.02961
1.58133
0.699682
-0.509105
0.0895151
0.0632049
0.301307
0.859197
0.838466
-0.231959
0.737793
-0.910122
-0.148023
-0.105534
0.011915
0.9981
1.05083
0.226147
0.216766
1.26786
0.540523
0.977586
-0.178142
-0.0766632
0.373765
0.171205
0.766491
-0.689921
0.276992
1.68316
-0.0132203
1.70182
0.878056
0.514632
0.257645
0.538222
0.951783
-0.167437
0.914735
1.33866
0.0470038
-2.87184
0.362604
0.2211
0.920961
0.49689
1.04746
0.285168
1.31623
1.43721
0.300292
-0.0419323
0.484736
0.359284
1.38728
-1.40161
1.37598
0.685404
1.01021
1.74536
1.49617
-0.552281
0.711973
0.118351
0.672955
-0.252856
1.67052
1.40351
1.51639
0.151841
0.818642
-0.752149
-0.0907709
-0.582648
-1.40999
-0.223122
0.955875
-0.639274
-0.848867
1.00996
-0.467445
0.169415
-0.448749
0.822152
0.789474
1.02761
1.44999
1.30493
1.56297
0.169479
0.348294
-0.193746
1.36855
0.945518
0.28022
0.849618
0.605821
2.14255
0.220009
0.0523049
0.135144
0.620803
0.511316
-0.292089
1.43961
0.442613
-0.774536
-0.095251
1.20172
0.242313
-0.154989
0.869477
-0.0539926
0.97914
-0.102626
0.576682
0.657995
0.0401337
-1.1954
0.849286
0.530662
1.41304
0.419682
-0.219801
1.34445
0.63641
0.394615
0.698278
0.384288
1.02636
-0.283414
-0.0879971
-0.168226
0.922812
0.701464
0.0159817
-3.638e-05
0.852274
-0.997376
-0.122818
-0.0812773
1.08425
0.262412
1.05689
-1.62742
0.0447432
1.3185
0.692667
0.245892
-0.326036
0.248665
1.00658
1.71929
-0.114437
1.44196
0.987421
0.711535
-0.521274
1.18751
-0.0616125
0.139405
-0.338031
0.758195
0.0227784
-0.516298
0.914157
0.741827
1.16696
0.119987
0.226877
-0.364207
-0.0910042
0.801348
0.836367
0.411072
0.370069
0.226243
0.931889
2.40176
-0.669402
0.253942
0.908311
0.306771
-0.62461
1.28772
-0.668721
0.874865
0.238036
-0.280981
-0.0433549
0.729224
0.524891
0.976907
-0.829763
0.190562
0.327944
0.518678
-0.551896
0.92151
0.573469
0.476376
-0.185473
-0.405894
1.05508
-0.0231091
0.330385
2.12665
0.835425
0.842389
-0.386282
1.03203
0.658508
0.340446
1.01839
-0.0914909
0.683087
-0.685925
0.385682
-0.607245
0.709184
0.0930464
0.550082
1.63656
0.513391
1.23439
0.937847
0.294016
0.947743
-0.755122
-0.870777
0.266953
1.92468
0.957929
-0.776171
-0.491138
0.621965
-0.117018
1.30688
0.673281
1.09581
0.229266
0.322193
-1.09852
0.0220653
1.41588
-0.0727373
0.188786
1.24664
0.581613
0.832287
-0.0320977
1.14112
0.168011
0.984298
0.87047
1.15504
0.137482
0.164459
0.96911
0.175545
1.06059
0.264111
0.810034
1.23962
0.524779
1.68431
-0.019968
2.02495
1.57101
1.34065
1.10832
0.417098
0.1849
0.157384
1.41089
1.7558
-0.0486598
1.38837
1.51892
0.28263
0.456789
1.38426
1.17339
1.63165
1.79539
1.49626
0.454085
1.07236
0.357198
1.19565
0.51263
1.49236
0.281948
0.509875
-0.0065213
0.277895
0.837867
1.15212
0.819449
-0.0103134
0.877026
1.25476
-0.226595
1.27633
1.58664
0.625535
0.804984
0.363606
0.471713
1.53202
1.21163
0.883958
-1.56114
0.287105
0.80151
1.63046
0.364482
0.813987
-0.0161176
0.670586
-0.316094
1.28359
0.437313
0.449312
0.872194
0.664889
-0.0497778
0.277899
0.54655
0.916888
0.61679
-0.543156
-0.297808
1.66496
0.184472
0.681159
0.440267
0.173549
-0.759405
-0.418098
0.348312
0.684425
-0.352879
1.17777
0.341526
0.726367
-0.622365
0.344017
-0.649814
0.0381361
0.383623
1.17881
-0.139057
0.592074
1.87664
0.112024
