1.35294
0.184733
-0.427254
0.780107
0.0515908
2.03507
0.954975
-0.678493
0.127956
0.116306
0.885146
-0.45217
0.23576
0.394714
2.01259
-0.919556
0.388525
0.27255
1.82641
1.18926
1.2709
0.838639
0.796296
0.99243
-0.191391
-0.0408164
1.62141
1.22047
0.257605
0.281113
0.608511
1.27024
1.36556
0.799391
1.85755
0.550337
1.27326
0.473598
1.05811
0.232733
0.274762
0.942703
1.24321
0.0492735
-0.0235847
1.77211
-0.257206
0.837229
0.260837
0.758477
1.50008
1.05613
0.470006
1.14396
-0.145908
-0.353248
1.48924
0.70605
-1.32866
-0.0108416
1.12589
1.22435
0.9354
-0.0749754
-0.277668
1.60887
-0.785146
-0.730351
0.61123
1.60213
0.0133108
0.146486
0.538116
0.425282
1.2987
0.713518
1.09189
1.66442
0.825131
-0.279974
1.10752
-0.966067
-0.0646246
0.720136
0.658992
1.02149
0.872767
-0.14604
1.44541
1.32884
-0.0238652
0.110624
1.86411
1.15762
-0.0147036
-0.719203
-0.277244
0.377374
0.0869269
0.24224
0.669166
0.455714
-0.411531
-0.417367
2.15475
0.417939
0.447918
0.391776
-0.555651
0.415988
1.77621
1.3167
0.104682
-0.243345
0.566054
1.23189
0.593341
1.46401
0.270331
0.601666
0.511034
0.205527
-0.141614
0.847967
-0.0341973
0.312243
0.668117
0.044783
-0.254237
0.674194
1.26289
0.0949428
0.831747
0.0985076
-0.873023
-0.778943
1.48498
1.00687
-0.656991
-0.215626
-0.729418
0.907875
-0.521557
-0.225607
-0.403718
0.352827
0.99967
0.666015
-0.174973
0.856878
0.997339
0.401422
1.00525
0.801996
0.502964
0.61696
-0.345615
-0.635699
0.523405
-0.255961
1.1282
-0.293591
0.882299
0.523259
1.19266
0.0277058
-0.152699
1.52396
0.715783
0.265537
0.737903
-0.0745938
-1.56198
0.761838
0.485386
0.350218
0.788675
0.205138
1.72639
-0.885659
-0.240334
1.84229
0.712604
0.391057
-0.0295413
0.552458
1.75345
0.460686
0.685125
-0.110925
-0.700218
1.34924
-0.483478
1.34817
0.459494
0.0840069
0.763391
1.90196
0.961014
1.45971
0.81494
0.0108461
1.37189
0.988798
-0.251122
-0.494113
-0.342122
-1.31872
1.00337
-0.295034
0.949131
0.283663
0.313572
-0.312418
0.360554
0.677287
0.347703
1.36483
1.49562
0.878821
-0.0566786
0.849262
-1.09292
0.672148
1.14224
2.33419
1.38956
-0.154603
1.45575
0.307868
0.683262
-0.325784
-0.499619
-0.235321
1.06538
-0.161017
0.533417
0.793124
0.140946
0.114734
1.59773
-1.11311
1.10665
0.575402
0.276633
0.106628
1.47947
0.61666
1.16017
1.33683
-0.372241
0.317663
0.296954
1.18868
0.373379
0.200629
-0.467934
-0.67689
1.57029
0.949767
-0.755941
0.560166
0.606289
0.266955
-0.848553
1.44939
1.40558
1.5684
0.575079
1.44223
0.103059
1.27389
0.938027
1.18915
-0.393833
0.774915
-0.145258
0.931461
-0.0648547
0.912398
0.47522
0.199869
0.927101
0.281742
0.981974
-0.321526
1.03469
0.53093
0.667534
-0.0177014
0.370854
-0.37407
0.141375
0.46504
0.373238
1.0872
1.75488
0.654959
0.553603
0.944271
0.132398
0.103334
0.678093
0.242971
-0.416583
1.94669
0.898221
1.14639
0.671736
-0.214038
1.27338
-0.311972
-1.11424
0.268943
1.39701
2.70162
0.67848
-0.0453389
1.14356
1.1712
1.62868
-0.792255
-0.204147
0.754584
0.127752
0.977662
0.774377
-0.597528
0.439003
0.835525
0.798331
0.255017
0.663778
1.47991
-0.422683
-0.14135
0.120151
-0.183997
0.769058
1.74045
1.49011
0.452039
0.529122
0.286455
-0.102964
-0.0436369
1.17296
-0.528179
0.39728
-0.389431
0.694641
0.748841
0.208922
1.37278
0.0655157
0.641844
-0.345484
0.0477255
0.418585
1.14357
0.306344
0.719908
0.0626676
-0.637066
1.22703
0.725146
-0.418211
-0.127214
0.50253
0.748998
0.519697
0.784175
0.111121
-0.249402
1.65068
0.573796
1.07717
1.37076
0.738083
0.662797
1.09306
-0.196791
0.762628
-0.433334
0.249976
1.45894
1.13669
0.705994
0.281006
0.180341
0.637463
-0.196798
0.745502
-0.146988
-0.391088
0.946977
1.9888
-1.04616
0.404473
0.897038
0.12338
1.22744
0.416297
-0.256516
-0.0880738
0.787703
1.15391
0.382308
0.293206
0.0617963
0.536692
-0.570308
0.449836
0.515769
0.218788
0.0420643
0.786325
-0.101091
0.767967
1.52172
1.07003
0.508829
0.968926
-0.913892
0.888558
0.577438
1.85698
1.74131
0.942855
0.311712
1.1943
-0.224689
-0.901729
0.229977
0.77624
0.519997
0.983923
0.606552
1.30465
1.10036
-0.934513
0.945259
1.14942
1.30003
0.83655
0.0300777
1.64856
1.93611
0.751704
-0.163974
0.166695
1.87825
1.17418
1.28143
0.24831
1.396
1.61575
-0.206741
0.3074
0.0896709
-0.172474
1.30406
0.643988
1.36549
1.92087
0.545811
1.69295
0.439834
0.618486
0.612488
0.500519
-0.249219
0.435478
0.0568534
0.521936
1.26881
0.125186
0.125708
1.24414
1.12849
0.838841
0.619355
0.86283
0.385648
-0.825873
1.00145
0.179398
0.359774
-0.257356
1.16964
0.927962
0.393637
0.703984
0.493198
1.06379
-0.230477
0.686159
0.880945
0.48443
-0.150526
0.117129
0.50199
0.512963
-0.318306
0.183601
1.15017
-0.0560898
1.02433
0.292124
0.542013
0.138241
0.378462
0.225375
-0.0374501
1.2219
-0.310775
0.17709
-0.840415
1.70241
0.0136721
1.24843
1.13573
0.057989
-1.36514
1.0787
0.830609
0.496548
-0.608851
0.503457
1.21156
0.151245
1.6483
1.1117
1.02807
1.33685
-0.109098
0.69985
1.14432
-0.26912
0.07857
0.52901
0.132138
1.22088
0.446239
-0.408371
0.775925
-0.00403282
0.541778
0.535742
1.3602
0.227747
0.430526
-0.35499
0.425332
1.18785
0.454569
-0.346051
0.152606
-0.0703238
1.46672
1.03309
0.646568
1.85606
1.09135
-0.752799
0.670239
1.50272
0.298299
-0.148662
0.973642
0.691105
-0.545932
0.0061858
1.4101
0.246184
-0.193701
0.451213
0.0531674
0.464957
-0.293272
0.157937
-0.438852
-0.317219
-0.230429
0.729025
0.839233
2.16554
0.377422
0.767173
0.321264
-0.459065
0.0510765
-0.00989429
-0.0833138
0.430589
0.273494
0.182039
-0.193534
0.401899
0.720248
0.208997
0.0735207
-0.620583
-0.105283
-0.200151
0.539285
-0.544455
1.21442
0.706922
0.267858
0.632371
0.347058
0.578473
0.822397
0.87325
1.74055
1.73578
0.491653
1.21776
-0.04893
0.0138508
1.16064
0.400013
0.296038
0.279771
0.733087
0.291473
1.09361
0.228101
-0.420753
-0.00681235
-1.63947
0.48883
1.26088
0.444416
1.19439
0.310848
0.349621
0.283781
0.738338
0.743441
0.803602
0.325018
1.11599
0.41384
1.02252
0.360492
1.33255
1.07046
-1.66482
1.07269
-0.2647
1.65154
-0.246129
1.62391
1.41387
1.24262
1.3384
1.14514
-0.228416
0.857382
-1.72892
0.848375
1.11966
1.89881
1.1058
1.56381
1.25625
1.39771
0.0701305
0.00997267
0.533838
0.567206
1.69428
0.836759
-1.24852
-0.0449394
1.30559
0.100621
-0.316445
0.0827316
0.596308
0.560233
0.430755
1.57687
0.0176074
0.35055
0.212926
0.821671
0.94347
0.886545
1.40415
-0.197398
0.466487
1.19241
2.21052
-0.133179
0.533136
-0.861491
0.971173
0.75328
-0.0122442
-0.159929
0.344851
-0.180911
-0.225592
0.458908
1.39132
1.06368
0.675334
1.23276
0.522912
1.02399
-0.12807
0.34971
1.5201
0.433248
0.189674
-0.191813
1.40339
2.23721
-0.109204
-0.391171
0.337169
0.0760079
1.13111
0.90534
1.59783
0.950384
1.3621
0.274681
0.905083
0.467235
1.55683
1.50948
0.879378
-0.0997921
-0.656965
1.50857
0.63815
0.267735
2.15854
1.14539
0.884837
0.938028
1.19959
0.382122
-0.406356
0.731233
2.31543
1.70717
0.605974
1.25738
-0.0228394
0.377172
-0.315646
0.26427
2.26269
1.18736
0.429187
-0.118406
-0.168252
0.229155
0.710758
1.37024
-0.0367953
0.404891
-0.118467
1.48946
0.368492
0.616819
0.327552
0.428729
-0.273376
0.336847
0.275941
0.561804
0.927032
0.991002
0.911254
1.66968
0.438601
0.390695
0.613103
1.04036
-0.27534
-0.345616
1.1564
1.23994
0.727378
0.349099
0.00209531
1.31834
0.925761
0.947284
0.475383
-0.552331
0.124159
1.33503
1.21447
-0.388322
-0.436937
1.51878
-0.229262
0.684528
1.23228
0.441304
1.17038
1.13266
0.075749
-0.741982
-1.38386
-0.519645
1.04997
0.708244
1.15048
1.15842
0.467858
-0.681828
0.912529
0.893327
0.0811059
0.3261
-0.255023
0.674017
0.526563
1.45689
-0.377925
-1.2778
1.18653
0.368982
1.74108
0.476698
0.538504
0.874698
1.60858
-0.719539
0.391522
-0.84881
0.174559
0.331214
0.497062
0.373939
1.27084
0.608744
0.798144
-1.07919
1.4007
0.130376
0.208601
0.291458
0.446201
1.49824
0.591401
-0.307563
1.38071
0.400279
1.55437
-0.501064
-0.865822
0.747731
0.720796
0.83986
-0.48325
-0.329361
0.625688
1.3956
1.34331
0.900804
0.00211372
-0.925619
-0.27414
1.31182
0.838273
1.42152
0.765187
1.42121
0.5716
1.32492
-0.875477
0.715418
2.08054
0.883138
-1.47181
0.442951
0.342918
0.858106
-0.267929
0.0394858
-0.831626
1.94805
-0.638678
0.707257
0.365227
1.09537
0.0424967
1.04763
0.0902123
0.292686
0.692241
-0.243823
2.11605
0.344688
0.175805
0.109406
0.232701
1.43695
0.414238
0.659404
0.426467
-1.16886
-0.142438
-0.00401475
1.58664
0.922429
-0.0646209
-0.186647
0.626832
-0.0851783
0.571359
1.25987
0.468594
0.0687832
1.02896
-0.135139
-0.376493
1.62977
0.369204
0.454305
0.759076
0.550585
0.908543
0.416333
-0.165612
0.412353
1.42557
1.18323
0.533437
0.949641
0.55918
1.37271
1.43823
0.185267
0.583646
0.727093
-0.151926
1.14912
-0.174588
0.225201
1.11114
-0.111423
0.527534
0.466707
1.37205
0.759791
-0.642859
-0.781591
-1.53761
0.574925
-0.280916
0.450416
0.961728
1.14119
0.732162
0.60831
0.668756
0.212248
0.0106634
-0.0825737
0.249885
-0.210694
-0.86889
2.18741
0.241652
0.216616
0.77856
1.58089
-0.0893888
1.01833
1.21322
-0.100267
-0.765227
-0.356273
-0.0962814
-0.0857132
0.934085
0.923624
0.5676
-0.648643
-1.6626
-0.21526
-0.633267
0.378449
1.72646
0.251283
0.0933922
0.3875
1.93159
-0.302298
-0.320858
0.886926
-0.8306
-0.757431
-0.837072
0.00323145
0.848369
-0.216332
0.974581
2.18105
0.310351
0.581519
0.960021
1.03061
0.641688
0.641714
1.1217
1.26167
0.899
0.761337
1.09263
0.317735
1.01668
0.465547
0.426184
0.892846
1.51704
1.0277
1.55583
0.876078
1.0755
0.479139
1.01086
-1.10584
0.478139
0.146714
0.00420543
1.35079
1.5138
1.43212
1.22491
-0.162593
1.61227
0.579024
-0.204781
0.80551
0.111031
1.26449
0.427981
0.105272
-0.199906
1.50851
1.54415
0.372204
-0.912662
1.29664
0.429228
0.403375
0.908211
0.701268
1.42843
0.501104
0.670478
-0.0333192
1.45554
-0.378232
0.503471
-0.638385
0.637053
-0.523874
-0.202466
1.25053
0.58632
1.50848
1.28793
1.64847
-1.08652
0.220063
1.89218
-0.565588
0.692545
0.418304
0.576311
0.75598
0.312211
0.645434
0.500421
0.649097
1.45336
0.23301
1.77224
0.761108
0.749797
2.31858
1.44511
1.87214
-0.192871
0.890793
0.322836
0.0426982
1.22817
1.34532
0.968367
1.24417
-0.232071
0.712734
0.299682
1.10787
1.65499
-0.662616
0.427796
1.18701
-0.759858
1.44169
0.252134
0.290255
-0.231469
0.41045
1.13574
1.08135
0.35986
1.28061
0.616147
0.03841
-0.0576994
0.463028
0.512593
0.0704955
-0.119451
0.0557398
1.34211
1.10605
0.197481
0.359431
0.273239
1.62421
0.265294
0.338357
0.405509
0.629096
0.150215
0.616818
1.52033
-0.356387
0.179706
-1.04222
-0.485923
-0.348719
-0.0129365
0.766349
0.985733
0.679627
-0.0315891
0.919272
0.293369
0.482786
1.46969
2.01718
0.438683
1.58026
-0.00889398
-0.371533
1.74164
-0.237084
0.130562
0.862928
0.647388
0.726176
1.42642
1.67872
0.887172
0.28258
0.728355
0.895632
1.60965
0.689504
1.11474
-0.0663311
0.515991
1.88704
-0.737695
1.36532
0.88505
0.418934
-1.38114
1.41629
1.04033
0.88275
0.32443
-0.00981124
-0.338931
1.55755
0.012433
-0.865038
1.46184
0.897524
0.189141
0.901367
0.571164
1.31821
-0.0953164
0.47779
-0.125791
1.04116
0.907426
-0.316556
0.982386
-0.368342
1.22502
0.0559532
-0.661155
0.866631
0.238617
-0.0845146
2.00923
1.09314
1.70858
0.147163
-1.17809
0.873415
0.680251
0.765959
1.73361
0.590469
-1.12635
0.692503
1.33648
0.930304
0.571868
0.335063
-0.227297
-0.405788
0.19411
0.578282
0.645612
-0.0899293
0.614131
0.0256965
0.869413
-0.216129
1.73803
1.47824
0.935748
0.713009
-0.351294
0.342398
0.746434
-0.118413
0.0273358
-0.882486
1.23375
0.927029
0.42689
0.385301
0.132764
0.514473
-0.0163427
0.185045
0.742872
1.30658
1.87432
-0.149278
-1.37461
0.940564
0.274776
0.523135
0.394838
0.833102
0.165755
-0.166782
-1.94335
-1.18857
-0.0602587
1.329
1.54038
-0.547784
-0.472086
0.578204
1.60264
1.14229
-0.13966
0.552347
-1.28656
0.497976
0.850319
0.61685
1.0495
0.712134
-0.637745
0.5854
0.631415
0.439642
-0.662451
1.03415
0.684922
-0.309439
1.245
0.895649
-0.815054
1.72064
0.940519
-0.672833
0.593502
1.14593
-0.406074
1.10504
2.10311
-0.0159082
0.686004
1.7113
-0.197921
-1.0006
0.0593845
0.73133
0.630047
1.58079
-0.0821655
0.807334
0.115119
-0.213178
0.330583
1.29041
0.796395
0.792952
-0.938061
0.00520507
0.0449724
-0.280462
0.92322
0.681383
0.800989
0.528412
-0.391846
1.06496
-0.264765
1.68063
1.28392
-0.601557
0.0243112
0.47632
-0.443988
0.451784
1.06315
0.558059
0.992177
0.802489
0.300985
1.04297
0.85646
0.0555176
1.31669
0.214568
0.404356
-0.357937
-0.191715
0.0291448
0.648878
1.69373
1.13314
0.71139
1.12248
1.69864
-0.112665
-0.0408703
1.26295
-0.439969
1.65531
0.390731
0.0585311
-0.218399
0.00333177
0.74875
1.23291
0.855066
-0.993244
1.39432
-0.968086
0.310633
1.24865
-1.48713
1.04631
0.883618
0.393253
-0.232268
0.168979
-0.446769
0.0172031
0.287707
1.71726
2.10637
0.0151782
0.694079
0.291106
0.498817
0.633567
-0.851905
-0.117801
-0.27274
0.236654
0.458749
0.458065
1.1805
0.0467989
0.0182817
0.918092
0.86203
0.25714
1.50913
0.481909
1.1804
0.79159
0.815474
-0.195989
-0.175975
0.637583
-0.201236
1.40703
0.419007
0.176692
0.232718
0.344351
0.823779
1.22979
-0.548538
0.47471
-0.145905
1.30061
0.417929
0.167156
0.476187
-0.323106
-1.37388
0.506877
-0.259942
1.12303
0.215662
1.09606
0.629269
1.04751
2.57656
1.58348
1.3444
1.82384
1.55677
0.686478
-0.212255
0.28889
0.104215
1.21538
-0.288049
1.03064
-0.32742
-0.606083
0.607545
0.0381907
-0.352285
0.497524
0.141822
-1.59181
0.328599
0.611853
0.188789
0.11492
0.157444
1.01219
-0.655565
1.54661
0.287486
-0.117191
0.135943
0.959351
0.254532
0.737346
0.561112
0.568695
0.0877498
0.713354
-0.14318
0.588552
0.972116
0.76136
1.04273
-0.198985
1.45658
0.640437
0.638311
0.35768
0.699679
0.391311
0.432318
0.706754
0.710482
0.117939
0.361861
-0.611559
1.12253
0.998846
-0.882111
-1.00579
0.0296965
0.512003
-0.358053
0.79195
1.04101
1.11568
0.514806
1.4458
1.31872
0.741016
0.0630531
-0.055773
0.866462
0.348732
-1.0482
1.16716
0.88901
1.35484
1.01246
-1.0689
0.495256
0.515274
0.046552
1.49445
1.12281
-1.19145
1.36111
0.928055
-0.789287
1.19302
-0.110284
-0.390392
1.01928
0.76033
0.742255
0.700389
-0.341618
1.38417
0.745918
1.11959
1.38841
1.25315
0.565231
1.95496
-0.734472
-0.19819
0.659636
0.456259
0.65767
1.35832
-0.185498
0.396295
-0.70868
-0.724225
-0.198805
-0.869657
-0.682251
1.15877
-0.275539
1.57633
1.46309
-0.00522723
1.14991
1.04914
0.490541
-0.192549
1.01591
0.726748
-0.266959
1.47076
-0.140774
1.22075
-0.385542
-0.919931
0.698871
0.0189722
0.308915
0.410108
0.0823832
-0.360504
1.53895
0.597507
0.686324
1.27201
0.246462
0.649496
-0.186057
1.12817
-0.712743
0.957105
0.313952
-0.0285074
0.226576
0.163042
-0.937057
-1.26732
0.656843
0.302534
1.59872
1.27471
0.309683
0.140993
-0.164318
-0.266516
-0.269775
-0.28972
0.324906
0.0432811
-0.100481
0.797656
0.282643
0.165738
0.727765
0.457423
1.39807
0.266794
1.23178
0.985786
0.265841
-1.5766
1.59482
-0.223523
0.892412
1.03519
-0.955075
0.213159
0.659361
0.857824
0.886835
1.66918
0.517233
0.931788
0.671478
0.894384
0.629888
0.0983284
0.719443
0.894393
1.06228
1.01672
0.258775
-0.746161
0.605639
0.0258233
0.804872
0.340253
-0.00375511
-0.81648
0.341368
0.0323882
0.249546
0.147674
-0.0562129
-0.59042
0.427683
-0.623103
1.49539
0.418251
0.201154
-0.110281
0.886296
0.0839886
-0.272002
0.343825
0.898774
0.710149
0.109358
-0.749667
0.551241
-0.021356
0.16044
-0.0523577
0.607474
0.50249
1.2654
0.307747
0.103413
0.484619
2.32043
0.570628
-0.0422339
0.449586
1.25874
0.258225
-0.58627
0.0206875
0.510647
0.864015
-0.000279803
-0.205376
0.241695
1.08283
0.505413
-0.340887
0.159993
1.71492
-0.340096
0.839939
1.05803
0.652533
0.23362
0.788616
0.492554
0.607506
0.887882
0.847132
1.00147
1.18781
0.892684
-0.329842
0.381188
-0.674038
0.538649
-0.71914
-0.242276
-0.506047
0.979495
-0.190242
0.655224
0.474967
0.481012
0.959754
1.29231
0.584228
0.100861
0.662734
-0.961506
0.961993
0.708978
2.68717
1.6933
1.19844
1.56836
2.11842
1.34679
0.744618
1.6492
-0.1702
-0.632289
0.0924723
1.72558
0.928528
0.808767
1.4198
0.558689
1.03695
-0.0683199
0.877149
0.796341
1.55974
1.26194
0.534188
1.28128
0.263568
0.789634
1.07722
0.691461
1.46924
-0.676042
1.58095
1.67377
1.9392
0.460235
1.23823
-0.435132
0.943906
0.826061
-0.521114
-0.545921
1.14996
0.572581
0.0260169
1.18691
0.124055
0.800209
-1.13963
0.598621
0.217384
-0.0258144
0.987284
0.175006
-0.187679
-0.643205
0.0909503
0.961551
-0.595064
-0.36095
0.528823
0.480037
0.607002
-0.0645514
0.780563
-1.4318
1.08037
0.735024
-1.10319
1.72021
1.49758
0.183075
1.23029
-0.914085
0.389381
1.31559
-0.223859
0.637839
0.170745
-0.0889942
0.560789
0.458458
-0.494459
0.721832
0.928407
1.29475
-0.999771
1.07634
0.745867
0.407625
0.457661
0.74755
0.220375
1.72722
0.438407
0.366739
-0.0881195
-1.11312
0.669546
1.58463
0.881715
0.0894552
-0.406286
1.32598
0.853955
-0.150243
0.668019
1.16432
-0.351542
0.939533
1.27566
-1.261
1.16553
0.123304
-0.699618
1.07604
1.2195
-1.2621
0.209777
2.22069
0.471604
0.04639
1.07147
0.920536
-0.0343794
0.581856
1.52546
0.828696
0.255689
0.562977
1.02888
0.625909
1.06655
0.212885
1.20843
-0.0704025
0.981388
-0.869765
1.06889
0.0955426
0.160944
0.19315
2.41009
0.477388
0.451556
0.802222
0.493679
0.661393
0.187814
-0.208613
0.756728
0.0763655
1.56574
0.379207
1.37123
0.814572
0.933835
0.829374
0.395198
1.2681
0.263517
-0.469987
0.779605
0.710767
0.137206
0.699905
1.44106
0.847225
0.379938
1.40983
0.979586
-0.373548
0.843317
0.370773
0.130778
1.30569
0.0630144
-0.252387
0.632422
0.0162837
-0.42367
1.51438
1.87455
1.24231
1.18792
-0.0905414
0.698353
-0.0813052
-0.522673
0.398626
0.00772759
0.232925
-0.106253
0.0416222
-0.268433
-0.770854
0.105788
0.678034
1.31424
1.35916
0.0171145
1.55048
0.058222
-0.27694
0.428843
0.604134
0.797583
1.68461
0.843121
0.397849
1.65206
0.302299
0.830294
-0.429963
0.519683
-0.188104
-0.814509
1.37109
1.4088
-0.550474
0.175087
0.389404
0.92125
0.373059
0.00236682
1.12507
1.5393
0.0352768
0.00255939
1.86191
0.557954
-0.0711773
-0.0909101
-0.0369945
0.247971
-0.51273
0.700073
0.475338
0.768915
-0.54422
1.21823
0.571874
0.413369
0.0318189
-0.0396278
1.71233
-0.603792
0.669954
0.814639
0.28783
-0.214397
0.459192
0.371692
-0.00423568
1.69889
1.55704
0.712716
0.0844129
0.408788
-1.17709
-0.463165
-0.579484
1.55683
-0.0381135
0.105768
0.854485
-0.889713
0.861343
1.25804
1.43639
0.316659
0.529284
0.995647
0.146716
1.41075
