1.18787
0.527813
0.644167
-0.0690015
0.890777
1.22777
1.45807
0.652776
-0.399502
0.486585
1.65721
-0.245206
-0.618374
1.23037
0.150073
0.00248718
-0.274516
0.810873
1.37903
0.163274
0.302837
0.0941593
-0.103156
0.283518
-0.730872
1.10974
-0.422901
1.12263
0.249073
0.653571
0.642478
0.761076
-0.448591
0.520896
0.67141
0.0603728
0.503612
0.902007
1.34566
0.188555
1.66199
0.702604
0.273831
-0.395533
-0.0261167
0.617548
-0.0706706
0.541918
1.30428
1.34518
0.965964
-0.549938
0.600327
-0.483613
0.413097
-0.0127521
-1.10625
-0.918007
-0.81525
0.479079
1.11709
-0.268417
1.13197
-0.196417
1.60658
0.382576
1.01467
-0.116521
-0.38446
-0.353502
1.4044
-0.429151
-0.450575
0.734537
0.232683
0.953469
0.202367
0.196426
0.568345
0.840974
1.05378
0.219889
0.0706544
-0.173199
-0.852948
1.01309
0.593509
0.809265
0.144585
-0.18559
0.573566
1.29735
0.916283
0.431098
-0.45661
0.485794
-0.178188
0.275973
1.14605
-0.966931
0.816101
-0.219405
-0.639728
1.04723
0.0188891
0.701698
0.173436
-0.278128
1.79535
0.346806
1.89152
0.978497
0.047656
0.299483
0.218275
1.08139
0.430335
0.98375
0.338389
0.620742
0.814705
0.614763
0.564525
0.388361
0.551005
0.22883
1.49396
0.831247
0.10628
1.82945
0.653489
0.485862
1.54902
1.14547
0.962809
0.135258
-0.968526
0.957036
1.20062
1.41426
0.932748
0.553512
1.42094
1.19067
-0.444869
0.913828
0.561046
1.50192
0.918341
0.400992
-1.00294
0.375224
1.79423
0.747761
0.722065
0.79056
0.805331
0.187945
0.630034
1.06455
0.66342
0.249062
0.369301
0.837438
0.489667
0.901786
0.424057
0.467039
-0.49657
0.35927
1.34995
0.98429
1.05659
0.842613
0.0762342
0.819554
1.42036
-0.228511
-0.386327
1.5341
0.395159
0.263694
-0.751797
0.112698
0.099398
-0.350619
-0.500322
-0.47673
0.319415
0.180243
0.142866
0.634732
1.18071
0.0212156
1.14315
0.489683
1.04356
0.566475
-0.272335
0.804444
0.0226133
0.640778
0.608487
0.410537
0.932008
0.0318613
0.892017
-0.00860592
0.182072
-0.554949
0.883043
0.594619
1.69402
1.4497
-0.0896815
-0.416803
1.58438
0.0845179
0.519048
1.01756
0.302252
0.677775
0.775993
0.525375
1.72517
1.55285
0.509086
-1.007
1.25496
-0.310966
0.89491
0.285284
0.620795
0.608996
0.0992012
1.49123
-0.0269583
0.801656
0.788649
-0.371436
0.745212
-0.566185
-0.36509
-0.492451
0.709629
-0.106561
-0.45596
-0.583593
0.285973
-0.224599
0.407932
0.258674
-0.594751
0.620593
0.902452
0.645002
0.817888
-0.768829
-0.957176
1.67649
0.683325
1.22959
0.849167
0.513389
1.49033
1.16264
0.841663
0.415443
0.561826
1.18652
0.0331796
0.746677
0.825689
1.65817
1.35718
0.857351
0.943325
-0.186345
0.396285
0.519279
0.902329
1.13503
1.48131
0.218389
0.0403763
0.090058
1.2911
0.397557
0.581341
0.00561146
-0.00414973
1.13228
0.86379
-0.827076
-0.322394
-0.743359
0.133605
0.341982
0.968226
1.1075
0.962025
-0.195302
0.991657
0.313054
0.749491
0.559317
0.529984
0.190385
1.01831
0.579098
0.977758
0.877274
-0.329697
0.147705
0.439535
0.686311
0.463068
0.757688
-0.110062
0.108617
0.266003
0.670217
0.826539
1.57283
1.56204
0.0925728
1.40942
0.966395
0.758693
1.29706
-0.23376
0.44503
1.24721
1.21284
-0.260414
0.291277
0.104551
-0.0876654
0.0161354
1.2785
0.581312
0.581953
1.82957
0.512096
-0.302868
1.20383
0.72699
1.24784
1.48775
2.20783
-0.593196
0.242399
-1.33203
0.262367
0.45635
0.58896
0.621364
1.09083
0.218621
1.24452
0.127884
0.281144
0.125834
-0.134154
0.0884179
1.0679
0.686976
0.385591
0.982042
0.604156
-1.37283
0.820551
0.814329
0.744816
-0.129287
-0.391521
1.6406
-1.45318
0.363017
0.258867
-0.805143
1.323
0.785706
1.05678
0.785699
0.357527
0.732376
-0.85848
2.29979
-0.0574553
0.616766
0.8004
-0.183273
0.855215
0.0599247
0.381001
0.333861
0.262861
0.00817403
-0.70861
-0.0643908
0.796588
1.67672
0.629368
1.66759
1.77242
2.03387
0.226672
0.569203
0.683094
1.5138
1.15663
0.387878
1.61645
0.0489829
0.428868
0.245217
0.486006
1.01726
0.298141
0.342805
1.00492
-0.355964
1.08084
0.290879
1.1154
-0.17885
1.1418
0.338963
-0.268215
-0.241423
-0.392386
0.839548
1.13727
0.0978947
1.311
0.123186
0.445797
0.0999174
-0.0700879
0.710611
0.330482
0.374923
1.556
0.124256
0.0986312
-0.340757
0.692147
0.539633
1.8517
0.125182
0.735582
0.270185
0.247134
0.36883
1.05567
0.431164
1.03508
0.143879
-0.179236
0.498477
0.125043
0.709652
1.09296
-0.529948
-0.203602
-0.68155
0.412937
0.393449
0.419218
0.569189
1.85156
-0.622179
1.52285
0.00556089
0.556781
0.839351
0.786369
0.334786
1.0702
0.807325
1.18912
0.932569
0.407201
1.05998
1.3757
1.52168
-0.397031
1.00325
1.48236
0.111065
0.418631
0.190812
1.1358
1.40822
1.06881
-0.559399
0.609195
0.423854
0.311624
0.547566
0.236867
1.37964
0.106918
1.02553
-0.769423
0.594394
0.759997
1.17592
0.57322
0.99782
0.848883
0.00297502
0.612271
0.7904
1.40199
0.0960876
0.968561
0.334731
1.11917
0.540118
0.365698
-1.05219
0.594823
1.052
0.606972
0.244192
-0.0837411
1.55197
0.369269
-0.2617
0.0308384
0.64393
0.253811
1.60842
0.150872
0.422173
0.104884
-0.0983367
-0.00226407
-0.843812
0.193233
0.129749
0.807482
0.75573
0.440403
0.991622
0.974691
0.128982
0.743206
0.851529
1.03559
1.37008
1.12577
0.240005
0.473985
1.74016
-0.26801
0.630328
1.08082
0.674706
1.11971
0.619469
1.495
0.520771
0.919479
0.64787
0.145807
0.513855
0.750458
0.221127
0.798461
0.746266
1.2355
0.994021
-0.377999
1.21544
-1.2457
0.325718
1.19719
0.50249
1.78707
0.5369
0.593391
1.02213
0.921163
0.099783
1.27965
0.728677
1.05561
1.11072
1.07692
-0.693125
0.252964
-0.185238
1.28912
0.110461
-0.387926
-0.457877
0.360227
-0.0431993
0.49813
0.0713884
-1.26672
0.130532
-0.153826
0.909147
0.328391
0.407881
1.82736
0.564345
1.28403
1.37541
0.599119
0.0603599
0.146611
0.401835
0.884954
0.432038
0.531934
1.36605
0.886456
-0.300275
-1.1992
-0.13383
0.157663
0.22717
-0.0945243
-0.177
1.84041
0.511097
0.922401
0.685204
-0.505788
0.990795
1.81558
1.50647
0.487708
0.420289
0.00542231
1.04479
-0.754121
-0.405779
0.473146
0.834228
-0.262165
0.660612
0.478988
0.0846391
0.433958
-0.953022
0.381876
1.43156
1.64025
-0.12317
0.0321733
1.37907
1.15309
0.82121
0.906525
0.0536004
1.40621
1.31587
-0.101063
0.393154
0.952249
-0.266975
0.0506346
0.151628
-0.827737
1.20751
1.27726
0.462439
0.787009
-0.58671
0.178316
0.143055
1.30261
-0.115796
0.725593
1.24132
1.09743
0.565472
0.408936
0.461659
0.620302
0.518065
-0.166398
0.203149
0.357978
0.923585
1.16103
-0.11422
0.750486
0.648599
0.0580307
0.287211
-0.610791
0.291397
0.704432
0.932411
0.546183
0.516363
0.788476
0.274806
-1.27868
0.969856
1.02867
-1.24988
-0.0108379
-0.152979
0.139074
0.465406
0.880398
-0.566075
1.46538
-0.0608932
0.335877
0.460573
0.351195
1.47854
0.286744
1.49349
0.740625
0.974785
0.257109
0.0927219
0.0890643
-0.326323
-0.640104
-0.427281
0.409674
0.614093
-0.455448
-0.00227688
-0.206686
0.69552
-0.107768
-0.346136
-0.0175748
0.499424
-0.476046
0.686931
0.832804
1.59685
0.0822659
0.496275
0.967247
1.68517
0.314812
0.100605
0.15925
-0.37763
0.669493
0.876002
0.31634
0.987449
-1.14381
0.380634
-0.547947
0.715757
1.32179
0.0595822
0.0704443
1.10047
-0.0472642
-0.0960895
-0.233205
-0.848855
1.15504
0.999326
0.180764
0.918002
0.927929
0.226314
-1.2267
0.651511
0.894286
0.914944
0.960221
1.4787
0.505925
1.58856
1.07987
0.460503
0.0632156
0.756392
0.777791
0.690352
0.271299
0.950697
1.39453
0.538829
-0.0689542
0.771961
0.342858
0.631468
0.35525
1.08951
0.142378
0.40149
0.316764
0.30223
-0.0339459
0.0997245
0.430563
-0.0429333
0.840198
0.440764
-0.180903
0.690047
-0.374898
1.35364
1.22353
1.00717
0.380835
0.877761
0.0888349
0.196878
1.07455
-0.642448
-0.14892
-0.123674
1.26423
-0.219832
0.829201
0.777992
-0.687297
0.308465
0.846519
0.113616
0.76311
1.045
0.664001
-1.03617
-0.179909
-0.103636
1.00267
0.109816
0.191959
0.566008
0.827178
0.639886
0.483563
0.784226
-0.210791
1.11532
1.04416
-0.725142
1.45185
0.500202
1.563
1.31035
0.0311792
1.89024
0.266939
1.24997
0.555985
1.07542
0.660655
0.272955
0.0388632
0.301598
1.53005
0.331469
-0.356466
-0.539464
0.859679
0.969434
0.64893
0.345965
0.17773
1.58608
0.421934
0.0854827
-0.250837
1.02928
-0.443617
0.282504
0.388771
0.136282
1.12344
1.57978
1.5016
1.09213
0.444273
0.555701
-0.632145
1.01651
0.230536
-0.366172
0.575862
0.819801
-0.180784
1.65588
0.321102
-0.310426
1.51776
-0.110982
0.279346
1.59995
0.675234
1.55708
0.7735
0.439985
0.055472
0.175816
0.887975
-0.646904
0.253095
-0.0299911
0.370458
1.74661
-0.0965769
0.701163
0.703541
0.937053
0.583647
0.71415
0.246669
-0.602875
-0.201746
0.17197
1.70615
-0.141103
1.81987
0.718518
-0.100348
1.89506
0.558525
0.439151
-0.261993
0.412175
0.735655
0.0293477
0.989253
0.220603
0.424658
0.529142
0.394949
1.28846
-1.05186
0.187228
0.688198
0.242999
0.593736
1.06503
0.0150092
-0.408822
1.81228
0.54285
1.41029
0.882173
0.98141
-0.0865857
1.09263
-0.449123
1.24801
-0.434804
0.606758
1.35512
-0.580606
0.898137
0.181228
-0.29638
-0.293766
-0.843357
-0.0783399
-0.0255674
0.690567
0.374047
0.0383099
-0.396956
-0.0956333
0.154709
-0.126015
0.737085
0.0910792
1.10861
-0.0327093
-0.772427
1.36775
-0.589646
1.463
-0.107812
1.55264
1.17651
0.299639
-0.438981
-0.164258
-0.347415
0.359497
0.793819
2.2347
0.98407
0.199412
0.291332
1.13641
0.683389
0.562461
0.673452
1.00775
0.723475
0.0457792
0.231858
0.10958
0.192951
0.6834
0.68998
0.577522
0.414079
-1.13913
1.68125
0.517882
1.19263
0.737136
0.124472
0.613114
0.95932
1.23911
0.794625
1.61179
1.03844
0.773614
0.863978
-0.194024
0.223571
0.825334
1.11073
-0.0562478
1.02465
1.05182
0.160983
0.555472
1.41224
0.425257
1.12481
0.312053
0.501307
0.247327
0.940398
0.888589
0.446944
0.713215
-1.10225
1.03738
0.358355
0.996782
-0.0532481
0.612079
0.968749
0.794889
1.10023
1.38205
0.817337
-0.723385
1.53075
0.644223
1.18308
0.809483
-0.130054
-0.0842682
0.795695
0.594324
1.14212
1.07282
1.55142
1.1583
1.2895
1.67825
0.877465
1.42555
0.492763
1.01125
1.68805
1.25932
-0.302692
0.836882
0.978464
0.769786
1.40797
-0.25872
-0.605697
0.524472
1.99071
1.09158
0.567291
0.776586
-0.0562561
0.643908
0.995021
0.53766
0.799656
1.32819
0.825363
1.0138
-0.19064
0.663627
-0.911155
0.836848
-1.12244
-1.23396
0.541628
0.66254
-0.689832
0.132806
-0.0263514
-0.424521
-0.0012198
0.511021
0.457175
0.351259
0.529162
0.37427
-0.0232547
-0.113626
0.632981
0.462279
1.02553
1.47953
0.351483
0.57093
-0.630804
0.761902
0.885258
0.326557
-0.0191045
0.208892
0.475617
0.0268125
1.8935
0.0660542
1.11752
0.55046
0.485448
0.41197
0.183996
1.15569
0.665817
0.0661631
1.07529
0.529745
-0.618894
0.25433
0.585694
1.33017
0.875559
0.259974
-0.186742
0.758946
-0.121198
0.233316
0.825981
-0.00814849
0.127474
0.616179
0.839555
0.54248
-1.03036
-0.00873277
0.0858989
-0.307946
0.527576
1.01159
0.88135
1.18255
-1.34778
-0.164359
0.641005
0.74698
1.14989
-0.0874346
1.70524
-0.853477
0.461122
0.774058
-0.330865
-0.0690171
1.10645
0.186724
1.44993
0.552342
1.00535
0.320344
-0.824475
0.70954
0.471908
-0.147084
0.332922
0.0533144
0.838226
0.981997
1.18324
0.587278
1.32178
0.871885
-0.187849
0.74185
0.559426
1.57218
0.434053
0.159121
0.0138906
0.459316
1.0607
1.41008
0.598818
0.723023
-0.0773649
1.17994
1.02235
-0.257571
0.0655782
0.510157
1.18347
0.371055
0.8562
1.19633
-0.0149572
0.808157
1.38801
0.116577
0.560428
-0.716705
0.999783
0.749827
1.185
1.2449
0.729057
0.0576642
0.782453
0.753089
-0.440255
-0.4378
1.12149
1.20043
-0.381932
0.327074
0.73635
-0.349726
0.161729
0.305368
1.6037
-0.193677
1.2531
0.591932
0.632698
1.34713
1.06176
0.653899
-0.328678
-0.44641
-0.614303
1.80081
0.488426
0.769248
-0.487418
1.31516
0.422137
0.559292
-0.0190994
-0.337001
-0.144827
-0.0565177
1.34978
1.23116
0.555181
0.0928605
-0.3695
-0.19617
0.189158
0.307243
1.04674
1.32686
0.408594
0.801744
0.0717082
0.176045
0.619784
0.80859
-0.655062
1.06628
0.714017
-0.464333
0.127534
1.59252
2.04514
0.243955
0.0536315
-0.33391
1.35964
0.0429368
0.675477
0.925055
1.16187
0.829196
0.222327
-0.988767
1.31969
0.269303
0.104894
-0.600459
0.313191
1.12763
0.331914
-0.0803281
1.30539
1.15725
0.381033
0.723446
0.964215
1.28842
0.98675
0.622092
-0.976931
0.711102
0.147689
1.22782
0.909534
0.466947
0.985369
0.945455
0.611493
0.524208
0.290165
0.277019
0.114516
0.991499
0.384211
0.915446
1.5686
-0.0342879
-0.461946
0.82086
-0.718849
-0.36594
0.635147
0.339213
1.01069
-0.0337596
-0.153357
0.996628
0.451996
1.05993
1.12638
1.12708
0.81844
-0.613324
0.223078
0.104721
0.69429
1.10941
1.96255
1.2017
-0.460605
1.28905
0.367934
0.525005
0.371563
1.41022
-0.00717266
-0.249312
0.706288
1.22149
1.49285
1.59343
0.675953
0.0354641
1.24527
0.0148625
0.681424
0.55715
0.15639
-0.644485
1.01709
0.00149832
0.234671
1.24107
0.156647
0.732713
1.14438
-0.0849225
0.848318
0.44188
0.979126
1.32452
1.21432
0.527271
-0.388931
0.972482
-0.599097
0.313174
0.0831709
-0.0304619
0.621654
-0.0181474
0.704666
0.470869
-0.0279396
-0.671599
1.46766
-1.57014
1.5683
0.0286074
0.740301
0.720513
1.28135
0.0100842
0.721142
1.196
0.161761
0.564571
0.880225
0.391605
0.631623
1.18553
0.267407
1.15374
0.230497
1.71967
-0.198406
0.685116
0.542428
0.715241
0.640977
1.21325
0.738434
0.0189874
1.65423
1.13566
-0.0353194
0.404923
-0.988333
-0.370518
0.331648
0.204449
-0.927521
0.285195
-0.0873531
0.842902
1.12192
0.606464
0.663568
-0.00838057
1.41984
0.934991
0.735013
0.541746
-0.682189
1.04824
1.25853
0.627034
0.199399
0.597718
1.49314
0.689598
-0.00317824
1.06556
0.996236
0.610944
0.772978
-0.73703
-0.255701
-0.373071
0.406006
0.247644
-0.199734
0.90394
1.40842
0.208265
1.23892
0.284548
0.346189
1.02307
1.07356
0.450903
-0.41074
0.59186
0.672563
0.616299
0.246776
0.88413
0.749872
0.870974
-0.0386303
-0.404844
0.448222
0.564777
1.30811
1.80559
-0.022516
-0.4549
1.70439
0.267436
0.823978
0.545028
0.267196
0.853589
1.15288
0.961958
-0.140253
1.50992
0.620556
1.11921
0.294331
-0.294364
0.330656
0.608335
1.76947
0.656426
0.986418
0.909521
0.576859
0.0201223
0.413156
1.76706
0.217716
-0.294744
0.352161
1.8978
1.46713
-0.367228
0.0891256
0.505897
0.613692
1.23672
-0.00297664
0.604253
0.599157
0.721751
0.816897
1.27075
0.283879
2.15746
1.02822
0.618433
1.20505
0.0606276
1.69001
-0.0305637
0.505623
0.604535
0.696798
0.27698
0.643998
0.0272348
0.230891
1.19786
0.967295
0.39598
0.585646
0.00395592
-0.476644
-0.0455747
-0.147646
0.474493
-0.0551881
1.69027
0.916195
1.02096
0.890668
-0.168905
0.980961
1.30959
0.32804
-0.430757
0.782699
0.654097
0.575892
0.563317
-0.0935485
-0.612304
0.216075
-1.71462
1.53221
1.68718
1.39853
0.712442
-0.9101
0.980658
1.0522
0.217983
0.338076
1.02588
-0.26093
0.742031
0.664075
-0.187973
0.88284
1.09645
0.173725
0.394883
0.563995
0.0189612
0.389108
0.349086
0.160837
0.0481462
0.599692
0.327878
-0.500795
1.16946
0.632347
0.16784
0.286119
0.634639
1.15888
1.02665
0.572363
-1.10693
0.465918
0.325866
0.550091
1.25379
0.504021
-0.189674
0.938039
1.2443
0.791496
-0.202628
0.885271
0.418528
0.602936
0.345844
-0.0703718
-0.792186
0.669399
-0.118579
0.949548
-0.213548
0.0430309
0.898199
0.49238
0.472472
-0.621609
0.659402
-0.321267
0.2424
0.174854
0.0418384
0.639663
1.75811
0.957753
-0.552326
0.584154
0.924046
1.52732
0.636596
1.14716
1.82969
1.48745
1.64383
0.725888
0.223683
0.20878
0.114845
-0.267411
0.664193
-0.159949
0.336562
-0.0217537
-0.691068
0.399217
-0.519056
-0.249204
-0.603409
-0.220802
1.71437
0.307259
0.452098
0.233187
1.25803
0.837693
1.6744
0.798014
0.901265
-0.0124888
-0.111766
0.754106
-0.440676
0.0847165
0.429598
-1.3202
0.166087
0.113426
0.441814
0.933484
0.324861
1.12586
1.59893
0.509004
1.19653
0.602956
0.0999795
0.400096
0.434569
-0.0617927
0.645843
0.16929
1.61093
0.674902
0.109278
0.177869
0.714636
0.832275
1.28484
1.29927
0.336773
-0.769673
-0.174541
0.265589
0.260211
0.662094
1.89371
-0.0500967
0.875299
-0.113561
0.285347
0.866493
-0.0108426
0.667008
1.00643
0.591971
0.738746
-0.332534
0.247921
-0.0917152
1.11786
1.16259
0.48811
0.0999379
0.638371
-0.654492
0.220697
1.37753
1.05828
-0.154585
0.856761
0.0876799
1.70466
0.257847
0.633432
0.758587
0.305115
0.530784
-0.0462328
0.40051
-0.0236613
0.31766
0.347264
1.08211
-0.104648
0.624604
0.352313
0.592078
1.23499
0.183089
0.459488
1.02318
0.922061
0.125908
0.947379
-0.241442
1.18566
-0.0500533
-0.666139
0.113735
0.266795
0.403944
0.827009
-0.36988
0.182643
0.643321
0.711155
-0.814917
0.854688
0.844963
0.193866
1.5257
1.3099
0.974551
-0.296242
0.499677
0.00776185
-0.36169
0.267642
1.47974
0.159938
0.659503
0.885641
1.23812
1.2631
0.863849
-0.972113
-0.272473
1.30595
-0.169012
0.186729
0.654453
-0.389075
1.0035
0.938932
1.03759
2.15407
0.652194
1.36531
0.724397
-0.346376
1.14201
0.696764
0.572056
0.0395388
-0.155016
-0.771465
0.791247
-0.224665
0.543112
0.244783
1.68742
1.22023
1.56884
0.665866
1.79324
1.08744
0.554016
0.634702
0.293724
-0.327115
0.679522
0.264725
-0.211765
0.366561
1.08808
0.562023
-0.697247
-0.0484313
0.810479
0.326777
-0.428161
0.105651
-0.348386
1.0766
0.408229
0.160015
0.531482
0.380691
-0.381383
0.444662
0.772021
0.763336
-0.26616
1.11771
0.914351
0.610633
0.45934
0.21471
0.597976
-0.458567
1.85388
-0.0016278
0.214693
1.14323
0.848245
1.55271
0.229282
0.418855
1.32236
0.639916
0.631189
1.14417
0.37385
0.225085
0.582142
0.662961
-0.321357
0.729462
-0.379804
0.92387
1.25475
0.432677
0.00257499
1.59745
0.33959
-0.0608839
0.58536
0.723274
0.783889
0.617996
-0.0180184
0.472507
1.07208
0.134174
1.7869
0.965685
0.774148
0.134263
1.32961
0.566512
0.564622
0.32073
0.306693
-0.769948
0.574291
1.11672
1.24082
0.646807
0.705692
0.538054
0.280429
0.75024
0.272623
1.01252
-0.489303
-0.316812
1.2829
0.745729
0.811053
-0.0156515
1.26068
-0.253118
-0.117792
0.418359
-0.53489
1.19867
0.607866
0.27219
1.21307
0.611231
-0.0344814
-0.423506
0.796552
1.25771
0.275402
0.698947
1.6062
1.78053
0.97414
-0.128181
0.166953
-0.866257
1.15089
1.60914
0.364914
0.645565
0.147295
1.25879
0.847457
-0.258227
0.00649895
0.56603
1.54758
1.77615
0.524066
0.207609
0.128465
-0.126161
0.409097
0.44018
0.434099
0.873095
0.198661
0.281031
0.148728
0.92243
1.1108
-0.0670654
-0.297031
1.11881
0.72164
-0.165851
-0.0102562
0.765172
0.892477
1.15672
0.270129
0.95483
1.13053
0.228388
1.23953
0.853663
0.216035
0.862198
1.10988
0.117512
-0.198968
0.54297
0.178709
-0.626429
1.5561
0.330773
1.10745
1.08999
-0.144981
1.22088
0.295635
0.337542
0.117389
0.649565
0.488368
1.21995
