0.111464
0.755701
0.691937
0.707032
0.709815
0.68687
0.0329797
0.934762
0.553958
0.713828
0.306965
0.298422
-0.0533589
0.366681
0.469569
0.643986
0.799544
0.51845
0.109466
0.761561
0.52679
0.0659659
-0.131074
0.38889
0.352383
0.686836
0.749115
0.268965
0.633364
0.524049
0.537738
0.421128
0.172728
0.44942
0.636922
0.435441
0.823264
0.307288
0.508632
0.872744
0.195291
0.51917
0.636515
0.63306
0.630899
0.0119422
0.642318
-0.113998
0.132547
1.04966
0.811487
0.0707928
0.445837
1.00595
0.35251
0.296321
1.06694
0.785728
0.7512
0.315471
0.708221
0.67172
0.538743
0.673543
0.683187
1.07118
0.479454
0.706877
0.603341
0.717335
0.397245
0.678125
0.317919
0.5074
0.183576
0.191714
0.221465
0.278989
0.474436
0.203535
0.622361
0.391796
0.89749
-0.0934616
-0.153049
0.121016
0.25324
0.0281565
0.493285
0.138284
0.891326
0.620106
0.819903
0.352006
0.355606
0.748183
0.877197
0.894846
0.75083
0.379711
0.610796
0.884028
0.879075
0.564669
0.848225
0.936398
0.123065
0.641286
0.510553
-0.0358225
0.298964
0.706456
0.933533
0.487768
0.31272
0.938147
0.520948
0.49663
0.295877
0.903484
0.381121
0.527883
0.188556
0.542675
-0.0494497
0.710419
0.459141
0.102795
-0.0376174
0.430902
0.415981
0.531241
0.413473
0.640779
0.338842
0.416737
0.706805
0.541139
0.227994
0.925637
0.0637617
0.272833
0.880795
0.834979
0.753299
1.05947
0.236444
0.429426
0.625738
0.689736
0.20509
0.285381
0.350137
0.0287467
0.401376
0.228396
0.53701
0.066975
0.429603
1.25722
0.486229
0.978346
0.85616
0.808544
0.451951
0.977139
1.09486
0.271393
0.349173
0.485532
0.283588
0.992523
0.769156
0.56576
0.0242917
0.669297
0.418516
0.449928
0.557459
0.407906
0.207902
0.819014
0.418096
0.758096
0.591355
0.370503
0.362308
0.484989
0.383924
0.267359
0.660277
0.282394
0.72879
0.304348
0.397527
-0.0350593
0.535023
0.557691
0.21495
0.858734
0.214065
0.400876
0.0152873
0.692099
0.515707
0.29478
0.339564
0.304577
0.449846
0.731789
0.719455
0.77196
0.517274
0.729599
0.332163
0.401422
0.0804522
0.687152
0.293765
0.909422
0.300545
0.787602
0.875973
0.655942
0.845897
0.737194
0.0117003
0.771107
0.79773
0.455755
0.991455
0.380044
0.114112
0.559368
0.174151
0.594847
-0.131577
0.67591
0.453961
0.579317
0.863994
0.820506
0.89533
0.478873
0.30047
0.302315
0.137589
0.391582
0.695197
0.67565
-0.0498416
0.274116
0.438171
0.784603
0.33648
-0.446758
0.218267
-0.0400722
0.659075
0.790578
0.399072
0.946543
0.495238
0.46658
0.678769
0.574643
0.538199
0.522375
0.781956
0.252394
-0.311731
0.481357
-0.159614
0.467506
-0.143248
0.462885
0.244386
0.403922
0.635933
0.275075
0.390866
0.380769
0.366468
0.862844
0.412056
0.657825
0.421022
0.717631
0.34217
0.350074
0.85771
0.507154
0.0770314
0.708304
0.130403
0.213691
-0.00450705
0.384025
0.850876
0.0971994
0.791755
0.742058
0.246394
1.08688
0.90179
0.370908
0.790746
0.788319
0.491434
0.616805
1.28732
0.465484
0.632988
0.885198
0.658299
0.227352
0.332637
0.0333883
0.421029
0.679816
0.560589
0.775712
0.35137
0.404571
0.730435
-0.152031
0.786462
0.506309
0.85116
0.271868
0.199825
0.206971
0.534191
0.893385
0.676108
-0.0283307
0.0203426
0.792206
0.547881
0.615632
0.805417
0.457224
-0.0574594
0.309542
0.327859
0.624024
0.342609
0.270482
0.361466
0.415798
0.590675
0.546419
0.527014
0.531045
0.921359
0.794151
1.07285
0.677665
0.296123
0.627178
0.417577
0.373421
0.500439
0.812237
0.57647
1.13113
0.785927
1.11645
0.252738
0.569153
0.851794
0.884935
0.284478
0.279923
0.211155
0.778472
0.514648
0.735311
0.51938
0.301245
0.420928
0.122579
-0.238765
0.580972
0.206237
0.605833
0.551161
0.510633
0.702145
0.454571
0.521926
0.106994
0.582138
0.749311
0.144799
0.543881
0.721721
0.919854
0.498517
1.00878
0.401169
0.882166
0.212349
0.250512
0.834259
0.336608
-0.0126387
0.101758
0.386305
0.574976
0.96675
0.849093
0.0327054
0.477358
0.835537
0.121455
0.505636
0.516275
0.385179
0.793403
0.734172
0.644029
0.583182
0.257333
0.437575
0.353544
0.251076
0.817086
0.467905
0.0507849
0.48375
0.558917
0.0178833
0.34129
0.280996
0.488681
0.527261
0.245719
0.623854
0.321381
0.667335
0.469435
0.690918
-0.312357
0.783831
0.644937
0.544039
0.46937
0.127277
0.196916
0.578861
0.3559
0.949406
1.01622
0.498716
0.439697
0.826538
0.142413
0.682833
0.688356
-0.0515708
0.314936
0.263205
0.802787
0.592705
0.383579
0.608377
0.530272
0.542895
0.275133
0.370968
0.381116
0.269644
0.173132
0.256982
0.845285
0.348196
0.66377
0.451414
0.512354
0.28053
0.0202338
0.447932
0.587215
0.479702
-0.134052
0.411925
-0.00293535
0.672997
0.241793
0.153846
0.3479
0.271556
0.528075
0.727789
0.428853
0.371955
0.776461
0.608275
0.43363
0.304167
0.198648
0.291056
0.771472
0.362859
0.359191
0.108539
0.744912
0.999177
0.543313
0.620418
0.588398
0.418531
0.594614
0.432777
0.240534
0.492657
0.887187
0.702826
0.418406
0.48938
0.676591
0.227733
0.518703
0.770464
0.339644
0.450228
0.105769
-0.0207615
0.631062
0.741995
0.19922
0.148295
0.998175
0.62782
0.431771
0.125018
0.816271
0.886475
0.815051
0.23757
0.201435
0.710284
0.632215
0.110756
0.413885
0.43308
0.677896
0.168459
0.0627102
-0.20976
0.674448
0.526305
0.677504
0.0231915
0.434985
-0.0637624
0.784764
0.836881
0.456241
0.540443
0.529367
0.381576
0.322266
0.789279
0.545978
0.523793
0.681722
0.230782
0.271811
0.655858
0.153786
0.863476
0.592774
0.459593
0.451317
0.777753
-0.153151
0.781291
0.207798
-0.086153
0.0355799
0.697454
0.751371
0.673339
0.748072
0.824939
0.285686
0.341597
0.885174
0.18081
0.219417
0.338235
0.774914
0.25903
0.939755
0.658891
0.77908
1.00119
0.391934
0.729193
0.595879
0.760073
0.590866
1.05606
0.49382
1.03472
0.487757
0.533782
0.923235
0.471949
0.253503
0.410078
0.660007
0.573734
0.177237
0.270591
0.456738
0.513747
0.590689
0.562451
0.545508
0.668246
0.813485
0.462811
0.467196
0.573767
0.709705
0.79169
0.624584
0.488126
0.753684
0.474442
0.345236
0.322182
-0.131421
0.486005
0.480985
0.494836
0.600652
0.635793
-0.174775
0.100934
-0.034497
0.0599555
0.705446
0.865197
0.222694
0.614799
0.655407
0.613406
0.667888
0.702481
-0.159297
0.868825
0.166726
0.617686
-0.279659
0.780073
0.449903
0.155539
0.432939
0.366225
0.584114
0.575089
0.0225993
0.557794
0.802331
0.114286
0.258377
0.672598
0.615268
0.773628
0.930346
0.209074
0.368146
0.239235
0.749555
0.398446
0.11727
0.641698
0.543344
0.620995
0.736289
0.403386
0.663775
0.0328244
-0.135424
0.534234
0.288192
0.1967
0.351103
0.709253
0.421326
0.244451
0.360293
0.0541321
0.528149
0.804629
0.373648
0.47724
0.361182
0.391196
0.722314
0.729895
0.413374
0.378192
0.318117
0.61885
0.422154
0.477073
0.322798
0.124683
0.200613
0.546299
0.404352
0.571571
0.658212
0.114719
0.479082
0.475252
0.520797
0.666015
0.722714
0.504199
0.697251
0.300347
0.480658
0.850321
0.501852
0.0807607
0.389169
0.229695
0.673368
0.119301
0.581165
0.472511
0.538689
0.665978
0.0910539
0.514216
0.0695977
0.675226
0.0912473
0.462393
0.296108
0.622544
0.432003
0.292028
0.667469
0.684955
0.218791
0.407118
0.772163
0.543043
0.381871
0.912038
0.550567
0.390599
0.698779
0.261747
0.382867
0.5849
0.666595
0.408083
0.664178
0.210357
0.469306
0.504055
0.564202
0.0935906
0.133242
0.520086
0.141358
0.319755
0.644094
0.778856
0.588019
0.372652
0.474222
0.456508
0.620395
0.665427
0.508435
0.530379
0.953872
0.60677
0.802469
0.802325
0.599613
0.801765
0.856996
-0.128413
0.0283988
0.12847
0.395718
0.179825
0.689063
0.272701
0.519737
0.834209
0.372265
0.184995
0.638209
0.719958
0.487135
-0.239375
0.640928
0.6421
0.444591
-0.0811318
0.514063
0.497172
0.422943
0.173372
0.569992
0.435383
0.431421
0.615093
-0.284813
0.398382
0.313825
0.312581
0.78188
0.60303
0.866932
0.494149
0.125067
0.314023
-0.169202
0.456667
0.388943
0.221296
-0.0245529
0.0838439
0.557843
0.647642
1.09012
0.504308
0.739477
0.249025
0.575852
0.41269
0.696874
0.891502
0.800937
1.04951
0.63884
0.0871535
0.458073
0.514316
0.718253
0.660301
0.355521
0.672638
0.794249
0.938155
0.252812
0.211053
0.3781
0.33591
0.625948
0.296096
0.477611
0.166512
0.217976
0.0553185
0.41165
0.927668
-0.0203202
0.30813
0.896245
0.450317
0.855993
0.487966
0.565737
-0.575221
-0.0656325
0.370268
0.4082
0.340175
0.875036
0.775338
0.86894
0.665678
0.134947
0.604834
0.173762
-0.147214
0.810137
1.09409
0.620383
0.836928
0.157626
0.615295
0.243666
0.543895
0.369408
0.714537
0.520108
-0.437117
0.457091
0.641425
0.721561
0.801611
0.804835
0.908512
0.311687
0.255067
0.17622
0.191917
0.544895
0.755557
0.0675163
0.426801
0.265831
0.272021
0.972316
0.376337
0.689487
0.350631
0.424449
0.596675
0.268163
0.798984
0.353688
0.636089
0.883234
0.412666
0.375372
0.241939
0.810136
0.355161
0.696097
0.384667
0.650856
0.452857
0.515522
0.587934
0.926329
0.226784
0.425327
0.168504
0.117995
0.60592
0.503518
0.539437
0.463739
0.840062
0.509215
0.418004
0.765918
0.339139
0.365781
0.213433
0.233442
0.705832
0.867383
0.757599
0.858227
0.906875
0.613726
0.703937
0.553658
0.651988
0.463236
0.655436
0.808845
-0.0895975
0.51798
0.543848
0.609505
0.772236
0.452466
0.310914
0.58523
0.741727
0.613791
0.518061
0.449806
0.396555
0.519618
0.9571
0.538077
0.285433
0.315489
0.763487
0.889322
0.393638
0.783487
0.548618
0.517565
0.335633
0.305834
0.215766
0.584152
0.515775
0.772854
0.506113
0.318745
0.777939
0.19764
0.347549
0.812951
0.607011
0.506637
0.841874
0.661484
0.282233
0.722357
0.458756
0.541028
0.468776
0.924186
0.366095
0.446431
0.413392
0.628035
0.830284
0.412454
0.834467
0.149898
0.373823
0.663513
0.693747
0.802997
0.569672
0.597973
0.384091
0.455475
0.381641
0.637452
0.453226
0.764449
0.653939
0.515006
0.997622
0.662262
0.950603
0.832128
0.165563
0.220062
0.518384
1.23683
0.381935
0.407554
0.687393
0.439715
0.56209
0.763025
0.22193
-0.0436737
0.723844
0.787665
0.577226
0.569219
0.481314
0.460068
0.716069
0.258575
0.773779
0.560846
0.682761
0.25715
0.312347
0.696835
0.481903
-0.0814446
0.310556
1.10076
0.286117
0.387474
0.727162
0.45337
0.646195
0.59391
0.559691
0.164561
0.469931
0.642193
0.34566
0.407761
0.22001
0.677387
0.827273
0.84079
0.41456
0.556715
0.226787
0.616659
0.316533
0.527401
0.782276
0.300544
0.676591
0.833805
0.244493
0.532259
0.375315
0.783593
0.454986
0.811438
0.995455
0.304249
0.118045
0.762556
0.609501
0.454178
0.671616
0.712888
0.435935
0.393667
0.471039
0.621602
0.849968
1.10275
0.264118
0.167812
0.681236
0.34407
0.100383
0.414311
0.292273
0.676402
0.541454
0.970522
0.431282
0.711323
0.434913
0.584875
0.809025
0.714419
0.38385
0.630536
0.471741
-0.201867
0.168237
0.555786
0.578293
0.770773
0.915052
0.526585
0.238222
0.798428
0.26878
0.324619
0.840667
0.973238
0.809513
0.481622
0.539556
0.252243
0.447703
0.663904
1.18287
0.442281
0.359069
0.326814
0.533587
0.484303
0.659502
0.505031
0.188568
0.593529
0.196273
0.624345
-0.086827
0.44183
0.37618
0.370397
0.578868
0.816831
0.707271
0.406115
0.700239
0.641323
0.630293
0.159986
0.580438
0.647648
0.777366
0.701467
0.609131
0.399504
0.586178
0.392183
0.960938
0.790097
0.0225946
0.455642
0.540916
0.779288
0.253632
0.779458
0.383842
0.303622
0.588069
-0.0107673
0.745215
0.19283
0.276949
0.890372
0.772378
-0.0469681
0.579795
-0.141379
0.332308
0.137122
0.853021
0.548674
0.411121
0.800188
1.00619
0.255772
0.625873
0.236871
0.61319
0.759638
0.501565
0.295805
0.705697
0.429803
0.467918
0.968465
0.389083
0.276802
0.420209
0.744039
0.805597
0.552011
0.3052
0.630362
0.513918
0.546821
0.332031
0.75837
0.85583
0.171952
0.371726
0.684778
0.5055
0.59834
0.627451
-0.281891
0.359244
0.674207
0.274552
-0.270859
0.542306
0.247398
0.529569
1.02037
0.162669
0.585727
-0.248531
0.706121
0.717603
0.66178
0.619781
0.647121
0.319778
0.694822
0.502527
-0.0229439
0.33139
0.499671
0.624254
0.125197
0.42102
-0.0325208
0.481848
0.08536
0.771497
0.979357
0.594246
0.845332
0.619628
0.83919
0.177809
0.360299
-0.0335179
0.215474
0.56277
0.334832
0.791832
0.485158
0.614014
0.169011
0.526299
0.607329
0.252832
0.67513
0.53195
0.551952
0.590771
0.588088
1.01126
0.72518
0.630436
0.079746
0.585656
0.769017
0.493285
0.774232
0.91673
0.214505
0.288014
0.837012
0.508483
0.558718
0.236501
0.398321
0.746517
0.580363
0.385892
0.472392
0.566221
0.5439
0.718235
0.520944
0.44048
0.349807
0.260131
0.763465
0.287473
0.400131
0.325174
0.307689
0.966407
-0.282507
0.511321
0.63972
0.539963
0.679747
0.469675
0.255493
0.55225
0.666677
0.836791
0.511334
0.559466
-0.0216264
0.73958
0.194467
0.650107
1.01753
0.860304
0.692789
0.747183
0.299788
0.929426
0.536955
0.780511
0.7834
0.122664
0.267487
-0.219233
0.856822
0.326203
0.288969
0.814725
0.635294
0.754229
0.667214
-0.000410248
0.966254
0.217496
0.541251
0.270836
0.234079
0.534014
0.40421
0.753644
0.277719
0.883313
0.662959
0.217044
0.514445
0.749841
0.243415
0.457981
0.514387
0.871938
0.608979
0.658965
0.455783
0.467669
0.911039
0.349606
0.332732
0.213548
0.608597
-0.184014
0.580516
0.424182
0.100938
0.681052
0.148303
0.796704
1.00469
0.721852
0.215327
0.607238
0.491811
-0.0730464
0.370856
0.53169
0.637967
-0.00556654
1.12848
0.656053
0.0828906
0.309897
0.831713
0.057916
0.784332
0.553552
0.956092
0.495192
0.29416
0.271431
0.530484
0.0797045
0.493795
0.644013
0.587569
0.936269
0.697639
0.361396
0.26846
0.463825
0.614112
0.715474
0.745883
0.666091
0.470562
0.91163
1.05369
0.477203
0.561532
0.691364
0.657378
0.605102
0.471339
0.720273
0.454671
0.23772
0.708141
0.290093
0.756357
-0.330576
0.0417278
0.00553244
0.86321
0.101884
0.475601
0.755116
0.322287
0.432293
0.441122
0.396154
0.553945
-0.374519
0.728691
0.165407
-0.0184623
0.570822
0.351843
0.376771
0.202771
0.738099
0.427475
0.514845
0.681674
0.518491
0.82744
1.0619
0.657903
0.393647
0.852192
0.626641
0.855257
0.387245
0.536727
0.279539
-0.049603
0.850352
0.747851
0.611741
0.736108
0.367292
0.534583
-0.838063
0.227936
0.518244
0.291864
0.861643
0.265637
0.593518
0.651333
0.783354
0.728808
0.487861
0.252896
0.546649
0.505014
0.705503
1.00423
0.51528
0.52195
0.199075
0.467556
0.539073
0.625867
0.48267
0.752847
0.350164
0.114865
0.356821
0.590808
0.974452
0.765758
0.717616
0.712809
-0.0124596
0.648102
0.609433
0.321463
0.774683
0.762179
0.432451
0.793042
0.540735
0.362602
0.291705
0.166013
0.292191
0.106504
0.747932
0.00720364
0.57555
0.632526
0.21556
0.248896
-0.255706
0.365128
0.323747
0.524604
0.747206
0.659307
0.230086
0.388889
0.221128
0.402909
0.324872
0.606946
0.3865
0.456568
0.921935
0.0617449
0.554276
0.530523
0.499865
0.574682
-0.0680896
0.636471
0.709435
0.588453
0.498504
0.843418
0.66782
0.786772
0.273167
0.162452
0.299854
0.290278
1.40977
0.0734132
0.580918
0.397895
0.49846
0.3724
0.509652
0.339367
0.452511
0.430693
0.0233746
0.46216
0.650469
0.544653
0.864455
0.0381222
0.530956
-0.0898868
0.529061
0.430716
0.64032
0.840367
0.640753
1.01221
0.90428
0.351158
0.287866
0.835259
0.370423
0.424932
0.643023
0.131322
0.276697
0.811097
0.461833
0.728273
0.633983
0.527163
0.34735
0.649955
0.163797
0.670718
0.721023
0.700577
0.21368
0.913068
0.381262
0.468572
0.391823
0.941952
0.459217
0.836753
0.679179
0.681563
0.600188
0.0617094
0.661528
0.719928
0.836735
0.15446
0.137525
0.487103
0.577977
0.6643
-0.118986
0.563225
0.428976
0.73291
0.529002
0.376833
0.508273
0.633575
0.590716
-0.0213242
0.472353
0.427823
-0.077824
0.0351791
-0.0259716
0.855283
0.344135
0.27075
0.83421
0.504469
0.569673
0.483961
0.998104
0.281538
0.282309
0.193696
0.521904
-0.215248
0.568385
0.517658
0.0595971
0.260262
0.396777
0.822992
0.621198
0.528744
0.713691
0.831367
0.154847
0.863228
0.253182
0.996813
0.290549
-0.0959751
0.0986891
0.488253
0.623506
0.144363
0.482876
0.39655
0.726889
0.338832
0.412107
-0.103623
0.614077
0.940335
0.794138
0.403024
0.510784
0.990153
0.442279
0.536838
0.55152
0.461914
0.555833
0.610626
-0.186928
0.755421
0.482909
0.797136
0.45555
0.0685918
0.453745
0.265144
0.781487
0.565379
0.504825
0.446634
0.890712
0.224296
0.560729
0.830071
0.767449
0.593693
-0.095033
0.27979
0.896587
0.384257
1.04857
0.272694
0.432517
0.955593
0.643508
0.319917
0.740277
0.159083
0.360243
0.893161
0.64841
0.844386
0.702081
0.42073
0.349733
0.73162
0.589624
0.532552
0.34485
0.144413
-0.123066
0.396803
0.201362
0.794564
-0.0832755
0.0971682
0.845473
0.166629
0.410827
0.480587
0.273586
0.882961
0.856977
0.600314
0.845192
0.715115
0.561937
-0.0138008
0.784737
0.757044
0.532512
0.390538
0.133323
0.684529
0.450063
0.356133
0.96298
1.07868
0.188493
-0.0874478
0.311921
0.801792
0.358992
0.163627
0.493125
0.423811
0.377707
0.826118
0.887342
0.349047
0.381388
0.553929
0.162507
0.903231
0.194935
0.804758
0.267525
-0.18863
0.601307
0.647811
0.859133
0.641678
0.66848
0.304525
0.426361
0.556183
1.21155
0.485479
-0.185183
-0.0661008
0.549429
0.0116083
0.86998
-0.00796702
0.458798
0.659587
0.499356
0.665204
0.702103
0.61889
0.250599
1.16477
0.475344
0.776521
0.737218
0.47574
0.548415
0.22744
0.321736
0.987524
0.664684
0.12167
0.451655
0.32772
0.7529
0.582126
0.333543
0.596996
0.532561
0.529093
0.483463
0.313494
0.303032
1.04167
0.650084
0.441158
0.181259
0.857368
0.486548
0.544998
0.45688
0.927097
-0.485647
0.144674
0.0589823
0.70927
0.636083
0.807197
-0.0141092
0.326618
1.13527
-0.0919377
0.596
0.0488217
0.257853
0.312984
0.0494688
1.1378
-0.197483
0.775978
1.10562
0.797859
0.425639
0.43686
0.43668
0.323224
0.0595671
-0.0482745
0.682659
0.750334
0.448736
0.830781
0.871445
0.351848
1.19262
-0.148411
0.726528
0.423283
0.718223
0.78703
0.754657
0.123865
0.116359
0.309168
0.549337
0.257777
0.197846
0.726419
0.699
0.612271
-0.023683
0.892532
0.486807
0.639984
0.228168
0.404978
0.455231
0.593562
0.85681
1.05039
0.46605
0.526406
0.406034
0.843802
0.589429
0.336635
0.48985
0.752717
0.202879
0.76919
0.809585
1.02682
0.300755
0.537485
0.249915
0.664598
0.775468
0.569619
-0.0381781
0.670127
0.133362
0.70675
0.0935358
0.386815
0.793725
0.207222
0.452292
0.559626
0.477746
0.17599
0.591238
0.623908
0.373509
0.215096
0.829838
0.446526
0.0541305
0.620525
0.0435682
0.432513
0.723965
0.252909
0.143199
0.290169
0.239891
-0.0107677
0.917198
0.976666
1.01628
0.294116
0.104047
0.659496
0.304454
0.85258
0.275874
0.262048
0.339999
0.660931
0.288812
0.317211
-0.105779
0.466193
0.719447
0.641116
0.779431
0.292154
0.575846
0.432564
0.557338
0.43708
1.01996
-0.0772192
0.76805
0.508949
0.284026
0.180747
0.362985
-0.0729996
0.344397
0.825044
0.122966
0.669099
0.69112
0.714725
0.3285
0.74653
0.661365
0.168594
0.166603
0.533432
0.0916636
1.08096
