-0.407428
-1.0336
-0.720146
-0.444677
-0.197649
0.20526
1.02599
1.33792
0.491925
0.0723902
-0.191925
-0.7425
-0.196149
-0.358663
-0.903037
-1.23222
-0.934986
-0.807038
-0.594568
-1.34211
-0.480327
-0.21472
-0.617135
-0.342963
0.0292645
-0.104363
-0.10724
0.0551459
0.505438
0.404413
-0.365564
-0.377456
-0.838925
-0.255012
0.176168
0.478509
0.81106
0.536249
0.370204
0.605509
0.920424
0.767832
0.884831
0.695159
0.67757
0.587448
1.11883
1.00763
0.526576
0.366186
-0.340685
-0.37318
-0.548538
-0.551782
-0.925443
-0.992566
-0.359588
-1.05111
-0.862606
-0.396696
-0.435966
-0.420704
0.474778
0.518298
0.42907
0.000160666
-0.137456
-0.130013
-0.115443
-0.356909
-0.647846
-0.649772
-0.956396
-1.14006
-1.43497
-1.00243
-1.22876
-0.820084
0.435988
0.511335
-0.356286
-0.269186
-0.403727
-0.0791374
0.30586
-0.0292894
0.193378
0.457893
0.675904
0.675207
0.657388
0.856302
0.775787
0.96278
1.3491
1.11041
1.24998
1.17191
1.06374
1.59997
1.05972
1.13361
1.32216
1.09444
1.3663
1.45951
0.621679
0.739835
1.19854
1.54085
1.44211
1.00603
0.67455
0.53888
0.446656
0.24279
0.510746
0.0683463
-0.124022
0.346303
0.133508
-0.314648
-0.427286
-0.127225
-0.134321
-0.681095
-0.665464
-1.06316
-0.935294
-1.06121
-0.879591
-0.358353
-0.0927778
-0.70851
-0.119283
-0.195858
-0.29049
-0.191626
-0.664424
-0.501825
