0.845907
0.735166
0.445642
0.598019
0.589441
-0.183184
1.01496
-0.0879083
0.889479
0.486845
0.562721
0.242281
0.243736
0.638485
-0.235492
0.983354
-0.437738
-0.448537
0.507416
0.895547
0.272318
-0.291483
0.445722
0.408354
0.557598
0.9514
1.62519
0.271196
-0.22765
-0.0931707
0.161683
1.1992
-0.170293
0.900979
0.483112
0.495996
1.20408
0.641508
0.350353
0.408045
0.170738
1.08027
1.06933
0.530213
0.184267
1.26668
0.551008
1.13557
0.62058
-0.240771
0.80664
0.146096
0.301041
0.229895
0.443192
0.614364
0.280028
0.930982
0.545582
0.35733
-0.292867
-0.00778023
0.785577
-0.4971
0.470251
-0.386162
-0.930939
0.353856
-0.119908
-0.403505
0.758606
1.16579
-0.163143
0.49633
-0.121911
0.67272
0.873203
0.280562
-0.0875035
0.600862
0.550957
0.0595531
1.5121
0.917017
0.471332
0.199747
0.681276
1.64655
0.358203
0.504204
0.913708
0.647189
1.81479
0.174464
0.121183
0.640812
0.971039
1.65586
-0.297503
0.813587
1.46879
0.58043
-0.135761
0.727658
-0.156791
-0.0297305
1.11228
0.255501
0.674675
0.481231
1.20851
0.43149
-0.0747131
0.261987
0.579106
0.567965
0.511721
0.369504
0.200962
-0.05629
1.22723
0.457055
0.453948
-0.0172354
-0.0944067
1.21917
0.485728
0.666005
2.03193
0.846542
-0.537713
-0.264499
0.0601105
0.322388
0.0100235
-0.556713
0.908676
1.26741
0.431687
0.394776
1.24616
0.575905
0.146731
0.225608
0.392832
1.02287
0.953604
0.414204
0.569136
0.985757
0.893041
1.09553
0.820292
-0.334745
1.80072
0.319258
0.713423
0.472152
1.39785
0.55689
0.590629
0.776153
0.958307
-0.694298
1.51116
0.128287
0.66451
0.00299055
0.499138
0.541421
0.681542
-0.0401629
1.38543
0.283522
-0.567813
0.503112
0.93056
0.30778
0.125778
0.195016
0.478262
1.03032
0.635225
1.17068
1.45505
0.242477
0.52721
0.0636625
0.746136
-0.323916
-0.25782
0.325711
0.271703
0.199154
1.45755
0.232224
1.51528
0.589435
0.193056
-0.466588
0.574659
-0.750955
0.750942
0.836203
0.273854
-1.0424
0.7459
-0.569867
0.924811
-0.2391
1.06649
0.509182
-0.52995
0.612615
-0.234594
0.349983
-0.888945
1.28525
-0.47127
1.12045
0.432557
0.0276453
0.605513
0.117167
0.4851
1.31475
0.248366
0.524256
-0.261176
0.13642
1.22917
1.46692
0.460892
0.499115
1.13658
0.769805
-0.41363
0.869712
0.219586
0.334263
0.310972
0.325933
1.00202
0.481573
0.398623
-0.0250096
0.187578
0.910854
-0.053755
0.836495
1.03057
0.0316518
0.927046
0.106884
1.27381
0.541703
1.04562
0.4865
0.94818
-0.0283157
0.605124
0.354445
-0.731299
0.404996
1.02328
0.288632
1.08897
0.713736
1.18059
-0.302086
1.5628
0.0634753
0.157335
1.41563
-0.0379191
0.162258
-0.331226
0.1158
0.384102
-0.237342
0.870227
0.912699
0.669538
0.879433
0.255742
1.11203
-0.00323152
0.287299
0.216478
0.98495
-0.111027
-0.303963
0.173486
-0.141658
1.19333
0.295259
0.373419
1.07057
0.584882
-0.548146
0.458314
0.628147
0.0154831
-0.317504
1.12198
1.02103
0.400198
0.551641
0.0895041
0.73999
0.261888
0.118809
0.758466
1.35548
0.238763
0.256885
-0.00446
0.395048
-0.332472
0.235754
0.741039
0.488111
0.519422
-0.696768
0.580668
0.639139
1.35365
0.397424
-0.750981
0.339131
1.34278
-0.152748
0.649442
0.35143
0.438004
0.2701
1.11675
0.255462
0.531666
-1.08972
1.60172
0.819433
0.00869596
0.0502604
0.902322
-0.110496
0.825229
1.08237
-0.0866582
0.444044
0.972824
0.47096
0.919497
0.180421
0.87431
1.03259
0.521263
-0.391379
0.30684
0.0208736
0.867119
0.835733
0.0275358
1.20801
-0.561452
-0.0265241
-0.630801
0.401922
0.034849
0.234882
-0.26956
0.015415
0.481709
0.933399
0.908011
0.570625
1.038
1.0771
1.14297
0.461211
1.54692
-0.00869677
0.110573
1.14195
0.702475
-0.190608
-0.181949
1.22656
0.122253
0.916506
-0.249302
-0.242923
0.923892
0.507671
1.69364
1.26631
0.272481
0.781435
-0.17654
0.848442
0.513487
0.104172
0.541242
0.590332
0.366974
0.00382208
0.0984861
0.548361
0.178115
0.61685
-0.583272
1.53635
1.07031
1.21974
-0.0714441
1.17125
0.406495
0.12798
1.04755
0.0262851
0.34281
0.610005
0.905074
0.60673
0.730576
0.119328
1.25802
0.342798
1.49712
-0.0789115
0.673692
0.998923
-0.293169
0.630041
0.551624
1.40112
0.867552
-0.561667
1.04733
1.09756
1.23091
0.111147
0.0359159
0.562398
0.496024
0.584131
-0.0535558
-0.777333
0.381621
0.666263
0.416076
0.43534
0.299726
1.03858
0.562312
0.988012
0.187282
-0.72552
0.720663
-0.391305
1.49457
-0.526875
0.666901
0.156385
-0.726732
0.698366
0.769428
1.12567
0.432777
0.903371
-0.292386
1.25306
-0.0847029
-0.588689
0.515378
-0.856752
0.315242
-0.315664
1.17815
1.50739
0.665589
0.650984
0.363483
0.257233
1.04862
0.334488
0.485486
0.619402
0.790362
-0.0880133
-0.0616744
-1.06049
0.632425
-0.0784046
0.726131
1.06702
0.0400053
1.38783
1.48884
0.31775
-0.424909
-1.08451
-0.26583
-0.468281
-0.387146
0.270578
-0.124346
0.39462
0.38754
0.550154
-1.04102
-0.110432
0.607457
0.0493131
0.758394
0.267946
-0.085671
0.964368
0.865337
0.627817
-0.418084
-0.827366
0.119181
-0.185143
0.313782
0.3906
-0.806487
0.922542
0.98365
0.0527382
1.05013
0.169597
0.526476
1.1653
0.340088
1.14594
1.90643
1.13596
0.454296
0.735586
0.424815
-0.260286
1.00559
0.629121
0.915475
0.665615
1.52368
0.122896
0.587231
0.196299
0.579086
0.338752
1.85973
0.783441
-0.361532
0.484963
0.137632
0.358431
-0.0455636
0.605804
-0.0556986
0.701499
0.286692
0.767352
1.31399
1.03457
0.907811
0.169005
1.21935
1.08264
1.0869
0.034869
0.784544
1.66195
0.657185
1.16309
1.34251
0.541639
0.824521
1.26185
0.585591
-0.183015
-0.0432807
0.136889
0.887606
0.0390936
0.480515
-0.325183
-0.0329767
0.378921
0.671329
0.0632276
1.08146
-0.39145
0.588577
0.365194
1.42026
0.917908
1.8239
0.0812184
1.60026
-1.02456
0.625621
0.935697
-0.0779725
1.08065
0.912747
0.211835
1.01595
0.44545
1.42811
0.284856
0.221342
1.11455
0.97829
1.04317
0.168712
0.0164874
0.992624
0.601245
1.17248
0.618176
0.80746
1.04987
-0.598794
0.672287
1.18389
1.31692
-0.260325
0.546782
-0.529707
0.872551
0.523005
-0.436697
1.41316
0.355654
1.17731
0.472185
0.689726
1.00391
0.148743
-0.200892
-0.130417
-0.408672
1.57617
2.14838
0.330431
0.798918
1.01122
0.690713
-0.078823
-0.445973
-0.0190486
0.0887794
0.635236
1.47253
-0.269099
0.666281
0.905593
0.421502
0.801837
0.189262
0.221554
1.5648
0.427122
1.06706
0.506614
1.17269
0.730619
1.24567
0.525925
-1.21292
1.00601
0.190384
1.08395
1.07208
-0.0162254
0.769411
-0.20659
0.331361
1.5218
-0.258393
-0.292206
0.790524
-0.739665
0.464615
0.555491
1.04606
1.21814
-0.0587709
1.26178
1.18759
1.06135
1.46474
0.202532
0.0778578
0.543642
0.571273
-1.08385
-0.236753
0.654464
0.644908
0.657464
-0.0313036
0.424308
0.141093
0.617038
0.521525
0.754237
1.1833
0.890968
0.443353
0.322072
0.237291
0.730866
1.36602
0.694389
1.09626
0.701697
0.21297
0.741965
-0.104778
-0.160012
0.600168
0.706868
-0.112735
0.475705
0.245196
-0.390358
0.451233
0.10818
0.258868
0.679596
0.666788
1.13748
0.698968
-0.501488
0.400296
1.08552
1.91178
1.67237
1.0824
1.0895
0.624667
0.0924678
-0.598539
0.791201
-0.121903
0.579675
0.623423
0.762833
0.400128
-0.0936248
0.185498
0.234031
0.496816
0.54835
0.78202
-0.793807
0.948914
0.307347
0.619141
1.18535
0.412884
0.986528
1.39478
0.632082
-0.131473
0.798923
0.187136
-0.561026
1.21889
0.38166
-0.148293
0.177612
0.422165
1.17414
-0.0335804
0.799628
0.483759
0.346015
0.193639
0.953948
-0.746277
0.210213
1.40317
-0.596406
0.434417
1.29038
0.125596
0.899211
0.556687
-0.201737
0.141752
1.11445
-0.0269091
0.169496
1.6748
0.556585
-0.0485626
0.181184
0.614717
1.1358
-0.341704
0.083252
0.89709
1.29598
-0.00737217
-1.34625
-0.80137
0.515815
0.331005
-0.178834
0.464408
0.16249
-0.961744
0.451437
-0.90088
0.259446
0.495347
-0.286572
1.26747
1.1019
-1.29829
0.382697
0.565039
0.0489765
-0.477517
0.521689
0.46928
0.00938773
0.084554
0.319091
0.255171
0.534914
1.04939
0.0384279
0.837002
0.321934
0.117968
-0.280799
1.02748
1.63915
0.057562
1.21911
0.0649967
-0.126642
0.600827
1.6731
0.965334
0.499149
-0.626676
0.972915
0.0671877
1.35654
-1.20009
1.27458
0.125846
0.608672
-0.315781
1.00306
1.01469
0.586905
1.76024
-0.600271
0.133227
0.701217
0.680768
-0.0168666
1.27463
1.13142
0.819117
0.807706
0.578452
1.27314
0.734854
0.214569
0.513781
0.471032
-0.131148
0.314658
0.552345
-0.0463411
0.166056
0.132245
0.322087
0.121173
0.0708858
0.685302
1.45071
-0.131905
0.981649
0.628909
0.804636
-0.41218
-0.838565
0.209331
1.21589
1.03345
0.665518
-0.416793
0.426608
0.737218
0.225751
0.66884
0.439823
1.25013
0.575861
0.796946
0.352798
0.673938
0.342029
0.750543
0.656279
0.958464
0.265811
0.917159
-0.075395
0.35828
0.80294
0.812171
0.932936
0.52004
0.00176744
-0.135171
0.536983
-0.098465
0.228299
0.64639
0.715153
0.133472
0.875888
1.95454
0.422184
0.553489
-0.0878492
0.311067
-0.0517922
0.204249
0.46806
0.665555
0.40401
0.212223
-0.135937
-0.246023
0.533203
0.10068
0.674907
0.291698
0.583488
0.813572
0.282159
0.583274
0.438947
1.31441
0.544694
-0.0208308
0.484034
-0.287924
0.380823
0.67022
0.0313199
0.997406
0.657639
1.52483
0.0244457
0.601354
0.560084
1.14142
-0.252998
0.397268
-0.410165
0.302375
1.19486
-0.115794
-0.0901261
0.827395
1.06804
0.827643
-0.792035
0.543334
0.188539
-0.343498
0.115833
-0.303397
1.12793
0.922262
1.04265
0.532932
0.931522
0.69278
0.860849
-0.346397
-0.0793625
1.08099
0.977257
0.126803
0.450821
0.0850337
0.91228
1.53683
1.3975
0.00408567
-0.381896
-0.393015
0.478612
-0.201616
-0.296918
0.117339
0.306557
0.729851
0.437472
1.38391
0.853825
0.636471
-0.53722
0.643922
0.395632
0.146324
0.203991
1.4837
1.12115
0.250986
0.800711
0.371241
1.08433
0.581623
0.715472
0.363475
0.719666
0.668661
0.114593
1.07941
0.512008
0.32496
0.261986
0.0437867
0.860658
1.08566
-0.0602664
0.451378
0.831019
0.616711
1.17646
0.0610283
0.101877
-0.0565849
0.299735
1.41417
1.46282
0.094511
1.2062
-0.0253233
1.05808
0.0370423
-0.113468
1.14681
0.688588
1.24554
1.26887
0.18755
0.0700517
0.310298
1.3781
0.638735
1.25461
0.740398
1.0245
0.984912
2.2716
0.0597699
-0.760556
-0.169851
-0.598302
1.17973
0.488624
0.987852
0.760337
-0.293334
1.46521
0.580676
-1.21335
0.139052
0.246721
-0.527836
0.0492112
1.29278
0.603314
0.065578
0.633551
-0.173824
0.216629
0.469037
0.989896
0.878726
1.88253
0.284363
0.586517
0.167935
1.91527
-0.648667
0.300529
0.323558
0.774594
0.00475619
0.746345
0.4183
-0.0219221
0.755092
0.378919
0.632588
0.783808
0.467189
0.468131
0.791028
0.674616
-0.098567
-0.853694
-0.10927
-0.208677
0.671255
1.07181
0.712017
0.530882
0.363955
0.861459
-0.108063
0.529887
1.06871
0.572524
-0.0147853
0.422521
1.28416
-0.176491
-0.939751
0.639075
0.31283
1.19698
1.22123
-0.191328
-0.0566896
0.862406
1.58844
-0.162103
1.30373
1.55635
0.159849
0.716318
1.53209
0.64774
0.602426
0.617976
0.649237
0.149223
0.893016
0.708982
1.66309
1.59048
0.950763
-0.415083
1.10637
0.614283
0.246693
1.14834
0.902858
0.797972
0.727738
1.25697
1.47263
0.332858
0.65034
0.307257
-0.0687147
1.06674
1.14893
0.19322
0.0496336
-0.0904279
0.750329
0.0830232
0.919882
0.00132788
-0.35034
1.26032
0.989764
0.91941
0.77558
0.280658
0.0797316
1.32465
0.290568
-0.984037
0.606118
0.501099
-0.30053
0.837623
0.860647
0.633595
0.32302
0.73572
0.455185
1.30366
0.816159
1.00492
-0.324487
0.435045
0.356118
0.7087
-0.872686
0.10278
0.667847
0.53407
0.950571
0.406562
0.668913
0.380991
0.808258
0.748849
0.20136
1.15777
1.18819
1.09937
1.04693
0.864206
0.795123
1.15371
0.960873
0.21151
0.38302
0.504292
0.891147
0.188737
1.05102
0.663764
0.021734
0.197664
0.937055
-0.338376
0.229359
0.640483
-0.0871392
0.461109
-0.331309
0.435371
0.785389
0.873948
0.487128
0.304312
0.291754
0.874983
0.584567
-0.359441
-0.44558
0.615415
-0.0584901
0.0197729
-0.0810556
0.799859
0.115781
0.696951
0.00738772
0.549673
-0.0962927
0.497803
1.13448
0.532054
1.29077
-0.211345
0.475765
0.551385
0.593251
0.363039
0.11741
1.12124
0.186359
0.621018
0.262265
0.895317
0.412359
-0.0021502
-0.223316
0.853904
1.47841
0.0607406
0.200898
0.280343
0.383183
-0.618016
0.417665
0.215137
0.64671
-0.127298
1.29167
1.43991
0.0570397
-0.0138285
0.668079
-0.747065
-0.0386794
0.573576
0.257516
0.0344813
0.289068
1.60371
0.718981
0.335845
0.753934
0.849448
0.595761
0.787429
0.667947
0.314779
1.67476
-0.0199357
0.196106
1.00532
0.781188
0.971201
0.199528
0.174759
0.968633
1.72153
0.710229
1.65645
-0.0994903
0.941332
0.13553
-0.176748
-0.143033
0.826175
0.44999
0.416849
0.99979
0.0861467
-0.515321
0.377749
0.885914
0.332144
0.790983
0.174111
0.62105
0.388719
-0.174257
1.36634
1.21474
0.822824
0.641548
-0.706971
1.93042
0.281801
0.311217
0.945888
-0.189101
0.171676
1.54373
0.601114
-0.0651316
0.840446
0.50873
1.21892
-0.0048663
0.0981044
0.331396
1.28736
0.758957
1.55103
-0.305228
0.530525
0.814658
0.591377
1.16712
-0.0134439
0.629257
0.262715
0.861385
-0.0756864
0.882762
0.374107
1.1569
0.404674
-0.00294385
0.884091
0.62652
0.0346728
-0.268248
-0.453682
0.631711
0.930545
0.25893
0.398601
-0.11632
0.755433
1.15073
0.636592
-0.359021
0.361911
0.51465
0.731687
1.46559
1.01959
0.349965
-0.647111
1.33013
0.527926
-0.55729
1.23039
-0.557536
0.207897
-0.787061
0.631565
0.474267
-0.0545166
0.0175433
0.763151
0.889805
0.909179
-0.109226
1.48407
0.390848
0.0109375
0.138938
1.20737
0.403923
-0.196717
0.431831
0.0731681
1.44247
1.33543
0.156551
0.631319
-0.169054
0.631391
1.28477
0.000892222
-0.644922
0.511787
1.51295
0.195287
0.963441
0.953064
0.88986
1.96961
1.30359
0.273375
0.315433
0.806701
1.19562
-0.0963081
0.0936061
0.740539
0.617882
0.991961
0.912345
0.793032
0.809199
-0.226629
0.998536
0.43494
0.229564
0.586679
0.224935
0.0835011
0.823497
-0.444102
0.336268
0.522512
0.645845
1.13164
0.781967
0.731835
0.0206042
0.680259
1.46125
1.01471
-0.149179
0.516337
0.379786
-0.0277153
0.479598
-0.571135
1.16856
-0.0085085
-0.146277
0.713171
-0.678035
0.631001
0.577947
0.448214
1.31864
0.388072
0.533614
1.46007
0.55691
-0.0579231
1.10707
0.792031
0.663494
0.314593
-0.207367
0.208856
0.773019
0.48533
0.652227
0.667362
0.0401825
0.821307
0.308887
1.78358
0.300921
0.202615
0.59377
0.677698
0.644621
0.593213
0.241668
2.03186
0.383521
-0.137475
0.278862
1.05275
0.607729
0.155403
-0.617282
-0.529057
1.12394
0.81265
0.593947
1.7634
0.523627
1.14699
0.337748
0.597084
1.13458
0.467029
-0.0705479
0.774096
0.789219
-0.124188
0.854434
-0.265272
-0.222944
0.0856645
0.141456
0.126551
0.00245277
-0.302093
0.248335
0.95201
1.26562
-0.0062047
1.18909
0.231033
1.38002
1.22903
0.498715
0.709159
0.212247
0.344084
1.10514
1.04249
0.479055
0.103746
0.38418
0.727931
1.05641
0.647535
-0.166077
0.000399967
-0.061169
0.046795
0.470933
1.17157
-0.220024
-0.538504
-0.108996
0.15422
0.547703
1.25151
0.135788
-0.301117
0.445292
0.539341
-0.142989
-0.115903
0.0340057
1.29694
0.670828
0.50396
-0.317182
1.08247
0.490141
0.426382
0.565202
-0.817918
0.0237131
0.574816
0.580303
0.657773
-0.070276
0.305521
0.870747
1.00158
0.222852
0.697799
0.244985
0.27526
0.669534
-0.715321
0.183769
-0.439336
0.307324
0.165005
0.110347
-0.0306113
-1.08326
0.0690098
0.881597
0.779646
-0.837728
1.02684
0.0873192
0.0139881
0.376111
0.536487
-0.139922
0.325909
0.206373
1.1169
-0.182154
1.91613
0.334613
0.876394
-0.151871
0.994004
0.0425416
0.633767
1.17599
0.959618
0.297509
0.51645
1.63991
0.57705
0.503828
0.0829278
0.400605
0.8594
1.14547
-0.166434
1.53647
0.919751
0.847206
0.0558735
1.25093
0.487723
0.570976
0.346162
-0.127299
0.600911
0.560025
0.855703
0.741376
0.156525
0.25846
-0.441697
0.409613
0.389326
0.684658
0.635703
1.55789
0.404562
0.220666
0.248666
1.03538
-0.219345
1.64944
0.921098
0.732385
0.611613
1.24834
1.04965
0.55717
0.993695
1.13033
1.46667
0.313519
-0.56643
1.11763
0.756572
0.919158
0.411852
0.636566
0.366304
0.827945
1.40138
0.77521
0.443651
0.213448
0.746691
1.02186
0.914558
1.26987
0.650919
0.859472
-0.0379703
1.53772
-0.113541
0.695478
0.822871
0.820001
-0.0282888
0.435086
-0.12096
0.498521
0.634611
0.671361
1.05842
0.432859
0.0673188
0.812213
0.189552
0.688655
-0.131231
1.13931
-0.233669
1.12692
-0.148195
0.562357
0.930985
0.507022
-0.0122649
0.0135316
0.495136
1.09437
0.156796
0.940696
-0.322981
0.482666
-1.09426
0.432638
0.354203
0.51027
1.01427
0.528959
0.0125803
0.935356
0.50882
0.412622
0.985147
0.711103
0.444721
1.25349
0.259646
1.32231
-0.208153
0.418401
0.99948
1.70271
1.18354
0.626406
0.982965
0.638685
0.465168
1.18572
0.363453
1.22669
1.22768
0.914566
1.25407
-0.156158
1.47998
0.337795
0.382468
1.12222
0.279823
-0.434262
-0.0583244
0.628518
0.868149
0.868192
0.952056
0.406514
0.427522
0.404231
0.985254
0.296287
1.00318
1.31616
0.283836
-0.381223
0.301122
0.305258
1.38258
-0.0553806
0.643657
0.425055
1.2354
0.410985
0.745176
1.55635
0.734655
1.32136
-0.416818
0.944989
-0.649025
0.208899
-0.667643
1.46882
0.379204
0.826279
0.460475
0.031452
0.68441
0.315717
0.224457
0.601193
-0.895123
0.989371
0.670025
0.665566
0.400909
0.484242
0.938586
0.278103
0.982563
0.544547
-0.0261081
-0.0182589
0.280514
1.57256
1.88436
0.784478
0.93865
1.38128
1.50876
-0.11653
-0.266019
-0.834788
0.287379
-0.00730013
1.3435
1.26121
-0.0632972
-0.487837
-0.0904119
0.869329
0.775606
0.459267
-0.501198
0.914602
1.02071
0.824068
0.867413
-0.721628
0.139194
0.436714
0.457372
0.802093
0.81628
1.05215
1.18997
0.0466509
0.441419
1.05404
-0.0705609
0.528734
1.55442
0.671334
0.600573
0.666921
0.762083
0.543087
0.201804
0.97018
1.19205
-0.0654678
0.939497
0.755035
0.206514
0.771035
-0.988779
0.853042
0.272808
0.641124
0.88544
0.0984926
1.90611
1.70901
1.32042
0.781879
-0.0559865
1.17948
0.791533
0.975723
1.27064
0.0573971
0.375545
1.01958
1.11386
0.877635
0.743864
0.803323
1.1637
1.41288
1.17525
0.253965
-0.500629
-0.00827607
0.222853
0.838689
0.276086
1.60862
-0.398795
0.631583
1.30997
0.370375
-1.38148
-0.171962
-0.0263439
1.16717
0.444671
1.11901
-0.0306617
0.887334
0.139167
1.27235
0.557796
-0.193641
-0.214789
0.404192
1.34209
1.04627
0.0532379
0.735562
0.0371917
0.53007
0.763045
0.710201
1.37993
-1.26515
0.268034
0.214371
0.803024
0.985922
0.445172
1.10149
-0.503214
0.97039
0.865022
-1.02829
-0.372296
1.09132
0.789925
-0.164089
0.0363009
1.86956
0.761228
1.27011
0.670085
0.96767
0.895742
0.662132
1.08207
1.01113
0.765304
-0.159724
-0.469095
0.451535
0.92928
0.117834
-0.473654
-0.228991
1.28846
0.312284
-0.199208
-0.477209
-0.0928958
0.743911
0.30314
0.111868
1.04035
1.38806
0.0327338
1.99117
-1.52128
0.330171
0.446514
0.454696
-0.265037
0.637273
0.315116
0.95124
0.494226
0.0240773
0.165396
0.0939652
-0.0767062
0.282679
0.295839
0.593842
0.793987
