0.334705
-0.013692
0.325811
0.852073
1.05065
0.971418
0.80478
1.10131
1.12091
0.303103
-0.648222
0.657374
1.47532
0.739023
0.651646
0.91009
0.865144
0.292296
0.449921
0.778407
-0.230377
-0.443237
0.964037
0.298962
-0.0843686
0.828614
0.898655
0.465757
0.383805
0.36872
0.132459
0.37834
0.614822
-0.127933
0.752526
1.02254
1.24184
0.805415
-0.26211
-0.300918
0.0347882
1.38444
1.07298
0.940933
1.03447
1.08147
0.887555
1.34701
0.6795
0.0595174
0.243098
0.704114
1.00162
-0.572114
1.64336
0.867062
0.792686
0.257127
-0.17983
0.665601
0.014278
0.436447
0.259215
0.254923
0.443594
0.449245
0.745628
0.930226
0.629393
0.511652
1.36073
1.35966
0.319144
1.06417
0.736696
0.612858
0.667866
0.0882275
0.687652
-0.034703
0.683166
0.484428
0.486845
-0.256397
-0.116444
-0.0756707
0.0781497
0.980048
1.40572
-0.0342825
1.0851
0.260269
0.903984
0.438597
0.889018
-0.120371
0.711984
-0.344771
0.50209
-0.372071
-0.169076
0.275738
0.61331
0.651192
0.538023
0.803908
0.912719
1.12111
0.994972
0.316886
0.70761
0.0951212
0.679885
0.467776
0.846288
0.628223
0.214288
0.445944
0.798911
0.319617
1.03341
0.413642
0.869486
1.06366
0.776689
1.33078
0.771298
0.382054
0.369918
0.771661
1.17902
0.150629
0.981213
0.615889
1.24834
-0.372163
0.216662
0.269014
0.492887
0.997083
0.695048
0.637876
-0.314394
0.674344
0.127359
1.31255
0.0552699
0.45592
0.71367
0.538375
0.526463
0.36242
0.534198
0.816376
0.205537
0.775504
-0.269974
0.596424
0.558202
-0.0566319
0.74558
-0.0801672
0.660524
0.698729
1.03832
0.681877
1.50131
0.311417
-0.6795
-0.430557
0.69083
-0.0450281
-0.129413
0.22632
0.0141392
-0.417231
0.942685
0.0870397
0.897611
0.336818
-0.052258
0.744025
0.166319
0.00347617
0.109282
1.11191
0.501589
0.573744
0.328261
1.41075
0.641463
0.719427
0.870651
0.0294608
0.0462317
0.0968582
0.428988
1.09824
0.901518
0.274576
0.724727
0.185359
-0.444447
0.1103
0.956665
0.591418
0.776831
0.226789
0.721585
0.269516
0.423131
-0.547928
1.02867
0.525253
1.24221
0.542988
1.38254
0.321189
0.166042
-0.136286
0.0272117
1.34434
0.47295
1.25145
0.0776117
1.24236
0.59815
0.48385
0.195435
0.766189
-0.420657
-0.142153
0.346692
0.0615912
0.693526
-0.00181821
1.06943
1.08242
0.0165746
-0.284396
0.521104
0.711266
0.399703
0.512259
-0.538183
-0.129871
0.512908
0.907127
0.734607
1.18949
1.20843
-0.0905483
1.38131
1.40684
-0.229589
0.992023
0.718297
0.217277
-0.197167
0.541446
0.306862
1.18897
0.709402
0.188271
0.452512
0.26164
0.263049
0.913711
0.550682
0.965738
1.09254
1.14626
0.742663
-0.102594
0.848214
1.25089
0.0238839
0.892684
1.10321
1.21357
0.247199
0.915178
0.418457
1.09535
0.277561
0.903985
-0.267617
-0.139501
-0.202814
0.356911
1.21065
-0.1232
0.778421
1.0426
0.31597
0.954338
0.657104
0.940056
0.645448
0.061948
0.808036
0.465157
1.26191
0.34517
1.017
-0.228242
-0.711393
0.978075
0.528616
0.837829
0.249124
-0.705467
1.17502
0.0935601
0.602672
1.27378
0.987061
0.819541
0.127242
-0.180209
-0.143443
0.600847
-0.519356
1.10405
-0.232752
1.22937
0.526651
0.569058
-0.00454294
-0.465089
0.329202
0.266199
0.601361
0.779276
-0.00828399
0.0485672
-0.210895
0.742185
-0.139797
0.350336
0.0354434
0.0104568
0.485753
1.31078
1.47727
0.54603
0.807687
0.819251
1.35808
0.871032
0.780905
0.511276
0.120135
0.462691
0.359832
-0.345633
0.483734
0.487173
0.252345
0.848752
0.119339
0.42995
0.132166
0.202337
0.612389
1.24965
-0.615373
0.731446
1.01247
0.945015
0.428096
0.0600281
-0.370157
0.629287
0.306772
0.752313
1.52176
1.00743
0.338855
0.278934
1.05965
0.24013
0.709241
0.0359433
-0.0949816
0.252525
1.2317
0.35575
0.821777
0.564151
0.605116
0.0757962
1.08357
0.152213
0.304664
0.0573165
0.730581
-0.124518
0.968648
1.45539
-0.43755
1.07893
0.0545679
0.0825709
0.712151
0.808361
0.482553
0.654968
0.690524
0.712022
0.579732
0.252473
0.287822
0.847158
0.384471
0.00884349
-0.339399
-0.458721
0.692919
0.140181
0.243873
0.727406
0.561766
0.308032
0.27381
0.53603
0.842654
0.362384
0.220485
-0.0683127
1.03727
0.715577
0.783681
0.237279
0.494447
1.26027
0.395106
0.759568
0.765893
1.1897
0.0159888
0.623024
0.312185
0.919485
-0.198659
0.746263
0.475292
0.249107
0.453783
0.691414
0.121899
0.507011
0.270462
0.550667
0.192696
0.114929
0.824711
0.642151
0.517836
-0.516069
0.556146
0.215874
0.86715
0.544277
0.0837718
0.056789
0.637884
0.65475
0.0270547
-0.013935
-0.342874
1.4747
0.426976
0.784053
-0.0159081
0.743368
0.186032
1.00091
0.407693
0.537866
-0.186801
0.904587
-0.187266
1.41269
0.84149
-0.29656
0.364529
0.462126
-0.661792
0.649234
0.364915
0.0935265
0.31297
0.355168
0.620398
0.876722
0.969965
1.15806
0.102243
0.845906
0.22623
1.08734
0.457296
0.622494
0.214456
0.435577
0.22307
0.701463
1.24984
0.140703
1.00603
0.64698
0.345806
0.855978
0.616727
-0.368915
-0.0106174
0.97301
0.0370791
0.646607
0.58977
-0.301617
1.24961
0.760266
0.495797
-0.233938
1.27
0.376282
0.492228
0.404355
0.515652
0.77571
0.0640182
1.23771
0.0201236
0.758834
1.25829
-0.31837
0.0988529
0.421507
0.555985
0.155473
-0.148024
0.747688
0.47929
0.94592
-0.0521102
1.25547
1.08033
0.499457
-0.559538
0.823042
0.822951
0.595768
-0.13363
0.197996
1.12553
0.133218
0.173284
0.259895
0.952907
0.32172
0.597052
1.34909
1.10331
0.499513
0.390559
0.393598
1.42748
0.244946
0.694012
0.972082
0.846611
0.867654
0.395706
0.298208
0.757069
0.905563
-0.265339
0.865468
0.48903
0.619993
0.495982
0.952883
0.548148
0.447472
0.841341
0.854673
0.426628
1.50746
0.364523
-0.32142
0.991144
1.03505
0.596349
-0.216876
0.95708
0.426931
0.314022
-0.0530668
-0.0890631
0.483114
-0.172711
0.651784
-0.120041
0.62413
0.890219
0.324496
0.717067
0.368355
-0.509783
0.355253
0.85121
0.691369
0.168115
1.06763
0.323628
0.390155
0.165497
0.506115
-0.122241
1.04046
0.00936085
0.393515
-0.0982397
0.39541
1.24646
0.905884
-0.88946
0.413088
0.350911
0.0864973
0.891739
-0.18821
0.296491
0.0394782
0.4517
0.959832
0.559683
0.0744096
0.394462
0.170333
0.721176
0.843306
0.517615
0.61416
-0.315957
0.670521
-0.217612
0.351697
-0.310241
1.07199
-0.184453
0.00283003
1.24964
0.342717
0.280305
0.694099
0.640198
0.478243
0.620551
0.383403
-0.0249594
1.30097
1.1818
0.45402
-0.436757
0.285557
0.330373
1.27059
0.427892
0.259912
0.560107
0.304148
0.54227
-0.430858
0.658298
-0.178941
0.548946
-0.163442
0.417564
-0.0960363
-0.021263
-0.0793964
0.987576
0.0458138
0.125973
0.0987612
0.968786
0.179656
0.733155
1.16414
0.553584
0.441343
1.32456
-0.241216
0.725111
0.145239
-0.0185332
1.18081
0.725732
0.977647
0.800163
0.209243
0.0365423
0.0542051
1.65321
1.0254
0.347333
0.701294
0.657032
0.942153
0.918337
0.369979
0.854324
0.795534
0.521238
-0.11399
0.339316
0.990206
-0.132673
0.981537
0.375884
0.782624
0.711538
0.129858
0.00696849
0.813539
0.924959
0.397869
1.03232
0.115057
1.2201
0.10417
0.379141
0.140691
0.73089
1.0109
1.3673
0.76777
0.856588
0.994753
0.0880237
1.65347
0.489371
-0.218731
-0.0196327
0.157765
0.440682
0.0676056
-0.439287
0.241803
0.069724
0.53428
-0.46993
0.310023
1.51181
0.0807845
0.49638
1.12033
-0.0473515
0.0100052
0.444071
0.217405
0.848967
0.779495
-0.323064
0.447889
0.27133
0.460064
0.30788
1.10434
0.241685
0.598041
-0.196626
0.577258
0.979345
1.07513
0.51379
0.976337
0.683189
0.284983
1.2721
0.340081
1.5042
0.810941
0.688994
1.11667
1.02075
1.04656
0.283006
0.323074
0.688045
0.0374032
0.289668
-0.0958741
1.06723
0.995183
0.866318
0.874286
0.436259
0.253815
0.897473
0.235698
0.424839
0.568858
1.26872
-0.280442
-0.165468
0.667613
-0.0696902
0.153314
0.809912
0.589533
0.91382
0.602996
-0.171945
0.955299
0.527832
0.701718
1.04759
0.312454
0.49059
0.373658
1.40898
0.138822
0.303627
0.392628
0.408335
0.608643
0.41197
0.742407
0.511788
0.669118
0.43623
0.948853
1.26575
1.7048
0.921548
1.4118
1.0933
0.96244
1.67061
0.599759
0.137718
-0.051172
0.174983
-0.756378
0.0926897
0.0960187
0.0943471
0.942948
0.698918
0.64597
0.0166895
0.585555
0.672754
-0.0430226
0.0996785
0.526038
0.388817
1.72506
0.580624
1.02269
0.666088
1.14956
0.669527
1.00309
-0.262988
0.433126
0.288445
0.200921
1.62269
0.339009
0.438476
0.643409
0.596218
0.420221
0.831018
-0.0653007
0.521855
0.492239
0.912134
0.824493
0.678291
0.913173
-0.0463386
0.269987
0.890804
1.04784
0.463782
0.810386
1.08079
1.01675
0.137306
-0.220316
0.114488
-0.577698
-0.352121
0.715323
1.04057
0.0334399
1.16394
0.555777
0.954881
-0.483262
0.982864
0.330265
0.442232
0.619781
0.278953
1.03065
-0.765491
0.970654
-0.151216
0.390579
0.221265
1.08352
0.20128
0.0626405
0.594713
-0.52532
1.10258
0.671627
0.765717
0.103094
-0.0354781
1.15747
0.872911
0.43863
0.621129
0.413982
0.493495
0.10215
0.61641
1.27678
0.314872
0.441096
0.429185
0.600313
0.546948
0.526821
0.59354
0.635396
0.903196
0.472328
1.12521
0.391355
-0.0748654
0.498653
0.436321
-0.464524
0.0806503
0.277994
1.08286
-0.4303
0.432183
0.32301
1.11604
0.528509
0.165979
0.610387
0.614095
0.317995
0.0890008
0.247446
-0.265882
0.812112
0.733674
0.315962
0.571839
1.195
0.753254
0.0717477
-0.0731769
0.117535
-0.0980532
0.130121
-0.398176
0.481137
0.591313
0.29058
-0.376266
0.591259
0.199007
-0.15568
0.331224
0.557688
0.233565
0.840551
0.709991
0.660157
1.07861
0.211361
-0.10385
0.209862
0.0776168
0.432483
-0.0314786
0.148017
-1.31595
0.514051
0.223411
1.14953
1.02467
-0.266965
0.288016
-0.0138524
0.521264
0.901936
0.790988
-0.0147035
1.1609
0.965388
1.28146
-0.473672
1.65356
0.130989
-0.100624
0.10191
0.286873
0.0873213
1.02483
-0.366556
-0.223989
-0.024564
0.546549
0.676819
0.292619
0.175898
0.127253
1.37757
0.653826
0.435073
0.758051
1.51293
1.07711
0.82919
-0.00338084
0.0470479
0.713583
-0.18917
1.58208
-0.0446068
1.20289
0.229057
1.00616
0.479589
0.814064
0.303982
0.811637
0.272729
0.154447
-0.0138447
0.946854
1.5736
0.869082
0.684208
1.1403
0.619873
1.25723
0.116671
0.443097
0.10671
-0.0184683
0.584791
0.707957
1.44436
0.64205
0.548534
0.288241
0.480321
0.349474
0.261688
0.574585
0.775871
0.567288
1.06503
0.972574
0.451736
0.0950802
0.184565
-0.0834579
-0.115776
0.555579
0.772912
0.319083
0.00551219
-0.611178
0.283937
-0.156679
0.539704
1.09702
0.982094
0.564261
0.480031
0.867379
0.615729
0.424205
0.17422
0.372449
0.628277
-0.500212
0.306137
0.670822
1.10375
-0.515435
0.559894
-0.713335
0.45555
0.804228
-0.0784652
1.30893
0.659332
0.958344
1.09126
1.38286
0.650434
0.973725
0.0634971
0.398767
1.10417
-0.559948
0.739948
0.151532
-0.280309
0.947676
0.337159
-0.309198
0.00306706
0.363935
-0.621668
-0.221918
0.914194
0.261215
0.87419
0.14342
-0.520296
0.886366
0.105669
0.121695
-0.20434
0.879672
0.358981
0.183425
0.871075
0.676687
0.188093
0.420831
0.991646
0.197715
-0.0605556
0.485583
0.737444
0.384087
0.459154
0.0758498
0.221985
-0.404266
-0.260045
0.113934
0.667633
-0.284324
0.870631
0.419794
0.468713
1.2218
0.296446
1.24751
0.387764
0.362696
0.0274445
0.559286
0.0709415
0.892393
1.38475
0.286189
0.774821
0.800878
0.107648
0.702784
0.362158
0.089778
0.949847
0.807997
1.3152
1.02155
-0.293157
0.642491
-0.572196
0.537357
-0.226705
0.597056
0.574124
0.551317
0.745805
-0.349576
1.3391
0.642809
-0.0106653
0.500563
1.27281
0.288931
0.566678
0.756864
0.614057
0.621902
0.789619
1.12199
0.823337
-0.281648
0.666239
0.200667
0.519876
0.863097
0.524588
0.317679
0.382825
0.114135
0.144339
1.48497
0.468409
1.03069
0.993257
0.243711
0.956388
0.243523
0.355163
0.260719
0.00504149
0.916366
0.764152
0.0292212
0.915713
0.977899
1.43319
0.840578
1.34347
1.43307
0.410337
0.136199
-0.114918
-0.266083
0.284041
0.632752
0.260049
-0.275104
0.318439
0.584668
0.77836
0.507654
1.43211
-0.0507898
0.605096
0.357895
0.104653
0.233095
0.448646
0.484422
0.462988
0.744546
0.682142
0.077109
0.407808
0.274564
0.266026
0.671711
1.36849
-0.0834859
1.04708
-0.330658
1.14064
0.364738
0.0342137
1.17742
0.554639
0.260918
0.953301
0.350586
-0.403434
-0.437359
-0.11476
0.700788
0.120589
-0.366074
0.559627
0.820639
0.773767
0.377558
-0.000368296
0.567531
0.969137
-0.0499566
0.267136
0.187115
0.622447
0.648071
1.13456
0.590641
0.120925
0.592537
-0.169366
0.827284
1.04652
0.343178
0.592441
0.0450815
1.00315
0.788711
-0.124849
0.745187
0.938043
0.556978
0.679732
0.428045
0.266194
0.355651
0.283961
1.1205
0.532108
1.29179
1.30342
-0.518678
0.88118
1.11904
0.841518
0.647004
0.237456
0.274975
0.846316
0.680562
1.32312
0.48021
0.259366
0.313721
0.995546
-0.00400724
0.234244
0.616533
0.372009
0.17628
1.11027
1.24279
-0.28054
0.774473
0.361506
1.1218
-0.0875002
0.798063
0.529
0.920947
0.760378
0.326791
0.159337
1.18389
0.665566
-0.290073
0.485854
0.563394
1.06103
1.15883
0.448301
-0.252057
1.05168
0.23097
0.808179
0.181607
0.400481
0.392221
0.782858
0.632948
0.973408
-0.0510924
0.311035
1.23433
0.732484
0.687124
0.318312
0.822538
0.189741
0.214417
0.714887
0.470228
0.504312
0.59092
0.991429
0.222868
-0.0963733
-0.155648
-0.0874152
1.12013
-0.585686
-0.0633745
-0.136164
0.247425
-0.128215
0.90679
0.364372
0.700709
0.84804
0.920871
-0.524738
0.189874
-0.256113
0.29089
0.621227
1.38768
0.796263
0.550793
1.13021
0.504239
1.34175
0.672014
0.923388
0.207691
0.688925
0.698259
0.048402
-0.198614
0.549925
0.771873
0.257434
1.23397
0.308787
0.53065
-0.00547074
0.582531
1.31067
0.316649
0.809357
1.45576
0.933485
1.56758
1.04462
0.534606
1.58743
0.206132
0.185939
0.426929
0.690977
1.20527
1.36568
0.474128
0.158623
0.0944516
0.42314
0.274602
0.646006
-0.502083
-0.358345
0.167903
0.94968
0.518994
0.31947
0.587329
0.740298
0.727816
0.375927
0.911193
0.705775
0.0360908
0.432559
0.182969
0.417975
0.248161
0.310083
1.09456
1.4902
0.458279
1.13982
0.327605
0.375558
0.87724
0.369855
0.777338
1.57644
0.857106
0.466241
-0.135879
1.15551
0.550628
1.29725
0.576294
0.64597
1.27242
1.10509
0.346766
-0.21285
-0.213252
0.855067
1.65768
1.26356
0.804506
0.828751
0.553169
0.497686
0.757081
0.602769
1.1097
0.813166
1.16997
0.68736
-0.0437702
0.300971
0.537435
-0.00286588
1.16206
0.327235
0.42142
0.74788
0.199098
1.02157
-0.0300875
0.964689
0.28135
0.163138
0.486444
1.04838
0.781521
0.938131
0.269818
0.559379
1.44938
0.46959
0.286195
0.116917
0.347724
0.45739
0.796272
0.422589
0.110982
1.25408
0.706895
0.763595
0.800883
0.704192
0.367306
1.46902
0.239731
-0.164966
1.6436
0.821044
1.33841
1.58187
-0.31288
0.671119
1.14754
1.24367
0.24668
-0.217258
0.0516331
0.409404
0.137846
0.293308
-0.0794149
0.72072
0.786764
0.591596
0.648853
1.12173
-0.017032
1.46426
0.740024
1.10338
-0.365166
0.65087
1.16616
1.33604
1.00141
0.844202
1.0668
0.387382
0.0522086
0.955326
0.262021
0.93537
0.600412
0.418203
0.551818
0.892942
1.01677
0.720758
0.0209659
1.18415
0.895942
0.427522
0.0764297
-0.0409495
0.00341574
-0.0721172
-0.464431
0.378755
0.772223
0.516041
0.270929
0.449492
0.290363
0.528321
0.368523
-0.413487
0.653959
0.694006
0.222339
-0.150945
0.5296
0.528052
0.286286
0.623443
0.156472
0.456871
1.31252
-0.19154
0.0488783
-0.0878609
1.01373
0.0943151
0.777222
-0.288866
0.120679
0.442571
0.684876
0.711812
0.81466
0.418178
0.980351
0.24548
0.819488
-0.347994
0.0736394
0.678195
0.320354
0.741316
1.19648
0.938353
1.11891
0.745838
0.212999
1.04277
-0.157143
0.76346
0.738347
1.14974
0.872834
-0.358618
0.713373
1.20577
0.91391
1.29369
-0.176796
0.396204
0.418107
-0.406791
0.216389
1.34754
0.0548486
0.983193
0.524501
0.500927
-0.357264
0.794224
0.698297
0.336993
0.464899
0.206113
-0.0650263
0.643487
-0.115246
1.05243
-0.255413
0.350232
0.885896
0.970693
0.826442
0.624014
0.970412
0.992026
-0.264263
0.738049
0.444889
1.09343
0.691064
1.1347
0.87414
0.364217
-0.400447
0.426088
0.261391
0.243145
-0.92324
1.21356
0.133683
0.996877
0.150842
0.69824
0.336633
1.00718
0.324998
1.20656
0.747688
0.749901
1.731
0.684078
0.45674
1.41228
1.05493
1.06727
0.933536
-0.883883
0.624771
0.0860515
0.315842
0.595546
0.812386
0.666994
0.791658
1.48076
1.36072
0.659949
0.309219
0.452074
0.0940888
-0.110112
0.492579
-0.0941631
0.790729
0.756403
-0.613693
0.0707075
0.12852
0.206111
0.776843
0.709296
0.738939
0.487238
0.445401
0.288482
1.02589
0.552595
0.301906
0.417274
1.20303
1.25035
0.636194
1.02929
0.919415
0.000314384
0.856216
0.804229
0.547837
1.17796
0.571374
0.839333
0.570655
-0.480457
0.861867
0.773798
0.892685
0.944282
0.465832
0.756163
0.458967
0.516558
0.129812
0.801085
1.08772
0.0435599
0.829039
0.406137
0.125854
0.0229544
1.00517
0.520671
0.492985
1.13363
1.1086
0.886241
0.820285
1.0662
0.380281
1.17014
0.887006
0.0759175
0.587436
0.200856
0.503331
0.450846
0.685371
0.940124
-0.102971
0.151219
1.00964
1.13775
0.232056
0.307175
0.558085
0.536017
0.665462
0.839251
0.628161
0.415075
0.937441
0.903744
0.777561
1.15298
0.551839
0.802815
0.368761
0.904797
-0.199111
1.03509
0.6496
0.871326
1.32288
0.650681
0.273247
-0.770115
-0.0243536
0.681056
1.45095
1.08534
0.0132213
1.0396
0.640817
0.504099
0.292382
1.94506
0.759493
0.0526021
-0.185862
-0.197065
0.740412
0.385085
0.689406
-0.263477
0.889644
0.967982
-0.0408668
-0.0754339
0.540534
-0.13394
1.55146
0.258286
0.0986619
0.251379
0.678794
1.01593
0.912337
0.908671
0.0750991
0.563149
0.636647
0.333317
0.428702
0.0901171
0.253143
0.953788
0.46055
-0.425815
0.0876411
-0.0564702
-0.11488
0.618012
0.26944
0.430619
0.807184
-0.0698164
0.943115
0.313154
0.732808
0.579252
-0.394923
1.48807
-0.394609
0.778455
0.833389
0.267056
0.719503
0.754339
0.0852975
0.645164
0.747009
0.174124
0.0470111
0.669329
1.27783
-0.0688991
0.932451
-0.202055
0.599849
0.941151
0.341252
0.783113
0.505139
0.732334
0.236512
-0.158427
0.196048
0.0528457
0.038437
0.680769
1.29048
0.405671
0.397877
0.654245
0.740045
1.19776
-0.0511684
0.880881
-0.440756
0.57555
1.11125
0.835568
-0.335196
0.165821
0.360676
0.161417
0.0584629
0.96474
0.891598
1.00695
0.936627
0.593035
1.0651
0.614447
-0.0700079
0.452472
0.554438
0.0949467
0.607301
-0.259511
0.264476
-0.068923
0.576198
1.00753
0.389224
0.523685
0.642497
0.0980819
1.12517
1.12226
1.20429
1.04341
0.214848
0.594503
-0.559461
0.841048
-0.426523
0.745443
0.453618
0.494328
0.475246
0.586955
0.242757
0.812227
0.356577
-0.771718
0.508132
-0.154706
1.26779
-0.204414
-0.075288
0.898676
-0.194357
0.280986
0.531534
-0.0946827
1.32062
-0.137409
0.501919
0.748463
-0.192443
0.496216
0.0763757
0.956689
0.646741
0.253408
0.17771
-0.814727
0.345531
0.946708
1.4857
0.678016
0.799101
-1.12149
0.877455
-0.070042
0.814591
0.416084
1.05735
1.19928
0.153583
0.505529
0.790358
0.229836
0.250038
0.990952
0.617906
-0.203655
-0.130955
0.499691
