0.737185
0.870066
0.835761
0.668321
0.647191
0.492463
0.323621
0.431371
0.128928
0.171135
-0.0253243
-0.106365
0.453461
0.380604
0.328308
0.202696
0.234227
0.0602233
-0.0225446
-0.448198
-0.328969
-0.380849
-0.478506
-0.206766
-0.121352
-0.139959
-0.0719877
-0.277755
-0.182358
-0.0710622
-0.0943284
-0.151262
-0.207321
-0.0181912
0.170967
0.291213
0.527415
0.359868
0.281271
0.15462
0.431505
0.0927277
0.119891
0.358489
-0.112264
-0.174097
0.129835
-0.267879
-0.320617
-0.666571
-0.394233
-0.566567
-0.447078
-0.711852
-0.326001
-0.313619
-0.113182
-0.332171
-0.246996
-0.190828
-0.499322
-0.719559
-0.648511
-0.650442
-0.653502
-1.1952
-1.4466
-1.5128
-1.35462
-1.15304
-0.657585
-0.558207
-0.785751
-0.6942
-0.410075
-0.258125
0.0209904
0.261746
-0.0614295
-0.123233
0.0743963
0.0388064
0.341727
0.435948
0.206902
0.403883
0.674934
0.441437
0.243308
0.0495896
0.333337
0.659388
0.860332
0.880674
1.07995
0.838804
0.865685
0.585443
0.48362
0.271981
0.15522
-0.207291
0.0564141
-0.0844522
-0.190358
-0.109921
-0.26876
-0.0646397
0.176786
0.118422
-0.131699
-0.0345812
0.0361741
0.162823
0.417197
0.156144
0.279338
0.441432
0.111769
-0.171227
-0.228131
-0.342251
-0.520219
-0.729514
-0.984425
-1.10417
-1.09849
-0.960152
-0.870425
-1.08172
-0.603665
-0.662412
-0.81068
-1.0077
-1.35827
-1.48099
-1.62879
-1.21871
-0.590553
-0.242449
-0.224928
0.429982
0.490424
0.807988
0.799203
0.674447
0.516039
0.189566
0.439136
0.641363
0.887055
0.643274
0.472796
-0.0748828
0.239907
0.0454107
0.0484459
0.467563
0.0908741
0.181185
0.00607058
-0.376407
-0.140504
0.0951604
0.206456
0.296956
0.419144
0.398227
0.544135
0.549951
0.527078
0.509256
0.592121
0.734723
0.573229
0.442005
0.336738
0.0613566
0.614694
0.71665
0.517523
0.484622
0.541415
0.444776
0.642162
0.321579
0.265754
0.544609
0.467168
0.0741971
0.202638
0.158766
0.173418
0.13239
-0.0594225
-0.28487
-0.141868
-0.498293
-0.815996
-0.754617
-0.698152
-0.953652
-0.981593
-0.852701
-1.00614
-1.14897
-1.23362
-1.22218
-0.901434
-0.678295
-1.14483
-1.30278
-1.31947
-1.38461
-1.36466
-1.2314
-0.927279
-0.737009
-0.906959
-0.700595
-0.648861
-0.366834
-0.618808
-0.743692
-0.268892
-0.358955
-0.3732
-0.250158
-0.707854
-0.716004
-0.306266
-0.0802913
0.0195358
0.395853
0.341514
0.225749
0.309082
0.541006
0.181835
0.165586
0.21852
0.105766
0.163645
-0.254661
-0.289024
-0.474483
-0.778303
-0.703726
-0.400462
-0.171719
-0.374195
-0.386582
-0.607733
-0.289018
0.0973825
0.269876
0.483156
0.463821
0.168436
0.113062
0.708063
0.67495
0.515664
0.675952
0.627789
0.552052
0.42871
0.231589
0.343904
0.433377
0.568422
0.62427
0.413724
0.309251
-0.132262
-0.037069
0.0295719
-0.148291
0.0517282
0.146165
0.1931
0.395105
0.00177965
0.177172
-0.012348
-0.456588
-0.399526
-0.0950889
-0.14273
-0.539477
0.0460364
-0.236792
0.0347997
-0.332693
-0.266128
-0.710719
-0.702581
-0.695398
-0.700519
-0.840758
-0.542472
-0.634255
-0.920502
-1.0587
-1.16479
-1.17914
-1.12615
-1.15492
-1.32163
-0.870009
-0.778466
-0.549538
-0.68087
-0.785292
-1.17689
-1.547
-1.35913
-1.55231
-1.64432
-1.34809
-0.923008
-0.658101
-0.55231
-0.437597
-0.350097
-0.232965
0.21786
0.206477
0.0188745
0.0442679
0.239053
0.562865
0.800895
0.836232
0.873453
0.823549
0.94889
0.659108
0.799357
0.645381
0.744346
0.590192
0.520527
0.349936
0.326086
0.836752
0.928614
0.736764
1.02176
1.14331
1.23807
1.37309
0.996564
0.973995
0.627914
0.591389
0.449586
0.512749
0.425049
0.354978
0.637474
0.742668
1.26149
1.03216
1.09277
1.10871
1.14371
1.16499
0.974198
1.03357
1.03598
0.759878
1.1512
1.00273
0.795013
0.994678
1.17004
0.774602
0.557178
0.497728
