0.0869672
-0.00221197
-0.184362
-0.393939
-0.508303
-0.514706
-0.701773
-0.671128
-0.748967
-0.596422
-0.383131
-0.0910878
-0.356673
-0.552687
-0.447171
-0.234581
-0.226379
-0.41104
-0.0090731
-0.11448
0.172311
0.23573
0.0252874
-0.28495
0.221971
-0.0179107
0.151689
-0.14704
0.0228743
0.177217
-0.0682406
-0.2394
-0.769409
-0.641705
-0.570474
-0.560624
-0.637324
-0.710705
-0.6585
-0.724103
-1.06238
-0.914859
-0.841776
-0.926037
-1.04634
-0.882361
-0.925579
-1.18518
-1.22644
-1.08813
-1.28605
-1.19895
-1.16496
-1.27713
-1.26519
-1.04954
-1.24889
-1.29955
-1.25044
-1.02123
-0.832544
-0.612674
-0.727988
-0.431965
-0.586925
-0.731171
-1.08314
-1.02187
-1.0437
-0.829481
-0.895167
-0.864877
-0.959614
-1.0288
-1.00724
-0.955433
-0.736586
-0.916412
-0.633485
-0.838967
-1.35128
-1.02474
-0.478809
-0.513497
-0.244153
0.0432774
-0.134134
0.12889
-0.182229
-0.163012
-0.059945
-0.0322254
-0.180037
0.0391935
-0.378622
-0.459596
-0.681108
-0.982461
-1.35257
-1.44229
-1.32155
-1.53765
-1.43253
-1.53166
-1.33635
-1.20235
-1.63574
-1.5161
-1.28251
-1.05168
-0.986847
-1.19523
-1.112
-1.0627
-1.13526
-0.955767
-0.976599
-1.20779
-1.15634
-1.02683
-1.11897
-1.31937
-1.39569
-1.39716
-1.04468
-0.913026
-0.414064
-0.165313
-0.0309949
-0.0176899
0.218394
0.173129
0.228969
0.622343
0.804655
0.522711
0.319438
0.196193
-0.0576787
-0.0885788
-0.640524
-0.460716
-0.45898
-0.460875
-0.575539
-0.329952
-0.300756
-0.646113
-0.752338
-0.599405
-0.741193
-0.773501
-0.787372
-0.516727
-0.488231
-0.563725
-0.544838
-0.439927
-0.372987
-0.221866
-0.256264
-0.17061
-0.0105982
-0.27374
-0.156732
-0.63203
-0.480795
-0.540488
-0.759789
-0.885336
-0.92869
-0.769529
-0.859621
-0.90293
-0.796019
-0.904154
-0.667082
-0.606053
-0.6174
-0.625078
-0.895687
-1.03805
-0.995957
-1.01865
-1.27889
-0.997619
-0.978155
-0.74026
-0.712265
-0.774031
-0.818386
-0.725205
-0.738164
-0.529486
-0.795675
-0.796269
-0.550299
-0.62464
-0.541061
-0.400677
-0.334011
-0.0324084
0.0499052
0.188115
0.379272
0.530963
0.368098
0.331726
0.349043
0.308416
0.390661
0.529587
0.234204
0.236162
-0.0319919
-0.154893
-0.196023
0.112955
-0.0567274
0.0391109
0.0764954
-0.179682
-0.305985
-0.560973
-0.247614
-0.47717
-0.592088
-0.682302
-0.690012
-0.8134
-0.649766
-0.622815
-0.414596
-0.529915
-0.559889
-0.543772
-0.648104
-0.479905
-0.317833
-0.0407654
-0.127019
-0.0457543
0.0417613
0.279066
0.00926704
0.231951
0.00199591
-0.0312254
-0.243705
-0.214001
-0.406089
-0.272576
-0.388739
-0.339132
0.0899202
-0.0262151
-0.321749
0.119355
-0.219056
-0.489748
-1.04714
-0.992068
-0.792632
-0.881117
-1.26341
-0.980377
-1.133
-1.20274
-1.25573
-1.29596
-1.36388
-1.26556
-1.48927
-1.43451
-1.53687
-1.236
-1.35753
-1.22963
-0.976162
-1.19027
-1.18387
-1.28667
-1.50631
-1.54089
-1.41315
-1.4669
-1.45377
-1.69337
-1.94759
-1.91817
-1.94772
-1.98919
-1.98998
-1.4207
-1.1141
-1.36147
-1.27841
-1.12743
-1.05828
-1.28299
-0.872941
-0.86767
-0.694636
-0.407293
-0.893
-0.758442
-0.909631
-1.0886
-0.720179
-0.886987
-0.811114
-0.566148
-0.456114
-0.129423
0.111465
0.250773
-0.0708939
-0.241708
-0.033562
-0.261765
-0.0343544
-0.0477321
-0.249782
-0.449071
-0.347694
0.0323169
-0.173855
-0.269883
-0.149582
0.2437
-0.0897123
0.224075
0.248379
0.468452
0.552425
0.722071
0.619604
0.779019
0.9114
0.634879
0.583679
0.65437
0.519459
0.502193
0.719474
0.696367
0.893262
1.06188
1.19395
0.846372
0.814861
0.562683
0.719299
0.846072
0.879949
0.97618
1.05599
0.83646
1.08533
0.76115
0.788186
0.769642
0.777585
0.529075
0.375999
0.0815816
-0.139678
-0.0527773
0.122375
0.0204488
0.153943
0.236618
0.161997
0.205544
0.162364
0.255376
0.308
0.511039
0.408972
0.620431
0.160367
-0.0707951
-0.243428
-0.405104
-0.308224
-0.247354
-0.218874
-0.592884
-0.504672
-0.228225
-0.196963
-0.0481156
0.661253
0.419578
0.32781
0.325448
0.144375
-0.121358
-0.264542
-0.086402
0.244673
0.0594784
0.183475
0.295898
0.0353077
-0.1332
0.171625
0.585255
0.679692
0.8866
1.0422
0.868046
0.836559
0.723539
0.31155
0.522804
0.486285
0.606894
0.564845
0.326147
0.346565
0.096065
0.19585
-0.034068
-0.137975
0.225604
0.564101
0.632226
0.717957
0.703191
0.748826
0.750349
0.66292
0.96569
1.05119
0.787641
0.556834
0.75352
0.598643
0.371146
