0.572423
0.78446
0.518923
0.240139
0.405112
-0.22864
0.634374
0.402892
-0.403735
-0.213839
-0.118406
0.40281
0.284212
1.00807
0.0799461
1.42112
0.924179
0.262965
0.262533
0.0510231
0.00629013
0.386464
1.04244
-0.335319
1.1299
0.122219
0.977417
0.96937
0.201523
0.722232
0.576513
-0.271962
0.245699
0.495547
0.482465
1.17922
1.24561
0.701797
0.94045
0.917607
0.82013
1.00911
1.21278
-0.0183732
-0.30455
0.936764
0.520552
0.556941
-0.863365
0.901949
0.306782
1.33078
1.10485
0.564131
1.19388
-0.000954486
0.207301
0.0342989
0.816595
0.625349
0.00164211
0.647454
1.01671
1.19187
0.85396
1.05999
0.522327
1.4843
0.118882
-0.115201
-0.36194
0.234736
0.104167
0.279967
0.960487
1.08177
0.344878
0.802244
0.770128
-0.842718
0.619215
0.984527
-0.458685
0.204622
1.63896
0.909048
0.0730029
1.15842
1.24138
0.0192093
0.0150722
0.74262
1.2182
1.39223
-0.316831
0.832097
1.13675
1.38845
0.319403
0.899843
0.238789
-0.308098
-0.00260313
0.646468
0.442194
0.428595
0.366147
-0.965236
0.0327201
0.492559
1.67087
-0.422377
1.59691
-0.236196
0.340691
0.501664
1.04437
0.86381
0.873596
0.643408
-1.79758
0.180227
1.11324
-0.891727
1.32597
1.29764
-0.814536
0.347931
0.963448
-0.110806
0.658499
0.329066
0.811788
0.82922
1.25005
1.97308
-0.494102
1.16979
0.882895
0.505463
0.197472
-0.776118
0.130544
-0.15877
0.735235
1.07724
1.66071
0.845146
0.415786
0.824811
0.0820662
0.778007
1.44174
0.045597
0.0981935
0.335851
-0.85737
-0.629779
1.19535
1.16261
0.938146
0.583356
-0.467602
0.662704
1.16091
0.462127
-0.627839
0.716699
1.21097
1.40346
1.49842
0.944475
2.21749
0.233527
1.16264
-0.486609
1.27331
0.989787
-0.242993
0.206051
-0.279746
0.300552
0.434479
1.24932
1.24941
0.161404
0.368925
0.14951
0.21332
0.173149
1.00876
0.0701322
-0.176538
-0.50282
0.218539
0.60979
1.13304
0.809373
0.777395
1.20384
-0.463342
0.694044
0.13175
0.00866093
0.399875
-0.312831
-0.104308
0.00941284
0.52236
0.771542
0.673638
0.0460669
0.963641
-0.112193
-0.0612367
0.460251
1.23696
0.165721
-0.176311
0.722047
0.899803
0.889193
0.455334
0.398164
0.322895
-0.689816
0.611419
-0.303926
0.56715
0.588682
1.17252
0.769957
1.52857
0.0550219
0.621896
-1.13495
1.19143
0.448779
0.0351487
1.09698
-0.211616
0.550492
1.15808
0.527568
1.10042
0.580518
-0.679539
0.000355264
0.509205
0.82487
-0.500272
-0.311763
0.906731
-0.156319
0.584407
0.912506
-0.102355
-0.310917
0.550028
0.513104
0.34528
0.569922
0.852098
0.5858
0.293069
0.394857
-0.410326
0.364718
0.808225
0.101461
0.578754
1.25581
0.647173
0.866763
1.0446
0.0747572
0.296413
1.30978
0.37206
0.749143
-0.637192
0.483995
0.329334
1.31451
0.901534
0.773292
0.867536
0.700598
1.74019
0.802814
0.377649
0.874005
-1.0246
-0.145846
-0.247798
0.32351
1.31997
0.826072
0.166558
1.22854
0.707059
-0.212426
1.21061
0.0376647
0.0648449
0.443404
0.420792
-0.189629
0.291188
1.39213
-0.152361
0.493977
-0.291913
0.956152
1.02465
0.689703
-0.110098
0.351472
0.324164
0.952428
1.2337
0.849445
1.05304
-0.0186614
0.184967
0.298412
0.625916
0.0869997
0.627771
1.73012
0.173102
1.86722
0.374576
-0.239994
0.563724
-0.12464
1.18526
0.355418
-0.412458
0.824181
1.35411
0.522697
-0.278405
0.43456
-0.36868
1.32846
0.812051
0.739165
0.434436
0.376198
0.403096
0.877323
0.204143
-0.80772
0.708916
1.79754
0.558818
1.01234
0.00524025
0.712743
0.272148
0.283735
-0.0493635
0.703433
0.574756
0.806071
1.22509
1.34275
0.903956
0.603534
0.329109
0.858136
0.612731
0.509069
-1.17545
0.726165
0.335089
0.116507
0.207701
0.840991
0.231117
0.19802
1.14383
0.420557
0.56976
-0.225958
-0.398844
-0.0572626
1.30587
0.669345
1.68253
0.166968
0.749156
0.638272
1.02164
0.495418
0.868883
-0.674191
0.458909
1.97701
1.1467
0.973916
0.184898
1.12051
0.192117
-0.341715
-0.103523
0.557003
0.461894
0.788257
1.06701
0.554978
-0.304474
-0.943506
-0.08127
0.0560322
-0.0965195
-0.015761
0.942712
-0.0298212
-0.111741
0.284968
1.10109
0.841244
-0.0889059
0.322051
0.747781
1.35255
0.753265
1.75012
0.59538
0.641827
-0.173205
0.55931
0.123302
-0.111453
0.831749
0.729565
0.903237
1.88133
1.5818
0.0625928
1.16797
0.429187
0.0037441
0.638534
0.577929
0.816914
-1.07902
0.237267
0.0985903
0.294592
-0.549596
-0.444823
0.708246
0.165905
0.160683
0.0296956
-0.137932
1.88385
0.0469454
0.320475
-0.327526
0.621964
1.91713
0.440302
0.158694
0.659706
0.749025
-0.416234
0.191434
0.625645
-0.824396
0.934073
0.960456
0.442837
0.131411
0.260092
0.64297
1.1396
0.692793
-0.0796102
0.591812
-0.401492
1.36562
0.0130154
1.05301
-0.376894
-0.0773394
1.24797
-0.0221195
0.131032
0.290775
1.41803
1.06653
0.184655
0.592995
0.143476
0.969634
0.757154
0.25382
-0.432336
0.199959
0.635686
0.240806
-0.751674
-0.838732
0.610584
0.451099
0.615327
2.0956
0.572706
-0.0850959
1.26646
0.028349
0.367161
-0.704248
0.72696
0.103806
-0.171834
-0.177742
1.48845
-0.0247787
0.690307
1.03349
0.579661
1.1985
-0.559212
0.262205
1.61306
0.228645
0.605975
-0.623494
0.585592
1.53019
0.613886
0.538089
0.272602
0.986975
0.156439
0.21616
0.280048
0.128612
0.877785
0.851756
-0.579138
0.161856
0.409233
-0.0345313
-0.550889
0.725706
-0.357777
-0.493443
0.00940756
-0.39235
1.6782
0.702208
-0.120091
1.13347
0.27538
0.703301
1.04451
0.494329
0.533578
0.428496
0.0036085
-0.00631476
0.961876
0.99649
0.764826
1.17816
-0.60803
1.59317
1.02796
0.847285
0.64039
-0.298885
0.575988
0.155062
0.918442
1.19101
1.05835
0.795493
0.255117
-0.114975
1.31313
0.331953
0.624908
0.136873
-0.0146539
-0.240853
-0.10808
-0.271462
0.454647
0.496154
0.985837
1.16347
0.453813
0.557312
0.819724
0.699461
-0.402979
-0.311091
0.473349
0.804845
1.60804
1.37687
0.480235
0.95849
1.29749
1.77362
-0.802793
-0.0869553
0.323988
0.631432
0.951579
0.312521
1.96082
0.268568
1.12553
0.377144
1.13512
0.662985
0.428532
0.956033
1.12058
0.576125
0.556943
0.828718
0.360636
-0.654944
0.370384
0.132752
-0.295666
0.90579
0.828002
0.627732
-0.000540622
-0.207988
-0.752443
-1.30691
0.534113
0.377919
-0.451449
0.644223
0.869489
0.965575
-0.0843333
0.624758
1.23568
0.492116
0.712997
0.995584
0.0219723
1.24956
1.02244
0.487324
0.459382
0.448672
0.475164
0.611921
0.669903
1.10322
0.661376
1.07442
1.32481
0.466041
0.177721
-0.0545775
0.261161
-0.0892485
-0.174232
0.370512
0.323955
0.167813
-0.401415
0.425282
0.315844
1.32064
0.47951
0.951219
0.719698
1.04244
1.06189
1.45081
1.24869
1.6445
0.974948
0.122852
0.993841
-0.709744
0.951556
0.593812
0.292169
0.683795
0.171262
0.812344
0.787537
0.720007
0.793889
-0.714927
1.32924
1.0252
0.567878
0.716939
-0.385645
1.00424
-0.118455
1.12981
-0.0564708
0.082093
0.4314
0.493604
0.906126
1.4633
0.395764
0.824692
-0.0675823
0.223361
0.450974
1.01094
0.564579
0.551954
0.647986
0.38268
1.09817
0.593926
0.0150758
0.856863
-0.210698
0.067436
0.512992
0.918184
0.462784
0.566643
0.235624
0.253032
0.789119
0.12197
-0.304768
1.21053
1.09385
0.13146
1.07795
-0.0417176
1.10919
0.634512
0.0740834
1.2099
1.52891
0.572444
0.803966
0.432376
-0.0176095
-0.0129107
0.618969
-0.393348
-0.333213
0.716064
-0.0992499
1.72358
1.58559
0.713213
0.531666
-0.355407
-0.103341
0.177539
0.131098
0.733643
0.24312
0.988544
-0.40076
0.511218
0.0444497
-0.0427386
1.04242
0.45112
-0.105532
0.379938
0.0114623
0.584841
1.16593
1.07482
0.977041
-0.112055
0.242774
0.268936
1.33243
0.300931
1.15603
0.423629
0.795279
0.2494
-0.173146
-0.0894105
0.488797
-0.149365
-0.350293
-0.0135163
1.36801
0.253664
0.339026
-0.667659
0.796183
0.949481
0.742187
1.07732
0.719436
0.266304
0.450846
1.16554
0.525284
0.548394
-0.417156
0.761236
-0.415337
1.02352
-0.604823
-0.316455
-0.21901
0.170619
0.599913
0.684243
0.42039
0.741588
0.469187
0.719912
0.832928
1.53101
-0.00252748
0.216974
0.593891
0.690398
0.919791
1.01546
0.0794409
1.09199
0.332404
0.522536
0.0649875
0.284614
0.527898
-0.0582134
-0.124198
1.17436
1.03454
1.07547
0.904401
0.388198
0.287505
0.487025
-0.0634599
0.098026
0.0186034
1.43504
0.865378
1.09744
-0.209565
0.653508
-0.218996
0.265795
0.254985
1.25432
1.00814
-0.0821821
0.364611
0.307003
1.31291
-0.0927221
0.95718
1.23603
0.536652
0.0316409
1.4394
1.23198
1.57448
0.168022
-0.277764
1.32215
0.143451
0.103406
-0.351852
0.565094
0.485818
0.112352
-0.25568
-0.110788
0.690679
0.124993
1.33775
-1.04597
0.722846
0.637909
1.74726
0.399553
-0.432454
0.544154
1.13019
0.760359
0.937059
-1.17044
-0.118464
1.10399
0.786051
0.905633
0.449843
0.335112
-0.104908
-0.114817
0.172617
0.1557
0.444552
-0.666637
0.875253
0.368001
1.35721
-0.12333
1.58222
0.0293549
1.12423
0.892991
1.09624
0.318596
0.571832
0.313445
1.13955
-0.526142
-0.160344
0.0476347
0.135675
1.27036
0.177551
0.539334
0.938138
-0.058562
0.227595
0.671067
0.546632
0.691337
1.41069
0.497824
1.19896
0.819268
-0.118943
-0.433009
1.5292
0.407819
0.324188
0.879315
0.333791
1.14314
0.794457
0.623891
0.910545
1.16426
0.90747
0.806732
0.984667
1.21673
0.627145
-0.129838
1.29185
0.503454
1.13354
0.339492
0.891465
-0.2877
0.746325
0.176947
0.372814
-0.575285
0.288928
0.737886
0.426958
-0.348752
1.28422
-0.673883
0.0922189
1.23037
-0.336538
1.04395
0.593996
0.378846
0.59891
1.38499
-0.902867
1.62519
0.705227
0.479516
1.23058
1.60684
1.71846
1.65116
1.48989
1.36137
1.14601
1.66016
1.5937
0.652756
-0.697529
0.566571
-0.277676
0.841431
0.947854
0.755242
0.424459
1.18026
1.24863
1.86704
0.266682
-0.494008
0.862365
0.117665
0.177929
-0.242546
0.427424
0.0948819
0.882449
-0.404453
1.0697
0.645787
0.403595
0.786666
0.369858
0.393616
1.16216
1.5153
1.14321
-0.0243037
0.399635
0.370683
0.643628
0.239628
0.587518
0.137163
-0.749082
-0.292803
0.580743
0.770345
1.20749
1.16066
0.651081
0.144265
0.208754
0.260499
-0.363305
0.537699
2.16664
0.723201
-0.0896478
0.540177
0.795148
-0.155362
0.251454
0.00428043
0.428993
1.25008
1.05193
0.10472
1.64289
-0.00455575
0.912215
0.394688
1.84274
1.24642
0.971217
0.824779
1.02813
0.648929
0.931933
0.304283
0.701263
0.125784
0.472042
0.625266
0.802353
1.03833
-0.155993
1.12979
0.781246
0.175221
0.386435
1.15643
-0.200601
0.0187136
0.0512778
0.811443
1.21609
1.43245
0.560457
1.07892
0.6059
0.866279
-0.134333
0.02672
0.348827
0.664154
0.162774
0.799896
0.252213
1.21614
-0.148434
1.26183
0.924113
0.73378
-1.1151
0.0290461
0.882151
1.59894
0.724488
-0.297073
0.644855
0.731293
0.154156
1.02356
-0.361465
-0.763945
-0.471007
0.0433075
0.970838
0.324002
1.12206
0.378504
0.460607
0.965612
-0.279353
1.23991
1.68882
-0.223243
0.445138
-0.961131
-0.622116
0.249417
0.649528
0.0864829
0.403813
-0.0976017
0.81878
0.341262
0.873739
0.334726
1.00957
-0.593503
0.994263
0.612068
0.546398
1.38349
1.09903
0.618817
0.750343
0.905892
1.13516
0.0962321
1.44919
0.00115482
0.379048
0.415975
0.569361
-0.262509
-0.0309146
0.542211
0.231968
-0.570935
1.13174
0.838312
0.941067
0.316331
1.48078
0.615169
0.786918
-0.539941
0.435369
0.317775
0.942116
0.284493
0.93155
0.644186
0.0715545
0.511704
0.369356
-0.0846282
0.535997
0.584711
0.941723
0.754686
0.468374
1.24569
0.445708
0.322497
0.810661
0.920164
0.592187
0.0353515
1.45228
0.35836
-0.716773
0.980503
1.48045
0.219149
1.19609
0.966696
0.668181
0.198534
1.17341
0.649598
0.372232
0.843657
0.730952
0.200604
1.37591
0.898794
-0.0624093
0.909721
-0.284639
0.153685
0.313513
0.819443
1.11896
0.625285
0.503472
0.197317
0.7177
0.679259
0.461721
0.971359
0.929003
-0.786581
1.00878
0.758273
0.215917
0.787856
-0.164848
1.2546
1.50776
1.47172
0.0593261
0.637224
1.05744
0.408994
0.896124
0.138492
-0.446216
0.80621
0.00274114
0.776712
0.379116
-0.542493
-0.488674
0.480203
-0.396365
1.06437
0.172321
0.993265
0.305812
0.360953
0.838725
0.556834
1.18969
0.946974
0.592292
0.218505
0.88784
0.903191
0.162877
-0.0418988
1.36865
1.27089
0.82923
-0.622936
0.665957
0.597106
0.0935802
0.223722
0.932642
0.724692
0.0606898
0.805029
1.64187
1.52857
-0.249037
0.32779
0.493037
0.0810405
0.302279
-0.0341
0.619182
-0.226464
0.44296
0.0117916
0.833252
0.0931728
0.543841
1.32916
0.446641
1.20917
0.57179
1.59955
-0.0258387
0.844261
-0.526713
1.03057
-0.210146
0.410785
-0.142312
-0.0104768
-1.17835
1.621
-0.0511149
-0.198749
1.55538
0.556422
1.6929
0.658934
0.683124
0.654476
1.06196
0.463406
0.506596
0.579391
0.641755
0.505051
0.48736
0.447133
0.292709
0.931398
0.862295
-0.129509
1.50515
0.430895
2.15668
0.227439
0.433563
0.658203
0.603976
0.442072
0.685311
0.159066
0.249497
1.28036
0.664844
0.413953
0.864014
1.05486
0.115342
0.20689
0.405139
0.740133
-0.0222151
1.00453
0.535478
0.479426
0.185259
1.15506
1.6803
0.236882
0.259606
1.01037
0.734106
0.212918
0.920662
-0.125372
-0.216003
1.22408
0.831719
0.377141
0.324564
0.200231
0.0479491
0.450762
-0.304474
0.797993
0.67678
0.614361
0.412154
0.629581
0.537789
0.484077
1.5376
0.92016
1.93438
1.14779
1.12091
1.15414
0.789116
0.48816
-0.314194
1.92288
0.539652
0.245375
-0.0752053
1.58164
0.704698
1.34482
0.207134
1.05156
1.05962
-0.0717071
0.0542713
1.93201
0.685881
-0.06538
0.377934
1.04599
0.155527
0.992184
0.68362
0.143375
-0.663411
0.0595421
-0.22119
1.27828
1.37805
1.14006
0.634304
0.437263
-0.00104813
0.270899
1.52477
1.05679
1.11558
0.871611
0.0860458
0.99432
0.493202
1.24371
-1.04572
0.256446
0.597218
0.521136
1.79098
0.548174
0.803473
1.04995
0.203059
1.1238
0.745381
-0.225257
0.338777
1.24648
-0.421062
1.58366
0.622182
0.0950542
0.39121
-0.166743
0.581122
0.638134
0.559578
1.00657
0.622712
0.722263
-0.817758
0.7338
0.105144
0.868286
0.198122
0.977001
-0.186168
1.18505
1.15284
0.260094
-0.489465
-0.558116
0.282707
0.367841
0.829715
-0.110544
0.380095
1.79141
0.406891
-0.288225
1.43768
-0.50654
1.13236
-0.931713
0.820072
0.352129
0.483155
0.11435
0.66281
0.485575
0.23428
1.11749
1.05761
0.0537266
0.713611
1.33158
0.404136
0.371777
0.571163
1.51692
-0.443457
0.0232519
0.0576045
0.291407
-1.04245
0.474534
-0.00169773
1.15058
-0.296201
0.676021
0.158057
0.781064
0.452608
0.656752
0.897351
0.475891
0.974827
-0.680743
0.529218
0.0365563
-0.939869
0.762425
0.719094
0.277486
1.01082
0.912804
0.463394
0.90101
0.582709
0.0817113
0.449661
0.91619
0.566985
1.03183
0.707344
0.675908
0.354458
0.386643
0.933994
0.425998
0.541881
0.921461
1.35273
0.972157
0.146926
0.715717
1.10131
-0.379214
0.662905
0.79161
-0.250342
0.844335
0.369011
1.06539
0.985811
0.232035
1.46908
0.933668
1.05847
0.644109
0.645908
-0.61616
1.44663
0.446467
1.80297
0.691188
-0.0473645
0.333027
1.74476
0.259656
1.01047
0.2616
-0.494887
0.529416
1.19311
0.362267
-0.461548
0.992675
0.45313
0.449994
0.771667
0.845222
0.00591921
1.21543
0.0933916
0.616676
0.77774
0.3099
0.133917
0.581796
-0.777134
0.359607
1.0126
-0.372391
0.183647
0.270781
0.627925
0.738109
1.00988
0.220993
0.595589
0.715203
-0.0290389
1.04912
0.965796
-0.399431
1.00125
-0.807461
0.0482905
0.058179
-0.785118
1.08424
-0.0921462
0.391765
0.234255
1.00682
0.961056
0.294032
0.852692
0.847095
0.478116
-0.789514
0.859559
0.717923
-0.362805
0.12751
0.116646
0.960495
1.25359
1.39531
-0.00744983
0.541955
1.34886
0.798237
0.878481
0.436893
1.49564
0.72543
0.995078
0.386367
0.264333
-0.0716833
0.287047
0.748799
0.905463
1.56677
0.849705
0.659941
0.942222
0.815252
1.05261
-0.302063
1.22778
1.06975
0.464099
0.0281256
1.12633
0.722611
-0.464607
0.107752
0.559088
0.506347
0.162162
0.95976
0.0742814
0.372666
0.989491
0.528655
0.317121
0.2833
0.453498
1.34519
1.08835
-0.100374
0.862758
1.4524
0.485779
0.385063
-0.606699
0.209029
-0.0372403
-0.540057
1.07902
0.133553
0.231025
0.362742
0.842565
1.63775
0.672717
0.0273881
0.794214
1.80988
0.444313
-1.11985
1.10289
0.874844
0.82267
1.49024
0.92178
0.336793
0.212918
-0.209528
0.970234
1.35971
0.125534
1.40948
0.276859
0.762966
1.04631
1.23507
-0.542643
0.895434
1.09252
1.90926
0.401874
-0.101766
-1.11274
0.240134
0.155212
0.430696
1.15924
0.236008
0.656909
0.301319
-0.441509
1.0418
-0.527324
0.317656
0.677436
0.076824
-0.115066
0.301142
0.331487
0.802231
-0.104531
1.00068
-0.550511
-0.0958513
0.45752
-0.922573
1.15239
1.12028
1.01065
0.015112
-0.352498
-0.309734
1.32955
-0.199551
0.0300197
0.0481361
0.704779
0.951336
-0.950341
0.808836
0.523292
0.0441962
-0.756901
0.388668
1.41357
1.90382
1.29417
1.32427
1.45191
0.16685
0.593616
-0.277589
0.891118
0.201533
0.370522
0.216917
0.207184
1.50729
0.55118
0.356042
1.37696
0.0803729
1.26407
1.52924
0.14418
0.787789
1.21053
-0.186272
1.30044
0.791566
0.461041
0.415586
0.101853
0.385994
-0.448787
0.515729
0.425825
0.606623
0.652396
1.0683
1.13983
1.21129
0.606848
1.83195
1.42405
0.0176367
1.52611
0.519674
0.869351
1.43157
0.618806
0.763625
0.451778
0.500788
-0.0140628
-0.129214
0.548089
-0.284367
0.368706
0.385768
0.510021
0.929904
1.72364
0.0160076
0.563352
0.416641
1.41343
0.0757412
0.117577
1.37472
0.23868
0.957267
1.10479
1.07174
1.39674
0.516013
0.898418
-0.34025
-0.498694
0.754598
-0.400268
0.223289
0.791968
0.803288
0.140609
1.2194
0.19319
0.813696
-0.0993719
0.293226
-0.337979
-0.511022
0.427741
0.230759
0.35519
0.897212
0.501485
1.59621
0.526921
0.723196
0.598631
0.200388
0.498869
0.342734
0.624918
0.437487
1.44192
0.612962
0.821408
1.00363
1.91513
0.323359
-0.230938
0.133861
1.28744
1.18745
1.17882
0.372595
-0.527048
0.0318793
1.18851
0.412191
0.202897
0.910266
-0.402158
-0.0458919
0.520016
0.613044
0.31665
0.754586
0.97988
1.24562
0.187837
-0.583322
1.05488
1.51991
0.187028
-0.807498
1.75997
-0.15008
0.515024
1.36547
0.150249
-0.00690644
-1.06427
1.14123
0.977724
-0.250115
0.36687
0.700331
0.829501
0.691635
0.0162214
1.04393
0.652811
-0.493981
0.79045
0.482949
1.42566
0.0628837
1.06431
0.785569
-0.855715
-0.241675
-0.4583
-0.761941
-0.38339
1.82856
-0.250029
0.590947
0.612184
-0.279571
0.986034
1.40792
-0.217638
0.55663
0.383351
0.798467
0.814876
0.799607
1.09891
0.114576
0.983396
1.64882
-0.0762985
-0.181441
0.506355
0.771297
-0.000224239
-0.294097
0.122838
-0.154001
1.24217
0.552534
0.275865
-0.599484
-0.346636
1.19463
0.547429
1.15582
0.0224472
0.479113
0.787744
0.780027
0.118105
0.852125
0.241254
1.24133
0.611593
-0.196391
-0.781305
-0.0750135
0.489726
0.670234
-0.0947379
0.250726
1.12224
0.68483
-0.208266
1.28285
0.325113
0.536927
-0.194646
1.70051
1.07303
0.48232
0.312092
-0.11184
-0.608005
0.564892
0.896941
-0.142215
0.345184
-0.574542
0.654179
0.902463
1.35111
-0.155168
0.861173
1.19127
1.03106
0.727013
1.44351
0.999757
1.21671
0.570799
0.759
0.301938
-0.259147
1.15542
1.2208
0.914889
1.41862
-0.218724
1.59782
0.375273
0.873994
-0.0516491
0.287494
1.1525
1.02117
0.6577
0.601954
-0.837026
0.14021
0.893786
0.388526
0.0987504
0.728779
0.699023
-0.423026
0.79881
0.32797
0.710743
0.0702375
0.46027
0.0505759
0.473848
0.2748
-0.114762
0.213316
0.911501
1.24767
0.380387
0.663805
0.337378
0.0995463
0.251772
1.1048
0.54478
0.634326
1.35625
1.13626
0.925922
0.596806
0.781543
0.665966
0.44451
0.699812
-0.636691
-0.247141
-0.93797
0.607178
0.715882
-0.233379
0.721378
1.2852
-0.0936477
1.36456
-0.0373409
-0.187109
0.435985
0.538299
0.801663
0.281824
0.823217
0.383001
0.769539
0.162627
0.493998
0.873358
0.26835
1.18447
0.0499584
0.710545
-0.00448562
-0.461981
0.415737
-0.338438
1.22216
-0.366504
-0.0708318
0.532275
0.50851
1.01723
1.16897
0.244108
1.34077
0.548765
1.55793
0.90744
0.478503
0.0916954
-0.0608633
0.349218
1.6036
-0.540165
0.846702
0.277677
0.286203
0.282319
1.34431
1.14096
0.391473
-0.113189
0.525598
-0.163388
0.49195
1.08089
-0.381611
0.485227
0.254134
-0.615949
0.483227
0.60446
1.42998
0.310565
0.745622
0.591682
2.32627
0.981975
0.367872
0.531297
0.859291
-0.181951
-1.00085
0.555113
-0.722896
1.158
1.27055
0.784771
0.947852
1.44738
-1.14482
0.98126
0.198389
0.643725
-0.0486142
1.22093
1.19128
-1.01203
-1.32206
0.456098
1.21132
1.77309
-0.436812
0.612991
0.672139
0.0857402
0.240052
1.57839
0.0369249
-0.338176
1.03305e-05
1.44018
0.943634
0.562237
0.388164
0.0797577
0.392734
0.363359
1.03915
-0.0400262
0.0980902
0.995703
1.20176
1.01673
0.927099
0.791818
0.780928
0.607802
0.341215
1.25261
1.28469
1.30894
1.398
1.30075
0.299281
1.17553
0.762822
0.32416
1.02383
0.319113
0.178987
0.782475
-0.340712
0.555404
0.982857
0.158732
1.14965
1.20862
1.26485
0.0488924
1.48923
0.915221
1.16699
0.930248
0.702698
0.074858
0.886268
-0.047219
0.880146
-0.199184
-1.15832
0.0135533
0.204125
0.154362
0.808224
0.142655
0.433877
0.56936
-0.572133
0.219746
1.2134
0.663949
0.648106
1.56835
0.282619
0.584206
0.069627
0.251684
0.837502
1.16309
0.647823
0.0678692
0.677439
0.607931
1.02462
0.255716
0.907213
0.449727
-0.36949
-0.123988
0.412995
0.35302
-0.0608437
0.0826184
0.394487
-0.0377697
1.30807
0.318679
1.69895
-0.169052
0.290571
0.713888
0.0767602
0.857408
0.453907
-0.0561038
0.390393
0.916586
0.384315
0.542765
0.348269
-0.292365
0.871713
0.224321
-0.117145
-0.434775
-0.334081
0.506632
0.70817
1.44552
1.13882
0.536343
-0.757838
0.0147296
-0.988455
0.735223
0.18741
1.14231
0.529686
0.875562
-0.787225
-0.0257332
0.131167
0.271969
1.44512
0.718705
0.8262
0.822646
0.720541
1.78074
0.784621
0.452591
-0.28113
-0.105101
0.941024
1.16071
0.528902
0.741691
1.47918
0.446073
0.517393
0.872801
1.04385
1.05773
0.824071
0.801892
0.0412994
0.862837
1.19572
0.752905
-0.53059
1.33584
1.14772
0.559573
0.928707
-0.542606
0.6487
0.930095
0.13665
1.0127
0.519995
0.00991904
1.68228
-0.264452
0.0818242
0.998691
0.781274
0.775268
1.19102
1.67074
-0.179065
0.953199
0.98623
-0.0114929
1.35459
0.712692
0.0867797
0.528255
1.39678
0.458573
1.25407
0.665388
0.616933
0.616399
0.639139
-0.941732
0.751436
0.82137
0.112573
0.702292
-0.413084
1.07445
1.34863
0.853944
0.00790412
0.68513
1.5648
0.307722
0.559411
0.29752
0.327535
1.21781
0.72499
1.04403
0.544297
1.55862
0.551535
1.17274
0.753537
0.00079479
-0.0856456
1.20945
0.0427041
1.69383
1.19401
1.15215
1.99429
0.283757
1.0198
-0.516724
1.54656
0.835623
1.31576
0.196795
1.56105
-0.512915
0.317559
1.13937
1.11738
0.962699
1.3082
0.415614
0.492147
0.613639
1.14429
-0.15394
-0.285655
1.38655
0.544526
0.843258
1.46114
0.902649
0.172768
1.36952
-0.0713119
0.831922
0.394173
0.127614
0.791743
-0.428233
0.777977
1.10212
0.551713
0.877865
0.327382
1.36611
1.16648
0.169467
0.976371
-0.595629
1.49514
-1.24806
0.219053
0.389953
0.895679
-0.75292
1.28317
0.627141
0.37339
0.217942
1.25968
0.761036
-0.194073
0.778248
1.04524
0.67116
0.931563
0.278387
0.142761
0.936911
0.648165
0.635293
0.542817
0.800572
-0.183112
-0.024268
1.51468
0.353375
0.0408519
0.231126
0.58886
0.598348
1.19751
1.14475
0.354139
-1.41788
0.889039
0.592586
-0.0761444
1.07591
0.242891
0.547812
-0.235862
0.426365
0.444006
0.179492
0.714308
0.305891
1.61333
-0.196852
1.04627
-0.295445
-0.942061
0.655969
0.366954
0.402957
0.75573
-0.00660822
0.906287
1.32388
0.944182
0.425441
1.00466
0.230437
-0.348735
1.48088
0.154276
0.462171
0.549377
0.788619
1.09047
0.339754
0.170995
0.479421
0.244283
0.24153
0.688887
0.467683
0.118887
0.298961
0.140402
0.879509
0.515289
1.08997
1.52354
0.21998
0.304301
-0.341383
0.606292
0.672687
0.684757
1.63616
1.36719
1.04767
0.822269
2.15124
-0.212323
0.574385
0.688577
0.719351
-0.197739
-0.252802
1.76877
0.930986
1.15786
-0.0352296
0.260567
0.736126
0.721964
-0.155673
0.674626
-0.278249
0.652509
0.0261449
1.45435
0.329346
0.093719
0.342415
0.283649
0.101595
0.561923
0.0614059
1.34833
0.671354
1.0431
0.765523
-0.716423
0.795241
0.59057
0.765012
0.782464
1.24563
0.428715
0.704501
-0.209943
-0.269122
0.231273
0.325798
1.18787
1.16122
1.36851
-0.00409772
-0.310463
0.551166
1.24521
0.699298
-0.106466
0.191649
0.236678
0.625018
0.13022
0.627964
0.404375
-0.026218
1.08883
0.590192
0.471127
-0.428116
0.111723
0.46741
0.846916
1.25115
1.81844
0.315028
0.395283
2.15814
0.467126
1.43745
-0.148395
-0.328101
0.371085
-0.245151
0.140923
0.592082
0.498232
1.13144
0.593322
1.36528
0.713291
0.561816
1.33927
0.523214
-0.423355
0.71559
1.34362
0.438532
-0.0837576
0.27042
0.258786
0.841958
0.699093
1.45609
0.669189
0.327648
1.01381
1.03512
1.69914
0.04191
0.366237
-0.270767
0.494463
-0.161247
0.411323
1.05528
0.121093
-0.712822
0.754785
0.393386
0.691859
0.352018
1.49222
0.120597
1.25114
0.928981
0.248678
0.893676
0.167037
0.42042
-0.220996
0.488787
-0.051886
-0.142572
0.815024
0.469953
0.23077
0.140514
0.0806173
0.988396
0.405124
-0.108691
0.610717
1.52761
0.103253
0.255715
1.33854
0.448588
0.854753
0.578432
0.377756
0.0550908
-0.0345998
0.0219458
1.16309
0.430219
1.83526
0.0403388
0.781285
-0.0413656
-0.407183
1.208
0.801596
0.670622
0.671571
1.2423
-0.250273
0.785851
-0.319828
0.692923
-0.0294068
-0.0840793
0.838621
0.0340825
0.769932
0.401859
0.0227664
-0.324327
-0.0157984
-0.100843
0.645917
0.854981
0.198624
1.07159
0.409667
0.00225754
1.46303
0.306949
0.840669
1.29884
1.13723
-0.118591
0.226516
0.383256
0.570037
0.966215
0.342401
0.752369
0.802176
0.582262
1.61617
-0.557629
1.29034
0.39081
0.35022
1.23676
-0.294952
1.14605
0.162771
1.2295
1.62832
1.27901
0.973061
-0.0166141
0.688886
0.434496
0.729694
1.11647
0.586245
0.830779
0.299022
1.37013
1.45104
1.33427
0.278959
-0.041148
0.613745
0.303825
0.89013
0.0240315
1.0908
-0.37795
0.861965
1.54042
0.187545
0.763587
0.0817242
0.757583
1.57841
0.560423
0.151452
0.524949
1.13347
0.14812
-0.416271
-0.213983
-0.17285
0.57551
-0.814321
-0.443625
0.326274
0.291472
0.655464
0.184459
0.746578
-0.504151
-0.41215
-0.131075
-0.6706
0.622881
1.20899
-0.242662
1.07545
0.482986
-0.109909
0.578819
1.35726
1.03386
0.414414
0.565968
0.52916
0.690981
0.435346
1.55994
-0.342766
0.198567
1.16186
-0.0263317
0.993048
0.662874
-0.370734
0.310846
0.0533863
0.521116
0.412724
0.475374
-0.216034
1.52608
0.0583874
0.552568
0.886806
0.51987
0.131467
0.280612
-0.100171
0.300283
-0.66176
0.60463
0.204841
-0.162666
0.213738
0.663147
1.16248
0.727403
0.257889
0.453239
-0.0117608
0.530067
0.444042
-0.143167
-1.46918
-0.533828
0.573078
1.32718
-0.34779
0.535423
0.721075
1.73988
0.601016
0.840432
-0.146232
0.438105
0.759546
1.19941
0.547344
0.545957
0.856608
1.61962
0.0341717
0.0315711
0.546049
0.280108
0.321459
0.197832
1.02722
0.777648
-0.150406
0.998489
0.704812
0.575313
1.03623
-0.755564
-0.429153
1.50178
-0.165755
-0.866104
0.109214
0.116826
0.39529
-0.567662
1.06581
1.07328
0.19974
0.400435
-0.482311
0.424696
0.00517644
1.47273
1.15572
0.0554685
0.733299
0.201047
0.397181
-0.0301924
0.711474
0.36583
-0.222592
-0.242998
0.927052
0.920628
0.547046
0.897879
0.823287
0.265618
0.402538
0.0661667
1.44535
0.912522
1.29855
0.311506
0.316901
0.977611
0.80553
-0.748499
-0.4169
0.898594
0.56494
-0.0305726
0.164387
0.901147
0.559615
0.257475
-0.393725
-0.55559
0.127233
0.544273
0.214238
-0.0163668
0.34045
0.600673
0.397708
0.938958
-0.331791
1.42388
-0.28988
0.15432
0.473848
0.685303
1.51088
0.375214
0.307141
1.51776
0.456566
-0.697846
0.249753
0.353048
0.240516
1.18796
-0.0154594
0.258219
0.291556
0.711559
-1.01393
1.13178
0.545412
0.596364
0.318747
0.105134
0.881345
1.40126
0.870828
1.15931
-0.8769
0.599616
0.087652
0.0493126
0.0367351
1.13707
0.505015
0.116365
0.266807
0.462246
0.476603
-0.150971
-0.236279
1.17762
0.759986
-0.192298
1.20459
0.5335
1.02942
-0.253849
0.240894
-0.173914
0.523078
0.813496
0.745144
1.11917
-0.94239
0.637709
1.10831
1.28378
0.208669
0.283504
0.0798051
0.233798
0.364598
-0.200231
-0.706981
0.0339354
0.322486
0.376969
1.2878
0.221834
0.703955
-0.323146
0.997827
0.818044
1.40145
0.661425
0.941814
1.54211
0.00695911
0.22422
0.0201178
0.957604
0.680401
0.775442
0.920177
0.658648
0.558311
1.40547
1.0681
0.0957208
0.0880426
0.755905
1.23636
0.0957649
1.11139
1.84984
0.943249
0.698015
0.500441
0.143221
