0.125756
1.18581
0.688603
-0.934375
0.448561
0.935995
0.451362
0.833892
1.82904
0.695518
1.10923
0.685525
0.642431
0.292683
0.231763
0.109721
1.6452
0.305703
0.770977
0.176087
-0.556573
0.685094
0.956961
1.08218
0.579259
0.892473
0.564011
-0.521572
1.08261
-0.685924
0.99786
-0.0678722
1.24831
0.111945
1.2694
-0.282586
0.436252
1.81049
0.601648
0.56633
1.48304
1.00482
0.580146
2.27742
0.671982
1.08162
1.52389
1.48445
-0.611328
0.183988
1.19541
0.591091
0.590407
1.11688
0.92413
0.258465
0.450512
0.275208
1.16205
0.0319548
1.90916
-0.559765
0.358204
0.428951
1.02857
0.806119
-0.171058
1.05896
1.52487
0.298278
0.440244
2.10871
0.393578
1.08129
0.208078
0.974715
0.347442
0.169061
-0.301877
1.04833
2.00407
1.33956
0.00646136
0.911045
1.47277
1.34307
0.451976
1.03992
-0.273289
1.10126
1.21806
1.13018
0.468575
1.64754
1.23738
0.573814
0.123812
1.03095
1.64429
1.35488
0.315476
0.108438
2.13195
0.432009
-0.460498
0.181952
0.110298
0.447683
0.979057
0.939728
1.24007
0.83928
0.0117337
1.30057
-0.517617
1.60703
-0.623071
0.432316
-0.403721
0.422862
0.79919
1.18266
-0.880049
2.20641
-0.654222
0.876685
0.122567
0.859422
-1.45222
0.985207
0.218839
-1.37729
-0.393287
1.32389
0.0443031
1.00961
-0.506538
0.652264
0.181409
-0.10672
0.555606
0.568438
0.705288
0.335999
0.35198
0.182845
1.49598
0.447526
0.994796
0.0115717
0.649566
0.938621
1.98213
-0.083162
0.386949
0.375251
1.01726
0.174596
1.82524
-1.21198
1.05236
0.0338253
-0.0172392
-0.731062
0.899487
0.325743
0.991378
-1.06191
1.2858
0.962103
0.734797
1.18796
-0.116796
-0.281534
-0.367343
1.41736
0.699105
1.07626
0.699328
0.297684
1.67312
0.923937
-0.151171
0.965764
1.02289
-0.00846816
0.068732
0.0708939
-0.049236
0.478468
-0.253137
0.64189
0.758212
0.559264
0.343777
0.524874
1.40923
0.489409
-0.0804266
1.36946
0.537598
0.0402955
0.332154
0.532312
0.467122
0.714954
-0.0594948
0.628819
1.04215
0.574034
-0.579077
1.32023
1.26781
0.974346
0.109468
-0.691637
0.554393
-0.555581
1.39159
-0.162419
0.889579
-0.100149
1.31782
-0.962642
0.710358
1.16193
0.850259
0.19558
0.495635
0.496642
1.53072
-0.744133
-0.415375
0.739693
1.75342
0.142614
0.154164
-0.0376902
0.579784
0.407194
1.14757
0.649368
0.85662
0.885435
1.02536
0.290417
-0.409133
-0.0411602
1.22406
0.0692651
1.04352
1.42667
0.421852
-0.275042
-0.521781
-0.0185531
0.569314
0.824008
1.17994
-0.162851
1.17206
0.564336
1.02597
0.904349
-0.66742
1.33801
0.156954
0.328218
0.0195878
-1.22825
2.27028
0.549112
0.0287101
0.221092
-0.646938
-0.205092
0.262253
1.23573
0.659049
-0.370589
-0.111056
0.410134
-0.205407
1.17167
-0.039341
1.68579
0.993891
0.986981
-0.541784
0.560923
0.82329
0.134404
0.475276
-0.901706
0.949973
-0.315593
0.325521
0.490158
0.756894
-0.576512
0.832446
-0.369488
0.588884
1.10148
0.268251
1.00324
0.347594
0.638847
0.506767
0.715714
0.764782
0.246664
1.49492
0.438467
0.594876
1.26499
0.687583
0.910947
0.314406
0.259465
-0.792013
0.199017
-0.407217
0.455905
0.391639
1.46871
0.687255
-0.189592
-0.860896
0.512376
0.540605
-1.09386
1.97667
-0.372559
-0.433483
1.34854
0.801154
0.488975
-1.02223
1.06731
1.20834
0.600433
0.926403
-0.787839
-0.640645
1.27754
0.884363
-0.105794
1.11641
0.0897154
0.15438
0.906269
0.289045
1.28619
-0.101775
0.390778
0.30131
0.593306
0.496741
-0.726583
-0.29205
0.252347
1.78048
0.27388
0.843714
1.33484
1.1488
1.11882
1.04775
1.26029
0.54429
1.96839
1.44935
0.216321
1.21952
0.197057
-1.47356
-0.302435
0.920881
1.12909
0.3665
0.872768
0.341074
1.65142
-0.264354
1.38511
0.791207
0.184492
-0.417117
0.728175
0.657154
0.187512
-0.218142
0.81864
0.868072
2.09071
1.25499
0.0472306
1.41124
0.927875
0.225648
0.25502
0.776109
0.94697
1.17194
1.30946
0.443588
1.69712
-0.348855
-0.113795
0.39794
-0.211199
0.309382
1.77001
1.4667
0.929126
1.47731
0.820358
0.179136
-0.440003
1.40016
0.0875022
0.69856
1.1447
0.718139
1.14491
0.760458
-0.00436115
-0.0936238
0.258167
0.820553
1.32239
1.44393
-0.130445
1.35888
1.51632
0.804293
0.80802
0.389906
0.116272
0.909916
0.815204
0.300687
0.282681
-0.169086
0.792326
0.860599
0.37104
0.455642
0.613641
0.572937
-0.274603
0.128187
0.229773
-0.444952
1.6917
2.07556
-0.150183
-0.316569
0.0109397
1.5145
1.09124
1.15379
0.301115
0.802784
0.968581
-0.0715932
-0.369404
0.691862
0.405302
0.00812317
0.497147
1.0201
0.262095
-0.175608
0.561543
0.771449
0.652217
0.461114
0.224921
-0.179373
0.536285
-0.0336528
0.375699
0.0462707
0.192061
0.583727
0.956082
0.47523
0.871448
-0.166514
0.490692
-0.91653
-0.867905
1.27064
0.263014
-0.34822
-0.0127106
-0.133101
0.136902
0.836928
0.964805
0.377258
0.119254
0.304213
0.559448
-0.507743
1.17306
-0.480423
0.99966
0.0701394
0.959755
0.0639693
0.723856
0.436375
0.66947
0.601579
-0.167791
1.04602
0.52377
0.360356
0.682392
1.21312
0.855326
-0.390225
0.338557
-1.39512
1.18258
0.112434
1.33259
0.607935
-0.730492
1.17396
1.11812
1.08104
0.702084
1.53395
-0.269832
0.354039
1.79292
0.643033
1.05559
0.598678
1.16644
0.391529
0.735427
-0.666831
-0.609694
0.674646
2.05395
0.391164
0.488913
0.152688
0.230906
0.345647
-0.0919266
0.392135
-0.840074
0.926038
-0.855363
-0.24353
0.590673
0.470565
-0.218917
-0.252951
1.52582
-0.117851
0.931287
0.31157
1.15576
0.159061
0.505438
0.471446
-0.0566897
-0.294395
-0.481222
0.556943
0.907507
0.342585
0.721817
0.0993344
2.17404
-0.185198
1.15619
1.72607
0.580421
1.63109
-0.103913
1.6782
0.277564
-0.340677
0.0524149
0.408797
0.646677
0.266681
-0.000693
0.10824
1.39378
1.11485
-0.367854
0.571148
0.947784
1.01327
0.5616
0.249173
0.299356
0.180948
0.35199
-0.749596
0.0352267
1.71783
0.28443
1.12858
0.194375
0.105082
0.189541
0.662634
-1.55583
0.428871
0.469229
0.138782
-0.452034
-0.448481
0.317483
0.578822
0.00362898
1.02112
-0.158115
0.785837
1.17099
0.0922858
0.947749
0.523927
0.46557
0.528975
1.47798
-0.24938
-0.124534
1.09266
0.0355499
0.543612
1.62745
1.11585
2.40735
-0.0861077
0.328212
-0.104196
2.16932
0.676854
1.07199
1.02142
1.03613
0.723974
1.08959
0.722876
1.54893
0.224268
1.12835
-0.0252914
-0.750223
-0.383242
0.126683
-0.742325
0.597575
0.634575
-0.0839476
-0.227224
0.579982
1.26406
0.428411
0.217287
-0.0424756
-0.224326
0.44532
1.41914
0.871618
0.482147
-0.0170082
1.1834
-0.145303
1.30907
0.427876
1.10813
1.20042
0.935258
0.527818
-0.454477
-0.249907
0.692081
0.976653
-0.131055
0.690264
0.258159
1.49579
-0.478247
0.714942
-0.700201
-0.195107
1.2949
1.32958
1.10967
0.521039
-0.194384
0.215051
1.76884
1.1011
1.27766
0.75927
0.866159
0.73036
-0.284545
0.888579
-0.672184
0.949602
0.493008
0.280014
0.152279
0.244694
1.06427
-0.357395
0.868527
0.581787
0.639126
0.97392
0.023643
1.64745
1.8006
0.534724
1.59804
-0.238572
0.959082
0.586086
0.522491
-0.326461
1.63641
0.731096
0.868245
0.700305
1.14001
-0.526517
0.639273
0.560706
1.64111
1.29209
1.11715
0.0914194
0.868862
-0.21056
0.45443
1.16174
0.300491
2.01652
0.336996
1.61973
1.47903
0.523561
0.281294
2.76941
0.915629
1.02882
0.978667
0.0193128
0.043
0.438069
0.121926
-0.0107621
2.0613
0.371671
1.0366
-0.34307
-0.606956
0.450237
1.1506
0.751811
-0.72069
0.0391417
-0.230103
0.501255
0.317737
0.900308
0.809852
0.906492
1.00083
0.369308
-0.135191
0.392141
-0.380607
0.440853
-0.221336
-0.372644
0.16179
-0.922012
-0.549928
-0.670381
-0.201701
0.293381
0.444008
0.772944
-0.383409
0.551001
0.553741
-0.028034
-0.646574
1.21113
1.41275
-0.309143
0.268324
-0.192621
-0.0140422
-0.120525
0.445059
0.360087
0.858099
1.16483
-0.447907
0.460286
0.464945
0.690839
1.57748
1.22592
-0.00292137
0.0793866
0.29049
0.6622
0.204489
0.525928
0.381043
1.47739
0.611368
-0.198595
0.831983
-1.07324
0.843044
0.0442516
1.13161
-0.324464
0.269164
0.0750375
0.529307
0.122418
-0.0606361
-0.566866
-0.232814
1.36543
0.14575
0.852338
-0.567733
1.17742
1.65065
0.681079
0.878795
-0.00526313
0.603961
1.46497
1.08043
0.513017
-0.0255643
0.514595
-0.553996
-1.16971
0.765042
0.999448
1.11287
1.41688
1.6442
-0.0432024
0.732019
0.728854
0.183507
0.882826
1.21359
1.59126
0.733914
1.12834
0.470385
0.678732
1.51721
0.807503
1.73356
0.929472
0.0280445
0.904311
1.18735
1.46982
0.050955
0.182247
1.34255
1.01005
-0.447211
1.20772
1.12082
0.872821
0.846136
0.118311
0.303068
1.22889
0.550618
0.994138
0.879276
1.15723
1.26203
0.78683
1.2938
0.0303709
-0.180366
1.14146
0.25677
-0.576245
1.54719
0.48444
-0.0169056
-0.304482
1.21386
0.578793
0.88896
0.520898
-0.135706
1.22445
0.326918
0.358691
0.753221
0.329275
1.22294
-0.311052
0.559067
-0.26994
0.0833943
0.655591
0.709192
0.0832478
0.0666828
1.32154
0.218215
1.29959
-0.471984
0.545876
0.211823
0.91965
-1.00866
0.218243
1.49577
0.419579
0.977094
0.0545285
1.10911
0.818674
-0.810468
1.05662
0.299442
0.974903
0.79668
-0.395064
1.1163
0.123735
0.423684
-0.138152
0.496055
0.452657
0.814712
-0.176452
0.134445
1.60299
1.06676
0.316709
0.204432
-0.0638494
-0.153283
0.368316
1.08176
0.396634
0.175603
1.71521
1.59366
0.557597
0.664397
0.229451
-0.321186
0.556042
1.05445
1.69332
-0.0298868
0.0569783
0.989763
0.860781
-0.302521
0.2145
0.800186
0.799941
0.232052
0.0287285
0.76256
0.948573
0.754889
0.42074
0.792206
0.478471
0.507246
0.74312
-0.135551
0.232546
-0.384712
0.263051
0.894156
1.52945
0.737447
0.385092
1.06334
0.395877
1.42149
0.704949
0.799428
-0.826197
0.126427
0.359336
-0.390655
0.870969
0.258038
0.445874
0.914905
0.231923
-0.135206
-0.429296
0.506574
-0.638606
0.467642
0.695257
0.789662
0.685972
1.20946
0.0310409
0.965022
0.0574084
0.0949912
-0.625809
-0.132034
0.706101
2.47069
0.113407
1.36023
-0.314534
-0.455529
0.600928
0.550035
-0.488772
0.5773
0.246935
-0.33037
1.46469
1.45022
-0.0687015
-0.851667
1.61218
1.11256
0.369556
-0.0727486
0.480066
0.148314
1.85519
1.44528
0.492279
0.755511
-0.959332
0.306995
0.167533
1.13735
0.0975745
0.104079
0.82768
0.590643
1.58015
1.12395
0.966013
0.463271
0.665938
1.34141
0.283314
2.10432
0.342515
0.995415
0.149788
-0.153421
0.623391
1.26222
0.480007
0.724481
-1.04727
0.393939
0.721397
1.10775
-0.190151
0.407034
0.418485
-0.392497
0.507533
0.689852
-0.0669168
-0.197146
1.20359
1.2654
0.353066
