0.373676
0.0935121
0.0759505
0.905972
-0.448904
0.772657
0.093891
1.01616
0.153854
1.24495
0.0597353
0.361504
-0.289867
0.705893
0.925004
0.870106
-0.0385338
0.510126
-0.153215
0.649661
1.69015
0.85507
0.619809
-0.645812
0.386306
0.654257
0.309745
-0.280878
-0.245077
0.0762763
0.704034
-0.347291
1.14384
-0.292207
0.121827
-0.202093
0.753623
0.0345602
1.38955
1.96852
0.509946
1.58587
-0.89973
-1.26967
0.117673
-0.325669
1.26414
1.43337
0.376975
-0.552633
-0.09762
0.771716
0.101723
1.70743
1.47352
-0.206498
0.753169
0.54668
0.777352
0.287253
1.5564
0.444724
1.34442
2.19891
0.554396
0.102516
0.916076
0.859491
-0.184252
1.89868
0.957504
0.419148
2.41424
0.206004
1.19798
1.55518
-0.200767
0.474715
1.10224
-0.0446152
1.17746
0.979979
0.791929
0.155223
-0.13682
1.94829
-0.744873
1.38765
0.0643305
-0.245292
0.818444
1.32967
0.459677
0.99149
-0.146362
-0.958743
0.427794
0.94768
0.905637
0.319056
-1.98676
-0.11963
0.120154
0.147852
0.295164
0.113315
0.83189
-0.339179
1.45047
-0.236437
1.71298
-0.139669
0.258072
2.03967
0.687179
0.459645
-0.255808
0.037198
0.0583526
0.849789
1.99903
1.27033
0.563726
0.0385767
0.268461
1.37851
1.00342
0.384082
0.676633
-0.403638
0.66085
0.323909
0.493324
1.12358
-0.226752
1.19211
0.901019
0.69689
-1.71197
-1.19283
-0.410772
0.122294
0.968117
1.4716
-0.855966
0.227736
0.988671
-0.357532
0.0683226
0.678879
0.360205
0.669705
0.976969
0.250022
1.20732
0.0457008
-0.0457731
0.588261
1.42484
-0.901337
1.66491
-0.439818
0.568421
0.438455
0.438285
1.31831
0.578277
-0.0528592
0.448031
0.671708
0.602369
-0.131724
0.617123
-0.0728709
0.519223
1.05882
-0.726926
0.83972
0.482485
-0.377215
0.263067
0.843641
-1.31603
-0.0109475
1.40969
0.411868
0.206681
0.311224
0.810949
0.636397
1.42279
0.875051
0.844412
1.68041
1.53391
-0.24672
0.83308
-0.393123
-0.192415
0.3471
0.416869
-0.587828
0.901891
-0.707474
0.159531
-0.0447074
1.94972
-0.356237
0.450944
0.710256
0.393891
1.66883
-0.306504
1.16564
0.0572679
1.23029
-2.0357
0.513452
0.442723
1.71274
0.866414
0.809626
0.424982
0.257039
1.27066
0.193015
0.631495
-0.922102
0.066732
-0.299805
1.06321
0.521252
1.49636
1.68208
-0.0021473
-0.214033
1.07216
0.500739
0.868167
-0.546556
1.77767
0.551418
2.44023
0.949724
1.44811
0.130701
1.07499
0.0729605
0.575742
2.16356
1.37878
1.13374
1.21862
0.935295
0.160407
1.49295
1.37003
-0.405507
1.57572
1.45549
1.13718
-0.103976
1.23351
0.612695
0.302437
0.836581
0.162427
-0.0682807
1.10854
0.426592
0.66276
0.109215
0.813219
1.23044
0.13914
1.40879
0.725801
0.447017
1.81898
1.14776
0.816772
0.473024
-0.249268
-0.0460467
0.488763
0.429413
-0.252392
1.95853
1.16705
1.24902
-0.258516
-0.0568342
0.974204
-0.429468
-0.34127
1.19824
0.746675
1.73402
0.456939
0.166439
0.219637
-0.236517
-1.0697
1.02348
0.393158
1.32924
-0.15027
0.488926
0.937194
0.42146
0.653847
-0.465779
0.734212
1.44574
0.38373
0.618725
0.206595
1.17342
0.888462
1.10314
0.620346
0.753397
0.313102
1.09957
0.693491
1.0666
-0.368201
1.2392
1.09332
0.983888
0.774868
0.158095
0.957566
0.525916
0.806772
0.709526
-0.523952
1.76357
1.53968
0.644928
-1.26556
-0.00793474
0.745466
0.549537
0.847881
0.876677
2.24784
1.86449
0.976901
-0.503001
1.1276
-0.696443
-0.0957791
0.968315
-0.503937
0.982459
-0.293522
0.0404276
-0.310021
-0.0917458
1.34295
1.30436
1.11812
0.594673
-0.0256546
0.62515
0.672902
-0.4583
0.954499
0.639139
0.139939
0.397457
0.598601
-0.148492
-0.838399
0.31914
0.526602
0.0282515
1.75068
2.28221
-0.964367
0.473311
-1.59834
1.104
0.536731
-0.151279
0.557248
-0.00790684
0.105174
0.860609
0.868938
0.68074
0.357821
-0.250244
1.91675
0.975626
1.63897
1.16582
-0.335773
0.0972589
1.02805
0.511022
-0.49668
0.502842
0.271349
-0.0364364
1.18903
0.424821
0.139998
0.702816
0.766158
1.76498
0.831376
-0.618108
0.865128
-0.205478
1.14376
-0.389891
1.75247
1.85297
-0.230666
1.40703
2.25709
-0.0670875
0.0456277
-0.439379
-0.588588
0.719238
0.86802
1.39327
0.353768
0.682301
0.196694
-0.710006
0.0950078
1.00255
1.36104
0.341882
0.631174
0.537033
0.410991
-0.186811
-0.40279
0.678583
0.851405
-1.33824
0.153374
0.590439
1.04261
-0.247202
-0.278498
0.656046
0.732682
-0.140369
1.83677
-0.524951
0.559946
0.500697
1.19398
0.382861
0.381893
0.962056
0.0602989
-0.0290403
0.682204
2.28226
-1.03463
1.11893
0.862465
-0.554015
0.391581
0.372179
0.679896
0.224222
0.672905
0.0452669
0.920724
0.0869803
5.50884e-05
0.378043
1.45954
0.567186
-0.371646
1.85687
0.436758
0.0301409
1.13516
0.798479
0.870635
-0.453371
1.52088
-0.216607
-0.0726663
-0.265079
0.599051
0.105437
1.21112
0.367522
1.00449
0.620152
-1.02571
0.820681
-0.452332
0.309161
-0.126375
1.61867
1.05944
2.26997
1.10235
-0.0600498
0.677712
1.07192
0.39418
1.11238
0.59661
0.12899
0.0369174
0.632208
0.576225
1.09914
-0.906002
-0.336414
-0.187716
0.558899
-0.0369115
1.06666
0.930274
-0.589307
0.900094
0.665122
1.71723
-0.440952
1.00698
0.385995
0.523516
0.784209
0.0236113
1.49332
-0.137736
0.0658577
0.637961
-0.100649
-0.535798
0.754647
1.30829
1.00118
0.700058
1.2804
0.660173
-1.43185
0.872241
-0.288011
0.867023
-0.854962
1.91779
1.40621
0.0839992
1.25824
-0.313811
0.645661
1.10799
0.921261
0.0468252
0.479113
0.322831
1.30858
1.20699
0.659334
1.12983
1.61405
-0.206161
0.96647
-0.568038
0.775671
0.148616
-0.297599
-0.312582
0.0714755
-0.112935
0.869015
1.15963
0.894961
1.58666
1.01158
0.75369
1.41792
-0.0408337
0.338295
0.560818
-0.122141
0.0538682
0.696833
-0.177661
0.605007
-0.221491
-0.59135
-0.585714
-0.173749
0.191441
1.47732
0.642911
-0.185332
0.386226
0.226775
-0.441003
-0.192466
-0.61382
1.97214
1.23061
0.864927
0.794558
-0.30003
-0.819779
0.562819
1.36837
0.815577
-0.771998
-0.0540491
0.198849
0.953497
-0.263003
0.738732
0.523661
-0.762275
0.794878
-0.107393
0.750832
1.27863
-0.0259187
0.03407
-0.52227
0.0789998
0.913463
0.858118
2.00225
0.520337
0.607637
0.470523
1.9296
0.879575
-0.932098
0.796344
-0.10539
1.37061
0.165934
0.8883
-0.186293
0.147084
0.303495
-0.148346
1.19368
-0.231584
1.75201
1.23426
1.25714
0.366202
0.530265
0.0616339
1.16135
1.62308
1.15527
0.472867
0.0124245
0.20071
0.429472
1.26018
1.62194
0.30795
0.692725
-1.3236
1.10338
0.845217
-0.431541
0.941382
1.46219
-0.967993
0.444938
-0.184985
-0.0125082
1.48987
1.58491
0.815487
-0.0125399
0.895814
0.780198
0.164419
0.120314
0.105236
0.327848
1.25627
-0.349096
0.673692
-1.11596
0.628932
-0.0973944
0.867456
1.59283
0.268024
0.478949
0.401186
1.03816
0.300898
0.277354
1.67684
0.656601
0.104265
0.649795
0.782847
0.59817
-0.135094
0.555508
-0.515017
1.16777
0.899641
0.876418
1.85795
1.11615
-0.0901782
1.94136
1.48631
0.692245
1.35153
1.32418
-0.0071672
0.25303
0.599066
-0.314007
0.94768
1.07148
0.282619
0.992495
1.12505
1.02821
0.150511
0.885618
0.499275
0.297599
1.13447
0.683223
-1.05185
-0.279853
1.06976
0.975984
1.60861
0.914952
0.865987
0.722771
0.379104
0.616615
-0.592162
0.0132635
0.391072
1.41854
1.02165
0.605713
1.4397
-0.254459
1.86356
0.68044
-0.209889
0.773492
1.53442
0.899816
1.21331
0.630984
0.378682
0.439396
-0.229781
0.172501
0.46769
0.366681
0.668135
1.19602
2.00771
1.0095
1.09626
-1.40397
0.789699
0.119081
0.23366
0.301866
0.616705
0.539621
0.00390156
0.251356
-0.4769
1.27748
0.289779
0.685915
1.558
1.66041
-0.14476
-0.294443
-0.00228844
-0.207127
1.30286
0.409153
1.45776
0.338561
-0.725709
-0.179199
-0.3746
0.859113
0.397567
0.625333
0.455953
0.256365
0.286182
1.2375
0.0537695
1.33415
2.26492
0.46912
-0.26079
-0.607029
0.829808
0.84542
0.827168
0.980503
-0.281874
-0.0655836
1.46997
-0.503459
0.943836
1.40819
0.842525
0.0680888
0.808448
-0.387044
1.92186
0.600645
0.38192
1.43825
0.0713609
-0.587701
0.716394
0.411646
1.47539
0.52637
0.0309292
0.754973
-0.760034
-0.563023
1.6509
0.619305
0.828812
-0.500675
0.179616
1.20327
-0.00979382
-0.617184
1.57076
0.352945
0.109888
-0.269051
-1.02034
1.32386
0.883669
1.08522
1.52004
0.164721
1.0973
0.945713
1.18105
0.742643
0.929431
0.15512
0.544967
1.19333
0.308426
0.37687
0.215283
0.505041
0.251761
0.813767
0.58746
0.265783
0.291482
1.03835
0.480928
0.425187
1.25181
0.683599
0.183199
0.907083
-0.584433
-1.11331
-0.191221
-0.672543
1.25398
1.92358
0.261819
0.406999
0.355174
0.136563
0.27138
0.38896
1.55608
1.65061
1.89903
-0.0130978
0.796358
0.360117
-0.0623358
0.720438
1.6423
0.415185
-0.66344
0.976656
0.670589
0.227665
-1.25861
1.09198
-0.17582
0.154173
1.68919
-0.270497
0.956031
1.62413
0.82975
0.0747968
0.292197
-1.27662
0.80831
0.737911
0.263997
0.0656873
0.434303
-1.40662
1.31718
0.471387
1.35399
1.45984
-1.73127
1.43213
1.33781
1.6353
-0.174948
0.67763
0.603037
-0.503687
0.338428
0.952399
-0.815729
0.824472
0.778883
0.82193
1.27623
-0.774569
0.0351064
0.18716
0.612379
0.653456
1.23512
-0.427495
1.29256
-0.0928257
0.602414
2.78096
0.389249
0.467625
0.368699
1.41092
1.10113
0.0302947
1.70655
0.680784
1.83033
-0.552736
0.636284
-0.160401
1.10543
1.10195
1.10163
-0.12375
-0.0490713
-0.426044
1.35358
0.534015
1.31756
-0.335401
1.4288
-0.210121
1.72428
0.948262
-0.0958451
0.783347
1.42166
1.28668
1.96335
1.25903
0.111091
-0.210493
1.09854
-0.762539
0.532866
0.901749
0.317611
1.01648
0.645972
0.114772
0.376062
1.14232
-0.000771941
-0.815047
0.472457
0.125016
0.262697
-1.15202
1.78859
0.200718
0.265257
0.48047
1.20902
1.05937
0.712489
0.506877
0.544417
-0.757887
0.721165
-0.611396
0.543169
0.465434
0.808127
1.27457
1.39678
1.79916
1.40808
1.43289
0.216154
0.221947
1.73031
0.68309
0.725145
0.686108
1.1581
0.438236
0.704379
-0.247484
-0.00322903
0.357637
1.36418
0.696889
0.199586
0.720413
1.82825
1.21151
0.577665
0.896764
-0.224718
-0.225758
-0.0800751
0.774068
0.908901
-0.148273
0.16386
1.17916
1.07483
0.296749
0.842102
2.2823
1.22158
0.910804
0.700761
0.450473
1.91214
-1.21272
-0.786505
0.677388
1.42994
0.659497
-0.17237
0.59677
0.769937
-0.318186
0.884577
0.0773604
1.40053
1.64165
0.694784
-0.317531
1.68109
0.108416
1.04001
0.199599
1.475
0.649266
0.575876
-0.127449
0.807811
-0.671891
-0.275926
0.00902219
1.39918
1.10658
0.597415
-1.51531
0.325825
1.28272
0.838135
0.415132
0.706751
0.0905086
1.07557
0.408937
1.88365
1.71772
0.498596
0.963973
0.968831
0.0470515
-0.764803
0.504273
1.13195
1.44348
0.794477
0.396436
0.0304432
1.10449
1.22819
1.17893
0.804159
0.695359
-0.0805045
0.102991
1.05737
0.336187
0.527331
0.297214
0.749378
-0.324712
1.74276
1.16472
0.632643
0.349227
0.546876
1.12573
1.21922
0.537177
0.639611
0.741998
0.170333
1.56851
0.817141
0.631094
0.753831
0.860283
0.83216
1.42603
-0.289473
2.16812
0.240888
0.50539
0.611441
-0.316722
-0.17148
0.102871
0.237457
1.44451
0.70498
0.0197875
0.828488
0.533054
0.0114386
1.93578
1.08789
1.27574
0.963485
0.85147
1.70361
1.12958
0.767301
0.24921
0.552787
1.24329
0.341171
-0.493903
-1.04847
0.901849
0.523394
0.301361
0.297792
0.586668
-0.213389
1.0542
0.0213168
0.398619
1.46244
-0.0853668
0.102334
0.480993
-0.664774
1.21456
1.2369
0.0898615
-0.148411
1.30172
1.39882
-0.0855559
0.88265
-0.176205
0.772712
-0.310325
0.471894
-0.795624
0.157424
-0.871663
-0.08089
0.487108
0.578086
-0.204513
0.475261
0.0868194
0.46934
0.407057
0.785046
1.05347
0.668024
0.930615
-0.555386
-0.080655
2.2977
1.7027
0.340885
0.788853
1.00459
1.11885
-0.155691
-0.857051
0.253899
0.0948462
1.24389
1.75025
-0.284343
0.430584
2.05347
1.11497
1.69493
1.59464
0.272997
1.61329
-0.0543017
0.28946
0.375213
1.59176
-0.541535
0.541337
0.451766
0.758163
0.355081
1.13911
0.530141
0.603616
0.428167
-0.0646973
0.590246
0.433347
0.707368
1.3931
0.687933
0.253062
0.595812
1.71837
0.622029
1.31817
1.00373
0.834486
0.731745
0.485862
0.961624
-0.406051
0.144381
1.32189
0.24824
0.115512
2.23402
0.181879
0.790384
1.42415
0.76903
1.31256
0.875672
0.538838
0.420522
0.824959
0.374919
0.329253
0.384249
0.686811
0.318555
0.778827
-0.585257
0.2618
1.2289
0.387895
0.832843
1.22792
0.742639
-0.170625
-0.475426
1.68229
1.43996
0.551302
0.72569
0.997299
-0.125789
2.34787
1.40314
1.05473
1.03559
0.359484
0.973864
-0.0559434
-0.300273
-0.526176
0.391297
-0.65205
0.97163
1.74747
0.416996
1.59124
0.258489
2.10949
1.17239
2.19824
0.0946423
0.567667
-0.0950453
-1.46724
1.12203
0.968506
-0.130892
0.317224
-0.76109
-0.631832
0.211582
0.251972
-0.757697
0.0593079
-0.03825
0.397452
0.487604
-0.685578
1.13118
1.48387
0.136215
1.51253
0.318834
0.903679
0.473194
0.811534
0.494673
0.937969
0.773991
0.280267
0.717224
1.55028
0.36438
0.498945
0.730183
-0.159246
0.0679001
0.734516
-0.410023
1.45684
1.11563
-1.61543
1.43633
-0.0523661
0.697056
0.371698
1.74232
0.431678
0.362958
1.18726
1.3215
0.96379
-0.793359
0.27159
0.187311
0.26043
0.713668
1.12622
-0.111755
0.195426
0.367666
0.240783
0.774127
0.930266
0.464022
0.51204
1.66021
-0.246724
0.673559
0.592803
1.00042
0.456573
1.74803
1.13583
-0.522267
0.141901
0.796912
0.89714
-0.164836
0.907449
0.137813
0.190472
0.776678
1.50845
1.1506
-1.07513
0.800568
-0.211063
1.16396
0.115433
0.27713
1.63564
0.780935
1.33702
0.215258
-0.249531
1.02433
0.913949
1.49718
0.554817
0.14736
-0.141703
1.56086
-0.433548
0.991518
0.634928
0.273189
-0.704253
0.494911
0.684139
1.15888
-0.039978
0.637775
0.708012
0.183017
1.17225
-0.85942
0.357526
-0.220913
0.519253
-0.959395
0.313827
0.313149
1.3419
0.449919
1.43689
-0.676096
0.928571
0.399753
-0.0373717
0.425278
1.35017
0.711503
0.0794969
1.28932
-0.102431
-0.155244
-0.119102
0.71656
1.6271
0.928751
1.01186
-0.33718
0.477007
0.600687
0.229086
0.790597
-1.07265
1.2936
1.30185
0.183649
0.756458
-0.348456
0.107425
0.576506
0.986647
1.07884
0.0423456
1.71325
-1.84143
0.889722
0.728547
0.893838
0.885345
0.000694071
1.17194
0.256568
0.85422
1.04918
1.11919
-0.184269
1.29784
0.578821
0.240093
1.02873
1.17718
0.326605
0.052768
1.26707
-0.150726
0.439437
-0.0922204
-0.0814487
0.0575709
0.388439
0.113181
-0.300677
0.966195
0.405965
0.579757
0.750685
0.845483
0.874797
0.466505
-1.07314
0.616809
0.969657
0.163808
0.746705
2.14284
1.33437
0.306596
-0.0404883
-0.513766
1.12079
-0.414743
0.456743
1.27569
1.07818
0.748319
-0.0823406
-0.395482
0.261407
0.986485
-0.659035
0.619462
0.208086
-0.431197
-0.185475
1.06942
0.109849
0.0611463
-0.640406
0.377502
0.929332
-0.578063
-0.0536782
0.478585
-0.239681
1.01513
0.31637
-0.387519
-0.72737
-0.492551
-0.247137
1.27124
0.429236
0.5706
1.23961
0.806575
-0.160551
0.879832
-0.48409
1.36117
0.826405
1.52459
-0.0137276
-0.060267
0.387703
0.63852
0.823367
2.00785
0.831435
0.00538224
0.172453
-0.234972
0.833603
-0.998012
0.828524
0.324712
1.63875
-0.44603
-0.018901
0.897274
0.0564657
-0.0222863
0.260153
1.02664
1.51406
0.168486
1.03083
0.579499
0.498211
1.1677
0.571442
0.905805
0.925574
0.930127
-0.108736
0.105566
-0.235085
1.56497
1.09147
1.10597
-1.32826
1.82053
1.27056
-0.148278
0.485236
0.842354
2.24894
0.79354
0.656902
0.638607
-0.04198
-0.764155
0.689184
1.09384
0.428144
1.74126
0.989373
0.0904965
0.362722
1.01789
-0.904832
-0.0729601
0.331658
0.160909
1.04642
-0.827766
1.89073
1.44066
1.18246
-0.683201
-0.140022
0.768302
1.60623
0.472352
1.05586
0.62231
-0.513999
1.19795
0.553098
1.21293
-0.11685
-0.323789
-0.0813853
1.50769
0.753937
-0.948748
0.331333
-0.0538529
-0.35233
1.16637
1.07518
0.09104
1.00602
-0.285696
1.15208
0.267038
0.564035
0.429761
-0.817915
-0.0863304
-0.0493975
0.622711
0.561246
0.686418
-0.319845
1.20677
1.09363
1.1379
1.21052
1.37021
-0.841682
1.05776
-1.17436
0.333185
1.39787
0.140457
1.58706
0.42301
1.22479
-0.370892
0.844717
0.964387
0.622577
1.22819
0.232357
0.586288
0.472199
0.178766
1.22891
0.33797
-0.328555
1.84074
0.832596
0.734416
1.11865
0.492671
0.252962
0.568021
-1.11677
0.524464
-0.0147491
-0.0348628
1.02034
1.62356
0.223079
1.00422
-0.0413287
-0.0662411
0.503577
0.221102
-1.30771
1.25372
0.798027
0.199287
1.40503
1.23381
1.34789
1.02205
0.835159
1.54031
-0.159134
1.03125
1.40199
0.209484
-0.187735
1.30918
0.592564
0.40541
1.0846
0.692518
0.288287
-0.173006
1.54632
-0.259297
-0.572477
0.707084
1.77315
0.777056
0.632654
0.555665
0.880031
-0.630813
-0.0133116
0.526137
0.961757
1.92746
-0.982396
1.23875
0.496125
0.102374
0.52413
-0.110568
1.67848
0.393572
0.0176145
0.996621
0.880549
0.829545
-0.671974
0.633045
0.254533
1.92182
1.18409
0.577796
0.0959435
-0.443062
0.379681
-0.0568624
1.48366
0.269577
1.7334
1.03091
1.95419
-0.839408
1.32957
0.62181
-0.120926
0.043464
1.6812
1.80702
-0.282556
-1.47397
0.596828
0.903238
-0.395594
1.124
0.642767
-0.694618
1.08597
0.524191
1.77054
0.229254
0.39852
0.453888
0.398357
-0.346678
-0.153524
0.419641
1.72516
1.00801
-0.0722814
-0.857276
0.823469
0.571963
-0.79375
1.45941
-0.543636
1.15211
0.0881159
0.462549
-0.29354
1.03648
1.16793
-0.540397
1.36149
-0.0904513
0.192448
0.206744
0.944231
-0.0620233
1.06661
1.42662
1.07073
0.465253
0.609809
0.917409
-0.0355172
0.0554601
0.26441
0.962839
-0.241044
0.10543
1.86547
-0.250764
-1.12929
0.286783
0.522784
0.426233
0.181783
1.3057
-0.938203
0.763028
1.35647
0.621705
1.4423
0.25793
1.2419
-0.156167
0.459456
0.543564
-0.273995
-0.473612
-0.600268
0.123721
0.449197
0.317524
1.65247
0.596347
-1.19248
0.192296
0.00794287
0.138947
0.941871
0.484937
0.437912
0.0366599
1.56523
0.815543
0.954065
1.01497
0.939581
1.42036
0.689315
0.467421
0.68185
-0.067024
0.519556
0.348235
0.803912
0.811625
1.6146
0.293124
0.765105
2.11212
1.15383
-0.384136
0.434407
0.697476
-0.190405
0.859278
0.152799
-0.395909
1.56091
-0.268028
1.83092
0.468915
-1.18631
-0.400514
-0.321328
1.8122
0.428979
2.05188
2.05036
1.82923
-0.369671
1.25556
0.223518
1.002
0.687272
0.388654
-0.980791
-0.635568
0.85475
2.21146
1.04099
1.29283
1.12859
1.85351
0.791068
1.51995
0.834196
0.0775289
1.323
0.127419
0.735724
0.327319
1.00558
0.583729
-0.284319
0.125084
-0.0566266
-0.42426
0.211935
-0.142121
-0.175595
0.197145
1.85422
1.73482
0.613848
0.630737
0.760196
0.768384
0.745002
2.02395
1.92054
0.743535
0.593952
-0.117255
-0.244981
1.20408
-0.0749681
-0.11189
0.215523
0.154538
1.09046
0.718873
1.08832
1.50598
0.332413
-0.358379
1.30792
-0.0106866
0.506815
0.837351
0.519107
1.35817
0.174858
0.371107
1.30692
0.209577
1.33904
0.930968
0.243608
0.795462
0.644609
-0.17765
0.865962
1.54578
1.8242
0.220389
0.36799
1.11009
2.35924
1.00195
0.429886
0.628563
0.455545
0.0601197
1.14455
-0.808083
1.16767
-0.0287478
0.574372
-0.517712
1.01871
1.20285
0.0999907
0.323688
-0.0411262
0.130776
0.0864856
-0.722612
-0.272821
-0.154121
-1.72778
0.0266313
0.63333
0.700774
-0.599487
0.649671
0.905067
0.240243
-0.108542
1.24694
-0.673238
1.08816
-1.00468
-0.0075446
0.855673
0.752239
-0.00431073
0.66422
0.541867
1.8909
-0.0403262
-2.01846
-0.23773
-0.198387
0.206569
0.354403
0.894324
0.108177
0.0497214
-1.34969
0.457792
0.430352
-0.180175
0.363045
0.956569
-0.643907
-0.641728
-0.0699593
1.46551
1.66544
-0.502981
1.15481
-0.424401
0.0424735
0.650841
1.52012
-0.570192
1.36918
0.394316
-0.614575
0.711953
0.192603
0.703682
0.223085
-0.943129
0.821205
-0.589004
1.42385
0.436563
0.42375
-0.934455
0.0656972
0.451892
0.170573
-0.0929038
-0.410209
-0.171131
0.308616
0.769667
0.440233
1.50587
0.363946
0.312105
0.313613
0.550241
0.713303
1.49461
0.0177284
0.249544
0.986968
1.5777
0.890813
0.100392
-0.389607
0.27634
-0.00324314
0.389405
1.27244
0.31339
0.215982
-0.325352
1.11029
0.236258
0.7739
-0.273246
0.1513
0.676084
0.193543
0.423617
-0.135112
-0.0140263
0.531015
-1.16152
-1.14814
0.859169
0.108552
0.27584
0.728735
2.0807
1.04469
0.531643
1.23376
0.163866
0.0330937
0.608011
1.05795
1.09315
1.56518
-0.813714
0.689269
0.743593
1.31712
0.06211
0.987202
1.05541
0.733729
0.930005
0.864634
0.127061
0.17264
-0.37151
1.25969
0.205843
0.626582
1.79575
0.488422
0.771393
0.821799
-0.207377
-0.1788
0.719137
0.635366
1.15062
0.61064
0.78328
-0.470593
0.214541
1.12719
1.11491
-0.0377013
1.10416
-0.417302
-0.919561
-1.145
1.56852
-0.654098
0.818883
0.0274598
-0.0277132
0.168512
1.77215
0.235876
0.104375
1.46702
0.207652
1.03606
0.535965
0.70156
-0.0184964
2.15997
1.55206
0.0260285
0.74104
1.69198
0.962677
1.73299
0.996832
0.539655
0.606354
1.51473
0.142472
1.08178
1.21648
0.590158
1.54811
1.27821
0.138078
0.559546
0.98215
0.283719
1.33066
0.0292456
0.725992
-0.306455
1.39737
1.60428
1.16862
0.598037
0.891558
1.55583
-0.965693
1.85654
1.05104
0.885673
0.583027
-0.386981
-0.732621
0.554791
0.76097
0.363277
0.429973
0.0821485
0.554836
1.13326
1.49841
0.0883837
0.445883
0.401881
0.14622
0.533794
0.752529
0.492698
-0.0110934
0.229
0.053427
-0.0803453
0.125027
0.92978
-0.636192
0.752249
0.405968
1.51448
0.225739
1.53122
-0.333339
1.89843
-1.56847
0.25541
-0.438472
0.828668
-0.874201
0.107632
0.117478
0.125156
0.694842
0.852081
1.46178
0.613003
-0.366048
-0.595878
1.07559
-0.126877
2.49453
-0.0357843
-0.173335
0.284227
0.574907
-0.0905266
0.303713
0.608298
1.3433
-0.197125
0.553524
1.51073
1.84319
-0.800139
-0.0564604
0.646633
2.02937
1.09038
1.18056
1.72074
1.40287
0.336629
0.276908
1.5026
0.938182
1.82371
0.108179
-1.87134
0.678163
0.450627
-1.71916
0.336026
0.880248
1.6353
1.1104
-0.182129
0.60147
0.856112
0.733324
0.0384606
0.208717
0.290408
1.02111
0.796632
-0.937058
1.62843
0.0247866
0.41519
-0.361235
0.312602
0.712412
0.0769193
1.16696
0.163822
-0.636529
2.06297
-1.26738
1.67656
0.420159
-0.0262653
1.70595
1.09142
1.1357
1.28434
0.655513
0.498012
0.292027
0.272014
0.0683604
1.04174
0.174034
0.129
-0.907284
-0.479897
-0.49187
-0.495674
1.29791
0.540539
-0.102342
0.279922
0.794742
0.704573
0.703592
1.18408
0.638413
0.328686
0.365507
1.54241
1.88977
0.578866
0.23737
-0.874755
0.98494
0.227278
-1.03526
0.677722
0.0853143
0.129927
0.903013
1.11295
0.00626007
-1.30452
-0.0933095
0.423462
0.0566652
0.491483
0.448441
0.722952
0.69212
1.89954
0.15768
-0.155027
0.593271
0.00715586
2.28766
0.108048
1.65117
0.343357
0.610363
-0.0820458
0.932395
0.681425
-0.399899
0.0572314
0.0275734
1.73725
0.11236
0.887325
1.22856
0.305699
0.877997
-0.0532842
1.13697
0.262366
1.24096
0.401144
-1.04955
1.10997
1.60453
-1.11455
0.897267
-0.642907
0.0763592
1.05579
1.03559
0.191217
-1.14637
1.51535
0.900935
-0.164918
0.545942
-0.636875
-0.0769543
-0.399689
-0.0187132
0.0906697
0.0018835
-0.714124
0.0213323
0.902311
-0.923802
0.724256
0.947315
1.31769
0.736552
2.00835
1.55539
-1.01991
2.3171
-0.391453
0.636878
-0.0700827
1.26383
0.289211
-0.287901
0.401563
0.567497
0.805422
0.864013
1.27122
0.678478
-0.7382
0.570064
2.04539
0.566057
1.26248
0.155464
1.29735
0.700058
1.93905
1.94569
0.281192
1.59757
0.095681
1.21058
0.00625985
0.60672
0.464302
1.67301
1.06361
-0.164018
0.609341
0.734645
0.335893
-0.232534
-0.410065
0.757136
0.660087
0.223045
0.863363
-1.31193
-0.875203
-0.445046
0.45422
-0.385218
-0.239145
0.783852
1.34308
1.23756
0.36339
0.0365635
1.04038
-0.462756
0.938635
-0.273531
0.0981008
1.76176
2.12753
0.240014
-0.540642
0.842213
-0.323227
0.403944
1.43802
0.358034
0.415173
0.0566782
1.41522
0.455474
0.0878331
0.55991
0.317977
0.90974
0.574863
-0.0461095
0.664754
0.00899378
1.43151
2.09192
-0.0463278
1.1587
1.45016
0.510189
0.941468
0.0151894
-0.25303
-0.224939
0.0811582
1.0945
0.123168
0.699798
0.618553
0.283292
0.539037
0.321484
0.581741
0.239866
0.644801
-0.144201
1.47788
-0.277014
0.518454
1.08662
0.730562
2.35455
1.09469
0.567238
1.68675
1.23033
1.99941
0.098128
1.49738
0.347132
1.14775
2.02661
0.0398116
-0.257286
-0.558777
-0.737666
-0.155259
0.772976
1.47005
1.21729
0.374043
0.0302169
-0.252692
0.735213
1.07253
-0.260429
0.704856
-0.574481
2.04073
0.919622
2.03667
0.597431
1.48013
0.629107
-0.279166
0.130162
-0.272617
0.137418
0.228078
1.06635
-1.34679
0.290064
0.435306
0.532207
0.6009
1.06206
1.39428
0.953658
-0.954277
0.609889
0.886619
0.587777
-0.967574
-0.187225
1.27535
1.51675
0.945034
1.02244
0.744882
-0.227664
-0.697086
0.457669
-0.0864875
1.42901
1.44043
1.28098
0.856329
0.168488
0.0538394
0.415909
-0.662257
0.353298
0.541243
0.396545
-0.94004
0.317416
-0.181213
-0.129501
0.560155
-1.12832
0.617743
0.829315
-0.423026
1.37079
0.933001
0.940437
1.68465
0.940043
0.332286
0.9551
-0.422028
-0.021816
0.131485
0.911051
-1.00354
-0.598543
0.355174
1.49731
0.477398
0.496433
0.264201
0.656154
1.21012
0.809001
0.782934
1.18718
-0.396563
-0.0935719
0.767753
0.179689
-0.0727692
0.611778
-0.351095
0.751748
0.386205
-0.0941274
0.0835649
0.641311
1.87998
1.95504
-0.495017
-0.137385
0.354582
0.841263
1.42831
0.50346
0.570008
1.37316
0.629182
0.440724
0.165114
0.200484
-0.0642413
1.07065
1.3062
0.293052
-0.184705
0.45036
0.495887
1.67506
-2.4258
0.00958583
0.250968
-0.737656
0.403103
1.8758
0.0960623
0.838758
-0.316994
-0.55215
1.1735
-0.175367
0.0399151
0.426279
0.839586
-0.62056
1.08668
0.822492
0.0847892
1.33457
-0.735384
-0.127819
-0.339739
-0.236602
-1.06784
-0.576641
-0.519292
-0.779763
0.628885
1.33978
0.36848
0.621554
0.806345
0.584019
-0.264324
1.73905
1.23514
-0.250374
0.246483
-0.0436108
0.794976
0.338661
0.372073
0.722957
-0.859298
1.23078
0.700702
-0.000918231
0.739207
0.199368
0.177682
0.986342
1.69083
0.280362
0.775154
0.362072
1.85716
1.35154
0.675264
0.818488
-0.135962
0.851925
1.14109
0.180909
-0.657458
0.183205
0.0270832
0.153285
1.9937
0.7299
-0.191122
-0.898243
0.154861
-0.717302
0.352205
0.274173
0.119981
0.75331
0.0555372
-0.699048
0.151758
0.662163
-0.49923
0.871248
0.0905564
1.81055
1.57189
1.14482
0.0633366
1.55652
0.655908
1.16932
0.622244
0.519002
0.260903
0.269653
-0.942047
0.345761
0.758355
0.118364
0.0154183
1.01219
-0.716271
1.49285
-0.782203
-0.341444
0.0513082
1.42048
-0.65302
1.33725
-0.136762
-1.24257
-0.546713
0.158864
1.07937
-0.0839833
-0.138909
-0.193165
0.615125
0.37673
-0.695261
0.178194
1.63306
0.590756
0.732841
0.938053
-0.946255
0.523508
1.39172
0.0477174
1.15804
1.24217
0.160179
1.7999
0.970228
0.535942
1.30903
2.4705
0.783209
-1.09299
0.705412
2.2666
0.0397594
0.541847
-0.391502
0.752325
0.22013
1.80255
0.832568
0.798437
-0.125968
0.561388
1.49158
1.32781
0.619446
0.512897
0.761283
0.559763
0.371569
1.08285
-0.77795
-0.0341813
0.058866
0.767339
0.112583
1.0338
0.673571
0.79782
0.75249
0.119929
-0.305063
0.883978
-0.129826
0.627343
0.150855
0.041663
0.260322
-0.0828879
-0.113819
-1.23759
1.95777
0.265865
1.43879
1.01944
1.12902
1.30011
0.929119
-0.604427
0.0449869
1.13935
1.3823
0.13019
0.410878
1.13881
0.481562
1.23316
1.5502
0.550787
-0.387666
0.27772
0.688254
0.273755
0.783604
-0.101587
0.0622311
1.32223
0.659928
0.348922
1.64787
0.525618
0.645647
-0.177442
1.56934
1.03979
1.16793
-0.138891
-0.846515
0.52565
0.497294
1.98579
1.35007
1.13522
-0.996327
1.02135
-0.036289
0.671838
0.165913
0.735055
2.19517
-0.5993
0.703733
-0.0428101
-0.489526
0.553478
0.561214
0.114358
1.04712
0.0574078
1.19711
1.07307
-0.204816
-0.0724694
0.138133
1.43866
0.208484
0.80582
0.0273092
-1.48201
0.932872
0.829105
-0.195144
0.514187
0.00269344
-0.48421
0.328765
-0.224925
-0.376587
1.24258
0.18107
0.743903
0.726485
1.74903
0.558939
0.430647
0.934269
-0.524769
-0.116661
0.556501
-0.0259098
0.439264
-1.83068
1.17979
0.566751
0.721363
0.411888
2.46912
1.54367
1.14091
0.547135
-0.170334
1.09578
0.296345
0.42823
0.712275
0.463407
0.369641
0.461822
1.52462
0.661493
0.802289
0.100618
1.88513
0.606293
0.826304
0.308501
1.48131
-0.100058
-0.822795
1.43047
0.0529167
-0.710422
0.772995
0.834853
1.16585
0.746321
0.129365
0.268043
-0.598978
0.805996
1.0448
0.0325028
0.369503
0.172608
0.457128
0.44749
0.270405
1.15279
0.0332843
0.51314
-0.39873
-0.40745
0.279214
-0.273888
-0.671144
0.77209
0.953297
1.27937
-0.178745
0.485082
1.63342
1.31753
0.750885
0.107139
0.783971
0.455776
0.228648
0.913718
1.17985
0.900658
0.945788
1.34043
0.139352
0.521969
1.71727
-0.521506
1.17866
1.07923
0.431195
0.766322
0.111442
1.31854
-0.722351
0.885723
-0.736431
0.82609
0.61558
0.360248
1.07781
1.22813
-0.0819231
-0.0988736
-0.0110429
0.580094
0.639451
-0.588523
0.030981
0.840989
-0.242062
-0.0814271
0.141277
0.223104
0.53727
1.14287
1.27856
0.830479
0.958986
-0.388902
1.7249
0.114151
0.00929334
0.596566
0.365101
0.653139
0.547998
0.529702
0.733706
0.532333
1.23274
0.145926
0.656178
-0.0264271
0.139805
2.26556
-0.559782
1.5692
-0.35269
-0.809454
-0.0331516
-0.174328
0.609853
0.956701
1.49313
0.282427
-0.122192
0.031264
1.56538
1.08119
1.13216
1.51875
1.41063
-0.377872
0.190945
-0.84636
2.01445
-0.270087
-0.389151
-0.468693
-0.0520094
0.276646
1.83223
0.884478
-0.490372
1.35219
1.16543
0.0169797
0.661329
0.348532
-0.0994454
-0.012507
0.668887
0.803655
1.69478
0.173748
0.678343
0.977746
-0.623796
0.862864
0.0322852
1.22039
0.9114
-0.174612
0.891628
-0.642954
0.258775
1.17403
1.44775
0.510817
1.88099
-0.953969
0.390715
0.00214015
0.610545
0.282223
-0.231737
-0.410947
1.83672
1.33143
-0.0255455
0.212798
-0.0730763
-0.836677
0.895706
0.842858
-0.383334
0.88976
1.16382
-0.375204
0.609849
1.57107
0.0983467
0.656389
0.465008
0.00251066
0.184559
1.64343
0.890394
-0.709777
1.46047
1.20537
0.179856
0.224745
0.940833
-0.234148
0.503033
-1.1129
0.591847
1.00544
-0.761994
0.767505
-0.439096
0.980539
0.416186
1.03066
0.984005
1.38329
-0.225135
0.612189
0.0524064
0.916854
-0.0982966
0.611521
1.02543
0.925642
0.731453
-0.438489
0.0710199
0.5994
0.150582
0.591713
1.10988
1.57487
-0.533303
0.462215
0.0222025
0.427064
-0.887461
0.0579324
0.871507
-0.322558
1.08243
-0.817665
1.55431
1.09108
1.33184
2.45466
0.171425
1.92503
0.478335
0.218071
0.407748
-0.482741
1.65976
0.943615
0.182856
0.385032
-1.50382
-0.0243585
0.0475764
0.0796522
0.304125
0.802633
0.946697
-1.06923
-0.584108
0.590853
1.36339
0.131868
-0.0978788
1.25776
-0.331562
1.35359
0.282267
0.953383
1.22518
0.347076
1.08842
1.22305
0.0989907
-0.780208
1.38287
0.00583473
-0.38661
0.519593
0.612769
2.45299
1.59919
0.236685
0.194341
0.528621
0.656708
-1.46983
1.08845
1.02065
-0.527135
1.06231
-0.172941
0.396688
-0.943267
0.225029
0.338954
1.3306
0.351466
0.855512
1.35168
1.31975
-0.541659
0.863118
0.974565
1.1089
0.425541
0.206541
0.204283
-0.606064
1.01875
0.80427
-0.0754162
1.2496
1.30185
0.268656
0.484698
-0.472919
0.204133
0.658984
1.06933
1.86621
1.05321
0.576647
0.302346
0.13553
0.434561
0.0972297
2.01311
0.630559
0.62704
0.610483
0.886371
0.729029
0.994929
0.356557
0.784143
1.84775
0.974803
0.0917954
0.573467
0.493004
1.09888
0.588252
-0.302238
0.931193
1.7094
-1.41783
0.761067
0.333622
0.913571
1.49093
1.91723
1.01033
0.319869
0.7321
1.57934
0.678171
0.171428
0.664113
1.04128
0.00319763
-0.120235
-0.896587
1.53487
0.627882
1.26226
0.873308
1.29629
2.53515
1.54878
0.471407
0.0511316
1.98272
1.22691
0.970808
0.302254
-0.375618
1.53172
0.156714
1.36481
-0.294668
-0.505541
0.912559
0.984827
0.503313
0.787341
-0.296865
0.0731699
0.725413
0.655963
1.17274
1.46902
0.657497
1.64932
-0.317867
0.8988
0.347811
0.403699
0.014272
0.478071
0.536815
1.86481
1.64185
-0.15143
0.433204
0.320201
1.13551
-0.576723
1.97301
1.03376
0.20725
0.566252
0.765827
0.186965
0.0156537
-0.431254
1.07592
1.2487
0.317305
1.28662
-0.762084
1.35384
-0.128105
-0.0697388
0.670403
1.71244
0.6902
1.30057
1.48074
1.65257
1.57733
0.201789
-0.595231
0.029168
0.629041
0.920253
0.480457
0.526257
0.877239
1.13856
-0.0818268
0.239026
0.52542
0.332915
1.51424
0.760685
1.14218
0.200081
-0.468795
0.779037
1.06083
1.27383
0.2867
0.276772
0.391698
0.25297
-0.803456
-0.677979
1.01048
0.0543074
-0.845458
-0.505054
-0.0708573
1.11037
-0.408223
0.254788
1.30287
1.01184
1.32254
0.225745
0.741816
0.650121
1.78144
-0.370374
0.076567
0.769597
0.62313
-0.756936
1.00728
-0.526207
-0.238981
1.391
-0.383976
-0.698949
1.05614
0.99439
1.6718
0.339284
0.568915
0.144974
1.89093
0.662959
1.02721
-0.632023
-0.618739
0.225468
0.221551
0.797214
0.151459
0.797282
-0.228055
1.52613
0.577989
0.0932743
1.2552
0.128718
1.35258
-0.0959888
1.37763
0.304077
0.139337
0.517148
0.326744
0.284129
0.178425
0.278516
0.607088
0.539012
-0.11507
0.471387
0.213317
0.424236
-0.37425
1.13839
-0.327876
1.09094
-0.443947
0.41424
0.770759
0.484769
0.430232
-0.000972544
0.412601
1.84907
0.32174
0.154137
0.191487
0.246334
2.03495
0.244778
0.188941
1.33401
-0.504136
-0.557072
0.7007
-0.560081
0.872454
-0.254208
-0.952262
-0.9822
0.296022
0.936765
0.986132
0.255172
0.104668
0.0953978
0.81508
-0.778632
1.13258
0.955413
0.48473
-0.971554
-0.529795
0.646197
0.344773
-0.175871
1.87818
0.0880022
0.888795
-0.397521
0.906192
-0.726539
0.374595
-0.157935
0.754091
1.26275
-0.516075
1.85913
0.207775
0.257468
-0.715545
0.685726
1.78976
-0.937169
0.822391
0.612762
-1.05723
0.434682
0.475513
0.442437
1.07848
0.770927
-0.250876
0.104054
0.300862
0.134441
0.188895
2.11808
0.0622427
-0.0499521
0.566761
1.65394
0.81587
0.369107
-0.0234992
1.94953
-0.559281
-0.130988
0.725591
-0.772977
-0.427832
-0.0234177
1.2452
0.898859
0.23993
0.182863
0.0274622
-0.441284
0.501308
1.31343
1.00927
-0.0120251
1.52031
-0.0932625
1.12555
0.412275
0.664733
0.570539
-0.151325
0.519521
1.11323
0.813793
0.713203
0.868898
1.74509
-0.00470914
1.46012
0.207609
-0.0819659
1.64196
1.04302
0.416102
1.03356
0.661083
0.63454
0.679696
0.983275
1.31653
0.139459
0.81494
-0.687144
0.70725
0.557898
0.0519177
0.747618
0.945774
-1.48373
0.650653
-0.718872
-0.946916
0.405915
-0.262098
0.270157
0.155807
1.09274
-1.56683
0.223414
0.276961
-0.436017
-0.686507
-0.342923
0.414564
0.560759
0.133913
0.422992
1.20056
-0.342597
0.0587734
-0.705613
-0.00336675
1.39866
0.292952
-0.393215
0.591415
0.267014
0.741481
1.90813
0.639003
1.46899
-0.407508
0.078417
-0.0582114
0.125625
0.0962268
-0.738031
0.0283474
2.26688
1.5294
-0.767364
1.50294
0.78338
0.0997432
1.71444
1.34202
0.513577
0.153403
0.0457779
0.204078
1.84616
0.65786
1.18402
2.35566
0.402521
0.108733
-0.363097
-0.36876
0.8631
0.481168
0.523196
0.457456
1.70588
0.983302
-0.553441
1.49001
1.68698
-0.00849428
0.856719
1.70533
0.843992
0.588991
0.839788
0.267459
0.25796
1.20617
-1.05855
0.343413
1.14746
1.97425
-1.16976
0.571687
0.611577
-0.0378942
0.219335
0.901164
0.474706
0.277705
0.543286
0.730235
0.0736954
1.40151
2.1145
0.268244
-0.327824
0.785786
-0.55555
-0.366933
-0.391129
-0.534677
0.38233
1.17471
1.36331
0.579333
0.0219354
1.70398
-0.22409
0.37611
0.948016
0.394198
0.648282
0.461625
1.69138
0.448705
0.0562648
-0.253896
-0.829255
0.717475
0.413535
1.11072
-0.240114
0.916945
0.409035
0.253727
0.304764
0.935265
0.677627
0.266903
-0.114205
0.933555
0.0657002
0.250427
0.19743
-1.66419
1.5259
0.30772
-0.880775
0.156854
1.26433
-0.102112
0.167124
1.18746
-0.229691
-0.211948
-1.10791
-0.36395
0.704496
0.0564246
-0.245338
0.511129
0.729637
0.636261
1.82564
0.0811631
0.0378597
0.56627
-0.70259
0.320717
-0.0783554
1.09509
1.23824
0.165325
0.22351
0.262446
-1.09124
1.69258
0.668985
1.23651
0.781639
-0.0176792
0.116838
1.29578
0.147818
0.251706
0.674944
-0.994264
0.314641
-0.524079
-0.0715
-0.261245
1.96433
-0.0329069
1.03576
0.332208
0.424458
0.528203
1.11008
0.544162
0.782893
0.266114
1.78365
1.07816
-0.0108335
0.770333
0.0244791
-0.144665
1.60755
0.802052
2.78872
0.484159
0.225422
-2.0033
0.0465689
-1.26535
0.113757
0.359843
1.20496
0.872453
1.15154
-0.0707285
1.77109
-1.13016
0.493877
0.979845
-0.217646
1.97218
1.74491
1.25647
0.507667
-1.43619
0.340996
0.541543
-0.456493
1.76534
0.268399
-1.04701
0.862764
1.29168
0.18952
0.62068
-0.355851
0.261144
1.41112
1.34807
0.398265
0.063835
1.45952
1.26601
-1.01416
-0.824836
0.00028441
0.973518
0.197662
-0.196126
0.451023
1.20145
-1.04876
0.518773
-0.747077
0.83728
0.876005
0.390176
0.371977
0.485717
2.11438
1.53716
-0.374448
0.0536093
0.793869
1.81918
-0.745259
-0.656752
0.48334
0.283987
-0.0341533
1.0434
1.19697
0.836883
1.46068
0.79137
-2.04459
1.36947
2.06255
-0.613402
0.406798
-0.591633
1.5301
1.07629
0.377907
-0.0930806
1.53529
1.08334
-0.562285
0.945029
1.19604
-0.0160591
-0.252109
0.295048
0.741563
0.681831
0.792707
0.932871
0.922205
-0.252443
1.76766
0.915676
1.52393
1.73954
1.961
0.989597
0.472369
-0.967804
-0.496401
1.05371
1.00819
-0.520832
0.1366
1.18277
1.25399
1.93433
-0.498478
-0.0458819
0.486415
0.797299
0.998248
0.384757
1.56149
0.997546
1.29824
2.03162
-0.460837
-0.276867
1.11876
0.212043
-0.0376316
0.681478
0.322293
0.91917
0.378083
0.422214
0.916488
1.08198
0.849725
1.11642
0.752544
0.973716
0.777014
0.902643
-0.753965
-0.408549
1.18396
0.166863
1.08409
0.987609
1.0787
0.0508307
0.742883
1.13836
0.262748
0.708528
0.0712282
0.0379754
0.605257
0.82864
1.85052
-0.691389
0.546664
1.0959
0.642907
-0.348392
0.834004
0.893309
-0.69588
0.788555
-0.253661
0.666022
0.686979
1.68295
1.772
-0.474367
1.74406
-0.398368
0.63911
1.47886
0.350987
0.0876889
-0.129371
0.866985
0.545865
-0.208279
-0.287795
1.39836
0.960885
-0.527912
0.345751
0.751918
0.85202
-0.373976
-0.485704
0.721967
0.109162
0.774496
0.961525
0.489431
0.528731
1.45385
-0.27476
0.292922
-0.127964
0.27855
0.522359
-0.410789
0.107584
0.26201
-0.639494
0.677808
-0.348302
0.1706
1.01677
0.430443
1.28648
0.959878
-1.37944
0.415093
0.289238
-1.0854
1.37124
-0.990079
0.686026
0.65125
1.76225
1.01035
0.336782
1.4083
1.55406
-0.539884
0.260188
0.803268
0.799853
0.627478
1.46694
0.309975
-0.249865
0.294749
0.98685
0.981776
1.04041
0.551864
0.435223
-0.715114
1.44286
1.06863
0.476532
-0.0290361
0.911181
0.30015
0.823254
1.50069
0.518897
-0.590145
-0.142699
1.26146
0.0119092
-0.412361
0.819842
0.860468
-0.0193177
-0.932818
2.13195
0.455838
-0.177796
1.36002
1.21364
0.850627
0.966037
0.814899
0.0597205
0.592137
-0.0042278
0.225154
0.522443
0.0119734
1.23507
-0.265359
-0.407841
1.38492
0.680569
-0.334084
0.0142823
-0.974273
-0.162209
0.627899
0.384715
1.12427
1.16551
1.62956
2.05244
0.535655
1.00221
1.45362
1.4714
0.51332
-0.379127
0.341996
0.32454
1.37942
1.0249
0.211966
1.23585
-0.0613677
0.234172
0.346552
0.242878
-0.717445
-0.194258
0.515631
0.523314
1.51832
0.90924
1.15053
0.749061
1.05094
1.60236
-1.06011
0.973635
0.885711
0.54555
1.03188
-0.169214
1.7374
0.867709
-0.564852
-0.204643
-0.242637
0.272909
1.50539
-0.090327
1.42347
0.321856
-0.0254402
0.566813
1.55031
0.688592
0.145206
1.02565
0.649214
1.38602
0.501789
0.20739
0.304298
0.616501
-0.570811
0.344318
-1.48356
0.604812
-0.00676985
-0.785621
0.889581
-1.31638
1.03104
0.602612
2.08249
0.936816
0.885884
0.794311
0.872561
0.502771
1.04333
-1.00047
0.333894
1.16764
0.489872
-0.461029
0.963012
2.38109
1.59171
-0.0838525
0.703663
0.459452
1.19946
-0.0698864
1.07626
-0.23317
0.0753435
-0.271783
0.421542
1.01723
1.18031
-0.715462
0.0385214
1.10303
1.98416
0.860938
-1.12649
1.18058
0.262976
0.581586
1.72408
1.18998
1.22976
-0.270242
0.860875
-0.541819
0.887933
0.535821
0.502029
-0.583635
1.13795
0.453277
0.246091
1.27286
1.10984
-0.491638
-0.373729
0.227913
-0.0550391
0.349457
0.196539
1.6068
1.26663
0.396766
-0.0789578
1.46793
-0.136827
0.417689
-0.0696076
0.348791
-0.717773
1.55353
0.217567
1.70914
0.0861108
0.851544
1.04878
0.343864
-0.84259
-0.850791
-0.704726
-0.834249
0.529548
-0.12353
-0.155621
0.916292
1.23749
0.462022
1.60183
0.704723
1.32271
0.485916
0.357936
1.36391
0.636986
1.79016
0.959133
1.13294
1.51248
1.86439
1.56085
-0.0812627
1.67764
0.50884
0.647176
1.0397
0.682433
0.965605
0.816085
-0.214018
0.354928
1.22847
0.714548
0.875545
1.44926
0.934725
1.91359
1.65541
-0.195334
-0.240768
0.684248
-0.615023
-1.07304
2.12175
0.944186
1.17382
0.404098
-0.00684672
1.35396
0.187262
0.467606
1.39784
1.74181
-0.211792
-0.141453
-0.00434428
1.17679
0.299779
0.138094
-0.0970466
-0.12031
-0.733071
0.803286
1.91026
1.35099
-0.553988
0.53938
0.200136
1.46382
-0.675747
0.0911599
-0.958783
3.106
1.20042
1.49093
0.622132
0.585537
0.264104
-0.197731
1.41606
0.565994
1.58867
0.697859
0.373067
0.526057
-0.937453
-0.18938
1.1312
0.297532
1.83677
-0.542551
1.26321
0.631986
1.41392
-0.571499
-0.620551
1.07066
0.494906
0.831999
-0.877462
-0.281798
0.691402
0.960509
0.772593
-0.176944
-0.157233
-0.133789
0.412318
-0.262616
-0.963166
0.89697
0.517362
-0.53248
0.582971
1.3034
0.535043
1.00982
1.15952
0.229553
-0.10179
-0.663381
1.43382
0.530271
0.444007
-0.643663
-0.0162888
0.695509
-0.300374
-0.347487
0.461255
1.66114
1.63
0.0627398
0.510273
0.947562
0.395213
-0.678701
-0.419324
1.63222
-0.366124
1.4553
0.923502
1.56315
0.590629
0.449117
1.0624
0.946798
1.20191
1.02308
1.53341
1.05301
0.27312
0.551989
0.0206149
0.871295
0.665879
0.88103
1.06241
1.87854
1.64752
0.734406
1.47429
0.694016
0.7264
1.6188
2.11901
0.698937
-0.35209
0.605975
0.846846
0.233823
0.298246
-0.193255
1.30767
1.5341
2.14884
1.37643
1.22462
0.263207
0.628343
0.156044
1.02947
0.586592
1.80103
-0.00623968
-0.687973
0.524308
-0.757147
-0.890176
0.998668
-0.316213
0.825907
-0.603746
0.387962
0.0776025
0.446467
1.19241
0.276093
0.628622
0.968103
-1.1288
0.623365
0.551885
1.23585
0.986746
0.20433
0.302929
0.027929
0.420492
0.52783
-0.0952904
0.912565
1.40705
-0.345875
0.167314
-0.220488
0.564077
0.286875
0.864157
1.12372
-0.683
1.19327
-0.0344081
-0.0880955
1.77038
-0.822257
1.18802
1.41573
0.566169
0.680842
0.601936
0.446388
-0.00700064
-1.00957
-1.16789
0.97157
-0.210279
0.134405
0.530039
0.242973
0.13715
1.46088
1.03779
0.190079
0.746519
0.78471
1.11477
-0.599902
0.221127
0.725097
1.81736
-0.229211
0.0560975
-0.365633
1.13331
0.345265
-0.688709
-1.30274
0.725988
0.106192
0.784425
0.812884
1.06747
1.21703
0.728457
0.201221
-0.528375
0.0292822
-0.400993
0.86576
0.70075
1.37552
0.972518
-0.490469
1.4431
-0.578566
0.606051
0.0913105
-0.508194
0.198353
0.808429
0.325567
0.139016
0.568996
2.11579
0.366198
0.229274
-0.0290324
0.98348
1.15336
1.64056
-0.501232
0.141433
1.17117
0.808867
0.97025
0.342881
0.946443
0.192434
0.43283
-0.0947439
-0.131993
-0.0981616
-0.472546
0.248379
1.47127
1.18274
0.941753
0.482861
0.226142
0.472872
-0.705535
0.238373
-0.0924172
0.853241
1.00443
1.66879
1.99135
0.565781
0.257993
-1.24381
1.01282
1.32254
-0.6423
-0.230499
0.541586
0.0765888
-0.204003
0.666438
0.0250022
1.10412
-0.678068
-1.03206
-0.210896
1.78299
1.50101
-0.268345
0.247112
1.36362
1.11297
1.5681
1.03044
1.79335
0.787948
0.747999
1.54885
0.816138
1.5081
0.618368
0.741066
0.20748
0.831125
1.10243
-0.270385
1.81016
0.629201
0.970409
-0.16936
-0.0349515
1.09476
-0.337715
1.26029
0.367345
-0.208521
1.72083
0.165658
0.053298
-0.382666
0.0912156
0.321631
0.692646
0.919881
1.07637
1.46237
-1.19082
-0.280625
0.807492
-0.530785
-0.498669
0.566839
-0.430727
-0.390593
1.80592
0.0444081
1.35274
0.112164
1.09238
0.174931
0.0328958
0.469665
0.751836
0.798785
0.509614
1.10195
0.866919
-1.64562
-0.326303
0.173327
0.222538
0.580713
0.371075
0.452288
1.85481
-0.198844
0.134261
-0.802494
0.54317
0.0127759
0.505822
1.42176
0.480249
0.307253
0.375534
0.666988
0.330324
1.81812
0.219161
1.29134
0.547614
-0.201522
0.0186681
1.52362
0.369569
-0.11147
1.15985
-0.269597
0.804069
0.898411
0.24613
0.0352548
1.31126
1.80054
0.0156389
1.86151
0.203514
0.100618
-0.676211
0.911107
1.60583
1.97803
1.51516
0.823891
0.0900857
0.88986
0.501726
-0.313941
1.24108
1.21714
-0.684092
0.768431
0.402346
0.712428
1.44329
1.18275
0.892824
0.71106
0.18451
-0.153345
1.14047
1.21358
0.649663
0.806998
0.520982
0.0707797
0.865255
0.729306
-0.688781
0.27045
1.15032
-0.318855
1.44939
0.481216
-0.0818227
1.58768
0.364133
0.328725
0.052013
-1.26294
-0.226956
-0.53009
0.604974
0.192574
0.457238
1.31911
1.76548
-0.469109
0.655451
0.715643
0.317826
1.33031
0.139078
0.0336451
0.312468
1.12616
-0.203424
1.41353
1.69429
0.133091
1.09246
0.401785
-1.46186
1.01651
0.517789
0.742259
0.619811
-0.759556
0.034203
0.755711
0.164399
0.316288
0.792187
0.433681
1.03973
-0.376731
-0.505208
0.770992
0.733223
0.774827
0.0840832
1.30141
0.404411
1.85962
0.0095363
-0.333112
0.89831
0.682804
0.643797
0.319017
0.92298
0.905167
-0.079813
-0.147485
0.38179
-0.579009
0.166664
-1.4115
0.60386
0.0480059
1.10408
0.556898
0.272281
0.539592
-0.453714
0.268465
0.0169099
-0.998992
-0.115014
-0.65416
1.01088
0.573526
-1.06875
1.88595
0.49247
0.418593
-0.271952
0.415752
-0.191554
0.774853
-0.461413
-0.102367
-1.10386
1.50803
0.685923
-0.823964
0.258295
0.623167
0.69685
0.886263
1.38026
0.204047
0.163352
1.06032
-0.103834
0.166822
0.117724
-0.745993
-0.0204563
1.134
1.04796
-0.0335438
-0.154149
1.34202
0.811416
0.371763
1.17408
-0.0109672
-0.051273
-0.406099
0.162227
1.20095
1.28873
-0.317244
0.424749
0.251877
0.63686
0.771333
0.831944
0.392329
0.597399
-0.48861
0.557478
1.61796
1.32853
1.28858
0.309091
-0.445225
0.0682466
0.690742
0.360925
1.93176
1.38721
0.98716
0.716857
0.908654
0.791592
1.96753
-0.0239239
1.76457
-0.834547
0.634857
0.699488
0.558292
0.0815601
0.145829
0.200781
0.23027
-0.425876
-0.0231927
1.63485
0.857118
0.928043
0.88947
1.02528
1.23195
1.19062
0.0159783
-0.352859
0.302163
0.868663
-0.0228408
0.943142
1.74298
0.1669
0.471924
0.804823
-0.284441
0.972013
-0.498583
0.478351
-0.0277957
0.933676
1.33598
0.111465
1.0917
1.0424
0.899373
1.76369
0.378575
1.16027
1.40923
0.472442
0.563493
0.614663
0.968595
-0.11212
-0.291918
0.660273
1.40669
0.646457
1.82041
0.692083
0.0387978
0.363075
-0.505845
0.114508
0.64459
0.267829
0.87139
0.804972
0.143044
2.33547
1.84836
1.07653
0.699446
1.13597
0.724766
0.844263
0.656528
1.34489
0.894994
0.501319
0.27128
1.32813
0.556717
1.58342
1.94269
0.67212
-0.177098
0.98963
0.118314
1.4772
0.390642
-0.526495
-0.482817
2.49451
0.842378
-1.05319
0.428362
-0.472332
0.847665
1.34656
-0.0459453
-0.588365
0.690687
0.839821
0.406353
1.59798
0.534202
1.92805
1.44173
0.440088
1.77331
1.03561
0.0649076
-0.200367
1.00998
-0.373257
0.150648
1.92082
1.50396
0.135631
0.475261
1.0121
0.404766
-0.0780537
0.881106
0.585325
0.931643
0.65196
0.180441
0.410149
0.845168
1.80944
-0.326683
-0.152596
-0.183873
0.679413
1.87348
1.38391
0.816274
-0.711502
0.100462
0.186886
1.24441
1.3318
0.188436
-0.201481
0.991178
0.646178
-0.441412
0.820124
1.10836
0.868295
0.916286
1.27087
-0.248665
1.05723
-0.774186
0.963274
1.90625
0.562769
0.89031
2.14505
1.49824
-2.1102
0.965155
0.343756
0.501396
0.75528
-0.208997
1.63362
1.01888
0.561024
0.58971
0.385792
-0.360804
0.422989
0.62617
1.73473
0.652066
1.17431
0.406747
0.496363
-0.845871
1.26699
0.920094
1.58345
0.696885
1.74861
1.32459
0.979908
0.267061
1.35628
-0.83499
-0.140283
1.04026
0.556834
-0.829859
-0.12364
0.502893
1.55545
-0.1324
0.140446
1.105
0.93776
-0.394568
-0.23977
2.04098
-1.2634
-0.226866
0.26416
0.412247
0.731777
-0.244088
0.0954043
0.878058
0.590782
1.48758
0.608712
0.61535
1.12638
-0.902953
0.692578
1.45844
0.95767
0.728777
0.873581
0.298398
0.631671
-0.971274
-0.441764
-0.73935
0.756033
1.08365
-1.01987
0.828921
0.528641
0.727397
0.459769
1.13585
0.123738
0.958761
0.362843
0.984201
2.03523
-0.257136
1.51514
0.267756
0.462566
0.993969
1.3034
0.454498
0.955643
-0.743915
0.254881
0.367264
-0.0981144
-0.225898
0.505006
0.236869
1.55995
-0.384349
-0.499088
1.30589
1.16296
-0.0287463
1.00679
0.679925
0.217823
-0.47356
0.447393
-1.12073
1.2637
1.76891
0.488196
-0.412866
0.219916
-0.594081
0.831087
-1.27574
1.79613
0.821452
1.19388
0.303637
-0.114611
0.83724
-1.20219
-0.292529
1.366
1.12634
1.47147
0.579254
1.15208
0.00465678
1.84734
0.330757
0.182845
1.43479
1.86377
-0.100072
0.985488
0.605277
0.809511
0.750305
0.727858
0.769281
-1.42967
1.6367
0.933041
2.38051
-0.190175
1.7545
-0.411699
-0.0975585
1.14978
1.17291
0.577229
0.352193
0.169115
0.709972
1.50296
0.0128194
-0.574285
1.61204
0.117172
1.26032
1.54845
0.471789
-0.683962
0.264519
1.73558
0.389829
0.891156
0.547704
-0.0428286
0.338892
-0.175863
-0.436135
1.20257
1.02762
0.106493
1.14149
-0.238892
1.29906
0.0976483
1.03467
0.464715
1.57879
1.51523
0.746598
-1.51653
0.0167247
0.600125
-0.418969
1.19253
0.964753
0.0405572
-0.346483
1.20951
1.30291
1.13127
0.461245
0.0377068
1.24461
0.718516
-0.0762455
0.443161
0.302162
-0.140106
1.0258
1.15003
0.65778
-0.788732
1.15784
1.25282
1.6247
0.750764
0.687322
-0.102004
0.111778
0.437402
0.938556
0.486315
-0.259172
0.559609
0.717915
1.27121
1.34264
0.740363
0.179879
0.978101
-0.156213
0.492834
1.10368
-0.946429
1.62817
0.550706
1.74833
0.408067
0.738886
1.03206
1.02476
0.171647
1.45743
0.748894
0.58961
1.08868
-0.842625
1.03553
0.784741
0.149986
0.0173729
1.26487
0.046052
1.59645
-0.238464
0.801076
2.03905
1.16819
-0.211361
1.28965
0.619196
1.296
1.26458
1.47787
-1.82627
1.22785
0.985683
1.892
1.68313
-0.123544
-0.723031
0.899601
1.21652
0.112448
0.725514
0.540787
1.14472
1.98217
0.64475
0.563183
0.94565
0.576119
0.54994
0.46518
0.316313
-0.612707
0.429288
0.278005
1.01031
1.47061
1.20748
1.86724
0.458172
0.820658
0.0371428
0.730013
-0.373267
0.687342
0.569824
0.517332
0.343262
0.0324921
2.03986
0.986701
0.743476
0.903702
0.959646
0.117292
0.165278
-0.0844254
1.1113
1.20535
0.207841
0.352355
-0.119823
1.34507
0.142031
1.39015
0.460228
-0.338563
1.01589
0.931259
0.983308
0.244218
1.69709
1.81885
-0.224196
0.675964
-1.1482
-0.0465882
0.2571
0.0582685
0.218732
-0.709223
0.232105
1.0753
0.949616
1.47648
-0.373199
-0.295769
0.682433
1.25074
0.837818
0.553907
0.133737
0.751036
0.618725
0.327475
0.928722
-0.55022
1.47843
0.302737
2.03822
0.346927
0.724737
-0.0186447
-0.471408
-0.223373
0.578431
0.922031
1.19246
1.05622
1.16181
-0.00637711
1.79439
0.308351
0.0739437
0.815224
0.199852
0.20352
0.565766
1.6361
0.95339
0.773984
1.10403
1.48524
0.489614
0.256069
-0.608391
1.10925
1.06673
0.886029
1.38271
0.844815
0.427746
1.38396
-0.405394
0.975498
0.861835
0.0793866
1.12263
1.08881
1.12641
1.22979
0.673166
-0.452309
0.0291652
1.73064
-0.866018
0.70567
1.71105
1.29964
1.19339
-0.826062
0.574884
0.651194
1.2515
-0.15
1.12441
0.414949
-0.634996
0.16799
0.558528
-0.465257
-0.0440804
0.150913
-1.09515
-0.524537
1.95608
-0.177119
0.245687
1.50277
0.425631
0.914128
0.648564
0.457945
0.249919
1.73683
0.26574
0.683956
1.69633
0.358925
0.909354
0.781078
-0.417553
1.4936
-0.127482
1.23681
2.11871
1.45342
1.0983
1.08527
0.966205
0.82484
-0.443519
1.04849
-0.960222
0.321645
0.0573143
1.52013
0.597428
0.576053
0.315606
0.808796
1.17468
0.502781
0.687721
-0.191866
0.803437
1.00846
0.72217
1.18975
0.583207
1.09468
0.376771
0.708215
1.29059
-0.629492
0.55807
0.934627
-0.698668
-0.0986579
0.0714833
0.368856
0.310995
2.08135
0.428501
-0.358699
0.755747
1.25887
0.590864
0.971736
-0.281431
0.255814
0.119982
1.5667
0.855039
0.303156
-0.598157
0.464011
1.49777
0.954274
1.96353
0.607738
-0.560696
0.613876
1.74179
0.0580274
0.556042
0.583638
0.947235
0.214425
0.0835033
1.63131
-0.361461
1.18618
1.10712
0.794194
0.71243
0.626909
0.264849
-0.0275162
2.3512
0.690435
0.211065
-1.00325
0.298811
1.91193
1.07574
0.609202
-0.288579
1.20581
-0.690399
0.178085
0.797279
1.0203
0.669887
1.06863
0.761992
0.515728
0.817531
0.630242
0.564294
1.0223
2.07107
1.21129
0.768826
-0.70416
-0.00107399
1.16443
1.53265
0.508109
0.450521
0.515011
1.04948
0.574612
0.529057
1.60254
1.62378
-0.460968
-0.177413
-0.0409208
1.35617
-0.49508
0.673679
0.512396
0.336706
0.36165
0.358991
0.225461
0.37173
2.02286
0.764223
1.32718
0.85881
-0.0846255
-0.560378
-0.360857
-0.375602
0.15058
1.00539
0.71192
0.589194
0.950892
0.384162
-0.343409
-0.310522
0.016489
0.137653
0.906989
0.574305
1.46103
1.38589
0.612296
-0.860936
0.743337
0.347021
1.04065
-0.113619
1.48946
0.16368
0.740564
1.14038
-0.832058
-1.20371
0.925087
0.340834
0.176881
-0.163402
-0.673347
-0.3402
1.11874
0.836483
-1.52366
0.340789
1.26855
1.04121
1.15495
0.161218
0.073505
1.21574
-0.140832
1.46809
-0.415484
1.32289
0.0837508
-0.44373
0.564749
0.753551
1.208
0.215825
0.77017
-0.538524
-0.682998
-0.147658
0.902238
1.64807
0.627091
1.45153
0.585435
1.16575
0.774653
0.319132
0.447448
-1.40916
0.680581
0.279348
0.721499
0.331539
1.50669
-0.0234962
0.984946
-0.276741
0.176306
1.07926
1.42283
0.161909
-0.137689
-0.255103
0.817917
1.11052
-0.174956
0.341529
-0.242555
0.0996022
1.46977
1.37126
-0.0290353
0.31557
1.21399
-0.132817
1.5718
0.0159188
-0.30427
0.476951
-1.50569
-0.221985
0.197434
1.26066
0.935488
0.240697
1.16914
1.39374
1.52669
0.263544
-0.977655
-0.612068
-0.0687768
0.0800579
-1.16252
0.382529
0.954813
-0.122127
-1.67826
-0.782219
0.0659061
-1.11814
0.968494
1.06554
0.452736
1.63676
0.44868
-0.555302
1.48019
-0.194565
1.04552
0.486924
-0.202427
0.716271
1.07911
0.799076
0.239257
-0.011528
-0.417066
1.3413
0.00913505
1.11272
0.583782
-0.827676
-1.11114
0.742603
-0.6015
0.979665
-0.618906
-0.3494
-0.353919
0.958364
-0.923169
0.733635
0.587475
0.492992
0.673455
1.08959
0.327128
0.933375
0.548557
0.537411
-0.295867
0.86709
-0.660668
-0.728223
0.362352
-0.157264
0.204949
-0.17302
1.00634
0.00965697
1.56387
0.738783
-0.565297
0.627186
1.12247
0.457952
-0.30622
1.04298
-0.642641
0.290703
-0.720544
0.601051
1.4179
0.225015
-0.332016
0.834303
0.876387
-0.241901
1.00165
0.318083
0.385643
0.224964
-0.831475
0.139824
-0.162456
-0.0865931
0.942522
1.39122
1.06719
-0.912133
0.225362
0.725212
-0.767497
1.5111
0.947839
0.397551
0.946199
0.787898
0.561304
1.49837
0.304041
1.16581
-0.158339
0.332152
0.504419
0.65946
-0.614472
-0.787853
0.458381
-0.132317
2.22321
0.661011
0.430808
0.305524
0.365369
1.70863
1.09586
1.369
-1.68201
0.836334
0.581741
-1.09945
1.26418
-0.557811
0.582505
0.589334
-0.519124
-0.039791
0.770145
0.400268
-0.60522
0.934299
1.28753
0.38901
0.0914796
0.637562
2.00263
-1.16307
0.557295
0.724361
0.479429
-0.528688
-0.0623972
0.48299
1.30783
1.42446
-0.177385
0.339133
0.465277
0.33221
0.331485
1.17228
0.986874
-0.179669
-0.295767
-0.77598
0.467694
0.897706
0.945224
0.17499
1.25524
0.705894
1.34762
-0.819187
1.88537
0.374389
-0.567069
1.79839
0.958619
1.11359
0.896398
0.335253
0.464052
0.11245
0.831335
1.00089
-0.246922
-0.189782
-0.128272
1.34883
-8.71068e-05
0.188121
-0.669301
0.00201864
-0.457292
-0.121822
-0.770052
-1.12783
0.434657
-0.104202
0.0185966
0.364645
0.852473
0.479798
0.490114
0.113962
0.881111
1.1971
0.37411
0.577896
0.409074
0.746756
2.14157
0.0162948
0.694139
0.871975
1.20165
0.269132
0.145288
-0.29397
1.05104
0.724091
0.859418
1.51594
0.945971
-0.74999
0.349414
0.894708
-0.0574692
-0.428932
0.633496
-0.5584
0.772646
0.196491
-0.0671192
2.34244
2.35476
0.612753
0.847578
0.419114
0.573176
0.634455
1.46477
1.86461
-1.30727
0.731662
-0.420039
0.928011
1.10731
1.46871
0.883707
0.821533
1.64067
-1.00966
0.292892
0.187228
0.563313
0.928551
1.31125
-0.236158
1.51494
-0.594596
0.630045
0.728477
-0.784739
1.69504
0.407215
0.714724
-0.0626715
0.350507
1.10142
0.863247
0.648187
0.37468
-0.501866
0.685999
0.658561
1.77631
0.613174
0.200692
0.566942
1.05994
0.732725
0.773648
1.0961
0.668181
-0.0952645
1.08768
-0.353244
-0.0286396
0.932708
1.4708
0.886449
0.0324642
1.00419
0.558003
0.0297233
1.12914
0.83132
0.333433
1.21341
0.369697
0.857632
0.702574
1.29552
1.17838
0.609397
-0.0155912
0.343871
0.184803
-0.120251
-0.0128629
0.246275
0.174323
0.398587
1.00364
1.03427
0.763787
0.669091
0.0922939
1.47287
0.331813
1.51314
0.292934
-0.015945
-0.336597
-1.8291
-0.935516
-0.287858
-0.423999
-0.211415
1.13346
2.05306
-0.812682
1.32145
-0.163363
0.895443
0.592928
0.425902
0.571633
0.377378
-0.436658
-0.396554
0.424248
-0.747829
0.123036
0.0310415
0.996126
2.11533
0.75444
0.0784476
0.602814
0.21224
0.27805
-0.541548
-0.363151
0.947076
1.00763
0.419632
0.288247
0.290915
-0.0791408
0.848805
-0.189492
0.483851
0.690586
1.11809
1.18693
1.46846
1.34681
-0.255975
-0.434233
0.137787
1.44278
0.134426
0.607788
0.216152
-0.989041
2.00939
0.624961
0.882995
0.0182696
1.05415
0.952613
0.048462
1.51621
0.350959
0.125904
-0.0308239
1.3788
0.948599
0.448389
1.01221
1.00157
0.501642
-0.315525
1.23957
0.930963
1.37219
1.04767
0.644093
0.909319
1.24919
-0.145206
0.11993
-0.416693
-0.436221
1.41326
1.88906
-0.233908
1.77252
1.41745
1.48735
-0.141021
1.19822
1.09796
-1.00006
1.57529
0.980986
-1.3002
1.23924
0.485532
0.591503
0.246945
1.25575
0.658816
1.43385
-0.359442
-0.294693
-0.169904
1.01534
0.608445
0.31538
0.789009
0.934322
0.597153
1.11306
0.960261
0.897216
0.291552
0.629645
0.346972
-0.012556
1.87796
0.418535
0.794491
0.352629
1.52048
1.13588
0.773456
1.96466
0.2323
-0.260931
-0.514015
2.03637
-0.760539
-1.05225
0.615318
1.7635
1.19754
-1.66983
1.13016
0.473205
0.502745
-0.758355
0.791947
0.535076
1.03904
-0.658339
0.232644
0.505959
0.266095
-1.08278
0.306776
0.801795
0.966783
1.53726
0.862645
0.36555
1.08796
-0.804301
0.218692
0.626389
0.354927
-0.249416
1.31952
1.54632
-0.798324
0.544411
0.708074
0.946719
1.30373
1.07077
0.843041
1.23805
0.212301
1.0967
1.01225
1.7768
-0.832033
1.15994
0.801675
0.137183
-0.227212
0.0624964
0.449378
0.454851
-0.328669
1.41856
0.608439
0.993766
-0.0837459
0.270862
-0.372355
-0.472015
0.0115583
0.988177
1.04412
0.718474
-0.29561
0.980792
-0.244377
0.0497863
-0.468515
-0.498516
0.658316
-0.767978
-0.169022
0.868746
0.113223
0.881926
0.757573
0.691011
0.492083
1.19396
0.148712
0.980282
0.367654
1.21327
0.372109
0.206813
-0.0958051
0.734435
1.04799
1.51522
0.174025
1.67602
0.28011
-0.302065
1.17875
1.57478
-0.432446
-0.921932
0.0550981
-0.0716318
0.868069
-0.329434
-0.494164
0.0891845
-0.399945
0.307618
0.797187
0.931465
0.589675
0.274967
1.4136
0.758648
-0.00558436
-0.206228
0.310846
0.366709
0.302525
1.37339
-0.46376
0.649059
2.50982
0.809047
0.594288
0.729437
-0.165829
0.518238
1.23673
1.07476
0.612141
1.68755
0.146921
1.84743
0.458325
-0.473578
1.08794
0.435423
1.05649
-0.0739014
-0.386887
0.89411
-0.230051
-0.245261
0.299079
1.02685
0.24647
0.107867
-0.062381
0.785636
0.0466043
1.27418
0.755124
-0.309263
-0.187782
-0.643314
-0.137617
1.56452
0.904291
0.49078
1.11443
0.678273
0.716429
-0.215583
1.40267
-0.802933
0.642552
0.79858
-1.44322
1.0366
-0.360065
0.323424
0.371021
-1.28337
0.98033
-0.366325
0.473894
-0.697309
-0.0400395
1.43249
0.385001
1.6466
0.353497
1.19738
0.737932
-1.09744
1.10987
0.781381
1.77634
0.383177
1.47832
1.63905
0.208108
-0.200678
0.524018
1.64335
1.49331
-0.178057
-0.00284116
1.74311
1.21664
0.120616
1.19053
0.72592
-0.223231
0.181509
0.179819
1.81764
0.511109
0.486181
0.872115
0.382063
0.894243
0.880654
-0.654223
-0.296937
1.08801
-0.27438
0.687441
0.174514
0.501284
1.43456
0.830347
0.574498
1.00442
1.89842
1.47595
-0.239204
-0.380652
-0.361806
1.5129
0.488018
-0.259684
-0.533434
0.599399
1.01984
0.316069
1.40753
1.85418
0.650098
1.16986
-1.11686
1.71063
-0.282907
0.737983
0.859424
0.882213
0.155802
0.993902
1.04058
0.0832956
1.624
0.538828
0.669302
0.00345608
0.0217349
2.13693
0.866508
0.0388931
-1.19307
0.49811
-0.118537
-0.740223
0.569574
1.14677
-1.05275
0.405166
0.120792
0.355511
-0.273933
1.22527
-0.103199
0.733035
1.5884
2.09212
1.05524
0.680103
1.14068
-0.991387
-1.18553
0.847001
-0.0819408
0.881962
1.31424
0.965452
0.975102
0.519272
-2.13535
0.944789
1.65494
1.77816
-0.740963
0.24911
-1.31698
-0.119204
0.643415
0.178507
-0.645925
1.00839
0.924587
0.337777
1.51296
0.780199
1.1034
0.465629
0.506168
1.37909
0.732245
0.600958
-0.212283
-0.0418796
0.652225
0.938173
1.008
2.18346
0.635356
0.456036
-0.433225
-0.21905
-0.878686
0.460585
1.71874
0.701123
1.52768
0.972377
-0.212818
0.435894
0.703592
1.46477
-0.0188602
0.392019
0.27101
-0.876104
-1.18872
1.07849
0.66691
0.224348
1.04049
-0.210915
-1.54998
1.05947
0.696572
-0.958122
0.12839
-0.806827
-0.431996
0.604548
0.489509
-1.17193
1.2019
-0.065431
0.535875
0.0841204
0.633782
-0.278599
-0.0905089
-0.112927
0.216697
1.88732
1.44446
0.635948
0.695397
0.879646
-0.307475
-1.12861
0.366929
-0.353624
0.501085
1.0871
1.55754
0.514583
-0.616457
0.110877
2.01263
0.565034
1.02037
0.707273
0.521026
2.19998
0.563461
0.496677
1.66632
1.14818
-0.706486
-0.591147
-0.424583
1.64987
-0.842811
-1.09662
1.38056
0.143881
1.13168
0.859891
-0.530895
-0.497907
0.115039
-0.0854023
0.399976
0.910417
0.938742
0.476993
0.261621
1.31353
0.638419
0.557675
1.20438
0.375665
0.828661
-1.00821
0.065446
-0.266773
1.29924
1.53196
1.44914
1.37847
0.477766
1.12134
1.34241
1.24651
0.945592
1.56395
0.673003
1.28587
-0.207532
-0.0817327
-0.686726
1.07662
-0.168309
-0.229282
-0.322412
0.810468
-0.314253
1.57108
0.453999
1.9015
1.12185
0.456111
1.55738
1.00347
0.528607
1.41114
0.579463
0.89988
0.421002
-1.17455
0.741995
0.918155
0.66703
-0.86256
0.138411
0.985438
2.21414
0.782158
1.31123
-1.18427
1.71351
0.0400298
1.39675
-0.539717
0.914539
0.378345
0.264505
1.0698
-0.168646
0.689274
1.25399
0.572401
1.57532
0.886857
0.0633726
0.916744
1.66677
-0.223092
-0.17578
-0.0448486
0.0764605
1.8636
0.868328
0.803692
0.447054
-0.532597
0.179779
0.34133
1.3889
-0.796554
0.44452
0.195525
-0.177349
0.561173
0.869305
1.19048
1.70163
1.08397
0.973978
-0.127994
0.171461
-0.706244
1.69442
0.937779
1.52175
-0.0390054
1.66726
0.515658
1.57215
0.58331
0.0136419
0.693426
0.925626
1.09715
-0.494142
0.806263
0.165541
1.39253
1.04482
0.446714
1.03292
-0.91056
2.11006
0.270267
-0.590121
-0.225992
-0.109813
0.73053
1.90789
-0.475265
-0.819623
-0.195205
1.91111
0.0961944
0.942481
0.735263
1.47225
1.45844
1.33962
0.559479
1.14681
-0.278252
-0.403588
0.975399
-0.857966
0.417377
-0.0231465
0.543931
0.774994
0.202017
-0.735333
0.741217
0.293288
-0.460169
1.47298
0.693962
0.544734
-0.0101172
0.980479
1.44255
1.26438
-1.37325
0.0196378
0.633284
-0.33659
0.988419
1.10948
0.349395
0.0716987
0.547713
0.646107
-0.466212
1.15751
-0.645599
0.642554
0.479794
0.169536
1.16522
1.07611
0.342294
0.691591
0.452972
-1.09118
-0.422419
0.832158
0.670206
1.20122
0.149402
0.778463
0.778228
-0.127901
0.580098
1.09887
-0.0213868
0.898315
0.409607
1.64001
-0.34492
0.521359
1.05423
0.97442
0.13178
0.891567
-0.346473
0.0348751
0.588785
1.32698
-0.232733
1.27235
-0.048218
-1.23772
0.543832
-0.136266
1.01102
1.24096
0.953632
1.54479
0.447578
1.18462
-1.0669
1.20813
0.0886333
0.78913
0.474258
0.191856
-0.240918
0.950308
0.449642
-0.26571
-0.479
1.07749
-1.21746
1.0037
0.216286
-1.05389
-0.0723677
0.642679
0.792584
0.0715848
0.0920159
0.0372523
1.02716
0.101342
0.393097
0.623737
-0.0545776
2.73462
1.4347
0.303657
1.20835
1.09635
1.22534
0.536739
0.534587
0.727403
0.546473
0.0631229
1.27545
-1.1579
0.659764
0.388666
-2.83652
1.01876
-0.151439
-0.105848
2.35679
-1.08868
0.328717
0.323805
-1.10423
-1.10315
1.43214
0.624996
0.31229
0.427524
0.87047
0.309921
0.126541
0.380451
0.754161
1.09403
0.249831
0.866776
1.7907
-0.176809
1.58287
0.729188
0.104082
0.440611
1.67751
1.11413
-0.836515
1.64275
1.76359
-0.309039
-0.689097
0.768552
-1.19847
0.636774
-0.177669
-0.118339
1.37368
0.315848
-1.27455
0.449126
0.615446
0.455951
0.25418
0.123177
0.488979
1.74962
0.201733
-0.607871
0.275239
0.577899
-0.0657794
0.971583
0.51389
1.6107
1.33094
0.447347
0.706072
-1.39511
0.858107
0.381083
0.976432
0.570714
0.862458
1.65823
0.68221
0.00912451
0.966983
0.14177
0.63695
-0.556696
-0.998193
0.399406
0.989772
-0.711579
1.74749
1.29746
0.222198
0.750576
1.72282
0.958686
-0.012775
-0.0306254
1.05617
1.13614
-0.368866
0.400423
0.131803
1.22992
0.29559
0.0852008
1.77203
0.0359291
-0.907304
-0.462739
0.558408
-0.957754
1.05161
-0.302225
1.69953
-1.37977
0.866956
0.306889
-0.234517
0.719321
0.434154
0.464827
0.383801
-0.289135
0.277484
0.662272
0.397249
1.58045
-0.437225
0.910419
1.69266
-0.743512
2.42422
-0.494753
0.815413
1.03579
0.811004
0.701844
0.260542
-0.328115
1.50147
0.199431
0.144812
-0.205687
0.361311
0.319437
1.64769
0.0589516
1.1203
0.0402445
1.29444
0.661585
0.0341061
1.47978
0.264695
1.22883
-0.520096
1.15833
1.18172
0.44706
1.63359
0.259467
-1.67984
1.30339
0.929074
-0.996507
2.22986
0.0800409
0.931274
0.538049
1.34844
1.25468
0.664451
-0.575572
0.0483333
0.607041
1.38525
0.993377
0.419182
0.568318
0.911029
0.634355
0.649894
0.658167
0.693527
-0.312901
0.825075
1.11396
1.90917
0.373356
-0.642978
0.344869
0.557751
1.73324
1.37843
-0.229399
0.747627
1.46634
-0.608859
0.178088
-0.406034
-0.975958
1.2532
0.494414
0.980724
1.1299
0.0224916
-0.045402
0.309538
0.28825
-0.147496
0.950751
-0.855731
-0.150135
0.824267
-0.134574
-0.07635
1.30065
0.0578777
-1.33005
0.0367506
1.56673
1.2996
0.511559
0.705332
-0.402271
-0.240578
0.169523
0.878638
1.64396
0.718296
0.184831
2.14233
1.29783
1.58786
-0.551452
0.28231
0.516682
-0.180292
0.197305
0.726864
1.67141
1.38701
1.17359
0.710016
0.461987
1.28929
-0.413274
1.29114
1.48896
1.3007
0.420321
1.72487
0.594973
1.08575
0.813137
1.15206
-0.231016
0.88976
-0.474263
0.127969
0.342083
-0.0593649
0.755357
0.952932
-0.117367
-0.363849
0.828263
1.26191
0.486572
-0.351898
0.0463051
0.562402
-0.147002
1.53137
-0.750203
0.0639958
0.145687
0.00208751
1.45778
0.146746
-0.0789896
-0.0993371
-0.321131
0.479833
0.355027
0.234146
-1.10797
0.678532
0.790072
-0.257859
0.139369
0.831961
0.489303
-0.96223
-0.485939
-0.738134
0.545905
1.18394
1.17493
1.44457
-0.265414
0.997144
0.985498
1.86703
-0.111601
0.844029
0.0825916
1.03866
1.3082
1.51619
0.350171
1.46778
0.673988
-0.710656
-0.241416
-0.362661
0.21705
1.1992
0.306381
1.07111
0.56207
-0.63285
0.516364
-1.01491
-0.348217
-0.159021
0.127881
-1.42809
1.59633
1.88708
0.74544
-0.680591
1.41638
0.98809
0.146922
-0.0841439
1.16553
0.773477
0.463158
0.567434
0.706806
0.863564
1.15908
-0.358858
-0.195813
0.918432
-0.0882446
0.636172
1.66472
0.813848
1.70405
-1.11344
0.363081
-0.0740478
1.5232
0.884472
-1.15487
-0.0135635
-0.46095
0.719761
0.370055
0.183937
0.875443
0.835323
0.507362
1.2188
1.04186
-0.0690255
-0.379236
1.5644
0.325483
0.0702517
-0.960926
0.290953
0.1594
0.797516
0.57605
1.523
1.91249
0.658437
0.541692
0.899041
0.371872
0.160557
-0.112472
0.376958
0.298348
-0.358183
-1.05968
0.878609
-0.532486
0.0124214
-0.924781
1.11725
1.18795
-0.167588
-0.532499
0.569949
0.611063
0.441259
0.346584
0.578257
0.397902
0.177682
1.59138
0.471734
1.21145
0.200771
1.38943
1.12548
0.587234
1.33555
-0.112412
0.516283
1.58806
-0.661194
0.107653
0.29543
-2.04546
-0.366412
-0.0823651
0.663732
-0.103065
-0.115708
0.847284
1.06363
-0.212041
-0.373579
0.579324
0.568046
-0.902034
-0.78133
1.49004
0.0211004
0.577462
0.120489
-0.224396
1.28072
-0.0489892
0.0844879
1.28192
-0.102472
0.5531
0.328851
-0.334362
0.594791
0.575297
-0.239892
0.14738
-0.461071
0.484216
-0.365389
0.278319
0.160966
-0.664348
-0.298216
0.0639603
0.198259
-0.588618
-0.922609
-0.166566
1.64449
-0.822817
-0.804237
0.148443
0.938404
1.6433
0.28171
-0.47638
-0.0310374
0.166265
1.21901
-0.378917
0.323127
0.864191
0.458956
-0.342853
0.271839
0.793387
-0.111769
1.42798
-0.231445
-0.00242052
-0.0320823
0.459195
0.327472
0.663507
1.33621
1.03081
1.00674
0.837079
-0.763488
0.411115
0.836088
1.5905
-2.18001
-0.0217256
0.765146
-0.318759
-0.0762982
1.47509
1.52446
0.865923
-0.503156
0.802115
1.34762
0.170644
-0.10523
0.770759
0.561669
0.118659
-0.500382
1.19401
1.08321
0.788531
0.296992
-1.09774
0.209313
0.42836
0.42407
1.19834
0.804062
0.517679
0.850091
0.586603
-0.468643
0.858708
0.386439
-0.258222
-0.0646515
1.30133
0.87375
0.56107
1.67981
1.2156
-0.129418
-0.161808
1.12925
0.887123
0.469791
1.51139
1.03055
0.885725
1.21381
1.75902
-0.294042
1.99151
1.02655
0.304659
1.6602
1.37087
-0.710844
-0.277305
1.02134
0.950763
1.32182
1.21174
2.54547
1.03952
0.947842
0.772238
0.828227
-0.199637
0.283089
1.74628
-0.0620096
-1.44132
1.14008
0.132651
0.0349111
0.601456
0.157933
1.39894
0.100998
0.248595
1.90507
-0.94897
1.46072
1.08349
-1.02673
-0.347859
0.0475911
-0.0218094
1.4144
1.0822
0.456096
-0.127901
0.150567
-0.277803
0.47072
0.0170807
-0.663029
0.764533
0.533846
0.597319
1.43906
-1.77065
1.86296
1.20096
1.83737
-0.194279
-0.025653
0.657985
0.863953
1.62383
0.704006
0.440602
-0.62337
-0.560864
0.59617
0.0805744
1.65691
1.31904
1.45409
-0.912797
0.608536
0.73955
-0.127422
1.49384
1.38382
2.0208
2.05511
-0.187804
1.07436
-0.349028
-0.43577
1.26698
-0.398385
0.947252
0.828296
0.864977
0.192463
1.34812
-0.299058
0.622556
-0.424064
0.888977
-0.603013
1.17969
-0.618189
-0.396927
1.70547
1.22101
0.536271
0.447779
-0.945131
0.840289
0.989251
-0.387391
-1.07166
-0.658316
-1.2553
0.598171
0.413317
0.697361
-0.576356
-0.300516
0.41012
0.506804
-0.667081
0.0668497
-0.284117
-0.376468
1.22839
1.73746
0.343044
1.76817
1.06971
-0.555794
0.264579
0.338316
0.220352
0.566948
0.800915
-0.94445
-0.0661898
-0.507883
1.65926
0.514067
0.142964
-0.537203
1.6051
0.334272
1.13611
1.33467
0.855934
0.3342
-0.177257
0.25048
0.209515
0.33024
0.580098
1.58685
0.42022
0.678495
0.227455
0.77027
1.74474
0.187398
-0.905627
0.762792
-0.305242
-0.261958
0.783867
0.744664
-0.616697
-0.229171
0.812509
0.247912
0.342435
0.326728
0.923099
1.34
1.67779
0.256327
1.55027
-0.445632
0.467369
0.926718
0.791397
-0.193939
-0.210614
0.135875
-0.596031
0.675482
-0.526975
-0.165719
1.51586
-0.346774
0.496318
-0.207993
0.666715
0.146983
1.25685
0.77712
0.454207
1.36085
2.2465
1.90244
-0.000682588
-0.0945417
-0.0705301
-0.203227
1.06511
1.20825
0.386102
-1.11132
1.10598
0.627921
1.83227
2.0006
0.839008
0.655872
-0.570844
-0.476083
0.691685
0.266159
0.507332
-1.34118
-1.02504
-0.49948
0.440058
0.48085
-0.0289692
1.81485
0.746858
0.00545003
-0.1039
0.716784
2.03764
0.725691
0.256954
-0.311213
1.51216
1.09467
0.800452
0.488684
1.54923
-0.136623
0.122005
1.2256
0.816903
0.551405
-0.705582
-0.549897
0.107288
1.13527
0.850614
0.0618316
0.132726
0.664254
2.2462
-0.522336
0.446405
-0.00250572
1.72099
0.510458
1.03495
1.14084
0.839867
0.651924
-0.392842
1.38593
1.08858
0.0178026
-0.566447
-0.235117
1.23571
-0.602513
-0.73288
-0.330892
0.752243
0.628711
1.32703
0.465081
0.341544
0.149935
0.480141
1.52621
0.785331
-0.0707479
1.14087
0.4178
0.546041
1.11943
0.419061
1.25373
1.80404
0.0718594
-0.717496
2.5894
0.993773
1.43459
1.2977
-0.528101
-1.02461
-0.763217
-0.18569
1.0605
1.41691
0.451723
1.45729
-0.66554
0.938275
1.82672
0.426365
0.876576
1.25402
-0.373987
0.0350565
0.887067
2.14829
0.685461
-0.739809
0.518108
-0.562483
0.343938
1.4993
0.982591
-0.0441813
0.522853
0.67542
1.16617
-1.1256
1.78564
0.29604
1.20074
-0.632263
0.0593012
0.288098
0.721004
-0.446898
0.77688
2.40158
1.52835
0.59441
-0.135697
0.55837
-0.624058
0.298346
-0.774558
-0.230951
-0.772019
0.619618
1.1728
0.945073
1.38961
1.53147
0.632539
-0.543521
0.165448
0.0975862
0.651183
0.311263
0.633885
2.12979
1.83519
0.330389
0.377975
0.406178
1.88262
0.954739
1.09469
1.30784
0.60135
1.05323
0.845078
0.583468
-0.225647
0.372035
0.878995
-0.091839
0.567744
-0.371811
2.79436
-1.42109
-0.00194039
1.14505
1.6341
-0.0425154
0.277606
-0.866527
0.579257
0.121017
0.640612
0.599865
0.984173
1.15342
-0.361874
0.535624
1.08052
-0.0665651
1.71002
0.337111
0.693223
1.18042
0.111522
2.00677
0.956499
-0.392392
0.265318
1.59325
2.03414
0.577548
0.118895
1.45751
-0.10597
-0.24403
1.06576
-0.327903
-1.17192
0.504995
1.09209
-0.269132
0.0380297
0.850648
0.728916
-0.192911
0.758838
0.235765
0.219618
0.862976
0.741153
0.256036
1.25203
1.73203
0.302499
-0.209358
1.011
0.0953752
-0.148815
1.251
0.55117
2.05448
-0.341339
-1.74485
0.444117
-0.0664949
0.417041
0.252114
1.31568
0.0438142
1.64423
-0.63876
1.06359
-0.218111
0.465713
-0.774621
-0.0459351
0.0464145
-0.312126
-0.240468
0.475301
0.33349
0.221981
1.66823
-0.791832
0.752014
-0.0819298
1.23506
1.18537
-0.0897
0.512787
1.27154
0.116828
-0.421686
-0.319703
-0.554916
1.43542
1.20608
0.20008
0.177571
-0.184633
1.76361
0.851551
0.838617
1.09181
-0.274443
0.961897
1.25109
1.5397
0.529798
0.729691
0.5485
-0.939884
-0.489098
0.0481904
0.15929
0.825984
0.712302
-0.302488
0.514209
0.129982
-0.255925
-0.240935
0.450584
-0.936369
0.861533
0.221671
0.610823
0.4145
0.671716
0.520303
0.350029
0.630636
0.605454
1.22179
0.899568
1.13413
-0.420811
-0.580717
-0.269841
0.897892
0.710424
-0.0429806
1.1476
0.888166
0.472851
1.39056
0.564206
1.31149
0.25097
0.96162
-0.017105
-0.578353
0.302028
0.788361
-0.321447
1.49037
0.824843
-0.0859678
1.19422
0.233335
1.02225
0.8383
-0.808132
1.20296
0.911094
0.151733
2.43973
-0.257376
1.14031
1.66359
0.175245
-0.442166
0.655855
0.522801
0.276734
-0.166713
0.65792
1.07377
1.00763
1.27414
0.683617
-0.262386
1.60524
0.564039
1.47804
-0.519346
0.162265
-1.70527
1.94448
1.15258
-1.03156
-0.495009
-0.353777
0.0899692
1.18668
-0.110773
0.409618
0.11355
0.454116
0.797439
0.163991
1.31241
0.429762
0.0138508
0.999385
1.13461
-0.746316
-0.0165611
0.255758
0.194655
0.660943
0.576919
-0.127296
-0.323589
-0.0495243
1.2023
1.42316
0.857016
0.230981
-0.447851
1.25777
0.401382
1.27526
0.395094
1.06029
0.857941
-0.183956
-0.0916953
0.0723147
0.350057
0.223885
-1.47039
0.183438
0.721821
0.689608
0.344106
1.31363
-0.498892
0.328465
0.572799
1.26373
-0.321539
0.457379
0.174364
1.13052
-0.0389918
-1.40234
-0.564973
0.842469
1.77209
-1.17783
0.475146
1.56185
-0.194482
0.289899
0.467736
0.192265
1.11609
1.37104
0.0187058
0.583394
-0.368259
0.288545
1.10117
0.834505
0.600922
0.930692
-0.904465
1.47928
0.812097
1.0993
1.14205
0.21487
-0.226141
0.86397
0.517546
1.5863
2.17571
0.247073
1.39376
0.934731
1.51776
1.41307
0.119258
1.89017
0.160532
0.982671
0.564069
0.677606
1.88495
2.17801
0.526575
1.31822
-0.17512
1.27973
-0.419382
0.492687
0.442309
0.898776
0.673794
0.470901
0.480929
0.273745
0.511098
0.571314
0.543896
-0.0611035
1.32587
-0.817458
1.3757
-0.41607
0.0351729
-0.232671
1.15723
2.34448
0.0125971
0.903733
0.983127
-0.341129
0.33338
2.8154
1.47267
0.767528
-0.372706
0.658223
1.19659
1.61541
1.24369
0.6617
0.593621
0.32025
-0.113053
-0.0274666
0.754937
0.901416
0.522038
1.10699
-0.018175
-0.211944
1.41586
0.993007
-0.32823
-0.142377
0.737579
-0.0592963
0.515536
0.288446
-1.28239
0.688242
0.513087
1.32946
0.68259
0.519774
1.29138
0.622315
0.936375
0.0329037
0.281344
1.33183
-0.0263908
0.641849
-0.394959
0.518099
0.628904
-0.303319
1.64327
1.0144
-0.769188
-0.18427
-0.976263
0.698617
-0.465831
0.812574
0.0501314
0.190736
1.30899
0.524852
-0.058447
0.385099
-0.803495
0.520626
1.40902
1.53413
-0.0100278
-0.88547
0.772419
0.491551
1.27961
-0.381573
0.977842
2.27084
-0.0591386
1.74474
0.873046
0.410541
0.648066
0.340651
0.592262
0.713442
0.406041
1.08062
-0.60751
0.242164
0.5635
2.17912
0.144581
0.781579
-0.643627
-1.10776
0.194484
-0.204982
0.0789502
-1.18659
0.157515
-0.392037
0.67127
0.467123
1.37031
0.559922
-0.504338
0.573364
0.282444
-0.472203
0.323561
-0.251742
0.543352
0.624332
0.439672
0.946605
-0.243365
-0.565223
0.756004
0.790692
-0.286219
0.986752
0.474314
0.776851
0.79312
0.609486
0.266362
0.390772
0.676971
-0.181336
0.183195
1.49164
0.506182
-0.640571
-0.290614
0.885931
-1.07434
0.377004
0.497951
0.675504
0.0926714
0.28219
0.745498
0.165027
1.19436
1.12124
1.03991
0.815075
0.0229098
0.833305
0.499113
-0.0907122
-0.0275222
0.0370115
-0.1994
1.53553
1.42129
0.43542
0.198852
0.754134
-1.06946
1.34041
0.363521
1.78613
0.644841
-0.195447
-0.233836
0.282484
0.168544
0.562821
1.96541
0.559312
0.460345
0.368846
1.2211
0.403818
-0.0915563
0.811605
0.430789
1.73333
0.602894
-0.481382
-0.529663
0.510718
0.313975
-0.256633
1.08595
1.40279
0.700159
0.85318
1.10404
-0.806588
0.27465
1.6886
1.7628
0.664737
-0.324593
0.934523
0.660913
-0.334756
-0.528221
1.503
-0.510919
0.48677
1.73272
1.49436
-0.423677
0.964911
0.739319
0.397055
0.135354
0.278381
-0.161084
0.247091
-0.303984
0.5838
1.72256
-0.0728506
0.209744
1.04831
-0.749172
0.643517
-0.225034
1.61408
0.0242878
0.341705
2.14975
-0.545265
0.197785
-0.407924
0.95853
-0.0119355
-1.70427
0.119953
1.48779
0.537965
0.969013
0.398724
-0.566471
-0.435954
0.438424
-0.125917
0.804472
0.302733
0.11269
0.83458
1.20406
-0.180656
-0.106165
0.219838
1.73198
-0.54893
-0.813712
0.480781
0.467456
-0.475918
-0.527128
-0.0195383
1.53165
0.824796
1.26329
-0.309066
-0.331013
-0.304523
0.253079
0.0711103
1.05234
0.364601
1.13606
1.57109
0.212932
0.168189
1.80955
0.941898
1.10521
-0.475472
1.39949
1.20739
0.46897
-0.0285737
0.126599
1.69263
0.330032
0.0418405
1.56345
0.356281
-0.0266804
-1.03759
0.33038
0.365063
0.244083
0.809239
0.354471
-0.215001
0.71818
1.39574
0.597083
1.26683
0.574218
0.761348
0.792097
0.924345
0.617894
1.07539
0.773668
0.952856
0.798613
1.1951
-0.444224
0.439183
-0.0129318
-0.0960688
-0.798113
0.957994
1.1282
0.21769
0.541857
0.999794
0.0529909
0.944638
0.11313
-0.580684
1.16349
1.46207
-1.07992
1.10379
-0.0902143
-0.502003
2.10668
1.79649
1.12699
-0.660387
-0.564462
0.287568
1.54802
-0.0936627
-0.173887
0.509886
-0.337419
0.358473
-0.614262
0.448513
0.951342
0.776991
0.079438
1.12694
-0.132549
0.765071
1.67299
1.14411
-0.298426
0.916347
0.942383
-0.00813698
2.03864
-0.630727
0.756475
0.349766
-0.0855838
0.320785
1.92161
1.79347
0.164005
0.0281264
0.336893
0.592142
-0.293156
2.13233
-0.585938
0.759196
1.37528
1.29597
0.4822
0.631218
0.809969
-0.230157
0.741502
2.08176
0.690485
0.192796
0.701809
0.536948
0.228426
1.40368
0.800831
0.109345
-0.0627602
0.0236784
0.259917
-0.425038
0.880913
1.42107
0.727668
0.00896558
-0.790431
0.819955
0.32741
0.348983
0.450853
0.609401
0.417054
0.848577
0.746476
1.3872
0.437677
1.21632
-0.309985
1.0324
-0.00451488
0.882051
0.34333
-0.0661277
1.27593
-0.831261
-0.443528
0.850993
1.32496
0.665996
0.667067
1.17627
-0.252901
1.23256
-0.804643
-0.379919
-1.09227
2.05283
0.325788
0.867243
0.931677
1.1478
-0.786802
0.709237
-0.683981
0.681876
-0.165228
1.11752
0.920377
0.696564
-0.128448
-0.125579
0.373397
1.50436
0.361153
0.252888
-1.12245
-0.876202
-0.154068
0.637423
0.513148
0.473565
0.845498
0.541277
1.49541
0.254512
0.781923
0.82026
0.683968
0.507033
0.0443967
1.13256
2.86576
-0.799991
-0.190463
0.994729
0.100408
0.903154
0.995425
0.548598
1.18502
-0.383421
1.06659
-0.251017
1.41512
0.986996
-0.447204
0.97751
-0.0765542
0.560508
1.85704
-0.873377
-0.215253
0.656554
-0.190552
-0.109948
0.263678
0.693162
1.0439
1.33233
-0.450467
-0.913052
1.44966
1.77755
0.190825
0.485138
0.490151
0.658064
0.289129
0.338701
0.882461
1.04683
1.50505
-0.504523
-0.424745
0.186763
0.64233
0.527264
0.755067
-0.360725
-0.0555006
1.21338
0.10514
0.611907
0.41914
-0.582516
1.17204
2.37214
1.07761
0.0145027
-0.210985
1.34765
1.27034
0.849585
1.35527
0.734776
0.100935
0.493046
-0.0782525
1.40572
-0.415565
-0.148309
0.94999
0.964447
0.68145
0.00551903
1.15966
-0.142865
-0.363464
-0.75021
0.569017
0.375526
0.312276
1.56644
-0.183537
0.943169
-0.35276
1.50635
1.45685
0.791682
0.240578
0.924607
0.658031
0.490666
0.232868
-0.126069
-0.603313
-0.490742
1.72259
-0.0734611
0.390873
-0.729283
1.03953
-0.601593
0.791509
0.929285
0.34114
0.911771
-0.849966
2.16479
0.0929757
0.339057
-0.576525
-0.0407603
-0.58227
0.899172
0.656877
0.836694
0.83655
0.768344
1.05148
1.61131
-0.26454
1.32954
0.689601
0.0617557
0.310889
1.06121
0.31468
1.24064
0.315947
0.447945
0.180446
0.148905
0.579443
0.636052
0.722177
-0.0438466
-0.495738
0.786737
0.312942
0.894465
0.967279
1.35334
0.690027
0.8592
0.047616
0.451756
0.446224
0.580689
-0.0705467
-0.0409314
1.36917
0.6949
1.3476
0.570766
0.179774
0.0914449
-0.905933
1.22979
0.00430703
-0.617065
0.870243
1.63954
1.40932
0.260055
-1.13938
0.49499
-0.121382
0.153618
-0.876031
-1.16631
1.52345
0.912519
0.873056
0.0202177
0.675201
-0.00571537
1.24797
1.44364
-0.336266
0.338124
-0.591709
-0.13072
0.458857
0.685897
1.35964
0.274642
-0.62055
0.781258
1.89256
0.204267
-0.0268061
0.636869
1.43618
1.46864
1.02782
1.4204
0.711047
1.20678
0.894357
0.639772
-0.345798
1.25834
-0.0568019
-0.147349
0.954271
0.752892
0.0509713
0.754635
0.347031
-0.533945
-0.0422768
1.36189
0.609093
1.48251
1.06391
0.107769
0.0502664
0.368582
0.537025
-0.106824
-0.614952
0.630061
0.728773
-0.350015
1.72475
0.0991005
-1.10107
-0.725993
1.50084
0.999639
-0.423703
-0.178036
-0.253063
0.955871
0.832134
0.812399
-0.788251
0.929663
1.10186
0.93931
2.00922
0.660603
1.82098
1.43743
1.02905
-0.325294
0.779628
-0.021983
1.47794
0.971129
1.87899
1.70312
-0.538716
-0.110666
1.37683
0.410687
0.0723951
0.30125
0.428124
0.695335
0.407041
0.428672
0.683437
0.516042
0.5293
1.50988
-0.432646
-0.549675
0.302984
-0.188408
-0.267769
1.53267
-0.335704
0.486184
0.332576
-0.991272
-0.161276
0.77316
2.18954
0.349926
1.06042
-0.413384
0.396541
0.399794
-0.832411
0.286482
0.678183
1.08867
-0.721815
0.322367
0.254917
0.703284
1.45751
0.8064
1.02394
0.540403
-0.500583
1.28716
0.92238
0.674655
0.860804
-0.174421
1.04688
0.172384
0.816599
-1.19815
0.00327121
-0.922574
1.548
0.394991
1.15415
1.18143
0.303846
2.16736
1.06279
-0.105147
0.380762
0.614202
0.444648
0.378251
-0.177464
0.0797126
0.886633
0.855484
1.12832
-0.517904
1.08471
0.625194
1.16745
0.121031
1.50672
0.38264
1.10365
0.509754
-0.378652
1.47136
0.284418
1.7253
-1.04563
-0.209471
0.978221
0.46564
-1.25433
-0.163873
0.913053
1.82042
1.14679
-0.0927486
0.797207
1.32093
-0.0233308
1.10015
1.06316
2.11431
-0.241119
0.32078
0.69627
0.542286
-0.0307003
0.239178
0.525571
0.625727
0.815385
-0.0290084
-0.243045
0.760767
0.936154
0.999602
1.10583
0.661493
-0.323369
1.03708
1.10266
0.277723
1.47608
1.88601
0.961298
1.1557
2.91293
-0.229017
0.539513
-0.307316
0.371221
0.9689
0.847666
0.125936
0.820827
0.831993
1.77965
0.759743
1.59506
1.37059
0.856809
0.879206
1.72642
1.20482
-0.21214
1.14767
1.10384
0.454173
0.529562
0.603248
0.332338
0.212014
1.69273
0.392714
0.0498964
0.236289
0.964051
0.803813
0.740671
-0.107514
0.217016
0.401374
-0.268294
-0.0153536
-1.54989
0.759335
-0.370973
-0.463376
0.738639
1.37543
0.764661
0.727602
1.22801
0.200533
0.642434
1.07673
0.602293
0.405683
-0.575576
2.10153
1.01929
0.758582
1.12449
0.140443
0.521002
1.18473
0.257123
-0.153164
0.805362
-0.0781561
0.680787
0.609172
1.14531
0.121872
0.593236
-0.855215
0.604942
-0.769475
-0.462986
0.432183
0.113829
-0.273835
1.06178
1.34423
0.186486
-0.23353
0.258066
0.912609
0.479175
-1.1351
0.694923
-0.341173
0.88816
1.34888
1.21696
0.603011
-1.10606
-0.266278
-0.621404
-0.225727
0.821948
1.21413
-0.541864
0.231594
0.0915002
0.614514
0.0623259
0.0337739
-0.381129
-0.0250058
0.116075
0.300216
0.0200699
-0.921572
-0.102529
0.20516
-0.00250964
0.62983
0.834586
1.73545
-0.303262
0.880056
1.37973
-0.210603
0.097554
-0.283433
0.460303
1.52079
0.568757
-0.140358
1.84651
1.31932
1.77263
-0.641867
-0.00169033
1.20248
-0.398044
0.489707
1.79189
0.796882
0.621684
0.908366
-0.124981
0.984255
-0.187251
1.11449
0.206133
0.396078
0.81551
0.603476
-0.11432
0.363371
-0.520882
0.660574
0.845108
1.65579
2.12205
-0.95439
0.222513
0.249723
0.265936
1.07889
0.105438
1.69999
0.979773
1.05451
1.13125
0.182932
0.47086
0.305485
-0.999332
-0.285409
0.0780483
0.994158
0.507888
0.590327
0.188024
0.906025
0.177999
1.41391
0.32434
0.188498
0.0262805
0.843892
0.380099
0.845581
-0.0195583
-0.840089
1.88167
1.19565
0.106884
0.993
-0.350127
0.354616
-0.247388
-0.783482
0.790534
0.368958
0.155378
0.781114
0.757932
0.803618
0.0948979
0.300619
0.380359
-0.337498
0.285119
1.11361
0.311902
0.79287
0.812047
0.239564
0.0532788
1.13733
-0.0474046
1.26437
1.52016
0.512727
0.909773
1.13544
0.585939
0.994571
0.472164
1.17931
-0.0538942
-0.887424
-0.723103
-0.277019
-0.0821946
1.05297
1.29205
1.91914
0.807005
1.63288
0.347689
0.343686
0.775662
-0.711549
0.511323
-0.736293
1.34894
1.24622
0.892442
1.56563
-0.314404
0.0740722
1.27547
0.544287
0.14507
1.5195
-1.23574
1.05158
-0.67445
0.262325
0.284552
0.668902
0.546816
0.33581
0.251925
-0.0742194
1.26149
0.350362
0.28449
0.532675
0.651052
2.03659
0.856821
1.44893
0.951173
1.20651
1.40204
1.20755
0.0856817
0.557626
0.44977
0.332019
0.0169562
1.64404
1.44486
1.67376
1.64621
0.094654
0.14491
0.397348
0.531533
0.119967
0.00686189
0.527684
0.136082
0.652188
-0.423245
2.08799
0.921147
0.446279
0.635775
0.157854
0.524999
0.516918
0.267997
1.32703
0.810803
0.747073
0.907163
0.310971
1.41704
-0.129998
0.988338
0.110019
1.0611
0.121534
1.37013
1.35137
0.685336
-0.485826
1.56372
0.255021
0.462156
1.46115
1.25165
-0.377286
1.52044
1.75612
-0.351944
0.426762
-0.0289096
1.19762
0.251539
0.152743
0.660091
0.0264946
0.265912
0.103508
0.930922
-0.666714
-0.5472
0.701939
0.965155
0.823208
1.38282
-0.744959
0.730677
1.55925
0.145287
1.79669
1.83148
0.648298
1.30181
0.382269
1.05253
0.313252
0.240013
0.445543
0.511081
0.457972
0.914129
0.689951
-0.266148
1.20062
0.759451
1.28149
0.245927
1.04017
-0.0136238
0.927323
-0.908881
0.895368
0.256038
-0.211492
0.816262
-0.111314
-0.360937
0.0942722
1.45737
1.37643
1.38629
0.859348
0.438543
-0.157505
0.556748
-0.175954
-0.248021
0.771903
0.081566
0.578704
1.29966
1.49823
1.51906
0.459876
0.547115
1.73833
0.665135
0.937169
-1.40837
1.20584
0.891552
1.71639
-1.40424
-0.00519005
-1.06891
-0.407833
0.706875
-0.909354
1.71883
0.847209
1.31777
1.6519
1.87351
-0.154457
1.5276
0.151331
-0.16785
0.711958
0.850796
1.05607
-0.137575
1.18149
-0.174194
0.0200213
-0.0306814
0.110487
0.279557
0.524797
0.174822
1.63609
1.08895
1.25288
-0.00855474
0.282553
1.36752
-0.00543831
0.459234
0.543431
-0.246279
1.17022
0.805477
0.805766
1.7822
0.638266
-1.0718
1.53418
1.6377
2.52123
0.67821
1.42072
0.257318
-0.122601
0.526988
1.00611
0.33891
1.24744
0.480361
0.170418
-0.268634
0.768777
0.908535
0.637737
-1.33582
1.47019
1.18577
0.286742
1.02547
0.0984456
0.695333
1.90399
-0.270124
-0.330211
-0.0439573
0.452099
-0.372721
0.297189
0.416279
1.13666
2.2316
1.01763
1.0365
-0.231546
1.74914
1.04646
0.942704
-0.338123
-0.45525
0.342423
0.463227
-1.8073
0.579521
0.865986
0.118877
1.10852
-0.178447
0.80308
0.260382
1.11472
0.661136
0.109985
0.0675492
0.502047
-0.63481
0.202834
-0.231019
0.220046
-0.339071
0.43406
0.28883
0.751821
1.8928
-1.10202
0.183938
0.935502
0.376805
-0.14774
0.556121
0.578281
1.94977
1.16975
-0.515898
0.910733
0.256556
-0.194716
0.663534
-0.238903
0.740173
0.245211
-0.298935
0.26818
0.952997
-0.653915
0.766586
-0.374826
1.2328
0.257707
0.491386
0.934417
0.675152
0.88914
0.992309
0.173269
0.804711
-0.0673549
0.21579
0.816001
0.668744
0.924171
0.538817
1.05447
0.537289
0.253742
-1.19594
1.15316
0.373586
-0.379451
0.568219
1.31961
0.261365
0.833651
0.782087
2.45428
1.56596
1.46394
0.386047
0.0442542
0.556714
-0.411613
-0.577458
1.50629
0.823895
-0.369567
1.35168
0.952163
0.0816486
0.40267
1.40721
0.742686
0.715336
0.462611
-1.31249
1.42764
0.878178
1.1786
0.68795
1.14808
1.44838
0.486716
0.852884
0.461833
0.199574
1.01057
1.9095
0.340138
0.0698921
0.9024
0.0263142
0.28275
1.05657
2.05229
0.410663
0.161941
0.770767
0.0642452
1.43969
1.21785
-0.0342443
0.876452
-0.57749
0.829888
-0.558079
1.67746
0.144345
-1.21192
0.793914
-0.164942
0.328247
-0.495515
2.02135
0.0892714
1.54708
-0.202633
1.63001
2.22947
0.454051
0.876395
0.775465
0.00470354
-0.25405
1.5675
0.342738
1.06377
0.264769
0.616898
1.03841
0.637444
-0.893196
0.492103
0.247371
-0.38353
1.02327
1.38594
0.120586
0.516263
1.70705
0.496358
-0.288132
0.432951
0.683078
-0.279453
0.69707
0.351537
-0.0603653
0.267601
0.485983
-0.729345
-0.448824
-0.16618
1.66404
0.0568334
0.481124
0.00767771
-0.447346
0.141183
0.50037
0.519535
0.769453
-0.370167
1.48713
0.780852
0.445347
0.47069
1.94506
0.0606075
1.31102
1.16776
0.874798
1.11246
1.2235
0.933352
0.345063
0.760456
1.17027
0.748814
0.825977
1.14374
0.372898
-0.053669
-0.966551
1.78108
0.537525
0.755571
-1.50461
-0.0399382
1.15216
0.721687
0.884223
1.06675
0.442514
0.493471
-0.107699
0.758368
0.834382
0.430548
1.39467
-0.506294
0.624049
1.0821
-0.385572
0.363325
-1.28924
-1.20382
0.276498
-0.214481
0.389826
0.638929
0.255835
0.505236
1.79809
0.499485
-0.084589
-0.147513
1.2072
2.2895
0.881014
0.592723
-0.175308
1.34724
1.02754
0.306658
-0.544456
-0.817112
0.249719
-0.90728
0.185252
-1.22509
0.361379
0.906905
0.254076
0.240323
0.329727
1.13093
-0.552327
0.596694
0.319515
-0.151251
1.30185
-0.119449
1.53306
0.822252
1.19272
0.744557
0.676667
1.97276
0.450802
-0.42084
0.935182
-0.02828
0.731389
1.27914
0.92286
1.83798
-1.03089
-0.303571
0.430933
0.924257
0.336212
0.986181
0.874404
-0.37502
-0.147064
0.0493344
0.485155
-0.0032829
0.145126
-1.64761
-0.391623
0.103036
0.664825
1.05389
1.09057
1.0093
0.768143
1.37079
0.81288
-0.00412427
0.793877
0.148276
0.0867636
1.45344
0.430809
-0.310329
0.165897
0.893958
0.825591
0.306108
0.464421
0.440742
0.718751
-0.890627
0.329254
-0.342934
0.143554
1.22092
1.01444
0.556638
1.39405
1.57251
1.11455
0.0455109
0.706394
1.30519
1.40182
1.35705
0.918595
1.41409
-0.588563
0.413131
0.683818
1.85274
1.35401
0.670779
0.518261
1.72969
0.79626
1.85394
0.630419
0.50234
0.566547
1.33302
0.788083
0.362098
0.481365
-1.32474
0.574151
-0.0446468
0.219342
0.0603172
0.8167
0.595345
0.201301
1.79457
1.04411
1.77549
0.950765
-0.889255
1.34324
-0.0126299
-0.269785
0.718454
0.185207
0.90005
-0.485869
-1.05924
1.1092
-0.196651
1.32292
1.10675
1.02264
-0.772549
0.0189657
0.719484
-0.357839
1.18533
-1.18537
1.29022
-0.153355
-0.394099
0.136068
0.792255
-1.58497
0.96078
0.362377
-0.229091
0.886833
1.77568
1.19113
-0.504125
1.37218
-0.373597
1.05891
0.395607
1.70135
0.33211
-0.585293
1.2653
1.07588
-0.462904
0.480686
-0.046117
0.661831
1.19768
1.05703
0.659934
0.272125
1.91648
0.614558
0.816372
-0.461412
1.28098
0.534742
1.104
0.582857
2.45641
0.626702
-0.187311
-0.346589
0.376767
-0.206122
1.07579
0.0919895
-0.0143459
-0.589663
0.364872
2.32817
1.71441
0.757086
0.706472
1.19146
1.64394
0.230376
-0.466559
0.281854
0.920829
1.14711
-0.0411077
0.181829
0.298059
0.04798
0.757643
2.00207
-0.0780459
1.00287
-0.390667
1.06153
1.12025
0.59674
-0.0025936
1.28835
0.794858
0.12148
-0.585856
-1.26899
0.200076
0.390834
-0.413632
0.415043
1.01189
1.64841
1.2821
1.06158
0.884302
0.417348
-0.330497
0.112545
0.9768
0.291902
1.15859
-0.296375
2.04968
0.148156
0.33658
-0.252837
-0.204471
1.39946
1.08405
1.35688
1.27698
0.88744
1.22875
1.3464
1.03193
0.145973
0.337314
-0.838381
1.85585
0.441186
-0.432198
0.521402
0.547113
0.860611
0.437997
0.400663
-0.0780568
0.107853
-0.603621
-0.577674
-0.907414
0.534527
1.36804
0.746093
-1.31725
-1.03265
0.997961
0.395643
0.376506
1.79347
-0.750811
1.66941
1.66208
1.04866
-0.616398
-0.0117876
1.63063
0.282989
0.710309
0.404111
1.59117
1.09784
0.859387
-0.275457
-0.376149
-0.0729819
0.0269256
1.58345
0.579115
0.330587
0.877313
1.34287
1.94065
1.50638
2.22406
0.843386
0.933676
1.17841
1.5558
1.05772
0.411178
0.560354
0.167579
1.17012
-0.644793
0.643381
-1.37572
1.30788
-0.112774
0.679141
0.00230997
0.621867
0.599253
1.16416
0.0326461
0.631639
0.258663
1.01701
1.43687
1.32467
1.62052
0.617356
1.66919
-0.923688
0.549167
0.411518
1.21206
0.973599
0.833524
1.106
1.40077
-0.0875079
1.80112
0.765069
1.75673
0.348452
1.17201
0.212771
0.717332
0.700601
0.860292
1.28208
0.443831
0.47448
0.388723
1.00415
1.1661
0.396537
0.753955
2.05676
0.84918
0.338672
0.0949905
2.35182
0.312667
1.01647
1.41187
1.39242
0.122052
0.237401
1.39099
0.560934
-0.313896
0.288721
0.349842
0.987531
-0.0720058
0.930371
1.37337
0.90398
1.14925
-0.354775
0.593947
0.446327
-0.154983
1.22469
-0.0367585
0.817822
1.83339
1.15484
0.791946
0.407335
-0.349571
1.31546
1.22945
0.489748
0.954115
-0.00297397
-1.01134
0.5988
1.00459
-0.117562
0.205586
0.4404
0.435086
1.27955
-0.287133
0.476508
0.859322
0.165183
1.59135
0.94248
-0.0706663
1.54562
1.30817
1.35026
-0.75423
0.580147
0.42673
-0.0478884
0.451366
0.837079
0.226177
1.72646
-0.100199
1.07213
0.827361
-0.10545
1.40084
0.152126
-0.155275
-0.82775
2.16439
0.569392
0.514318
-0.740105
0.47817
0.50136
0.12353
-0.254101
1.08041
-0.609612
-0.0655794
0.432452
0.780412
0.768812
-0.0309766
0.776235
