0.458728
0.716298
0.357641
0.159294
0.834028
0.385368
0.843276
0.938141
0.879155
0.789765
0.291023
0.756709
0.0215831
0.35896
0.650261
0.455092
1.08377
0.757618
1.02397
0.230033
1.70122
0.287569
0.467469
0.735789
-0.017611
-0.442894
0.629784
0.113299
1.6736
1.5415
0.171868
0.374581
0.518983
0.773816
0.468033
0.948577
0.152855
-0.333096
0.462531
0.744136
0.406378
0.176749
0.156985
-0.189813
-0.163259
0.368634
0.73971
0.0875007
1.18131
1.44804
0.833661
0.743015
1.39465
0.140774
0.101804
0.23712
1.30161
1.21398
0.0289035
1.55831
-0.549986
1.10949
0.849318
0.958948
0.336692
0.796498
0.703759
0.929094
0.695612
1.26993
-0.319673
1.27228
0.195562
0.337982
0.662715
0.186121
-0.0346021
0.531837
0.183615
0.142385
1.03802
0.859952
0.0736646
1.14944
1.422
-0.349032
1.15818
0.283016
0.367034
1.34174
0.578042
-0.374093
0.79236
-0.350676
0.449105
1.33498
1.01745
0.476252
0.803593
-0.0016257
