0.804308
0.871329
-0.947066
-0.00404978
0.654584
0.768091
-0.862039
-0.205374
0.528089
1.29589
0.707253
0.0842278
0.716915
1.60421
0.568656
0.87939
1.18364
2.32619
1.47288
0.177009
0.991604
-0.711225
2.51699
-0.0466902
0.241573
0.0163766
0.188634
0.58463
-0.749899
0.549719
1.03108
0.391254
-0.189955
1.13359
0.839489
2.04645
0.934384
-0.810423
0.815876
-0.0464837
0.0278902
-0.154954
-0.284874
1.57467
1.23468
0.830119
1.27425
0.16302
-0.28958
-0.382231
0.853913
0.620895
0.470752
-0.072517
0.36175
2.35972
0.0128237
0.0936739
-0.394836
0.00426714
0.0140195
0.419625
0.646837
1.98821
-0.537917
2.54364
0.693966
-0.0110298
0.958873
-0.705655
2.06495
-0.058279
0.0338487
0.685503
1.17795
1.00461
1.78636
1.274
0.996157
-0.843592
0.582195
0.212289
0.502969
1.95223
1.98552
-0.345415
-0.939892
0.158468
2.17716
1.83238
0.938918
-1.54643
0.154891
1.15897
0.367716
-0.439298
0.858332
1.14083
1.69015
0.99264
1.1997
0.59342
-0.354829
-0.446386
0.685185
0.643116
0.917901
-0.628602
0.765093
0.874935
0.949379
1.00274
0.0630998
0.603275
-0.0567138
0.55435
0.212341
-0.550412
0.0456224
0.65624
1.32586
0.992079
-0.973337
-0.193944
0.159848
0.831885
-0.590147
-0.896332
0.350673
-0.279557
0.634081
0.412992
-0.67829
0.277282
1.05151
0.586208
1.37808
1.07959
0.172403
0.482507
1.83044
1.56284
0.686314
0.820156
0.251894
0.348744
0.264021
1.69269
-0.632669
1.34451
1.04327
0.675523
-0.265384
0.245918
0.129793
0.119407
1.09685
0.579967
-0.703469
-0.232267
0.157133
0.420625
-0.982936
0.252384
0.157459
-0.544605
1.21846
-0.0234619
2.07782
0.476862
0.221879
0.0314979
-0.392549
1.84832
1.41747
0.621293
1.25679
1.44153
0.902149
0.817697
-0.412673
0.0841432
1.67033
1.11703
1.30075
0.228928
0.786885
0.197148
1.52909
0.592482
0.576972
1.17982
1.22457
1.0228
-0.497416
0.176579
0.807558
1.44852
1.50561
0.942951
1.43979
-1.04563
0.689916
0.752938
-0.092836
-0.239262
0.550457
0.831211
-0.0283082
-0.644148
-0.112559
-0.0548353
0.485532
-0.183292
-0.207035
0.678172
-0.365791
0.00427081
1.84536
0.202689
-0.312081
0.28184
0.00212908
-0.274474
1.76692
1.6923
0.384565
1.05232
0.885892
2.00551
1.33372
0.21452
0.327805
0.936045
0.465525
-0.314155
0.383851
-0.100639
-0.433391
0.013008
1.39316
-0.417979
0.596512
0.63804
1.09371
0.810846
0.122357
0.319242
-0.156453
0.118112
-0.7946
0.235426
0.98178
0.207105
-0.602484
-0.153188
0.517104
0.673281
0.243048
-0.00677618
0.262148
1.40459
0.360557
0.00697844
-0.537513
-1.44803
1.47989
1.1536
-0.196212
0.253748
0.753077
1.43855
1.15261
-0.017922
-0.716027
-0.578864
0.494609
-0.194384
-1.01778
-0.0646551
1.65377
-0.183226
0.551577
0.0637034
0.857023
-0.573933
0.933348
0.00800209
-0.197017
0.396423
0.291553
-0.0583122
1.66005
-0.427482
0.521005
1.09948
1.51665
-0.571674
1.01763
0.426436
1.21615
1.85101
0.457015
0.358132
0.683092
-0.123685
1.93425
0.836926
1.40707
0.410425
0.656244
0.954632
0.629863
0.111604
0.443192
1.17173
0.396493
1.44255
1.54735
0.899564
1.87571
-0.265356
0.341736
0.286564
0.407773
0.010134
0.432097
1.01418
0.116297
1.20988
0.146597
1.23674
-0.732027
0.963726
0.0597505
0.600156
-0.624115
0.837075
0.99523
1.53943
1.00722
-0.445332
1.36076
-0.378499
0.498945
1.22991
0.603624
1.41186
0.077628
0.467578
0.212266
-1.11322
-0.112311
-0.868901
0.565408
1.50783
-1.20073
-0.774777
0.312977
1.00708
1.41715
-1.21048
0.0243605
1.16441
2.04763
-0.527024
0.674165
0.579783
-0.248274
-0.765443
-0.699556
0.609734
1.3478
-0.866551
-0.499852
-0.0571414
0.283974
1.10144
0.234003
1.13454
-0.907311
0.940357
-0.12293
0.566225
-0.115215
0.963817
0.605357
0.455633
1.89467
0.609818
-0.0572337
0.572276
1.4962
0.637344
-0.698067
-0.192437
1.42709
0.0204296
0.36516
0.454674
0.813002
1.24407
0.934814
0.194723
0.12934
-0.00471294
0.438142
-0.484484
0.74626
0.564216
0.647842
0.321867
0.516902
0.601616
0.472285
0.709684
2.8606
0.946854
-0.482097
-0.0936965
0.377776
0.890165
1.72198
0.250924
-0.127097
0.360158
1.12912
1.15288
0.731877
1.37013
0.66532
-0.0695555
0.646863
2.26923
-0.0352527
0.556046
0.814519
0.723595
-0.0749539
0.958895
-1.6731
0.140552
1.05253
0.922869
0.689279
0.366465
-0.135735
0.922431
-0.0377043
1.10294
0.367509
0.666164
1.12961
-0.179717
0.234663
0.449082
1.20924
1.70852
0.404472
-0.420781
0.94734
0.759987
1.23578
0.815217
0.832098
0.0906733
-0.676128
0.651497
0.969567
-0.216864
-0.59759
-0.530749
0.992335
-0.273266
-0.203972
0.198305
0.449245
-0.0616766
0.576479
-0.863178
-0.892591
0.365642
0.223365
0.327391
0.702021
1.17999
1.04478
0.259793
1.36941
0.0232615
-0.109865
-0.297031
1.69524
0.978029
-0.285815
0.0237929
0.757999
0.743415
2.51514
0.50825
0.382613
0.2528
0.916951
1.00037
-0.0473039
0.402491
0.430755
0.43594
-0.960571
1.1989
0.184152
1.11969
1.55587
-0.307056
0.312864
0.4614
0.999097
0.581167
1.00059
-0.200644
0.39425
-0.136112
-0.199312
-1.32244
-0.582295
-0.100755
-0.286151
0.256435
1.34307
-0.273405
0.694283
0.0959715
-0.76369
0.860565
0.754533
0.00207386
0.395041
0.632962
0.722092
-0.427047
0.436989
0.709076
-0.159241
0.595538
0.880958
1.1892
0.560501
0.378338
1.03046
0.20982
0.816979
-0.974898
1.76135
1.56054
-0.242124
1.26594
2.40708
0.680618
0.558515
-0.455485
0.296333
0.732345
1.22846
0.375713
0.62912
-0.797572
-0.718125
0.266649
-0.301657
0.522692
-1.2592
1.52597
1.18996
-1.1721
0.643612
-0.303848
0.457335
0.319641
0.822415
-0.133023
-0.0525154
-0.176123
0.898953
1.04073
0.794338
1.42419
-0.587916
0.391288
-0.490218
0.0490883
-0.546955
0.677726
1.20967
0.327451
0.819115
0.323984
1.40345
1.15671
0.952749
1.01374
0.995582
1.15588
0.00535562
-0.507427
0.460786
0.450655
-0.495141
-0.0912306
-0.574245
-0.28277
0.734887
0.0530986
0.31499
1.60506
-0.330652
-1.12769
1.18592
1.30096
1.29358
0.518974
0.201252
0.370195
-0.0370064
1.81498
-0.649454
0.196122
0.705629
0.649272
1.18376
-0.0862825
1.13374
1.38123
0.718141
0.793205
-1.44923
-0.745273
-0.778562
-1.49703
-1.3259
-0.216949
1.01266
1.47076
-0.46582
0.694779
0.106361
-0.414853
-1.11034
1.97032
1.56653
1.04641
0.0747951
0.767239
0.239328
1.57367
0.684683
1.56314
1.94393
1.19947
0.456375
-1.26939
0.230916
-0.710658
1.28656
2.06682
0.632355
0.229432
2.15465
0.0356348
1.49804
1.45247
1.20908
0.774226
1.03635
-0.0714138
0.660118
1.45772
1.23683
1.79383
0.118157
1.36009
0.521021
1.30405
0.153032
1.17486
0.535755
1.18873
-0.125239
0.66576
0.159337
0.897129
0.375693
1.29253
0.593812
1.58023
0.4687
1.65461
2.44515
-0.216934
0.538133
0.00891409
-0.126564
-0.770189
0.727692
-1.00697
0.37186
-1.03073
2.08905
-0.256959
1.40554
0.334676
0.35398
-0.585636
0.937432
1.97281
0.709172
0.458003
-0.855004
0.5202
0.749429
0.139962
0.866143
1.9692
1.82709
0.633769
0.379929
0.698615
0.0595142
0.208472
-0.56377
1.50495
0.770968
1.0303
0.702831
1.48062
0.943138
0.722518
0.752199
0.414372
-0.131647
-1.51544
1.87328
0.474619
-0.320473
-0.291889
-0.492522
-0.217004
0.722995
-0.423907
0.996253
0.0165004
-0.422762
0.3642
0.156703
0.547153
0.68675
0.431172
0.922684
1.94603
-0.535781
0.272365
-0.393463
0.85822
-0.0207021
1.12744
1.87738
-0.000707095
0.969985
0.516697
0.606405
1.34695
1.00009
1.23214
-0.156481
1.72017
0.350809
-0.350162
0.914103
-0.00992607
-0.66461
1.27961
1.37989
0.471278
0.828021
1.17814
0.647377
0.693765
1.38027
0.28496
-1.16269
0.0600035
0.616436
0.0910348
-0.343196
0.446246
1.15195
0.003824
-0.173883
0.837298
1.03602
-0.298753
1.21563
-1.02201
-0.263296
0.184938
-1.21876
0.450412
0.135171
0.115982
1.17627
1.37209
-0.160412
-0.157474
-0.313266
-0.340733
1.32137
1.40338
1.39525
-0.133092
1.3346
1.04083
-0.638126
0.942336
1.18602
0.249473
1.27693
1.10288
-0.00154276
-0.566626
1.08036
-0.119368
0.575583
0.64728
0.327062
-0.0444202
-0.212885
1.5343
0.0235214
-0.210898
0.618868
-0.0765048
1.30827
-0.59332
-0.969107
1.51556
0.883352
0.140285
1.03329
2.04889
0.474019
0.477204
1.12023
0.909515
0.0542566
1.79285
-0.43237
0.498509
1.97402
0.577485
0.977594
0.021095
-0.0363381
1.75017
1.16524
0.864001
-0.656137
-1.07841
0.881485
0.260861
-0.0369438
0.259096
-1.15379
0.185303
-0.839224
0.847956
0.841908
-0.528919
1.38165
0.748281
1.50854
-0.127122
-0.889296
0.805004
-0.298298
0.849985
0.543115
0.479553
-0.353721
-0.898928
1.50274
0.678811
-1.12261
0.263199
-1.50558
0.262713
1.45123
0.526879
0.617373
0.614382
0.281371
1.45227
-2.15642
0.174219
1.0735
0.616246
0.619247
0.414834
1.10996
1.09187
0.706677
0.970952
-0.314957
0.36918
0.770368
0.035625
1.34415
0.82286
1.19651
-0.150188
1.54552
-0.228748
0.111038
0.566137
1.34336
-0.165073
0.0573078
0.632152
1.49906
0.459311
0.359631
1.21451
0.334248
1.05381
1.64247
1.09861
2.61279
0.231858
0.218439
0.523303
-0.22352
1.47536
1.70833
0.71199
1.28246
0.105453
-0.511666
0.776626
0.611164
0.233398
0.388949
0.652825
1.14694
0.404288
1.32582
0.846701
0.60778
-0.440127
0.327336
-0.468631
0.478152
0.785816
-0.645731
1.62868
0.866505
1.01943
1.18176
1.43394
0.0502492
0.863664
0.272289
0.0399316
1.19018
0.742362
-0.715358
0.422072
0.293455
1.51591
0.592529
-0.0483361
0.541202
1.40755
1.22763
0.652348
-0.012367
0.236298
1.17478
0.792083
-0.639088
1.64857
1.47486
0.212432
-0.532223
0.342057
-0.232926
0.305354
-0.29546
-0.972272
1.29671
1.2982
1.2695
1.32199
1.26935
-0.988315
0.784256
-0.790211
1.01534
1.36207
0.480018
-0.276749
1.75395
0.0308935
1.26759
1.03694
-0.94634
0.496964
1.7946
-0.976715
1.95951
1.24607
1.73461
2.39216
0.393585
0.272753
0.933808
1.06917
0.678993
1.42293
-0.145851
1.27097
0.840899
0.975565
1.21274
-0.12541
1.49326
0.601555
1.32562
0.94805
1.69509
1.50646
0.315089
0.384124
0.808792
1.06658
0.0527056
0.98324
1.6801
-0.252285
-0.223594
-0.351705
-0.648647
1.23066
1.35974
1.08399
0.897658
1.07166
-0.932209
1.41648
-0.88182
-0.0284603
0.190024
1.35102
0.445406
0.984731
1.30194
0.163792
1.44024
0.853294
-0.176424
0.530661
0.996121
0.874267
-0.394796
0.979253
0.863883
0.540111
-0.282774
0.0914617
-1.11401
0.4914
-0.447243
0.225556
-0.229885
1.34337
-1.1212
1.29343
1.01951
0.886771
0.21418
1.19838
-0.0271707
0.289702
0.213167
1.31386
0.688815
0.397836
-0.208203
0.307099
1.1324
-0.48365
1.74803
-0.383805
0.555928
-0.450152
1.54523
-0.365151
0.955998
0.412799
0.692067
1.09939
1.73705
1.42338
1.18471
0.574508
0.687247
1.03793
1.0838
1.29253
0.980678
0.865306
0.931864
-0.642333
0.278109
0.71852
0.66902
0.430225
1.21584
-0.954782
1.07577
-0.292396
0.974734
0.525274
-1.76125
0.228568
1.38987
0.752241
0.714987
1.29966
0.370575
1.47709
0.475232
0.469743
1.92238
0.862078
0.0654188
-0.591333
0.84052
0.613197
0.558589
0.129708
1.36848
-0.569239
1.59858
-0.353756
0.589818
1.03779
0.312094
0.0160895
1.04018
1.61655
0.239902
1.23171
0.0254002
0.824073
0.522593
0.49178
-0.0948188
0.508931
0.265731
0.00192228
1.43256
1.39982
0.849892
-1.13141
-0.417911
0.25716
0.61351
0.355602
1.15374
0.770842
0.494747
-0.0988719
-0.188674
0.950649
1.97901
1.71094
-1.11566
1.37024
0.171515
0.772265
0.884984
-0.288292
1.70444
0.911046
-0.58613
-0.448158
-0.532227
1.56508
0.403475
0.025978
1.41055
0.578619
1.21562
0.844402
0.0349923
0.103752
0.634947
2.44301
1.51198
1.61408
1.5243
1.03196
0.604981
0.988099
0.694096
0.238193
0.826846
0.156122
0.187747
0.092603
0.662931
0.0331274
0.230968
1.43881
-0.816427
1.26618
0.546693
-0.487198
1.20703
-0.154429
1.02714
0.875944
1.41115
0.0966642
1.14678
1.39771
0.540722
1.76936
0.381192
0.399013
0.271712
1.21299
1.69439
0.976663
0.818131
-0.437799
-0.950018
-0.304495
1.97272
-0.6806
0.751478
0.432906
0.747836
1.03572
-0.630424
1.0333
0.314563
1.26043
-0.179193
0.100465
0.807947
-0.436989
1.17532
0.379602
1.4568
1.04704
0.881614
0.199558
1.44464
-0.162384
1.78804
1.22174
-0.178131
0.302495
0.655788
0.202292
1.39143
0.144625
-0.514532
0.201377
0.310149
0.280303
-0.473657
0.969309
0.20238
0.195798
1.15516
-0.324408
1.35233
0.410108
-0.756988
0.0208795
0.412475
-0.56057
0.654002
1.24399
0.605591
0.238312
-0.211698
0.441925
-0.0938812
0.502644
0.0353009
0.267125
-0.615143
1.37364
-0.265803
-1.06488
0.520945
1.5629
0.837221
0.176415
1.53416
0.637999
-1.56731
1.08707
-0.612121
0.704792
-0.671433
0.443855
1.81902
0.871904
0.891278
0.463665
1.06734
0.256922
-0.419092
1.7825
-2.04736
1.73511
1.11798
-0.125121
1.10219
1.38513
0.680454
0.141542
0.214013
0.392588
0.212359
-0.628008
1.12629
-0.692606
-0.306634
1.38711
0.281831
0.792745
1.79353
0.983355
1.30762
-0.495596
0.28166
1.51756
0.184374
0.610763
-0.0157253
0.199414
1.26586
0.949154
0.476936
0.495904
-0.080293
0.663173
0.0886601
-0.607434
0.123519
-0.0653428
0.668271
1.69125
0.650002
0.606574
1.28166
-0.601305
-0.0735108
0.956119
0.928228
0.508132
-0.108786
0.799437
-0.165929
0.195643
1.32309
1.30341
0.247858
0.0436501
-0.592347
1.40362
0.462525
0.233988
1.24305
-0.147786
-0.133476
0.447979
0.759567
0.626324
0.900002
0.244487
1.16479
1.41227
1.13689
1.07467
-0.319604
-1.38571
1.57161
0.351802
1.46842
-0.0353985
-0.471554
1.33393
0.681901
1.44592
1.22732
0.371686
0.756756
0.564722
-1.00661
1.24473
0.171498
1.05357
-0.56968
0.593266
0.431405
-0.100953
-0.360527
-1.10245
-0.976679
-1.23348
0.936133
0.591575
0.714222
0.3447
-0.0871189
1.60556
1.83185
1.55926
-0.264009
0.243788
1.28557
2.11597
0.292864
0.462719
-0.45285
0.449518
0.0365731
0.64598
-1.40546
1.75831
-0.585272
-0.607507
0.565031
1.00405
0.0429582
-0.329884
0.917777
0.276959
1.73119
0.219592
1.29783
0.574093
0.268889
0.260915
-0.345603
0.00941259
0.480458
-1.27726
-0.787487
0.304996
1.16257
1.14469
1.82052
-0.642103
-1.54703
0.778242
-0.155679
0.214904
0.843247
0.379771
0.998382
0.292925
1.02117
-1.35919
1.79228
0.253756
0.51064
-0.492307
-0.261013
1.42762
-0.0857995
0.0815692
1.39968
-0.0772229
0.728574
-1.12175
-0.1858
1.71508
0.556511
0.125333
0.331796
0.653382
0.761495
0.486792
-0.420418
-0.215972
1.43765
0.218294
-0.149437
1.55752
0.450565
0.577813
0.19364
-0.365358
1.10614
-0.547339
0.874648
0.152444
0.718802
0.967103
0.686304
0.805424
0.419028
0.255919
-0.0705714
-0.128653
0.0230452
0.844425
1.19179
0.507048
1.61157
0.703934
1.30857
-0.153366
1.11926
0.649275
1.19615
0.374714
0.10676
0.855455
1.47986
0.544219
0.703868
-0.967323
0.588473
1.0113
0.350167
-0.541456
0.499462
0.537928
-0.350827
-0.262869
-0.0129721
0.366176
0.928587
0.291691
0.250887
1.0752
1.84249
0.521281
0.555162
0.449448
-0.699313
1.20774
0.87063
0.96055
0.170891
0.222334
0.515437
0.531236
1.22486
1.07036
0.794651
1.0582
-0.0538264
-0.54917
0.898295
1.05947
0.646207
0.727326
0.88092
0.0178927
1.26215
1.54019
0.20072
1.0167
0.161573
-0.278638
0.0683253
0.246041
-0.511415
0.0615414
1.329
1.465
0.760463
1.02585
0.288288
1.197
0.107525
0.495862
1.09961
0.297427
0.341722
0.926068
0.323684
0.98039
2.20554
0.578971
0.593756
-0.153778
1.44828
0.463454
0.624017
0.986871
0.908037
0.619918
0.853903
0.90912
1.36985
1.09666
0.756283
0.445148
0.251319
0.377519
0.433832
1.65089
0.857485
1.01564
-0.0554467
1.53109
0.210255
1.4066
-0.450943
0.621595
0.0106151
-0.918842
1.38048
-0.585208
-0.580493
-0.76767
0.00429114
0.459487
-0.228513
1.93106
-0.0515497
1.02257
1.23643
0.237505
1.86989
-1.44912
0.184299
-1.59409
0.410543
0.968625
0.390412
0.325481
-0.128841
0.342652
0.112361
-0.836377
1.02108
0.543644
1.18327
-0.616533
0.905308
0.771891
-1.28512
-0.192966
0.605888
0.159644
0.914353
-1.63447
-0.307707
0.693561
1.14952
-1.17248
1.27074
1.26887
0.329823
1.18984
0.385979
-1.40101
1.09203
1.73035
0.967765
0.218294
-0.582063
1.20959
0.703367
-0.0683089
0.557672
-0.150074
0.311137
0.53805
0.365887
1.29362
0.177279
0.500547
0.239258
2.36186
0.069808
-0.389739
1.07405
-0.0355309
0.0208769
-1.2738
1.90355
-0.324727
-0.609962
1.26188
0.863684
0.218688
0.989965
0.993865
0.0315329
1.53586
0.594067
0.163157
0.302592
0.912889
0.900544
1.1665
1.05503
-0.522227
0.428043
1.62427
-1.05553
1.587
1.03393
-0.662417
0.40196
2.19282
1.15023
-0.437329
-0.818201
0.983776
1.50775
0.464029
0.424891
-0.0222066
0.913707
0.148911
0.850114
0.471969
-0.29286
0.499296
1.50776
0.288228
0.0779587
-0.526271
1.10853
0.580562
-0.804637
0.612286
-0.791686
0.079183
0.221864
-0.322948
0.387028
0.0856891
1.56531
0.349702
0.9333
0.091553
2.34956
0.311648
-0.288089
-0.131588
0.0651127
0.530224
-0.125764
1.02147
0.158875
1.64455
1.85897
-0.299372
-0.159577
0.952999
0.198941
-0.358379
0.00111479
0.211921
0.481723
0.184311
0.632305
1.08152
0.821685
0.140894
0.50969
-0.177122
-1.26694
-1.25064
0.485375
-0.236696
0.351288
1.8423
1.40765
0.983964
-0.398673
0.234588
0.981674
1.13764
0.106501
0.741205
0.818863
1.28043
0.671389
0.745255
-0.450575
0.327336
0.0179321
-0.204885
1.85742
0.894906
0.29896
0.72752
0.636765
0.0303669
0.486818
0.401771
-0.199644
1.39862
0.246274
-0.00872311
-0.564671
0.315422
0.214717
0.190991
-0.331131
-0.2964
1.03329
-0.105291
-0.0150377
-0.780875
0.683009
0.822475
0.259775
0.776516
-1.00513
0.480536
0.562794
-0.517352
0.945392
0.90687
0.549068
-0.326958
0.809119
0.54217
0.189166
1.01576
0.290636
-0.252092
2.21858
2.00023
0.268705
0.943799
1.86241
1.27287
0.504396
1.00676
0.0856164
0.348288
0.103414
0.198892
2.52067
0.366377
-0.290457
-0.115953
-0.310608
0.482175
0.333176
0.351324
-0.170609
0.498499
-0.59643
1.10866
-0.0632762
1.77065
0.200051
0.966127
0.898506
-0.455916
0.954905
0.517204
1.45398
0.0812064
-0.369105
-0.0366465
-0.243734
1.34801
0.796794
0.831553
-0.124499
-0.387738
2.02246
1.26793
0.31282
0.232967
1.39384
0.116478
0.147237
1.60535
0.297224
1.34765
0.730797
0.0407424
0.917802
0.968838
0.968369
-0.265923
0.246443
0.0831936
0.185028
-0.631369
0.684896
0.523638
0.126777
-0.0878381
0.0962538
0.251282
0.979956
-0.495128
-0.153548
0.839818
0.555247
-0.138101
0.342011
1.37946
1.48013
-0.150597
1.18811
0.282108
0.0505897
-0.817392
1.12475
1.42864
0.99199
-0.497666
0.462836
-0.440759
1.03205
0.671273
0.614583
-1.21249
-0.976199
-0.017593
1.25016
-0.953917
-0.0756658
-0.0945805
0.607894
0.815236
-0.560915
0.566815
0.494788
-0.159464
0.667091
1.05779
-0.198544
1.71899
0.483697
-0.222624
0.0586842
1.42717
0.44306
0.996342
1.30492
0.314863
1.31604
-0.0929361
-0.21833
0.73813
0.7562
0.424254
-0.0917707
2.34161
0.486887
1.12804
0.965588
1.70243
1.043
-0.0116096
0.23391
-0.0500096
1.8614
0.485082
1.02583
0.550863
0.298537
0.880633
0.891689
-0.1475
1.32437
0.00811801
-2.26265
0.621227
-0.0168716
-0.163053
0.850948
0.370222
1.03155
0.106853
0.19462
-0.115688
-1.0031
0.515742
