-0.0634487
0.618317
0.345906
1.14908
0.61593
0.706269
1.01629
0.430199
0.243467
0.79128
0.97695
0.461782
0.33148
1.28655
0.325529
0.0936953
0.710073
0.203306
0.853475
0.665616
0.604906
0.937593
0.909676
0.926177
0.817202
0.519628
0.623245
0.649116
0.648481
0.44082
-0.145432
0.914237
0.584989
0.434797
0.202081
0.275877
0.664248
0.42227
0.674431
0.105934
0.619245
0.819409
0.83097
0.982113
0.526018
0.523783
0.640015
0.834534
0.698573
0.33224
-0.112854
0.18325
0.656967
0.664141
1.16334
0.0476324
0.738782
0.254764
0.477464
0.540361
0.35003
0.687654
0.682584
0.539311
0.389138
0.629691
0.729888
0.582856
-0.581965
-0.0876668
0.458874
0.0146439
0.452415
0.189275
1.01751
0.288477
0.839895
0.870908
0.150422
0.761931
1.09092
0.906416
0.246556
0.801275
0.349927
0.313639
0.512037
0.412466
0.22239
0.62733
0.239664
0.437348
0.341332
1.06592
0.877322
-0.373063
0.468185
1.07063
0.557207
0.504566
0.659939
-0.0267692
-0.0695654
0.695683
0.569643
0.619525
0.0660653
0.786315
0.544208
0.366694
0.619081
0.548715
0.240025
0.355538
0.603569
0.986168
0.76258
0.107266
1.06392
0.856776
1.44839
0.376009
0.350426
0.703756
0.615568
-0.00345806
0.887304
0.511297
0.323376
0.127469
-0.061777
0.291582
1.06197
-0.0116228
0.0878903
1.36571
-0.141547
-0.153207
0.724138
0.807731
1.15651
1.16314
0.92288
0.5155
1.03768
0.635874
0.433031
0.558678
0.652244
-0.116246
0.270574
0.789702
0.567795
0.424724
0.890995
0.460135
0.403893
0.359603
0.385797
0.467112
0.922677
0.346141
0.612062
0.292917
0.20956
0.674535
1.12245
0.526081
0.768827
0.520134
0.48006
0.34016
0.559427
1.04278
0.862755
0.417536
0.85659
0.479015
0.0919942
1.18331
-0.30269
0.205753
0.521788
-0.19871
0.931299
0.480814
-0.0319316
-0.0756884
0.524551
-0.0914814
0.386766
0.0858032
0.366955
0.427838
0.564153
0.56315
0.714105
0.437615
0.133108
-0.076831
0.733273
0.831401
0.59369
0.325596
0.999926
0.30147
0.640745
1.10212
0.832093
0.493714
1.19062
0.789673
0.402167
0.408218
0.79905
0.886011
0.374704
0.685016
0.875145
-0.687217
0.215919
0.00382657
0.136147
0.478271
0.578844
0.68278
0.582637
0.289936
-0.491423
0.708949
0.621493
0.673336
0.542628
0.338412
0.707114
0.857164
0.246891
0.0737624
0.837762
0.871943
0.980269
0.478873
0.69737
0.293974
0.689977
0.149046
1.08864
0.375216
0.223172
0.371876
0.666049
0.791002
0.241869
0.483414
0.592223
0.178082
0.163673
0.103104
0.241912
0.0971333
0.602501
0.659217
0.493456
0.723801
0.0254004
0.3272
0.833039
0.416409
-0.307698
0.427063
-0.111166
0.42984
0.409296
0.454438
0.515313
0.652559
0.161379
1.03118
1.03266
-0.011435
0.402137
-0.0325652
0.91161
0.826622
0.695694
0.284077
0.364368
-0.336009
-0.105024
0.76522
0.770159
0.237468
0.666332
-0.119327
0.640411
0.527027
0.518891
-0.245218
0.191147
0.530776
0.824518
-0.110505
0.585355
0.136223
-0.124857
0.175429
-0.0183991
0.937203
0.552589
0.428959
0.645112
0.712896
0.836237
0.349864
-0.192551
0.280969
-0.172091
0.538811
1.13579
0.900214
-0.019332
0.347913
0.913128
0.898964
0.274389
0.349436
0.0937668
0.21065
0.757711
0.603019
0.382505
0.135336
0.799082
0.00510667
0.34451
0.45035
0.665375
0.522821
0.881551
0.381231
0.335411
0.407554
0.425737
0.510015
0.678955
0.462363
0.662196
0.97469
0.997464
0.0507261
0.449065
0.0710756
0.376446
0.320281
0.270692
0.872783
0.492072
0.183941
-0.0397295
0.410751
1.00155
0.159903
-0.408561
0.629418
0.667049
0.491464
0.123693
0.69794
0.693308
0.39915
0.70422
0.114644
0.315589
0.470705
0.18141
0.380484
0.251482
0.520133
0.254388
0.570868
0.717824
0.298012
0.225132
0.928273
1.06117
0.316867
0.300506
1.06832
0.921406
0.577487
0.579575
0.604009
0.609691
0.206374
0.787757
0.131114
-0.586586
1.15516
0.706211
0.88018
0.565728
1.10671
0.398452
0.792645
0.104678
0.465861
0.513528
1.07275
1.19981
0.863803
0.30185
0.405744
0.467964
0.905116
0.689247
0.78411
0.929405
0.808919
0.711895
-0.170074
0.363093
0.0106734
0.121396
0.983589
0.763948
0.913561
0.542635
0.319405
0.839236
0.15626
0.545907
0.593427
0.859605
0.775659
0.200707
1.09026
0.108508
0.254164
0.443645
-0.0732669
0.261652
0.429414
0.745529
0.257692
-0.201772
0.633868
-0.0920791
0.0797887
0.337452
0.586331
1.02484
0.193272
0.589614
-0.510723
1.06698
0.992189
0.78155
0.484728
0.952706
0.381633
0.518452
0.954409
0.67363
0.587298
1.18812
0.410071
-0.31601
0.653067
-0.494439
0.739175
0.965336
-0.0200273
0.150154
0.77033
-0.141853
0.859829
0.572607
0.379263
0.378499
0.929306
0.695821
0.801269
0.501832
0.891092
1.09737
0.291011
0.802027
0.282221
0.404993
0.639858
0.0589663
0.704286
0.632601
0.547691
0.860675
0.228348
0.719759
0.772821
0.934948
0.349848
0.491386
-0.196704
0.515398
0.448898
0.715644
0.435564
1.04878
0.839424
0.273531
0.561073
0.539243
0.377131
0.818093
0.343761
-0.303743
-0.0915001
0.252039
0.745036
0.159377
0.610949
0.182795
1.12147
0.502457
0.059121
0.622705
0.20704
0.0598037
1.20129
0.540754
0.697351
0.0633697
0.353467
0.151803
0.407046
0.7978
0.358802
0.416572
0.604872
0.192618
0.245303
0.113954
0.560404
0.269608
0.126072
0.810174
0.339917
0.130559
1.14852
0.716373
0.632734
0.953344
-0.393033
0.196778
0.541244
-0.625005
0.970562
-0.133591
0.208496
0.525468
0.61025
0.148484
0.671442
0.884517
0.607417
0.890177
0.651284
0.791338
0.361255
0.561301
0.352688
0.732306
-0.217379
0.677311
0.692003
0.781983
0.335902
0.978192
0.164637
0.0347624
0.95585
1.09135
0.367557
0.450489
0.00285355
0.352013
0.188678
0.799105
0.726548
0.100349
0.531745
0.0466377
0.549462
0.93922
0.284937
0.793956
0.386981
0.506039
0.43607
0.0657847
0.538131
0.749475
1.05529
0.597766
0.728528
-0.00680479
0.830348
0.565194
0.306275
0.292787
0.385744
0.332128
0.916084
1.02557
0.605997
0.508873
-0.0280642
0.0597379
0.673907
0.529205
0.644051
0.594866
1.07695
0.572776
0.424002
0.148182
0.458585
0.81196
0.101676
0.0294509
0.765814
0.626721
0.29967
0.688942
0.671805
0.921587
1.03237
0.867416
-0.0956195
0.857585
0.9485
0.288485
0.196057
-0.228873
0.100583
0.20142
0.654154
0.960312
0.308234
0.687546
0.897013
1.37771
0.505019
0.20722
0.271106
0.732231
0.418168
0.524296
0.647937
0.807982
0.659654
0.422031
0.563522
0.478519
0.545524
0.0604732
0.861131
0.685727
0.152531
0.265942
0.128486
0.386721
0.116582
0.543724
0.612844
1.14331
0.516489
0.530947
0.332979
0.759448
0.946803
0.644982
0.256687
1.06511
1.1724
0.474686
0.961195
0.150405
0.307626
0.27123
0.969232
-0.448522
0.155468
0.0454241
0.948845
0.776289
0.460533
1.35727
0.309295
0.396739
0.764671
0.732518
0.601407
-0.186178
0.616912
0.803261
1.02367
0.362903
0.38253
0.76016
0.920219
0.559933
0.246853
0.381718
0.125733
0.211227
0.509376
0.389337
0.148004
0.692821
0.156401
1.038
0.815934
0.0706282
0.0223077
0.941966
0.891279
0.732912
0.522008
0.570975
0.514338
0.658554
1.26466
0.486635
0.586712
0.60643
0.841552
0.611849
0.694266
0.365603
0.331417
0.337865
0.147218
0.0109436
-0.0884758
0.669228
-0.163911
0.319046
0.398117
0.233355
0.268914
0.888488
0.312049
0.731342
0.205346
0.659637
0.924054
0.000749767
1.12552
0.724306
0.369318
0.270486
0.455557
0.536461
0.381093
0.749296
0.237283
0.725053
0.716908
1.05282
0.290889
0.542604
0.25275
0.871788
0.366211
0.832462
0.482087
0.579984
0.993972
0.384753
0.282098
0.694015
0.600837
0.630437
0.273465
0.631585
0.629302
-0.0548733
0.762505
0.350455
0.252339
0.467515
0.753947
0.44654
-0.116166
0.343245
-0.00933039
0.685078
0.198048
0.425054
0.360579
0.538077
0.831568
0.101523
0.245192
0.390674
0.434605
1.21148
0.380441
-0.0921791
0.968845
0.614504
0.352569
0.828812
0.356132
0.808198
0.957615
0.487666
0.621726
0.679707
0.412324
0.349692
0.256821
0.787276
0.178544
0.764514
0.955948
1.34986
0.149759
0.621211
0.550481
0.27469
0.328721
0.781602
0.743101
0.525125
0.805477
0.424316
0.360964
0.316361
0.655742
0.111254
0.484909
0.240152
-0.184032
0.0738787
0.307564
0.697065
-0.242452
0.946083
0.499082
0.709427
1.12603
0.415412
0.639144
0.210785
0.544784
0.796244
0.0282578
1.23609
0.485247
0.492413
0.43335
1.09498
0.684734
0.320767
0.719635
0.661693
0.872703
0.588532
0.035706
0.135447
0.328232
-0.21993
1.22438
0.397416
0.142048
-0.0107465
0.485028
0.564661
0.458902
0.566093
0.135339
0.609691
0.756191
-0.197226
0.166116
0.272649
0.019986
0.76932
1.02554
0.818675
0.884489
1.19074
0.295747
1.04702
0.454792
0.601726
0.370497
0.734347
0.829022
0.566063
0.67295
0.714893
0.636012
0.0189771
-0.160946
-0.273921
-0.262695
0.0313171
-0.0260926
0.827227
0.289987
0.57164
0.448514
1.43483
0.633193
0.713615
0.916482
-0.336598
-0.00698714
0.0832153
0.721387
0.254135
0.352478
0.427287
0.252572
0.385285
0.539817
0.992471
0.548925
0.0961689
0.298587
0.740878
0.122779
0.474032
1.0172
0.178939
0.425709
0.977831
0.5294
0.50454
0.171694
0.902386
0.748185
-0.119467
0.433939
0.897693
0.781836
0.514595
0.464161
0.937329
0.222807
1.22039
0.914041
1.21878
0.618353
0.172616
0.855571
0.567824
0.724989
0.848557
-0.246356
0.256382
0.467364
0.296915
0.637267
-0.440323
0.113896
0.634545
0.518344
0.329436
1.1424
0.521444
-0.0258443
0.884554
0.493935
0.756888
1.1221
0.777573
0.306871
0.411508
0.370185
1.02462
0.329839
0.388545
0.281624
0.465226
0.995807
0.013587
1.21112
0.41482
0.658958
0.464301
0.750114
0.465805
0.558582
0.0640921
0.561738
0.370565
0.713873
0.304746
1.12098
0.177912
1.01386
0.277507
1.37638
0.742569
-0.0423539
0.0821236
-0.011134
0.501353
0.215048
0.230748
0.738667
0.393108
-0.202906
0.550386
1.19579
0.192709
0.210245
0.230743
-0.0973002
0.717783
0.633009
0.7328
0.148823
0.332546
0.0747824
0.539185
0.911185
-0.401777
1.26639
0.7543
1.11045
0.0905818
0.490239
-0.20209
0.285985
0.524372
0.724446
-0.393111
-0.0543804
0.549845
-0.131985
0.455283
1.03615
0.616338
0.599551
1.09521
1.09559
0.862851
0.490956
1.12659
0.981396
0.152177
0.864438
0.511418
0.42622
0.909221
0.0938758
0.62691
0.836321
0.17872
0.453033
0.420281
0.404816
0.031742
0.643277
1.09445
0.151452
-0.227873
0.814895
0.561947
0.664104
0.110096
0.405937
0.50009
0.200641
-0.423024
0.709241
0.7171
0.222247
0.104744
0.45189
0.535779
0.284016
0.391775
0.813545
0.450402
0.512266
1.3281
0.709502
0.838491
0.53645
0.207029
0.954105
0.583171
0.702775
0.38433
0.721917
1.11136
0.612854
0.369697
0.798163
-0.0971237
0.819679
-0.276931
-0.157622
0.0442238
0.816045
0.0359604
0.935017
0.552497
0.200245
0.263445
0.404498
0.763423
0.78418
-0.464713
0.423725
0.154897
1.01765
-0.193238
0.292804
0.339382
0.159978
0.439392
0.269405
0.880636
0.58387
0.322013
0.534247
0.558631
0.313988
-0.209317
0.783493
0.321877
0.313995
0.309099
0.249985
0.382313
0.355782
0.283667
0.355712
0.742749
0.288311
-0.130811
0.636131
0.482401
0.981332
0.495117
0.28389
0.468787
0.242851
0.315128
0.497709
0.196334
0.580979
0.929614
1.07552
0.723902
0.312088
0.246321
0.66928
0.872671
0.725624
-0.570703
0.193457
0.54596
1.03276
0.759217
-0.00601964
0.638352
0.292362
0.579407
0.680421
0.901338
0.333302
0.107246
0.845865
0.157582
0.468682
0.959806
0.581664
0.103806
1.10724
0.722791
0.676857
0.563775
-0.072204
0.51104
0.733263
0.60522
0.497122
0.615725
0.496991
1.09277
0.877448
0.610468
0.521751
0.699265
0.258322
0.705024
0.573242
0.394706
0.740754
0.715326
0.595384
-0.247811
0.0203137
-0.354476
0.473864
0.999557
0.490328
0.44732
0.764221
0.802191
0.661464
-0.228568
0.958599
0.411263
1.06587
0.333112
0.834285
0.813484
0.786328
0.619503
0.177732
1.09309
0.625238
0.730133
1.11024
-0.511658
1.07105
0.174484
0.567537
0.157788
0.693052
0.479016
0.761496
0.530677
0.262158
0.259697
-0.0355779
0.265827
1.13909
0.488367
0.739362
0.549117
0.714338
0.108197
0.541088
-0.125635
0.337472
0.601156
0.487987
0.641042
0.762556
-0.100243
0.480259
0.25737
0.144626
1.00545
0.245048
0.490304
0.727797
0.737151
0.287511
0.168438
0.544743
0.610354
0.0608239
0.828859
-0.0778404
0.10742
0.0450294
0.35932
-0.101602
-0.420239
0.334674
0.82575
1.01153
0.841914
0.57638
0.779602
0.703924
0.740547
0.415685
0.563902
0.899162
0.592536
0.478563
0.850538
-0.0893611
-0.0012809
0.768722
0.267895
-0.0103908
0.667834
0.224658
0.893832
0.0252579
0.660362
0.593219
0.9233
0.303444
0.0817854
0.95185
0.738438
-0.322783
0.374803
0.319101
0.50054
0.785055
0.27131
0.622267
0.942216
0.676606
0.670446
0.517642
0.557729
0.521378
0.489815
0.814206
0.43553
0.715932
0.470605
0.218201
0.741546
0.171301
0.623539
0.744124
0.869947
0.655096
1.04308
0.830437
0.581017
-0.428876
0.649128
0.691841
0.887842
-0.0428746
0.464918
0.490382
0.0221497
0.774193
0.690309
1.18272
0.206142
0.151873
0.193143
0.457967
0.0771617
-0.525227
0.610305
0.519384
0.99363
0.460614
-0.341011
0.537587
0.909823
-0.251899
0.4231
0.995737
0.122204
0.456072
0.65117
0.644303
0.237975
0.626309
1.16562
0.426861
0.488267
0.340847
0.957379
-0.203303
0.318896
0.704365
0.428785
0.947705
0.828873
0.588565
0.655877
0.713749
0.482857
0.255927
0.830015
0.324267
1.18045
0.505145
0.651624
0.279432
0.669617
-0.382625
0.485754
0.05975
0.857614
0.613522
0.367988
0.0860112
0.320512
-0.276024
0.265767
0.399883
0.394701
-0.122431
0.818495
-0.138492
0.652111
0.397053
1.03526
0.162649
0.938433
0.422718
0.639141
0.287445
0.453587
0.568461
0.51376
0.744326
-0.129745
0.160695
0.684494
-0.16168
0.554664
0.251307
0.494193
0.411572
0.568438
0.563913
0.37402
0.0382815
-0.034007
0.386512
0.0232994
0.00440935
0.927783
0.377255
-0.349564
0.365774
0.440555
0.670175
0.243002
0.568555
0.00503797
0.354123
0.73919
0.704416
0.358225
0.66277
0.575143
0.32237
0.846479
1.04912
0.762729
0.404162
0.696719
0.964286
0.695995
-0.0247345
0.315182
0.535383
0.13971
0.0388226
0.24306
-0.0868432
0.662701
0.392093
0.0153135
0.60159
0.789538
0.838523
0.483829
0.523879
0.345182
0.998916
0.805577
0.324239
0.440468
0.617017
0.145903
0.785075
0.791033
1.40963
0.835913
0.789033
0.812842
0.730551
-0.11109
0.076331
-0.000126639
0.0735526
0.23317
0.529637
0.255491
0.112714
1.01348
0.677269
0.24736
0.721269
0.602275
0.361328
0.439021
0.667661
0.642731
-0.107311
0.674967
0.946694
0.613741
0.802681
1.29347
0.237979
0.37923
0.777177
0.856389
-0.144455
0.213106
0.0239098
0.327389
0.685572
0.669246
1.43692
0.157196
0.503377
-0.00488209
0.122661
0.801537
1.07108
0.18708
0.317033
0.477701
1.21567
0.555149
-0.114565
0.567174
0.599583
0.733451
0.26698
0.743336
0.317571
0.5312
0.0164912
0.974371
0.138688
0.967517
0.77633
0.389806
0.411737
-0.00954495
0.477125
0.592946
0.243024
0.190642
0.972845
1.35387
-0.0916508
0.463119
0.519122
0.24385
0.429511
-0.357448
-0.0292139
0.408757
0.0855569
0.526972
0.812897
-0.000756628
0.51787
0.521897
0.688534
0.357884
0.588858
-0.00240876
0.888132
0.711481
0.497771
0.294138
0.71263
0.0563917
0.586644
1.20456
0.494639
0.290956
0.537239
0.586338
0.27002
0.549753
-0.299332
0.515704
0.706671
0.360895
0.420043
0.332655
1.05326
0.408227
0.620453
0.877996
0.660724
0.331508
0.128873
0.823013
0.579315
0.942721
0.648534
0.547912
0.476815
0.3439
0.472633
0.783867
0.619931
0.330216
0.585148
0.247007
0.622942
0.404802
-0.300768
0.708486
0.256013
-0.41225
0.972771
0.543359
0.715746
0.425776
0.53476
0.234268
0.800212
0.972816
0.21722
0.307087
0.328073
0.240423
0.136319
0.791394
0.659024
0.351944
0.766579
-0.251928
0.351349
0.394902
0.574895
0.515376
0.512587
0.752018
0.431049
0.534059
0.577211
0.261334
0.305096
0.858327
0.986096
0.440107
0.693424
1.0236
0.950684
0.88078
0.428779
0.0792756
0.690508
0.285347
0.773471
1.30468
0.917436
0.993252
0.469913
0.869497
-0.00575226
0.537069
0.711638
0.50551
1.51332
0.752078
0.416205
0.383907
0.888591
0.674921
0.632077
0.718651
0.433701
0.654874
0.614921
0.276606
0.439359
0.393574
0.648909
0.0840403
0.11595
0.250085
0.0826575
0.598608
0.45031
0.381285
0.547305
0.63815
0.519661
0.225749
-0.0438315
1.15963
0.733112
0.0409706
0.151599
0.438938
0.138941
0.975219
-0.134765
0.200394
0.409851
0.883503
0.236699
0.823073
0.122608
1.03269
0.0111928
0.0915848
0.459703
-0.0382792
0.524427
0.958319
0.917749
-0.368038
0.604818
0.59285
0.437779
0.289714
0.340424
0.318962
0.304273
0.392304
-0.327225
0.833246
0.660632
0.824097
-0.185093
0.758458
0.568064
-0.0693362
0.756386
0.278404
0.242337
0.574728
0.80339
0.359629
0.952178
0.17383
0.423306
0.386918
0.279203
0.368563
0.179328
0.4173
0.373501
0.81042
0.516263
0.235927
0.26413
0.973845
-0.551657
0.416511
0.462517
0.797738
-0.145713
0.422199
1.02745
0.637739
0.6429
0.596558
0.697077
0.619603
0.652712
0.530225
0.159601
0.901403
0.498284
0.601539
0.959202
1.12408
0.424049
0.835519
0.177002
-0.246835
1.31461
0.877721
0.899962
0.820013
0.578577
0.66145
0.70832
0.453977
0.70111
0.773862
0.356232
-0.525064
0.716771
0.694484
0.421927
1.02702
-0.180663
0.312247
1.07153
0.561418
0.0403413
0.337368
1.10493
0.354157
0.976594
0.52281
0.803892
1.03263
0.271643
0.529109
0.532402
0.470426
0.523454
0.288733
0.376858
0.6164
0.559799
0.466092
0.0710406
0.171546
0.732422
0.316187
0.303821
-0.51935
0.506986
1.13077
-0.0536282
0.431863
0.513486
0.288321
0.227424
0.247676
1.05636
0.477695
1.0068
0.750183
0.47435
0.560083
-0.113245
0.417799
0.244752
0.390761
0.518372
0.591559
0.672762
0.111202
0.845489
0.702919
0.697875
1.02528
0.0191597
-0.33405
0.815969
0.284894
1.03505
0.744376
0.863324
0.943333
-0.0162078
0.521733
1.01595
0.423838
0.69456
0.389751
0.19705
-0.0183358
0.621409
0.728095
0.680451
0.871724
0.235374
0.573248
0.585753
0.167361
0.270792
0.0406749
1.07651
0.796705
0.270181
0.818902
0.0627956
0.447443
0.831195
-0.305251
0.311908
0.363556
0.300621
0.789672
0.668749
0.524166
0.716753
0.0869478
-0.215494
0.104313
0.242851
0.57323
0.612655
0.583255
0.807333
-0.626542
-0.137372
1.14347
0.759858
0.188108
0.764235
0.557004
0.148005
0.181943
0.817089
1.02367
0.309956
0.216506
1.01982
0.389904
0.827638
0.337348
1.12056
-0.266293
0.475167
0.979109
-0.610752
0.451246
0.855804
0.248859
0.48946
-0.0286701
0.543239
0.346852
0.845354
0.810167
0.722723
0.906193
0.927944
0.701751
0.680891
0.315303
0.254285
0.954378
0.909105
0.322609
0.44136
0.594643
0.29301
0.0843301
0.0593121
-0.0107546
0.672177
-0.469903
0.468131
0.863219
0.327096
0.423704
0.513137
0.0200881
0.583143
0.204742
0.786163
0.021375
0.584805
0.63612
0.335469
0.0572677
1.23123
1.20943
1.00317
0.273914
1.04224
0.480333
0.374606
0.583101
0.816481
1.11313
-0.248355
0.498858
0.28475
0.883444
0.821971
0.479277
0.627852
0.254167
0.188112
0.179178
0.688629
0.639862
0.021318
0.560697
-0.338302
1.06604
0.927123
0.330379
1.05622
0.567666
0.291298
0.562341
0.854168
-0.199863
0.495587
0.319967
0.10066
0.435295
0.808405
