1.27391
1.2229
1.2329
1.37375
1.36824
1.20957
1.37887
1.13396
1.21587
1.11034
0.963
0.806902
0.813669
0.715371
0.839565
0.91101
0.639519
0.526295
0.566951
0.297176
0.434282
0.608002
0.82998
0.749778
0.744364
0.861352
1.57011
1.18763
1.25237
1.02244
1.03067
0.793771
0.442182
0.370569
0.191968
0.205962
0.699075
0.648448
0.537834
0.39784
1.06235
1.09029
1.16433
0.941635
1.02063
1.53607
1.6404
1.5615
1.45402
0.976646
0.962285
1.07511
1.14588
1.42725
1.27622
0.934388
0.7367
0.560731
0.712713
1.08409
1.07066
0.930571
0.754549
0.413166
0.252002
0.369052
0.246686
0.150298
0.301809
0.18728
-0.0859037
0.0683286
0.354923
0.247732
-0.269259
-0.525349
-0.81984
-0.734518
-0.314681
-0.315155
-0.442819
-0.110297
-0.125807
-0.551644
-0.545584
-0.478665
-0.70742
-1.04835
-0.883958
-0.817968
-0.62744
-0.1809
-0.104227
-0.189567
0.130524
0.32528
0.459856
0.49025
0.512476
-0.0623385
-0.200226
-0.320774
-0.801122
-0.752766
-0.979534
-0.768559
-1.07118
-1.07617
-1.09915
-0.862745
-0.915558
-0.733431
-0.771475
-0.426052
-0.0555978
0.316284
0.0969629
-0.47032
-0.190966
-0.528593
-0.724996
-0.484303
-0.143996
0.203273
-0.127327
0.262555
-0.0822726
0.243916
0.35377
0.563832
0.861154
0.470531
0.162883
0.0682166
0.244279
-0.106879
0.543028
0.659044
0.880983
0.915438
0.923997
1.03411
1.15252
1.31678
1.24798
1.15587
1.23295
0.912042
0.803055
0.884239
0.539016
0.322185
0.538123
0.690558
1.02948
1.504
1.34653
0.779548
0.242347
-0.0216283
-0.316127
-0.382726
-0.772633
-1.34354
-1.30623
-1.12774
-0.876887
-1.25824
-1.34358
-0.906888
-0.424311
-0.347715
-0.282119
-0.350916
-0.567391
-0.789671
-0.427022
-0.625306
-0.65765
-0.601681
-0.782947
-0.905009
-1.42253
-1.01882
-0.917573
-0.523369
-0.791189
-0.648891
-0.267709
-0.229359
0.141688
0.168654
0.116536
0.38365
0.303329
0.417128
0.795294
0.900077
0.858889
1.0632
0.370655
0.0898836
-0.309342
0.244123
-0.0236523
-0.15267
-0.351787
0.0225569
0.211501
0.0940632
-0.0637243
0.197315
-0.346875
-0.284583
-0.613656
-0.510651
-0.886093
-0.693397
-0.860584
-0.939921
-0.958045
-0.855884
-0.9279
-1.27988
-1.28407
-1.33664
-1.17332
-0.659133
-0.50188
0.0262561
0.120195
0.0903479
0.160907
0.258337
0.160315
0.416786
0.463873
0.729673
1.0355
1.15713
