1.06117
1.02857
1.22044
0.893935
0.825414
0.724586
0.661174
0.924157
0.873811
0.793025
0.881294
0.700782
0.8939
1.00692
1.04695
0.969319
0.867986
0.67607
0.784348
0.840952
0.787662
0.762425
0.849836
0.735807
0.713568
0.520384
0.615097
0.677528
0.600297
0.606966
0.619956
0.579136
0.524408
0.278686
0.5708
0.47869
0.578359
0.528275
0.527834
0.540464
0.393587
0.631854
0.684248
0.824644
0.806034
0.75698
0.663222
0.791166
0.650181
0.645563
0.495059
0.427545
0.663174
0.658183
0.623426
0.579221
0.270188
0.0555534
0.28301
0.35997
0.465706
0.517974
0.591214
0.531553
0.618617
0.618039
0.50501
0.555108
0.504666
0.605496
0.655864
0.35525
0.36606
0.638756
0.624793
0.874686
1.06155
1.10768
1.18855
1.22807
1.23247
1.13826
1.22002
1.05499
1.03973
0.966296
0.816336
0.782529
0.682436
0.62563
0.369894
0.401012
0.363948
0.539469
0.353623
0.329629
0.386563
0.538352
0.517694
0.333029
0.483752
0.563722
0.660463
0.57318
0.416341
0.303294
0.375176
0.515075
0.478931
0.360281
0.3761
0.509228
0.44297
0.298962
0.269792
0.169288
0.219208
0.510311
0.510911
0.306081
0.325674
0.277936
0.0877785
0.0945609
0.137838
0.191816
0.298436
0.336937
0.376969
0.396107
0.598596
0.419454
0.443896
0.315629
0.405121
0.504485
0.363104
0.357642
0.220174
0.189901
0.112475
0.0129927
-0.0539933
-0.011832
-0.0138552
-0.0448404
-0.251597
-0.270937
-0.187719
-0.26954
-0.327783
-0.298195
-0.264222
-0.132078
-0.158433
-0.0467594
-0.0283378
-0.217198
-0.295611
-0.200305
-0.149306
-0.169193
-0.296362
-0.244172
-0.317898
-0.443316
-0.325838
-0.577576
-0.445161
-0.4834
-0.435942
-0.190449
-0.182018
-0.224886
-0.437813
-0.351207
-0.315611
-0.177933
0.0360199
0.148223
-0.049637
-0.00327791
-0.00209692
0.0615645
0.177749
-0.122059
-0.119247
-0.035604
-0.0412081
-0.121543
-0.325576
-0.294371
-0.409538
-0.211078
-0.165458
-0.0513841
0.00503882
0.0398873
-0.0825929
-0.0109214
0.0564709
0.0318674
0.148781
0.151034
0.00699491
0.0745809
0.1584
-0.0424861
-0.219794
-0.336358
-0.305354
-0.370619
-0.331126
-0.482948
-0.598261
-0.516135
-0.651088
-0.712404
-0.69048
-0.702895
-0.950313
-0.784329
-0.560066
-0.550978
-0.473736
-0.648762
-0.664112
-0.484304
-0.350552
-0.261446
-0.301733
-0.147898
-0.177334
-0.0735162
0.155077
0.157924
0.32272
0.162499
0.41792
0.500844
0.323351
0.448006
0.504339
0.411211
0.558554
0.459158
0.436865
0.556001
0.498856
0.38039
0.414251
0.285152
0.399696
0.337507
0.436719
0.337329
0.397442
0.279201
0.184649
0.0146593
-0.0226177
0.214649
0.287668
0.429013
0.405339
0.3703
0.50925
0.833274
0.668074
0.595712
0.510437
0.458746
0.346643
0.649886
0.6523
0.602409
0.400449
0.453946
0.502332
0.470736
0.573231
0.697564
0.444265
0.408783
0.350254
0.126333
0.163305
0.104209
0.0138968
0.143684
0.101869
0.0014154
-0.0506549
0.206501
0.155663
0.053638
-0.0138443
-0.374898
-0.19726
-0.261082
-0.380277
-0.35826
-0.059836
-0.13502
-0.231706
-0.211767
-0.0288593
-0.230637
-0.13311
-0.0614594
0.0252996
-0.0955505
-0.136112
-0.0498371
-0.106896
-0.219682
-0.30089
-0.252545
-0.292424
-0.32776
-0.38261
-0.389039
-0.230588
-0.205952
-0.124515
-0.00796954
-0.238306
-0.261569
-0.214214
-0.415496
-0.226212
-0.211674
-0.158337
-0.0863585
-0.0389602
-0.157034
0.00916875
0.149202
0.237286
0.232839
0.274482
0.285503
0.301118
0.350325
0.473958
0.468519
0.438202
0.566617
0.49795
0.594222
0.477227
0.688495
0.652427
0.672549
0.615972
0.900143
1.10366
1.33827
1.319
1.34471
1.23089
1.16762
1.27622
1.4433
1.32032
1.33383
1.39064
1.32426
1.29641
1.27487
0.973239
0.911492
1.07001
0.842828
0.729271
0.901403
1.09901
0.986354
1.06266
1.07819
