-0.0276799
-0.0970827
-0.0900221
-0.00879247
-0.505655
-0.606529
-0.637608
-0.634648
-0.646402
-0.623522
-0.918989
-0.922676
-0.889364
-0.771543
-0.630151
-0.459116
-0.434772
-0.711364
-0.562659
-0.267995
-0.291226
0.0553899
-0.062905
-0.174462
-0.0949566
-0.122924
0.00645795
0.0962381
0.29545
0.487205
0.514111
0.544631
0.561253
0.667469
0.651693
0.641818
0.850949
0.598729
0.438247
0.208208
0.422921
0.426031
0.311943
0.608021
0.560938
0.800359
0.84673
0.558585
0.633464
0.542956
0.380503
0.349936
0.187317
0.422623
0.448414
0.195795
0.340606
0.571732
0.328003
0.238945
0.391746
0.143883
0.14251
0.27597
0.271781
0.369128
0.299723
0.494283
0.670509
0.753341
0.819053
0.924941
0.939866
0.999858
0.993206
1.03149
1.25213
1.09042
1.14862
1.02881
1.05769
1.0456
1.38729
1.38071
1.36431
1.47848
1.53572
1.50152
1.74713
1.67441
1.67871
1.50981
1.48055
1.28699
1.36017
1.39406
1.28393
1.06718
0.992147
0.892371
0.850073
0.888894
0.759296
1.00035
0.869445
0.808415
0.641219
0.624925
0.265023
0.399801
0.345009
0.223158
0.405642
0.827346
0.643267
0.634215
1.00247
1.03633
0.923367
0.722174
0.474901
0.320555
0.34602
0.511351
0.343743
0.373663
0.246323
0.0549085
0.131747
-0.0486842
-0.301987
-0.00695376
0.0949665
-0.119085
-0.405289
-0.275674
-0.159211
-0.0379541
-0.275159
-0.0467347
0.145226
0.0493513
-0.0778
-0.0352277
-0.0458926
0.0922177
0.0310928
-0.0350712
0.078105
0.203719
0.13564
0.112529
0.0569062
0.126832
0.137505
0.119882
0.166942
0.25547
0.219065
-0.112365
-0.0236477
-0.050332
-0.0444026
-0.237631
-0.268503
-0.259358
-0.306087
-0.120996
-0.339602
-0.304077
-0.185302
-0.25903
-0.317113
-0.279156
-0.216324
-0.215053
-0.223226
-0.0583223
0.10661
0.0342575
-0.0277389
0.200379
-0.0966136
-0.273743
-0.248025
-0.118064
-0.36861
-0.0949272
-0.104233
-0.0963503
-0.211585
-0.0964709
-0.0801541
0.0504987
-0.0730748
-0.113201
-0.146905
-0.144235
-0.179837
-0.257287
-0.0420418
-0.0310972
0.0623309
0.0158045
-0.194594
-0.334353
-0.339592
-0.343171
-0.225357
-0.116374
-0.00789143
0.171713
0.459374
0.40294
0.524798
0.353212
0.151403
0.45442
0.33083
0.294923
0.141726
0.324096
0.433204
0.32867
0.183574
0.132935
0.118397
-0.0513509
-0.00652113
-0.165595
-0.133032
-0.0803639
-0.042301
-0.0687144
-0.0596889
0.0781029
0.255707
0.29968
0.0821733
0.252654
0.345502
0.312261
0.419784
0.464247
0.521391
0.559
0.515439
0.384355
0.417713
0.295839
0.547965
0.27249
0.286245
0.341103
0.401377
0.918632
1.03183
1.07695
0.851219
0.48941
0.483995
0.246328
0.419003
0.475006
0.592145
0.628533
0.491352
0.26016
0.246497
0.0814222
0.285882
0.180614
0.197283
0.034009
-0.0471107
0.0869789
-0.00877141
0.250692
0.128149
0.195422
