-0.569973
0.626657
1.28404
1.25873
-0.905697
0.228388
-0.337142
1.20921
0.0244884
-0.31887
-0.754737
2.25279
0.658422
0.128767
-0.134592
0.60017
0.780905
1.35228
0.44373
1.49413
-0.143978
0.276797
-0.872771
2.27031
2.21025
0.560856
0.962389
-0.39031
-0.704842
-2.32293
-0.180664
0.229996
0.219637
0.0418249
0.476135
1.65583
0.316153
0.48567
1.29535
0.308931
-0.810145
1.90402
1.8198
-0.331631
-0.408065
-0.318431
2.24172
-0.431302
-0.192691
1.68674
2.04433
-0.0847569
0.305565
0.288915
-0.70079
2.52204
0.541404
-0.605661
0.196408
0.159896
0.710662
0.240132
0.164711
1.03811
0.293018
-0.320195
1.64855
-1.29088
0.146546
0.631173
-0.0574131
-0.00894707
1.99789
0.9607
-1.44007
-0.250994
0.38894
-0.588527
-0.645065
-0.343324
0.998509
1.01194
-0.225497
-0.526449
-0.554558
1.94629
1.00441
1.25732
1.82403
-0.638552
1.57597
0.846382
-0.968527
0.987324
-1.05405
1.69372
1.82734
0.400344
1.82351
0.357989
0.556323
1.22596
0.106108
-0.64407
0.881557
-0.781145
0.89401
0.17041
1.38216
1.20434
-1.11711
0.886122
0.18007
-1.18707
0.0790949
0.886257
0.230571
2.60892
1.34055
-1.0436
1.09005
1.95267
1.02449
0.485156
-0.115219
-1.14471
0.868954
0.799824
-0.265209
0.337432
-0.141135
0.314448
0.872142
1.47352
0.150141
0.701587
-0.572715
0.0388554
0.255605
1.85091
0.050506
0.931423
-0.772191
-1.02403
-0.707677
0.605068
-0.500469
0.631084
0.581362
0.654901
-2.00739
0.0940677
-0.778208
-0.641491
0.602146
1.79578
0.522474
0.624214
1.39362
1.78249
0.418158
-1.73756
-0.515
1.30575
1.97157
1.3798
0.637407
-2.57242
1.69814
0.898173
1.32106
1.24623
1.90494
2.96342
1.94192
1.06387
-0.596758
0.220254
0.185193
0.296687
2.30859
-1.0463
0.49658
-0.935635
0.945573
1.02011
2.17005
1.82937
1.49194
1.17014
0.575684
-0.382831
1.44552
0.840663
-1.45576
1.46136
1.63716
0.355028
0.21357
0.113443
1.07789
0.926547
1.46437
0.593958
-0.539635
1.78885
1.32595
0.222451
0.878146
1.65683
0.28293
0.0561391
0.624822
1.55863
-0.152763
0.462571
-0.700008
1.49504
0.868511
-0.0696643
-0.464269
1.15728
1.148
0.417232
-0.450883
-0.156158
-0.220559
0.0766474
1.15853
0.0233958
-0.834558
1.06046
0.949746
1.30536
-0.614919
-0.153241
0.461955
2.52619
0.792313
1.44447
0.674246
-0.053723
1.28063
-1.01341
1.55922
0.251781
0.831041
0.108948
-0.345809
1.59306
-0.287112
1.23449
0.578051
0.824761
2.08191
2.02966
-0.0421178
0.191596
1.30913
-0.946976
-0.521974
1.39138
-0.448211
0.784658
-1.12264
-0.284852
0.600168
-2.16292
0.575781
0.220754
1.32749
1.63783
-0.950815
0.915321
0.541337
2.10508
0.450694
0.186787
-0.0820815
2.49171
0.848777
0.474546
0.61868
0.379336
0.606462
0.243513
-0.265131
-0.378675
0.542831
0.885789
0.738109
-0.592257
1.30781
1.82261
-0.107875
-1.20376
7.10802e-05
2.16312
-0.074509
0.480825
0.34176
1.41912
-1.17219
0.430213
0.4597
2.75523
-0.31157
0.978308
0.380346
0.058862
0.120164
1.81295
0.775755
0.663885
-0.148856
0.725806
0.370939
-0.959952
1.54443
-0.205785
0.0743469
-0.694946
0.144573
0.346221
-1.04685
0.785703
1.35991
-0.34571
2.50035
1.12799
0.864013
0.12345
0.65379
0.901631
2.14856
-0.867274
2.06867
0.507272
-0.374382
-0.619332
-0.346762
1.83208
1.07487
0.0828662
-1.5905
0.730977
2.08825
1.73827
1.44205
-0.288178
0.21059
0.87129
0.117636
1.63171
0.441198
-1.53604
-0.445027
-0.261704
0.739161
0.417337
0.788314
0.111224
0.304166
0.122156
-0.165689
0.296449
0.301468
0.679271
2.28646
0.774143
-0.111172
-0.664659
-1.08933
0.509545
1.09228
1.13842
0.510731
-0.59334
1.00993
0.826941
0.662097
-0.53698
-1.88168
0.48932
0.0477549
-0.770381
0.079831
0.803172
0.680321
-0.244738
0.417282
0.31794
1.92706
0.870015
0.260912
1.54675
-0.297496
0.52081
1.03022
0.74043
-0.24017
0.371787
0.460481
1.44599
-0.969979
0.487231
0.893479
-0.506521
-0.894813
-1.64788
1.48973
1.40587
1.11343
1.08209
-0.125947
-1.69706
-0.628512
1.01054
-1.91036
-1.48684
-0.437657
0.573306
0.277649
-1.06483
-1.44518
-0.488096
1.26141
-0.491403
0.998075
2.18547
0.9742
0.342031
2.54585
2.18024
-0.36817
0.85263
0.728274
-0.635802
1.57927
-1.09032
1.6256
-0.655627
-1.64166
-0.486319
-0.492758
0.804091
1.52606
1.76421
0.353222
0.00666719
1.03279
0.0360781
0.874435
0.917167
0.252129
-0.0643192
1.23145
-0.0841097
0.0219576
-1.15661
0.14234
0.890225
1.05594
1.68937
0.322937
0.133791
1.03271
1.47209
-1.00263
-0.581034
0.571636
0.603183
-0.182346
1.44448
0.143254
-0.440839
-0.0573392
1.96491
-0.0125013
0.00712631
-0.0779198
1.57315
1.0776
1.31101
0.999818
0.809871
0.475982
1.09345
0.607383
-1.74728
0.0797557
1.46635
1.10008
0.230802
0.698283
-0.178128
-0.1564
0.268944
-0.128447
1.37185
1.11048
-0.143415
0.238946
0.198907
-0.557238
0.00899518
1.93868
-0.160114
0.315139
0.00615928
2.03425
-0.1363
1.47687
0.21852
1.92889
1.76514
-0.678347
1.11624
1.05235
-1.2976
-1.00512
0.261443
0.00201217
0.647594
-0.11302
0.49626
0.275948
1.32103
-0.411991
1.64673
0.594256
1.20801
-0.554062
2.23487
-0.316009
1.36112
0.619541
1.11855
0.575416
0.732484
0.728612
0.863526
1.5388
1.56562
1.39625
0.136682
2.27525
0.337173
1.84809
1.97657
0.820467
0.398336
-1.955
0.0539455
0.282136
1.15987
1.83422
0.543259
-0.243219
0.544398
0.634695
-0.816291
-0.0610134
-0.610454
0.857421
1.84342
-0.158979
-0.129812
-0.614818
2.13083
1.25567
-0.00339108
0.581113
0.55213
0.238565
1.96306
0.99142
0.874667
-0.161585
-0.456936
-1.74778
2.07286
0.347238
-0.135515
1.52254
1.63813
0.247685
0.279508
-0.430165
-1.29354
-0.131773
0.604146
-0.152235
-0.871037
-0.00133417
1.83717
-0.0730894
1.09392
1.91986
0.835047
1.44896
2.26161
-0.357894
0.683422
0.491506
1.56708
2.03872
1.28906
1.46607
1.81671
1.54267
1.67196
1.25372
-0.0777441
-0.129394
0.960534
1.22096
0.546124
0.674159
-0.0583206
2.29916
0.980703
1.4492
-0.290603
0.226846
0.515933
0.112431
0.310025
0.431627
-0.144052
1.60162
-1.14629
0.814057
-0.589834
1.0623
-0.155376
-0.0665357
1.04242
0.893584
0.328997
0.0320639
-0.0645479
1.33817
1.09631
-0.934681
1.01993
-0.411465
0.677484
1.95342
0.829323
-0.212197
1.91553
-0.53857
-1.32713
2.21425
0.351647
-0.20239
1.09972
0.152905
0.187699
0.0993911
0.895323
0.0899469
1.04967
-0.96464
-0.411826
-1.27681
-0.698298
2.14739
-0.539669
0.205075
1.3679
0.541246
0.743989
-0.883363
0.477474
1.41201
-0.634381
1.1644
0.0242561
0.515027
0.471997
1.00412
0.207217
0.928673
-0.160397
0.592966
1.35128
0.845662
-0.65221
1.70672
0.467719
0.588395
2.04548
1.04719
1.5653
1.34807
0.57034
1.47254
1.98177
-0.951364
1.76284
0.792081
0.149447
-0.200175
0.941997
0.375888
-1.34518
2.02132
-0.227344
0.746067
0.494197
2.06546
-0.0280694
-0.293016
0.690829
0.0933786
1.01663
0.671465
1.50622
-0.0437564
-1.88089
-0.0858745
-0.685222
0.730342
1.70294
0.969675
0.172512
1.29072
1.36369
2.03797
1.98976
-0.409403
0.750072
-1.19648
-0.515546
-0.292187
0.517577
-0.0386515
1.006
0.542735
0.660284
-0.772955
0.577407
0.696426
-1.69436
-0.040373
0.184031
0.749983
0.190311
0.462692
1.18569
-1.25493
2.24262
-0.55811
0.00429105
1.88815
0.188333
0.274711
0.543033
-0.406467
0.868755
1.3651
1.71633
0.61973
-0.0479744
0.324102
1.35653
1.58736
1.68076
-0.0640347
-1.47851
-0.201177
0.736912
1.52613
0.485153
-0.0236453
0.035728
1.18079
0.572512
-0.772524
0.263358
-0.408826
0.749738
0.119951
-0.112233
-1.83983
0.723429
0.46835
0.909386
1.6891
0.796288
1.6336
0.184157
0.850626
0.332992
-0.72937
0.733993
1.25799
0.71782
1.09136
0.392598
0.114276
0.487356
1.6521
0.200582
0.123643
-0.379253
0.409637
-0.218721
2.3915
-1.10555
2.00877
1.96472
2.27763
0.968182
0.30975
-0.694242
2.01171
1.46007
-1.06584
-0.139393
-0.933416
0.170221
-0.141547
0.82613
0.247866
1.32572
0.0897306
1.7648
1.80573
0.315789
0.842214
0.40589
-0.057918
0.0164612
0.979014
0.94302
1.32503
0.16861
0.0599771
2.51747
-0.894179
0.78678
1.28034
2.07189
0.303605
1.92895
-0.467904
0.603276
0.540996
0.632043
0.477174
1.34664
-0.446664
-0.0126922
0.473513
1.2934
0.466287
1.8342
1.29818
1.77797
-1.9761
0.683335
-0.953897
0.949604
0.933298
0.0585155
1.3813
0.402492
-0.593049
0.270113
0.327633
-0.0730812
-1.63373
1.3581
0.648081
-0.854571
1.03498
1.01101
2.5499
1.48704
0.444957
-1.34068
1.03653
0.843416
0.840852
0.330481
1.37055
1.03523
1.54223
0.563673
1.36217
0.738083
1.56838
-0.02749
2.32174
0.140381
1.28282
1.47468
0.520624
-0.829338
-0.781685
0.959542
0.4315
1.17902
1.43111
-0.848636
-0.880271
0.304213
1.37556
-0.264482
-0.0273647
-2.24676
-1.01816
0.990221
1.21105
-0.788068
0.274356
0.791153
1.47588
0.587155
-2.49474
1.19492
2.98128
0.685795
-0.698186
0.522768
1.10574
0.269196
0.891612
0.442777
0.441292
-1.79487
-0.546397
0.767449
1.53728
1.2443
0.880053
-0.501377
-0.449793
-0.858138
-0.103677
0.920079
-0.811991
0.147836
1.92861
1.50423
1.63998
0.25011
2.13345
0.466157
1.36859
-0.961339
1.30475
1.04176
-0.164472
0.202199
1.16286
-0.208794
1.48137
2.15756
-0.317673
0.91793
-0.95469
-2.04873
-0.159537
-0.156318
0.971535
-0.91866
-0.0634555
1.84583
0.468384
0.220059
-0.675193
1.60526
0.932239
0.0527372
1.02289
1.43126
1.07827
1.21386
-1.26898
-1.30255
-0.393241
1.03376
-0.0828565
1.12933
1.56748
0.253448
1.10276
1.51102
0.567713
0.804806
1.65868
-0.258369
1.43584
0.425136
0.54314
0.341869
-0.988702
1.12549
0.971625
-0.246889
0.338604
0.395637
-1.06693
1.04364
-0.66529
0.780184
0.486912
0.0515853
0.236707
0.124188
1.41405
0.482932
-0.575083
-0.168653
1.14977
0.137701
1.22825
0.475803
0.178921
2.39853
-1.42132
-0.338797
-0.929429
-0.151504
-0.654297
-0.00613518
0.401261
0.162158
1.41436
1.51976
1.40687
0.121063
-0.490793
1.1057
1.39324
-2.56855
0.0424814
-0.0232767
-0.919165
-0.737499
-0.0168122
-1.00251
2.3532
1.51152
0.119576
-0.661623
-1.90081
1.36932
-1.98572
1.77509
0.320116
1.75473
2.03556
1.71921
-0.701063
-0.549083
0.487274
1.30381
0.882368
-0.193244
-0.836577
-0.01498
0.428226
0.478234
1.50947
0.822173
-0.817218
-0.627963
-0.178671
-1.35938
-0.599737
1.02422
-1.34685
0.223211
0.119111
-0.718873
0.243137
-0.55465
-0.379396
-0.46868
0.678311
0.160898
0.00937184
0.493208
1.0511
-1.0225
1.70328
0.0274314
0.440812
0.621424
-0.375817
-0.837051
0.75548
1.49904
1.56765
1.90994
0.727968
0.935748
-0.137721
0.0741382
0.215757
0.224334
0.305741
2.3096
1.00391
1.24935
0.474346
-0.383176
1.19664
0.485391
-0.535154
0.91202
0.374535
1.1792
1.62356
-0.570912
-0.0064774
0.573043
1.54247
-0.130857
0.619169
-0.0606077
1.40929
-0.723507
1.61243
1.26746
-1.30811
0.384617
-0.099606
-0.943673
0.132325
1.09366
0.646258
0.698192
1.31318
0.925371
1.71342
0.622216
0.740943
-1.67617
0.899124
-0.391297
1.72764
0.930599
2.23291
-0.429379
-1.40977
-1.1664
1.11714
-0.392354
-0.198478
-1.12053
1.09369
-0.844374
-0.0502501
1.08965
0.586339
1.02564
-1.49917
2.78272
1.05422
0.343518
0.440199
1.78648
1.34462
1.15703
-2.26625
2.83513
1.02666
1.39375
0.23069
0.493118
0.254747
0.461117
1.54879
1.7472
-1.38967
0.497952
-0.583656
-1.16338
1.33905
1.19575
2.45763
-0.171202
0.82099
-0.213749
0.624284
-1.12802
-2.06231
0.61063
0.936278
0.812215
0.970719
-0.437787
1.58018
0.784044
0.824888
-1.0156
1.71755
-0.933517
-0.183377
2.2356
-0.189832
0.563715
-0.177348
0.831056
1.58804
-0.581519
1.65908
0.730397
0.0482785
-2.04589
-0.431968
-2.35496
-0.423021
-0.0417093
-1.10567
1.41835
-0.09544
0.552973
-0.282378
1.48805
0.786827
-0.182191
-1.12327
1.05452
0.373959
-0.489989
0.700507
0.822988
-0.713277
0.397134
-0.4132
0.258896
-0.125389
0.679097
-0.228087
0.0904528
0.585778
1.32719
0.73903
1.62593
-0.313462
-0.240634
1.17679
-0.877114
0.777329
-0.730575
1.05776
-0.586203
1.22102
0.911634
1.7026
0.524602
-0.248551
0.614759
1.07128
0.868955
0.71905
-0.180534
1.26023
1.23961
0.670425
0.370483
0.149428
1.46645
0.237143
1.44517
0.136313
1.79118
-0.0029452
0.70031
1.63277
1.87125
-1.40787
1.11505
0.0468708
0.805098
-0.0907079
1.66681
1.28506
1.50986
1.55542
-0.450081
-0.42083
0.677611
1.17503
0.989282
-0.651632
1.09366
0.318674
0.483331
1.2152
-1.14021
1.84495
1.44299
0.748651
0.217234
1.39828
0.130188
-0.0989282
-1.49952
0.921436
-0.781865
0.442963
-0.0590268
0.808312
0.968288
1.60044
-0.0229154
1.29153
0.507714
0.463924
1.80266
-1.31388
1.52946
-0.16955
-0.922848
2.04493
0.760396
1.06986
0.925197
0.290111
-0.429606
-0.141855
1.59123
-0.56696
-0.270126
0.012743
-0.234585
1.1945
0.554335
0.231538
0.595599
-0.393349
1.78996
0.702167
-0.0215999
1.38587
1.50939
0.561256
-0.562318
0.182548
1.02384
1.32669
1.97556
0.223833
1.75403
-0.665531
1.3191
0.537506
0.856679
-0.69404
0.335666
1.17845
-0.0515742
2.03231
0.384849
-1.47596
1.35101
-0.953121
0.00888554
1.56823
-0.21347
-0.442367
0.957875
-0.752117
1.55172
0.735394
0.765621
2.4845
0.804999
-1.34919
-0.814584
-0.385762
-0.385567
0.6083
0.484799
-0.289222
1.62822
0.869838
-0.979605
-1.1991
0.434544
0.543101
0.918442
0.918292
0.401277
1.39994
-0.777906
1.30098
-0.0439809
2.35873
-0.257139
-1.24326
0.834775
1.60564
0.36508
0.356237
1.37799
-1.45088
0.361365
2.06923
0.155694
-0.715541
-0.113225
0.395015
-0.355352
1.84048
-0.648125
-0.00315049
1.27627
1.10016
0.518647
-1.74969
0.910815
0.481659
1.39676
1.37361
1.44296
0.376519
-0.420127
-0.446354
0.093023
-0.508956
1.63391
1.18769
0.639598
0.613495
-1.158
1.06378
1.5897
0.434195
0.527424
-0.694319
1.28108
2.14537
-1.61553
-0.350201
-1.0465
1.41413
1.66124
2.14459
-1.05433
3.23542
2.10205
1.41527
0.677279
0.883452
1.18921
0.0697604
-0.0275364
0.759518
-0.825267
1.82381
1.6388
-0.117613
-0.0968757
0.597305
0.981627
1.66853
-1.1296
-0.673712
-0.943875
-1.30155
1.32586
-1.26541
-0.920295
0.84758
2.44012
0.666786
-0.0667818
0.921752
0.070445
-0.101411
1.63424
1.30405
0.210549
1.14027
1.45982
-0.930068
0.562228
1.54896
-0.989769
1.54004
2.10179
1.16552
-0.0892272
0.849106
-0.109951
-1.07966
0.107119
-0.682868
1.42903
0.149639
1.60156
0.931256
0.3122
-1.22401
1.28651
0.69342
-0.592904
-1.16368
1.9228
0.445497
0.898947
-1.21488
1.50843
-0.90577
1.51272
-1.02286
0.311281
2.09335
2.99941
0.59972
2.18543
1.06473
1.07603
1.43613
1.28065
1.57074
-0.063306
0.475459
0.486259
-0.478718
1.73883
1.54366
-1.18305
0.390565
-1.17487
1.82446
0.79646
1.41302
0.0505356
1.18075
0.291228
1.88422
-0.0987997
0.87819
1.62599
1.80012
2.26908
-0.627055
2.18215
-1.21886
0.206396
0.33713
1.15083
-1.46462
-0.556768
1.20284
-0.115002
1.45361
2.57644
0.597908
1.58633
-0.395031
0.636415
1.21613
0.361289
-0.364928
0.905451
0.710521
1.06899
0.611434
1.15937
1.65881
0.136537
1.09838
-0.30643
-0.721946
-0.145126
-0.056273
1.19811
-0.0581054
1.42875
0.116737
1.09614
-1.00565
0.302057
-0.284182
-1.01531
-1.43803
1.93367
-0.481903
0.367036
0.305735
0.356364
1.21674
-0.143532
1.11723
0.685329
-0.173273
-0.227706
-0.376674
1.33836
0.706212
-0.840622
-0.544823
0.449144
0.730514
-0.0443934
1.05396
-0.475761
0.399265
1.31812
0.325036
0.450776
-0.288344
1.08293
0.638097
-0.713339
0.178186
2.34306
0.689808
-0.273911
1.54321
0.230568
0.168907
-1.1281
-0.411211
-0.461122
1.56956
-1.89757
-0.0766706
1.21056
0.960241
-0.218817
1.14234
-0.603484
0.543871
1.52367
1.30693
-0.535473
2.2143
1.41811
0.596289
1.09119
2.10151
-0.0259908
1.60616
-0.611277
-0.642799
0.290981
2.54065
-1.04484
-0.516901
0.969192
1.81832
-0.225419
1.65804
-0.13082
2.01929
-1.57516
0.27275
-0.0078861
0.542453
-0.41884
0.0700281
-0.112494
0.639156
1.82842
-1.14892
-0.507502
-1.5483
1.02507
0.994435
-0.523162
0.691801
1.5579
-2.56658
-1.68797
0.769254
1.86199
0.496701
-0.464592
-0.657336
2.20107
0.596457
2.0623
1.85049
1.16944
1.3635
0.267982
0.296648
-1.20156
2.61896
-0.234609
-0.75254
0.153324
0.818991
-0.146991
0.107545
0.42021
2.03756
-0.879157
1.14652
0.914636
2.15116
1.26781
0.743989
0.604838
0.816856
0.454095
-0.785071
0.804005
0.484621
-0.686136
0.671808
1.97549
0.015554
0.620493
0.421773
2.23661
0.376552
-0.671481
-0.869231
0.178446
-0.414006
1.02942
1.06171
1.02458
1.97685
1.63707
0.200497
0.80496
1.06388
-0.740875
2.62755
-0.32322
-0.58027
1.24147
2.01869
-0.245761
2.16328
-0.583262
0.292912
-1.16066
-0.550288
2.54014
0.962136
1.24515
-0.240225
1.03849
-1.00681
0.545108
0.59698
0.784587
0.617279
-0.264044
-0.0887566
1.2734
-0.0394439
1.27262
2.42819
-0.246692
0.721745
2.20913
-0.199593
0.576706
0.252509
1.65393
0.693392
0.616937
1.00925
-0.289417
-0.467921
0.0807695
0.421805
0.214171
0.161722
2.00323
1.66084
0.307054
-1.41215
-0.161727
0.685491
0.590262
1.82815
1.47886
0.375567
1.83454
-0.35497
-0.127945
0.993993
0.925623
1.63086
1.11318
1.85078
0.540115
0.732658
-0.628698
0.719213
2.39642
-1.14878
0.0845209
0.512072
0.273277
1.32691
0.710218
-1.01143
0.896879
1.34289
1.62782
0.818106
0.418431
-0.297213
0.686593
0.0618357
1.08469
-1.19671
0.844464
0.414165
-0.169882
-0.142681
1.67213
2.13369
-0.408561
1.33013
1.47883
-0.208429
0.421639
0.124043
2.58963
1.27502
-1.41505
0.444671
-0.435621
3.37785
1.25855
0.280902
0.262259
-0.105644
1.62853
0.574605
-0.160559
-0.482218
-0.352897
0.880257
0.804096
0.833062
0.896113
-1.28435
-0.561781
-0.143342
0.464864
2.06283
0.444201
0.584135
0.195225
-1.6076
0.642624
1.21222
2.17914
0.481471
1.43248
-0.602262
0.298849
-1.14964
0.480953
0.604505
2.22655
1.1579
1.20327
-0.478058
0.357372
0.208045
1.08714
-0.228411
1.22146
1.46182
1.19419
0.860073
0.183891
0.753962
1.16065
0.804698
-1.51251
1.64089
1.29417
-0.11798
1.70447
2.6083
-1.18065
0.0176444
0.646783
0.713405
0.945299
-0.368819
0.750399
-1.09749
1.69396
0.158515
1.57451
-0.302521
0.577522
-0.11015
-0.0333788
1.03696
0.969405
0.373455
1.32645
1.13869
1.64451
0.412535
2.10185
0.337343
-0.357205
0.32631
0.822669
2.0799
-0.00168002
1.69011
0.179008
0.579489
2.06298
0.198626
1.00245
-0.869432
0.0497555
0.565897
0.804508
1.34086
1.77003
0.893921
-0.97593
-0.923889
0.832131
-0.929554
1.56308
0.308667
0.0251639
-1.13265
-0.585928
1.74968
1.23431
2.27984
1.51383
-0.0746874
-1.20253
0.598417
-0.487623
0.609404
3.01909
0.946387
0.119361
-0.927166
0.163647
1.15611
0.917238
1.55857
1.29611
1.0904
-1.27298
-0.168577
0.689182
0.799466
0.412765
1.72552
1.78463
0.496224
0.913358
0.541394
0.598323
-0.209489
0.340436
0.179096
0.182284
0.148883
-1.45329
-0.12386
0.93683
1.53323
-0.314754
1.65432
-0.00135729
0.266306
0.00879681
0.627651
2.59249
-0.360281
-0.310912
0.912039
-0.267759
0.562372
0.642447
1.54342
1.39825
0.966872
2.03772
-0.684519
1.53048
0.194301
0.417958
0.630799
1.18565
-1.01526
0.0746292
1.32326
0.173108
1.17027
0.434879
0.55549
-1.06455
0.504783
0.744106
0.898845
-0.276136
0.868321
1.95384
0.955936
1.01455
0.967112
0.506395
0.59166
0.300231
0.251438
2.02806
-0.830453
1.55861
-0.644274
2.10117
1.09055
0.454776
0.128483
-0.1836
0.905356
-0.362882
1.08366
2.07743
-1.32707
0.932804
0.409079
-0.336674
0.151073
0.632541
-1.48326
0.575502
-0.312921
0.339045
0.743483
0.134225
0.0400256
-0.00327719
1.0519
-0.745018
0.351603
-2.0532
-0.0612487
-1.28481
1.16069
0.0592705
0.0541048
0.415845
1.69877
-0.35909
0.0216049
1.19157
-1.49572
1.19316
-0.00543789
0.372733
-0.144534
0.643348
1.75451
-1.06912
0.275341
0.0590147
0.972263
-0.569368
-0.58289
1.97713
0.752867
-0.892313
1.32191
0.264442
-0.40397
1.18822
-0.269897
0.689842
-0.604471
0.91142
1.31681
1.60198
1.03645
-0.342947
1.03138
0.861281
-0.351854
0.231015
0.561683
1.42516
1.79913
0.2992
1.08021
-0.288845
-0.0199203
-0.628947
1.0373
1.21783
1.91615
1.2375
-1.9331
-1.30079
1.9397
1.79286
1.00297
-0.232769
0.679088
-0.827633
-1.45236
0.538862
0.466572
1.10613
0.972952
0.745794
-1.74656
1.80047
-0.0725908
2.08493
-0.224496
1.76773
-1.37844
0.0463214
0.676206
1.82244
2.00322
0.918544
-1.31598
0.0651895
1.26463
-0.0826499
1.47932
0.380123
2.21347
0.339719
1.07556
0.191742
1.54878
0.753806
0.648032
1.25158
-0.0606254
0.706996
-2.56952
1.00669
1.04498
-0.925702
0.294898
1.24598
1.18467
1.23439
0.0280018
0.672029
0.760641
0.642974
1.83611
0.376121
0.0381859
0.74839
0.00750533
0.213658
1.08384
1.14233
1.60648
-1.38294
0.638224
0.534082
2.29687
0.423481
0.955729
0.257123
0.340058
-1.14575
1.32525
-1.89865
-0.720187
0.756772
0.0281734
1.89917
0.357076
1.08259
1.09712
0.208728
1.39393
0.838073
1.77839
1.00247
0.229112
1.02109
1.94843
1.95676
1.50889
0.947407
-1.59751
-0.169978
0.597348
2.56532
0.287325
0.297654
1.09459
0.210477
1.1698
0.00644828
-0.698521
0.263957
1.2792
2.03823
0.719291
0.466902
-0.300699
-0.724383
1.33058
1.55071
-0.165845
1.28824
1.6921
0.237938
-0.800663
2.5875
-1.23087
1.50139
1.26078
0.12886
0.503732
0.50182
0.257408
0.350225
0.399141
-1.40719
1.17513
2.25563
1.78486
-0.233428
0.0538629
0.500687
0.0957258
0.805271
0.435877
0.4307
0.638313
1.22697
0.910709
-0.460491
2.10489
1.95132
0.190917
1.65641
0.53101
-0.230636
1.28634
-0.400649
0.00534011
-2.38899
2.54844
0.373966
-0.00605984
1.12759
0.0363968
0.733547
0.267305
-0.441741
-0.36956
0.782528
1.98119
0.879314
1.33348
-0.240375
-0.217789
-0.389095
0.151878
-0.494026
0.820031
1.54311
0.0518709
1.7443
0.411627
0.110837
0.900706
1.46702
1.39636
0.504797
2.32436
-0.62583
0.697103
0.814445
2.11134
0.414182
2.22129
1.28891
0.508247
-0.27511
0.348355
1.26587
0.00231798
-0.912904
-1.22567
0.543663
1.04309
1.3271
-0.183172
0.431316
0.0167568
0.323939
0.136573
-0.761365
-0.103319
1.22793
-1.20414
1.44087
-0.195379
-0.567109
0.640473
-1.52974
0.817884
0.856928
-0.290574
0.0989062
1.03576
-1.55505
0.378317
1.95476
1.68634
0.110314
0.322074
-1.05397
-0.0556617
1.68039
-0.191815
1.49595
-1.41687
0.617378
2.01564
-0.0856781
-0.143859
-0.216788
-1.18079
-0.276943
0.031089
0.615734
2.30392
0.55099
2.38556
-1.79156
-1.45063
0.509576
0.626031
-0.675598
-0.243619
0.571724
1.02001
-0.800973
0.831203
0.240292
0.477865
-0.369081
0.644978
0.0173749
-0.645303
-0.983974
2.49149
0.981112
0.870218
-0.537381
-0.136567
0.46009
0.356018
-0.264478
0.469324
0.39137
0.0559447
0.601678
1.20995
0.569099
0.23014
0.670512
0.840348
-0.184555
1.28884
0.585068
0.765101
1.08046
1.50737
1.56405
-0.232215
-1.40781
0.866345
0.741174
1.55463
0.797983
-0.976806
0.648445
-0.394708
0.999591
-0.148624
0.255014
-0.302629
-0.405658
1.45952
-1.07928
1.86684
-0.853693
1.70566
1.84823
1.04608
0.0540934
-0.377811
1.01825
1.52747
-1.26454
1.33659
0.554891
0.57258
1.08079
2.27839
-0.703557
0.906003
-0.645755
0.383317
0.0994264
0.097162
0.517748
0.272152
-0.310693
1.82002
0.41163
-1.22448
0.272733
1.54291
0.728153
1.35689
1.281
0.934134
2.59297
2.65522
1.23887
1.42136
0.410608
1.15561
0.625311
-0.162937
1.94719
-1.28884
0.14241
2.6634
1.03949
0.335559
0.764787
0.754328
0.212588
0.342193
1.59144
1.53375
0.510367
1.12973
0.057616
-1.36236
1.22576
0.70518
1.01482
-0.265743
-0.817521
-1.28366
1.11065
0.629954
-1.36062
1.26791
0.150446
1.97065
1.41363
1.38175
0.52442
2.55795
1.00694
0.663005
-1.10598
-1.24774
1.19028
0.659092
0.504506
0.994482
0.179438
1.49378
-0.109059
0.629285
0.0300053
0.808164
0.53143
1.77431
-0.457665
-1.55346
1.15459
0.33089
0.925466
-0.506136
-0.67215
0.574753
1.22061
-0.86856
1.95977
0.217169
1.24082
1.60762
0.763571
0.731235
1.17165
-1.50088
0.821561
-0.416719
0.792509
1.89694
0.240404
1.72203
0.545417
-1.13434
-0.208433
0.277512
2.3431
0.632274
0.250501
1.14918
0.173843
0.521474
-0.108213
0.143862
3.23791
1.02293
0.989994
1.71967
0.844258
0.765911
0.951785
0.828328
1.95154
1.30219
1.8827
2.51733
-0.42798
0.905994
0.340154
0.427197
0.948914
0.452827
0.977225
1.90763
1.34533
0.350904
0.983867
1.26993
1.28348
0.814784
0.452438
-1.22957
-0.29391
1.1072
0.399737
0.705529
-0.195315
0.425349
0.5483
-0.25065
-0.546782
1.44479
0.965733
1.65172
2.06306
-0.0402465
0.185086
-0.217229
0.784822
-0.451507
0.15356
1.1552
0.0903246
0.650672
0.798925
0.782586
0.61639
0.929388
-0.107311
1.14078
1.21362
1.31831
-0.285604
0.376649
0.0943902
-1.33916
-1.54909
0.838914
-1.44872
2.32797
-0.315316
-0.578141
0.14105
-0.116615
-0.975186
-0.107849
-1.54269
1.56408
0.332119
1.84667
-0.998328
2.89537
-1.19416
-1.79977
0.143169
1.47266
0.838336
0.586985
-1.08035
0.081424
0.377385
-1.03077
-0.743111
0.460863
0.643538
0.835551
2.10663
-0.553532
0.635032
2.18526
0.888382
-1.59912
-0.935023
1.17178
1.26548
-0.260192
-1.86726
1.01334
1.72671
-0.117957
1.48568
-0.083678
-0.161423
1.26321
2.14021
1.46043
0.718803
1.61178
1.41565
0.818515
1.50035
1.71015
0.646873
1.56974
-0.0368157
1.5551
2.8324
2.40775
0.100707
1.88249
1.23613
1.35309
1.32603
-0.0513753
0.413624
0.934643
1.24278
1.31574
0.24377
-0.164183
-0.0789541
0.618389
0.209376
0.440544
-0.0143854
0.0821678
0.105191
0.147233
-0.730569
0.406029
0.360727
0.881914
0.398081
1.39338
2.40776
0.655011
-0.744579
1.34346
0.728414
-0.347836
1.96672
-1.02996
0.673135
1.56541
0.289297
1.28307
-0.516666
0.574425
1.14464
-0.518545
0.186481
1.158
0.0549248
0.556676
0.686485
0.326579
-0.186
0.259893
0.854919
1.5394
-0.114703
1.17257
-0.761252
0.940594
1.04267
1.75862
0.944333
0.0332593
-0.859294
-0.55017
1.02985
0.342481
0.289058
0.798032
-1.11184
0.113763
1.37833
-0.551551
1.6637
0.297971
1.27383
-0.91735
1.08934
0.704492
1.12976
0.109718
-0.24732
-0.600094
-0.0432422
-1.99627
1.79835
1.04551
1.04056
0.0401547
1.11314
0.137995
2.46553
-0.143867
1.31768
-0.540985
-0.8235
0.545878
-0.390001
0.425546
0.238382
-0.0646728
0.0807034
0.30924
0.278418
0.372392
1.80965
-0.590476
2.07951
-0.487227
0.148403
1.15096
-0.752587
1.37296
-0.916731
2.20363
1.20855
-0.0328618
0.777001
0.578038
0.353878
-1.13644
0.49512
1.23272
1.15081
-1.8535
0.175613
1.86643
-0.100626
0.0730227
0.675636
-0.170415
-0.85878
0.23519
-0.929212
1.93082
-0.34029
2.24374
0.798848
1.84506
-0.0561643
-1.03571
1.56833
0.0142317
1.62439
2.55209
0.00860415
-0.341486
-0.944387
1.47646
0.436029
-1.092
-1.80507
0.890576
-0.120586
-1.52341
0.725325
-0.210662
-0.269943
-1.10428
0.899
0.655635
0.91706
1.79931
-1.65406
0.779053
-0.187424
0.369062
-1.10636
2.12966
-0.734713
0.889732
0.863612
-0.503855
-0.079969
0.592903
-1.70657
1.56443
2.90722
0.246506
-0.656331
1.2578
0.103397
2.50783
-0.531233
1.65725
-1.75598
0.594218
-1.44875
1.79351
-1.69383
-0.748838
-1.41352
0.504235
-0.033097
1.93007
-1.06564
0.771501
0.892529
0.657023
0.11445
-0.581837
2.23085
0.734504
1.38805
0.0687972
0.367138
0.799255
-1.08409
1.18393
0.222845
0.217739
1.28672
0.477253
1.27856
0.756216
1.11411
-0.666091
-0.566658
-0.0500801
1.2474
0.315217
0.652558
-0.0679599
-0.713147
1.31775
-2.45827
-0.473073
1.14963
0.599505
-0.548901
1.43357
2.25834
-0.485667
-0.237099
1.31163
1.24785
0.0507934
0.33586
0.0410544
-1.70046
-0.641582
1.75922
0.587598
1.09833
-1.43092
-1.58978
0.488382
-0.764564
1.63881
1.59909
-0.719019
-0.419161
0.0149589
0.779478
-0.307967
0.236215
1.10482
-1.06278
0.040966
0.433986
-0.0105952
1.31037
-0.413978
0.782647
0.0349515
-0.850316
-0.126655
1.73537
-1.9887
2.17056
0.630562
1.34215
1.0249
0.987011
0.670624
-0.101099
-0.713372
0.658351
0.945989
1.55167
-0.239687
-0.847595
0.0352592
-1.60053
1.89876
-1.30638
0.0125056
1.20442
0.614812
0.621161
1.63252
1.41984
1.16707
1.44008
1.11911
-0.112544
0.579583
-0.218532
0.173858
1.26918
-0.184609
2.04786
0.600268
1.78257
1.49633
1.91133
1.63992
1.8805
0.338826
1.67328
-0.875004
1.29212
0.152109
1.16268
-1.87981
1.75472
1.83024
0.230448
-0.417532
0.581636
-0.268899
0.303427
1.78233
0.706646
-0.581096
1.63171
0.525604
-0.152438
0.176782
0.930545
1.08296
2.52535
1.67904
-0.141707
1.09653
0.392727
-0.672539
0.597606
-0.136002
0.910261
1.61704
1.17027
-0.0310325
1.29256
0.778697
2.04651
1.39995
1.31157
-0.58814
-0.635361
0.171076
1.19828
0.0947576
1.43268
0.235748
1.19401
-0.00890379
-0.948387
1.78981
-0.57027
-0.411065
-0.424596
-0.809807
0.825929
-0.705108
-0.663358
0.525983
1.24148
-0.508997
1.11811
-0.784552
1.10551
0.772242
1.26277
0.863073
1.06871
1.59648
1.59394
1.40264
1.38638
0.413178
0.142899
1.94728
-1.57431
-1.80451
2.01633
1.31042
0.065007
1.84634
1.20046
-0.691156
2.4261
0.608847
1.79202
-0.339401
2.16665
1.89421
-0.254657
0.861636
1.55182
-0.761806
2.71911
0.787322
0.0607288
-0.00226473
-0.424574
1.23216
2.79859
1.55648
-0.124977
-0.377042
-0.611313
1.50525
0.0536509
0.638063
0.208361
0.234821
1.98706
0.0979173
-0.353338
0.23855
1.3987
-0.0370877
0.988589
2.56455
-0.17151
0.414353
1.02058
2.09478
-0.986295
-1.01745
0.732254
-1.54404
1.8593
0.54936
2.04003
1.74236
1.61435
0.634369
1.45679
0.784636
-1.22218
0.714989
0.610633
0.28835
-1.07682
1.60453
0.517529
-0.012205
1.14404
-0.20391
1.21548
-0.0202446
1.37946
-0.243519
0.354364
0.606562
0.347355
-0.205424
1.16923
0.0153828
0.677624
1.58495
2.18728
-0.197378
0.884402
2.08897
1.02289
1.14459
1.19708
0.0952376
-0.266941
1.23565
2.28611
0.481317
2.01809
-0.197462
0.581647
2.61131
0.660133
2.08797
-0.183693
0.0488206
0.62775
0.646241
1.0288
0.94012
1.43943
-0.443662
1.20658
0.956193
-0.22163
-0.089832
0.924074
-0.55579
1.7119
2.11346
-1.99447
0.233082
-0.596407
0.140343
0.981465
0.179529
-1.00271
1.36863
0.465254
1.95374
-0.171142
-0.298514
0.156317
-0.753763
-0.0798572
1.29438
-1.00821
1.00239
-0.0312301
1.08245
0.11835
-0.304794
0.353858
-0.0174843
0.0667015
0.397495
0.0175616
0.00544254
2.22397
2.0554
2.14878
-0.0139746
1.61713
-0.274833
2.17133
0.519768
0.693708
0.844961
1.04109
0.501823
0.826302
1.30664
-0.437165
1.12126
1.2767
-0.318603
0.313765
1.42577
1.23227
0.632341
0.219682
0.000892957
-0.462493
1.39666
-0.655937
0.255799
-1.07215
-0.76234
1.09832
0.550656
1.16756
-0.286112
-0.108834
-0.554865
0.33579
2.40653
1.40431
2.72044
0.297434
-0.566414
1.31187
0.748783
0.899444
0.319379
-0.546304
0.616235
-0.174752
-0.586249
1.07014
2.07905
0.874452
-0.956321
0.0403737
0.317346
-0.183063
-2.04142
1.81533
-2.34503
1.48416
0.316977
1.55655
0.42293
1.90973
0.0624868
2.31829
1.69194
1.67863
-0.664421
1.12089
-1.29795
1.9426
-1.30883
-0.131923
1.7433
0.116401
-0.219938
0.997308
1.31435
-0.346502
1.5317
0.0746407
-0.699879
0.852589
0.625346
2.45648
0.910198
0.876642
0.162234
0.492996
0.305792
0.581584
-0.811797
0.223675
1.92207
1.38737
1.68054
-0.297525
0.660613
0.535457
1.87124
-0.122478
1.19972
-0.586746
1.52588
-0.692174
0.6134
-1.91296
0.795777
0.224829
-0.0195034
0.0358817
1.54211
-0.130188
-0.0974492
1.19143
-0.25426
-0.531964
1.50592
2.02125
0.726566
1.62159
1.31794
1.51554
1.37785
0.231875
-1.5207
1.36821
1.34652
1.02098
1.73866
-0.253064
0.00794562
1.82756
1.86858
0.60717
-0.065853
1.57023
0.320882
-0.225248
0.964012
1.08455
1.72127
0.862299
1.3512
0.0631999
0.984081
0.51568
0.301406
0.923695
-0.374003
1.04505
0.408058
1.47753
1.56527
-1.64898
-0.226675
0.466504
0.539004
0.854878
0.772045
0.22433
0.484345
1.04779
-0.964742
-0.206453
0.23363
-0.114115
-1.98751
1.99322
0.82153
0.368697
-0.696221
0.174525
2.14484
-0.576973
0.732885
1.75174
1.74661
-1.56203
0.975115
0.235716
1.24125
-0.8094
-0.318738
0.196752
1.19651
-0.45255
1.44415
-0.939516
-0.0207778
1.60286
1.89446
1.58846
1.34732
-0.579317
-0.426928
0.834758
1.20271
-1.116
-1.87358
-3.0073
0.0534115
0.270257
0.0185641
2.01261
-0.105234
0.665618
1.66382
1.06696
0.927735
-1.56796
-0.136009
0.381888
-0.0592403
1.44498
0.319738
1.11691
1.1323
0.797017
0.603687
1.38265
0.201091
0.190054
0.74894
-0.753344
-0.718223
1.27365
2.41929
-0.428945
2.14554
1.59217
0.821431
-0.796291
-1.48089
2.331
0.226559
0.54578
0.160667
-1.54969
0.404346
-0.480909
0.555394
0.787681
0.57526
-0.270222
0.674704
0.631132
0.273134
0.00311176
1.7578
0.0643057
-0.139635
0.093279
1.32189
-1.2157
-0.83891
1.5795
2.24051
0.345769
-0.33626
0.951547
-0.321581
0.148671
0.275061
0.9486
-0.452208
-1.51293
0.513334
1.2008
1.93873
2.27463
1.75241
1.03645
0.192246
0.877833
0.846393
0.5094
-0.359746
0.215358
0.636566
0.0916346
-0.931851
0.721396
0.742526
-0.482566
0.47922
1.49123
-0.211661
0.13056
1.77939
1.66081
-0.656955
1.43299
0.250928
0.534805
0.657335
0.715865
0.167033
1.1042
2.11898
-1.88025
1.85208
0.917118
-3.01703
-1.0236
1.59729
-0.567158
1.39295
0.631191
0.859543
0.241647
0.523621
-0.323634
1.40678
0.399136
0.67519
1.30613
0.626926
0.36679
-1.00191
-0.281698
1.308
0.207071
0.522453
1.78679
0.39694
-0.875409
1.65735
0.541937
-1.19373
0.535142
0.337611
0.90444
0.882852
-0.31807
1.02612
0.445489
-0.385446
0.482921
0.192579
1.24918
-0.124388
0.833789
-0.325438
1.09672
0.976218
0.500467
-0.828719
-0.591468
0.955731
1.10738
0.865462
0.393664
-0.740666
-0.221148
0.451233
1.31428
1.21767
1.74326
-0.588388
0.628317
1.94348
1.50974
-0.0826071
0.331344
0.74656
0.431899
2.03962
0.334469
0.877795
1.01354
1.04148
1.69379
0.343223
1.64341
-1.25419
0.583266
0.902834
1.09846
0.148249
0.447289
0.436394
0.737483
0.956083
-0.330404
-0.807747
0.86171
2.16587
1.04645
1.34844
-0.358652
2.42023
-0.390304
2.41326
-1.11223
-1.1091
1.17485
1.85337
0.296078
2.36444
2.18699
-1.58341
0.0537804
1.02257
1.16465
0.764109
0.813805
0.332835
1.51869
1.31657
0.652331
1.3066
0.211747
1.04413
0.516269
-0.0216666
1.49195
0.150945
0.543313
0.904223
0.370954
-0.205715
2.31924
0.199381
-0.737474
-0.243388
1.03014
-0.915613
1.25193
1.61712
0.164855
0.150658
0.914807
1.49337
2.08047
1.20042
1.38907
0.403885
0.138439
1.06998
-0.0721014
2.43085
1.52564
-0.265974
-0.20621
-0.244753
0.830463
0.752751
-1.00531
0.0137607
2.07575
0.0958108
1.92831
1.0686
-0.38973
0.147092
1.84095
1.50165
0.800784
-0.208696
1.42084
0.698041
1.37957
0.687327
0.903379
-0.240718
0.747112
1.12831
1.09589
1.53908
1.02073
0.444215
0.446289
-0.0280025
0.934418
0.5402
1.03298
-0.229041
1.30884
0.140094
0.727659
1.18497
3.04428
0.172907
0.670827
1.83961
0.280211
0.593731
1.73229
0.415575
-1.45683
1.41568
1.47908
1.45797
0.202244
1.2471
1.15722
1.27143
0.765802
-1.11733
1.23004
-2.18733
0.243789
0.548146
-0.0371179
0.547809
1.53939
1.99028
1.83153
1.61988
0.870405
-0.168259
-0.834477
1.14269
0.770185
0.64785
-0.673992
1.59352
1.65231
2.02245
0.934812
0.069348
1.9412
0.521585
-0.574416
0.315429
0.461301
0.913501
0.867027
0.515505
2.49911
0.883217
0.79625
0.624197
0.585883
2.08505
0.858326
1.25997
1.65689
0.531279
0.130977
-0.276642
1.39186
0.0269586
0.990465
1.6294
0.304535
0.422476
1.62413
-0.507977
0.851863
0.564895
2.04993
0.505132
1.02959
0.591469
0.2132
1.59422
1.57954
1.08372
0.653355
0.421554
0.314001
0.432315
2.21203
1.1973
1.17772
0.87498
2.06102
2.01647
1.89906
1.49305
0.435804
0.529507
1.86595
-0.564159
-0.812414
-0.316305
0.717801
1.00728
0.135674
0.365324
1.72598
0.496911
1.20966
-0.499888
-0.562278
0.068126
0.830182
0.371397
0.495991
1.82924
0.246258
1.18791
-0.401527
2.94535
1.15283
-0.891563
0.610508
1.79107
0.107622
1.56264
1.88146
-0.483542
2.06402
1.35943
0.0528371
-1.37523
0.081645
-0.00641838
-0.570714
0.0467001
-0.271955
2.45318
0.574677
-0.371865
-0.430506
-0.153764
1.16449
0.437734
-0.546636
-0.8463
0.221349
0.648233
-0.973867
1.04837
0.466119
0.271096
-1.05294
2.599
1.36855
0.844022
-0.548111
0.72129
1.73513
0.116509
-0.236855
2.18663
1.08249
1.98679
-1.07886
0.960161
0.831611
0.205029
1.05229
-0.224628
1.62425
2.31097
1.52489
1.6825
2.47095
2.03127
1.69285
1.20304
-1.07937
1.61256
0.267253
0.108341
-0.143649
1.0182
0.957696
0.290167
1.79303
0.597592
-0.605011
-1.50907
-0.123313
0.842279
-0.1484
2.18313
0.962346
-1.80646
1.05902
1.25554
0.75681
0.742902
0.128554
1.58781
-0.19466
1.12617
-0.00399824
0.53699
2.01249
0.454217
-0.0412989
-0.126625
-0.48789
-1.66099
0.598485
-1.27254
1.77795
0.0544898
-0.379639
-0.36849
0.825666
0.911969
0.31253
2.31559
-0.665428
0.974407
1.89131
0.780515
0.595051
0.396685
0.404332
1.11193
1.29231
1.84924
0.720329
0.340341
0.52462
1.03783
0.204126
1.0732
-0.515387
0.692698
0.244146
0.771989
1.69087
1.95403
1.01735
0.640731
-0.617189
0.640614
0.283221
-1.0001
-0.373025
-0.655285
0.0790314
-0.122514
-0.600161
0.177445
-0.367116
-0.424751
-0.518503
0.477223
-0.533298
0.325347
-0.888413
1.07448
-0.947072
0.142683
1.05853
1.29926
0.932638
0.641985
0.26888
1.125
-0.155232
0.756254
0.8887
-0.162895
0.846408
-0.470917
1.56633
0.987302
0.342301
-0.538602
1.40916
-0.444184
0.720175
-0.755396
-0.964547
1.94993
1.34724
2.23048
-0.00216753
0.510128
1.45371
-0.758829
1.43889
0.779619
2.13083
1.34096
0.835561
2.12815
0.367354
1.28046
-0.913605
0.665672
0.965791
-0.327814
-1.69595
1.6348
-0.922665
-0.0305243
1.05627
1.6652
0.844513
-1.01523
0.518769
1.05437
1.16915
1.49859
0.783423
1.81291
1.69383
-1.0984
1.24888
2.11952
1.46957
0.00947095
2.04761
2.29329
0.14109
0.337365
0.646448
-0.105144
-0.763738
0.958272
0.23526
0.0714853
1.15725
2.25016
1.46569
1.4738
0.338088
-1.04746
0.417759
1.91868
0.771832
2.33094
0.660732
1.44813
-1.62653
0.714269
0.610575
0.768482
1.24969
0.171745
-1.20599
1.76199
0.737003
0.627234
1.08015
0.0593028
0.971854
0.288008
0.183333
0.267764
1.32558
-0.291706
-0.510151
1.04538
-1.45683
0.608056
-0.769315
1.03671
0.716462
3.12393
0.845353
-0.550601
0.053483
0.344101
-1.11519
0.554874
-0.94175
2.24521
0.708045
0.592268
1.71319
0.633758
1.54156
2.36129
-0.28598
0.431662
0.285756
0.301993
-0.425536
0.649635
0.0448754
-0.598635
0.900107
-0.103488
0.208706
1.37211
0.56615
0.85001
0.993175
2.64363
0.377188
1.46161
2.78724
-0.465284
0.00598715
1.67248
0.46239
2.43731
0.309935
1.78381
-0.44041
-0.496196
0.492625
1.73502
1.04422
1.26499
0.969333
2.16846
0.663419
1.16896
0.849047
0.769452
-2.12989
0.0505317
1.62867
0.531355
-0.639651
0.0862966
1.33211
1.34475
-0.127234
1.55027
0.995896
-0.908693
1.01582
-0.6922
1.65836
-0.835023
1.41394
1.52231
0.422816
0.83036
0.0764567
-0.716775
1.89776
0.832611
0.663434
-1.01086
-1.1659
-1.33839
0.444326
0.463855
-0.141044
1.19167
-1.61312
1.11052
2.40076
-1.23649
0.839201
-0.807587
-1.72934
1.06018
0.577518
1.69304
0.267524
-0.490551
0.602319
1.03583
0.902289
-0.228055
1.11076
-1.01575
-1.02635
0.88483
0.738814
0.931902
1.00854
0.0967295
0.887421
0.686758
-1.40106
-0.302402
1.09476
-0.347865
0.478455
1.35175
-2.08315
0.379436
0.633113
1.40286
-2.00059
2.1344
2.01791
-0.89455
1.42076
-0.244083
1.7923
1.84247
0.901178
0.732899
2.72974
1.85812
1.22961
-2.41201
-0.904201
0.966265
0.874772
2.11156
1.13336
-1.59298
0.27945
-0.0476946
0.488348
1.07428
1.00541
-0.420551
1.02719
-0.332755
-0.202828
1.3345
1.56819
-0.361815
-1.51623
-0.293775
1.36129
0.980179
0.70968
1.25097
1.53717
1.17716
0.549782
1.89684
2.00187
1.93817
0.115286
1.01171
0.795021
0.710177
1.03852
1.09771
-0.134861
2.08011
1.4692
0.533027
0.0626701
0.848559
0.528339
-1.51227
2.31096
0.821587
1.20464
0.98702
1.56506
-0.0827838
-1.3978
1.67256
0.042603
1.08553
0.662813
1.04248
1.01942
-0.170669
-0.459477
0.410924
-0.990053
0.287802
1.93798
1.37657
1.97974
0.184601
1.46231
-0.0712472
-1.87287
1.92668
-1.11766
1.21087
1.65261
-0.59972
1.90201
1.18623
1.06477
1.13129
1.02508
1.5654
2.48634
-0.640229
-0.375699
0.522605
1.70454
0.0547048
0.954691
0.932056
-1.25261
0.404002
1.03144
-0.36641
0.150754
-0.754314
-0.523313
0.698571
1.77226
0.382145
-0.223105
1.08414
0.734095
-0.44426
1.53564
0.949129
1.09735
0.486015
0.967123
0.689368
-0.403793
-0.0141699
0.338419
0.249971
0.296564
0.876086
0.606709
1.02129
1.75568
0.304219
1.04122
0.125988
1.65046
0.401556
0.430723
-0.322161
1.80483
-0.276442
-1.41081
0.824217
-1.53578
-0.100554
1.73656
1.22427
1.88368
0.654392
0.0621708
0.362409
0.306141
0.838201
1.09877
1.27737
0.55473
0.509146
0.128519
1.32013
0.849854
1.18268
-0.0240069
0.588411
1.1057
2.21059
0.301273
0.27457
0.0776159
0.83259
0.307998
0.0144339
0.406722
1.82088
0.797698
1.29974
-0.438074
-0.442731
1.70474
0.0726161
-0.565507
-0.141777
-0.168649
0.986318
0.619387
1.30856
1.13969
0.46843
1.64093
0.0440596
1.60878
1.06335
0.423136
-0.427973
1.43047
-0.172552
-0.567952
1.97
2.07078
-2.3548
0.110409
-0.201607
0.578027
1.70248
-1.03813
-0.459863
2.07452
0.7288
1.79276
0.537066
0.158519
0.731669
0.778812
1.36681
1.71196
-0.507416
0.729714
-1.20021
0.774094
0.573073
-0.125499
0.394907
-0.0193226
-1.8851
-0.443573
-0.095356
1.41757
-0.737137
0.933449
-0.254243
-1.20141
2.70116
2.9123
0.140364
0.583355
-0.118351
0.642937
0.0848385
0.275211
0.781664
0.672074
0.023656
-2.50059
-1.12424
1.33004
-0.119741
1.32525
-0.592721
-0.166045
-0.726976
1.72332
1.42818
1.50808
0.493635
0.835337
0.629045
1.25066
1.58139
0.705445
1.09804
0.746027
-0.664271
1.28938
0.60002
2.24366
0.379142
-0.0569039
1.07106
1.35792
1.23425
1.48765
0.979783
-0.51247
1.3035
-0.648469
0.211752
-0.0423579
0.7836
-0.142125
0.915529
1.04014
-1.43609
-0.601425
-1.45267
-0.560195
-0.658459
0.20571
1.08724
1.18749
0.493091
0.387074
1.05483
-1.05918
0.267919
0.289896
-0.652343
0.33906
1.01559
1.0872
-1.31677
0.440067
-0.413537
-1.93134
-0.114561
0.707494
0.87422
0.497335
0.622847
1.4481
-0.424487
0.283869
0.0234379
-0.541339
1.06063
-0.220996
-0.440447
2.30383
-0.483868
-0.940646
0.233856
-1.27102
-0.0370241
1.50816
-0.0186876
0.638474
-0.0765303
0.852016
0.878259
0.807229
0.312878
-0.014976
1.22293
-0.0290433
-0.621085
1.02986
0.178576
-0.631757
-0.304664
0.0638421
0.281347
1.94837
-0.559018
0.545009
0.0518932
0.0701672
1.09462
1.96572
0.656841
0.614938
0.280715
-0.758583
-1.79727
1.52411
1.32948
0.567337
1.58555
0.437037
0.144956
0.787202
1.22294
1.80186
0.32206
0.894145
0.527398
0.934271
-1.38578
1.45873
1.69034
1.0491
0.63939
1.36547
-0.21513
-1.35253
1.66565
-1.44508
-0.744385
1.63415
1.56652
2.13455
0.813463
0.0454389
-0.595062
-0.530174
1.39676
-0.905236
1.03379
-0.236322
1.30173
0.994891
2.00516
0.294533
-0.0320678
1.30428
0.735629
0.395924
0.958994
0.809649
0.154083
0.58933
0.0607223
-0.554774
0.119535
0.771859
1.19899
1.91651
1.32978
-0.633478
-1.14116
0.218942
-2.20261
-1.77834
0.213677
1.25008
1.96685
1.20958
0.51224
0.0620251
1.72548
-0.381335
1.93867
0.115251
0.584841
1.79807
0.14063
-0.846452
0.906165
0.517232
0.737804
0.0200615
0.971846
-1.1767
-0.535292
1.00863
-1.23752
0.281109
0.627301
0.298542
-0.416548
-0.922801
1.20384
0.4008
1.15014
0.819903
-0.987162
0.174725
0.804346
0.416227
-0.112635
0.1371
1.22269
1.32656
0.941073
0.711754
0.609378
1.10779
-0.441834
0.152009
0.321222
1.92312
-0.256484
-1.46792
-0.345849
1.28338
1.43925
-0.316573
0.203958
0.979945
-0.0607178
-1.42762
0.0845977
0.821747
1.14674
-0.313945
-0.860067
0.295839
2.82549
2.36318
-0.818805
-0.51236
-0.219549
0.315897
-0.170552
-0.444784
-1.51321
0.00261898
1.32859
0.811204
-1.76284
-1.01591
1.02704
-0.0551152
-0.37643
0.589288
-0.2745
1.40746
0.46402
-0.226741
-0.428475
0.328711
1.40669
1.23485
-0.712597
0.369919
0.291785
0.442464
0.849812
-1.33934
-0.0623838
0.144885
-0.146323
0.0719398
-0.238877
1.23958
1.75078
1.20553
0.207536
-0.51354
0.394746
1.11172
0.329534
0.871116
-0.742929
-0.0475707
0.374731
-0.375225
-0.767441
-0.647902
0.892636
0.451218
0.44584
2.28085
0.798062
-0.166329
-0.0233262
0.882457
1.63174
0.910884
-0.498337
-1.00272
0.128332
0.521862
0.00388695
-0.776233
1.71502
1.64316
-0.590625
-0.648592
1.13838
0.410791
1.6189
0.59429
0.464947
0.336198
-2.40715
0.103414
0.153122
1.3425
0.59469
-0.382938
0.154958
-0.057697
0.813148
-1.26591
-0.122071
-1.91727
-1.04614
-0.582326
-0.748803
-1.53882
-0.593397
1.35116
0.745387
1.37946
-0.483189
-0.586169
-0.442081
0.0568143
1.76224
1.10839
0.219119
1.10856
-0.763184
1.35667
-0.529037
-0.888444
-0.273031
1.0216
0.987603
1.89125
0.33647
0.0324549
1.56042
2.09433
0.54497
1.22166
1.19325
0.722886
0.352354
0.830542
0.0579635
0.499621
-0.824745
0.676811
1.10218
1.45268
1.3482
-1.07376
0.598076
0.196966
-0.401526
1.00608
1.45716
0.217638
1.00603
0.488201
1.20496
1.40907
0.56743
1.23747
1.49349
0.119333
1.24856
0.493638
-0.465927
-0.26143
-1.57366
-0.492312
-0.303116
0.728975
3.09284
1.20691
0.662359
1.42919
1.28278
1.44794
-1.37443
0.449679
0.6336
0.0486375
0.37661
0.459605
0.761473
1.29663
2.19855
1.40001
0.793139
1.37054
0.725454
1.25136
1.0408
1.05823
0.457508
0.453148
0.442435
0.794356
0.593496
0.86824
0.448297
1.4231
1.04428
0.224568
-0.448949
1.42365
1.76739
1.39037
-0.177484
0.474897
-0.526074
1.22796
0.246996
-0.322037
-0.233231
2.13722
1.56104
1.27068
-0.677847
1.68557
0.861751
0.281483
1.50584
-0.830821
0.558572
1.08403
0.697252
0.267288
0.641502
0.92012
-0.234053
1.10258
0.158209
-0.140278
0.83087
0.992794
1.63255
1.75163
-0.704387
0.469049
0.819927
-0.167535
0.0671498
1.12132
0.359955
1.2393
2.61024
0.715593
1.53204
2.04592
1.653
-0.132794
0.689703
0.936792
0.652018
1.27104
1.19173
2.7064
-0.689698
-0.541447
0.958813
1.41134
0.661995
1.21723
0.0404831
0.671665
1.51835
-0.593444
0.210409
2.33771
-0.0386449
1.89075
1.43859
2.0932
-0.871251
-0.092238
1.89689
0.56668
-0.0357859
0.527805
1.09682
0.654629
0.917061
0.846626
-0.204363
0.0108168
0.516526
1.27931
0.911446
-1.07961
0.608024
2.49139
-0.0666189
0.178403
0.675566
-1.38626
0.396488
3.00439
2.2831
1.31614
1.95135
-0.5682
0.067853
0.598672
1.58455
1.3834
0.588609
0.795403
1.14371
-0.119112
-0.700942
1.20019
0.0508201
-0.0230703
1.17674
0.585109
0.128371
1.57851
1.98473
-0.174137
0.46829
-1.77901
-0.209161
-0.173765
0.606266
0.37776
-0.518232
0.345459
0.0266908
0.292073
0.31873
0.272277
0.768761
-0.0181579
-0.804677
-0.565634
0.457648
1.98431
0.00586235
-0.748155
-0.293139
2.11889
-0.230459
-0.487756
1.41393
0.034925
1.67731
-1.47848
1.47078
1.00046
0.0456825
0.953901
-0.461383
1.35972
0.474812
0.907749
2.47635
-0.00432044
0.363353
0.275145
1.06939
0.515182
-0.700636
1.00445
0.48081
1.21213
1.76972
1.22433
-0.22275
-0.0274183
0.656654
-2.58491
2.12209
-0.0952887
1.20077
0.152697
-0.0848682
1.69987
-1.90121
1.5104
-0.330674
0.179813
1.35533
1.25477
0.235493
0.389883
-0.505378
-0.414525
0.39424
-0.682348
0.242373
0.795159
1.06842
1.06453
0.409416
0.269198
0.522132
0.189094
0.837062
-0.761295
1.32518
1.01942
-0.775788
2.02576
-0.221922
1.39578
0.325639
1.3232
0.919659
-0.396034
2.21834
-0.124344
1.48688
2.51566
1.82191
0.148591
0.728934
1.18566
0.632005
1.14331
1.33741
0.820184
-1.04479
-1.64241
0.00938138
-1.23194
-0.146073
0.528658
0.97282
-0.649729
2.03616
0.159935
-1.11723
-0.459966
0.404518
0.483629
-0.0429958
1.48589
0.627015
0.0502447
-0.692416
-0.616006
0.885811
-0.258488
1.50606
-0.166181
-0.421042
0.13634
-0.437334
2.03755
0.893534
0.29732
-0.386843
0.850575
1.08428
1.67395
-1.56877
1.39082
1.47116
0.234077
-0.195318
1.1047
0.0819752
-0.5986
0.850697
-0.106662
1.37306
-0.124678
-0.069363
-0.00192733
0.471968
-0.0131806
2.06527
0.431401
1.14397
1.2265
-0.777913
0.417657
-0.0794999
0.835795
1.45098
-0.220293
0.109774
1.26799
1.33828
0.140084
0.0723347
1.17159
0.86396
0.454431
1.5396
-0.479748
1.53366
2.46472
0.979273
-0.701803
1.73665
2.02505
-0.586311
-0.996768
0.627915
0.19726
1.72758
0.520585
0.327973
-0.690717
1.26678
0.650166
0.264007
1.43491
1.23844
-1.85693
-0.675599
0.797656
1.4501
-0.287725
1.36917
-1.22726
-0.50073
0.983851
2.14102
1.01997
-0.157458
1.02419
0.971188
0.75141
-1.55555
2.94986
0.945574
0.145269
0.650671
0.75544
1.75305
2.65094
1.1344
0.995352
0.496664
0.106703
1.10467
0.303936
0.944996
1.18966
1.2379
-0.817773
0.350126
0.231538
-0.963367
1.82689
0.655174
0.594687
0.477246
0.301232
-2.92011
-0.236283
-1.33527
-0.0755087
0.0673104
0.388013
-0.402677
1.19486
0.265507
-1.10143
1.61547
1.11062
-0.938789
-0.446453
1.14877
1.58031
0.45977
0.68363
0.567402
-0.660159
-0.402417
1.23449
1.92853
1.38944
-0.823982
0.803477
0.292522
-0.542124
1.24489
-0.608897
-1.08788
0.138076
0.124542
1.84246
-0.773164
1.14581
0.311596
-0.168869
0.963642
0.580253
-0.0544058
0.243172
1.06254
0.875233
1.12731
1.84602
1.29833
-0.676123
1.30633
0.14879
0.976792
-0.2076
-0.10553
1.78136
-0.291867
2.1636
0.550337
2.50584
-3.13263e-05
2.03697
1.36024
-0.514289
-0.14314
0.929284
-1.97977
1.03526
1.21692
-0.427895
-0.561559
0.690124
-0.0502918
0.0941473
0.697416
1.37072
-1.14561
0.0577181
1.57905
-0.505455
1.29748
1.42303
1.32959
0.637232
1.17201
0.5091
0.501376
-1.46286
0.740179
-0.644752
0.703629
-2.53126
2.00863
0.65844
-1.00309
-0.121052
1.9788
-0.986765
0.178932
2.70253
1.07747
-0.368926
-1.2845
-0.479271
2.00141
-0.0192333
1.54567
1.12197
1.99618
-0.237323
-0.667551
0.47968
0.34204
0.612972
-0.650042
0.252053
-0.627739
0.918468
0.72414
0.228221
0.760824
0.799608
1.68141
-0.585971
-1.03743
0.0681778
0.158405
0.899424
-0.400858
0.219908
0.333732
1.07837
0.674147
0.889698
1.53403
0.147029
-1.08831
2.12453
1.21673
0.710954
1.02948
1.41605
-0.65638
0.513955
0.761655
0.48162
0.643651
1.87608
-0.170051
-0.669608
0.191421
-1.03531
2.34462
0.588587
-0.60678
0.331516
-1.00705
-0.370309
0.777893
0.74262
0.43386
0.245474
0.431724
-0.688581
0.782056
-1.15415
1.4277
-0.940472
1.73122
0.609503
-0.420308
-0.840422
-0.0917519
-0.869359
2.42829
2.12824
0.801417
0.712385
1.63063
1.41065
2.70378
2.47477
-0.0104928
1.31926
0.778596
2.97998
1.70415
1.15897
0.866857
1.48299
2.60257
1.31642
0.274613
-1.45944
2.08906
1.74726
0.128932
0.414191
-0.882662
-0.301358
0.634801
0.54744
0.0657122
0.90894
1.64684
1.43589
1.41278
0.530899
0.276834
-0.342551
0.751043
0.366209
0.480702
0.285801
-1.43709
1.79915
1.05829
0.115716
-0.677141
0.672339
0.741393
0.21123
2.10998
0.844607
-1.3822
-1.37499
1.11664
0.379503
0.78566
0.602154
-0.158875
-0.937858
0.843431
-2.4653
0.304447
-1.2803
-1.90113
1.41357
1.46859
0.984372
-0.228634
0.883885
0.24191
1.88068
-0.29264
-0.0257085
-0.510697
-0.264074
-1.41604
1.96922
0.665231
-1.03196
-0.216871
-0.765499
1.50563
-1.21199
1.75179
1.05193
0.166491
-0.410914
0.728793
-0.868917
-0.493447
0.352857
1.84182
1.79174
-0.294085
-0.119393
0.377645
-0.391787
1.49976
0.12493
-0.404702
-0.767742
0.952027
2.11684
1.29714
-0.0162172
1.45507
-0.0732189
0.565643
1.09185
1.41026
-1.54425
-0.806938
1.85464
1.22109
-0.277886
0.634746
0.675566
-0.0960585
-0.215973
-0.447765
0.918453
0.932671
-0.0615819
0.272297
-0.00963557
0.138511
-0.681007
1.09145
0.808473
1.04621
-0.036348
1.29239
1.56317
-1.25934
0.211445
0.0552972
1.83381
0.035302
0.197919
0.0872295
0.780489
1.57739
0.253548
0.216512
-0.010552
1.84671
0.362481
0.355324
-0.277045
1.21247
0.430226
-0.421231
-0.00807717
0.538125
2.1252
-0.157692
-1.50074
2.42669
-0.00504904
0.323602
0.546104
0.476977
-0.0184426
2.27022
0.13221
0.542166
1.11813
0.754634
0.428345
0.585658
1.68511
-0.632641
1.39739
-0.407312
1.81726
1.04539
-0.351661
-2.06764
0.761264
-0.232902
2.3079
1.82035
0.944129
1.04996
-0.757566
0.477434
1.18051
-0.50477
0.193371
0.998099
2.23387
-0.679363
0.561084
0.672635
1.21793
1.35454
0.308597
-1.96393
0.387851
2.18967
1.18755
2.51221
-0.559621
0.241225
-0.441159
-0.686745
-0.15476
-0.0615273
-0.473567
-0.340861
1.09954
0.554724
0.783306
-2.12629
0.661597
2.3868
0.107838
1.6297
0.176471
0.229538
0.620494
0.326083
1.51693
-0.310664
0.847312
0.548223
1.80438
0.948045
0.31152
0.877833
0.874985
0.12262
0.808243
-0.529783
-1.66429
0.625199
1.36975
-0.0564362
1.28686
0.291649
1.71189
0.880951
0.0834992
1.66995
1.11027
-1.22629
0.0290107
0.632755
2.00147
0.714628
1.13959
1.53861
0.123723
1.54733
0.694162
-1.09978
-0.0903307
0.835732
0.817315
0.288856
-0.665498
0.781868
1.49449
1.43924
1.92231
0.232986
1.71069
-0.733781
1.59016
1.31704
0.581927
-0.153267
0.0673677
-0.372014
-0.307278
0.642732
0.37637
0.293892
0.625564
0.786905
1.37457
0.800271
1.16674
0.374117
2.18525
0.137908
2.20884
-0.433247
-0.134557
1.07182
-0.211132
1.63921
0.912507
-0.846123
0.971647
0.676308
-0.0597532
-1.91652
0.436328
0.562543
-1.0384
0.786402
1.26556
-1.36724
-0.0363157
0.435004
1.9057
2.71094
-2.1243
-0.142913
1.22227
-1.74347
1.70653
0.113634
0.266998
0.55344
0.897449
0.29921
1.13473
2.05565
-0.601021
0.202077
0.631718
0.649125
-0.372842
-0.264487
1.35915
0.069289
0.249834
0.803172
-0.361734
0.150534
0.896218
2.2153
-0.279631
0.682441
-0.135391
-0.963859
-0.71645
0.294761
1.13776
0.458263
0.196624
-1.22402
1.56568
-0.027269
0.628277
-0.328545
-0.521322
-0.372851
0.0929135
-0.802977
-0.391658
0.016887
0.637078
0.263278
0.42807
1.74886
0.376302
0.0408712
1.58333
-1.49279
0.25632
-0.460631
0.639776
1.97289
1.82498
1.61305
1.39262
-0.243655
-1.27786
1.65683
0.860787
1.82448
0.585303
0.734378
0.937344
0.0801206
1.4071
-0.811888
1.6587
1.90607
2.29883
0.862281
1.31878
-0.792623
0.189703
-0.862922
1.14589
2.25766
1.75604
0.624658
0.915217
1.31685
0.915776
0.611769
-0.62839
-0.710414
0.297163
0.680317
1.50529
0.929628
0.91538
1.26293
0.600778
-0.0396774
0.396633
-0.216603
-0.44843
1.10546
0.578762
-0.251352
0.948355
-0.603952
2.15901
0.225319
2.16961
-0.662682
1.57448
0.00706002
0.747065
-0.874346
1.31674
-1.58922
0.505836
0.161276
1.10466
1.83016
0.0578705
-0.29937
0.674701
2.32743
-0.450402
-0.20029
1.67503
1.15709
0.188058
-0.154034
0.537821
-0.105041
0.636425
0.183712
2.5608
1.51223
-0.281212
0.121308
1.24279
0.0821665
0.359253
-0.589901
0.812587
1.51298
0.734766
0.967835
0.277048
0.521039
1.25185
-1.92794
0.632283
-0.586659
0.503628
0.568441
0.438764
-0.588143
0.0664553
0.310543
-0.0616277
1.0874
1.06673
1.60979
1.61984
0.221294
-0.555213
-0.811939
-1.0234
0.0380808
-1.34589
0.174763
-0.707188
-0.371527
-1.53156
-1.02949
0.616907
-0.374185
-0.598378
1.0077
1.60667
2.03712
0.174598
2.27943
1.31014
-0.0151529
0.0495162
1.17998
-0.595519
2.59713
0.731806
1.0579
0.121424
-0.41286
-0.0784155
0.699805
-0.440142
0.660399
-0.575355
1.50942
0.140714
-0.469606
0.753236
-0.476263
0.684502
-0.745224
0.116342
0.266632
-0.822643
1.01302
0.319813
-0.501449
2.56988
-0.992351
0.0599472
0.743676
1.58173
-0.938587
0.127401
0.0668468
-0.882023
0.20604
1.04401
-0.182445
1.96433
-0.443597
0.435353
0.038762
1.282
0.570443
1.3634
0.725314
0.615686
0.58057
1.38906
2.25809
1.30951
0.203752
1.89625
-1.23033
2.42845
0.556851
2.30901
0.734589
-2.3049
-0.226994
0.530992
0.838136
1.34147
1.63655
1.0125
1.5883
0.740555
0.765463
-0.344578
2.04753
1.7369
0.944745
-0.23798
-0.211727
0.717594
1.21593
-0.321135
0.481232
0.448145
-1.07182
0.151051
0.0350133
1.30747
-0.233229
0.000765775
1.65092
-0.74687
1.15538
-0.663768
1.60213
0.967153
-0.365678
1.53484
-1.40614
0.891761
0.794983
-0.960278
1.33101
2.12528
1.06575
-0.609271
-0.466927
-0.568079
-0.0140309
2.08399
0.0110891
1.35949
0.777713
1.39673
0.68606
-0.312923
0.31178
0.839313
-0.394258
0.4275
-0.0296356
1.43461
2.34582
-0.732237
1.09809
0.546553
2.58139
-0.386112
-0.129392
-0.412268
-0.133756
0.415184
1.44183
-0.67263
1.03648
-0.0410611
-3.52994
1.15151
-1.40698
0.465043
0.854832
0.351499
-0.157903
1.25225
0.479532
0.866851
1.10747
0.0974998
-0.228018
0.638686
1.65808
0.384883
0.969472
-0.787659
0.81371
0.45637
0.485012
-0.975919
-0.11642
0.670171
-0.426405
0.353682
-1.13855
0.353109
0.395538
1.11738
0.703168
0.625958
-0.557411
1.31941
1.90606
0.183922
-0.538208
1.41419
-0.465566
2.27479
0.864176
-0.510693
-0.596723
1.807
-0.588429
1.14875
1.51102
1.24734
0.0115779
1.41016
1.25041
0.957101
0.530532
-0.343551
1.15473
2.28829
-0.959465
-0.950712
-1.61029
-2.86807
1.41058
0.63497
0.187291
1.3943
0.41183
0.190374
0.649731
1.72686
0.946513
0.188753
0.420591
-0.106615
-0.0890112
1.39646
0.634051
-0.602991
-0.613937
0.853098
-0.996005
-0.383868
2.69932
0.622372
1.73371
-0.0502668
-0.525129
-0.881897
1.2516
1.21199
1.37975
0.767331
-0.0245535
1.49328
0.10943
1.81076
1.16199
1.87718
-0.828107
-1.34343
0.909575
0.661973
0.838987
-0.661064
1.51378
1.22622
2.41277
1.48885
1.49737
0.804348
-0.487167
1.79183
0.493152
0.903824
0.749981
1.95207
-1.1425
0.617527
-0.162499
-0.692424
0.870883
0.961033
0.417293
-1.52784
0.87511
1.67727
-1.11172
1.36101
-0.145893
-0.214468
1.33451
-0.951219
1.58634
1.32467
0.121144
1.22806
-0.0406681
0.937268
0.155711
-0.136447
-1.91477
0.518998
0.986109
1.51855
0.702575
-0.704398
-0.47248
-0.0830113
-0.182069
0.804522
-0.621518
0.627221
0.0129182
0.0821726
-0.828909
1.19198
1.15243
1.25789
2.30059
0.450942
1.0618
-0.0831933
-1.85377
1.03518
0.0529527
-1.17967
0.820779
-0.658866
0.328277
-0.0277836
-0.855433
0.45912
-0.334394
-0.291457
2.10213
1.07277
1.46036
1.19315
1.6553
2.0857
-0.00416797
-1.18993
0.805947
0.786999
0.598968
-0.9305
0.888567
0.0358901
0.431619
0.169427
0.809359
1.16778
0.388333
0.919011
-0.633753
1.02087
-0.209566
-1.30042
-0.880573
2.16857
2.19162
-0.472594
0.352341
0.732862
-0.606523
0.298394
0.56541
-0.282438
-0.392897
1.64478
0.516051
1.76684
2.12041
1.28631
1.31842
1.58248
-0.806307
-0.051235
0.325378
2.13345
0.50109
1.25273
-0.174014
0.56747
0.238817
1.17486
2.0073
1.17417
1.47754
-1.60409
0.272398
1.78265
1.94982
2.16496
0.230356
-0.745379
-0.36719
1.79678
-0.525121
0.163685
0.0900289
0.373146
0.29942
0.809113
2.21758
1.53568
2.24653
1.1353
0.824139
0.278969
0.605265
1.17078
1.96537
2.67604
0.24447
0.90903
1.88233
1.46931
1.74898
2.07054
-0.346792
0.865896
0.645289
-0.496431
0.575198
1.52201
-0.0654531
-0.220581
0.58647
0.452529
-0.356853
0.783745
1.06663
0.541623
0.699506
-1.14294
-1.06168
0.566528
-1.18872
1.32436
0.607464
0.163973
0.383905
-0.325591
1.12927
0.718438
0.00801828
-0.377957
0.720688
0.507496
1.08479
0.428949
0.352641
-0.633557
0.573762
-0.13178
0.710811
1.62194
-0.464574
0.427503
0.526208
1.73651
0.907977
-0.168026
0.277513
-1.49616
0.407678
1.08392
0.727853
-1.07334
2.00622
-0.379722
1.19206
-0.135761
-0.730692
0.147031
1.07785
-0.136231
1.29084
-1.43402
1.02077
1.50934
-1.15621
-2.80104
1.42397
0.221077
0.899938
0.6427
-1.61268
0.906322
-0.714095
0.747106
0.984551
0.542618
0.131324
0.187902
-0.231061
1.1907
0.875239
-0.435893
1.27799
0.0950122
0.639554
2.15087
0.271651
0.667478
1.5927
0.764806
2.30508
-1.0514
-0.656696
0.236722
-0.411598
0.213175
0.956592
0.174839
0.0130361
0.744591
2.47897
1.26946
0.865241
0.958408
0.804194
-0.481592
2.23821
-0.903597
-1.01672
0.201053
0.597771
0.912929
1.77953
-0.0077771
0.0304507
1.99239
1.58919
-0.440006
0.434491
0.797198
0.944836
0.269704
-1.30498
0.219591
0.32825
0.835163
-0.463408
1.05319
0.976618
1.05689
1.34597
-1.03521
0.700212
-0.900865
1.03084
0.764315
-0.754856
0.206216
1.99402
0.796579
0.522618
0.548066
-0.997988
0.486593
1.34525
2.04628
0.415903
0.156052
0.879501
0.675292
0.742979
1.25935
0.535699
1.06504
2.53941
-0.885123
0.768783
-0.0880041
0.858584
1.66284
1.36055
-0.73355
1.53257
1.85962
0.240639
0.721528
0.887943
0.264181
1.51904
1.5784
0.371552
1.94153
1.90675
-1.6739
1.31274
0.187328
0.999212
0.872047
0.141101
1.32253
-1.89584
0.672503
-0.269222
1.35777
0.795228
-0.307566
1.23017
-0.109793
1.28212
-0.0761187
0.528895
0.168983
-0.426224
-0.702775
2.5071
0.434025
-0.877659
0.936326
0.615685
-0.238598
-1.54857
0.877671
0.409231
1.50974
0.164545
-0.217466
0.247682
0.653296
0.476769
-0.391761
2.44683
0.684687
0.99942
0.96413
-0.624455
0.517828
0.268022
0.917688
0.709778
0.0257542
-0.542907
0.97084
1.94535
0.926144
1.09466
0.192705
0.559571
1.30995
-2.46507
-1.40707
-0.127556
0.732299
-0.786127
0.371451
0.124076
-0.492376
-0.433613
0.984274
1.89807
1.51875
-0.850655
1.5294
1.84045
0.608246
1.5362
1.64604
2.1053
0.832716
0.44032
1.05166
1.14842
1.03858
1.21789
1.6133
-1.20094
1.6314
-0.422733
-0.936558
0.42673
-0.733919
1.01535
1.19787
0.890676
0.845479
1.02889
0.783935
-0.284564
1.58412
-0.0292908
0.390539
2.2554
0.64335
-0.866217
0.64405
0.265998
-0.324813
0.844141
0.508546
0.864209
-1.71706
-1.24463
2.49173
-0.300913
-0.616635
0.956763
1.35845
0.165684
1.48751
-0.819924
-0.00552301
-0.941807
1.49384
0.1184
-0.109657
1.63403
0.522159
1.95124
1.45077
0.866316
0.568981
0.487857
1.08597
0.302339
0.641958
-1.03283
-0.319698
-0.0287858
1.03134
-0.223925
1.36007
-1.18174
1.51851
0.244997
0.335713
-0.176902
0.290535
0.230797
0.535735
2.22797
0.684238
0.683825
0.0531509
1.71274
0.438966
0.231871
-0.863861
-0.90016
-0.226739
0.538082
1.04422
0.178541
-0.6029
-0.312319
0.894478
-0.651584
-0.373016
-0.201763
1.46379
0.241188
0.23222
0.721008
0.136425
-0.328633
-1.1589
0.83886
1.3981
0.101885
0.494135
0.603458
0.639121
0.935654
1.97948
0.0224171
0.41101
0.432502
-0.880759
-0.31509
0.94767
-1.86041
-0.325066
2.59781
0.430192
0.725737
0.458388
1.13487
1.27311
0.897594
1.0797
0.749104
-0.135221
1.70743
0.926253
0.053533
0.728906
0.82713
0.421135
1.78713
-0.752734
1.36292
0.191312
-0.678082
1.20859
-0.951361
1.63566
-0.166864
-0.206579
0.42944
0.263212
1.65035
-0.00390496
0.807629
0.995183
-0.213007
-1.30882
1.27199
2.2156
0.839507
1.19056
0.466594
0.267231
-0.550615
-0.0342236
2.0335
-0.291416
0.558585
1.07941
0.542754
1.28224
-0.926136
-1.84452
-0.0167364
0.545442
1.03377
-0.913844
-0.494129
-0.532754
-1.04237
1.37752
0.458026
0.615326
1.18579
-0.865725
1.90103
2.05975
0.253238
0.88755
1.97109
-1.03631
1.76114
2.76069
0.957422
1.45602
1.71067
0.560684
0.239553
0.442683
-1.48901
0.953978
-1.17008
2.16728
-0.133761
1.62284
-0.976098
0.725048
-0.422304
1.30476
0.389298
1.24363
1.49484
0.966582
0.595187
1.22278
0.539168
0.901359
0.337283
-0.146396
1.04137
0.589685
1.42759
0.280664
1.41074
0.653062
1.05601
1.06136
0.89653
1.1415
-0.771246
0.471888
-1.40976
-0.75843
1.22294
-1.45085
0.457558
1.46305
0.337818
0.713408
0.503802
1.29198
1.59535
0.582359
1.76401
2.17409
-0.263684
0.579755
0.39458
0.363195
0.339052
1.80116
1.70535
-0.0153351
-0.624341
-0.869095
-0.494084
-0.0550628
-0.403456
2.19615
0.957061
0.0242338
0.499534
1.68964
0.65732
0.858676
1.8968
0.61668
0.840314
0.269267
0.151372
0.16343
2.33591
-0.676274
-0.169029
1.06178
-0.0481218
0.921482
0.291928
-0.725677
0.962267
-1.50796
0.113377
-0.31627
0.480447
-0.932617
0.156328
-0.791543
0.518224
0.594042
0.0247959
0.529692
1.35311
0.813217
-1.0633
-0.45627
0.417393
-0.111214
0.0918466
0.769734
0.00609161
0.0514677
0.85115
1.40208
-0.127928
0.433202
0.626605
1.5832
0.579534
2.04432
-0.275181
0.124492
0.497837
-0.0191777
2.12723
0.493161
0.581672
0.306488
0.879029
0.337092
0.27636
0.772889
0.262975
-0.195121
0.391553
-1.54912
-0.792469
1.02166
0.474105
0.284829
0.572772
2.18184
1.77516
1.02545
1.7303
1.52682
2.04002
2.16256
-0.23658
1.58971
-0.127042
-0.0892453
0.0903473
0.405795
2.28073
1.177
0.783939
1.12743
1.15882
0.433446
2.43931
1.14677
2.81908
1.74878
1.2745
-0.148637
0.317075
0.487568
1.53248
0.810117
-2.34288
1.43593
0.826519
1.07013
0.795668
-0.658848
-0.644241
0.0390056
1.84371
1.5777
0.0728501
0.632817
-0.0601257
2.4338
0.941951
0.593761
0.913301
1.26699
0.223064
1.85233
1.11991
0.369589
1.33473
0.580359
0.124898
0.93171
-1.01353
1.46359
-0.887686
0.962651
1.35231
0.769789
3.38287
-0.45691
-0.312106
0.929799
-0.315862
2.22414
1.06459
0.269403
0.364701
1.38886
-2.15222
-0.679193
0.308179
0.48948
-0.204975
-1.41314
-0.619919
1.11098
0.58939
0.935596
0.162994
0.821476
1.23535
0.00855262
-0.673227
-0.0350523
-0.440841
0.0777805
1.16764
-0.331151
0.849409
0.507847
0.681502
0.0647838
0.140169
0.76692
1.04664
1.16736
1.27786
0.721888
-1.17521
0.395891
1.0474
1.73543
-0.415216
0.690389
0.865031
0.466437
-1.00567
1.86752
1.65285
-2.0962
0.62398
0.359408
0.343939
-1.41307
1.67116
-0.291067
-0.00488524
-0.0458168
1.99866
-0.129804
-0.0176646
0.726444
-0.339735
0.935331
0.365713
0.215758
-0.364291
0.916779
0.412919
-1.4017
0.75858
0.00397847
0.540879
1.39833
0.512664
-0.331035
1.96125
1.13834
-1.26504
0.926457
-0.25207
1.18216
0.733243
1.25826
1.01044
0.917236
-0.254386
-0.563977
-1.37558
-0.734126
0.515955
0.700169
0.448263
1.43769
-0.51392
-0.0560234
1.44266
1.71172
-1.76407
0.685858
0.545571
0.654495
1.14998
-0.215999
2.05381
0.435091
1.02979
0.11275
2.12571
2.94128
0.128898
1.24148
-1.00731
-0.149052
-0.438252
-0.0520636
0.413644
0.954796
1.07538
0.99507
0.822049
2.45801
0.884051
1.40545
-2.01942
0.0914762
0.415438
-0.221939
0.812331
0.742295
0.294651
-0.41762
0.9214
0.10078
0.747858
0.786065
0.258011
2.03427
0.332381
1.11744
0.871594
-1.33464
1.20549
0.711063
0.383616
1.11341
-0.18149
-1.8976
1.08017
0.89165
0.633961
0.601508
0.597047
1.15948
-0.557784
2.6647
1.92386
0.849155
1.49296
0.898631
1.26821
2.70781
1.59063
0.23356
1.12358
-0.567211
0.478066
1.5927
0.35737
0.188559
1.91975
-0.968668
0.599863
0.547656
-0.313068
1.07429
-1.50171
1.02705
0.0175746
0.426344
-0.852068
0.614471
0.518771
-0.485703
1.32716
-0.0725528
0.609624
-1.43963
-0.405523
-0.0481968
-0.204816
0.784829
0.111551
-1.48017
-2.36427
0.290548
0.0826811
0.138464
0.68986
0.446474
0.470126
1.45858
0.962432
0.967938
-0.371581
0.180335
-0.19731
-0.224257
1.21034
-1.65831
0.927696
0.197858
-0.569429
0.403487
-0.0275176
1.25173
1.76638
-0.899369
1.90513
2.14384
1.1507
-0.477512
1.2563
-0.58838
1.97108
0.297304
0.220663
1.57533
0.458836
1.66318
1.49109
0.573267
-1.33132
0.295704
-0.0968788
1.13348
0.89839
0.690157
0.450598
1.65485
-0.362867
0.87904
1.46162
0.542812
-1.15721
1.26419
1.21156
1.01806
1.43297
0.0913699
0.689732
-0.33086
0.565755
0.129642
-0.315821
0.900651
1.65048
1.72369
0.600575
-1.45268
1.75939
-0.579976
1.07134
2.07171
1.81461
0.486865
2.63751
0.426146
-0.412587
-0.212691
2.0626
-0.344795
0.958485
-0.614516
-0.241756
0.13236
1.40834
-0.333358
-0.159453
-1.49345
-0.433595
0.999948
-0.970148
2.31685
1.53133
1.53248
0.39864
0.530428
-0.107643
1.32368
-0.278061
0.874605
-0.584915
0.765816
0.762012
0.645158
0.725549
0.825946
0.98482
0.0560185
-0.616948
0.366812
0.205609
-1.40702
1.30873
0.971885
0.533798
0.929939
1.61007
-2.40378
-0.322658
-0.930611
0.875444
0.75319
-0.542159
0.684945
-0.123579
0.625765
0.317738
0.453433
0.370038
0.186585
-0.494686
0.531832
0.0933612
0.992169
-0.339037
2.1266
0.0291891
0.403709
0.940093
0.00891734
0.0232061
-0.0370402
-0.472772
1.94477
0.206857
0.98895
0.266967
0.397697
0.575797
0.331738
0.635985
-0.194828
1.61385
-0.649608
1.02719
-2.28842
2.24322
-0.282283
-0.34009
-1.12067
-0.996291
1.32957
0.703799
0.135588
0.260677
0.643838
2.3396
0.351208
0.652207
1.64756
1.33846
0.693449
-0.271692
-0.995056
0.43503
-0.975459
1.65184
-0.199228
0.769751
1.52775
-0.783407
1.1347
-1.26424
1.41228
-0.176852
0.661837
0.146443
-0.545416
-2.58434
1.17949
1.39792
-0.158626
0.13992
1.44467
0.571115
-0.214788
2.13906
1.42036
-1.28051
1.07509
0.0209074
1.14979
1.51018
0.143084
1.54842
0.0226727
0.968833
1.30872
1.38568
0.478379
1.06774
-0.252992
0.182233
1.04764
-1.83946
0.60598
1.08509
-0.163469
0.895067
0.105027
-0.654029
-0.595441
0.457849
0.701362
-0.154169
1.47888
0.27661
-0.172399
-1.16852
1.48055
0.0175533
0.380881
0.778087
1.73945
0.324483
-0.191742
1.20968
1.14232
0.554278
0.314151
1.16997
0.596775
-0.597104
0.913609
0.859651
-0.10395
0.45463
0.244015
2.38101
1.03006
0.331501
0.758519
-0.313119
-0.494152
1.52954
-0.196935
0.266189
0.64295
0.939765
0.0349524
0.265834
1.56771
0.154588
0.330298
-0.726158
0.517762
-0.150177
-1.12648
1.631
1.173
-0.739662
-0.4812
1.28359
0.71574
2.5848
-1.81972
1.18415
1.02168
2.48077
2.15654
2.04403
-0.471308
2.36733
1.06838
0.999621
1.75609
0.105297
0.383809
2.09831
0.866546
0.964706
1.20064
1.45945
0.377211
1.19861
0.799697
-0.526708
0.445406
0.780557
0.925027
-0.120934
2.14381
1.39551
0.809732
0.441802
1.37886
1.0462
-0.491053
2.54687
1.07001
0.420388
0.543986
1.83786
-0.550683
1.1392
0.979143
1.35466
0.202279
0.697534
0.203194
1.4673
1.20496
0.0237853
-1.0066
0.688589
0.416349
-1.92369
1.06069
2.03016
0.872826
1.39236
0.322542
0.51363
-1.00103
-0.18499
-0.791046
2.19302
-0.563628
0.0105163
2.18168
-0.504117
-0.21596
0.169182
-1.74541
-1.2839
0.762718
0.459769
0.82833
1.19536
-1.95944
-1.42218
1.24095
0.280986
-1.09555
0.818251
-0.537086
0.314312
0.830559
0.43332
1.95398
-0.595194
0.448308
1.25282
0.788565
1.02241
1.26463
-1.08958
0.488575
1.11613
-0.44299
0.735482
1.9068
1.39225
1.12825
2.17408
1.11381
-0.23805
1.51475
1.30479
1.02397
0.647303
-0.282588
-1.33768
0.488299
-0.00693449
0.061456
-1.43039
-1.0069
1.09087
0.744735
0.116444
1.82129
-0.135578
1.10301
2.0374
0.353866
1.28168
-1.63604
-2.43034
1.98861
0.875752
0.0662478
0.493754
-0.244175
-0.402085
-0.762373
-1.07776
-0.280352
2.45408
1.37451
0.443674
-1.28185
0.837214
-1.07289
0.837502
-0.70759
0.407142
-1.11699
0.875153
1.23618
2.2567
0.18026
-0.452237
0.913573
0.859682
-1.88339
-0.163238
-0.195149
1.82731
-0.07549
0.0703312
-0.362387
0.211893
0.948134
0.953618
-1.93369
-0.485935
0.249649
0.534921
1.52341
0.687014
1.00833
2.10581
0.485486
0.664728
0.00471096
0.970227
-0.0668104
1.30856
-0.123625
1.18363
1.09774
1.66743
2.02429
0.617903
1.88293
0.187065
1.21013
-0.347424
-0.284687
0.333404
0.917118
1.07323
0.592923
-0.941687
2.74538
-0.0581953
0.902148
0.0233127
0.459582
2.07671
1.26009
-0.478125
-0.833582
-2.58519
1.2485
-0.631139
0.466372
1.79332
2.39403
1.08795
-0.342975
1.1764
0.63137
1.91922
1.87013
2.29132
1.34097
1.43556
0.648305
-1.00652
0.185868
0.758722
0.515143
1.58167
-0.349909
-0.70983
1.30276
1.30129
0.677337
0.887111
0.52294
2.45378
-1.12143
0.206638
-1.43715
-0.0984077
-2.39288
0.0332901
-0.466377
0.139968
1.45152
1.83578
0.314273
-0.391347
0.642216
0.758848
0.377187
-0.494824
1.93324
1.04242
0.523361
-0.508636
0.146295
1.2553
1.09008
-0.772371
0.507486
1.12802
0.657942
0.093809
1.37415
1.86847
1.58513
0.951329
-0.00141694
-2.1584
0.383044
0.46825
0.000579665
0.453316
-0.924475
-0.00263538
-0.600541
1.28116
0.714705
1.57591
-1.0246
0.138474
1.78522
0.598894
-0.940975
0.792997
0.346061
2.2179
1.11861
1.07696
1.22883
0.942285
1.37686
1.9325
0.449449
-0.333013
0.148056
0.988596
1.34675
-2.30817
-0.233887
2.11098
-0.471189
-0.529926
-1.09621
0.482853
-1.79817
1.44717
1.95919
-0.760591
0.804357
0.434623
0.130257
0.250586
-0.335638
0.595925
1.91391
-0.506508
1.45781
-1.72186
1.47068
1.99742
1.6783
-0.240887
1.54876
-0.18861
0.416581
1.46405
0.574278
0.676951
1.5083
-0.732379
-0.0840601
1.62413
-0.88199
1.91689
-0.642046
-0.112057
0.645966
0.53052
0.874471
1.30453
-0.978569
-0.417713
0.321922
0.358688
2.0848
1.45123
0.38827
0.922589
1.08518
1.67267
-0.789925
2.3129
0.842943
1.92103
-1.35303
0.210433
0.0283051
-0.764819
1.108
-0.706721
-0.945541
-1.05831
0.828478
0.819564
1.67377
1.78067
0.0509942
2.08945
-0.837436
0.121051
1.51771
-0.426268
-0.768256
0.380139
-0.168404
1.39845
1.14021
2.61702
2.70273
0.136184
-0.135852
-0.261969
0.573897
0.52932
0.491024
-0.892269
0.72769
-0.300666
0.741043
-0.543806
0.494492
0.283722
0.312498
-1.1088
-0.701528
0.539977
0.407738
1.14527
1.78567
0.71585
-0.249844
0.617646
1.41231
1.96524
-0.635387
1.56784
0.171346
2.09301
1.20218
0.364018
1.00705
1.75232
0.882789
0.32367
0.892732
0.0794552
1.31015
0.560743
2.20452
2.76862
-1.90655
1.24267
-0.898367
1.82108
0.46781
-0.149462
1.35196
-0.219152
1.39774
-0.722285
0.403997
0.847776
1.20612
-0.22301
-0.785594
-0.876633
1.00596
0.161529
0.897311
1.70609
1.20332
-0.495027
-0.804123
-0.447603
-0.37124
1.18293
0.178827
0.694475
-0.586441
-1.15917
0.452845
1.06714
0.799131
-0.0701754
0.943453
-0.726253
1.05444
1.58328
0.466057
1.16925
-0.358542
-0.159812
1.71041
1.16962
-0.270999
0.834903
1.36847
0.753532
1.20981
1.54585
1.75581
1.11751
2.88228
0.518808
-0.496482
-0.197738
-0.576574
-1.02267
0.468291
-1.09161
0.724492
1.17989
1.56218
-0.682152
-0.237923
0.903698
1.42445
0.0552052
1.39243
1.7153
1.39492
1.22782
-1.1063
0.197411
0.162451
1.28289
-0.297171
0.721047
-0.197491
0.0436593
0.0786891
-0.0249588
1.18777
0.292218
1.34779
-0.368005
0.290702
0.115545
0.488686
0.767469
-0.590579
0.739367
1.60597
-1.15612
1.96892
3.23469
0.115087
0.0896836
1.22341
0.504209
-1.43442
0.60004
0.288416
-0.0512583
2.42424
1.14383
-0.324614
-1.67762
0.637653
-1.01596
-0.659037
-0.108133
1.12637
-0.345032
-2.01063
1.35724
1.05651
-0.0376921
-0.15207
0.404332
-0.340952
0.31325
-0.6435
1.52307
0.311718
0.992626
1.85025
1.62609
0.0950139
0.685783
1.51969
-1.0727
0.729234
-0.218933
-0.390758
-0.183385
-0.139299
0.360084
0.60912
1.56971
-0.780005
1.3403
1.73101
0.77261
0.209335
0.268629
1.00759
0.409784
1.12261
0.897218
0.219054
-0.607824
0.883253
-0.836965
1.60477
0.942143
2.16652
0.385189
1.8477
2.41548
1.29217
-1.25247
0.550173
0.475597
1.85873
1.04876
1.23941
2.04923
0.201698
-0.632973
0.354361
0.390607
1.15306
0.515474
0.504449
0.9265
1.60553
1.01819
1.62447
-0.378825
0.0142582
0.902627
1.42109
0.492558
-0.526216
-0.0235723
0.151812
0.291769
0.417543
0.534016
1.78196
-0.356564
-0.807147
-0.584694
0.55663
-0.209204
-0.211171
1.92667
0.441853
0.36655
-0.0933388
0.736636
1.96415
-0.60671
0.116365
-0.230938
0.154456
-1.17804
0.759948
-0.103499
0.771361
-1.56557
0.533131
0.712504
-2.15143
1.54632
1.75832
0.995682
-0.627943
-0.778154
0.0334
1.17585
-1.16641
0.261605
1.0587
-0.17228
0.792352
-0.934889
0.518054
1.12942
0.561421
-0.221583
0.0259081
1.59901
2.02375
1.54587
1.4879
1.19674
1.14839
0.144922
0.260188
0.216469
-0.233299
-0.686341
2.53194
2.07074
0.732826
2.04626
2.34497
0.588109
-0.383721
-0.653685
-0.442298
-1.35859
0.406208
1.02604
0.963745
-0.400669
1.58249
2.81842
-0.813963
0.525509
-2.28809
0.815764
0.533524
-0.634526
0.878967
-1.42166
-0.254378
-1.04647
1.77142
0.695432
0.752918
-0.444028
0.921555
0.394611
-0.217283
-1.37739
0.258604
2.09232
2.65556
-0.234689
0.913774
3.08564
1.70125
1.26328
-0.511671
0.729525
-0.220754
0.125407
2.02742
1.07077
-1.39439
1.13893
-1.09506
-0.761207
2.29555
-1.86752
-0.981284
1.32549
0.967751
0.308992
0.877861
-1.18291
0.686085
0.835749
0.204114
0.133647
0.359846
0.194013
-0.31054
0.982334
-0.560407
-0.496064
1.03061
-0.049196
0.0514428
0.317828
-0.207132
-1.02914
0.364455
1.04816
-0.251839
0.472449
1.20568
-0.605131
-1.86499
-0.280253
-0.104644
-1.18904
0.264048
0.955839
2.33964
0.372624
1.71151
2.52249
0.745647
0.599234
0.340639
-1.32014
0.68346
1.16713
0.792032
-0.181962
-0.727874
0.209286
0.355148
1.54356
1.13244
-1.04607
1.70396
1.13307
-0.481266
-0.498946
-0.331167
0.486725
0.333134
1.6636
1.3619
2.31924
0.0674398
1.06759
1.54245
1.21011
0.552819
-0.0286001
1.83577
0.551662
1.18109
2.19925
1.18994
-2.36889
1.26181
0.177278
0.823866
0.458735
0.901064
-1.12944
-0.829396
0.939776
0.327625
2.74286
1.99583
-0.967387
0.36398
0.611827
0.901421
1.46128
1.72343
0.540864
-1.21051
0.0601728
-1.56263
0.787041
1.98032
0.782262
0.130913
0.710582
0.815149
-1.2975
0.189921
1.33567
1.45229
-1.13956
0.843588
1.48995
0.630699
-0.016691
-0.431055
1.32203
0.536261
1.45938
-2.15497
-1.63563
-0.515413
-1.14583
1.67726
0.225271
-1.67969
1.4068
1.8573
0.0521036
1.18615
2.57972
0.590874
-0.551792
0.866993
-0.0622017
1.3026
-0.65417
2.25771
0.876442
0.292743
-0.568446
0.528777
1.37856
2.00296
0.723002
1.44543
-1.70736
0.174254
-0.0499164
0.110706
1.60232
-1.20996
1.35934
-0.385997
1.44956
-1.97236
1.39054
1.13434
0.00153439
-0.721271
1.17079
0.910424
-0.304096
-0.239535
-0.325535
2.26892
-0.248922
1.07105
0.93505
0.816546
2.3432
0.328597
1.45062
1.29647
0.530361
-1.73534
1.26582
0.996344
-0.725088
2.05681
-0.249721
1.46159
1.79143
1.35454
0.157493
-0.643872
0.434546
0.584287
-0.528901
0.726686
0.375952
-0.461853
1.09749
-1.06494
2.0103
1.07676
-0.40798
0.138802
1.97107
-0.00600415
-1.39385
1.04239
-0.870207
1.0072
0.0694202
0.818774
-0.370219
1.03566
-0.941623
0.833455
0.808906
-0.803206
-0.239751
0.634648
-0.31023
1.50543
0.0339417
1.79116
0.503691
-0.186263
0.232564
-0.825453
1.98247
1.15956
-0.996319
1.74794
1.14793
1.16028
0.647663
0.870767
0.806499
-1.06245
0.908879
1.01731
0.380783
0.736656
2.14911
0.259358
-2.25067
0.940981
0.32578
0.328353
0.652967
1.36186
1.1467
-0.0167087
1.38348
0.110222
1.50094
1.65342
-1.82732
0.6753
-0.498734
0.558397
-0.823125
1.02924
1.36506
1.88796
-1.08109
2.26358
1.00568
0.62498
1.22353
0.948654
0.723637
1.14061
-1.29522
-1.29142
2.16188
0.0344343
0.868459
1.13346
1.56609
1.33426
0.58127
1.54025
0.459897
1.9895
-2.36763
-1.00797
0.335422
0.466519
-0.322653
-0.0988385
1.21718
0.698496
1.46012
2.20319
0.876467
1.13128
1.27773
-0.889
-1.04177
2.72623
0.0300587
1.28843
0.349711
1.40442
0.40004
-0.0138787
-1.28188
0.705799
0.857357
-1.28471
1.09964
-0.12068
0.604675
2.41275
-0.203435
2.29629
1.85617
1.98022
0.593839
2.13492
1.14332
1.02123
1.21813
2.27119
1.57207
1.45205
1.03658
0.859901
0.814528
-1.21996
1.73725
0.554415
-0.587453
-0.778654
-1.04306
0.00531871
0.854168
0.637209
-0.602501
-0.0131791
-1.23516
1.53487
1.2546
0.122784
0.230121
-0.0756328
0.33727
0.804655
0.134437
-0.153595
0.646358
2.34145
-0.283503
-1.64266
2.67485
-1.24752
-0.629163
1.803
-0.806898
0.673377
-0.444928
0.251799
0.0936336
-0.10853
1.51906
0.753055
-0.1271
0.260959
-0.123834
2.61282
-0.110969
1.05146
0.0324652
0.0933345
-0.0106641
0.635284
0.106574
-0.361007
0.0250158
-0.982645
0.823316
-1.28792
-0.561928
-0.944528
0.331571
1.43107
1.79909
1.80723
-1.44481
0.283742
0.129581
1.56678
-1.54964
1.3118
-0.729672
0.734485
-0.999031
1.46695
0.343636
-1.35313
1.27409
0.116511
1.97282
1.25924
0.436352
0.0161446
0.612515
1.56158
1.24085
1.15378
0.589387
1.68723
-0.0364636
1.58592
1.22828
-1.97654
0.128702
0.559626
-0.418115
1.11143
0.590727
0.369221
0.412901
-0.0680252
-1.42734
1.55989
0.676739
1.37054
0.028649
1.10933
1.40551
0.300708
0.052835
-0.152278
1.52803
-1.23687
0.995831
-0.585027
0.729494
0.962984
-1.23243
-0.166423
0.178872
1.49961
0.839251
-0.103975
-1.68819
0.307522
0.052638
0.0470839
-0.2404
0.497462
0.163515
-1.08719
1.80435
-0.304884
1.28912
0.8043
0.860387
-2.1125
2.09315
0.17684
0.924532
0.0540063
1.43788
1.14033
-0.626032
0.626175
-1.16694
-1.18127
2.12736
0.516885
1.05016
1.60191
0.118991
-0.334775
0.207831
-0.837798
1.64628
1.3841
1.55402
-1.7708
-0.532257
1.35447
1.06944
-0.28158
1.6494
-0.727417
-0.459076
1.52629
1.14882
0.345023
-0.0768954
0.162945
1.85901
-1.07337
0.628818
-0.18082
1.34147
1.36831
0.934551
0.804513
0.00715941
1.37474
-0.255953
0.418192
0.380315
0.849329
1.21635
-0.0472393
-0.680843
0.57339
0.429708
-1.72944
-0.35447
0.838692
-0.647304
2.02808
-1.03956
-1.65584
1.60506
0.357559
-1.31085
0.669135
-0.540277
1.82285
-0.210506
1.90124
0.85592
-0.137886
0.6089
1.82897
1.48086
1.02234
-0.614034
0.664138
0.485661
-0.0239352
0.474259
-1.02522
2.33464
0.312878
-2.59742
1.27802
1.13112
2.59826
0.684919
1.53233
0.570656
0.273622
2.0053
-0.827955
0.472494
0.504799
0.141667
1.27693
1.10682
-0.751012
0.29916
1.41787
0.818709
-1.03215
0.566176
0.20895
1.80379
-1.01431
1.75199
0.814636
1.58182
1.61182
1.26648
1.6333
1.2428
0.495335
0.0408573
1.08576
-0.360521
0.0773343
0.0542836
1.23811
1.51074
2.68181
0.122388
-1.43552
1.43519
1.8621
1.74421
-1.25127
-0.282962
1.74695
0.976997
2.51434
-0.667356
0.167408
-0.0824071
1.63847
0.631433
0.507839
-0.507491
1.10474
0.701868
-0.719128
1.40311
0.469421
0.250634
1.09238
-0.00970481
-0.16383
1.44829
1.96386
-0.110536
-0.135275
0.121639
-0.907132
0.0423533
-0.304415
0.250263
0.089971
2.05378
1.00414
0.229754
-0.299417
1.25161
-0.451232
-0.381534
-0.876372
-0.908338
0.497017
0.971915
1.36019
1.73041
-0.117335
-0.0912685
0.580128
1.30776
2.32879
0.71643
0.664057
0.532856
0.435489
0.549602
0.135284
-1.04813
-0.10744
0.0884653
-0.0243057
0.210551
0.780122
-0.0131689
0.184182
0.0613268
-0.746448
1.57265
2.09274
-1.31393
1.55947
0.560682
2.68349
-0.0816302
-0.582875
-0.367664
0.760333
-0.198447
0.364897
1.35442
1.94228
-0.364449
-1.27451
1.12328
0.17476
1.22774
0.74338
1.23154
-0.451842
0.450331
1.36521
0.715989
0.350657
1.4785
-0.809312
0.268335
-1.07549
-0.453855
0.205759
0.10439
-0.122023
0.934975
-1.15128
0.850444
0.88914
0.449196
1.53615
0.455801
0.658241
-0.854418
0.046796
-0.90029
0.144621
0.446919
-1.99285
2.09453
1.0521
-2.26384
0.0869054
0.573529
0.0735169
1.82061
-1.18267
-0.261386
2.00952
-0.482239
-0.0135663
0.646256
0.656972
-0.877
-1.06182
0.824597
1.46125
0.849797
0.838347
0.736743
0.136732
0.908048
-0.260088
-0.66209
-1.20234
-0.738456
-0.536135
0.888734
0.398306
2.0123
0.738742
1.8542
0.293239
0.786683
-1.844
0.546661
1.57134
2.11398
0.880201
0.507049
-0.372564
0.147837
-0.467225
1.38356
1.54581
1.06253
0.78551
0.42628
0.0354821
0.416424
-0.74141
0.600457
1.58029
1.62027
0.809841
2.34457
1.13773
0.503002
0.30362
0.132539
0.474771
1.09252
-0.259373
0.783145
-0.303305
-0.498621
0.892706
1.12337
0.297261
-0.105054
0.0466066
0.212628
-0.441698
1.83356
-0.167172
-1.04323
0.552749
0.000805369
1.65044
1.6012
2.35912
-0.705853
-0.267997
1.51478
0.737282
1.05112
-0.0883959
1.52697
-0.561558
0.731314
0.379108
0.231435
-0.475838
-0.583495
0.527381
0.45069
0.247301
-0.190627
2.49432
-1.01525
1.77725
1.70213
1.01767
0.214212
-1.21124
-0.904666
1.64605
-0.433965
1.03276
1.86593
0.161154
1.2511
0.158359
1.354
1.49288
1.92605
-2.11469
1.42161
0.870377
-1.17893
-0.72832
0.795505
1.60006
0.111763
1.0697
-1.41741
-0.943732
1.01948
1.3716
-0.486239
0.220865
0.574936
1.6222
-0.733235
0.574214
1.64646
-0.802439
1.06425
0.556192
0.509086
0.911104
1.08392
-0.319986
0.848613
1.61594
0.0798156
1.00446
0.313279
-1.35488
0.0477495
0.395015
-0.197037
-0.797782
1.32456
1.58881
0.980212
0.393679
1.70577
0.627151
0.664107
0.363728
-0.0773485
0.956509
-0.0276617
1.15692
1.17477
0.64127
-1.05731
-0.155929
1.53707
0.176306
-0.650541
1.42817
0.0909234
1.24592
1.83091
2.03771
1.19276
-0.16581
-0.248138
0.670902
0.31623
-0.22893
1.18797
0.545573
-0.409956
1.00311
1.20843
-1.77174
0.129724
1.46251
-0.00501827
0.871815
0.47149
0.360398
0.068219
0.210027
0.0400132
-0.105709
-1.26929
1.32423
2.80339
0.56804
0.254218
-1.77008
-1.64932
1.75204
1.57973
1.52847
-0.702462
-0.280777
1.75071
0.579493
1.3551
-0.346748
1.34788
-0.991128
-0.457928
0.765139
1.1517
-0.149287
1.14437
0.322403
0.141618
0.660581
1.39838
-0.258154
0.825327
-0.270855
-0.952084
-0.393833
0.820566
0.459494
0.0903818
-0.706877
-0.883533
0.7089
0.133183
1.44107
0.0664741
0.231579
-1.62859
0.691922
-0.438021
0.0664446
0.456255
1.22169
0.990037
-1.04956
-0.377391
0.0362381
-0.48398
-1.81672
0.732378
-0.124992
-1.46018
-0.00581602
1.57885
1.25754
0.64606
0.266241
1.00826
2.14403
0.215888
0.456407
-0.226522
-0.150294
-1.26748
-0.360627
-0.60513
-0.795904
0.7155
0.345803
0.893022
-0.0724211
1.26684
2.22515
0.529419
0.648906
0.700485
-1.70259
-0.127689
-0.0679157
1.39871
-0.467358
-0.970305
0.849004
0.980835
0.481166
0.124109
-0.084219
-1.41812
1.49682
0.982895
2.05598
-0.530076
-1.12543
0.144035
2.01603
-0.895833
1.48299
0.422673
0.240103
-0.331033
0.773401
1.65469
0.249221
0.218121
-0.503459
0.360195
-0.870055
0.944984
0.198013
2.0803
1.45859
-1.07098
1.61118
0.152982
0.699175
0.687975
-0.229683
0.500501
-0.474026
1.21613
1.71552
1.75542
2.73767
0.1518
0.269157
-0.0958537
0.547564
0.580853
0.12605
-0.0410714
-0.154135
0.287488
-0.886337
2.24259
0.351769
-0.136381
-0.157284
1.26673
-0.622379
0.29539
0.687954
0.406634
0.262532
1.84193
0.979062
-1.37324
0.794187
2.3292
0.378447
0.721434
-0.660444
0.324915
0.90335
-0.385672
1.5611
0.942322
1.09683
-0.874778
1.18377
-0.710874
0.992926
1.55173
0.0770887
2.64534
-0.147943
0.478833
0.816462
-0.237096
0.818988
0.727095
0.116471
1.08517
-0.332637
0.00383485
1.25842
-1.22612
1.53048
-0.581702
0.0178688
-1.36895
-0.391304
-0.20511
-0.381678
0.678958
0.660659
2.22024
-0.950185
0.51454
-0.175458
0.317285
0.84867
1.69883
0.10609
-0.21658
0.770595
-0.191159
0.685592
0.947085
1.27815
1.6233
-0.633786
0.91536
0.739208
1.22684
0.318249
1.38799
-0.478884
0.343787
0.492978
0.71099
0.436996
0.814657
2.26083
0.884198
1.08394
1.38377
1.58867
2.54977
1.29099
0.286235
0.21245
0.985283
1.64139
0.0384272
0.485599
-0.0564962
0.789297
1.00553
1.40256
-1.16923
0.0185478
0.378013
-0.345996
0.202516
-0.111956
-3.08724
-0.0624782
0.496872
-0.361753
0.812171
1.32615
0.529677
0.0182954
0.934849
0.489755
-0.146241
1.92297
0.323406
0.670999
1.49079
-1.12719
1.99828
-0.0852093
0.292878
1.59367
0.535619
-1.61682
1.78589
0.0145959
-0.204701
-2.11172
0.266622
1.04765
0.302873
1.00936
0.498101
-1.43224
2.09451
1.09727
0.131406
1.01815
0.695746
2.21059
-0.307998
1.59943
0.315378
0.471082
1.56433
0.274351
2.10939
1.1664
-0.743741
0.339308
1.30554
1.01606
1.36873
-0.98498
1.88213
0.6111
-1.1061
-0.299365
1.40675
1.22006
-0.111602
-1.15431
0.674668
0.192711
-0.829589
0.290634
-0.0479569
0.234651
0.902742
1.22874
2.98013
0.121524
0.580131
2.43968
1.01818
1.3445
0.772251
0.331158
-0.207286
-0.660374
0.75096
0.777915
0.53818
0.483038
0.576396
0.361446
0.910466
-0.758391
-0.481302
-0.54864
1.12459
-0.0881754
-0.405981
0.268285
0.694152
1.11902
1.16553
-0.335073
-0.582479
2.41721
0.860701
-0.472282
0.467366
1.30073
1.83692
-1.46323
0.767625
0.49694
0.112268
1.22497
1.06511
1.01907
0.723604
0.643026
-0.460869
-0.0870499
0.168355
0.627654
1.37133
0.970321
0.5504
-1.16566
2.62011
-0.0687453
1.20144
0.932177
0.643633
3.35837
0.52604
1.30623
0.489932
-0.317415
-0.61583
0.805982
-0.44732
0.102629
-2.0267
-0.700964
1.46001
0.902004
1.23194
0.361169
0.708548
1.32268
0.496866
-0.449021
-0.403285
-1.67495
1.6643
1.22457
0.0122682
0.63125
1.87041
0.97563
-0.158664
-2.95305
0.500088
1.69572
0.0372837
-0.937058
2.0474
0.494351
1.41889
-0.108962
-0.633453
0.543587
1.71557
1.51642
0.188607
0.234444
0.892464
0.181318
1.35996
0.33671
-1.63174
0.911495
1.90032
-0.236849
1.74016
1.19888
-0.35177
1.55469
-0.530962
1.17317
0.613561
1.91904
1.87401
1.06184
0.887145
-0.935907
2.2543
-1.14543
0.471961
0.577299
1.33094
1.46053
1.39656
2.40233
-0.783977
0.645259
-1.54161
-0.903537
-0.680062
1.74088
1.16804
0.336055
1.46259
-1.10796
1.30522
1.39234
0.461801
1.52577
0.330615
0.434237
0.345653
0.0936206
1.49084
1.5789
0.341509
-0.543705
-0.395662
1.01298
-2.10819
1.78847
0.263889
0.597605
-1.13359
0.63099
-1.31818
0.337682
1.59528
-1.17715
-0.868067
0.274925
-0.361487
-0.355629
1.7081
0.440731
0.330329
1.53879
0.631769
2.44027
0.700444
-0.431172
1.94907
-0.290422
-0.187779
0.202489
0.573536
1.1953
1.31898
0.321825
-0.94187
0.143547
0.702034
-0.174748
0.644267
-1.62465
1.15498
-0.787117
0.977148
-1.77608
-2.20989
1.19205
2.47211
1.63513
0.393951
0.574734
1.508
0.183505
1.39412
1.11611
0.0907911
-0.309157
0.26011
1.29378
0.224203
0.576836
0.655308
1.32824
0.352919
-0.562994
0.781738
0.206856
-0.844413
1.09905
-0.115765
0.580629
0.0823718
-0.636846
-0.136229
1.14802
-1.5613
0.485103
1.82668
0.628422
0.314952
1.34892
1.97571
0.173399
-0.285261
-0.645891
0.751159
-1.05994
0.759454
1.06723
-0.394402
-0.0747843
-0.777991
0.470987
-1.38868
2.65197
0.0940232
2.03441
-0.109146
-0.329286
0.686465
0.938093
1.90651
0.737302
-1.00338
0.659593
0.705945
-0.235642
0.736522
2.0264
0.796509
0.494854
0.442955
1.59202
0.171824
0.411067
-0.514131
1.03644
0.959912
-0.0462901
0.844255
1.71888
-0.372888
0.0366989
-1.84291
0.654785
0.770686
0.122108
0.26306
0.812545
1.41807
-0.494103
0.172433
-0.293584
-1.72481
0.46048
1.45627
-0.686533
-1.72686
1.25214
0.66409
0.806244
0.994796
0.611997
1.48446
0.929474
0.383299
0.861108
0.210137
-0.500304
0.531972
1.34135
-0.291993
1.23624
-0.23452
-2.00859
0.0500714
1.14991
1.23018
0.869095
0.394613
1.10936
-0.432997
0.748839
0.919009
-0.546764
1.74446
1.71098
0.118939
1.27573
2.09283
0.570504
1.10666
1.31594
1.10059
-0.348173
1.12325
0.301014
0.859784
-0.275152
0.409452
1.87635
-0.288265
1.99798
1.24183
0.797587
0.876649
-0.427374
0.542052
-2.82295
1.52395
0.260915
0.334024
1.30571
0.320572
-1.34012
-0.383845
0.497441
-0.235094
0.312907
1.95088
-1.003
1.03702
0.404614
3.01038
1.19178
0.728961
1.49233
-0.546359
0.544713
0.364394
-0.21264
-0.0555121
1.08779
1.56862
-1.07042
0.898223
0.445449
-0.627385
0.011743
-0.0507029
0.621722
-0.324704
0.127175
-0.401742
0.168856
-0.996817
1.45662
-0.706147
0.880228
-0.48066
2.24892
0.0431963
-1.7774
0.218148
1.70634
0.840189
0.988974
1.36773
1.91411
0.64261
1.77139
-0.243188
-0.567065
1.54103
1.8403
2.68667
1.89106
1.20059
0.39248
0.775251
2.84086
1.27558
1.31203
0.399021
-2.74963
1.79007
1.614
1.13969
2.27803
1.40788
0.183796
0.668894
1.50195
0.0448265
-0.159758
1.30569
-0.768369
-0.00956949
-1.00179
-0.525805
0.691849
-0.00260462
0.58578
0.153022
1.52036
0.488986
0.420289
-1.17052
0.594978
1.97337
-1.13964
-0.868124
1.57159
0.241305
0.515846
0.689411
1.29559
0.971057
-0.569237
-0.503374
1.20503
1.27334
2.1961
1.87892
-0.719567
0.610576
0.911245
-0.276522
0.944405
0.267451
1.07061
0.872343
1.98601
-2.71454
1.66802
-0.137259
-0.0972097
0.383654
1.34429
0.422697
-0.0160769
-0.190413
0.422964
0.847421
1.57787
1.14452
2.87163
1.73585
1.19804
-1.47948
1.04319
0.740936
1.57067
-1.28097
-0.389158
-0.747498
2.53855
0.968834
-0.00697044
1.9738
1.76746
0.592947
0.248592
-0.249431
1.26666
0.0585268
1.18021
-0.360384
-0.714319
0.349736
-0.0296387
-0.443975
1.46451
0.0433526
1.3511
1.99219
0.916409
1.50144
1.73485
1.24325
0.206468
0.647023
1.56583
-1.41479
2.52051
1.50256
0.361145
1.20657
-0.477596
1.96833
1.34392
0.568278
2.3865
-0.517834
0.232779
0.354186
-0.528791
0.874004
2.54155
1.46478
-1.89414
0.437985
2.05803
-0.805045
-0.100007
0.530497
0.821518
0.321537
-0.564561
0.132645
-0.704285
-0.697584
-0.0745089
0.821649
-0.460059
-0.452978
0.986959
0.762178
1.4088
1.33601
-1.47183
1.21805
-0.671609
0.877698
1.24469
0.158515
0.941455
0.160999
1.72705
0.051965
-1.61355
1.11828
1.08765
1.3952
0.0427203
0.419197
1.29966
1.64333
0.884694
1.4169
1.29198
0.265943
1.48774
2.10763
0.0401048
-0.462128
0.052139
1.12165
-2.04109
0.436428
0.188992
-0.367266
0.110883
0.941871
0.370427
0.37016
-0.353142
-0.254024
1.39303
0.832308
0.305181
0.0766509
0.422817
1.42634
1.10053
-0.638201
0.42678
-0.557247
-1.15959
0.150244
1.57877
0.225473
1.65606
0.131293
0.725271
0.71758
1.68337
0.0364467
0.469609
0.719467
-2.0814
0.263968
0.209763
-1.1744
0.332418
1.04532
0.984019
0.952382
1.45935
0.230767
1.25083
1.3806
-0.112645
0.649906
0.432886
0.236611
-1.45845
2.16843
-0.72218
0.313346
-0.676111
2.26237
0.691275
1.18025
1.56999
1.22734
0.188201
0.55232
0.863794
1.04538
0.826937
-0.221436
0.651916
0.961446
0.863263
1.67314
1.63729
-0.391287
0.198062
0.389597
-1.22245
0.820488
0.650898
0.475055
0.89081
0.702485
0.37649
-1.63796
-0.101555
-0.237827
0.83079
0.4812
-0.877007
-0.553317
0.6854
-0.382634
0.304079
-0.160732
1.42728
2.19137
-1.18035
0.556217
1.25439
-2.12214
0.223217
-0.0339203
-0.426924
0.993304
0.35309
0.388087
0.413823
1.62737
-0.0515975
1.75037
-0.371559
1.13717
1.61916
-0.834718
3.17035
1.36595
1.4273
-0.63671
0.0753273
-2.55072
1.36469
0.336033
0.397315
1.70665
0.409122
2.23202
-0.220745
0.650071
1.4157
-0.380849
0.357376
-0.481708
-1.01828
-1.62209
1.29655
0.73751
1.34834
0.390208
0.371434
-0.3501
0.00908284
1.79848
1.1027
-0.192517
0.678812
0.863729
-1.30729
0.362005
0.973382
0.596597
0.571967
1.85043
1.044
-0.491056
-0.15907
1.00717
-2.6313
-1.16162
2.41114
-0.932729
-0.388413
0.910208
1.93818
0.508777
0.553749
0.339086
-1.09561
1.10412
1.45658
2.50805
-0.658972
-0.751527
1.48505
0.144054
1.8662
1.92787
0.465923
0.703055
1.41322
0.065075
0.449917
1.18287
-0.41123
1.18489
-0.377032
-1.1352
1.19687
0.9218
0.207442
-1.34777
-1.07492
1.21737
-0.107191
-0.651437
1.10196
1.11967
0.207918
1.35623
0.884973
1.87748
-0.104264
-0.408586
1.55764
-0.294641
0.903015
0.729109
0.476075
0.755048
2.00487
0.560765
0.51429
1.62722
0.641778
0.394955
-0.116135
-0.484816
0.712677
-0.413432
-0.780251
-0.677677
0.717248
-0.0650584
-1.85638
0.813913
0.127167
1.47761
-1.0968
2.04871
2.07742
