2.54752
1.03306
-3.05045
-0.669641
-0.0850137
3.24562
-1.33251
-0.761543
5.12393
1.98327
-2.18754
1.7632
-1.29195
1.32019
0.19902
-0.897766
-0.513228
1.73805
-0.77519
2.36068
0.445225
0.0890911
-2.1324
-0.0394707
-0.964392
-1.93488
-0.689508
1.97107
-2.04852
2.23154
-0.893961
-0.68526
0.127301
-1.53538
-0.675939
2.28296
1.15597
-2.2936
1.08986
-1.46357
0.144838
-4.23837
0.458352
-0.44198
0.465552
0.306447
0.6853
1.32674
0.659086
-0.977653
-0.478096
0.167437
-1.7722
0.992627
1.02403
2.28719
0.463795
2.30546
0.689863
-0.815004
-4.79687
-0.281686
0.185492
1.40885
2.82605
1.52874
3.01215
1.74069
0.840991
1.85895
-1.90925
-1.05118
1.03673
-0.951263
2.26872
1.63886
1.99236
1.40296
-0.108661
-0.538852
3.6503
-2.07738
1.08074
1.66007
-0.270154
-1.63057
2.48566
0.92346
-0.37628
-0.753513
-1.60967
-1.6356
1.50769
-0.436504
-0.725765
-0.671858
4.53693
1.5386
-1.49987
-1.60133
-0.023206
-1.10782
-1.02109
0.442395
-0.923127
-0.484179
-0.512443
-2.71343
-0.00116301
-0.922524
-1.65277
5.23695
0.715181
2.92399
-0.266468
0.715391
-0.208059
2.87192
0.520403
2.82365
-1.01287
2.19662
3.83725
-0.615052
-4.00813
2.11048
-0.330235
-1.79078
1.42846
-0.078672
-1.80642
-0.591982
-1.65952
1.11272
0.696155
1.59676
0.224566
1.68633
1.94457
-1.41079
-0.572222
-0.565271
2.27092
1.77721
0.590434
0.231847
3.14741
0.505194
-0.285761
-0.180865
1.17887
-1.16625
-1.48482
-0.207965
-1.37864
-0.401243
-1.27522
0.755618
2.43688
1.57439
-0.297546
-3.34699
-2.36073
-1.44676
0.432068
0.870674
-1.07687
1.31655
2.03997
1.74822
2.13004
0.37412
-1.31445
-1.27284
-1.37932
1.28746
1.09586
1.4707
0.350989
0.628364
1.08972
-0.841012
1.06217
1.43753
1.47776
1.66045
0.598117
2.1571
1.39354
-0.632056
2.2282
2.22665
1.91787
3.02104
1.22988
4.21336
0.72671
-2.58664
-1.63441
-0.576231
0.85173
1.59842
0.0901562
0.146166
0.452682
1.59605
-2.70175
-1.87516
-0.224691
2.40967
2.11164
0.764958
0.207489
2.23974
2.95057
0.278506
-0.652715
-1.98404
1.66531
4.86054
1.17248
0.574582
2.52446
0.494879
-1.26583
1.41368
-0.162933
2.47284
-0.0105085
0.422949
1.69158
2.33285
-0.670737
1.62003
-1.76356
0.398717
1.15818
-0.793638
-1.57436
0.850124
1.6575
1.497
0.401021
1.18846
1.54783
-0.451799
0.123214
0.195922
1.07038
-2.16083
2.11283
1.04449
-1.21883
0.488238
-0.110734
3.19999
0.993824
1.57195
4.88326
2.99262
4.76832
0.330514
0.243202
0.134378
-1.54187
-0.3567
0.0345268
0.241622
1.04526
1.53098
1.06261
2.66059
-0.305095
-1.73575
0.108642
-0.247509
0.847814
-0.0735954
0.422972
-1.22595
0.381737
2.09173
-1.55642
1.82658
3.62522
2.04688
-0.292657
-0.462226
1.87677
1.27723
-0.0157982
2.23888
-0.345811
1.5692
1.89058
-0.246697
0.992643
1.76757
-4.00826
2.49617
3.4433
-0.0455461
-0.907042
2.5699
-4.71591
-4.60631
-3.76839
1.62462
1.55973
2.19547
1.62544
2.55901
-0.42102
2.55086
4.62582
1.67445
1.01749
0.177907
-3.86321
2.45643
1.12344
2.26245
-2.16175
0.0681139
-2.64104
0.227443
2.27663
0.46189
2.99062
3.37242
-0.23527
1.12459
-0.364389
-1.22156
-0.566385
-0.933991
0.0821553
0.439761
3.07006
3.81543
1.67573
-2.33585
1.33799
0.673403
-1.08266
-0.907409
-0.757168
0.178609
0.372727
-2.14034
0.18184
2.72689
1.10595
-1.0295
0.0208573
3.27737
2.92169
-1.10047
1.82495
3.10188
3.36668
-0.0350551
1.93312
2.11194
0.697334
2.69577
1.06887
-3.87811
-1.71857
2.00238
0.147379
0.137087
1.92785
1.73076
-2.77855
0.383357
0.0194821
2.01807
-0.338752
1.20006
-1.84067
2.2757
2.03683
2.66828
-2.97771
-0.904972
2.37578
-0.930942
0.202703
1.31903
1.52105
1.43766
1.68253
0.224085
1.34053
2.34776
1.90138
0.651233
3.30044
0.0596964
-2.2224
0.345924
2.33786
-2.82751
1.07293
-1.73271
0.212028
0.576064
0.674556
2.21561
-1.4266
2.26572
0.928143
-2.65544
0.601628
1.99625
0.321843
-0.887384
1.48403
-1.71172
2.17096
-0.0137068
1.71645
1.32473
0.312925
0.632761
-0.246769
2.24123
1.80004
0.070753
2.11066
-0.407644
1.46043
-0.322459
-0.811596
-2.80325
-1.40885
0.523676
2.53737
0.990007
1.03698
-0.881644
-0.187865
1.26
0.45522
-0.781266
-0.892939
-0.486769
1.96906
-0.427503
-2.28015
3.12481
3.56352
1.15144
2.53425
0.592466
-1.71009
0.296838
1.66791
-1.77725
-0.530125
1.45541
-0.421182
-1.77739
0.204401
0.525369
-0.422553
2.22456
2.4676
-0.119252
-0.86379
-0.519946
-0.0647303
-2.24057
3.53917
2.78199
0.839913
1.10472
-1.70158
-1.14977
1.4982
1.39757
-0.344565
-1.67871
-1.63799
1.55572
-2.31708
-0.656018
2.7542
-2.96994
-0.0901886
1.41009
1.36769
-0.0491521
1.7364
3.96939
1.15291
1.04062
1.06546
0.354901
-4.52989
-0.371659
-1.44317
0.60216
1.54105
1.4071
0.585303
2.98501
1.83574
0.433607
-0.868901
0.961674
-1.57962
-0.27411
3.13823
1.89924
-2.78841
-0.174917
-1.04778
-0.509245
1.66041
-0.22421
-0.614784
1.43459
2.84769
1.82077
1.32636
-2.79834
-0.559566
2.58865
0.879669
2.88848
0.610346
4.30262
0.815461
-2.63984
1.28934
-2.47575
0.216379
-1.55534
-0.223814
1.53086
-2.22171
1.72809
2.2996
-0.546072
-0.323509
0.221624
2.18406
-0.742465
0.142253
2.72151
0.222338
2.36399
0.716016
0.945352
0.906601
-2.58137
1.73341
0.829041
-0.979542
-2.98985
0.322683
0.032049
-0.864865
-0.525393
-1.85963
1.88485
-0.0588881
-0.391163
1.90855
1.1369
1.35614
-1.02364
-0.40258
1.21794
1.72668
-0.290803
-0.938337
1.36311
1.23033
0.860799
-2.49249
1.15865
-0.652523
0.174541
0.998135
1.18341
2.38501
-1.66457
2.17158
0.760997
-0.415978
-1.56847
-0.485978
1.69918
-0.922204
-0.635802
0.0719717
0.284132
2.11749
0.00921879
1.26967
0.928082
2.70449
-1.40791
-0.402081
0.226813
0.479076
-3.42428
-3.45653
0.24405
-0.571249
3.5045
-2.62084
0.248315
-0.719467
1.43493
0.190601
1.95252
2.85509
2.77965
1.72986
1.22095
1.99549
3.40233
0.497216
2.55241
1.55319
-0.498143
0.644963
0.221065
0.996243
1.50141
0.678848
2.54833
0.563338
1.35467
-0.570913
0.792474
-0.416219
0.303694
-0.660791
-0.511654
1.69832
1.48629
-1.43966
2.5467
-1.72642
1.24847
-1.90332
0.760228
4.36981
-0.0644906
1.21545
0.400501
0.24013
1.55524
0.521049
0.169168
-0.184599
-0.758024
0.640931
-1.93063
1.65144
0.795901
-0.3136
1.13564
-1.3964
2.201
1.03173
-2.61509
1.64203
2.24151
2.27287
-0.158349
1.04646
-1.3768
0.548473
4.95375
-3.78596
1.203
1.41581
2.02621
-1.29851
0.617505
2.18542
2.56978
0.991645
-1.88303
-0.775315
2.34872
-0.744655
0.537949
-1.54802
-1.42154
2.59104
-0.993989
0.606999
-1.28763
1.14922
1.63942
-1.90071
-3.87381
-0.429978
1.52923
0.376916
1.13222
0.644672
-0.927544
4.09042
-0.543477
-0.855842
0.934956
1.51184
0.348905
0.506242
0.794474
-0.350971
0.447601
3.29097
0.759655
-0.00447241
2.27182
2.62242
-1.7044
2.65199
-0.856994
-1.89109
1.13173
-0.631172
-0.348335
0.0813305
1.61465
-0.901926
-2.02836
-3.5569
0.642916
0.884672
-2.7484
-1.57409
1.21601
-0.353682
-0.562831
2.77127
0.634442
-1.05697
-0.529735
2.0985
-0.42976
-1.63161
0.497673
-2.57501
0.625487
-1.57324
-0.223627
0.189998
2.29626
-0.124526
-0.308113
-0.742553
-0.810331
2.5086
-1.55014
-0.164471
-1.05343
-0.0939893
0.750554
0.660968
-0.541177
2.27056
-1.76945
-0.610121
1.57068
1.72286
2.49108
0.869555
1.47329
0.844375
-0.265391
0.946052
-0.305984
-0.0816482
-0.209195
1.51311
-0.143226
0.812156
-2.54972
1.30935
0.040434
-1.86521
-0.0299924
0.872448
-0.261959
2.10075
0.140381
1.03554
1.42343
0.630672
0.507582
-1.94697
-2.35762
1.71458
-0.677813
-1.35759
0.198593
-1.02877
0.819194
-1.64869
0.979143
0.263592
2.8701
1.21613
-2.77512
-0.658579
2.17523
-0.831929
-0.795256
-0.163333
0.653975
2.80277
0.805604
2.60581
2.2237
-0.271889
1.34413
3.49124
-0.0749835
-0.992454
-1.70224
1.67052
1.81752
1.78968
1.50483
0.749518
0.84932
-3.25029
-1.99305
-0.131345
2.83341
0.819767
2.73493
1.43261
-1.54765
0.389446
0.73204
1.78817
-0.645981
1.34253
-1.02427
3.46989
1.51961
-1.13675
0.902996
-3.15976
1.01634
-3.16531
-0.571789
-1.01272
0.305981
0.473199
-2.45048
0.195782
-1.64438
1.87242
-1.76177
0.167526
-0.625478
1.08159
1.73343
3.18336
-0.371144
0.594066
2.14702
-0.128223
0.849777
1.59896
0.336692
-1.57704
-1.96359
0.633948
4.0313
-0.243169
-0.310471
2.38976
3.35621
-1.37273
-2.02444
1.01103
-0.367156
-1.00609
-2.90198
1.47671
0.480035
-2.12443
1.89095
-0.0318088
-0.707279
0.624309
1.07907
-0.67524
2.04361
0.901329
0.579975
-0.750332
-0.674037
1.07141
1.50891
0.852794
1.7429
1.75302
0.323446
0.909938
1.19284
0.941588
2.4808
-0.438026
1.10944
-0.205159
0.456929
1.56464
4.0023
-0.250532
-0.533936
-1.88582
-1.28293
-1.10494
1.33696
-0.189459
2.19797
1.28703
1.76838
2.49377
0.810332
-1.31731
-1.71257
-1.88621
-0.655062
2.01829
2.19806
-0.465519
-1.01463
1.44553
-1.4851
1.53512
-0.746977
0.240496
-3.60722
0.413604
0.824168
1.21658
0.275687
1.1458
-0.720472
-0.908457
-1.77767
0.0395748
1.53001
1.53711
1.25942
1.92265
-0.112432
4.32663
-1.40172
2.91424
-2.84153
1.61809
-0.636328
0.274157
-0.542314
3.10987
-1.56797
0.842608
-1.13419
-0.0358142
3.03759
2.07563
-0.584766
1.13543
-0.367976
2.49637
2.73178
1.24831
0.980345
2.91897
2.79333
0.659495
0.918493
1.66821
1.28775
-1.5032
2.415
0.71127
0.0566536
2.10348
1.5425
1.2184
-1.45478
1.86115
-1.87471
-0.289947
2.88537
-1.7238
0.814152
0.982913
-0.311031
0.0381621
-1.16815
0.679586
-1.28498
2.20691
0.357382
0.0261471
-2.07392
1.29165
1.84739
4.85483
0.960635
0.604634
0.479538
1.31428
1.90394
1.51147
0.271735
2.01603
-3.74966
-3.193
0.91627
3.60509
1.61735
-1.99043
-2.57187
3.4275
1.06396
-0.134005
0.0739932
2.1756
2.21484
2.67749
3.32679
-1.38388
2.41383
2.78385
0.992933
-2.61987
-0.602034
0.966717
-0.226963
-1.08058
-2.40077
0.381446
2.01194
1.70736
0.323528
-0.559707
0.0443795
2.30196
2.36178
-1.668
-0.324669
2.04684
2.27208
1.71196
-0.964806
-0.430375
-1.12423
1.42647
-0.749304
-0.261487
1.77598
0.0192397
1.28357
1.82349
0.094801
-0.952624
0.663375
0.978932
0.660921
2.40136
-0.293478
-1.81739
0.608794
-0.197888
-2.25981
-2.21798
0.491028
-1.16796
2.52848
0.379687
-0.414173
3.15047
2.43761
4.35219
-0.459718
-1.21501
1.25695
2.20568
-1.39635
1.45868
1.83177
0.544533
2.35182
1.82032
2.48745
1.53942
2.37437
1.08012
1.44987
2.01874
-1.71807
3.25867
0.334113
1.10036
0.0681055
-0.634331
0.926935
1.93291
1.39024
2.7932
4.27565
0.700573
-0.0446366
1.25531
0.564016
0.323541
-1.63471
-1.45526
0.205593
0.68403
3.42479
-0.364554
2.54345
2.07613
-0.538762
-1.17876
-0.123361
1.01579
2.6867
1.15559
1.93089
1.4008
-0.763136
-0.324943
-2.11764
6.39744
3.53607
1.2074
-0.920721
2.39189
1.30539
2.34954
-0.652653
-1.60984
-0.175221
-0.514938
-0.580791
2.33296
0.053762
1.40076
1.83557
2.41955
-2.6459
-1.21181
1.17534
1.72077
-1.07574
-1.02931
0.472265
-0.37795
0.139937
0.0909266
0.324183
-0.745356
-1.11666
2.91887
1.18694
-0.0539318
0.0206454
-1.34839
-0.460953
-0.37636
-0.100819
-0.890985
2.29888
3.03994
1.60398
-1.76491
1.28422
0.656641
0.216027
1.78655
1.74275
4.30536
1.01566
0.660924
-0.339123
2.20552
-0.901532
2.2602
1.57259
1.51036
-0.360066
1.27062
-2.68033
-0.671974
-0.74153
0.168638
-1.47638
0.0173352
2.46642
1.32139
-2.21677
-1.24531
0.716204
0.931065
1.05128
0.493423
0.522347
0.809871
-0.732629
-0.228354
1.28854
0.384241
-0.395302
-0.396331
1.63354
-0.608174
0.935564
1.26378
0.914843
-0.0345149
-0.181689
0.805082
-1.16535
0.73611
-0.983755
1.50089
1.35788
1.30158
3.33729
-0.174892
2.06902
0.0466157
2.42481
1.11686
3.35025
-0.869504
0.146142
-0.799982
2.30502
1.41643
0.602552
-4.53053
0.776357
-0.613505
1.43668
-2.32025
3.78954
1.44341
-0.340633
3.93822
0.738582
-0.143518
-0.344726
3.13942
0.971321
1.99441
1.48865
-1.77259
1.51096
-1.50353
2.07632
0.625161
2.17692
1.84921
-1.28416
-1.63544
1.42595
0.437503
-1.62216
-0.334844
-1.92519
1.52538
-2.66137
1.06974
1.2042
2.14971
-2.26481
0.820104
1.0356
1.57872
-1.86826
0.945421
3.32907
1.01757
-0.282455
-1.67605
1.37166
0.425255
1.62587
0.0430151
4.10741
-2.74003
1.97499
3.34962
3.15998
-1.8586
1.27162
-0.32859
3.54846
1.35472
0.6092
-0.298753
-0.158612
-0.870238
1.77712
0.895482
-0.173091
2.15806
-0.146117
1.17243
0.390496
-0.374679
2.60954
-0.79612
0.411716
0.891764
0.221018
1.3634
0.4153
1.47013
0.9754
2.34609
2.22955
0.00677702
0.874299
0.457545
1.78295
2.11446
-0.276843
-0.206804
0.57042
3.17543
1.7706
1.38187
2.34586
-1.45729
0.900322
2.15828
2.11904
1.91337
-0.671991
0.45832
2.13349
1.73879
-1.65095
-0.757868
1.00185
1.10291
-0.0314866
1.38976
-0.0700122
2.86164
-0.689831
0.371113
0.82203
0.616121
2.49445
-1.51627
0.659712
1.12395
2.53208
1.70019
-1.25362
2.1193
2.12379
0.958292
3.28572
0.253895
-0.48806
1.01545
0.40749
0.777214
2.72227
2.85447
-1.21068
1.26085
-1.53059
-1.11559
-0.335381
-0.810577
0.206289
-1.30485
1.1469
-1.28423
-1.11702
1.60127
1.47543
1.72816
2.99166
-0.738616
2.44346
1.33461
2.41327
-1.57612
0.41755
1.56778
-1.55526
0.555402
-1.7791
1.72531
2.2527
-1.41248
0.189086
1.28853
-1.24456
2.33472
1.6568
-0.984042
2.21101
1.85712
-1.65558
0.361964
1.87092
0.169989
2.0556
-0.404073
-0.14771
-0.270963
0.577884
-0.0432763
0.489593
0.218348
1.14462
1.56186
1.23796
-1.9197
-0.713285
1.27884
0.920384
0.27974
0.535663
1.08834
2.35122
1.17319
0.814063
0.586196
-1.11923
-1.95694
0.892151
-0.0990608
0.803352
-0.378773
1.16421
0.7595
2.41579
-2.89221
-0.471058
-1.20855
-0.428448
-0.998294
1.03056
3.69987
0.144565
-0.563181
1.94979
3.5624
-1.65931
0.446252
0.365272
-0.976659
-0.269572
0.290584
-1.97759
1.01426
-0.120834
2.0496
0.800298
0.404472
0.393718
-0.331256
2.18519
-0.942811
1.16899
-1.8377
1.65349
0.714708
1.11556
2.33904
3.33656
1.44231
-1.01985
0.233156
-1.00885
0.357593
1.10416
-1.15096
-1.63097
-0.428002
3.08973
0.986121
2.13047
0.222071
-1.06435
1.44918
-0.139108
0.673955
0.382304
-3.3811
-2.31986
0.297972
0.303562
-0.0529346
1.63924
2.34486
1.2784
1.90696
0.532676
1.23181
-0.406026
2.29659
0.51632
-0.0793279
3.02556
-1.32157
-0.67208
0.0373045
-1.52883
1.29772
2.3499
-0.268364
1.95437
-0.277313
1.74492
1.05216
2.57256
2.91042
0.781563
2.1682
-1.66627
1.17793
0.922529
2.13868
-1.82466
3.02091
1.3284
1.37123
-2.16523
-0.714064
2.4486
0.0489473
-0.186677
1.10126
-1.23481
0.437628
-1.03419
0.425111
1.3604
0.486882
1.17549
0.536388
3.31284
0.817178
0.176039
0.650018
2.14148
2.70846
0.803674
-1.42795
1.88341
3.38947
-1.40631
2.26817
-0.85049
-0.733559
0.734457
3.91578
0.0999792
1.38266
1.90338
0.892397
1.01314
-0.132356
-1.40266
-1.86293
0.685572
0.762916
1.08797
0.99833
0.380641
1.76275
1.0456
0.233785
0.0296721
0.748444
0.337923
2.52979
-1.50586
1.01875
1.67865
1.9396
4.9329
1.47434
-1.94357
2.70263
2.72697
0.615399
1.22735
1.67287
-0.377187
-1.88429
1.33403
0.4261
-3.53554
3.28541
0.167902
0.491539
0.377477
-0.0371483
-1.54221
0.773473
0.18238
2.56102
-0.842975
4.6314
-0.0331281
-2.21422
2.33234
0.207962
-0.0237424
-0.469323
-0.433386
0.113037
1.40657
1.12247
-0.188049
1.90224
1.3164
-0.286177
-0.640067
3.22903
2.11475
0.829806
0.53044
1.18471
-0.497116
-0.521447
-0.57953
1.48491
2.35951
1.29452
-0.272242
1.14308
0.61495
0.876304
1.79101
-1.0926
-2.84921
1.71493
1.28801
0.276547
1.11741
3.9969
-0.236562
2.5757
-2.43945
1.72874
-0.106201
0.899068
1.67601
5.12607
-0.956952
-0.981072
0.182124
3.79305
1.34526
-0.352051
0.28722
-0.254701
-3.05534
1.66738
-2.87506
1.54784
0.0705085
0.662039
-0.750829
-0.0274447
-0.315294
-0.659469
-1.85112
0.480124
0.0995986
-0.398902
1.98451
2.64486
0.451357
2.29402
1.60173
-0.994609
1.756
1.16506
1.38793
1.52928
0.708649
0.857172
0.848432
-0.406827
0.980769
1.30665
-1.36312
0.995407
-2.16649
-0.156588
-0.445344
-0.50351
1.79526
0.742584
2.87563
-2.45173
4.22319
1.54985
-1.26001
0.00413988
1.60989
-0.49917
-0.496129
0.373057
-3.75001
0.10853
0.0462399
-1.66325
1.65014
0.00836411
-1.93489
0.384242
-0.310128
0.233303
-1.32264
3.78923
1.04704
0.279814
1.25071
-0.685882
1.25101
0.704483
1.14218
2.47236
-0.17423
2.50424
-2.69671
-0.71495
0.550371
-0.46269
-1.91404
1.95123
0.76404
0.971749
1.94551
-0.441504
-1.53894
0.658162
-0.814129
2.18829
0.620422
1.13509
2.75185
1.88787
-0.621276
1.77152
0.21223
2.00599
1.266
0.241803
-0.595411
2.11277
-2.03521
-0.620945
-2.3191
2.37798
-0.0843876
-0.481741
4.18802
0.251461
-0.638609
2.01196
-1.15089
-1.08418
0.701003
2.60216
2.71777
0.710048
0.508002
4.23037
-0.606059
-0.807619
2.94134
-0.115993
1.65062
-2.10208
-1.60087
1.93948
-0.126967
-0.47995
-0.790172
0.354257
2.45115
-0.0306262
0.556758
-0.750668
1.77274
2.17594
-0.259276
0.244501
0.00902173
2.04274
2.09667
-0.663928
1.4487
0.207038
1.67066
3.94073
-0.166361
2.18895
-0.226966
1.6479
1.28177
3.35052
-0.327225
1.86296
-0.295796
2.71018
2.40536
0.427046
1.35424
-0.196022
-0.28843
0.587528
-0.415291
-0.502973
-0.187984
1.50231
-1.60259
-3.24974
2.50404
-0.149895
0.0654636
-0.0957715
-1.60782
1.89891
0.830755
4.20187
-1.0741
1.08556
-0.421038
-1.87985
0.914393
0.82618
-0.241558
0.0804246
1.85486
1.98317
2.372
0.070567
0.169365
0.553954
-0.781899
2.01935
1.49053
0.708507
-0.268541
3.62379
1.72721
0.413533
0.00906721
-1.93385
-0.477018
-2.19576
-0.147659
1.81289
-2.24379
1.40399
1.28143
-1.30978
-0.453808
2.34441
2.3172
0.753212
-0.497284
1.30215
-3.13353
1.4383
0.654577
-1.99457
-1.4167
1.1339
-0.759353
0.154015
-1.37712
-1.5947
2.61461
1.56573
2.79334
2.88828
-0.218821
1.0423
1.22126
1.25157
2.45788
3.72194
0.729168
2.50273
-1.4497
1.51322
4.21679
-0.62889
-0.467608
-1.99908
0.878986
-1.52946
0.429988
1.2489
-2.24692
3.60001
-1.07013
2.72335
-1.00751
3.40452
-0.650674
-0.206643
1.14928
3.01849
-2.59692
4.00278
0.670489
1.18406
-1.72648
-0.66521
-0.490167
-0.186388
-1.35035
-0.813733
-0.667002
1.05477
1.39002
0.678497
1.20201
1.66888
-2.14912
0.834185
-2.43186
2.38802
0.139986
1.87766
0.326825
-0.871894
1.44284
0.17737
-0.351706
0.125238
-1.617
-1.04868
0.0804609
-1.24613
2.11717
-2.23571
-0.227641
2.36025
1.0659
1.19622
0.0697872
1.79464
0.954871
-0.384952
1.89854
1.05668
-0.590708
-0.361555
1.48873
0.618344
1.71989
-2.84846
1.53599
-1.08851
0.925196
-0.759951
-0.850395
-1.53635
-0.928572
3.76694
-0.186771
1.0381
-0.0588289
1.22053
2.60833
-0.734391
-2.44246
1.68082
0.567337
2.97014
-0.461438
1.3692
2.01382
0.154419
-0.487201
1.29395
1.71953
-3.90844
0.435909
1.73547
-0.20288
-1.23883
2.02637
0.0469904
-0.305775
0.459725
-0.692188
0.157793
3.21973
2.56454
0.888256
-2.50662
-0.909995
0.638453
1.27826
-0.515337
1.39173
-1.55334
-0.520263
0.74819
0.949933
-0.0102414
0.314225
1.38071
-0.245981
2.3175
3.25317
2.11173
2.41189
1.18177
0.950461
-0.489086
3.82675
1.39197
0.194603
-1.33636
-1.45584
-1.87662
1.64289
1.28446
-0.458583
-0.519559
-0.0867349
-0.874474
1.00618
-0.648594
1.62492
-0.253862
2.11653
1.79849
-0.884522
-0.221803
1.63648
-0.841177
1.26205
0.478199
0.59039
-0.963933
-0.301616
2.21841
0.91954
-0.303796
-0.458151
1.08705
2.50129
2.6787
3.50519
3.31989
2.69914
0.0456119
0.754642
3.09609
0.770672
-1.3874
2.07393
-1.75923
1.28364
0.479401
1.9094
1.59226
2.64853
0.659637
1.06971
-1.23607
0.615058
3.14729
-0.308057
1.60231
1.40612
-1.2095
-1.5334
1.83376
-1.64225
3.01574
1.99174
-0.215182
-1.06774
3.24663
0.772457
-1.01779
-1.3843
0.150808
-2.17737
0.704076
1.62563
0.486363
-0.568727
1.8083
-0.423362
-0.45766
0.472097
-1.92185
-2.9507
2.32394
2.09852
-0.316765
2.68995
-1.39011
1.00922
0.999243
-1.46292
-0.926329
0.239944
2.00455
2.28703
-0.347405
0.47967
1.51484
3.1549
0.253362
1.88159
0.783685
1.92024
1.77545
1.96801
-1.21265
0.515609
3.04428
1.07639
1.11055
-0.381173
-0.384947
-0.266589
0.411522
-0.85479
2.0065
-2.02416
0.149847
2.44157
-0.0167821
0.40064
0.50657
1.80202
2.46774
-1.12267
-0.46291
-1.7631
0.311794
0.0164248
1.44095
-3.05399
-0.0339719
-0.303008
-0.052759
1.78506
0.62439
-0.533795
2.50068
0.235898
-3.79239
1.94557
1.06243
0.138281
-1.37979
0.203676
-0.554094
-0.638485
1.26629
1.77648
-0.0933147
0.479204
-0.776946
1.36317
-1.84018
2.01104
1.76386
0.380043
0.492709
3.64042
2.02413
0.733679
-2.73818
0.854257
0.927314
0.185426
-1.02852
1.6794
-1.77188
0.36697
0.944141
0.172634
1.49728
1.61793
-1.72873
-0.142455
1.86568
4.14564
1.49683
-0.545538
0.821717
-0.484903
-0.943543
0.590274
-1.23686
0.964486
0.0672341
1.90003
0.731603
-1.13894
0.698284
2.45771
-1.9097
1.24695
-2.04044
2.01644
1.72518
2.5326
2.16179
-1.37806
-0.891964
-1.44655
2.69385
-0.866722
-2.39894
-0.841072
-3.0766
-1.7582
-0.254148
-1.46732
1.44508
3.2508
2.97196
0.699552
0.182432
2.02876
0.584179
0.438453
-1.45787
0.678663
-1.03709
1.86518
-1.79613
-0.0813144
-2.87902
3.47411
-1.70302
1.02512
-1.13497
0.436489
-0.433446
2.79864
-0.874673
-0.303006
-1.0416
1.43859
0.673214
1.75035
0.218416
0.162628
0.0313717
1.60526
-3.52664
-1.87331
-1.86396
3.20346
1.2091
-0.903987
-0.943906
0.821751
-1.10792
2.44104
0.286728
1.84153
-0.630719
-0.611799
0.628888
-0.168456
3.24533
1.14215
2.30414
1.41107
0.99351
-0.105254
0.441672
2.32355
2.49976
-1.55352
1.18065
0.91255
-0.109867
0.699623
-0.132545
0.293864
-0.951787
-1.28219
-0.302428
1.36304
0.944785
-1.20485
-1.48315
3.73575
-1.4254
-0.656799
-0.839582
-1.93469
-0.670586
0.176828
2.25711
3.78143
2.82789
2.26439
4.23971
0.255146
1.98947
-5.11816
-0.00281196
-3.11884
-1.06752
-1.33168
0.726424
1.13718
-1.72544
-0.368296
3.42366
1.03303
1.58445
-1.39935
1.01011
-2.1505
-1.01672
-2.6236
0.303805
0.771171
-1.53929
2.73992
1.72158
3.92149
1.61643
1.50191
0.231528
-1.46177
0.563776
0.267665
1.82449
-0.714944
-1.83789
3.84499
0.749335
-1.1856
0.151009
2.73666
0.603016
-0.00358014
1.07378
0.497339
-3.59072
0.848026
1.212
-0.364534
-0.505064
0.464103
0.200041
-0.133918
-0.385495
0.0723949
0.919712
-0.422866
-1.11707
-0.571205
3.45107
1.93416
-1.01521
0.35113
1.91255
-0.121285
-0.17664
1.14186
1.49893
0.806388
1.49873
-1.06011
-0.612506
0.505561
1.12473
0.710952
-0.036901
-0.0811668
1.7406
-2.09635
-0.448806
-0.591824
-1.06641
-0.0217436
3.38461
-2.88294
1.18205
3.98272
1.13433
2.10746
1.63191
0.245463
1.48215
0.171538
-0.899325
0.834767
-0.65358
0.461346
0.772695
0.413091
-2.78409
-0.148978
1.1789
2.37158
-2.5666
-1.24984
3.90574
-0.842382
-1.0493
0.652981
0.652914
-1.1082
-0.691192
1.92659
-1.88275
-0.189819
-0.895134
1.86721
0.795952
-0.587525
2.4989
1.52005
2.78311
-2.76048
1.86464
0.571215
2.17187
0.101995
0.55585
1.64856
1.06705
0.053612
0.745881
0.485973
1.47921
1.00944
-0.868353
2.04207
2.20138
1.16513
0.271428
-0.718561
0.745019
2.66857
2.15345
1.4717
1.1253
0.406061
-0.497665
-2.60726
-0.0391172
-1.49898
0.526389
0.507843
-0.287632
-0.262722
-0.606164
2.83806
2.18906
-0.817593
4.74696
0.928048
1.20979
2.87289
4.67145
1.29804
0.872066
-0.544542
0.228123
0.291495
-1.10033
1.87322
-0.187891
-0.261544
0.809363
-1.60829
0.772081
-4.38485
1.20191
-0.406829
2.68008
0.0149153
0.209825
1.67768
0.789279
0.916974
-2.5571
-3.20494
1.59159
0.211972
0.525665
2.82927
2.97129
-2.3617
0.0914101
0.523876
-1.60173
1.98209
1.41372
-1.18009
0.185796
1.72843
4.48326
0.510992
-1.51951
-2.40596
-0.30934
3.59002
0.295536
1.98929
0.793605
-0.311314
-0.228902
1.02139
2.42422
1.04097
1.88341
1.88107
-0.944897
-0.476724
3.42361
-1.19329
0.0196159
2.64536
0.0478436
0.666289
0.887841
1.57936
1.43304
1.42908
-1.19444
-1.06744
-2.40849
-1.5674
2.47903
1.35314
0.61338
-2.32913
-0.529874
1.345
2.50637
1.97664
1.2575
1.56387
0.518936
-2.31138
1.24256
-1.00997
0.576854
0.257946
-2.2597
-4.37016
-1.74116
-1.33793
0.906712
0.825774
-0.0198131
-0.758664
-1.3842
0.922139
0.710592
1.74576
-0.568442
1.34558
-2.39199
0.851923
-0.52051
-0.0412095
-0.34229
-2.58298
2.99948
0.585237
1.36683
-0.134223
2.23651
-0.224542
-1.55184
-0.844773
1.22095
-1.33047
0.06552
3.20741
3.46849
-0.620164
-1.65521
2.11998
1.16944
0.41368
0.975098
2.28878
0.856096
0.0433897
-2.1077
-0.38782
0.202433
-0.242211
-1.08737
-0.602012
0.993383
0.759451
1.15143
1.76355
1.73173
3.79008
1.29075
0.889715
2.86226
1.69834
0.0787238
-0.114845
1.4126
1.54154
1.84097
1.2502
0.37041
0.23538
2.4383
-1.39862
-1.02121
1.27865
1.73166
-1.64962
2.17795
0.749112
2.02204
-2.23048
-0.226202
-2.22122
-1.02461
0.9838
0.202316
-0.386166
-0.308754
1.79183
-0.52181
1.3891
-1.0257
-0.861712
4.10847
3.0057
-0.960673
0.833134
-0.458369
1.6973
-1.0146
0.0341249
-2.79675
-0.0826616
-1.38104
0.368196
1.00428
-1.48072
1.5434
-0.162688
-0.0388933
2.8687
-0.411633
-0.894249
-1.21427
0.310476
1.09915
2.75496
-0.497788
0.476059
2.0652
-1.13097
0.420605
-0.534499
2.16312
-1.02029
-1.79191
0.104976
-0.202622
1.73314
-0.0760337
1.71069
-0.0149413
2.91113
2.71918
0.933512
0.0364375
2.03827
0.592559
1.84982
-3.15422
-3.42195
-1.16991
0.17976
1.7649
-1.691
1.02016
0.194392
1.15029
2.06714
1.18032
1.29543
3.9671
0.862504
0.335477
2.24673
0.444311
5.8036
-0.649203
5.0711
1.18771
0.109187
-1.86697
1.6462
-3.27048
-0.905323
2.14266
0.87353
1.81018
2.3085
-0.0262235
-1.07248
-0.143071
1.06032
-1.07064
0.151572
1.02983
-1.90876
1.75842
0.501458
0.790881
0.729671
-0.792012
1.58344
1.51193
2.74128
0.216382
-2.11483
0.504794
2.6458
3.50694
-1.32819
2.33796
-0.876298
0.404844
1.84547
4.25909
0.706343
-1.02393
2.21636
-0.263546
-0.551193
-0.791654
2.59317
1.44084
-2.78917
1.2335
0.0805808
-1.69374
-2.03547
0.049261
-0.633524
1.8258
2.01134
-0.395644
1.84481
0.783079
-4.00733
0.834722
-1.27281
1.71878
2.67456
3.38427
-2.06385
0.579764
-1.1057
2.25348
1.5723
1.07568
-1.35198
2.07423
0.729128
2.21376
1.59256
2.78674
0.635057
0.0260781
1.13591
-0.418866
1.73644
-0.6093
1.74432
-0.908692
0.0464879
-0.525505
0.740791
0.638607
1.71127
-0.51897
0.238787
1.0296
0.954144
0.695476
1.54616
-0.0973306
1.27878
1.79164
-0.279892
3.89247
2.06033
0.703395
-1.28204
-2.00599
-0.558405
0.554658
3.15082
1.16791
0.736837
0.497108
0.0311107
1.73763
0.420556
-0.476066
-3.35891
1.85334
0.477125
-0.00835845
2.34755
-0.719615
0.0388091
0.463039
2.67922
-1.06493
1.79264
2.88246
-0.73
2.49394
-2.61749
-0.782036
1.40484
1.10578
0.400396
-0.104811
-3.45864
2.81209
1.05623
2.71237
-1.58615
-0.10957
-1.11684
-1.54234
2.05826
0.214279
1.17782
0.146974
-0.468483
0.571564
-1.67251
-0.712463
2.90564
0.167678
-0.421647
1.33271
1.6744
1.2388
0.685639
0.378351
3.05695
1.92952
-1.92895
2.00485
1.82981
1.51707
-0.171389
2.66057
-0.437298
0.73837
1.23653
-1.17634
-2.56065
-1.2971
-1.59129
-1.36968
-0.604794
-2.35268
-0.49967
1.33262
1.36699
0.169195
-1.84357
-1.45295
-1.36625
1.75473
-1.03794
-0.59695
0.83039
0.573341
0.581145
-2.36499
0.616229
0.156625
-0.778148
1.80921
-1.48943
2.48227
-3.8954
1.54175
0.0914274
1.7115
0.0786086
0.373765
1.69479
1.49029
4.49015
0.43078
-0.485013
-0.109512
1.78202
0.10614
2.28097
-3.75683
-1.21042
-0.730987
2.0362
1.4553
1.44927
2.03501
0.216193
-0.158406
-0.667741
-0.875382
2.14712
2.22
0.0121821
-0.694954
-0.136668
0.205241
-2.37141
-0.682422
-1.64266
-1.32381
1.48771
1.75995
0.690312
-0.30532
-1.2554
-1.07582
2.94459
0.237362
1.71166
0.251863
3.68226
0.672336
1.57119
1.0441
0.762817
4.65963
-2.36356
1.25212
1.56962
-1.51413
1.00871
-0.727998
1.12055
-0.788772
2.32928
0.00671644
1.34155
0.232704
2.11993
1.89066
0.558197
-0.801884
1.04269
0.770994
-0.0564419
-1.45961
2.41448
