0.412179
1.15141
-0.805354
-0.89205
0.600879
-0.594865
1.1818
1.60362
-0.0739991
-0.710524
-0.347623
1.39921
-1.31834
-2.19857
0.92201
0.569715
2.56777
1.02207
1.54325
-1.05594
3.24761
-0.1882
-0.480046
0.879116
-0.973129
-1.75777
0.711863
-0.59146
2.85294
1.76948
2.09286
-0.0194519
0.0739027
-0.135985
-0.340601
1.28789
-1.20915
-0.737045
-1.18867
1.63497
-0.362682
-1.11928
-0.161294
0.134751
-0.158967
0.573726
1.91057
-1.26438
3.15961
2.47979
1.52791
2.74109
3.81656
-0.910064
-0.272838
-1.14383
1.658
1.49368
-0.207965
3.91009
-1.28512
0.269768
1.16964
1.84528
1.06725
0.986889
0.833379
0.761583
0.882126
2.83834
-0.959107
1.7368
-1.41032
0.799466
1.4074
-1.66375
-1.11459
-0.0455576
-0.114793
-0.376558
2.13814
0.947782
-2.26164
1.90364
3.02052
0.540626
1.2368
-0.150127
1.34442
2.96126
-0.104845
-0.359121
2.12121
-0.208803
-0.343623
1.94879
1.92625
0.204707
0.980561
-0.270923
-0.120628
-1.71114
-0.843292
-0.948349
1.72933
1.62918
0.86205
1.46127
1.06346
0.0881448
0.687286
-0.663578
-0.201286
-0.511322
0.104669
-0.286098
-2.18053
1.04311
-0.721109
-0.376581
0.62473
1.64467
0.589308
-0.86912
1.06514
0.594669
0.367463
0.0653377
0.0735471
-0.124596
0.959928
1.42206
2.51002
0.0331342
-0.299151
3.11135
0.559329
2.06443
-1.6906
-0.687609
0.0256842
-0.347865
1.24096
0.96036
2.94207
0.316829
2.18553
0.57001
2.5365
1.77279
0.215217
-0.551829
2.20659
1.03659
0.201181
0.125486
-0.422938
0.682394
0.604034
-0.555296
0.412876
0.749124
2.60101
1.84581
0.446952
-0.359246
2.20024
0.0753104
-1.17079
-2.07649
0.645037
1.28873
-0.771854
-0.769096
1.3433
0.0286356
-2.13004
0.332693
2.383
1.32633
0.298242
1.35661
-0.37734
1.52725
-0.144822
2.48375
-0.199435
-1.88799
1.53921
-1.00709
-0.664289
-0.078927
1.84496
-1.89856
0.815588
0.730611
0.918133
-0.241782
0.638724
-1.05037
0.550182
0.653181
1.18177
-0.164607
-0.936033
0.073797
1.31215
-0.943514
-0.491112
0.646591
1.60604
1.70853
0.904597
-0.698674
-1.10178
1.11848
0.850297
-2.99035
0.315112
1.80769
-0.304195
-1.13164
0.562403
0.828945
-1.41591
-1.68517
1.27394
1.1848
0.565995
1.48014
-1.67228
0.971053
0.412021
0.842448
-3.88807
1.33114
2.03477
0.177752
0.162139
-1.38161
2.17789
-1.66453
1.5706
0.558647
-2.26743
2.6852
0.35192
-1.74626
0.558188
0.296203
1.21797
-2.00396
0.788362
1.30396
3.41156
0.295739
3.01838
-0.999113
-0.579575
2.91918
0.511916
0.223015
-0.553822
2.87504
1.87035
0.0438088
1.14091
-1.36072
-1.07774
1.6558
-0.515467
0.224944
0.123856
-0.455673
1.20053
-1.75484
0.605856
-0.883574
0.56756
-1.40717
1.92578
-0.337649
0.602982
1.65481
1.70865
-2.04161
0.300955
-0.249321
1.44071
-0.608375
0.520851
1.55106
0.736913
-2.70972
-0.592931
0.114269
-0.393159
0.398896
-2.58706
-0.128706
-0.184537
1.44129
-2.32529
0.631585
-0.495827
0.448643
-1.78968
1.46135
2.21485
0.417904
-1.82689
1.44313
-0.0774489
-1.1191
-0.783425
-0.532381
0.916672
1.53666
0.354028
0.551254
2.03619
-0.643779
0.76188
1.36197
0.542952
-0.0438677
-0.274645
-1.38811
-0.0993661
1.37197
2.7577
2.92229
1.57576
-0.773988
-1.48624
-1.97526
1.5189
0.608799
0.198303
0.828725
0.0126275
0.0900135
0.870016
1.36177
0.364418
0.409317
2.91253
-4.46691
-0.357009
2.0096
-1.47181
-1.36158
-0.022259
0.0272732
1.34929
0.644633
3.42406
2.42548
-1.91658
1.63286
0.346941
1.61981
-0.850036
-1.28803
-1.37108
-1.81314
-1.17694
1.09472
-1.00713
-2.79724
-2.11659
0.370962
-2.46212
2.26792
1.37051
0.940247
0.209522
0.415833
0.639034
1.67682
-0.988251
1.13852
-0.760901
0.14634
0.746104
-1.87115
-1.05725
0.246032
0.787614
2.14974
0.0919876
1.88065
1.73683
2.4751
1.2576
1.04743
1.09655
2.74748
-1.14827
1.61001
0.672315
1.14618
1.13975
-0.592056
0.565737
1.32749
1.0386
-0.58874
2.50336
1.85535
-1.74632
-0.534061
0.896618
2.26784
1.33605
0.414673
0.00308767
0.591631
2.12824
2.17531
1.80787
3.49514
1.84547
0.469066
-1.284
0.498147
0.00924268
-0.303056
1.30173
1.73325
0.0816492
-2.17138
2.51806
-0.812793
-1.12791
1.70882
1.11493
-1.36178
0.027263
0.531246
0.859206
1.34692
-0.282495
0.016156
0.239278
1.01398
-2.20561
0.229575
1.27896
1.81676
-0.442798
0.552343
1.20612
1.49682
0.491077
1.25566
0.3447
0.694948
0.578792
-2.32117
-1.14305
-2.00993
0.321223
-0.741773
2.55047
-1.14087
-0.483151
0.982122
0.0163161
1.23976
-0.215233
0.351191
-1.0722
1.93957
-1.42546
1.02661
0.931513
0.19065
0.855924
-0.0452861
1.81338
-0.282863
2.0484
2.01486
1.92142
-1.46313
1.34735
-1.64202
0.879293
1.32061
1.57024
1.64462
1.05365
0.20642
1.34254
0.354671
0.748275
2.69097
1.06292
-0.0337425
-1.86815
0.0454803
1.16772
1.32391
1.26038
0.52772
0.233049
-0.1745
1.31782
-0.132884
-1.44328
0.118847
1.22587
-0.514111
0.877559
-2.20306
0.00594395
0.730679
0.424774
0.597099
-1.24842
0.311504
1.47553
0.447951
2.09419
0.391545
-1.26062
-0.669002
0.404829
-1.03116
-1.1938
-0.530377
1.76728
2.37999
-0.749878
0.549855
1.86641
1.60356
-0.147091
1.29104
1.07463
1.51659
3.75588
1.4471
0.0122841
0.590365
-0.496888
1.43299
-1.9149
1.42309
0.564236
0.358167
-0.469557
1.97948
-0.38805
2.087
1.67636
-1.47414
-0.665636
-0.605017
2.84365
0.386118
1.39043
0.159111
1.65167
-0.739435
-2.61365
-1.22201
-0.41845
-1.58863
1.28352
-0.723871
2.10575
-0.921052
2.49926
0.243741
-0.413507
1.21578
-0.0684756
0.964425
0.513672
0.173701
2.46967
-1.67789
-1.27961
1.14031
0.0932185
0.863553
0.0370623
2.79552
-2.33536
1.03378
1.45318
1.02873
0.81537
1.78985
2.57665
1.18992
1.44523
1.30919
0.99247
-0.369656
0.979058
-0.762888
1.31653
0.599174
-0.0614055
-1.06745
0.284824
-2.24752
-0.131525
0.440761
2.4411
-1.84351
0.358969
0.950017
-0.0814215
1.51929
-0.745443
1.7453
1.12781
1.56199
2.19981
0.493541
-1.5044
-1.21008
-0.708295
-0.210545
0.93632
0.972268
0.986788
0.208464
1.26538
-2.0063
1.22801
-0.167434
-0.079865
0.28215
0.317473
1.9745
0.998601
0.906438
0.335898
-0.796652
0.116133
0.983569
0.37805
-0.907847
-1.26868
1.3415
0.998708
-0.376091
-0.468095
2.41472
-0.303768
2.70174
1.33418
-0.848856
-0.126733
-1.16257
0.993458
-1.06242
0.286733
0.2244
0.526419
2.2373
0.998592
0.0726906
1.94538
1.00794
3.11471
1.60112
1.80796
-0.625615
1.03293
0.929648
0.976433
-0.261188
-2.35716
0.389494
1.3058
0.310344
2.49578
-0.965561
0.399651
-1.8512
1.04257
0.288424
1.33973
-0.923139
-0.0152475
-0.11737
1.73438
3.36956
1.57685
-1.26476
-0.968164
1.10201
-0.0715432
1.43164
-0.764706
-2.17802
2.87051
1.05322
-0.703608
-0.286184
1.43197
-0.691662
-0.517306
1.07154
0.763939
0.910638
1.43895
-1.23025
1.89002
0.100888
1.86227
-1.60282
-1.26604
0.528323
-0.316802
0.569649
0.00592463
-1.56292
0.0672098
0.355628
-1.18104
-0.645114
0.74675
-0.851288
0.457096
0.369212
-0.282011
0.666834
2.38708
-1.61228
-0.64893
0.294049
2.21403
0.406786
1.27478
2.0437
1.95464
1.29398
0.266291
1.57732
-1.23632
2.08717
-2.17703
-0.421681
1.79215
-0.0522741
-0.387588
2.54156
-0.610098
1.06745
0.407615
-1.64371
1.18904
-0.124201
1.02718
0.506605
0.983817
1.05577
1.12872
1.04021
0.620468
-1.9313
0.165295
-0.736998
-2.24682
-1.63846
-3.28961
0.172096
1.11035
-1.43519
1.36773
0.363722
-0.265731
2.35472
0.314748
2.11095
0.273027
0.294762
2.42168
0.73341
0.445222
0.545093
1.11059
1.35316
2.32071
1.724
1.46859
-0.415639
-0.0202733
-0.225589
2.675
2.28055
2.26882
1.75666
1.52683
-0.365933
1.0017
0.394778
0.594049
1.53615
0.23763
-1.96483
1.28435
0.736806
-1.88874
-2.28641
1.32597
-3.59881
-0.582389
1.88228
0.522949
0.0357182
1.31289
0.288198
1.32209
0.136667
2.26289
2.33741
1.83898
0.379809
1.71523
1.89024
0.708388
2.06258
0.95233
1.64233
-0.812174
-0.291605
0.815481
2.10451
-0.0469254
0.805945
1.66357
-1.69702
-0.407648
2.11545
-0.437268
-0.271274
0.608976
1.16883
2.14593
2.82194
1.48164
0.832591
0.0333292
-1.74305
-0.399073
-0.0349187
-1.08142
2.39676
-0.821037
0.670741
-0.972679
1.22793
1.35634
-0.720488
-0.112868
0.809339
0.599201
0.227357
-1.26966
-0.823482
-0.306171
0.81802
0.813367
1.84914
-0.747135
0.0805809
1.69886
-0.128463
-0.270718
1.51368
0.737533
-0.225706
3.23082
1.14639
-1.58405
0.641072
1.93235
2.57859
0.661577
1.29887
3.69709
1.76268
1.08164
1.04503
-0.858594
2.11544
0.539379
0.658315
0.147074
1.99152
1.83919
0.99912
-1.47468
-0.898238
1.33027
-1.8505
0.596244
2.69153
-0.728177
-2.26375
-0.875039
2.02238
1.87891
3.59
2.2784
0.627255
-1.21189
-1.41265
1.38746
-0.731464
-0.424329
0.752765
-0.454383
-0.282975
0.500392
-2.20909
1.53947
-0.296551
-3.23414
1.36402
1.78089
1.08221
0.189365
0.0749174
0.573069
-0.447882
-0.653045
0.801032
0.994719
-0.105204
0.842078
-0.0955012
1.10891
-0.274895
0.633506
-0.17013
0.585271
1.32017
1.14696
2.78687
0.787784
0.727145
0.630388
0.357227
0.0327467
0.156444
1.49008
-1.69309
0.431645
-0.345479
-0.559985
1.03551
-0.734591
-0.270773
0.296964
-0.296567
0.812942
1.51612
-2.44048
-1.54298
-0.423358
0.475955
0.793684
1.93754
-0.578141
3.15785
2.31777
2.31077
0.264188
1.35495
0.980255
1.40211
3.31039
0.533997
-0.344886
1.64592
-0.590761
-0.652585
1.52517
-0.934036
0.572623
-1.64152
1.83631
1.79269
0.4952
-2.04688
-0.453187
0.446067
1.02358
1.77117
-1.73611
0.964841
0.0692599
-1.11316
1.06533
0.435027
1.04619
1.6045
-0.325654
-0.633612
1.31479
-0.0464909
-1.45603
1.00438
-1.04912
-0.369691
-0.0305795
-1.43553
-1.11622
1.43269
0.0362508
1.48709
-0.770891
0.88748
1.71855
1.50949
-0.0757143
0.356487
0.469569
-0.0532587
2.32477
2.36346
1.39772
-2.77405
1.93707
0.906759
-2.17932
2.08931
0.713941
-0.903264
0.647306
0.7869
1.02388
-1.64383
-0.299482
0.0925655
-1.677
1.13774
-1.59868
0.424344
0.374832
-1.50543
1.37886
0.27159
-1.12461
0.84837
-0.451007
1.22795
2.43005
-0.519215
-0.211837
1.34592
1.92639
0.250274
1.24159
0.943227
1.02382
2.18605
0.477788
2.46461
0.00514095
1.06618
-2.23166
1.12904
0.389195
1.95716
0.846362
1.34367
0.202504
0.359743
1.70012
0.96464
1.79923
-1.36392
0.961384
1.48174
2.2266
0.440634
1.13502
0.952758
-1.01866
0.467278
-1.19917
-2.67968
-0.617964
-1.25721
0.521832
1.74837
2.28044
1.65097
-0.732284
-0.157319
