-0.359322
-0.424146
-0.299929
-0.421865
-0.287124
-0.392494
0.116888
0.193178
0.0500394
0.209505
0.0074677
-0.051464
-0.110997
0.0755816
0.265848
0.263597
0.43588
0.46192
0.363503
0.242969
0.352889
0.294458
0.365888
0.244839
0.175497
0.0357295
0.151611
0.177622
0.341541
0.36031
0.500183
0.507965
0.366417
0.427659
0.418096
0.645433
0.283714
0.235939
0.398506
0.325852
0.38894
0.446534
0.445533
0.440176
0.28513
0.239792
0.271377
0.435626
0.472645
0.471381
0.486558
0.531074
0.828627
0.762893
0.784053
0.673581
0.734337
0.66615
0.644463
0.543722
0.45908
0.41798
0.193188
0.112136
0.347157
0.446501
0.287509
0.126116
0.179279
0.19601
0.0630727
0.0154471
-0.022783
-0.016898
0.242226
0.0545892
0.042705
0.443245
0.318063
0.480217
0.404594
0.642109
0.60423
0.799641
0.786816
0.920904
0.879032
0.847981
0.961464
0.904382
0.81323
0.778936
0.810637
0.894728
0.975096
0.724706
0.662861
0.515172
0.505473
0.379511
0.251742
0.375357
0.673969
0.77525
0.941788
0.950946
0.56533
0.90052
0.833132
0.813089
0.657972
0.709287
0.648843
0.66549
0.686228
0.765815
0.663723
0.436303
0.514638
0.861222
1.00302
1.1392
1.09108
1.1442
1.16303
1.2386
0.946816
1.07902
1.18846
1.02859
0.952632
1.02144
0.917472
1.07365
0.992824
0.968855
1.02328
1.16686
1.3908
1.26065
1.17398
1.14337
1.13052
1.2829
1.4452
1.64737
1.6295
1.38036
1.30887
1.27219
1.20619
1.17028
1.21716
1.22352
1.18902
1.32409
1.24261
1.28016
1.32426
1.33864
1.42139
1.60185
1.53729
1.44764
1.47812
1.55192
1.82959
1.71129
1.26079
0.974443
0.47129
0.538802
0.618607
0.723264
0.757215
0.861187
1.179
1.31635
1.182
1.05662
1.18538
1.26625
1.39273
1.38645
1.56006
1.59982
1.53276
1.55073
1.39078
1.24239
1.19193
1.29104
1.15818
1.06191
1.20064
1.08838
1.00865
0.899543
0.70185
0.22416
0.217867
0.138073
0.325319
0.37819
0.334846
0.240043
0.223472
0.12642
0.104503
0.174791
-0.114823
-0.107631
0.0271652
-0.27033
-0.386836
-0.156099
0.0236452
-0.0785787
-0.0962499
-0.111273
-0.0438537
-0.215977
-0.364557
-0.260131
-0.244767
-0.286858
-0.199846
0.0786317
0.179568
0.235912
0.599169
0.551041
0.457102
0.403518
0.495041
0.492083
0.339355
0.223372
0.175887
-0.0719973
-0.0591631
-0.0215208
-0.0501382
-0.024795
0.0401794
-0.105876
-0.110788
0.168379
0.0737825
0.29486
0.402861
0.387593
0.256348
0.068365
0.195957
0.128958
0.31363
0.0230047
-0.0965437
0.0250329
0.049512
0.265778
0.117974
0.019971
-0.195526
-0.408074
-0.36564
-0.421477
-0.211578
-0.00370514
-0.0189596
0.217352
0.164197
0.239016
0.0146733
0.00143335
0.142404
0.210149
0.350649
0.106049
-0.133241
-0.180176
0.0203281
-0.193373
-0.399917
-0.49059
-0.443876
-0.372283
-0.208534
-0.107394
-0.195801
-0.312667
-0.338977
-0.209321
-0.182009
-0.119445
-0.177261
-0.279336
-0.229506
-0.339244
-0.447437
-0.642831
-0.627767
-0.769967
-0.761921
-0.861464
-0.815473
-0.839878
-0.738124
-0.647968
-0.561929
-0.77641
-0.768801
-0.769148
-0.484336
-0.288513
-0.21489
-0.188407
-0.537873
-0.631903
-0.771078
-0.625927
-0.720443
-0.551461
-0.577078
-0.589964
-0.574243
-0.446529
-0.47526
-0.539896
-0.576587
-0.686159
-0.648148
-0.396154
-0.319068
-0.218147
-0.0655938
-0.260494
-0.233635
-0.344533
