-0.600594
-0.484347
-0.445171
-0.551658
-0.446762
-0.504228
-0.480827
-0.517623
-0.468615
-0.746696
-0.782457
-0.5155
-0.502907
-0.325391
-0.115753
-0.294117
-0.317363
-0.343735
-0.538793
-0.562238
-0.487349
-0.667426
-0.525987
-0.528763
-0.554281
-0.664048
-0.733987
-0.863631
-0.962453
-1.08079
-1.13765
-1.25847
-1.18052
-1.26799
-1.07571
-1.00704
-1.02845
-0.952518
-0.77489
-0.583083
-0.364563
-0.47042
-0.509444
-0.698432
-0.703649
-0.63472
-0.602242
-0.630771
-0.887248
-0.892268
-0.853196
-0.926552
-0.727453
-0.713438
-0.666493
-0.538974
-0.336877
-0.327236
-0.282252
-0.383847
-0.218202
-0.189264
-0.172351
-0.282149
-0.239084
-0.478676
-0.561087
-0.545689
-0.692186
-0.669782
-0.729351
-0.615942
-0.73825
-0.850211
-0.909828
-0.970205
-0.882691
-0.972975
-0.971204
-0.941784
-0.867856
-0.891342
-0.798207
-0.842435
-0.996933
-1.05178
-1.05162
-1.22438
-1.36646
-1.35045
-1.39375
-1.33033
-1.23554
-1.16309
-0.967016
-0.962107
-0.999932
-0.809692
-0.791302
-0.745944
-0.764255
-0.800704
-0.737715
-0.719497
-0.482571
-0.481633
-0.715153
-0.794801
-0.913328
-0.856019
-0.771614
-0.767448
-0.760753
-0.761702
-0.808113
-0.802955
-0.643593
-0.64605
-0.683467
-0.85244
-0.830024
-0.751694
-0.763912
-0.688091
-0.725709
-0.759844
-0.67073
-0.682283
-0.707669
-0.50569
-0.573317
-0.571639
-0.605716
-0.53589
-0.317798
-0.242255
-0.102329
0.171987
0.0573023
0.128103
0.219594
0.303535
0.299746
0.0207615
-0.18143
-0.160048
-0.216364
-0.204678
-0.0914103
0.0808266
-0.168044
-0.1621
-0.102494
-0.215766
-0.0852176
0.0326254
0.18124
0.219611
0.186231
-0.0149677
0.0173707
-0.093654
0.0502149
-0.127933
-0.106074
-0.201147
-0.225833
-0.442819
-0.232429
-0.129793
-0.102553
-0.216382
-0.0446031
-0.0241129
0.00469938
0.178459
0.331306
0.224419
0.509175
0.647527
0.658944
0.712048
0.888334
0.793535
0.636696
0.578375
0.542671
0.307777
0.428876
0.564114
0.450472
0.775095
0.704829
0.638888
0.579435
0.537345
0.499189
0.617642
0.44707
0.403363
0.459044
0.458074
0.57301
0.459702
0.565753
0.406067
0.260542
0.369706
0.461927
0.198123
0.280369
0.271806
0.247025
0.451629
0.318799
0.323048
0.25266
0.165971
0.155179
0.039944
-0.079326
-0.103667
-0.30563
-0.2647
-0.326347
-0.319715
-0.382471
-0.27392
-0.174051
-0.207292
-0.233852
-0.160533
-0.234067
-0.547831
-0.68109
-0.683293
-0.674843
-0.618391
-0.720232
-0.63667
-0.61554
-0.741168
-0.807267
-0.938986
-1.06663
-1.15092
-1.13744
-1.15738
-0.958605
-0.892771
-0.790651
-0.707303
-0.793024
-0.688463
-0.755709
-0.884841
-0.805759
-0.532615
-0.349268
-0.408815
-0.416082
-0.280433
-0.225656
-0.311675
-0.207699
-0.468432
-0.42449
-0.434716
-0.521225
-0.54531
-0.538482
-0.633139
-0.485714
-0.557569
-0.599574
-0.597981
-0.558431
-0.585514
-0.592877
-0.40749
-0.486277
-0.629446
-0.737093
-0.730802
-0.707586
-0.770466
-0.773476
-0.874546
-0.845305
-0.83491
-0.606195
-0.789535
-0.927926
-0.977775
-0.979044
-0.961336
-0.973063
-0.879176
-1.08063
-0.947522
-0.847527
-0.606685
-0.547975
-0.514774
-0.598508
-0.71849
-0.830042
-0.780124
-0.813397
-0.804804
-0.840093
-0.797383
-0.791964
-0.719822
-0.45005
-0.481598
-0.40457
-0.421001
-0.546575
-0.323675
-0.437125
-0.422139
-0.325144
-0.286539
-0.1035
-0.320084
-0.336869
-0.127471
-0.133242
-0.000294173
-0.026221
0.0098122
-0.0139445
-0.150129
-0.267242
-0.263773
-0.32484
-0.343957
-0.485514
-0.693998
-0.659731
-0.643078
-0.506839
-0.507358
-0.604852
-0.51763
-0.491688
-0.399846
-0.535607
-0.588906
-0.448065
-0.404792
-0.580524
-0.778274
-0.682494
-0.685293
-0.739842
-0.662824
-0.852902
-0.626406
-0.764124
-0.917301
-0.967947
-0.798725
-0.79669
-0.77242
-0.61133
-0.589099
-0.59995
-0.610057
-0.684111
-0.821318
-0.815293
-0.708586
-0.703533
-0.695643
-0.524938
-0.484917
-0.694279
-0.885741
-0.821069
-0.931633
-0.875721
-0.854646
-0.667133
-0.770059
-0.83651
-0.773831
-0.867869
-0.967725
-0.889716
-1.10148
-0.923401
-0.835802
-0.857393
-0.906946
-0.86464
-1.0482
-1.13397
-0.951323
-1.04543
-1.01151
-1.03287
-0.969434
-0.931556
-0.912655
-0.911023
-0.906245
-0.890264
-0.933517
-0.809656
-0.905866
-0.978333
-1.0506
-1.08957
-1.01403
-1.00028
-0.978262
-1.1749
-1.32691
-1.38397
-1.32112
-1.17474
-1.13161
-1.28074
-1.43475
-1.45019
-1.51108
-1.47034
-1.34298
-1.13503
-1.20401
-1.24368
-1.08914
-0.901381
-0.863651
-0.779349
-0.821393
-0.8369
-0.931247
-0.941661
-0.915235
-0.907316
-0.883242
-0.806975
-0.725249
-0.717313
-0.69101
-0.840015
-0.934034
-0.969936
-1.03581
-0.997447
-0.821633
-0.771
-0.76379
-0.650378
-0.622687
-0.793909
-0.88012
-0.980415
-0.950236
-0.960716
-1.01399
-0.861679
-0.857093
-0.711977
-0.720544
-0.841737
-0.754624
-0.697617
-0.707512
-0.584344
-0.668295
-0.656073
-0.61658
-0.728468
-0.634832
-0.847431
-0.664757
-0.637199
-0.599751
-0.676393
-0.656708
-0.699281
-0.816927
-0.603031
-0.422581
-0.262245
-0.304196
-0.0162782
0.018616
-0.0328429
-0.0688186
-0.174674
-0.240649
-0.210205
-0.294854
-0.492968
-0.420308
