-2.7788
-0.128289
0.654943
-1.27107
0.0259233
-2.55196
0.11486
0.0278713
2.91067
-1.31616
3.6697
5.17506
4.28409
-3.0683
1.88985
0.684209
-2.03046
-1.62913
2.54736
0.741984
1.3743
3.86381
-1.98661
-1.59396
0.897064
0.0842322
-1.93954
-0.529618
-3.40695
0.472787
0.490833
-1.69922
0.296438
0.781142
-2.50228
0.907919
0.129551
2.46348
2.10298
0.205259
-3.41592
0.128396
1.00916
-1.60287
-0.176798
0.529592
1.97236
-1.52486
0.534555
0.917425
3.90653
0.850111
1.86378
1.61742
2.92541
-0.579048
-1.66093
3.36123
-0.601889
1.49312
4.84664
3.04049
0.192029
1.49831
1.45848
-0.435974
1.50794
-1.41633
0.362132
1.92588
-0.100529
-1.00554
4.57142
-4.30236
1.05242
-0.326576
2.13345
2.21339
0.106064
0.481464
1.20483
-0.700186
0.286363
-3.42353
0.751044
-2.96706
-1.02704
-0.0758774
0.846677
-0.276163
0.806207
1.99369
2.79792
0.0973125
-2.27028
2.13351
-0.0890663
0.159114
-0.780607
-1.41312
-1.113
1.44541
0.0956628
-1.9234
2.51143
0.453041
-0.325967
2.04406
-0.64763
-1.04346
-0.818587
-2.67886
1.15598
3.15677
-3.00749
0.104672
-0.312902
-2.7706
-0.919917
-1.94182
1.75964
-1.70251
0.566444
-0.845226
1.91666
-0.334558
1.73704
0.392945
0.613697
-1.72661
0.123771
-0.325063
0.245107
1.22769
-2.61469
0.552572
0.0471422
-4.01763
-0.512991
-2.07068
0.898007
2.94212
-0.513032
-0.259869
1.02831
-0.375555
3.47915
-0.00245446
0.0678057
0.158283
2.07837
2.69978
2.97975
-4.67133
0.549626
-2.25641
3.00954
1.87729
0.476945
0.840891
4.01152
-1.15576
1.84821
0.766509
2.30697
-2.56458
0.922606
2.14332
-0.630858
-3.32025
1.99831
-0.37295
0.34171
2.95914
-2.16292
0.182379
-3.44548
0.392681
2.17301
0.612443
1.86549
-0.14362
1.12522
0.517051
1.83101
-0.893118
-0.335837
1.99231
5.16589
0.0726187
1.3972
0.771396
-2.96109
-1.20667
-1.14341
1.9799
0.125921
1.20558
2.55833
-0.367961
0.493818
-0.464772
2.52221
-1.22758
-0.438065
3.36753
-2.12086
2.54587
1.22226
0.849545
0.189826
1.52012
-1.18834
-0.258525
0.47003
1.56059
2.36881
1.14543
3.83828
2.94119
3.10654
1.61096
1.57854
0.877441
-2.38949
-0.344411
3.83292
-0.82407
3.02185
-1.77216
-0.22835
1.54941
1.83864
0.275465
-4.99079
-0.74406
-1.11778
2.26392
1.50609
1.56349
2.89321
-1.36539
2.3676
1.89921
0.433211
1.43273
0.232096
3.0006
1.33111
2.64555
0.220369
-2.08368
-1.5959
-2.02025
0.635575
2.42389
-2.74302
1.66745
1.1961
1.12386
2.9098
3.117
-1.0362
-2.54656
-0.196869
0.323638
0.278951
-1.31343
-0.637473
1.41761
0.923944
1.54905
1.65856
-2.17276
1.00062
-3.47315
-2.68594
-0.00487715
0.219508
1.89851
-2.08424
1.53967
1.31516
-1.85172
-0.0462189
1.6818
-1.85715
1.89575
0.767501
2.67209
2.71746
1.34597
0.619546
2.72352
-1.99141
0.882869
-1.4435
0.553559
2.97803
2.39095
-0.916154
2.01698
-0.948398
-0.872125
-0.915642
0.276037
-2.58108
-3.3756
0.647235
3.84585
3.34771
0.844351
1.68647
0.284603
-2.06865
-3.49681
0.848506
-3.41848
0.458284
3.74702
-0.893383
1.58109
0.70252
2.52416
1.99057
0.37078
0.422772
0.454302
0.512495
1.15694
0.382888
-3.22132
0.925586
-0.429669
2.60737
0.84008
3.28777
-3.66257
3.22625
-1.05112
2.73326
0.768431
1.99217
2.73444
0.891924
1.50741
0.371522
-1.29921
1.67448
2.68381
-2.5432
2.76111
-0.185439
-2.51539
3.04567
0.35938
-2.92022
3.40571
-0.720418
0.252707
-0.664816
-0.716926
1.94061
0.0335227
2.02867
2.35676
1.72736
2.04137
0.856759
0.697938
2.07525
-2.26243
1.8733
0.0663109
-0.0710625
0.242926
1.81636
-1.76252
-2.54919
0.980736
1.44096
-0.126011
0.502767
-0.38682
-1.04492
3.51966
1.11658
-1.17884
-0.292675
-5.01756
-2.23075
-1.37061
0.554422
1.55178
-3.02186
1.7454
3.02647
2.12758
-1.05268
0.237764
-0.0597279
-4.69372
1.8848
0.67668
1.5098
-0.843546
-3.61928
2.74289
-0.204632
0.275919
0.864975
2.47671
1.33086
2.88949
1.17517
0.617091
1.84549
0.596108
4.66017
1.78195
1.00963
-1.13353
-1.81895
3.28543
4.11451
0.894399
1.04086
1.48891
2.81015
-0.860404
0.57014
-0.616969
4.24695
-0.831007
-0.252003
2.17604
3.68453
2.54701
1.46548
-1.71665
0.527562
1.63323
-0.886817
3.13541
-0.939949
0.481056
-1.90073
-0.326319
-2.24526
-1.767
0.573097
-1.10383
2.97246
-0.502347
-0.253245
0.597108
0.875162
-0.737717
-1.39399
-1.07423
-1.00611
2.71697
-0.0126554
1.52772
4.17595
0.978501
1.83975
0.283148
1.09739
-2.35458
1.18519
2.47388
2.6794
3.36655
1.16801
0.818502
6.00993
2.86816
0.266769
2.66116
2.85603
3.30577
1.98098
0.18387
-0.644517
1.50124
1.78989
0.32831
2.73343
3.33265
0.339398
-1.12028
-3.2711
3.61539
0.159151
0.912164
0.604727
-0.760829
1.72875
1.50949
0.901098
0.989136
0.155217
-1.01232
0.462409
-0.232211
-1.10227
6.47987
0.382066
0.134546
-0.103299
2.79202
-0.143885
-0.21734
-0.0737861
-0.591579
0.262061
-2.25648
-1.86889
2.17734
0.880085
0.696857
0.418982
-0.390173
-0.462416
-2.89138
-1.4675
0.524793
-0.38903
1.17419
1.55744
-1.48008
2.17022
0.34115
1.00559
3.80752
4.04932
4.49373
1.20074
0.382882
2.43412
0.0719777
-2.04623
-1.60352
-1.37283
1.047
1.40243
0.989899
0.429494
1.62685
1.13696
2.53497
1.14703
0.594071
1.77954
0.405695
0.415584
-1.54417
2.76691
1.50674
-1.91133
2.88022
0.389244
1.33772
2.22898
5.96243
1.88691
3.47748
0.858648
0.711252
2.60379
-1.29353
0.440108
0.575689
-3.62039
-1.65633
0.685738
1.39821
-0.913605
-0.151147
-2.34419
0.0640518
1.12355
-1.78371
-1.25256
2.23817
1.20711
0.369187
0.467878
0.422382
1.1946
4.11434
2.45441
1.2702
1.31083
0.641581
-0.422228
1.30211
-1.36044
-0.244047
1.62981
-2.66296
3.52512
0.837102
3.13655
-1.13127
-2.15012
0.0142901
-2.73464
3.81696
1.14418
2.01013
3.52715
0.277936
-0.141501
1.76757
-3.07152
-0.391328
-0.893692
0.745384
-1.22402
1.53069
-0.403418
2.57269
1.70488
-0.164353
0.586875
-2.37682
-0.447958
4.15786
0.982884
-2.52986
5.96142
1.61693
1.73488
1.4706
0.465804
-0.722082
2.35858
-0.323645
0.0492873
1.71352
1.05307
0.510539
-3.1525
-0.634252
0.411643
0.462452
3.655
4.61813
3.01706
-0.834559
1.98957
-2.25962
-1.90576
0.621947
1.61109
-4.84952
0.0554866
-0.535053
4.62247
0.354107
1.88675
0.979101
-2.09201
2.02599
0.368642
-1.11676
2.86302
2.90079
-4.39336
0.109689
-1.24842
0.309601
-1.289
1.56288
2.79601
-2.25616
-0.91201
-1.55529
-1.73747
3.00536
4.08617
0.758779
1.10564
-1.6762
-2.3653
1.17536
-1.66928
1.16334
1.74937
-1.06297
4.40612
0.288999
-0.806696
1.69148
2.48796
2.86732
3.16958
-3.91378
-0.0189757
-1.26733
-1.8744
2.92873
-1.55075
1.18578
-1.23878
1.81748
1.55456
3.48286
1.65956
-1.79219
-0.0920276
0.533689
-1.24472
3.4254
0.873551
4.57047
-2.36649
-1.28809
-0.370727
0.23047
-0.108785
1.1854
3.16376
-0.485101
2.44148
0.655887
2.87586
-0.639502
0.697489
-0.574829
-0.370808
-1.63364
-1.36762
-1.31652
-0.168694
-2.81407
-0.294248
-0.801893
2.867
1.85318
-2.66471
-0.604158
5.06506
1.41716
1.27317
0.0131786
0.2192
1.59807
-0.225137
0.787739
-1.63715
3.0394
0.12335
1.78074
3.45584
-0.634813
0.673757
0.69218
2.0699
2.82754
-1.32742
3.37561
-0.17624
-0.942587
2.9483
-2.06476
-0.154799
-3.33567
1.67591
2.29633
2.3777
1.00532
4.58044
4.62125
1.35296
2.42197
2.01653
-0.0908408
1.42095
0.434754
3.9474
1.1969
3.7817
1.74946
0.187719
0.596338
-0.538756
2.89183
1.52977
2.24093
-0.213488
2.92904
2.17032
1.37343
0.196651
2.33999
-0.548613
-1.80584
-2.30845
1.36311
-3.38327
2.64636
-2.49865
2.86585
1.4057
3.56505
-2.61972
2.74249
-2.46977
1.32981
1.99333
1.99829
0.532446
-1.06885
-2.83541
-1.08504
-2.29366
-1.36895
-2.08798
-0.923459
-0.0129741
0.819481
-2.63858
0.407202
-1.5614
0.837963
1.29122
2.3519
2.86014
-1.68022
0.616723
-3.09382
-1.7116
0.33779
0.379403
-1.42383
-0.0473088
1.25952
3.34303
0.867606
-0.793125
0.54038
2.46976
4.29907
-0.910881
1.92887
0.894842
0.772435
4.40114
-2.12511
1.46406
0.79907
-0.803586
0.204838
1.37306
-1.78344
3.6303
-1.64662
0.231821
0.240987
2.0678
2.05419
-0.0348575
-0.0186166
0.0645791
1.42592
-0.491446
2.94964
0.246612
2.41827
3.79983
-0.0655247
-1.51199
4.98061
-1.66102
-1.87647
0.391423
-1.60995
-0.904642
2.69508
1.48749
-1.23419
0.423109
2.63015
1.28361
-0.853153
0.151235
-0.0832282
-0.774286
2.18354
-0.239792
-1.2562
-2.0328
-2.52467
3.25635
3.6613
0.256112
2.22375
-0.568061
1.89266
0.740574
-4.6097
-1.02184
2.18958
3.02929
3.8992
-4.65454
2.68287
1.26034
0.269205
3.80822
2.19919
-2.66035
-1.7161
-0.879767
2.34727
0.388113
2.96742
1.07511
2.68887
-1.03564
1.31921
0.0246842
2.89805
-1.11623
1.16206
0.577749
-0.213471
0.283836
-1.90261
-2.35165
1.33688
-1.0201
1.16178
1.7617
-2.05983
4.7298
3.88773
-0.964705
-1.96995
-1.6875
1.28487
0.537763
2.03033
-0.966172
1.60656
1.0471
-0.654584
0.287792
0.366744
1.03995
1.44695
1.06494
-0.432539
-0.168994
0.302525
1.04619
1.20164
-0.99947
-0.275195
-1.78524
0.457606
-0.787609
-1.12082
0.719567
2.1094
-0.125445
3.49163
1.69853
-2.9531
-0.325893
3.17327
0.853796
1.67512
1.24054
0.461058
2.82632
-0.378655
-0.207374
-1.70036
0.378627
0.30015
0.978657
1.27949
-3.224
2.68505
-0.707193
1.895
-0.911284
1.65245
4.67767
0.987266
-1.6207
2.77891
-1.68461
3.08332
0.924282
3.1305
0.175665
-1.37434
2.6543
-2.14369
4.07553
0.836353
1.42948
3.25912
-0.828192
1.74263
-1.63444
0.903144
2.20083
1.69149
-2.40854
1.31798
-2.74702
2.24084
-0.717215
0.519565
4.3162
-0.678699
0.125265
1.7023
1.115
2.20524
3.11689
-1.19849
-0.512517
0.690331
1.01634
1.15649
-0.00689564
2.02231
1.27602
0.397479
-1.91445
1.02347
1.93032
2.8206
1.92661
-2.05451
0.717937
1.65037
0.699843
4.01575
-0.121044
-2.24175
0.15893
-0.649705
0.712401
1.25349
0.849073
1.53682
-1.46053
0.554215
2.60443
-2.27811
-0.145012
4.18778
2.85836
-0.0702908
0.503372
2.97088
-2.55837
0.473873
0.578434
0.536062
3.18971
1.0576
0.0780629
-3.84394
-0.897773
-0.261544
-0.0682791
-1.29237
-3.90644
1.71205
1.05052
1.42251
2.79083
-0.471324
-0.215164
1.5708
0.956941
-2.35839
0.497525
-1.64401
-2.81212
1.47151
1.20936
1.05346
-1.40563
-2.54097
2.12822
2.01646
-3.08652
0.237709
-1.68055
-1.37814
2.19867
-0.354291
1.67954
2.81285
0.437988
-1.33686
3.27586
1.27245
1.57159
-2.22437
-0.768822
-1.76994
0.0211507
-0.207701
-0.735131
-1.01139
-1.61582
-1.53963
0.174417
1.6999
-4.04694
-1.66012
1.02228
-0.0546031
-0.773021
1.02731
-0.671531
0.656573
-0.66013
1.45435
2.33992
1.05015
-1.41716
2.68578
2.69312
2.51035
-1.61823
-1.97482
1.16362
0.220655
0.346318
0.0151364
1.69043
0.743526
-2.34516
2.14758
-0.165808
3.00083
-0.974603
-0.406505
-0.61009
-0.740574
0.479497
2.88855
1.46565
-2.4207
1.31852
1.59849
1.42497
-0.427821
1.23659
-1.46322
-0.616637
2.60124
2.87948
-0.931921
0.440744
0.736146
2.22346
0.768826
3.42482
4.07527
2.57359
-4.76902
-1.25664
2.16892
2.25327
-0.70299
1.60172
-4.834
1.5192
-1.38166
-1.73918
1.38449
0.875111
2.03438
-1.04377
-1.60724
3.94261
1.45753
-0.917504
0.0336546
-2.21882
-2.75621
0.243555
1.43568
1.65116
3.05376
-0.386919
-3.79017
1.71553
0.770181
1.93397
-1.63126
1.5637
-0.982366
-2.27146
-3.27555
-1.79419
1.5452
-0.754755
-0.410645
2.14702
-1.42334
1.38561
-1.78482
-0.578442
-1.62104
-2.5596
2.4503
1.55601
-1.1522
0.351262
-2.50388
1.57779
2.93064
1.49286
-0.411339
-0.520865
0.579747
1.27352
0.472467
-1.3096
-0.925037
3.34117
4.24715
1.42646
0.36096
-2.39707
1.37257
0.9477
1.12124
-2.82909
1.88221
1.53461
2.07319
1.44809
2.06734
2.49368
2.20184
1.1262
0.229128
-1.8638
0.844969
-0.490393
1.24216
-2.24966
0.547524
-2.81083
2.04827
1.49343
0.894149
0.542196
3.47833
-1.56373
-0.217311
1.00366
-0.30012
1.16067
-2.52356
-1.37961
-0.718312
4.45042
3.4076
0.959435
0.35444
-0.700213
2.53353
1.98618
1.51283
-0.26013
5.17319
-1.51222
1.34789
1.08375
4.64662
5.56273
1.44243
0.47402
-2.38119
-0.937962
-1.61848
-0.809307
-0.108568
-5.56651
-1.22293
-0.723691
2.55914
0.513405
2.01681
-0.394288
0.877063
-0.86095
-0.449557
2.88554
0.634012
0.0383097
-0.0410214
-0.382709
0.237516
-2.93535
2.15755
1.89718
0.448791
0.444736
4.40982
1.53303
-0.197887
-1.07003
-1.12665
1.3252
1.4273
3.65732
3.64656
2.26392
3.92234
4.72684
-0.543578
1.74803
-2.19502
-0.683095
0.45674
-1.80883
3.22929
1.24728
1.13016
1.09458
4.22176
-3.07268
1.75514
-0.109658
1.81238
0.620949
0.801425
-0.640167
1.33109
-0.487194
-1.61946
-0.019784
4.0412
-0.47051
0.254945
0.559709
0.587811
0.72424
-0.343583
-1.54503
1.64897
1.27736
1.18215
1.89803
1.89844
0.118979
3.03136
2.04023
-0.293861
-1.05819
4.34877
2.12817
-2.53934
-0.825288
-0.427934
0.930924
2.23425
-1.37172
-1.46833
3.81073
3.37358
2.36785
0.0950313
-0.912005
2.00852
1.14432
-1.64524
-0.248166
1.37565
3.64981
-2.00282
0.907409
3.46543
1.00752
2.30548
-0.0511323
1.20759
1.07528
-2.83966
1.93137
0.101644
0.513896
1.58904
0.43702
1.60321
-0.139067
-0.323558
-1.06432
-0.807515
0.951725
1.41392
-2.4562
1.91406
1.2634
1.68996
0.192869
1.92531
-2.6385
0.938134
-0.0133447
1.26849
-0.0970424
-2.16087
0.386432
0.183159
3.09641
-0.923306
-0.205629
-1.87238
0.766104
0.559832
3.70311
-1.7212
1.51455
0.906805
0.71154
1.15385
0.751413
2.18778
1.5889
0.066237
-3.43539
-4.04753
2.44474
1.97276
-1.87085
-0.712134
0.532123
-2.07417
1.87543
0.449057
2.75016
3.86742
2.27733
2.82188
5.19161
2.82707
1.35177
-1.81208
5.20388
3.08779
1.23974
3.14346
-0.010155
2.77522
0.152836
3.67262
-0.755857
-4.18297
2.19086
2.1622
2.69611
-1.47282
1.25967
0.97109
0.862785
2.92703
2.26666
1.49695
-1.43415
4.73464
2.24455
0.53732
1.53175
0.00914992
-0.202804
-0.0817841
-0.938525
-4.14318
-0.248664
1.60224
3.44001
1.42309
4.25639
0.956225
1.89558
-0.404238
-2.0305
3.71911
0.455073
0.27251
1.94857
3.24375
1.29987
-1.0837
-0.352415
-0.546909
-2.47667
-2.18232
0.253127
-1.60054
-0.711437
2.63064
0.476139
1.16255
-1.48617
-5.59219
-3.08568
1.64806
0.569045
-1.2124
1.05515
0.633758
-1.47091
1.59227
-0.25249
-0.469176
-0.54784
0.634462
-0.863318
-1.43072
2.84478
3.05441
-0.667131
-1.48152
-1.85082
2.78883
3.8676
-0.222004
2.26431
-0.261519
2.25638
-2.53457
0.285325
-0.486871
3.5839
2.86672
1.99037
-1.96228
-3.00742
1.14659
-2.16419
2.711
0.411435
3.18968
-3.18851
1.61097
1.74788
2.95258
2.372
-3.03462
2.72226
1.13687
1.39826
2.35975
0.309867
1.0388
-1.72598
0.361486
1.34659
3.49777
-1.03175
2.69396
-3.7573
-3.10384
-3.56631
1.78606
-0.0297195
1.20352
-1.90095
-0.1088
0.493301
0.223628
3.39492
-0.186312
-0.353141
-3.88215
0.65259
0.338112
-2.33056
1.64968
2.03534
0.330679
1.61141
2.90024
2.03582
1.74957
-1.57688
-3.49181
-0.969299
-2.16135
2.41908
-0.324653
-1.03539
1.29701
3.33649
-0.152398
-2.57489
0.00535223
1.00979
1.56449
1.85824
2.26407
0.232842
0.788636
3.31123
0.00280013
-1.56615
-0.642431
2.81799
0.709454
-1.61635
0.925243
3.48893
2.74507
2.69811
-2.10306
-1.15368
1.63232
3.13691
1.40262
0.852002
3.86464
2.02866
0.494985
-1.0076
0.534221
1.73435
-0.462124
1.74656
-3.88922
1.5564
1.98758
-0.159631
1.63269
0.808065
0.668662
0.477607
-0.17762
0.9967
0.30598
3.3778
4.14462
0.0778758
-1.12666
-0.208838
0.117742
4.91095
2.19007
-1.18935
0.805941
0.954008
-0.997745
1.02887
0.537449
-2.28332
-0.954003
1.76296
-1.39072
-2.52399
0.348582
1.34357
0.741243
-0.712403
3.20373
1.40232
-0.343903
-0.320136
0.00916703
-1.75668
0.0685512
2.51667
3.11571
3.4481
1.84588
0.615738
2.81649
2.65171
0.279827
1.92893
1.98399
3.77684
1.91136
2.6604
1.88846
-0.0226832
-1.17495
2.1385
1.75115
-0.9023
0.0997018
2.97835
-0.649728
0.0917229
1.92157
3.99758
-3.71233
-2.09115
1.96898
0.713597
2.09636
1.34929
-2.76409
-3.03249
0.680114
1.53499
0.286222
-1.42832
-2.37415
0.969838
1.74648
0.0530943
1.78348
-0.948053
0.132981
0.673267
1.61191
-1.08174
-0.644274
-0.0524603
-0.590989
0.12063
-1.56366
-0.730951
2.50597
0.077662
1.80716
-1.91225
1.0219
0.208817
1.00577
1.04408
-1.36771
-1.90911
2.09546
1.88412
-2.56631
0.556613
1.26065
-0.213311
1.76067
-1.74766
2.68502
2.14373
-3.22789
-4.95301
3.09438
-1.68017
-3.00085
2.55213
1.22572
1.38302
2.02722
1.40206
-4.26024
-0.227687
1.51689
-2.45899
0.77694
-0.0291147
1.56851
-0.0686172
2.31222
-2.01981
4.65626
2.25947
0.0973847
0.240043
2.14741
2.44771
0.945334
1.432
-0.0159121
4.41497
-1.75596
1.40453
-1.1323
2.5965
2.69114
0.396858
1.56323
-0.295707
3.51764
-2.43643
-0.610051
-0.542809
-0.348526
1.9509
0.0038222
1.91099
-0.350286
-1.05609
3.05166
2.66585
-0.238967
-0.976971
2.51312
1.9105
2.12505
-1.15666
-0.254385
2.13575
-0.383709
1.76296
1.19688
0.194291
2.7846
-1.23832
0.312543
-3.13328
-0.0780055
-0.770109
-1.1809
0.589998
0.132303
1.78929
2.33643
1.4132
-0.130106
5.30518
0.244731
-0.250007
-2.52354
-0.650032
2.6322
0.91501
1.96821
-2.59739
0.618606
2.13236
2.91698
-0.4076
4.17575
-0.918813
-2.7926
0.68825
-0.548621
-5.97011
0.725654
-0.281861
4.74927
2.44181
3.81985
-2.20118
-0.0421458
-3.56431
0.68356
0.948582
0.614262
-2.0769
0.402208
1.46614
0.511323
0.466448
2.67591
5.76365
1.67653
0.180209
3.085
0.123207
3.01366
-0.139156
-2.31616
1.71158
2.69513
1.41775
2.0234
1.41513
-0.096572
-0.28268
2.4558
3.80978
0.762297
5.86716
1.91574
2.45258
1.89624
0.750541
0.805704
-1.91845
1.71501
-0.614634
2.40599
-1.98741
0.720701
-0.716504
1.37613
2.14008
3.03992
-2.84978
-2.16374
1.94541
-2.98662
-2.17963
1.18309
1.4737
3.18659
-0.0396268
-0.147414
2.94729
0.755468
0.748409
-1.21374
-0.414941
2.55813
0.368235
-0.952142
0.475648
-0.307634
0.750257
-0.213765
-1.63425
-0.832571
-3.26375
-1.27609
1.01169
4.34631
-2.01679
2.90414
1.55223
1.04083
0.304427
-1.26608
3.2779
0.401964
0.829941
-2.88248
2.42524
2.96658
0.719113
0.153415
1.8086
0.721946
0.22513
3.51828
-1.96533
1.0128
2.18395
1.36485
-0.462815
1.07523
-0.0563738
-0.196374
-1.77743
-3.22484
-3.08455
-4.6295
-0.3261
3.70056
0.244908
-0.979599
0.767588
2.10351
-0.428114
-0.88583
4.53569
1.62384
2.58332
-0.105608
2.13071
0.193728
-1.28298
-4.18967
-2.39342
0.589624
0.0318239
1.61264
1.81414
-0.822652
-0.497876
-0.359723
-1.0455
1.21507
2.58936
-0.0979986
0.281842
0.997814
-2.28819
-1.86944
1.58688
2.75481
3.98566
0.0129878
-2.385
-2.89522
-3.49339
-3.25393
-1.27654
1.64672
-2.73387
1.74077
-3.25476
-0.188
