0.727432
0.416611
0.53503
0.693586
0.635256
0.823204
0.786255
0.973601
0.925712
0.762028
0.544312
0.298101
0.270797
0.470962
0.679423
0.945054
0.843107
0.661697
0.722976
0.73894
0.618037
0.426757
0.368712
0.102017
0.00624031
0.135118
0.00987226
0.248328
0.290665
0.29247
0.15113
0.157795
0.200389
0.0871445
0.229524
0.181511
0.0849453
-0.102018
0.0768055
0.035379
0.329553
0.243378
0.330391
0.444892
0.5755
0.875519
0.618639
0.690199
0.814709
0.616944
0.483072
0.382589
0.389262
0.376979
0.41252
0.592006
0.296498
0.170337
0.0889311
0.154902
0.156025
0.0306068
0.00576974
0.0198558
0.17259
0.329138
0.398789
0.203944
0.0970731
0.0580363
-0.156106
-0.158545
-0.129379
-0.188219
-0.21702
-0.285776
-0.498948
-0.356526
-0.557438
-0.649258
-0.717388
-0.652805
-0.635037
-0.819753
-1.24869
-1.22398
-0.838039
-0.788075
-0.873593
-0.911778
-0.880153
-1.13452
-1.01285
-1.04024
-1.20768
-0.982877
-0.827224
-0.835999
-0.909274
-0.595167
-0.839024
-0.62645
-0.526385
-0.602996
-0.783954
-0.552771
-0.570088
-0.419937
-0.54605
-0.482262
-0.47017
-0.388341
-0.573068
-0.493885
-0.644345
-0.645623
-0.840463
-0.818353
-0.894669
-1.11359
-1.13023
-1.30113
-1.30149
-1.31504
-1.3163
-1.67491
-1.90021
-2.06028
-2.28856
-2.47125
-2.45817
-2.35
-2.46132
-2.26425
-2.33368
-1.97924
-2.10167
-2.13116
-2.05998
-2.19756
-2.29488
-2.33118
-2.30838
-2.20825
-2.10259
-2.15447
-2.15736
-1.82717
-1.98501
-1.87827
-2.02294
-2.0039
-1.9986
-2.0502
-1.97741
-2.10057
-2.1302
-2.37019
-2.27741
-2.30167
-2.14441
-2.19627
-2.19071
-2.27919
-2.30412
-2.5699
-2.63887
-2.85392
-2.6853
-2.53693
-2.52088
-2.2209
-2.32234
-2.17008
-2.10805
-1.9793
-1.93385
-2.20879
-1.79161
-1.74911
-1.87341
-1.87329
-1.79482
-1.96881
-2.10261
-1.95833
-1.99202
-1.70465
-1.58287
-1.44581
-1.30012
-1.19242
-0.967284
-0.930736
-1.01331
-1.19804
-1.22085
-1.11249
-1.2242
-0.917117
-0.818869
-0.741695
-0.58488
-0.494579
-0.230016
-0.152774
-0.222712
-0.269774
-0.241048
0.0142023
0.0957103
0.341596
0.687096
0.671836
0.640059
0.750101
0.728661
0.710191
0.744983
0.72467
0.507032
0.621523
0.783694
0.750031
0.536258
0.233259
0.395104
0.280671
0.561943
0.906257
0.993709
1.20438
1.1225
1.07524
1.05769
1.07641
0.943332
0.999503
1.00615
1.26891
1.08753
1.01948
1.06665
1.09052
1.06404
1.26947
0.979292
0.87555
0.718165
0.90276
0.763375
0.697757
0.83215
0.838903
1.07065
0.865313
0.730547
0.609138
0.753648
0.628843
0.870694
0.811227
0.75211
0.823597
0.795797
0.929932
0.780881
0.739358
0.580852
0.587738
0.685645
0.680254
0.865455
0.551442
0.725578
0.607144
0.860494
0.977734
0.808875
0.978068
0.984083
0.783432
1.12437
1.09005
0.869197
0.406805
0.329695
0.221087
0.262888
0.278749
0.246846
0.458052
0.33357
0.369513
0.581178
0.706857
0.537023
0.525742
0.556453
0.565226
