1.16641
1.13639
1.27617
0.967355
0.90342
0.510985
0.439954
0.429034
0.690757
0.823393
1.01044
1.27006
1.40523
1.33647
1.27044
0.9245
0.585434
0.601852
0.604209
0.550096
0.637386
0.765046
0.967459
0.897831
0.750502
0.597912
0.242477
0.347237
0.226884
0.508739
0.400368
0.454781
0.367618
0.3474
0.191235
0.0421014
-0.0707606
0.224694
0.317465
0.0503141
0.30873
0.318976
0.00232685
0.31016
0.603117
0.745415
0.696726
0.563793
0.575323
0.522068
0.822876
0.630254
0.56016
0.490424
0.467514
0.580295
0.522447
0.085479
0.0468104
-0.102492
-0.219517
-0.449143
-0.325994
-0.515801
-0.536315
-0.358104
-0.382988
-0.363188
-0.00322429
0.202423
0.00637474
0.225496
0.22609
-0.0333807
-0.274292
-0.2418
-0.439285
-0.359515
-0.671319
-0.580957
-0.429671
-0.339219
-0.302294
-0.273029
-0.368135
-0.522823
-0.349554
-0.10068
-0.0340684
0.172228
0.0409373
0.298428
0.706884
0.637747
0.762979
0.826859
0.845219
0.843663
0.585357
0.927512
0.920486
1.03322
0.966472
0.954123
1.17038
1.07329
0.720424
0.658753
0.904671
0.876521
0.7503
0.860418
0.838752
0.723457
0.671944
0.510995
0.661646
0.911821
0.910235
0.824017
0.35983
0.170798
0.109306
0.0469873
0.151265
-0.0245586
0.0435173
-0.0266409
0.133966
-0.338214
-0.580996
-0.149281
-0.165521
-0.361696
-0.615639
-0.384758
-0.388512
-0.0177866
-0.0299955
-0.0713432
-0.405131
-0.22097
-0.105389
0.132965
-0.127398
-0.114765
-0.213407
-0.350897
-0.452044
-0.629369
-0.435187
-0.232175
0.135744
0.173253
0.277203
0.0983288
-0.0264345
0.165812
0.349207
-0.162847
0.024197
-0.153003
-0.147599
0.0935766
-0.131662
0.0896373
-0.174474
0.0961331
0.114272
0.261426
0.558897
0.632838
0.748594
0.737335
0.899804
0.730847
0.97585
1.06018
0.968315
0.877709
0.998803
1.02955
0.910551
0.844969
0.693466
0.875862
1.00045
1.02158
1.37823
1.29771
1.10967
1.04084
0.957153
0.723386
0.789365
0.616372
0.678025
1.05656
1.24224
1.34995
