1.37941
0.0461086
1.21408
2.00522
0.537436
-1.49682
1.07216
-1.08766
2.05962
1.38564
0.521411
0.0085273
0.214695
1.37525
-1.86348
0.748908
-0.495951
-1.55686
1.22959
1.05333
0.878126
-0.230911
-1.08386
0.814364
-0.641961
3.21934
4.14164
-0.432794
-1.54163
-1.74168
-1.19899
2.13543
-1.37661
2.10492
1.20887
0.553926
0.319567
-0.370059
-1.27765
-2.26084
0.419497
2.77619
1.74153
1.96882
0.11046
2.60152
1.98026
3.01215
1.3992
-1.4396
0.551798
-0.887725
-0.188185
-0.673114
-0.222559
-0.260325
0.940242
1.33814
1.10121
0.233063
-1.73765
1.74215
1.10725
-0.0408155
1.2949
-0.650516
-2.52262
-0.309874
-2.39909
-1.73802
2.56976
2.17409
-0.0622774
0.712924
0.241027
1.57419
1.04783
0.507882
-3.10222
1.05065
0.467421
-1.08251
3.45055
1.82458
0.402988
0.269759
0.516291
3.77289
-0.000872594
0.163575
2.67281
0.569885
3.0557
-0.00461733
0.569158
1.00312
1.32952
2.38386
-1.78351
0.774294
2.69658
1.28853
-0.627979
1.33827
-0.216609
-0.751836
2.69536
0.346252
1.27836
0.683042
1.66195
-0.926742
-2.48405
-2.11002
1.94988
1.54254
-0.126208
0.93768
-0.751009
-1.02501
0.783726
-0.291765
0.0649683
-1.55501
-0.0958922
2.32349
-0.951776
1.03225
4.53364
0.226853
-2.83228
-2.65908
-0.988304
-1.23871
-2.03046
-5.19903
-1.3779
0.964494
0.778434
-0.494365
2.38265
0.641451
-1.05203
1.20151
1.47919
1.40185
2.16365
-0.274571
-0.0285151
1.17152
1.64401
2.05671
2.25799
-2.21128
2.03314
-0.235122
1.7283
-0.28394
2.78425
0.800785
-0.131787
0.784666
3.09327
-2.05087
3.40871
0.0428767
1.43491
0.0377643
1.20244
-0.531702
0.819606
-1.3433
3.06186
0.5995
-1.71134
1.71022
0.587705
-0.00395985
-1.71441
-0.516855
-0.266109
1.048
0.946486
0.985633
2.6619
-0.0766214
0.888975
-1.70201
1.02205
-2.77692
-1.19881
-0.648611
-0.330839
-0.10538
3.38679
-0.582409
2.1757
-0.677785
-1.28634
-1.94529
0.258266
-2.86658
0.496213
0.234764
0.205432
-4.69197
0.149694
-0.567984
1.47193
-0.967838
2.68998
1.89884
-2.26442
1.27723
-0.441099
-1.28744
-1.74847
3.46835
0.0940347
1.28277
-0.506782
-0.826978
0.0998339
0.127663
0.297053
2.59081
0.707814
0.839081
-2.12444
-0.438489
1.71085
1.53988
2.0161
0.765723
2.27246
3.30346
-1.41386
2.02217
-0.752826
-0.168506
0.537789
-0.0854638
1.27354
0.673886
0.403545
-2.11117
1.52685
1.33347
-1.09457
2.39573
1.47103
-1.17782
1.09671
-0.856256
2.30248
-0.316068
0.161525
0.807932
2.25345
0.447065
1.90246
-0.265051
-3.02294
0.979455
2.78872
-1.00415
1.55033
0.239567
2.73254
-2.95949
3.83807
-1.19531
0.0511243
3.41813
-2.61183
-0.596515
-2.38816
-0.415969
0.332908
-0.653533
1.53125
2.83335
0.378116
0.965541
2.01831
3.28155
-1.04448
0.27844
-1.41099
2.27727
-0.584096
-1.82648
-1.41235
-0.173439
0.12041
-0.475596
-0.489674
0.793745
0.369132
-2.43636
0.943472
1.31776
-0.404244
-2.75241
1.85507
2.98282
-0.161934
1.70624
-0.103228
2.4366
1.7385
-0.819307
1.13715
4.07104
-0.766828
0.0545805
-1.21529
1.07598
-2.61799
0.0153808
1.80254
1.48993
0.797335
-3.67678
0.759034
1.16206
3.44411
-0.861916
-0.868198
0.948569
3.38397
-2.05506
1.37154
-0.692706
1.39679
-0.358856
2.01039
1.23836
1.14468
-2.87779
4.39738
1.15978
-0.385828
-1.52944
2.11918
-0.238924
0.994879
1.80465
-0.688587
0.965587
1.71711
1.38741
2.426
-1.17503
1.16154
1.77565
-0.667857
-1.63517
-0.592797
-1.14913
1.25636
0.720997
0.498616
0.743245
-3.01522
-1.00725
-0.453461
0.272527
0.682967
-1.65546
-1.67036
0.872668
-0.0498999
2.96788
1.89349
2.78874
0.681324
1.69214
3.26746
0.662069
3.66998
-0.901642
-0.102188
0.755064
0.709434
-1.3128
-1.9106
2.70877
-0.700384
1.85664
-0.916032
-0.808279
2.71191
0.684865
4.20793
2.33467
1.13045
0.794649
-0.859991
1.78341
2.37915
0.570166
-0.314939
1.6942
0.349958
-1.17109
-0.996973
0.780075
-0.954913
0.810826
-1.67954
3.47278
1.78596
2.74033
-0.896381
2.57093
0.25548
0.108211
2.5799
-0.544969
0.944175
1.03981
1.56105
-0.0514139
1.21753
0.138013
2.40796
1.23835
2.24739
-0.98707
0.628685
0.855889
-1.74035
-0.89012
0.727048
3.02917
-0.576206
-2.1812
2.28055
1.38666
1.75761
-0.81679
-0.0817637
-0.604157
-1.73027
1.11045
-1.1786
-3.86151
-1.43977
1.25386
0.289223
0.641205
0.163
0.137079
-0.744537
1.12659
-1.26067
-3.43043
-0.00967253
-0.929969
1.2322
-0.212075
-0.578136
-3.57565
-1.59221
0.462342
0.359108
1.31736
1.66172
1.32702
-4.04282
2.89239
0.840846
-2.32114
1.68099
-3.42501
-0.0387928
-1.77584
3.02954
3.81726
1.88483
1.23514
1.13492
-1.01007
1.92826
-0.474318
1.38499
0.0952829
0.940231
-1.44808
-2.99025
-4.28094
2.6139
1.17603
2.67914
1.59547
-0.190215
3.53853
4.44239
0.00216827
-1.32282
-4.18171
-1.31196
-2.4771
-1.63595
-2.0536
0.148863
1.8127
0.532614
-1.55871
-2.46016
-1.85845
-0.373426
-0.768008
1.96117
-0.621219
0.762206
1.801
1.8813
-0.344813
-1.05613
-2.28726
-0.402714
-0.434235
-1.44996
1.75492
-2.34424
1.02355
2.15071
-0.413045
1.49963
-1.3234
1.63418
1.81982
-0.713386
2.18746
4.11328
1.66186
-0.0165192
1.68656
-0.471654
-0.390771
2.39177
-0.106853
1.9584
-0.839701
3.10744
-0.853073
0.754378
-0.300853
-0.227252
0.413532
3.61292
0.536242
-2.84366
1.54647
1.11059
0.17881
-2.06336
1.90099
-0.157748
1.93647
-0.235901
1.37258
2.77598
2.57855
1.60274
-0.178937
2.6321
0.424355
2.0108
-2.17088
1.25091
1.96461
1.35645
0.503973
2.72842
0.181991
-0.5552
0.858536
0.39087
-1.53693
-1.76765
-0.868662
-0.241602
-0.507374
-0.233867
-0.739454
-1.45473
0.855201
-0.91285
-0.812035
0.39122
-2.78631
1.25984
1.06936
3.5528
0.835122
3.27883
-0.0646719
2.59396
-3.91482
-0.593142
0.821245
0.684804
2.26027
0.384795
-0.17611
0.749215
0.356165
3.85199
-0.241811
0.578987
1.74063
1.83834
2.33048
-0.426002
-0.362436
1.60615
1.7545
2.40523
1.12789
1.85321
3.57253
-2.48696
0.90294
1.82952
2.57826
-0.890135
0.662094
-1.1581
1.94232
0.263286
-1.65732
4.15914
1.11292
1.58744
1.17182
2.69094
0.747998
0.83143
-2.83893
-1.91705
-0.567988
2.11383
4.54805
0.0133265
2.04507
1.95136
1.38204
0.738854
-0.0623476
0.174423
0.120332
0.687534
3.39548
0.511766
1.33748
1.21767
2.26933
1.11698
0.13554
-0.932746
3.88446
-0.333397
2.89046
-0.142696
2.6372
0.798057
3.16875
0.624783
-3.97952
2.45133
2.02505
1.36112
3.58626
0.228453
2.18859
-0.12907
1.20154
4.15519
-1.0384
-1.31923
1.7914
-1.48357
0.394507
-0.901368
2.83839
1.95931
-1.42285
1.48436
0.592803
1.67727
3.53599
-0.475058
-1.4106
-0.551582
0.986382
-4.43185
-1.49027
0.932789
-0.625369
0.223208
-1.78964
-0.338272
-0.65714
1.72102
1.02848
1.16988
1.12613
2.61493
0.633837
-0.312045
-1.11152
2.40781
2.77414
0.627824
2.66711
-0.0546631
0.533229
1.57051
-0.166109
-0.793837
2.26891
-0.271555
-1.48017
0.839491
-1.02434
-2.77398
1.18745
-0.37083
0.142436
-0.00533746
1.65996
1.443
0.81171
-0.873459
0.241434
1.22748
5.28872
4.15181
1.97845
0.967693
0.453132
-0.775404
-1.00209
0.748965
-2.03686
0.863535
2.57238
0.668286
-0.076096
0.0408283
0.0846302
0.290244
0.698827
-0.151707
-0.108429
-3.82186
0.706285
0.762548
0.635973
2.89632
0.392463
2.21959
2.98026
1.52009
-2.1951
0.0226066
-1.07093
-3.87615
1.58463
-0.774277
-1.48024
-0.904356
-0.434596
0.881703
-1.27274
-0.713386
-0.651371
0.394877
-0.135997
0.648936
-2.73876
1.67125
3.49682
-2.05742
0.291383
4.42764
-1.20788
0.922016
0.978237
-2.69784
-0.448438
2.34283
-1.43353
-1.10505
2.61095
-0.432265
-1.04102
-0.385058
0.839823
0.800567
-1.91664
-0.823739
0.0992962
2.87845
-1.77486
-6.33372
-1.82935
0.957665
0.242471
-0.370642
1.98245
0.945964
-2.95562
0.490119
-3.77554
-0.00947625
0.301267
-1.60769
2.01064
1.30622
-4.3779
-0.855131
2.27845
-1.4161
-0.755944
0.686773
0.697661
-0.004839
-0.871919
-0.140689
-0.47362
0.582807
1.40729
-2.0528
2.77531
-0.276758
0.324782
0.439861
1.23755
3.34851
0.816974
1.81645
0.123742
-1.27226
1.02893
3.94785
1.78889
-1.33134
-2.27142
2.78635
-0.181778
2.22013
-4.19476
2.65732
-0.30681
1.36518
-0.726338
0.989098
1.27016
2.03288
3.60366
-2.85538
-1.37689
0.807055
2.04424
0.0591781
2.52052
1.62398
1.24227
0.987641
2.03224
3.12179
1.31426
1.97679
0.480689
-0.738655
-1.5536
1.46777
0.874172
-0.740382
-1.0194
-1.15013
1.69005
-0.643258
-1.15007
1.54878
1.97212
-0.604703
0.229219
-0.377972
0.345274
-1.41343
-2.3805
-1.60874
3.28779
2.64777
1.54784
-2.04287
1.26553
1.09522
-0.0393816
0.975352
-0.00633554
3.05314
1.37186
2.26015
-0.140765
1.09886
-0.215672
2.78685
2.29058
1.92176
-0.905524
1.89581
-1.04538
0.247375
0.258916
1.41798
0.65652
2.2528
-0.602509
-2.11194
0.362562
0.322336
-0.572531
1.87715
2.32254
1.13404
0.809923
3.61841
0.84961
0.62781
-1.72704
0.688379
-1.10383
-0.366364
0.328296
1.29675
-0.827399
0.420456
-1.60158
-1.8621
-0.210918
-0.206351
1.51227
1.87904
0.317237
2.1796
0.156819
0.0659089
-0.181863
3.05177
0.367311
-3.10077
-0.294572
-0.365984
0.409993
0.184302
-1.5961
1.93202
0.113514
3.46772
0.294417
2.60295
1.78291
1.81393
-2.32017
0.304409
-2.69875
-1.34204
1.78932
0.00607897
-0.716178
1.38427
2.33419
2.52182
-0.953676
-0.113427
0.173768
-2.38878
-1.09067
-0.708612
0.593923
1.96756
1.72778
1.17178
1.18865
-0.15781
2.4228
-1.33395
-2.2331
2.96418
0.706165
0.388889
0.0224377
-1.30842
0.315719
2.9251
3.22682
0.00339198
-1.78634
-1.95422
-0.576853
-0.814107
-1.59442
-2.44462
0.776754
0.00168618
2.01678
3.79419
1.18024
0.395792
-3.24358
0.558171
0.866656
-0.123197
-1.74161
1.93078
3.42968
0.572534
2.06889
1.93627
1.68113
0.0717276
0.48797
-0.08343
-0.133777
-1.29515
-0.102042
1.24015
-0.54107
-0.188897
-1.39555
-1.96125
1.91358
2.56925
-2.67556
1.0102
2.24767
0.79071
3.14963
-1.05817
0.790053
-0.531029
1.92912
2.37368
1.99632
0.103565
2.76372
-0.836927
0.930554
-0.452597
0.909321
2.22923
1.75911
2.9271
1.00633
0.262291
-1.17048
0.365733
2.34927
1.67982
2.20796
1.37542
1.51949
1.36664
3.98408
-1.2444
-2.29373
-1.46867
-2.80089
2.08777
-0.308718
1.58065
-0.0120751
-1.7194
2.32885
1.57294
-4.75702
-1.38802
-0.610066
-2.53602
-0.497567
2.37376
-0.562731
-0.67135
-1.11231
-1.69682
-1.75481
0.668773
1.48024
-0.087702
2.78011
-0.715965
1.81901
-1.54642
3.39605
-3.10807
-0.782108
-0.89175
2.67566
-1.3045
-0.429556
0.702799
-1.71902
0.700204
0.615679
1.34837
0.82982
0.918795
0.0173312
1.97242
0.874056
-1.35855
-4.11571
-1.29883
-1.58083
0.621733
2.33587
0.594484
0.298374
-1.29796
2.25843
-0.353546
0.737109
1.6724
1.29584
-0.811725
0.631946
1.54936
0.472084
-2.24877
0.937685
1.20595
3.38343
1.58313
-3.23883
-1.79563
0.796078
3.71767
-0.895694
1.78432
2.8634
-1.24055
1.64905
3.34059
1.95298
0.198908
1.30942
2.09549
-0.360886
1.1596
1.45768
3.22726
3.32206
0.0950461
-1.69227
2.55655
-0.279831
0.895277
1.62441
1.01094
1.85095
1.75966
1.27232
3.41568
0.0738979
-0.70379
-0.13418
-2.18391
1.98978
1.52579
-0.644428
-1.64759
-1.73833
0.818596
0.881802
0.853512
0.262568
-0.02147
2.19963
0.261951
-0.320908
2.18496
-0.91952
0.732152
2.87468
-1.21705
-3.45789
0.295409
1.45784
-2.63024
0.0253863
2.18454
1.96109
1.23888
2.34607
1.58583
2.66406
0.754146
1.66072
-1.18143
0.859901
0.907909
1.33869
-2.97042
-0.727273
0.812357
0.914278
1.15747
0.868182
0.0790497
0.150318
1.84378
0.71554
-0.193843
1.29167
0.212489
0.43522
1.4856
-0.385223
0.0536644
2.08502
0.57212
-1.05435
-0.323703
1.40314
1.41856
-1.11269
3.08765
1.69602
-0.633564
0.186469
1.72175
-2.15696
-0.716386
0.360022
0.0321898
1.79682
-0.523603
0.0268583
0.539108
1.00415
0.280744
-0.340691
-0.98566
2.02005
-0.196356
-0.809756
-2.36208
0.571956
-2.43758
-0.79774
-0.0814599
2.44719
-0.444379
1.99804
-2.91151
0.483607
-0.183397
1.00133
2.02233
1.08075
3.32625
-1.82827
0.125565
1.72791
0.291656
1.01191
0.516961
1.38743
1.58627
2.13646
-0.802989
1.80903
0.653793
-0.971522
-1.80049
0.933634
2.89557
-0.553803
0.400083
0.269522
-1.00123
-1.35525
-0.425716
-0.426472
2.57226
-2.43353
1.19344
1.38947
-2.02205
-0.938302
0.0289822
-2.38807
-2.1327
-0.431071
0.702305
-1.73313
0.199188
4.13795
2.50542
-0.152066
2.05617
1.60059
0.167073
1.26992
0.0393882
-1.52412
4.45244
-0.675047
-0.888864
0.782361
0.389498
1.07755
-1.36622
0.600059
1.1309
4.73592
0.847707
5.32522
-1.1379
1.4377
-1.23511
-0.910117
-1.14183
0.983059
1.09093
-0.905115
1.74973
-1.12247
-2.44696
0.379268
2.03328
0.50165
2.03869
-1.58199
1.63086
-0.103055
-1.18234
2.59147
1.57748
1.27837
1.16716
-3.06632
2.66265
0.18143
-2.00775
2.5646
-1.88579
-1.61706
2.67988
-1.603
-0.222312
1.28193
0.942023
2.24212
-1.17312
-2.10623
1.36476
2.5532
0.616398
2.28477
-1.82981
1.51415
1.81134
1.77769
2.35126
-0.771331
0.965429
0.126767
2.38872
-0.367067
2.39135
0.445252
2.01573
-0.192552
-1.44546
1.71716
1.62369
-0.345209
-1.48421
-2.47908
0.924956
1.50422
0.700694
0.058888
-1.8075
0.504155
0.910113
0.113519
-3.16585
-0.521045
0.506582
2.30324
1.78585
0.156992
-0.537963
-3.06448
2.92403
0.50329
-1.50771
3.90578
-2.82508
-0.0724429
-1.16981
0.867497
0.212683
-1.97342
-1.45925
1.69221
2.86967
1.81099
-1.33723
3.59403
-0.323935
-0.62104
0.305166
0.860951
0.891005
-1.94037
0.17965
-0.41385
3.45782
2.21298
-0.44175
1.93837
-0.767873
1.04251
3.50357
-0.402632
-2.67492
-0.253074
2.40265
0.79312
1.58864
0.974672
1.27026
3.72661
3.18098
-0.298868
-1.10493
0.754309
2.602
-1.14983
-1.75654
1.67947
1.2684
0.369064
1.1821
1.52587
2.09861
-0.780271
0.794303
1.13935
0.399647
2.48243
0.213979
-0.696734
2.53695
-1.21085
0.935023
-0.227639
0.651698
2.83216
0.226543
0.592506
-1.1383
0.56631
1.6682
0.747445
-0.541957
0.224745
1.62124
-1.46684
-0.043447
-2.9244
2.79609
0.111782
-0.553225
0.0951284
-3.81107
0.521473
0.233314
0.961691
2.72579
0.441702
-0.143188
2.11088
-0.366029
0.915728
3.17678
1.48711
1.28079
-0.0201496
-1.99742
-1.21107
0.942835
1.11632
2.0968
-0.282705
-1.92179
1.16202
1.97639
3.41226
1.28915
-0.314735
1.48355
0.622415
1.6999
0.950777
-0.899996
4.53531
0.363383
0.105581
-0.233432
1.82462
1.16303
-0.730148
-2.7857
-2.26429
1.35963
0.614294
0.776422
3.19901
-1.1644
0.197902
-1.43974
0.649332
2.87556
1.24118
-2.79416
0.0586861
2.14085
-2.81084
0.834747
-1.03824
-1.50537
-1.17809
-0.0521691
0.49906
1.0005
-1.39043
-0.3282
0.722306
3.1795
-0.600946
1.85181
0.185703
1.99063
3.00545
2.06754
0.581323
-0.386878
-0.507498
2.03894
1.42772
0.726254
-2.28543
-2.08097
0.510558
1.37338
0.290428
-2.71474
0.682728
-1.13853
-2.3231
0.533576
3.54894
-0.335995
-1.6351
-1.53053
-0.241558
0.911283
3.06422
-2.25474
-0.80754
1.03767
-1.37125
-0.853018
-1.5496
-1.12764
2.58251
1.74484
0.213209
-0.475282
3.01709
1.78984
0.0766003
0.688704
-4.24297
-0.955654
1.66059
-0.702729
1.31097
-2.45193
0.904441
2.49769
0.723802
-0.55734
1.56074
0.0832852
-0.798224
0.58896
-2.57299
-1.39246
-0.638276
-0.984938
-0.0839408
-1.64264
-2.54228
-4.97161
-1.79527
1.70506
1.7682
-2.36302
1.61651
-0.0374938
-1.69369
1.27803
-0.611266
-2.49452
0.137222
-1.4722
2.85754
-2.62628
3.79866
0.104658
0.738664
-1.09195
1.66569
-1.28815
-0.0254039
2.48533
0.527771
-1.03884
-1.0271
2.94127
0.535957
0.378894
-1.63428
1.34422
2.0247
2.02977
0.23213
3.23746
0.100242
1.53111
-1.52848
2.95333
1.21191
-0.343518
-0.0990057
-1.33675
0.1999
-0.0964289
1.56946
1.62253
1.03216
0.79198
-1.35009
0.882502
0.527417
1.15193
1.70216
2.75646
0.480754
-0.409286
-0.367586
2.84807
-1.0791
4.61655
1.21032
0.519189
0.882596
3.20522
1.45363
-0.0462216
1.86751
1.87513
3.88751
-1.29308
-1.99693
1.54789
1.17036
0.90089
1.24592
1.1465
0.523432
2.15327
3.90139
1.18359
1.37058
0.268686
1.70114
2.76501
1.46735
3.56918
1.43771
0.2734
-0.0617361
3.30425
-1.17748
0.875173
1.11287
1.04649
-1.42872
-0.23843
-1.83748
2.20651
1.26854
2.14421
2.31674
0.946317
0.513139
1.12876
-0.480066
0.044427
-1.45083
0.300846
0.205537
1.35136
-2.36645
0.343191
3.04203
-0.347528
-1.44685
0.291126
-0.116562
2.51712
-0.530725
2.79587
0.0190229
1.64822
-4.66092
-0.539531
-0.529741
-0.233587
2.15372
0.249679
-1.03199
1.25732
-0.184403
-0.127266
1.37659
0.326858
-1.48901
2.01821
-1.14145
3.76482
-1.32299
1.92213
1.83456
2.63351
2.40079
0.715298
2.37032
0.179735
2.27603
2.93834
0.958947
2.41059
2.9327
1.83298
2.26641
-1.31373
2.58853
-0.442981
0.73998
1.22611
1.08397
-1.8389
-0.326269
1.82605
1.28282
1.46252
2.58964
-0.760181
-0.59316
0.680646
3.39701
0.22371
1.69108
2.78422
-0.0821752
-2.15903
-0.968836
0.990136
4.17695
0.00706438
1.4519
0.938883
1.64444
0.444352
1.1293
3.30711
1.08491
3.64766
-1.61929
2.70857
-2.2909
-1.04379
-0.392068
2.3271
-1.07547
2.87614
0.358055
-0.515559
-0.969458
-0.58493
-0.169018
2.02721
-2.99097
2.40694
0.928436
0.0499408
-0.108508
0.0658628
1.49067
-0.578238
1.90815
-1.47121
-1.46121
-0.163173
0.409893
3.88782
4.11122
0.207887
0.309705
2.41901
1.75241
-1.63036
-1.55468
-2.09612
1.35102
-1.45236
3.59881
1.65771
-1.39058
-3.09699
-1.54965
0.182883
1.04652
-0.403672
-1.9373
0.563936
2.25916
1.26058
0.844062
-1.96854
-1.0898
0.191518
0.457341
0.813195
1.86343
1.57157
2.36191
-0.503862
0.47784
-0.334706
-0.454163
-0.800815
1.84663
0.840188
0.5488
-0.225557
1.29671
-1.23951
-1.84449
0.748423
2.7928
-2.5682
0.597722
0.00984278
0.659249
0.266605
-2.89529
2.08767
-0.631906
0.163946
1.56757
-0.794392
3.71209
2.20447
2.86775
0.65815
-0.722166
2.61783
1.3463
1.70183
1.48673
-0.278714
-0.273893
3.55331
2.64677
1.22829
1.93451
1.23239
2.40059
3.83621
1.94668
-0.30706
0.319281
-1.8058
0.21222
1.63263
0.97762
3.9764
-1.91825
-0.0955228
3.30175
1.22799
-2.22931
-1.13856
-1.16304
2.74661
-0.271934
2.13858
0.203224
1.45792
-1.06953
2.32811
0.698643
-1.02436
-1.26846
1.98131
3.74176
2.33574
-1.31554
1.41005
0.465294
0.325042
1.45458
0.604979
2.86863
-3.69376
1.19222
0.214076
2.58148
1.67437
-0.69826
2.83708
-3.17417
0.89771
0.25212
-2.71841
-2.65805
0.424917
1.29996
-0.514327
-1.08262
4.20113
2.3893
3.89831
0.0131345
1.46089
1.98029
-0.915433
1.40477
0.410938
1.00875
-1.58767
-2.90719
0.793292
0.233323
-1.40136
-1.7736
-1.54641
1.57874
-0.527416
-1.72689
-2.51616
-1.98391
0.954335
-0.521801
-1.66561
1.33212
1.77861
-1.81023
4.79368
-5.57856
1.09629
0.0632562
-1.1645
-0.434797
0.893675
-1.38684
0.210347
-0.426319
-0.626768
-0.0416848
-1.104
0.448599
0.161651
0.506548
0.244272
1.56161
