-0.635315
-1.24811
1.02149
-2.48045
-0.669064
0.390259
-2.3862
-0.340303
6.34861
1.11019
1.48868
0.845219
-0.64356
-0.730574
-0.882726
-1.00403
1.64334
-0.341429
0.569346
2.40036
-2.16655
0.988786
0.774111
2.30985
0.579167
-0.270972
0.750811
0.328422
-0.15255
-2.18888
2.61969
-1.44866
2.37537
-1.40462
1.64578
-2.2098
1.42115
2.99046
0.903407
1.3126
1.06606
2.64359
-1.57715
4.89134
-1.11633
1.60511
4.30254
4.50544
-0.962686
-1.57809
-0.0641326
-0.501259
0.652882
0.462082
0.500696
-2.11119
0.483463
1.30382
1.73822
-0.454981
2.73425
-1.24947
-0.167899
0.423472
1.76246
0.661542
0.40782
0.944037
2.79692
-1.23019
1.72745
3.80421
-0.766649
1.64203
0.567331
2.65359
0.877503
1.67637
-1.61107
3.83408
3.12159
2.82526
-1.4361
0.984787
2.41111
0.591526
-0.332012
-1.65879
-1.36443
-0.228566
2.25683
0.91148
-3.42022
1.83825
2.08644
-1.15436
-0.328809
3.04735
3.24206
2.32753
1.9249
-1.64773
2.86396
1.05367
-0.56701
0.715653
-1.60777
2.06005
1.0719
2.36941
3.12598
0.754789
-0.450416
0.0531196
1.99829
2.64616
-0.833162
0.596988
-1.11215
-0.32263
0.183339
2.30003
-3.91169
2.66615
-1.21343
2.76291
-1.63179
1.60557
-4.11146
2.63613
-1.27184
-5.1353
-1.72864
1.38994
-2.61182
0.141536
-0.759067
1.34508
0.677895
-0.727949
1.64244
-0.784741
1.72795
1.16732
-0.597491
-0.247385
1.28556
0.438295
-2.45428
-1.94331
-0.662451
1.43186
3.24841
-1.704
0.46716
0.196831
0.288982
-0.469704
2.85145
-2.31925
0.845845
1.11139
2.11898
-4.50386
1.72058
0.0512917
0.110938
-1.0378
4.04214
2.93094
1.52754
1.79813
-0.695044
-2.52088
-2.65505
1.01201
0.850691
-1.31912
2.09776
-0.510761
1.41228
2.49284
-0.252869
-0.384366
1.96119
0.973256
-0.369633
0.225323
0.0579644
-0.519396
-1.39914
1.49537
0.482056
1.40682
1.15463
-0.978871
1.69307
1.19695
-0.301609
2.61114
1.14363
-1.22104
-0.630866
-1.81772
0.221364
2.45689
0.825968
-0.631296
2.15615
-0.527054
-1.89568
4.6607
3.63792
1.47939
-0.136917
-1.18223
2.1544
-2.02678
1.99223
-0.689572
2.08414
0.268377
4.84635
-2.57414
1.28004
5.16795
1.80415
-1.0141
2.60391
1.62882
2.39648
-1.83017
0.0544872
-1.34322
2.45743
0.714417
-0.354038
-0.971076
0.472399
0.580312
-0.104743
-0.400999
3.3417
3.77473
2.21647
-0.912381
-1.11974
-0.624998
0.12471
1.14439
1.22346
2.9763
1.24697
-0.306397
-0.335835
-1.44154
0.752685
0.666328
-0.549572
1.8701
2.32971
1.2544
1.97536
3.99046
-2.63408
3.6375
0.1221
-1.05065
-0.920352
-2.781
6.45215
0.156034
1.37207
0.573013
-2.72788
1.5573
0.478333
0.890403
0.575204
-0.256111
-0.780304
0.173562
-0.131555
0.515708
-1.19305
4.59633
1.8774
-0.723455
-0.639471
2.30792
2.49595
-1.13436
0.786819
-2.07865
1.51033
-2.25479
0.388888
3.03898
2.39214
-1.61088
3.09006
0.0459558
1.30493
2.16016
1.14653
2.14922
2.39105
-0.223971
1.67311
0.118372
-0.6101
-0.386409
2.77932
0.645311
-1.63287
2.18752
-0.847705
1.43403
0.858125
1.54765
-3.30547
0.651238
-0.855912
1.52246
0.13444
0.126656
2.90871
-1.99568
-2.1851
-1.43434
0.542949
-1.74363
2.61629
0.572999
0.473659
3.5546
1.67037
-2.37327
-1.44058
1.17835
1.48691
-0.239571
0.78242
0.627018
1.13571
2.36677
0.829455
-1.17489
2.09491
-1.76119
-1.502
2.99479
0.706525
2.00124
-1.74105
0.616581
-0.20966
-0.0770326
2.15111
-2.12973
-2.13467
0.363843
5.29766
-0.9131
1.44001
2.05596
2.62365
0.797432
1.96562
3.08145
-0.696994
3.29883
-1.27759
-0.650379
-0.0589534
-0.719513
-4.83994
-2.34061
3.31035
1.43804
0.113437
2.56429
2.81279
2.80462
-1.49826
1.60029
-0.343298
-0.253348
-3.64644
-1.31851
1.70678
-1.6869
-4.0068
-0.354032
-0.986395
3.08524
4.06622
-0.860736
3.12753
-0.00772395
-1.48237
-1.90528
-1.26228
0.28729
-0.324781
0.115014
-0.331446
1.87387
-1.73288
-1.42422
-0.895595
-1.76368
1.51628
1.69283
2.68696
0.921923
1.53368
-0.773274
-2.67921
-1.15251
4.19608
1.09112
1.68215
-0.813808
0.98899
1.98739
-1.27308
0.0993301
-1.79294
0.826776
1.63889
2.89544
0.67801
-0.532132
3.58492
4.3518
1.36343
-0.286749
0.527261
-0.45568
1.35383
-1.28874
1.06241
-1.12832
-0.427991
3.89544
-1.29558
1.1484
1.10587
1.23221
1.15908
0.416652
0.950597
-0.226025
-0.535557
2.29242
3.44455
0.237499
-0.123987
-0.156523
4.48796
2.30179
1.04718
1.34484
1.50688
3.40068
1.85606
2.05334
1.7699
0.899063
-0.528866
0.649176
2.00068
2.3293
-1.93176
2.26335
1.50585
0.317923
-0.11556
-0.262974
-2.36962
2.20335
1.00596
-0.401944
-3.44057
-2.05605
1.52998
2.24424
-2.18712
3.15465
-0.562235
-0.455491
-1.38094
-2.24049
3.62913
-0.281167
-0.592192
-0.147264
1.49065
-1.90289
2.4212
1.18534
-1.49332
-0.211848
-0.302988
-1.35803
-1.86802
3.03656
-5.10087
2.67138
-0.268006
0.366828
-0.692036
2.78364
0.892108
-2.13852
-1.04526
0.801462
1.16163
1.96777
0.609352
0.223239
2.03211
1.17848
0.423703
-1.61823
-5.63724
3.35825
1.48647
-1.74206
1.95311
-2.61664
3.16932
1.99548
3.97045
2.06935
1.4686
0.167862
-0.0831589
1.60898
1.33768
-0.376063
1.48243
1.7722
2.084
-0.586805
-3.5871
-2.13229
3.19952
3.01118
1.57582
2.7787
-2.09761
-0.10683
2.3792
-1.03578
-0.979551
-0.716958
-0.0111691
-0.93113
-1.75885
1.86667
-1.45177
-1.55685
-1.41379
4.09483
-1.34529
2.69221
1.13378
1.16556
-2.44657
2.18874
-0.0739413
-0.341885
-3.9451
-1.29573
1.86485
-0.895606
-0.97853
-0.908507
-2.05844
2.41419
-0.968645
0.0836886
3.71141
1.38993
1.88888
1.47713
4.95506
-0.281433
-3.57869
0.0373372
-0.501394
-1.14304
1.03807
-1.43326
1.95631
0.764946
2.43228
-0.989227
-0.0294899
-0.589948
1.15866
1.17011
0.947443
4.09597
-0.885704
1.3033
-2.61002
-0.539062
3.86245
2.2733
4.81565
0.792262
0.180165
-2.1281
-0.441948
-4.42021
0.0405813
-1.67037
0.566186
-0.276076
-1.29787
-1.39607
1.96501
-0.460733
1.55157
-0.0802983
2.98899
5.27604
-0.413916
-0.693351
0.861286
-1.32049
0.452202
1.69303
-2.05945
-0.530306
0.253253
-1.62516
1.46019
0.585104
2.50764
5.2374
-0.887755
-1.09471
1.48405
4.5524
-0.10972
4.37233
0.565996
0.520465
0.901206
1.78696
0.0798372
3.14178
0.98936
1.85494
-0.195997
-5.14341
-2.95756
-1.64693
0.373842
1.94418
0.641601
-1.92225
-0.486506
0.732718
1.70179
-0.73311
-1.73684
1.40155
0.0776737
-0.764368
2.77084
-0.89071
-1.38791
-0.296107
1.09108
-0.167316
2.13703
0.7558
0.619857
-0.909883
1.26767
-0.479782
0.777925
-2.74021
0.537634
1.42703
0.47883
1.29166
1.10639
0.412724
-1.11981
-0.0291471
-5.55044
-2.48853
1.75395
0.904772
2.09776
2.21968
-1.6614
-1.1128
2.59403
3.16085
-0.174053
-0.500901
0.499417
1.93582
-0.985183
2.83725
-2.42191
4.28969
0.652023
0.621202
-1.01422
2.12514
-0.0565998
-0.789194
0.672871
0.568576
0.216127
0.272601
1.28025
2.18064
3.03634
-1.41245
2.0484
-1.33181
1.80916
-0.892925
3.44417
1.40467
6.4097
0.564036
0.492108
-1.00332
2.0727
-1.82373
-0.222308
-1.73087
0.214868
1.61886
0.819185
-0.946758
-1.75669
-2.89317
-0.106222
3.11646
-1.02585
3.40105
1.56041
2.54664
1.50254
-1.31406
-0.124318
5.8293
2.41978
3.13616
1.33484
-0.0746703
1.15936
4.29211
0.749159
-0.561155
3.88197
-0.317225
2.07959
-2.26397
-4.12941
-1.9069
3.09017
0.699951
-2.16178
-1.73467
-1.8173
0.436203
-0.906212
0.98397
1.21336
1.18594
2.39583
-0.0583658
-0.581025
-0.499961
-0.521779
-0.569211
-0.566328
-1.6724
0.178567
-3.67444
-0.0836798
-2.12039
-0.284759
0.125978
-0.547845
-0.0264064
-3.98484
-0.381238
0.556278
-0.828089
-2.6541
3.50316
4.34391
-2.23098
-0.262364
-0.859504
-0.590951
-0.691333
-2.09495
-1.3174
1.96045
-0.370634
-3.24734
1.89444
0.466261
3.08596
3.31852
2.35843
-1.84446
0.401162
-0.592313
-0.461785
-0.085074
0.0428453
-1.18014
2.09407
-1.30187
-1.42801
2.9447
-2.74966
1.62923
0.97541
3.63664
-2.9189
-0.978095
0.0743052
1.69894
0.681695
0.00129733
-1.21354
-0.381938
0.629461
-0.601754
-1.09658
-2.33125
1.22989
3.47125
1.58273
3.16652
-3.15711
1.07397
1.25497
2.35013
-1.68336
-4.58391
-0.646533
-0.516519
-3.13476
0.597355
0.801724
-0.0172309
3.59251
3.86064
-1.68649
-0.726814
1.76143
1.25958
-0.585357
1.28412
3.93092
0.511097
3.55297
0.962646
1.39495
1.57217
-0.820431
3.70742
2.02118
0.810117
-0.640811
2.97539
3.05471
0.109398
-1.23033
2.61107
-0.619561
-1.52385
-0.183632
2.12433
0.761106
2.59915
-1.60663
-0.0682739
0.0243033
-0.568264
0.330155
-0.450433
3.62165
0.418971
2.95528
1.41851
-0.118601
-3.62691
-0.17528
-2.38308
-2.09526
2.21273
-0.523723
-0.380645
0.938568
3.1036
-0.799173
-0.429687
0.828519
-0.230094
3.66271
1.89279
2.24295
0.598188
0.605471
0.494955
-1.8418
0.809493
-1.82647
1.03784
-0.718843
2.09707
1.68609
-1.96292
-0.543504
0.382798
1.36977
-3.72734
-0.417957
0.387516
3.78392
-2.3704
-0.677174
2.49475
1.0304
-1.33728
-1.84734
1.99196
1.14471
-4.17343
0.0181741
1.39653
-0.0710983
1.29725
0.413868
3.24864
-0.367625
0.0760999
0.0133987
2.44109
-0.395676
2.23368
-0.285431
-0.0656374
2.75646
-0.106972
-0.343785
-1.52378
-0.746131
-0.505362
0.604328
0.300081
0.55773
-0.741929
3.74252
2.9253
0.0177313
-0.595697
0.276393
-1.77046
-0.1839
-0.913298
1.88843
-0.345985
-1.0066
0.373297
-2.38793
-0.775271
0.403451
2.78646
-1.30048
0.523386
-0.379411
1.81092
2.28972
2.22055
-0.38838
0.461044
0.456771
-1.89266
-0.0538169
0.0627721
-1.48611
-1.40729
0.157218
-0.413613
2.27181
0.868665
-0.359529
1.99298
-0.296258
3.66862
0.0822379
1.85782
-2.84116
0.797171
-0.365021
-1.01497
-0.434562
-0.0896859
4.3703
2.97439
-1.67462
-0.249791
-2.30054
-0.923221
-1.72835
1.50427
2.09224
1.37799
1.77198
3.42113
0.939603
2.28559
-0.223586
0.642131
-3.51494
-0.621209
3.54726
3.23888
-0.0526204
2.46452
-2.18638
-0.519638
3.25644
-0.117991
1.07339
2.38901
-3.17399
-1.15094
0.587293
2.30361
1.60421
-3.13625
2.51054
1.06139
-1.36877
-1.04645
-0.194951
0.645441
2.89103
2.27407
-1.71947
1.90162
-0.72163
-1.12695
2.34546
3.72676
4.26627
-1.45861
1.53073
0.468992
1.84205
0.0790986
3.03262
-0.210346
-0.557432
3.47998
-0.66389
3.25629
0.0146757
2.08224
1.07282
1.63792
2.33988
2.33962
1.51184
0.624044
-4.10821
0.00274903
3.29318
1.58483
-1.03829
-0.137659
-0.46604
-1.17038
1.02178
-0.0573671
-1.82437
0.0878939
1.31054
1.33637
-0.206074
