0.81665
0.725291
0.725979
0.815048
0.821462
0.868348
0.997476
0.831851
0.847675
0.994054
1.08861
1.00852
1.05969
0.875512
0.963599
1.01787
0.876799
0.890634
0.996639
0.80725
0.823955
0.903429
1.02295
0.992828
1.03423
1.14729
1.55007
1.18263
1.30131
1.07004
1.05867
0.904139
0.759165
0.751677
0.618389
0.627603
1.0466
1.13048
1.07986
1.02116
1.42333
1.40267
1.39528
1.2096
1.29231
1.64219
1.71741
1.64053
1.60368
1.29003
1.28365
1.40268
1.3156
1.4495
1.31678
1.09566
0.956708
0.769669
0.931731
1.20635
1.16638
1.03392
0.911244
0.742162
0.583241
0.545371
0.464918
0.457069
0.433991
0.292577
0.208617
0.20717
0.326337
0.278761
-0.118134
-0.238077
-0.444603
-0.40031
-0.0600104
0.0552443
0.0268386
0.209936
0.127917
-0.130061
-0.118463
-0.0753343
-0.228277
-0.415437
-0.219059
-0.206644
-0.114279
0.0719904
0.199331
0.234582
0.37681
0.54313
0.642297
0.640798
0.647072
0.255435
0.208009
0.100824
-0.169825
-0.210138
-0.347016
-0.14696
-0.269309
-0.0686327
-0.0965782
0.0876571
0.0315722
0.22632
0.257357
0.39899
0.541464
0.79945
0.681111
0.38567
0.533822
0.305706
0.175185
0.255817
0.475611
0.671546
0.48213
0.621521
0.553783
0.64603
0.699199
0.79972
0.936227
0.774116
0.578241
0.56325
0.604943
0.362899
0.728732
0.745573
0.779109
0.873857
0.754053
0.81595
0.813165
0.963614
0.975057
0.965233
0.994998
0.846116
0.744792
0.822754
0.735742
0.637822
0.818397
0.905199
1.1813
1.53503
1.40798
1.08848
0.754144
0.558301
0.268652
0.18409
0.0716865
-0.227885
-0.198346
-0.0383035
0.192345
-0.133984
-0.127616
0.0423358
0.273718
0.296954
0.288305
0.205029
0.0342438
-0.101898
0.0696723
-0.0320258
-0.0357612
-0.00189856
-0.16197
-0.262328
-0.489067
-0.166105
-0.0538832
0.19163
0.0424234
0.124961
0.355835
0.418335
0.629009
0.658344
0.569718
0.606166
0.549171
0.607072
0.810354
0.804345
0.825248
0.929579
0.64006
0.506914
0.350716
0.652637
0.337642
0.318036
0.134404
0.323685
0.369151
0.276434
0.0891777
0.260795
-0.0621984
-0.0296664
-0.26014
-0.223943
-0.389022
-0.214872
-0.303859
-0.372671
-0.401984
-0.316052
-0.355451
-0.620528
-0.572374
-0.632148
-0.401289
-0.0839071
0.0100472
0.185207
0.159867
0.164763
0.251693
0.222802
0.122969
0.276814
0.320803
0.445126
0.595318
0.711751
