0.945717
0.829688
0.816737
0.898842
0.858716
0.589763
0.610724
0.686065
0.701062
0.501116
0.359213
0.505317
0.642064
0.493994
0.329001
0.293112
0.630803
0.549852
0.298032
0.153875
0.322008
-0.130837
-0.0456191
-0.00839414
-0.224265
-0.409023
-0.54588
-0.779166
-0.433268
-0.25645
-0.27668
-0.295474
0.0120531
0.281513
0.249686
0.384652
0.158406
0.186176
0.349041
0.445172
0.256796
0.0622168
-0.157394
-0.145191
-0.307675
-0.355379
-0.515858
-0.610071
-0.712964
-0.941468
-0.957912
-0.890221
-1.17619
-1.0632
-1.05624
-1.3305
-1.3534
-1.32973
-1.23082
-1.13815
-1.35197
-1.14532
-0.971907
-0.914064
-0.96753
-1.34254
-1.07006
-1.03371
-1.17751
-1.0171
-0.711198
-0.573471
-0.4989
-0.608575
-0.266766
-0.504146
-1.02383
-1.19035
-1.46817
-1.4223
-1.20753
-1.3903
-1.02047
-0.721492
-0.562761
-0.67214
-0.575917
-0.104369
-0.25355
-0.339944
-0.514506
-0.72925
-0.687521
-0.806753
-1.26367
-1.4695
-1.52895
-1.54718
-1.25957
-0.834501
-0.796717
-0.627445
-0.670172
-0.52735
-0.579284
-0.808004
-0.897048
-1.18462
-0.600324
-0.73891
-0.735008
-0.993052
-0.891053
-0.945778
-1.04071
-0.843519
-0.695347
-0.630185
-0.641196
-0.576352
-0.27625
0.030106
-0.0843552
-0.321357
-0.315393
-0.539393
-0.399437
-0.216223
-0.103856
-0.242777
-0.493173
-0.633061
-0.68354
-0.436329
-0.409797
-0.894771
-0.937118
-1.39371
-1.54987
-1.5721
-1.73452
-1.5645
-1.72807
-1.97908
-1.3127
-1.25265
-1.16716
-0.940757
-0.591679
-0.502306
-0.339885
-0.23698
-0.121885
0.111724
0.520215
0.647552
1.02265
1.10292
1.02291
1.12323
