-1.00951
-0.999601
0.545585
3.27242
2.57836
0.948132
-0.0252323
2.17887
2.34792
0.428105
-2.25913
1.50096
2.25326
1.31165
1.55915
2.19947
1.6881
-0.463393
0.901958
1.70425
-0.731016
-1.87075
1.12067
-0.289269
-1.06969
1.87488
1.38467
0.261058
0.637092
0.514326
-1.07707
-0.746697
0.810085
-2.2517
1.42996
1.49081
1.76836
0.952181
-2.5946
-1.52123
-1.07854
3.5603
1.91505
1.75851
1.43868
0.431403
0.272039
2.18523
1.2322
-1.86115
0.148427
1.49755
2.5548
-1.11215
2.92036
0.82082
1.67186
-1.3023
-1.89094
1.34534
-1.33328
0.132195
0.134505
-0.264581
0.216945
0.0509952
1.65751
1.85284
0.829043
0.32688
3.01376
2.25112
0.000222765
1.39754
1.18293
0.428052
0.857704
-0.0985621
0.0254582
-0.0953505
-0.358942
-0.483747
1.09018
-1.81196
-0.814916
-0.817325
-0.906749
1.13268
3.01877
0.231207
2.19149
0.388159
1.01739
0.2914
1.46058
-2.7228
1.2176
-1.25205
1.21346
-1.16034
-0.563073
-0.589506
1.48176
2.61665
0.826323
1.94552
1.29552
2.86654
2.08698
-0.0567222
-0.783901
-1.24628
0.500861
0.88782
0.397663
-0.594236
0.0490404
1.3725
0.745603
0.822443
1.9639
-1.29464
2.06176
1.11231
1.54932
4.29439
1.96301
0.0323748
-0.92583
2.15105
2.15374
0.219144
2.83222
1.01245
2.03826
-1.89939
-1.27383
1.51334
1.63379
1.71413
1.19014
0.721436
-2.59945
0.135398
-1.49047
2.91869
-0.0771648
0.192695
1.10075
1.65509
0.218359
-0.0218856
0.296256
2.02376
-0.714671
2.48482
-0.594343
1.1427
1.37178
-0.739016
0.288389
0.0625429
0.323462
1.31088
1.12068
-0.188647
1.94178
0.713767
-3.04796
-2.96939
0.479691
0.403796
0.634847
-0.969591
-1.15981
-2.66329
0.984394
-1.10361
0.56065
-0.515451
-1.85604
0.0838215
-1.21962
-0.42564
-0.699128
3.29898
-0.107251
0.884022
0.931039
2.06408
0.942883
1.49887
0.0900442
-1.35549
-1.48705
-0.366087
-0.254147
0.698397
1.88997
1.15739
0.861568
-0.864708
-1.98583
-2.03602
1.94566
1.30767
1.21569
-0.0790948
-0.428535
0.744057
-0.553598
-1.65815
1.40994
-1.01605
1.69385
-0.29111
2.28348
-0.37623
-1.28782
-1.58854
0.428817
2.14812
0.550172
1.87515
-0.259255
1.83608
-0.228146
-0.582216
-0.881756
1.40362
-1.9231
-2.69069
0.0487027
-1.15785
0.407864
0.183132
1.87833
1.14689
-0.818369
-1.25466
-0.0896082
2.66101
0.6216
0.428685
-1.07229
0.142479
0.702481
0.758768
0.776025
2.63624
1.56714
0.117446
2.90175
3.29524
-2.81527
1.19003
1.40486
0.520008
-1.8605
-0.0433125
-0.0927882
2.15354
1.22993
0.343149
-0.323739
-0.715964
0.423264
2.23887
0.00255698
1.06508
1.36129
1.49383
2.80152
0.391866
0.648457
3.48844
-0.281209
1.42244
1.25298
2.17987
0.272528
2.04931
2.45517
3.20406
-0.448454
1.08721
-0.309594
0.459226
-0.829793
1.8151
2.01576
-1.2494
1.60512
1.78768
-0.885119
1.81009
0.602288
1.76778
-0.52356
0.124861
1.79698
0.580302
3.27194
0.14704
1.95963
-0.697356
-2.44893
1.53291
0.483152
1.40255
-0.0141243
-1.169
2.68178
0.267004
2.90076
2.64967
1.11993
1.57792
-0.58696
-1.5412
-1.26735
1.53711
-3.09393
1.65103
-1.20041
2.39751
1.21921
1.25493
-0.279054
0.615437
1.344
-0.119565
2.35048
0.697652
0.506961
-1.76526
-0.634992
1.25054
-0.249095
-0.743635
-0.923223
0.27825
1.5639
4.50113
3.47573
0.171683
1.68142
2.97864
3.15853
1.48129
1.90835
1.41436
-0.102222
-0.379959
-0.0471576
-1.14369
0.293195
1.79726
1.31531
2.4446
0.782315
0.933134
-0.795378
0.861336
0.689434
2.56725
-1.12783
1.54716
1.16002
2.15668
-0.192966
-0.594295
-1.08736
0.54397
0.48132
1.86577
3.52475
1.69334
-0.420572
-0.337885
2.41902
-1.06359
1.36304
-0.848546
-0.720594
-1.31991
0.945775
-0.681839
1.13194
0.626776
0.0143857
-0.554887
1.85544
-1.21422
-0.251818
-0.632456
1.65521
-0.615886
1.48832
2.74408
-0.981049
1.62208
-0.752776
-0.92728
0.636217
0.790438
-1.35395
1.31718
0.620218
1.65473
0.387904
-0.446645
1.23934
2.74511
0.0356724
-1.67178
-1.63626
-1.04105
1.85025
-1.3585
0.447423
1.52452
-0.11389
-0.573506
-0.348905
0.655819
0.191591
-0.698187
0.00219213
-0.20176
2.38636
1.12145
1.00927
0.251393
1.51194
3.84273
0.861068
0.635627
1.05418
4.09827
0.22944
2.64834
0.463644
0.742277
-1.17011
1.63108
-0.716451
-1.10629
0.343281
0.97844
-0.0875028
-0.0944123
-0.0759036
-0.26908
-1.16579
-1.09147
1.82996
1.05093
0.463724
-2.13169
0.605218
-0.178955
2.42279
-0.184842
-0.633995
-0.324075
1.15741
1.73731
-1.01753
-0.176607
-1.46738
3.98079
1.38833
0.676286
-1.24289
0.946651
-0.180843
1.85859
0.621051
-0.233387
-3.07652
0.575541
-2.34202
2.57171
0.984091
-2.45283
-0.621418
1.2514
-3.60597
0.49273
-0.144781
-0.297228
0.195511
-0.945388
1.20478
1.56747
0.0774805
1.20086
-0.00990862
2.79392
-0.0988625
1.37434
-0.770875
0.702729
0.725389
0.517669
-0.189028
0.788664
3.99084
-1.08559
2.61771
1.70399
-0.612831
0.705719
1.49813
-2.58955
-0.380934
1.59028
0.415068
1.78732
1.19243
-1.03939
2.94374
0.906585
0.418038
-1.20639
2.80104
0.209369
-0.205429
0.218173
0.0120995
1.05727
-0.503715
2.19545
-1.79914
1.99523
3.65226
-1.38718
-0.460241
-0.169309
1.16382
-0.228525
-0.739498
0.607927
-1.02732
1.66379
0.260385
1.80245
0.801277
0.433373
-2.12655
0.906461
1.56795
1.11461
-0.588224
-1.14699
2.57556
0.165734
0.455304
0.556664
1.77147
-0.0107493
1.47525
1.9644
0.911524
0.366609
-0.532268
0.484124
3.13468
0.264019
0.225849
1.74003
1.93419
1.42243
-0.439161
-0.100498
0.905847
1.97676
-0.876745
1.53095
1.58913
0.445622
2.66279
2.735
0.861182
1.06332
1.58485
2.17791
-0.76482
3.90189
0.293752
-0.381295
2.17326
2.24643
0.674416
-1.85273
2.28373
0.581572
0.0532916
-0.252523
-1.34339
-0.497072
-1.94899
0.894936
-2.63225
-0.844413
0.983037
0.494918
1.98648
0.17318
-2.17746
0.868604
1.80801
1.05047
0.0600919
2.61523
0.144385
0.869208
-0.152318
-0.282753
-1.22749
2.41597
-0.282998
0.413575
-1.55542
0.799397
1.64543
1.54036
-3.57825
0.395938
-0.281594
-0.835267
1.48188
-2.58198
-0.0289269
-0.0703958
0.640331
2.02165
1.91923
-0.465427
0.985598
0.353656
-0.369437
1.04654
0.141635
1.35933
-1.80292
1.57012
-0.649974
0.414384
-2.35533
2.77195
-1.68114
-0.741995
1.40006
1.17191
-0.603213
1.81303
1.58188
1.17836
0.802382
0.470145
-1.51014
2.09011
2.06712
0.194357
-1.86507
0.477497
-0.0528901
2.53982
0.298799
0.270113
1.87296
0.56567
0.362777
-2.48202
1.06053
-0.857915
0.41953
-0.0459712
0.983594
-1.76006
-1.3477
-0.344456
1.79509
-0.162331
-0.548837
-2.04633
2.94825
-0.198284
0.518074
1.58567
1.04136
-0.249827
3.13677
-3.18227
1.5963
-0.381882
-0.899035
1.64337
0.461249
1.17718
0.311114
0.304885
-0.31714
-0.605983
3.24074
0.836589
-0.216157
1.52062
0.466187
1.48534
1.7967
-0.272742
1.33931
1.34222
1.42572
-1.89172
-0.0547382
2.05786
-1.48066
2.19998
0.2913
0.67882
0.164083
-0.349455
0.515076
1.42478
2.53019
1.73641
1.68014
-0.680337
2.10749
-1.08455
1.26646
-0.619807
1.43934
2.90909
2.63879
2.18519
1.62017
0.842576
-1.16661
3.82034
0.750023
-1.30733
-2.14875
-0.534235
0.717127
0.510642
-0.318503
0.176506
0.674491
0.773479
-1.71613
0.414497
3.97365
0.0651018
-0.668544
1.64879
-1.26568
-1.21805
1.28127
-0.143955
2.32583
2.56954
0.275194
-0.379024
0.0272389
0.289857
-1.08504
1.20229
0.533324
0.843967
-1.46332
-0.0992597
1.44319
1.06979
-0.396143
1.26939
-0.454006
-1.21222
1.96398
-0.943434
1.81875
1.33349
1.03594
1.05601
0.683041
0.344094
-0.235542
-1.14
0.424645
-0.999456
0.424016
-0.490168
1.40904
0.570666
0.51206
1.57904
-0.311152
0.323326
2.13562
-0.721837
1.32027
0.0289717
2.30185
-2.61017
-0.0987874
1.60628
-1.53892
-0.926263
0.874288
0.897895
1.54408
0.00908939
-2.54053
1.31439
0.417505
-0.147698
2.49977
0.24043
0.29203
-0.142045
3.473
0.213916
-0.278276
-0.182286
-0.0413637
-0.184248
-0.581811
-0.0907049
1.34919
1.14423
-0.496801
0.00969221
1.23283
2.18272
0.202024
1.86312
0.941862
0.96721
3.16082
0.551944
-0.0967564
-1.12898
-1.74792
-4.42757
-0.316431
-0.724181
0.281442
1.29206
-0.241261
0.0372149
-1.88869
0.403843
1.0242
-0.745921
0.499058
-0.178746
0.254332
3.69049
1.22143
2.22799
2.19616
2.38257
1.46879
2.75462
-1.26881
0.838387
-0.68118
0.0845116
2.86928
-0.862334
0.341649
1.06447
1.3226
1.38032
1.91479
-0.942996
0.605767
0.288095
1.91438
1.47421
0.895534
1.09902
-0.000196829
0.879895
1.58849
3.23345
0.270147
2.08787
2.46597
1.75379
-1.29798
-0.889434
-0.297068
-0.933067
-1.99497
1.59635
1.14989
-0.535928
1.76775
1.04159
2.69428
-1.17233
1.78752
0.965141
0.286583
0.703943
0.388985
3.01515
-2.6136
2.49292
-0.321383
1.05159
-0.341903
1.60613
-0.00595345
-0.0157281
1.81029
-2.09077
1.15343
0.850061
1.01172
-1.76017
-1.29312
2.33997
0.826762
0.194711
2.18869
0.901016
-0.136125
-1.41384
-0.305083
3.41395
-0.688401
-0.595221
-1.83832
-2.05206
0.04265
-0.67592
-0.530085
-0.115373
1.79715
-0.526625
1.91297
-0.357231
0.281873
-0.106088
1.18722
-2.05914
-1.29643
-0.23925
1.47058
-2.41884
0.141554
-0.104266
1.48975
1.61661
0.310805
1.48989
0.680403
-0.0294177
-0.718873
0.0156048
-2.60043
-0.228769
1.12272
0.45839
1.04925
1.63359
1.18546
-0.904278
-0.670167
-1.72335
-0.999882
-0.212571
-1.91232
-0.109488
0.778152
0.0877292
-1.80007
0.681343
-1.09392
-0.473081
-0.152343
0.545746
-0.126424
-0.206127
1.45024
1.7098
3.09717
0.0128062
-1.67172
-0.973884
0.529047
0.0687577
-0.786513
-0.466389
-3.02009
0.393659
-0.144898
1.29832
1.97419
-0.14322
-0.689076
-1.8611
0.786181
1.00132
-0.185184
-0.746739
1.42091
0.688238
2.82828
-3.91878
4.23944
-0.480327
-0.878595
-0.726427
1.74898
-1.79475
2.86612
-1.37049
-1.3025
-1.18015
0.632456
1.57198
-0.443976
0.38074
-1.10466
3.56043
0.911282
0.463508
2.3724
3.96362
0.740184
1.99253
-1.23932
-1.57512
0.974439
-1.36478
3.85296
-0.464163
2.23905
0.61417
2.16194
0.70318
1.45589
-0.224746
2.31692
-0.550025
1.32113
-0.596597
1.7938
2.85655
1.57539
0.813811
3.12885
1.96288
3.45315
-0.528493
0.273823
-1.85359
-0.121625
0.254062
-0.354695
2.87758
1.80944
1.07086
0.249597
-0.743711
1.68249
0.78915
1.43029
1.80721
0.321056
0.79593
-0.353666
0.159294
-0.821641
-1.2566
-1.33149
-2.18236
0.249538
2.03635
0.853208
0.412858
-2.1626
-0.468752
-1.49477
-0.247927
0.987597
1.63583
0.86386
0.715144
-0.820634
0.47135
0.589092
1.23498
0.763953
1.5762
-2.00318
-0.437239
0.660559
1.41432
-2.26345
-0.100147
-3.1011
0.231563
1.77661
-1.32807
2.38846
1.02294
0.865448
1.44686
1.52599
-1.0026
1.56375
-2.19614
-1.28114
1.577
-3.52891
0.857456
-1.75364
-1.57097
0.477095
0.171119
-1.48643
-0.430172
-0.723783
-2.77718
-1.02981
1.25203
0.768876
0.83775
0.790003
-2.5905
1.0113
-0.516826
-0.410324
-1.00071
2.09593
0.0824642
-1.08543
1.3767
1.52245
0.591174
0.709267
1.7809
-0.0890967
-1.08877
0.94906
0.962209
1.69873
-0.489623
-1.34037
-0.471586
-2.20145
-3.15961
-0.599237
-0.676068
-1.79962
0.728761
0.773724
0.186853
2.35907
-1.54557
3.12422
0.325178
1.52109
-0.315918
0.406022
-1.04937
1.33587
2.55924
0.369879
1.77146
0.72491
1.12336
1.1628
0.447002
-0.516378
1.77008
0.868715
1.82158
1.89039
-0.952327
2.15103
-1.89588
0.619805
-1.02177
2.1099
0.258277
1.88553
0.504303
-1.66406
2.43441
0.892227
-0.411801
0.197294
3.74435
-0.109778
0.754358
0.677149
1.82904
0.372094
1.70651
2.67119
1.70211
-0.180041
2.25459
-0.576866
0.581054
0.488686
0.543926
0.566385
1.05508
0.361113
-0.448624
1.26393
0.805225
1.0164
2.28305
-0.0666088
2.26478
0.544223
0.965025
0.917189
-0.328456
2.06164
1.09468
-0.597158
1.02406
1.60826
3.58841
0.822489
2.67955
2.85668
1.48043
-0.363308
-0.925761
-0.567111
1.10052
2.35167
0.772297
-1.73166
-0.407985
0.277805
1.21061
0.780916
2.88353
-0.0544432
1.40824
-0.0616898
0.0202714
0.403087
0.602798
0.0279014
0.206332
-2.13415
1.50572
-0.705325
0.143358
1.14814
0.410077
1.46883
1.24303
-0.184172
1.85555
-2.4059
2.43033
1.00916
0.0573051
1.87135
0.677788
0.0539725
2.22001
0.121717
-2.25841
-1.55552
-1.19725
0.28923
0.515274
-3.56458
1.2979
0.916174
1.41367
0.010693
-1.86202
1.98412
1.62225
-2.17406
-0.345246
1.15675
0.0846983
1.13945
1.49204
0.718434
0.252763
0.80961
-0.0656184
2.03579
0.908151
0.0321369
0.478918
-1.16695
2.16021
0.733365
-0.653436
1.27461
2.10862
2.8382
2.18781
0.363861
-0.57157
-0.00645155
-1.09412
2.73892
2.25667
2.21968
2.84034
-2.35295
1.33008
2.76827
1.145
1.07909
0.459299
-0.0144841
0.29023
0.528412
3.22458
0.137882
-1.06262
-1.31382
1.98096
-1.19294
0.211998
0.901116
-0.410539
-0.661186
1.11057
1.25022
-1.10265
0.822882
0.275679
3.06244
-0.598426
0.494792
-0.34199
0.69629
0.678897
0.175672
-0.826853
2.34778
1.17662
-1.06764
0.300528
0.667926
2.38266
2.69851
0.584426
-2.37722
2.31166
0.0254486
0.942988
-0.458544
-0.333141
-0.863894
0.00327961
0.71802
2.05975
-0.437701
-0.427419
1.70034
0.494338
1.33645
0.470998
0.627339
-0.520057
0.464355
2.08505
-0.148279
1.16997
0.871845
1.58932
-0.190729
-1.53276
0.0300874
-1.16922
0.58521
-2.55147
-0.637804
0.688508
-1.23314
-0.518998
2.0966
-0.158583
0.283302
2.30554
1.75733
-1.85987
-0.623165
-2.13117
-0.921825
0.633165
3.29397
2.1024
0.673224
2.5337
0.287788
2.31101
-0.996644
1.26711
0.111004
0.702846
2.87228
0.573294
-1.15862
0.951245
2.44608
-0.160204
2.66813
1.06995
0.852293
0.188728
0.539319
2.8034
0.774311
2.98639
2.78437
1.51068
3.76918
0.755145
1.25391
3.18291
0.808256
0.92829
0.488591
0.345448
2.66427
2.40367
1.03069
-0.792007
-0.655782
0.805107
0.023913
2.36221
-1.48281
-1.49005
1.33483
1.49392
0.220422
-0.595716
1.60691
1.75704
1.00554
0.475565
2.3806
0.590248
-1.49037
0.670429
-0.733424
0.355193
-0.484628
-1.14391
0.619939
1.62269
-0.896099
1.23344
0.515331
-1.02262
1.83975
-0.584886
1.75191
4.07671
0.600597
1.32973
-1.10767
1.62318
1.19512
2.04453
0.573286
0.98573
1.97807
1.31564
0.00787239
-1.63486
-1.12915
0.933718
2.78865
2.06836
0.0818108
0.177767
2.0191
-0.37084
0.180807
-0.312746
1.08579
0.363804
1.62825
1.08754
-0.219105
-1.12143
-0.65493
-0.350698
1.642
-0.0734418
0.104121
0.7356
0.331033
1.87971
-0.137277
2.56385
-0.299728
0.502955
0.349008
1.46506
1.51348
1.49402
1.53654
0.143626
2.25408
0.103352
-0.630609
-0.854022
0.0984878
0.252082
1.58883
1.00595
-1.67002
1.50093
1.31291
0.499702
1.98331
0.322073
0.1422
2.75618
0.0457664
-0.909128
3.49437
1.28054
1.97304
2.68445
-1.67955
0.647459
1.02306
2.5767
-0.637459
-1.45196
-0.434759
0.749856
-0.527194
0.539129
-0.817912
1.33961
0.869698
1.0414
1.28789
2.56768
0.919536
4.7175
-0.0775323
1.15484
-2.11459
-0.904881
2.77427
2.48367
0.459025
0.964489
3.34088
1.68011
0.0774431
1.5774
1.82044
1.66641
1.37482
1.12714
0.232096
0.853509
2.01031
1.59368
-0.800991
2.66299
0.61997
2.2331
-0.0248126
0.0194846
1.37833
-0.287309
-1.96496
1.23644
0.797579
0.366604
0.960827
0.995389
0.704049
-0.167842
0.94932
-0.83255
0.321589
2.22377
-0.19713
-0.801244
1.01391
0.566906
-0.330551
1.20401
-0.77464
-0.064773
3.29568
-1.93957
-0.336588
-1.50429
0.63961
-0.793682
-0.217741
-0.314109
0.139768
1.29125
0.666616
0.515171
1.78897
0.519411
-0.239177
-0.814609
0.560914
-0.159947
-1.16737
1.54514
-0.13343
0.409526
2.86153
0.690113
1.67612
1.30756
0.138417
1.3978
-1.42328
1.61896
1.59432
2.63637
1.46541
-3.502
0.55742
2.37785
0.704146
2.71769
-1.11349
0.024256
-0.872671
-1.43962
1.0667
2.81061
-1.54411
1.85367
0.880038
0.243437
-2.99786
0.61793
1.168
-1.62409
0.0582843
-1.36223
-1.2483
0.284128
-0.701959
2.58363
-1.09853
0.635735
1.69893
2.56235
0.880095
1.74682
0.0365157
1.7389
-1.35749
1.19922
0.629945
1.04596
-0.0651384
1.64995
1.52151
0.199172
-0.730132
-0.664195
-1.51681
-0.885367
-3.51824
1.73645
0.56053
0.431132
-1.1135
1.13769
0.11543
2.04114
-0.796739
2.04919
0.538839
1.64853
3.86055
1.30522
1.55669
2.62619
1.23975
1.71083
2.27043
-3.37564
-0.278599
-1.27918
1.3899
0.112033
1.2593
1.4714
1.57515
3.25082
2.68692
1.20249
0.788726
1.58586
-1.50531
-0.234584
1.4189
-0.755847
1.5984
0.731563
-2.06303
1.20039
-0.691877
0.401537
0.772173
-0.2627
0.17169
1.05024
0.929901
0.634626
3.00123
0.171479
-0.97202
0.731486
2.10236
2.18994
0.336796
1.22316
0.615821
-1.27119
2.02434
1.15074
1.16766
1.66076
-0.156027
0.773889
0.984279
-2.20534
1.94133
0.661692
0.994289
2.20542
0.160179
0.795631
1.07677
1.84803
-1.11432
1.28148
1.2437
-1.5223
1.33123
0.330715
-0.395365
-0.546582
1.35561
0.906896
0.144832
2.12069
1.64752
1.96293
0.643812
2.86788
0.0789671
2.19535
1.86452
-0.730204
0.763983
0.0980225
0.98677
0.00427736
0.976788
1.90748
-0.941046
0.234586
1.3406
1.78815
0.318224
0.127431
0.45964
0.431209
1.33383
-0.0732455
0.705492
0.776298
1.32509
2.24873
0.409282
2.52834
1.88033
2.16456
0.543277
1.30583
-1.66541
1.30385
1.33147
1.96385
2.48645
2.09993
-0.947086
-1.60192
-0.467177
1.2254
3.85968
2.22676
-1.3523
2.158
0.506316
-0.0207031
-0.00997717
3.9519
0.244226
-0.246766
-0.407824
-2.3072
2.1041
-0.792424
0.850177
-1.34482
0.192452
2.06762
-0.552123
-1.21147
1.21722
-0.979982
4.09557
-0.431352
0.460508
-0.599162
1.15046
1.3317
2.00515
0.435774
-0.289563
0.913208
1.1303
-0.611797
0.702654
-0.323412
1.13138
1.10698
0.940228
-2.21976
-0.787426
-1.32424
-1.006
0.99355
0.0862958
0.528589
0.560641
-2.08852
1.90374
-0.0942322
1.41179
1.03365
-3.20219
3.48732
-2.02812
0.391594
1.93137
-0.258675
1.97229
2.04823
-0.676362
0.721429
1.21358
0.0819846
-2.11804
1.06078
2.75081
-1.13048
1.75575
-0.917
1.31593
3.23728
0.224535
0.70096
1.38218
0.769574
0.471386
-2.20604
0.530855
0.110447
0.456986
1.63722
2.95808
-0.0883837
0.601108
1.21222
0.342492
2.46529
-2.18419
2.15084
-1.32777
1.39231
1.92355
1.14095
-2.68091
-1.5202
0.486453
-0.90755
-1.15493
0.933296
1.80417
1.42757
2.56018
1.59521
1.4426
1.90484
-1.09062
0.642776
0.257243
-0.67149
2.13888
-1.87809
-0.94879
-0.063897
0.964481
2.10587
-1.92289
-0.439997
-0.111268
-1.39718
1.09638
1.29284
2.70064
1.98988
-0.625816
0.485413
-1.4059
1.75217
0.0047998
1.63975
1.47887
0.685197
-0.660222
1.27864
1.56058
1.73578
-1.90451
-1.50529
0.733711
-0.159018
3.24323
-0.913956
-1.0415
1.91357
-0.418128
1.33977
2.10171
-0.284041
3.04324
-0.856496
0.884695
2.12224
-1.58705
0.152642
0.0545212
0.497491
0.59787
-0.869565
-0.771143
-2.30977
-0.484219
2.64914
2.58593
0.704113
1.30771
-2.44121
0.965361
-0.305008
1.7788
0.607263
1.37328
1.87684
-2.42934
-0.112782
0.208236
-0.664933
0.43645
1.75344
0.171234
-0.857326
-2.24275
-0.128669
