-0.419419
-0.137441
0.216385
0.623012
0.613556
0.473912
0.19668
0.414837
0.529285
0.557772
0.457235
0.282588
0.252239
0.132658
-0.121541
-0.117909
-0.107446
0.160577
0.186412
0.129799
-0.0461375
-0.242635
-0.624831
-0.427942
-0.701246
-0.253997
-0.572776
-0.505322
-0.664173
-0.938418
-1.08886
-0.866763
-0.800134
-0.848386
-1.04433
-1.11202
-0.796053
-1.02523
-1.00778
-1.05122
-0.694541
-0.777022
-0.837599
-0.844456
-0.639084
-0.780927
-0.265276
-0.191611
-0.562588
-0.263242
-0.247668
-0.0771821
-0.263376
-0.0470229
0.459581
0.591903
0.395421
0.611262
0.726994
0.659637
0.984179
0.833277
0.861336
0.757
0.650989
1.13054
1.22911
1.09434
1.04293
0.6525
0.481654
0.337348
0.359383
0.389586
0.29019
0.068547
0.0534444
-0.165308
0.0114018
-0.0202609
0.228755
0.131022
0.0318475
0.0626975
-0.0838062
-0.179167
-0.280324
0.0909778
0.371974
0.39805
0.611748
0.709095
1.03479
1.03945
0.680308
0.560208
0.307523
0.480047
0.308119
0.641874
0.607515
0.729668
0.628054
0.53266
1.08781
1.00189
0.706136
0.449021
0.636111
0.55388
0.592789
0.713946
0.702973
0.633461
0.885361
0.89121
0.803609
0.475757
0.471778
0.44945
0.151653
0.387286
0.62949
0.59365
0.650702
0.485691
0.0413108
-0.265933
-0.453916
-0.391941
-0.720568
-0.676154
-0.93263
-0.97518
-1.28606
-1.03599
-0.691428
-0.456632
-0.52095
-0.441598
