1.19844
0.961579
0.704066
0.768328
0.712594
0.420445
0.540826
0.685426
0.807757
0.7059
0.587012
0.579261
0.497708
0.542245
0.953047
0.92767
1.03725
1.19048
1.06893
1.0514
0.688743
0.607276
0.725128
0.698517
0.221022
0.196886
-0.024046
-0.507719
-0.238261
-0.0324734
0.0237723
-0.228387
0.0810787
-0.144392
-0.436661
-0.167775
-0.579936
-0.213709
0.216533
-0.187429
-0.593077
-0.848039
-0.713432
-0.681464
-0.994596
-1.08262
-1.2063
-1.23104
-1.19172
-1.33356
-0.679472
-0.859179
-0.838567
-0.790929
-0.353151
-0.374743
0.118628
0.330348
0.459312
0.895489
0.931961
0.688949
0.777474
0.56671
0.402893
0.290586
0.231209
0.49718
0.913701
0.60041
0.840464
0.644009
0.562223
0.996436
0.85954
0.97859
0.648488
0.419657
0.268798
0.494892
0.900053
1.30232
1.12892
0.855481
0.731507
0.740194
0.947456
1.40562
1.2299
1.29242
0.857627
0.941164
0.361281
0.361626
0.209295
0.130928
0.377467
0.376295
0.504149
0.839117
