0.544817
-2.54828
-1.15414
-0.517027
-1.74295
2.47873
0.551205
-2.31786
0.779942
0.332386
1.17201
-1.24058
-0.730375
-0.550105
2.88808
-3.89235
0.840017
-1.0411
3.84996
1.26842
2.59801
1.57818
0.18961
3.33314
-2.42733
-1.36989
2.30148
2.81912
0.118965
-0.731262
1.47505
2.35756
3.01771
-0.381014
4.22747
-0.412014
2.5853
-0.239992
1.85863
0.222086
1.17904
1.46065
2.65263
-2.04402
-0.559509
4.25368
-2.32388
2.21166
-0.223598
1.97318
3.62116
2.03355
1.21955
3.71131
-1.13368
-2.27203
2.89016
1.77064
-3.3388
-0.749473
0.882742
2.61438
2.17812
-1.67268
-0.925724
1.81007
-1.71791
-3.19431
1.72592
2.10244
-0.862459
-1.50099
-0.964872
-0.635246
3.52021
-1.10118
1.71245
2.27681
1.81567
-1.05193
0.337883
-1.92649
-1.78487
-0.231511
0.876465
1.59743
2.24958
-1.27636
4.57991
1.91738
-1.13944
1.77453
2.36874
0.638163
-2.83118
-2.6973
-0.331483
-1.01941
-1.11995
1.0768
-0.0772471
-1.06421
-3.29645
-2.05317
5.78107
-0.0046271
0.722478
-0.0103301
-2.51021
-0.842011
3.12777
2.40857
-1.1458
-0.478547
-0.432332
1.77215
0.686922
3.59151
0.147504
0.377067
-0.279944
0.356309
-1.92602
-0.128875
-0.445937
0.0464611
1.5533
-0.634997
-1.34736
2.66859
2.44354
-2.40254
1.12692
-0.866523
-2.38448
-2.10495
1.59033
1.62785
-3.48377
-1.38275
-3.82964
1.71611
-0.801509
-0.331831
-2.21024
0.350601
1.95445
-0.676274
-0.145799
1.30047
2.96566
-0.0897114
0.847173
2.24184
-0.124093
1.59809
-3.32194
-1.48617
0.844196
-0.147273
4.12135
-2.68163
0.755663
2.36201
1.91144
-0.880925
-0.657377
2.51511
-0.695501
-2.21041
0.27448
-0.162686
-4.70667
0.36906
0.764075
-0.973673
2.56426
-0.409226
3.66081
-1.7985
-0.363381
2.9802
0.790057
1.32839
-2.00505
0.992464
3.1852
-1.01302
0.622173
-2.1993
-1.67476
2.1134
-1.64721
3.1445
0.674908
-0.256113
0.903248
3.10324
3.54202
3.50202
3.59909
1.0795
2.84527
0.649277
-0.388667
-0.749401
-1.71615
-3.60435
1.5565
-2.52699
1.8171
-1.27525
0.699895
-2.54074
0.986157
1.40364
-0.0685216
2.56605
2.41789
0.317231
0.98174
1.33546
-3.20352
1.78919
2.98825
4.74457
3.32884
-2.50603
2.41815
-1.10178
2.69377
-0.886813
-3.00192
-2.9475
1.25208
0.285519
-1.53754
-0.0260766
-1.72282
-1.49156
3.05605
-4.93651
1.22747
1.41391
-1.92774
-0.456983
3.49461
0.812783
2.29107
2.70144
-1.89976
-1.65245
0.191621
1.96958
0.782294
-1.09616
-0.342956
-0.958022
3.71272
3.65939
-0.541672
-0.136991
0.741269
-0.424636
-1.77324
3.50739
5.00137
4.09341
1.13255
3.51395
1.3096
2.73999
3.8903
1.36241
-3.1353
2.81335
-2.30537
-0.0419499
-2.53224
2.16571
0.567105
-1.39891
0.162041
0.810339
1.31469
-1.97287
2.99223
1.1558
1.91403
-0.33928
0.321749
-1.10653
1.14134
1.19353
-0.0885802
2.70959
5.18752
1.14931
1.15354
3.48488
-1.49937
-0.289097
1.03771
0.481466
-0.0454786
5.45299
0.458063
2.2764
0.61469
-2.82831
2.39451
-0.895092
-1.50866
1.73552
1.54617
3.62206
-0.741413
-1.6736
1.19895
1.11937
3.212
-3.66223
-1.56771
2.66915
0.573997
2.37353
-0.649931
-2.84672
0.776034
2.10476
2.90507
-0.163633
2.69684
1.20275
-3.91484
-2.40244
-0.171021
-2.32687
-0.763988
3.15904
1.43443
-0.143128
-0.140047
2.37356
-1.62924
-1.29717
2.58469
-1.87689
0.0713309
-1.4743
-0.247014
-0.240279
-0.329844
1.54107
-1.64199
-0.309507
-0.498036
-2.06393
-0.370902
3.15209
-0.357081
1.47165
-1.18596
-0.208106
1.48286
1.42936
-2.5003
-0.626972
-2.03235
0.811883
-0.475648
0.0498826
0.42143
-1.84412
4.55359
-0.569471
2.57413
1.10972
2.35236
1.32131
-0.157799
0.821851
0.616903
-2.61939
-0.188783
4.08327
0.24477
1.93355
-0.991082
-0.907399
0.198228
-1.28305
1.0176
-1.65958
-1.11637
0.890198
3.91765
-1.18257
-0.815016
1.42322
-0.81121
1.69869
0.0601207
-0.914878
-1.75152
1.57441
1.1751
0.774024
-0.825828
-0.900671
1.56408
-1.49173
-0.732919
2.36329
-0.195257
0.550728
1.80445
0.0972907
2.91082
3.30929
1.6548
1.52972
1.3519
-2.93852
1.49797
0.61039
2.942
2.20179
2.49953
0.317369
2.26101
-0.0290459
-3.15874
-1.90152
2.95897
0.0875297
2.38675
0.441795
2.6845
1.92874
-3.16561
2.07065
3.03445
2.4586
-0.151697
-0.372789
3.35163
5.79107
1.24479
0.764461
-1.71626
3.47972
2.08287
1.24465
0.543118
1.1747
3.06369
-1.60259
-1.31537
-0.534912
-0.675493
2.79138
0.759885
2.34718
4.84304
0.765714
2.18807
-0.25312
1.74151
0.854741
1.85499
-1.76454
-0.924277
-0.908763
0.0123723
3.17194
0.267626
-2.10638
0.764533
1.99206
0.407798
2.42669
1.05999
1.02275
-2.56155
0.841822
1.13299
-0.873877
-2.56651
3.69908
1.67861
-0.826986
0.715723
-0.0524571
-0.484853
-2.68747
1.93078
2.19695
-0.545127
-0.820891
0.260533
-1.0569
1.15428
-0.505602
1.64856
2.03549
-1.07855
2.01681
0.572942
0.599383
1.13327
2.03673
0.161625
-1.03117
2.1299
-1.7313
-0.876447
-3.47466
3.67839
1.4701
2.18008
2.20367
-0.375925
-3.42283
-0.822955
1.82059
0.563985
-1.24945
1.34479
4.04036
0.448786
1.40389
1.64078
3.09545
3.81035
1.25049
0.631877
0.635044
0.773037
-2.0075
-1.51877
-1.98133
0.965124
-0.690606
-1.26153
1.9289
-1.95726
1.23377
-0.328097
1.37133
-0.613752
1.90888
0.174854
-0.986451
3.35849
2.62365
-1.18761
0.607032
-0.9994
1.07179
1.11756
1.80778
3.11597
1.23081
-2.00402
1.06638
1.82197
0.871273
-2.6066
1.22832
-0.484242
-0.852238
0.278638
2.85529
-0.408931
-0.248799
-1.61171
0.33151
-0.931741
-3.62627
-2.34448
-4.29883
-2.69648
-1.55724
1.03712
1.69197
2.89133
-1.15598
0.319557
-1.10394
-1.45787
-1.2136
-2.49106
-0.763472
-0.0523811
-0.0587149
-1.54001
-2.59028
-0.607415
-1.64103
-0.744484
-1.77623
-0.825561
1.21739
-1.23293
-0.611707
-0.856219
2.05876
0.30788
-0.69118
-0.467205
1.05554
1.25877
2.1735
0.508818
2.48123
4.18285
0.752892
2.32653
-1.28757
-1.63985
2.59247
-0.463005
-1.45962
-1.56678
0.981934
0.83985
3.4381
0.660471
-0.172914
-0.653168
-5.38114
0.29412
2.01789
-0.0603663
3.11398
0.176629
-0.154783
0.0703956
0.360796
1.9727
1.36578
-0.993143
2.12955
1.42273
2.30171
-0.338299
3.50379
3.6329
-6.75706
1.07766
-1.04786
3.18477
-1.10541
2.72692
0.294254
1.2112
1.81967
2.29782
-1.32382
1.42562
-5.13148
1.37331
1.49246
2.69081
0.0601878
2.61389
1.5194
1.29645
-0.345736
-0.739867
-2.05364
0.274697
4.1945
2.19621
-4.62103
-0.14142
4.11186
0.364707
-1.26473
-1.41363
-0.646542
0.422095
2.17712
1.90373
-1.50421
1.0342
-0.470606
1.50129
2.14942
0.0556935
3.06832
0.925954
-0.585569
2.7613
4.39881
-0.504755
0.0700719
-2.9837
2.16197
1.51323
-1.32572
-1.60732
0.554099
-2.25376
-2.16052
-0.944426
2.31499
2.56029
1.19272
1.89256
-1.78037
0.376542
-4.13574
-0.761042
3.71983
0.00144832
-0.836101
-1.82066
2.37138
5.47929
-0.367415
-2.41627
-0.0396026
0.538111
0.725633
-0.773289
0.898779
-0.626381
-0.573744
0.386159
1.02152
-0.981312
3.96629
3.37532
0.843042
0.6362
-2.93065
3.53285
1.38358
1.27295
4.41706
1.15162
1.75358
1.46722
0.893851
1.49988
-0.519616
0.819455
5.58922
4.3765
0.32278
2.24354
-0.600506
0.868852
-2.57434
-2.54083
5.74794
2.30406
1.84223
0.246777
-0.674946
0.601821
2.38286
1.48466
-1.34254
0.417676
-2.17718
3.10137
1.24092
-1.30501
-2.0524
-1.69991
-2.20384
1.09257
-0.448534
0.161804
1.43329
1.09046
0.475623
3.66092
-0.537083
0.0181409
1.96115
2.42715
-1.83996
-3.22005
1.97249
1.57311
-0.198731
-0.947352
-2.18367
1.84189
1.14534
-0.331159
-0.713274
-1.14476
-1.49079
2.12539
3.66302
-2.84806
-3.01047
0.971181
-0.914709
1.04
0.755533
-1.59309
2.21018
2.39153
-0.483445
-2.57022
-4.054
-2.42278
2.52882
2.00149
3.03359
0.520694
-2.06605
-2.18999
1.9399
0.85452
-0.801912
1.68933
-1.49241
3.53964
-1.02758
3.82569
-0.987065
-7.18193
3.60336
-0.533707
3.0413
0.0260395
0.735025
0.166852
2.54151
-3.55747
0.627508
-2.75559
0.790414
-1.24682
-0.495244
1.23649
3.91778
2.47223
1.34738
-2.81841
1.76446
-0.135634
-0.510521
0.250956
0.349869
4.10137
1.17276
-1.47868
3.87448
0.3428
5.38847
-1.96701
-3.96415
1.4815
0.734952
-0.287742
0.111666
-0.979105
1.63134
2.76996
2.97029
1.2377
0.54081
-3.50837
-1.57199
2.50036
-0.123037
0.135388
0.428008
2.50474
0.369064
2.97702
-2.30205
0.715844
1.80798
1.15333
-4.48744
0.880062
1.17749
-1.40854
-2.15749
-1.59683
-5.28386
5.28353
-1.3985
-0.287839
-0.144484
2.4313
-1.1924
1.78354
0.19123
-0.827827
2.26147
-0.636674
5.25039
-0.283541
-0.891529
-1.20157
-3.25064
2.35836
-1.07035
0.50505
0.116391
-6.15145
-0.00940921
-1.02155
3.41754
3.1541
0.663853
-3.09333
0.445777
-0.749655
-1.89992
1.45301
-0.214884
-0.363939
0.59149
-1.12199
0.295955
1.11018
0.487028
-0.168931
0.645785
0.0533126
2.12804
-0.831966
-2.75682
1.19725
1.31502
0.520228
-0.12219
1.50079
-0.488369
4.17559
3.2458
0.175176
-0.324409
3.64224
-0.0928761
1.5949
-0.538603
-2.11617
4.07949
-0.7002
-0.808355
0.143132
3.0082
1.23429
-2.01029
-2.25572
-3.29607
0.755244
-0.862153
1.46238
0.806252
1.85034
2.77608
-0.0450908
0.0430009
0.473153
0.0711006
-1.05104
1.21889
-1.696
-2.59929
3.80697
-0.0577779
-0.923915
1.87121
2.22086
0.452512
2.29411
3.89565
-1.22191
-2.6849
0.22542
0.137712
-0.327138
1.80284
1.89447
-0.520171
-2.21933
-4.37566
-1.33187
-3.28431
1.24192
1.96427
-0.844253
-0.930716
0.321862
2.7748
-3.01605
0.111176
1.31631
-1.52413
-3.07677
-1.167
-0.491767
1.98196
-1.68751
3.22434
4.53302
-0.878694
1.27712
2.6605
1.39034
1.2838
4.09325
3.40821
0.962785
2.3625
0.867824
3.78202
2.18546
1.04035
-0.571083
2.25644
1.60987
5.28334
3.24563
3.4789
3.34528
3.13132
0.934125
0.851861
-3.18157
-0.201473
0.107906
0.798689
3.71468
0.812008
2.82791
1.92761
-2.37335
2.77126
0.55205
-1.05897
1.36938
-0.238744
1.86606
1.6269
0.81382
-0.198516
4.24711
4.58596
0.977376
-3.40141
2.65651
0.164153
2.28139
-0.439143
2.0103
4.09771
-0.266857
0.298727
-1.63195
3.13802
-3.7888
0.807634
-0.797741
0.527607
-1.59871
-0.953384
3.21475
1.66898
2.37308
1.99089
3.37244
-3.76599
0.0527769
3.49708
-2.06153
0.674416
0.432138
-2.87472
2.18325
0.606167
1.64637
-0.353128
-0.275593
2.59745
1.15437
2.96931
0.0944602
2.03539
5.33657
2.94464
7.96225
-0.444861
0.848602
2.32152
-0.314164
2.79594
2.02133
0.12718
3.42023
-0.976505
-0.211483
-0.490531
2.5845
3.19986
-3.77499
-0.252494
1.39135
-3.3087
1.34439
-1.77395
-0.275979
-1.14918
-0.170501
1.60305
1.4698
0.0680804
1.29905
0.215527
-1.66682
-0.833815
-0.336213
-0.92465
-0.28491
-0.637517
-0.492943
2.84278
1.51003
-1.11928
-0.956856
-0.638211
2.71971
-1.12363
-0.768677
-0.598689
2.12459
0.446555
1.23026
3.51458
-1.78298
-1.51895
-4.62354
-3.07469
-3.4594
-0.702833
0.880338
1.94083
1.51079
2.07896
2.32024
0.540845
-0.524688
4.04613
4.65183
0.502141
2.56619
-0.685605
-0.0432624
2.80978
-0.205982
1.36395
-1.42079
0.665755
1.48632
2.48958
4.88488
0.658609
1.85149
1.74401
0.988634
3.59694
0.456094
2.72477
-0.00784617
2.48841
5.37829
-2.22599
3.57955
1.92163
0.885111
-3.39191
1.3561
1.94561
1.18496
2.74845
1.20262
-1.15952
3.35578
1.09167
-1.83198
3.37724
0.0227599
-0.871008
1.26896
0.993259
1.42633
-1.27928
0.385042
-2.18643
0.650186
3.3138
-1.41187
2.94127
-1.95324
3.2028
-1.28142
-0.830223
0.854919
-0.584402
-1.10517
2.39655
2.1747
3.91855
0.593318
-5.79511
1.98138
1.73533
2.27619
3.23842
0.974088
-2.84919
0.226179
2.52984
2.30171
0.361027
-0.294995
-0.0398287
-0.990933
0.694937
0.511877
-0.124975
-0.914875
-0.721237
-1.48932
2.33201
-2.77823
0.801382
1.59685
-0.704523
-0.403155
-3.45851
0.457913
1.03797
-1.45832
-0.374113
-3.47792
0.473686
1.54337
-1.31044
-0.622928
-0.532427
0.965829
0.892432
-0.0937298
1.08928
0.71645
3.25954
-1.65109
-5.97595
0.289591
-1.2619
-0.729612
-0.947034
0.658653
1.86102
-0.469063
-3.63371
-4.58905
-0.617265
3.55759
4.35668
-2.37179
-2.09507
0.977864
4.32831
1.8016
-1.32747
0.92556
-5.47426
0.429816
1.15652
0.442637
1.33365
-0.192135
-2.39174
0.638161
1.84272
0.311941
-2.60486
-0.169111
0.630017
-2.11125
1.11833
0.956401
-4.95457
3.46229
0.843105
-3.97166
0.0216713
-0.350511
0.284918
1.14107
3.8697
-0.970083
1.63834
3.64272
-3.69369
-4.96938
-0.385001
0.514059
0.928811
3.96956
-1.44386
0.771194
-2.12788
1.18547
0.698725
3.23792
0.598209
0.375276
-3.96498
-0.463524
-2.77449
-2.25093
0.127967
0.759208
2.23502
1.63537
0.100379
2.40295
-0.799487
2.39478
2.7953
-1.81362
-1.04053
1.0776
-1.99647
-1.27701
3.0896
1.59251
3.11325
1.57026
1.08908
2.64653
0.621583
-2.52309
0.0741769
-1.09512
-0.54589
-1.71466
-2.3165
0.00629166
-0.731323
0.925519
0.83801
1.1378
1.93734
3.77629
-2.73714
-1.61963
3.08817
-2.10006
3.8394
-2.02807
-0.10989
-1.22476
-3.52851
1.24147
2.14055
0.531701
-4.0701
2.79697
-3.22302
-1.0883
2.14461
-6.05827
1.92991
-0.243619
0.694422
-0.629088
0.618952
-2.47702
-1.54619
-2.7682
2.19459
5.28244
-1.45639
0.381406
1.54246
1.743
-0.0983305
-2.61301
-3.40524
-2.2393
-0.892224
0.441468
0.162738
0.748166
-0.569899
-1.2986
1.63497
2.49031
0.930856
2.72737
1.3819
3.36481
2.80933
2.53797
-1.27871
-1.01196
1.46157
0.962401
2.09187
1.02746
-0.0413819
0.0592423
0.636549
1.4652
2.74818
-2.78646
-0.684889
-1.69772
3.7079
1.8006
-0.250085
-1.41048
-1.22088
-1.0274
0.150381
-1.49294
3.67304
-0.0187678
3.4812
0.807078
0.693765
5.61848
3.11798
2.60792
2.88237
2.69935
0.278321
-1.23333
-2.41315
-0.4913
1.76818
-0.920738
0.645384
-1.20857
-3.36894
0.508447
-1.03449
-1.57817
-1.705
-1.61722
-6.07128
1.27598
0.333555
-2.53178
-0.847702
1.53764
1.58558
-1.43896
4.34312
-1.52791
-2.01313
0.815162
1.00607
0.975823
3.32328
1.735
0.687155
0.0335942
1.27366
0.344632
1.17882
0.694323
1.78577
2.27236
-3.00468
1.70926
1.1439
1.16744
1.92788
1.94214
2.03433
-0.0834367
0.149546
1.38861
-0.83201
0.16972
-0.474157
1.92096
0.998075
-1.25708
-3.3932
-2.01391
-0.442328
-0.920187
1.73478
1.79089
2.08974
0.298247
2.25445
1.11758
-0.180953
-2.41594
-1.13595
1.49259
-0.349526
-4.09257
1.57471
2.94518
2.6326
1.30734
-1.85627
1.45404
-0.52237
1.28403
3.19968
1.20485
-3.60097
2.7256
2.28681
-2.28467
1.89705
-0.742096
-2.327
1.97683
0.97237
1.73879
0.236078
-0.548988
3.75533
1.12321
2.46535
3.72835
2.54365
-0.170962
3.82289
-2.11046
-2.79527
0.351534
0.276006
1.02933
4.13128
-0.0587264
0.825585
-2.37737
-3.03542
0.40637
-2.59105
-3.35521
1.04073
-0.350949
1.8032
2.79688
-0.998645
2.53368
1.91583
1.20716
-0.592833
3.04714
2.18377
1.48019
4.21875
0.595986
2.25874
-2.8872
-2.22801
-0.314473
-1.32261
0.444807
1.20016
-0.23793
-4.71521
1.93974
1.47874
3.45686
0.305587
-1.07089
0.119794
-1.09551
1.68944
-3.54954
0.53856
-0.408583
-0.786353
0.590245
-0.911241
-1.36853
-4.99595
2.05804
-1.4353
4.95679
2.12749
0.369181
-1.18642
-2.55112
-4.04312
-2.56855
-2.36519
-0.926005
-0.909943
0.884264
1.78428
-0.811043
-1.12928
-0.59487
-1.23623
1.02535
-0.0631699
0.916725
0.904926
-0.355613
-4.06208
1.37838
-0.970096
0.999163
1.15341
-2.39343
0.673513
0.914518
1.38863
1.93947
3.47477
1.12729
2.43154
1.95042
1.8219
1.63279
-0.191464
-0.26997
2.15189
3.38776
2.27044
-0.663252
-2.39342
1.21655
-0.198066
2.90521
-1.06524
-1.38956
-2.97252
0.106737
0.597909
1.45797
-1.43333
0.908377
-2.07132
0.634956
-2.44674
4.28049
1.44627
1.58473
-0.498844
1.17106
-1.06593
-2.75476
0.150815
-0.47963
0.35812
-1.23808
-1.97994
1.47253
-0.691311
-0.74176
-1.56527
1.39231
-0.303769
1.90809
1.10248
0.357769
0.383167
5.0652
0.899786
0.610208
-0.259157
2.32486
-1.39835
-2.77567
-1.57203
-1.4646
2.30502
-0.883169
-0.162014
0.290976
1.0099
-0.702838
-1.95366
-0.359876
5.81855
-2.49702
0.0567823
3.02845
0.464776
-0.356935
1.89993
0.71231
0.441013
2.486
2.33816
0.822298
0.735816
1.58564
-0.749242
-0.194828
-3.06583
-2.6798
-2.96594
-0.403734
-1.75576
2.64154
-1.89553
0.898192
-1.37876
-0.880089
2.12632
0.275923
0.512158
-1.50415
0.200492
-4.13977
0.363007
-1.09212
5.97871
4.1493
0.374442
1.37491
5.67444
1.83257
0.486264
2.26376
-3.68011
-2.49608
-1.24718
3.74522
0.905798
1.68594
1.84299
0.425236
1.6778
-2.91729
0.529868
-0.673197
3.53391
2.38785
0.600791
1.30451
-1.27715
-0.323566
-1.47466
0.780959
2.374
-1.46942
2.45016
3.38413
5.80881
1.4837
1.40201
-1.78891
0.9977
1.63274
-1.35294
-2.07929
2.40647
0.470055
-1.70125
0.437112
0.130167
-0.778201
-4.38936
0.43343
-2.40109
1.79383
0.895623
-0.700435
-0.779631
-2.91101
-2.2199
2.06415
-3.325
-0.770907
-0.228799
-0.385051
0.504753
0.59822
-0.359598
-3.49139
0.164882
0.131072
-3.27153
3.99131
3.36775
-1.44708
1.36593
-2.91237
-0.188813
1.85422
-2.02643
-0.731008
-0.519086
-1.71949
1.58517
0.205216
-3.5193
2.6152
0.689122
3.12983
-3.8805
0.954719
1.55326
0.0763956
-0.0921961
0.774454
-0.386611
5.64212
0.153888
-0.667851
-1.18496
-2.33566
0.505935
4.46862
2.69496
-0.333461
0.195795
3.27627
4.59826
-2.52183
2.48835
2.30726
-2.0781
2.39061
3.36902
-3.36669
4.03984
-0.59536
-1.22904
2.02895
4.24181
-5.56669
1.72541
5.26326
-0.150145
-0.817129
1.59058
1.21557
-0.179395
0.123003
3.65124
2.0859
-1.17843
0.334515
3.74206
1.41565
1.90994
1.16554
2.26301
-1.23881
1.14172
-2.79288
0.784109
0.846044
-0.329689
1.15636
4.2549
-0.610783
-0.0694338
0.185974
1.91509
1.14636
-1.0953
-1.35197
-0.697068
-1.23517
2.91561
-0.516259
1.46834
0.929309
1.03878
2.30484
0.00323196
1.65929
0.370729
-2.40112
0.195278
1.33583
0.0201557
0.425133
4.35716
1.65161
1.20876
2.06884
1.0849
-3.35603
3.41762
0.786961
0.405345
1.38584
-0.135046
-1.29869
1.03691
-0.608729
-0.615863
3.32192
3.09018
1.0775
2.71792
-0.655688
1.82822
-0.255497
-0.571131
-0.151238
-0.53526
1.51457
-0.521292
-0.385884
-0.729426
-4.47915
-0.619742
0.229946
2.29917
2.54342
-2.74085
3.14046
-1.1161
-2.27905
0.470984
0.700587
2.1604
4.98506
1.04285
0.547397
3.01821
0.113062
0.988664
-2.93006
-1.29341
-0.921367
-4.03687
1.3724
3.75117
-2.63313
0.504352
0.524866
2.16011
-2.14486
0.564333
3.20474
4.26864
0.63462
-0.0311647
3.53435
1.32233
-0.585858
0.133333
-0.323408
1.98505
-0.945499
0.0629855
-0.724793
0.255666
-2.55595
3.45982
0.463853
-0.496051
0.771554
-0.659143
3.71494
-2.25643
-0.314579
0.943325
-0.522594
-1.57909
-0.652726
1.92763
0.872186
5.82591
4.46891
2.57182
0.225806
0.142571
-1.20665
-0.324398
-0.191411
3.46523
-0.150135
-2.10598
-0.475112
-1.33717
3.21928
4.86146
3.29573
0.500237
0.489695
0.541305
-3.23782
1.85349
