0.263515
1.8335
-0.137595
-0.973591
-1.26303
0.423625
-1.09498
0.863376
-2.26146
-0.800422
-0.0158627
-1.9515
0.109245
2.48323
0.958104
4.48748
1.33644
-1.61176
-2.83188
2.90145
-1.03402
0.0683576
2.89872
-0.886309
2.82093
1.76123
-2.18292
-0.80233
0.30207
4.57759
-1.42797
-1.08577
0.869009
0.853804
-2.84223
0.76399
-2.04088
0.476917
-0.882303
-1.77435
0.47851
0.728625
1.28125
2.95983
-1.72801
2.66597
0.0623787
-0.130537
0.607341
-1.7847
0.384584
-2.95973
1.73263
-0.439533
0.909137
0.591287
-0.243167
0.306455
-0.268069
4.67648
-0.729828
0.0135004
-1.18939
1.18788
2.74901
-1.1996
2.95625
0.226566
1.21568
0.729928
-0.720832
-0.808899
0.191661
-4.02584
-1.85169
-0.422342
2.2071
-0.919942
-0.314796
1.88793
-1.63892
4.07362
-0.852741
-1.65371
0.287629
1.46745
-0.914883
-0.930213
0.907872
-1.7558
-3.33072
3.82935
-0.0605722
2.23216
-1.33566
1.21083
-0.382698
-1.70914
2.00653
-1.80689
-0.796021
3.5205
1.97818
-0.504876
-0.118607
2.2199
1.35927
-0.682961
1.557
1.35942
-2.42108
4.65117
1.42058
0.795041
2.04355
0.212892
2.82795
0.538818
1.73039
1.3441
-3.01707
2.28155
1.58742
1.21743
-1.31087
0.808361
2.96727
-1.00643
1.68607
-0.715275
-2.97483
1.70499
2.86156
3.37867
-3.07594
-2.00436
-1.65779
3.36466
1.1085
0.682948
-0.994665
-0.368443
-1.05158
1.00277
0.97661
2.82315
1.11529
-2.30644
3.34545
-1.91913
4.32035
2.02551
0.0737941
4.57111
0.476687
1.36438
2.48762
-3.88123
1.98932
-1.81053
0.45854
-0.621137
-0.211955
2.28505
1.39048
1.19795
-1.86297
-2.98074
-2.67274
0.409699
1.84267
1.68449
3.5087
0.809428
2.98115
4.65292
-1.10983
0.990114
1.03115
-1.34516
1.9315
1.47963
0.00478236
0.666897
-2.18605
0.64903
-0.8777
-0.605633
2.4497
2.04207
1.9436
1.65783
0.364862
1.00352
-4.19379
-1.12581
-1.075
-0.217113
-0.717055
-0.193485
1.08615
1.91646
0.182166
1.25176
0.15165
1.03013
1.16688
2.92873
-2.0674
0.00254274
1.98019
-0.765399
0.934249
4.12017
0.2214
1.75441
3.22475
0.752694
2.30484
1.95712
-1.90282
-2.07084
1.0241
2.27725
-2.07814
0.632902
-3.40057
1.95802
1.10504
0.576028
0.416115
-0.058347
0.751981
-0.701343
1.1303
-1.44952
-0.0876847
1.6169
-1.84463
-0.275978
2.00377
-0.131655
1.59531
2.59543
3.90021
0.895929
1.90415
-0.452761
1.31747
0.137281
-0.247565
-1.00953
-0.91505
1.28627
1.42723
1.44859
2.23272
-1.70749
3.38069
0.119308
3.69537
1.66917
0.0906532
-2.65249
0.352897
1.48212
-3.20829
-0.545572
-0.704644
1.41846
1.49642
0.66483
-0.814155
0.556817
-0.171129
2.50205
1.40514
-1.6119
-3.34315
0.984492
-0.180074
-0.0488255
-4.88947
-1.06379
1.02154
2.19702
1.29669
2.14411
0.765568
-0.482279
-0.0521171
2.52314
-1.67424
1.15829
0.432317
-1.29847
2.59331
-2.65846
0.370324
0.736034
0.420263
2.57854
0.852412
0.162754
3.17835
1.24888
-2.1199
2.63979
3.87636
0.31087
-0.0505533
0.897891
1.83852
-1.00866
2.50169
0.5914
0.602742
1.47475
1.61164
-0.972382
0.482098
-0.125345
1.52534
-0.324275
-0.458512
-2.50038
0.485511
1.55906
1.42992
-3.66906
2.60644
-3.012
0.777275
1.76271
2.5886
-2.13503
0.44276
-1.29724
-0.579761
3.00019
-1.34312
-0.431699
2.85989
-2.31309
1.00856
-2.20105
-1.40949
-0.33788
1.1961
-0.0651251
-2.04369
-0.0317791
1.7852
1.96891
0.682705
-3.13282
-3.04455
-0.844438
2.30161
-2.11241
-1.77643
0.443352
3.63469
-0.467549
-0.917956
3.14443
1.57428
-0.715905
1.24538
-0.364156
0.645669
-2.84904
-2.95627
0.28149
1.57639
-3.04371
-0.427092
-3.82694
-0.99694
-1.21151
1.40585
2.00138
0.330143
1.15919
-1.01278
-1.78295
-1.83911
0.987485
1.07169
-1.15926
-0.575498
3.10017
-1.15148
0.369476
2.07841
-0.331768
-2.5447
-0.757592
2.56533
-1.96785
2.00497
0.60162
1.72985
-0.610677
0.473104
-0.322012
-0.00870308
-0.859478
-0.75364
-1.40537
1.7722
3.47213
-0.609579
1.77091
0.171452
2.14971
1.55337
2.41997
-2.0422
0.186041
-1.4551
-0.0891139
-1.85069
1.3574
3.12079
0.179255
-0.196008
1.83379
-1.05591
-1.2399
0.723815
-0.563411
-1.77287
1.12988
-1.27745
0.972836
1.8147
-0.114246
1.62629
0.284245
-0.484032
4.16364
0.465035
1.2969
1.23514
-0.874823
0.904371
-1.97564
-1.47817
0.312939
-1.88951
1.26879
0.618903
-1.76266
-2.53052
2.78955
-1.24603
-1.68316
0.184114
-0.0750028
1.72592
1.14355
-0.274942
2.19747
0.809617
0.368432
4.21895
4.27511
1.26396
-2.05723
-0.507179
-1.50633
0.357458
3.08922
-1.48507
0.196339
-0.542084
-0.829857
1.06582
2.54639
0.350427
2.00447
-3.34613
1.56417
-2.10323
-0.884341
1.29455
3.62875
-1.23596
0.426223
-0.684605
0.871062
1.73974
0.453623
-0.251839
0.458154
1.86078
-0.590342
2.25188
2.37988
-1.42558
-0.389605
-0.01355
0.395471
-1.97037
2.13597
4.01357
2.51742
1.95891
-1.02487
-0.872443
2.7806
-0.5036
2.15941
-1.95224
-1.264
2.78598
2.1459
1.43384
-0.670873
0.415134
2.15036
-1.74589
-3.39884
-1.31325
2.53462
1.19234
-0.496575
1.85524
0.727506
0.413269
-3.26394
1.41869
-3.03426
2.32449
3.36382
3.50082
-2.44547
1.5015
1.0366
0.252159
1.94691
3.80678
0.433079
-1.8858
-0.497775
2.98511
-1.55531
-0.313613
0.838203
-0.0102028
-4.58208
-0.958426
1.0232
-0.0751619
-2.40996
0.375495
-0.839032
-1.07876
-0.317221
1.60851
3.32527
0.392802
1.9503
0.536464
-1.51793
1.31387
1.35514
1.12611
-0.139289
-0.0969399
-1.21665
-2.16869
0.0281687
5.25637
2.71021
2.801
2.69255
-2.67989
1.58715
-1.70592
-0.0827877
-1.4074
2.53518
0.513067
1.74118
0.514817
-0.973735
0.560293
3.38243
2.47865
-0.618149
1.43941
2.77205
-0.567057
2.5505
-1.90708
-0.458868
1.71682
2.23692
3.47256
-3.24567
-4.48919
1.08554
0.458146
2.15499
-0.137395
1.93688
-0.605703
-3.28309
-0.357635
1.99351
-1.58233
-1.03296
-1.11259
2.58347
0.259989
1.7555
-0.436252
1.8042
1.50432
-1.38757
2.72142
1.48346
-0.201472
0.709969
1.39797
-1.34257
3.85959
-1.71115
-0.71035
-0.3372
-1.47882
-1.55005
1.2918
-0.316106
1.43301
-2.63969
-3.42972
1.98838
-0.0987389
-3.30957
-0.942556
0.326483
-0.292389
-2.1799
3.04246
-0.463444
-1.24154
2.24343
-3.34188
-1.16557
3.34146
0.504937
-2.05942
1.52363
-0.16788
-1.62528
-0.442521
3.45755
-0.399427
-1.66928
-0.395838
0.0874135
1.96201
-1.56994
-0.994738
1.20737
1.17565
0.305274
1.45309
-1.89867
0.839646
3.63151
0.265375
2.14399
4.65488
-1.90804
2.7561
0.565512
0.436454
3.99231
-2.74143
0.0512143
1.64393
1.72641
0.126518
2.37948
0.670997
2.22079
-0.473358
3.84741
1.78584
0.35768
-2.42722
0.374027
-4.0129
-0.791566
1.4652
-0.0270034
-1.50216
-0.679966
0.793435
-0.313049
2.07265
0.580211
-1.04695
-1.3529
-2.78115
-0.880072
-2.2089
-2.58928
-2.20019
-2.39741
0.695694
-0.995098
2.13287
0.788768
1.01802
-1.08815
-0.513835
-1.06812
2.21425
0.25842
-2.10217
-1.51334
1.47984
1.91125
0.637009
1.38158
1.2037
2.20299
1.62806
2.25525
-1.41573
2.38107
2.2813
-1.12729
2.15627
0.685767
1.1436
0.337962
-2.46018
2.94717
-2.84054
2.48694
3.14147
0.891601
0.711919
-0.208295
0.552564
-2.7519
0.705594
-1.51818
-0.187712
-2.69556
1.48338
2.77103
-1.31603
0.314352
2.61916
-1.10923
0.283033
0.22378
1.01419
-0.602365
0.048367
-0.684032
1.65805
0.629956
2.44197
2.5601
1.66313
1.18021
1.38255
-0.664841
-0.524728
-2.57386
-0.660515
-0.94909
0.81101
0.764069
0.380383
-1.44129
0.277077
1.36312
1.44784
1.52802
3.14022
2.1783
3.07517
-1.67234
-0.834535
-0.671796
0.426567
0.596691
1.01099
0.0603164
-1.54487
2.61128
-4.77158
1.2491
2.29802
-0.647527
0.0568215
0.550555
2.69962
0.974674
-0.430729
0.669786
2.13044
-0.0697462
0.328752
1.0703
1.46666
-0.166704
2.85654
-0.0105443
1.76633
-0.194202
-0.553938
0.84415
3.47275
3.00346
2.9773
1.81796
-0.473807
1.41932
-0.279588
0.871465
2.03278
-2.51435
3.13161
1.09754
1.35314
3.25791
1.20091
3.59234
0.407026
0.129112
0.00312284
3.75059
-0.0519665
4.90747
-2.31539
0.429128
0.889423
-0.250835
3.3077
0.789003
-1.2214
2.18174
1.15176
-0.491959
1.83687
-0.0456769
-1.14559
0.106737
3.76049
0.233175
1.49048
-2.25415
-1.29669
-0.359437
2.45213
-0.321296
-0.0273824
3.16351
-0.228792
0.290735
2.76933
0.827545
0.956829
2.64364
2.37461
-2.88773
1.31646
-1.29446
0.631738
1.09738
2.42261
-1.14253
1.40367
2.11351
-1.18444
1.11875
1.043
0.859122
-1.00036
3.04586
-0.540843
-0.0269524
1.04026
0.311542
3.32504
-0.931864
-0.947407
-0.862178
0.146248
0.14973
-1.23862
2.90938
-1.24011
1.23556
4.59007
3.33003
1.43724
-1.03494
0.429147
0.276091
2.95059
1.45899
1.93035
-1.12277
0.737291
0.495413
-2.27356
3.38939
0.522543
1.01891
-1.11045
3.17176
1.18102
-2.14917
0.906979
0.73614
-1.91762
-0.0576524
-0.0648162
0.00337672
-0.0298107
1.15997
-1.63268
-1.40514
1.16618
1.55052
-2.30534
-1.57056
-2.17996
1.82251
-3.17401
0.580141
0.107087
-0.147508
2.14999
2.66489
4.08043
1.94587
0.236928
-2.22616
0.577539
2.82594
1.84586
1.04651
2.44148
0.574308
0.150001
2.74166
2.12844
-0.249363
2.14279
-0.629148
1.55863
0.0272622
-0.628886
1.03569
-0.216881
1.53377
3.21039
2.82452
0.157658
1.05586
2.11895
-0.870449
1.20079
1.39513
1.82861
-1.70869
1.37955
0.137508
0.916457
-0.804775
0.980383
-0.348199
1.09116
0.44319
1.26152
-2.54303
1.07483
-0.803305
-0.095481
-1.34382
3.17704
0.629044
-1.70791
0.479486
2.22611
1.48061
-3.32527
0.189863
-0.752966
-0.0527082
1.37506
0.492985
1.42137
0.258816
-1.26182
-0.871445
0.769541
3.52554
-1.50915
-0.486291
-0.485351
1.24232
-0.298549
-1.05418
-0.212236
0.373483
1.09154
1.23339
0.565059
1.51277
-2.41273
1.44107
2.30689
5.23468
-0.382358
-2.63715
-0.329465
3.57406
0.26691
-1.8412
2.92113
-0.219272
2.41874
0.205689
0.203454
2.27442
-0.339768
1.60646
-0.717177
1.64416
0.0380838
3.24787
2.02772
2.64324
-1.74265
-0.0837572
0.98751
-2.27463
-0.306702
2.53674
-0.260856
1.37857
2.15662
1.54619
1.97685
0.101897
1.0828
4.12276
0.882555
-2.4167
0.356514
1.44704
-5.35925
1.62773
-2.6312
3.3798
-4.57871
-0.571003
0.287703
-0.833547
-3.24355
1.36142
1.6568
1.17552
-2.38084
-2.22385
1.42878
3.05148
0.47644
-0.69392
-1.29491
-1.585
1.73097
-2.49817
0.359085
2.49848
-1.04154
3.78288
1.07019
5.62006
1.3025
0.169357
-1.50803
2.55801
1.78069
0.730733
0.810201
-0.164353
-1.24435
0.166971
-0.226789
-0.0825721
3.22324
4.7011
4.27504
0.265329
-0.0139938
-0.891122
1.62495
-0.553913
2.95184
0.0470877
1.1838
0.104505
1.4057
0.212319
1.70858
-1.45095
1.03706
-0.109279
3.09587
0.0604017
0.848269
-0.677079
1.18739
1.43296
0.38056
0.631832
2.70547
-0.988281
-0.039204
-0.276388
5.2147
-3.8517
-2.68079
2.25305
-0.0735234
0.917192
-2.389
-0.188776
1.06412
0.360743
0.411524
0.232958
2.79062
2.63399
0.80622
2.75449
2.19808
0.261941
0.582033
0.779404
0.881387
-0.0996829
3.93372
2.77354
-0.852127
-0.0405985
1.83353
0.32145
0.491591
1.36881
1.8075
0.32827
1.55463
-0.278829
0.195508
3.22769
0.830323
1.73063
0.900118
1.31591
0.0838824
3.72384
0.107275
0.955332
0.366226
0.119015
-1.60848
2.24525
2.74549
-0.731725
-0.975298
-2.80543
-2.31442
0.74566
-3.55188
-1.36632
2.85126
3.93086
-0.260532
-2.47629
3.16279
3.22569
-1.70461
0.0991082
0.00192273
0.240741
1.28172
0.380259
-2.56298
-1.12358
-0.923026
-0.834875
-1.37598
0.183833
1.86088
1.10923
1.69351
1.47486
2.34077
-3.3973
-1.73961
-2.47102
4.02885
1.62104
1.02068
1.27962
2.41665
-1.23372
0.972187
-0.988303
2.81106
0.952836
0.871295
1.85187
-2.18976
-1.17517
0.100504
1.57175
0.961997
-0.985395
0.178381
0.611986
-0.804022
-0.653291
-1.02759
2.32868
-2.77249
-0.327455
1.25969
1.34088
1.16904
2.64858
-0.0620204
-0.196648
1.65756
0.646495
-1.71458
0.410985
1.43184
1.99353
-2.45852
2.46074
-2.46025
1.11709
-0.147625
3.46773
-1.99593
0.63401
1.29728
2.85317
-1.02167
2.68547
0.045043
-1.00028
-3.83099
0.41661
-0.267807
2.07244
3.37696
1.61991
4.71478
-2.28356
0.218823
3.31231
-0.304657
2.32624
-2.12481
-0.794983
-0.327751
0.296555
3.03844
-3.25825
-0.343841
3.68911
0.650873
-1.99294
0.123156
1.58658
1.50916
-0.526764
2.78775
-1.52463
-1.5348
-1.40798
1.29866
-0.723528
0.884993
2.39807
-0.501222
2.11767
0.602172
1.96682
2.49693
0.435695
0.954645
-2.09478
-2.83328
3.03482
-1.20947
1.01656
1.6971
2.49185
-2.32754
0.316284
0.280185
2.56411
1.55517
-3.17146
2.91546
-0.158605
2.83241
-0.594364
1.93212
-0.91455
-3.94774
1.24696
-0.441674
1.33393
-2.44996
1.7596
0.176282
0.857163
2.409
2.56803
2.09588
-0.455042
-0.851577
1.24578
1.13955
-1.84496
-0.671961
-0.569569
-0.0292246
2.86511
1.95512
-2.52457
2.25
2.47911
-0.228392
5.27668
1.94803
2.76677
2.66302
-0.487766
-0.868781
0.759618
0.363047
3.16213
0.387781
0.121333
0.807075
1.68407
3.17529
-3.20823
1.47402
0.184753
0.509934
0.274596
2.55026
3.98102
2.91031
2.44574
0.855833
0.847335
0.504286
0.347222
-2.3097
0.297173
-4.8213
1.00621
0.614951
-2.52358
-0.15112
0.776438
0.462441
1.57416
0.115401
0.816116
2.1288
-0.609687
-0.751754
2.27635
-1.25768
0.532788
-3.39306
2.4848
-2.19591
0.971235
4.02804
2.0532
0.132603
-2.13496
2.40474
5.02479
-1.03665
-1.17256
2.03854
1.3044
1.0689
0.335169
-2.36192
0.770256
-0.283732
0.759292
0.907738
-0.117464
1.14812
-2.00739
3.41681
2.38919
-0.317291
2.40972
-0.488344
-1.91974
-3.07241
-0.836428
2.24174
-0.334972
1.86919
2.46031
2.48709
2.56516
0.192308
1.42834
0.505588
0.277879
-0.998159
-0.472794
0.92816
1.62933
2.11279
1.42583
3.07885
-0.510882
-0.284073
1.49253
2.02645
-2.1288
3.77033
0.475912
-1.12817
-2.71891
0.332446
0.0545336
0.781164
-0.581577
1.7884
2.58391
0.362593
1.83989
0.563621
-2.5675
-0.370814
-0.230111
2.62684
3.23226
-0.947564
-1.18162
1.21122
2.99255
-1.26878
-0.0601779
-0.214953
4.64006
3.06776
2.26597
2.43609
-0.713968
3.20537
-3.27433
0.949034
-0.46275
0.236826
2.74722
-0.312404
1.12761
3.60557
0.903508
-1.73329
-0.978111
-0.532917
-4.82049
1.13467
0.192846
0.867413
2.25014
2.64503
-1.12244
2.19012
1.03983
-1.35802
1.06074
2.08819
2.79173
2.34156
-2.43975
2.40433
3.1085
0.0788277
0.834097
1.99706
-0.0227182
-1.94456
0.89077
-0.272319
-3.7829
2.02863
-0.180071
0.510713
1.17612
5.44793
2.77876
0.740387
0.918676
2.01801
2.2893
-1.61246
2.16888
1.3674
-2.80897
2.04901
-0.23094
-2.78573
3.03239
1.45531
0.507616
-0.47518
-0.0605033
2.4897
-0.157478
-1.40892
2.88605
-0.245814
3.3403
1.6931
1.13509
3.33175
0.801247
-1.8525
-3.67029
2.72464
4.2192
0.228951
-2.017
-0.0126846
1.63844
-0.628376
-0.659792
-0.330733
-0.165579
5.42863
0.26777
2.18885
1.38348
-0.663674
-1.79318
1.61801
1.76296
-0.299305
3.33803
0.335631
3.15254
1.01278
1.55283
-0.450106
-0.0741038
1.21712
0.880633
-0.90534
-1.35809
-2.33633
-0.188814
-2.15228
-1.71132
1.34969
2.09714
-0.467023
1.63059
-0.174933
3.13998
-1.24774
-2.29914
0.129417
1.45705
-2.68987
-0.109167
-0.325259
2.216
1.81854
-1.62056
0.0698681
0.892703
1.36688
-1.82727
-1.63541
0.909838
1.99942
-3.18092
-0.233996
0.118101
3.61785
-0.187796
-1.52804
1.06594
1.42661
1.79847
1.20613
-2.13507
-0.0823045
0.893213
2.66545
0.367388
2.61575
1.62474
2.38095
1.88487
0.626705
-0.637703
-0.779071
1.49187
1.30391
0.244812
-1.31751
-0.0770759
1.09717
-0.218364
1.71939
0.502277
-2.94692
0.491079
0.53972
0.699434
-0.0673858
0.871173
2.15725
1.03576
-0.781365
1.72697
3.57598
1.59679
1.65068
-4.52417
4.13573
-0.592135
2.12954
2.72609
0.236334
-0.647964
2.06757
2.41163
2.15002
4.37582
0.585379
0.800929
-2.76739
1.04675
-0.89861
-0.148694
-2.50607
-0.201457
-2.94266
1.27413
2.19551
1.77091
-0.785554
-1.99631
2.07492
-0.376627
2.37365
-2.76053
2.29319
-2.51994
-1.8168
3.56814
-1.78487
1.59706
2.06737
0.472005
-0.383992
1.76347
2.2407
-0.923547
2.35922
-0.151513
-2.97177
-1.51009
-1.78027
0.409028
-0.356222
3.56197
2.5101
-1.08699
0.856491
0.419229
-0.224642
-1.92404
-0.88897
-0.030584
0.0594744
2.11546
-4.00909
1.47254
3.46219
0.922263
3.26886
4.93255
-2.78484
-0.768671
0.269884
-0.0511475
0.890742
-0.725768
0.463947
-0.968198
1.9722
-1.28805
3.10714
-0.487138
4.14591
-0.0843602
1.43482
-2.32406
1.31144
0.644001
0.905254
2.4339
0.292519
1.1961
0.687714
-0.0457693
0.373463
-0.0115125
0.780603
0.485807
1.53232
1.16362
0.894374
-0.163441
2.24482
1.02842
0.504024
-3.41543
1.74894
-2.11501
2.31873
0.345453
-0.319668
-4.08098
0.748764
-0.214641
2.39639
1.78662
1.87179
0.414884
2.47302
-1.51767
-0.146897
-2.25817
2.47772
3.16439
-2.23371
2.47208
3.68111
1.32758
-0.595182
3.85321
0.294568
2.67049
2.2731
-0.486703
3.71055
0.156831
4.1664
1.15906
1.8598
-0.370541
-1.82492
1.66681
-1.35899
0.51725
-0.182281
1.93071
-0.899981
0.972321
0.902909
5.29516
1.38232
-1.40083
1.25319
2.26687
4.14469
-2.29377
-1.39116
0.478234
1.97712
-1.96519
2.9761
0.613383
-2.1168
-0.456132
0.78131
-0.57502
1.07182
-1.76856
-2.03645
-3.03772
1.77465
-0.0241793
0.758878
2.82059
1.15207
-3.01583
2.04999
0.496657
0.717161
2.46551
1.07679
-2.151
3.71323
-1.54588
-0.668546
-1.53841
1.47161
-4.2016
0.87717
-1.19258
-0.636464
2.93755
0.690869
-1.44017
-0.823616
-0.19158
1.41082
-1.67239
-0.830443
0.449207
1.22048
-1.14692
0.632661
-0.432538
-1.62788
-0.364197
-0.290755
2.69388
-0.418213
3.31643
-0.425575
-1.33923
4.55994
0.192857
-0.533602
-2.42829
1.2344
0.970956
0.722161
0.427401
-2.11832
-0.11422
0.681906
-0.629723
-2.35208
-2.11857
-2.68454
-0.107194
1.67396
-0.679724
1.77814
-3.30768
0.146598
-3.67014
-0.806097
1.41434
-1.70209
-0.75046
0.935607
-2.09849
2.10753
-0.986254
0.767394
-0.479183
1.57962
0.471862
0.703071
3.59479
-1.82278
0.719943
-2.52587
2.03448
-3.17093
1.94208
-1.04685
0.525109
0.134335
0.0179603
3.11627
-0.931714
-1.01395
0.00813139
0.213784
-0.656757
1.00935
2.36177
1.58532
-0.554321
-0.489274
2.13274
3.90408
0.878983
0.95695
3.16754
3.9087
1.66049
-0.696338
-0.62075
0.0346649
-0.568254
-2.88975
-2.10863
-0.36251
-1.95942
1.61542
0.266828
-1.1158
-0.6449
3.73005
1.4663
-0.674043
0.297685
2.30058
0.668301
2.03739
0.257268
-0.347253
2.37899
2.42263
2.73094
0.734229
2.00285
2.3844
2.96818
2.88109
2.8422
-0.248167
-0.706741
-0.412611
-0.551171
-1.94443
2.09606
-1.5093
0.741533
1.59188
-3.92184
1.04539
-0.973369
-2.16375
0.515112
-1.97799
-2.06744
0.740902
-0.12941
0.541992
-0.459971
2.60514
4.76569
-0.0720071
-0.968744
-1.06047
0.614649
-1.34428
-1.58511
-1.20355
-0.762965
-0.12772
0.969442
0.649846
0.437535
-0.236987
0.524439
1.6181
0.353199
1.33674
2.08259
-0.441822
-3.28419
1.16804
0.246035
-1.78845
1.82798
-0.541429
3.62622
2.29269
3.06746
0.0282645
2.40755
2.99935
-0.236929
0.669234
-2.19812
0.0562036
0.727277
3.17665
-1.27885
-2.64807
4.26067
1.12841
3.47697
1.78973
2.17784
-0.6071
3.26624
-0.496137
-1.67878
1.91759
2.26881
-2.92104
2.92599
0.16376
2.53761
3.7114
0.56593
-0.546524
-0.663242
4.18013
-1.16015
-0.886178
-2.80549
-2.09028
0.853739
-4.19133
1.69626
-0.106534
5.14459
2.28442
-0.794321
-2.44838
-1.7705
-0.0112113
-1.74499
-0.313618
-1.75652
2.28671
0.35472
1.78986
1.50323
0.0214292
-1.43918
0.0315722
2.36748
0.436464
-0.165159
-0.688289
2.24264
0.74558
-1.88525
-2.54001
0.735267
0.179419
0.592174
0.814025
-2.93672
4.20623
-1.07433
-2.34519
-1.35793
1.52418
-0.652549
0.472352
0.959808
-0.202503
0.607067
1.28967
0.355412
-0.580351
-1.3698
2.24122
-1.54709
2.44261
-1.71315
3.27969
-0.795105
-2.14275
-2.18524
-0.032642
1.00891
-0.577487
1.64479
3.4845
3.14117
-0.29781
1.67639
-0.136535
1.44252
3.09873
-0.157017
0.0164265
2.845
0.903378
-0.419449
2.14464
0.140945
-1.17173
-0.95487
0.480692
2.11585
-0.954486
1.1393
0.788649
-0.342034
1.29808
1.39229
-0.521937
1.47061
2.52039
-0.14785
2.0116
0.818736
-0.0815348
1.5783
3.1083
2.66517
1.02558
1.32724
-0.22011
1.58637
-6.11825
1.06658
0.948024
1.3896
-2.9354
-1.66485
0.0652422
-2.95399
2.26005
2.39992
0.925544
2.82612
0.690652
1.14217
1.38587
0.0894776
0.864397
1.67687
1.0339
-0.645317
2.07241
-1.34438
2.35731
0.190049
-0.146774
1.34976
0.937059
-0.280018
3.23851
2.21156
-0.407583
1.88065
-1.21364
0.993572
3.82137
-2.14235
0.426952
1.65885
-1.66863
0.300823
-1.38455
-0.695121
-1.50676
-0.86443
-0.459937
1.36318
1.86724
-1.52607
1.18154
-0.775158
-0.83604
1.20086
0.767516
-1.5067
0.0693148
1.55997
1.49242
1.05299
2.74112
1.90664
2.13629
-2.10682
1.81386
-0.228838
0.674437
0.570279
0.91654
-0.5702
2.08923
0.105325
0.276733
-1.82448
2.45017
4.54358
-0.869858
3.04646
2.64233
1.42168
0.954658
-3.27315
0.5202
2.36106
0.912256
4.72663
0.915769
3.91127
-3.31499
1.42499
-2.02665
1.68847
-1.55017
0.214296
0.185587
-2.81739
2.37427
-1.33938
0.00528936
0.277846
-0.515588
-2.21061
-2.11132
0.505016
2.3242
0.984646
0.405257
2.74748
2.70184
-2.58593
3.57619
-0.896364
-2.19764
0.0741672
-2.14794
2.32903
0.749422
1.87202
2.51245
-0.338594
1.30773
0.962768
0.32416
3.64375
1.65623
2.27683
3.80228
-0.317891
-0.137847
0.669108
2.94328
-1.42835
-1.38785
-0.945762
-1.0786
0.118436
2.6436
0.971667
2.08339
-0.320855
1.37037
-0.157165
-0.931953
3.26503
-3.23973
2.04889
-0.21012
1.85364
0.901707
0.232475
0.790859
0.550254
1.78921
0.673421
2.09567
-2.30894
-1.83546
-0.30884
-0.0952412
0.713049
1.11014
0.200374
1.6786
-2.50403
0.969899
0.470994
-0.950649
0.074361
3.39757
1.54965
-2.53552
0.731678
0.290866
1.42449
-0.727671
1.59439
1.42346
0.679588
-1.81807
-0.426095
2.47061
-1.879
-1.59452
-1.8227
0.423144
1.88889
-0.490741
-0.0457713
-0.12843
-0.161929
-0.218151
-1.29403
1.28212
-0.953113
-0.837948
1.42237
-0.860321
-2.3816
-1.36519
1.56027
1.70692
0.631711
-0.611307
2.03426
4.93658
-0.274327
-0.794526
-0.769899
2.05427
-1.07425
-1.06833
-0.342627
-0.493365
-1.15984
0.926152
1.90546
0.971358
-2.50784
-1.40057
1.31788
0.393615
2.64463
-2.01646
-1.54242
-0.807962
-2.42633
-2.13611
0.167968
0.699258
-2.14504
-0.133765
0.732632
-2.08545
1.2966
2.1903
1.54134
1.14123
-0.100292
-0.874681
2.7952
2.88332
-0.936839
-1.12409
1.15202
-0.781727
2.49075
-0.109374
1.44088
0.665325
-1.70982
1.58851
-0.586801
-1.72183
0.646078
0.22002
-0.507579
0.0271443
0.670114
2.35188
-4.83518
-0.0762391
-0.736158
2.76999
-0.552394
1.0289
2.0797
-1.67016
0.878699
2.85057
1.75849
1.51453
1.93055
-0.993189
1.9514
-3.22672
1.22823
1.23924
2.44269
2.06819
-0.105169
-1.96287
0.824367
-1.82579
-0.408346
0.329916
-0.333318
-1.19192
2.23056
0.638825
-1.72086
1.85543
-0.535347
1.65354
1.59068
-0.749508
1.22326
0.3554
0.631179
0.467949
-0.368839
0.663057
1.06441
0.222296
1.29656
3.64322
2.16867
2.64488
0.805157
-0.0937907
2.63488
0.622906
2.63628
1.96813
0.752665
-0.482156
3.94565
0.492907
3.46035
0.455268
1.27958
-1.97078
1.37565
0.808187
-0.230299
1.41776
-1.92794
1.82892
-0.626336
1.73382
1.31941
3.40416
-1.21987
2.23413
1.19561
-0.43755
3.62413
1.99445
-1.61059
-0.19343
-0.203927
3.11541
0.957389
-0.402814
0.53761
1.91052
1.4513
0.132158
0.271446
2.23971
-2.84995
-1.18868
-0.712319
-0.358934
1.82131
-0.492088
-0.159094
0.166506
0.473818
2.17967
1.09184
2.13517
2.82743
3.33382
-0.221038
0.423712
-0.212717
-0.134985
-1.91506
2.14012
0.154881
1.87742
-0.916759
0.0376214
-1.95243
2.3023
2.89918
-3.2158
-2.1014
-3.09474
4.68276
2.88587
-0.356219
-0.803173
0.774767
-0.126525
-0.969467
-3.57269
-2.14249
0.872708
0.188198
0.43382
2.64959
4.37888
-0.508013
-1.63993
-1.53596
-1.74991
-1.42569
-2.87101
-0.706465
2.53925
0.316504
2.63619
1.19615
6.81601
-0.143096
-0.194374
1.06269
0.0791785
0.575239
1.20492
-2.15697
0.706666
-0.825641
0.56689
-0.437581
1.18421
0.134443
0.250193
1.43463
0.501892
-0.588469
0.47599
-1.91056
-0.428013
1.62013
0.319018
1.37186
0.833385
1.2487
0.429043
1.10851
-1.98926
0.474366
1.09009
3.41654
-1.93847
-0.730262
1.81582
-0.619012
-2.19663
-0.0059264
0.865997
1.67065
3.33192
0.650905
0.443313
1.81774
0.0570054
1.23078
-2.5569
-0.848282
-1.16817
-0.804726
1.59074
-0.827971
1.16451
3.78301
2.78019
-1.21239
-2.14167
-1.2652
-0.918925
-2.91689
0.752996
2.81862
2.46273
2.766
0.328311
1.30444
1.9337
2.62487
2.68659
0.794969
1.89156
1.6149
1.86424
0.320837
3.41749
-1.41801
0.955473
-0.0761547
-1.11651
-1.62779
1.4114
3.83426
1.1328
0.53497
1.74309
0.296787
4.31824
2.63294
2.2094
-0.506294
1.21817
-1.77216
-1.72499
2.01011
4.16083
0.228751
4.49634
2.33319
1.67245
1.84295
-0.958711
0.265417
2.22724
0.507625
5.13873
-0.328138
2.20701
0.584501
-0.108667
2.19518
-1.88523
2.59787
1.47929
1.00072
-0.735338
4.42211
-0.483516
-1.51617
2.0139
1.77262
0.685781
-0.781372
-1.30212
-0.165887
1.64894
-0.878996
-2.20173
-0.0740959
1.16998
-0.0160556
1.05644
-0.916074
-2.42884
3.29361
1.00849
1.67228
-0.607965
-0.331618
1.32076
-0.166602
0.86804
0.761127
2.78373
1.27389
2.33863
2.23539
-1.63611
0.123436
0.961289
2.37954
1.42999
4.39591
1.88017
0.942478
0.916211
2.15021
1.41428
1.27492
0.850018
1.93516
1.32706
-2.26984
0.990038
1.16497
-0.595672
-1.30067
-1.05944
1.39335
3.35295
0.868223
-3.11155
2.61441
2.17455
-3.42456
0.743909
0.44918
0.594116
-1.14296
-3.04838
-0.0634015
1.57351
-1.30653
1.42953
-0.814344
0.463162
5.23173
-0.813029
2.27431
0.425886
-1.68944
1.97038
-0.68448
4.65316
4.39493
2.93036
-0.538388
-1.05804
0.773114
-3.05422
-4.50347
-2.69599
2.59979
-0.214154
0.887624
-2.78977
-2.57409
2.5712
-1.67282
2.65166
-2.6035
3.01363
-2.35693
-2.17463
3.86584
-0.0746548
-1.00333
2.54521
0.811095
1.62449
0.886885
-2.54117
2.46608
1.37487
0.662548
1.80374
0.266477
-1.76195
1.23381
-0.825296
0.214153
1.09025
0.797603
4.05982
3.51477
0.914362
-2.05421
-0.905107
-0.209664
-2.79665
-0.93024
0.847675
-1.58345
0.947948
-0.827828
-0.946648
1.47914
1.55986
3.8957
1.31752
-2.45705
1.39773
1.55495
-1.77762
1.10506
0.665568
1.16308
0.679459
2.46598
1.63842
3.46018
-0.773924
-0.263427
-1.75593
2.51336
-0.699211
2.00412
3.64088
-1.13764
0.397683
2.3076
2.19777
-1.52946
0.210085
0.00963443
0.0914705
2.33136
-0.313507
-0.821076
-1.88042
3.18228
0.697171
0.392002
3.21526
-1.61432
0.00269802
1.25407
1.92588
1.0772
2.14596
2.94661
1.18641
0.327641
-3.11073
1.5261
2.94846
2.45672
3.31838
3.30027
3.07986
-0.975366
-0.810355
2.98157
-0.824266
-1.11029
3.25885
-0.906843
0.751682
-2.87708
2.60273
0.810323
-0.0357252
0.73031
3.04392
-3.85592
2.2418
2.17744
0.638555
0.31193
-0.102981
-1.79312
1.83637
3.10248
0.743613
1.60748
-0.0781417
-0.725783
0.89077
0.946726
0.879556
-1.60713
1.07031
-1.68117
3.86088
0.859726
-1.65371
-0.876086
1.67675
0.851863
-0.675657
0.50535
-2.84053
-0.575713
0.849396
1.75508
2.15848
0.65024
0.775844
-0.365323
-0.00333867
1.58152
-2.77943
3.36131
0.573479
-0.654726
-2.20822
-1.09
-1.08567
3.04642
0.317087
1.22669
2.45385
2.70654
-1.33604
0.506706
0.798122
2.52932
-0.981903
-3.51526
1.78716
1.0526
0.577395
-0.487431
-0.96623
0.0371524
-2.20931
-1.10798
2.04017
-1.38613
1.88756
-0.828901
-0.545107
1.49582
-1.34404
0.501793
0.72574
2.18932
-5.46557
-1.43773
0.472108
-0.694899
-4.01439
-1.52702
-1.13094
1.36554
-1.49239
1.635
-0.0983247
0.0921944
-1.2232
-3.05381
1.14833
-1.07076
1.64461
1.28561
0.926193
2.33539
0.994829
-0.713104
0.046386
-1.21772
-1.03771
1.58727
1.13239
-0.617047
0.580927
0.887821
2.3305
2.33328
2.53032
0.512433
0.78532
1.53879
0.105453
-0.861836
0.284872
-3.97793
0.202093
1.06942
3.77799
2.46018
2.39191
2.60333
-2.33583
4.52356
-1.13806
0.344042
1.62425
-1.55828
-2.41315
1.28765
2.85252
2.03057
2.00277
-0.427202
2.49388
2.11552
1.946
-1.85807
4.28447
-2.48983
2.16738
0.219625
1.52864
0.119434
2.59093
-0.47677
-0.831663
2.4323
1.81005
-0.364752
-0.508768
1.35408
2.48488
-1.8466
0.0567132
-0.130068
1.30012
-1.61773
-1.93642
5.47914
0.587983
3.29425
-0.33118
1.85189
0.0196664
1.71011
0.81841
1.81914
3.41445
-2.1476
1.01548
1.07107
1.94396
1.74583
-2.34409
-0.241699
3.0679
-0.776739
0.0993223
2.22988
1.74532
3.46468
-0.641545
0.903261
0.00148726
1.39209
-0.0398627
-0.24801
-0.756506
1.35196
-1.61881
-0.146009
2.29625
-3.12816
0.103107
-1.31642
-2.86508
3.56553
1.24823
-0.0826826
1.25243
0.369311
0.143111
0.482395
1.07094
0.707419
0.497628
0.807767
-2.35082
1.16743
-0.608294
-0.0736947
-0.781933
-0.408267
-0.325971
0.390228
-2.88661
3.79893
1.303
2.29173
0.777355
-2.59034
1.49631
1.41259
1.91082
3.24505
3.19889
0.248285
-2.67183
2.31641
-2.52534
1.74282
1.27811
0.263928
-1.68625
-0.572838
0.661552
2.19961
-0.202399
-0.320335
-2.15329
3.92881
0.87576
-1.47325
1.47672
-3.32898
-4.7654
-0.860845
-0.175077
1.63248
3.40386
1.57399
1.94376
-3.86306
-1.18797
3.85756
0.297208
2.02845
3.2747
0.247396
-3.43312
4.1356
2.84416
3.25194
0.694643
-1.22597
3.38043
-1.90375
1.54864
-1.10299
1.97707
0.739311
-0.734418
3.35897
2.95022
-1.81293
0.869091
1.83623
3.12013
1.35157
-2.63229
-1.40741
3.54823
0.505183
-0.0391012
1.63091
1.96157
3.68337
-0.441605
1.61327
2.54434
-1.41549
0.62993
2.40288
1.70938
1.56604
-0.0725598
2.79182
1.95527
1.39046
2.27263
-0.533503
3.8457
-0.204562
1.47111
-0.290577
-1.47725
0.597796
-0.304606
0.0422568
-0.738848
-2.75773
0.0558316
-0.515629
-0.281605
-0.71784
0.2076
1.39943
0.816075
0.59494
0.0464714
-0.224429
0.72433
-0.31206
1.73901
-1.36073
-0.922702
3.4898
1.51581
3.03647
1.4542
0.85636
1.63428
3.44459
0.533673
3.44127
3.63812
1.58605
0.894427
-0.769837
-1.2187
-0.808197
2.72035
-1.0907
1.63425
0.922635
-0.109835
-2.04118
1.17222
2.19981
-0.459351
0.857356
-1.76621
-1.74203
-0.844622
1.44257
-1.51467
0.545787
2.04249
-0.549093
-1.27269
3.42702
0.753615
0.272949
2.28245
1.19533
0.117498
-0.817735
-0.936794
-0.231802
0.417817
-0.00484702
1.24792
1.26134
2.29397
0.88873
0.471449
2.04673
1.76189
0.889271
0.677328
1.27579
-1.92487
0.156691
0.178007
0.712964
-0.437163
-3.19334
3.06229
0.0854898
-0.362922
-1.26798
1.64434
1.74996
0.871371
-1.33565
-0.0313901
2.99036
2.77983
-0.228133
2.47309
0.917935
3.42938
0.0317586
-1.13865
1.44216
1.88301
1.27126
-0.129431
1.29361
-1.16559
-1.83187
0.668055
-0.241658
-1.90644
-0.570022
0.252152
1.54251
2.82443
1.21781
2.29107
0.819844
1.10737
0.896696
-1.80436
-1.33207
4.73365
0.998184
1.65083
2.28297
2.62925
2.15155
1.04142
-2.23301
1.40627
-0.237122
0.12586
0.741202
-2.04472
1.47339
3.61652
1.03325
-0.852419
2.73043
2.20156
-1.27539
-2.20471
2.4223
0.183558
0.982097
1.12417
1.57813
-1.60984
1.64657
2.14383
1.58633
0.162306
1.80874
0.938824
-2.58473
-0.862977
1.67511
-0.0273395
-1.29461
-0.0946325
1.71119
-1.60757
0.0337985
-0.0150636
1.80047
-0.442144
1.05255
-2.83603
1.2373
-0.422313
-3.20735
-0.483944
-2.24532
0.0539275
2.60742
-2.29535
1.48486
0.941074
1.70195
0.214401
2.17665
-2.30537
-0.987056
3.0749
2.9229
-1.15193
-0.464769
-1.15764
-0.152389
0.728716
1.05458
-1.87663
2.75979
2.10153
0.0657238
-0.346121
0.680351
-1.28334
-0.15539
-0.560774
-1.14331
-2.90969
0.0596991
1.95137
1.90361
-2.19855
0.138254
-0.221115
0.919681
-0.510767
0.714794
1.34117
-0.141225
-2.03687
-0.593445
-0.46278
1.44732
-1.70824
-0.0132432
3.87574
-3.59133
-0.519953
-2.37984
-1.40785
0.5255
-1.09184
0.927953
-1.19304
2.60911
1.21608
1.62418
-1.23763
-1.2676
0.170728
-3.99605
2.20393
0.868297
3.85263
3.20472
1.41737
-0.629884
1.77488
1.1925
-3.32731
-1.1113
-1.8458
0.44973
1.21888
-2.85495
2.65616
2.90067
1.71898
-2.00847
-0.573055
1.33153
1.77013
2.10171
-0.682168
1.54287
-0.293405
-3.02777
3.00515
0.0413009
1.88819
-1.13362
0.390177
0.766346
0.642834
1.2837
-1.0482
-3.56744
4.59203
1.44093
0.79429
-0.161849
-1.21478
0.224522
3.46712
1.01412
-1.64802
0.719765
-2.90039
-1.26708
1.22549
2.83847
0.592595
4.17757
1.99608
2.08086
1.32286
-0.812346
2.36175
2.42224
-0.901203
3.63052
-0.655897
4.84949
1.63909
1.59653
2.26775
-0.0209004
0.857422
2.07275
0.601963
2.09128
1.69941
2.20363
1.22048
1.09012
0.682652
-0.801362
0.633824
-0.498719
0.211277
0.476377
0.414301
-4.07026
1.58727
-1.8422
-0.151076
-3.10229
4.78576
0.0775404
1.20907
-3.30504
2.29479
0.467292
-0.0749025
1.68846
3.29715
0.214629
1.89958
-0.380041
1.51876
-0.527271
0.300779
1.23561
0.430339
0.646921
0.513386
-0.114644
-0.55816
3.42345
1.75337
-0.675311
-0.197004
-1.26578
-0.0127403
0.886471
1.95152
0.0382283
0.414965
-1.83021
-0.938539
0.548141
-2.86152
0.460946
3.85018
0.79202
1.85541
1.07051
1.20121
-5.57122
0.398441
0.231618
-0.987276
-0.098877
1.61906
-2.04854
-0.781938
-1.19478
1.40343
-1.67132
2.34408
0.0669203
0.312692
0.293414
-1.24699
0.63264
3.41205
-1.70408
1.5987
0.654403
2.8835
2.39078
1.45155
1.19259
0.749198
-2.72351
0.0242551
2.72061
-0.949337
-4.00816
-1.45276
0.575279
3.86153
0.300274
0.662001
2.53701
1.46036
2.86131
3.34432
-2.12038
-0.158862
0.449272
-2.48228
1.73152
2.79874
-1.492
0.583157
1.33964
2.62035
-0.557008
-0.108765
1.38263
3.06698
0.527625
-2.22141
0.40189
-0.225994
-0.156632
-2.06122
-1.07721
0.328481
-0.909885
3.31943
3.80234
1.80356
0.041862
2.50663
-0.895266
0.204732
2.33295
1.90878
-2.91592
1.32886
-0.241465
3.00289
-0.232168
1.62173
2.66308
5.07483
-1.38133
0.277593
2.73365
-0.484123
3.01858
1.29882
1.18521
1.82533
1.83175
1.39102
-0.732487
0.502015
3.84595
0.111866
2.3284
-0.548389
-0.230585
2.58686
1.65437
0.847454
3.59113
-2.28924
-1.04418
0.651143
1.73166
2.65533
1.19747
-0.756029
2.40867
-1.4348
-1.83817
-1.24645
1.7025
5.40739
1.62258
1.20514
-1.49124
0.233341
2.17614
1.94478
-0.478422
-1.61082
2.02239
-0.31854
3.28997
3.76264
1.00715
3.962
-0.706471
0.624241
1.67856
-0.00302582
0.211231
-0.0560227
-2.4916
-3.63249
-1.70844
0.474471
0.629941
1.34663
0.537445
-0.242949
-1.4072
1.72525
3.61678
-1.83785
-0.267932
-3.65559
2.78854
1.43047
-1.07929
3.14451
3.53842
0.567508
1.24535
-0.264151
-0.540739
0.810893
1.05104
-0.269753
-0.119822
-1.13789
1.42364
3.50485
3.33765
2.76166
0.544767
1.18842
-2.77157
1.21401
1.23749
1.01368
1.27113
-2.03071
-4.09185
1.98314
3.12135
-0.930639
0.770276
0.734762
0.518505
2.25288
2.07173
0.231526
1.18168
-1.37778
0.18952
0.306924
0.452699
0.605641
1.6436
1.91084
-2.28682
1.60311
3.91188
0.0229668
0.888228
-0.965768
-0.756845
3.63671
-2.04884
-0.58778
-1.13826
1.56617
0.4969
0.519589
1.96897
-0.279626
0.043065
1.91207
1.18363
2.77585
1.67106
2.52126
0.330878
0.601956
2.25037
2.01445
0.462787
-2.4821
2.58713
2.08103
0.626752
1.20002
0.882934
2.91444
0.61878
2.46388
4.51623
-1.29777
3.13805
1.06559
-0.256533
-2.46801
-0.122886
-2.91032
2.41779
0.985545
0.507271
1.2032
-6.65576
-2.47108
-1.91473
1.04942
1.51109
-1.58464
1.62326
-1.39324
0.578857
2.53503
-1.40749
-0.764975
0.384791
1.2861
0.447319
-3.85394
2.43411
2.431
0.439306
-1.34526
-0.16427
-2.35188
-3.69356
1.83172
0.718426
0.404362
0.418699
-1.56371
1.73821
-2.49063
1.4578
0.770164
0.366089
0.762008
-1.2437
2.7643
-1.34824
1.22638
3.02072
2.60156
-0.0165996
-0.947883
0.814875
-1.22418
0.767002
2.05535
-0.171512
-1.26171
0.950068
-0.240389
-0.243396
3.02864
1.11442
-0.799031
-0.803787
-0.505005
-1.92562
-2.3899
-0.710682
1.6642
-0.209102
0.194552
-1.94064
0.86941
-0.443709
0.348679
-1.14284
0.0784688
-1.00926
0.297961
2.05677
0.314477
1.06061
1.01336
-0.897132
1.63674
1.68939
-0.737294
1.77225
1.13925
0.982128
3.59056
-1.86256
1.11619
1.0563
4.26837
-1.07626
0.154589
0.302586
3.3069
0.30939
2.45063
3.96535
1.66974
1.30794
0.978146
1.67274
-1.17362
-0.875335
3.75209
0.0464111
2.96353
-0.869071
1.46772
-1.56773
2.93256
0.542169
-0.0837309
2.76849
2.42452
2.13265
4.15601
-0.635502
-1.92511
2.53396
-1.01873
1.10146
-1.91382
-3.17159
-0.176533
-1.33071
2.7813
-1.33742
0.557868
-1.05852
1.64033
0.394162
1.19059
-1.90517
1.79676
2.04771
0.799736
-0.715503
1.08011
1.86653
2.20201
0.666751
0.125979
0.529375
0.295934
1.00899
1.68434
-1.17669
-0.102139
-2.74926
-0.113631
0.851203
3.59118
1.92036
1.20124
2.6649
0.437085
-0.276814
1.22447
-0.328155
-0.485033
1.51261
0.993191
0.381209
-0.546455
1.27082
-1.13881
2.32631
1.31132
2.33823
2.5151
2.22784
-1.18491
1.37738
2.6947
-1.43836
1.2022
1.04621
-0.236496
1.76966
0.643153
0.640068
3.02284
0.0389777
0.294743
-0.637147
-1.03486
-0.941624
0.753459
-2.30681
-1.5686
4.37545
3.20374
1.24459
-1.26282
2.67659
2.81429
0.74483
-0.606694
1.67744
1.54779
0.386237
3.6096
2.56701
0.460171
1.64043
2.59541
-1.90261
-0.362094
3.68525
2.06272
1.68676
1.30614
0.459643
-2.40818
1.20863
-0.120106
1.19949
-2.42657
2.63687
1.28141
5.52425
-0.0564646
-1.8253
-0.55813
-1.98819
-1.1745
0.126043
0.813579
-1.63988
1.81835
3.12661
0.287417
0.747153
0.724742
2.71779
-2.03815
1.77442
1.24844
2.17827
-3.89111
-5.32212
2.44787
1.23007
-2.3385
-5.42644
2.37015
-0.971611
-1.78124
-1.01771
0.916151
4.41545
0.285104
0.228871
0.583902
2.74708
0.339981
-1.90471
0.957653
-0.761891
2.50453
-0.332892
0.203763
2.49711
0.442603
-3.14412
-0.624521
3.13258
-1.22035
2.65073
2.64975
2.60681
-1.25422
0.747402
0.661747
1.1029
-3.10353
-0.656252
-1.11753
2.59012
-0.399171
2.82776
-0.342348
0.0554336
-2.58745
1.80696
-2.61847
4.08384
0.0837536
-3.51795
0.19849
0.989323
-2.25016
-1.33247
2.16657
1.56528
-1.82101
-0.35523
0.961531
2.21455
1.2994
-1.54584
2.76445
-1.3941
1.92743
-3.00113
2.03344
1.94162
-1.95191
0.627377
0.68147
-4.68739
1.37364
0.790206
-0.272469
-0.419604
0.715389
1.04106
0.77852
-0.0752775
0.599188
1.19828
1.84355
-0.430687
-2.71948
1.48337
4.54636
-0.434366
-1.68536
0.971481
2.10772
1.33926
-3.36792
3.35763
1.3286
-1.0932
-0.934584
1.62376
0.180239
0.916205
2.03488
1.11024
2.70928
2.27525
-1.82755
-2.96063
1.44306
-3.81426
0.842673
2.40328
-0.11993
-1.03263
-2.67159
-1.54348
0.357184
-1.13637
-1.07317
0.483374
-0.571849
0.885817
1.02018
0.207259
-1.69437
4.03183
0.521035
0.358177
-1.37741
-0.827372
2.04214
0.940486
1.18482
1.63464
-0.113742
2.81341
0.69328
-1.91848
2.33829
2.85419
0.357783
-3.11762
1.89064
-1.04503
-2.60554
1.45895
1.57296
-0.00493691
0.388703
2.23815
2.54468
1.39224
2.70788
-0.407301
2.07733
-2.23074
2.21014
-2.57514
2.6332
-0.227521
-0.589907
1.13825
1.90189
4.49524
1.60058
-0.810169
0.911399
0.785672
3.75073
0.567305
1.14211
1.41359
0.866871
-0.596771
0.215348
-0.187568
-1.1502
-0.152554
-0.881235
-1.96421
2.12629
0.766975
-2.61286
2.59295
-0.207291
1.07796
-1.4617
0.472925
-1.64918
-1.6082
-0.149689
1.69911
-0.129102
2.69069
-2.60324
0.162593
0.025713
-1.10296
1.24166
2.19008
-0.380266
-5.54748
3.4604
-0.377125
0.828215
1.71686
0.0155605
-2.79845
3.23238
1.13777
-0.147398
2.88297
-0.760693
1.3015
3.63704
1.69541
2.07443
-0.909396
1.27919
-0.298222
1.87546
1.70217
-0.113297
3.14472
0.604149
-0.374366
-1.7013
-1.10213
0.114661
-0.691161
1.02681
0.674586
3.59714
1.87994
-1.815
2.66168
-2.93307
0.0219141
0.810054
0.0676749
-2.21029
2.78378
-0.206042
1.06735
1.34986
3.24569
-0.65427
-0.397783
1.01678
2.36005
0.390832
1.89199
2.7147
1.05781
1.07721
2.39096
-2.39147
-1.06839
2.53923
-0.70807
-0.451843
1.96814
1.18151
0.0242713
-1.21882
4.13668
0.697376
0.306215
-1.53997
0.93071
-1.3848
-3.52439
-1.67437
2.7876
-0.385555
-0.224943
1.4288
-1.70171
-0.249165
2.32779
0.704669
0.726141
2.84801
0.434449
2.2035
0.651354
0.551328
-1.56116
3.06059
-0.866331
1.27034
0.27721
-0.866035
3.90035
3.54748
0.456536
-2.39517
0.487419
-2.90771
-0.916165
2.63142
3.81336
1.07162
0.982542
2.71398
0.180033
3.25648
-0.0396074
-1.19202
1.30383
-1.07063
-2.50904
2.24361
1.32589
1.84497
0.308251
2.70942
1.75883
1.00369
-0.396473
-0.399794
0.359262
-2.21238
-2.87892
1.10634
-1.47887
2.12655
-1.51963
-0.843969
-0.135644
-1.01285
-0.920642
-2.82639
1.83773
0.0631021
0.95333
-0.148763
-1.71358
0.00129959
-2.30112
-0.560797
-0.233716
-1.22732
0.790699
-0.408407
0.200224
0.80552
-1.37945
1.6394
-1.42618
-1.41217
0.405887
1.7057
2.95952
-0.222476
-1.70575
2.50716
-0.367905
0.623873
1.62789
-1.99481
-2.29996
0.106331
0.125756
1.60453
-1.15802
-0.388214
1.62631
2.29131
-0.612524
-3.41229
-0.461521
-1.80364
-0.841028
-0.77858
0.542938
-0.232717
0.975339
1.36345
-0.607419
0.559897
-0.19113
-0.468948
-1.42617
0.0416942
0.423177
-2.36936
0.451454
0.974372
-0.302704
-1.22035
-0.267912
-1.53257
-1.92633
1.07822
1.89217
0.36276
0.416281
-1.52587
-0.643162
1.10652
-0.699061
-0.66109
0.888909
0.174075
1.97382
-1.2863
0.0536026
-0.0916297
0.17752
-0.214721
-0.863202
-1.431
0.714393
-1.35205
1.26099
-0.835601
-1.89691
-0.63097
-2.24259
0.655785
0.439111
-3.03799
-2.33727
-0.915202
1.67974
-0.99838
-0.895046
-4.20045
-1.95412
0.260325
1.8161
2.81074
-2.53974
2.24071
-0.857862
3.04355
1.17824
-0.615104
1.36897
0.360676
-3.48021
1.48974
2.0575
1.23538
2.70299
-0.513019
-1.72947
0.452776
2.12237
2.16863
3.59456
2.65758
-1.48767
2.37758
-2.33683
2.67486
-0.413116
0.861146
2.4516
0.175604
-1.61688
-2.86586
0.335211
-1.57588
3.37378
-0.571492
-0.523088
0.244948
0.255183
0.68311
1.358
4.58213
1.23956
-0.57498
2.08612
-0.875269
1.81979
-1.65846
5.31928
-1.94476
1.38691
-0.28111
0.827518
2.32494
1.14441
1.20417
1.76277
0.973148
0.351027
-0.323888
-2.26758
0.462662
0.272267
2.02089
-0.852356
-0.285109
2.22645
2.65383
1.61491
2.21771
0.0637994
1.93035
-1.25816
-0.599696
1.5904
0.0591086
-0.229939
0.493054
2.22756
1.73946
-3.25946
0.916209
-0.804625
1.46682
3.85355
-0.443102
1.70243
1.77529
2.29007
1.61743
0.379841
-1.13964
2.56204
-0.546764
0.638327
-2.53367
2.58774
1.62029
-1.53704
-2.91494
1.62128
-0.224305
-0.480306
3.62631
-1.19679
1.61649
0.0121099
-1.48068
0.524849
1.00404
0.262093
1.27758
-0.686809
-2.44461
-3.64954
3.17413
2.98323
1.77492
-1.93848
1.73815
0.411749
-0.70326
0.347028
0.5534
1.5296
-0.852088
3.48535
2.79145
-1.66551
0.213673
1.56108
-1.77531
-1.16666
-2.07038
-2.0086
-1.36331
1.80203
2.17293
-1.45728
0.853011
2.5816
-1.29095
1.10514
0.0938184
-1.78598
1.6524
2.51973
-0.220373
-0.830804
1.26503
-1.45455
2.51855
0.373868
-3.28568
0.949391
-0.873765
0.982765
4.0858
-0.912702
4.64019
-0.440075
-0.605014
-0.0796733
2.52121
0.616688
0.0608788
1.4203
2.08698
0.187699
-0.055456
0.381725
-0.377016
2.92467
-3.21657
1.00854
0.654867
-1.64836
1.0397
2.53183
2.34653
1.60424
-0.181785
1.02378
-1.25204
0.0235157
-0.0773259
-0.644194
-0.100976
1.70673
-0.546007
0.672221
-0.405762
0.0451291
-0.49319
5.41761
-0.560664
2.38794
2.31761
0.772662
0.716966
-0.0635809
4.44274
3.06471
2.46409
0.606644
1.55108
-0.515895
-0.573857
3.04871
0.6388
-0.953853
-1.32677
3.44523
-3.63899
0.748644
2.40042
-1.24293
1.58181
-0.681556
0.480545
1.3386
0.581516
0.366319
1.44653
2.23426
1.41213
2.32044
0.878439
3.40878
1.75283
2.10688
0.227111
5.12409
3.35586
0.479875
0.305947
-0.90834
0.120626
-2.54503
-0.213885
-0.316467
-1.90514
0.258583
1.45623
0.71693
2.28598
0.73519
4.7715
0.437857
0.766248
0.616279
-0.19324
2.68544
2.13269
-1.40957
3.96991
2.66679
1.25106
0.283574
-5.33195
0.348351
-0.0852712
1.64844
-0.340236
0.767825
3.27728
3.61379
3.00705
3.10574
3.38969
2.30489
1.48654
1.95937
-0.953555
0.0581462
0.901828
2.29494
2.33196
1.25092
1.69334
2.97088
1.3157
3.97582
0.141799
0.244058
-1.19993
-1.91958
1.88656
3.81646
1.7272
-1.33959
-2.72363
0.946696
1.7071
-1.50201
3.93019
-0.439101
0.147046
-0.35446
3.62057
0.506856
0.70471
1.55463
-0.895345
0.876127
1.60592
-0.0782371
2.20693
2.04629
0.649578
1.89017
0.94871
1.08205
2.98317
0.097535
1.51493
1.71907
-2.09589
2.39543
0.0496754
-0.699327
-0.6563
2.637
0.969566
4.33051
-0.249177
-0.773419
-0.0490002
2.98015
1.27163
-2.26169
3.78389
-0.451433
0.402139
0.846782
0.740041
-2.16912
1.97453
-2.6206
4.88762
-0.421243
2.2414
0.651366
0.526439
-2.44689
-0.344801
-1.42075
-2.28013
0.233938
0.75238
1.44013
2.57446
-0.978955
-1.30396
-1.20418
-1.40341
3.64724
-0.895101
3.10933
-1.50545
-2.48423
-3.56291
1.10963
-0.526323
1.50523
2.82684
-0.213968
-0.974279
0.591604
3.66014
0.282893
0.29612
-0.365933
2.39508
-0.186712
2.79841
1.7115
0.0771528
0.0592947
3.77727
-0.789564
-0.749077
3.12476
-3.04184
0.897426
2.22918
-0.102812
-1.34619
-0.98891
-1.49696
0.955148
-2.34675
-1.63966
0.0460249
1.44054
0.58908
1.3819
-0.550394
0.100632
2.91225
-1.50386
-0.793132
-1.65473
0.610255
2.25878
-1.22274
0.470726
2.7313
-0.581135
0.33429
3.40571
-3.17882
-0.898906
1.31848
0.846469
-3.37809
-1.6003
2.52041
-1.06557
1.99344
-0.420303
-3.41069
0.267824
-0.87173
-3.91734
0.506008
0.803676
-0.940611
0.785035
0.98363
1.55527
-0.348294
-0.318831
0.155872
0.17949
-3.51859
-0.592737
0.734134
0.451477
2.67765
-0.123439
-2.13685
-0.619962
-3.49727
-0.118533
1.86503
2.11113
1.35297
3.04005
-1.01402
-0.30225
-5.21846
-1.91908
-1.48404
0.119154
0.0628587
0.532899
1.95436
-1.52046
-1.71927
-1.21542
0.575928
1.93814
1.78749
-1.43636
2.3108
-1.29793
-1.46875
1.27134
1.81347
0.516365
-1.87872
1.05251
-2.25595
1.06617
-0.0933971
0.656486
0.587396
1.92482
0.156348
0.0283788
-1.78003
-0.545501
-1.06386
-2.10817
1.23026
1.05389
-1.55939
3.39508
-1.39463
0.454216
3.31526
1.84275
1.79977
1.98365
0.91453
2.38476
3.59428
1.74118
0.559476
-0.828858
1.48914
-1.41549
-1.22696
-4.2109
2.78512
-1.915
0.844093
-2.1504
-0.228096
0.72217
1.49435
-2.70877
0.686066
0.615883
3.3741
-0.377776
0.998145
-1.76783
-1.70659
-0.150068
-0.850964
2.37326
-2.94109
-1.36501
-0.656057
-2.22258
1.075
-1.10521
1.0623
-0.66209
0.406349
0.559464
-1.28128
-3.30333
0.877756
-0.448207
0.136015
-3.1058
-1.24949
0.174819
-3.45779
-1.49768
-1.87641
0.331309
2.60873
2.47718
2.82536
0.385635
0.307079
2.67327
-1.05645
-1.04982
-0.66087
-0.354151
1.6132
1.29102
-1.02317
-0.180845
2.05815
-0.643944
-4.24419
1.2396
1.09065
0.794021
0.299959
-0.146755
1.07168
1.72153
-0.627939
0.303997
2.20238
0.233063
2.87802
-1.62102
0.823784
-1.43058
-1.54064
-0.275547
-2.55655
4.40171
-2.1796
-2.57234
1.45314
3.56132
0.436943
3.00513
0.815283
2.012
2.16663
4.08006
-0.372777
1.48254
3.81398
1.92702
1.24748
2.17104
2.16592
1.15586
-1.88242
-0.368735
-1.63673
2.6279
1.79174
0.241811
2.7511
3.20295
1.49768
-1.62651
2.41959
2.25128
1.42492
0.655038
-2.26362
-1.57798
1.0767
1.75581
0.193347
-0.350763
1.4822
3.87553
-0.106913
1.77777
3.64391
1.11188
-0.221263
0.415688
-0.0220373
1.55349
2.66083
1.83793
0.994896
1.4692
-1.43764
1.33883
1.11476
-1.26244
0.41625
-2.77905
-1.7726
0.233929
0.181729
1.79881
3.96478
-2.49723
1.25682
0.25435
0.821811
2.03822
1.1742
2.89906
3.45666
2.23189
-2.21288
0.765215
1.32713
2.96223
1.58436
0.0797568
-1.31312
-0.133887
2.1756
0.160621
-1.09545
0.479718
0.887767
-0.0129279
2.07687
0.341527
-2.0648
-0.304976
-0.0431134
3.0886
1.91267
1.67719
-0.243379
0.200364
0.595436
-1.44519
-1.35194
1.54695
-0.696423
2.52479
-3.21586
-2.23375
0.270592
0.524501
-4.07718
2.18439
2.40374
-0.366538
0.615401
1.92146
-1.37746
1.37118
0.263994
2.44687
-3.66264
-2.62706
2.53593
-1.2175
0.12634
1.83607
-1.21039
-0.382048
1.58841
2.68803
4.08773
2.6251
0.476077
2.15096
-1.60718
0.112194
0.358318
0.559627
-1.29509
-0.218384
2.34848
-1.65798
0.487255
-0.437025
-1.50378
2.12566
3.74074
1.09
1.11751
2.84183
-1.11843
-2.99774
-1.19958
0.845712
2.48595
1.23731
-0.61057
-0.608355
0.443039
1.5428
1.8983
2.99229
1.63966
-0.152099
1.37858
1.85268
3.10317
2.89242
2.08711
-1.07487
-1.13021
1.78402
3.22986
2.65797
1.30381
-1.10857
1.65707
2.16697
0.104554
-0.200508
1.31444
-1.18283
0.524164
1.97833
1.38972
0.615118
-0.386019
1.57304
2.59993
2.28173
-0.84909
2.35106
1.79428
1.87263
1.91651
-0.458946
2.8673
3.32662
2.24772
2.96004
2.79475
-0.907805
-0.168905
0.587079
-1.32496
0.944888
0.468431
-0.103659
2.00461
-0.425732
0.151888
1.2837
-0.693218
-0.473695
-2.1521
0.870334
-1.75855
-0.269017
4.05512
-3.29009
-0.231099
1.74108
0.744342
-2.12374
1.17869
1.64162
-2.84013
-1.10384
1.17427
0.747971
-0.616668
1.83434
-0.548569
2.10802
0.998157
0.192044
-2.76855
-2.16683
-3.28396
-2.78938
-3.68572
-0.0458942
1.56071
0.930015
2.41881
1.49366
0.176145
2.25186
4.1856
0.625326
-0.327533
1.30767
-0.766882
2.16924
2.19872
2.10572
1.48666
0.127101
0.132355
2.29642
-1.93921
1.05584
-3.06568
1.68779
-1.54583
0.895569
1.52725
1.44604
-4.76429
-0.341579
3.28322
0.825452
0.834659
1.00668
1.77745
2.46848
0.0415131
3.92023
1.00244
1.93947
1.07319
2.28465
-0.434372
-0.235428
0.505459
0.58773
3.95008
1.47493
-1.16568
1.75165
-0.290639
-0.0407986
1.88518
2.30778
-2.28195
-0.817703
2.67133
0.730604
-0.273225
0.612427
1.55551
0.679379
-0.998908
0.680458
-2.18897
2.21313
-0.657402
4.44512
-1.11462
1.82993
-1.62267
3.5335
0.0258417
-0.892972
-1.93946
-0.0845476
0.819011
3.84734
2.41003
0.366799
-0.0135223
-1.24043
1.00158
-2.95475
4.88657
1.80958
1.64034
0.581639
-2.57131
0.709437
-1.05145
1.13259
-0.724956
3.27535
0.200054
2.94404
1.05224
1.02994
3.38893
-0.387025
1.65845
2.4814
3.57505
0.572275
2.29135
1.80024
-1.00374
0.895782
0.00787797
0.824432
-0.657813
0.00463431
0.787628
1.06841
2.28416
-0.481433
1.04295
-0.000533378
-2.97005
2.97879
-1.56019
0.737297
0.794878
0.227611
-1.08197
2.69909
1.35203
1.28392
-0.329733
1.13641
1.30009
1.90148
2.67624
1.27914
0.940419
0.920276
0.791731
1.73972
-0.370821
2.32692
0.696919
1.77856
-0.0902671
-4.57198
2.3124
-3.0539
-0.479851
-1.31315
1.45759
-0.556349
0.758183
1.2559
1.71885
2.1377
2.81746
1.06072
-4.10231
0.182272
1.28771
2.54106
2.8559
0.855503
1.10511
-0.0687683
-0.00676893
0.0651423
0.798216
-2.20011
0.370542
0.0800294
-0.482208
4.57236
2.12364
-1.4446
1.22694
2.87692
-1.92721
-1.86399
-0.082959
2.17754
-1.29178
0.67804
1.83532
2.36034
0.438239
-2.96114
-0.435974
4.26537
4.20859
0.369509
-0.437559
1.54801
1.80051
3.00999
-0.486659
-0.384129
-1.21737
0.482325
1.3508
-0.0229041
-1.06188
-0.125551
-0.423979
-1.90658
1.65644
0.353271
0.61601
1.89252
2.18807
-1.28949
1.43869
1.02021
-2.22741
2.14125
-1.09012
2.2459
-0.0431222
-0.976687
2.04079
-1.20929
1.78903
2.96083
0.569867
0.759287
-2.26722
-0.282243
1.33799
-4.41262
-0.882004
-1.63911
-1.14781
-2.09234
-0.0524944
-0.683252
1.52269
3.38467
2.08989
0.538658
-0.406575
-0.982213
0.897217
1.69208
0.246591
-0.466643
-0.745217
1.35076
-2.80301
2.38316
1.76587
1.57272
1.03387
4.11632
-2.21528
0.880775
3.48233
2.93966
0.292992
1.00483
3.24229
-0.875109
-2.59701
2.6038
-0.125228
2.87366
0.572146
3.9526
0.117238
4.2438
1.62801
-1.13772
-0.110918
2.50709
-2.63445
-0.0721919
3.97074
1.30351
0.877991
3.31867
1.66801
4.07589
1.42422
1.25538
3.35863
0.612221
1.89697
0.4143
0.419643
1.20318
-2.22006
1.92402
-1.19466
2.03846
-0.032191
-1.84184
2.67822
1.98797
1.50162
-3.36723
4.02507
-2.24824
3.17889
-1.1397
-0.947541
1.0726
1.15065
0.0713751
-1.93606
1.88328
3.56739
-0.837149
-2.30045
-0.713205
2.23577
2.72594
0.59304
1.10222
-1.84833
0.894183
1.32384
3.05505
0.967185
-2.28922
0.111247
0.823901
-2.34547
1.75979
1.41585
-2.0089
-0.274264
-0.141365
3.96019
1.43655
2.38218
1.51406
-0.392147
0.0595673
1.407
-1.66198
2.27532
-2.46027
-2.24059
-0.407281
-1.64771
-0.980747
3.2854
-1.14381
-1.96867
-1.04039
2.13598
-1.84231
0.777227
-0.809865
0.331731
-0.791626
-0.751846
0.104147
1.74957
-0.897395
-0.845229
0.352908
-1.12034
-2.19861
-1.56757
0.287792
3.34909
-2.72154
-2.03787
-1.9346
4.00585
0.764201
3.19425
1.31634
1.85311
-0.144348
3.58839
-0.0646274
2.46356
0.0148794
2.50028
-3.17185
-0.796056
-0.210287
0.416074
1.6258
3.65398
1.36463
-3.86067
3.20186
3.63695
0.103959
2.03591
0.170948
1.51301
1.48974
2.36955
0.10126
-3.68381
-1.51835
-1.12458
0.0283113
3.68792
1.23124
-1.17846
-0.567418
1.20111
2.08346
-0.289895
-2.41524
1.366
-0.221933
-1.06656
-1.6051
1.10104
-1.80867
0.92806
-0.0584805
-2.47443
-0.241349
0.993974
2.84176
2.922
-1.77111
-0.410866
1.24825
-1.05192
-2.46356
1.47292
0.540406
-0.491938
2.86715
0.72709
-2.73831
0.197446
-2.35907
-0.329452
0.103806
-1.34936
1.08457
0.094293
1.50531
2.8208
1.1773
-1.42867
2.79227
1.09493
2.05717
5.20782
-0.94885
-5.15528
1.13485
-0.812689
3.51499
-0.702446
-0.0677962
2.29668
0.0166319
-2.81195
0.0350737
-2.16778
-2.93419
3.59378
-0.219988
3.15236
-2.56382
0.614187
4.23783
-1.6937
1.25667
3.31948
0.989117
4.3225
-0.495077
2.74045
1.25002
-0.324228
3.12571
-0.0833107
-2.23613
1.7706
2.04569
4.84316
-1.28914
1.07941
2.19788
1.07278
1.94234
-0.0709947
-0.707117
1.76541
4.39037
1.36212
0.38471
2.43336
0.127866
3.26281
2.10583
0.835169
1.53184
2.26385
-1.01437
1.64801
-0.799305
0.896464
2.94478
1.67655
0.057621
4.31375
0.837081
-3.60637
0.200688
0.556674
0.0892911
-5.87649
-0.535113
2.68091
0.985446
0.8693
-0.294731
-2.19372
-1.03205
1.27262
-1.76094
0.815524
0.239474
-1.75015
4.57474
-0.0463546
-3.22287
0.871464
2.66856
-1.71362
0.21851
2.87364
-0.895013
-0.51116
-0.649359
0.0693558
0.119193
-1.25794
2.0821
-0.478451
0.0304214
1.83222
0.616851
-1.03296
-0.805657
3.40981
-2.05737
-1.36567
-3.29827
-0.00922682
-1.01612
-0.320124
-0.855359
-1.67509
1.21085
2.90288
2.24858
-0.502392
0.359805
1.08963
0.21607
-0.262114
2.61662
-2.348
-1.33509
3.53119
0.662445
0.267321
2.16116
-2.15628
-0.513169
-1.27165
1.07079
1.4434
0.903124
1.23578
1.09823
2.45613
0.0793391
0.652863
1.78483
3.98635
1.60436
0.71676
0.518345
-1.32204
2.98596
4.21893
0.47281
0.810124
0.0115629
-0.520439
0.435278
1.92462
-0.806351
0.534213
0.786259
1.10675
-2.48121
-2.18774
2.08272
0.504673
-0.996744
1.93279
2.03336
-0.214427
1.07163
2.16575
2.98567
0.0676914
-1.56231
0.698066
0.966346
-1.11456
1.69685
0.0447537
0.13265
-2.38393
-2.20909
0.775792
-1.87969
-0.370594
1.59149
2.03194
0.517273
-0.985343
-0.592003
-0.924012
3.02723
3.60448
1.90105
-0.127759
-0.890431
1.34764
-2.85511
2.1694
0.999584
1.46112
-2.56611
0.370693
6.02727
-1.80963
1.59514
0.253162
1.71775
2.65274
3.86938
0.388814
-0.127123
0.941778
0.274729
1.76422
1.70501
-0.981902
1.8867
-0.505149
4.20111
4.68773
-0.270981
-1.39725
0.491509
-0.550481
3.0278
-0.412009
1.81307
0.692888
-0.57177
-1.24509
-0.126811
-1.77188
-0.238811
-1.41821
-1.8056
-0.63713
2.43624
3.37192
1.13907
0.564658
-1.0682
0.521031
-1.50896
-1.46759
0.8037
-1.14795
-2.22477
-3.03657
-2.44124
0.842359
-0.0272844
0.0316317
-3.07508
1.96402
1.09973
-1.3843
1.60683
-1.10283
-1.65782
0.90444
1.45721
-1.4967
1.02624
1.72335
0.266013
-2.81552
2.11654
-0.0464421
0.843732
-3.57933
2.98533
-1.45344
3.4647
0.421435
0.829566
-0.0952066
-5.35975
-1.56545
-0.706749
2.24532
0.633223
2.95914
2.19592
2.03104
0.675582
1.78349
2.87681
-1.7683
-3.80173
-1.06828
0.330334
-0.398534
0.0657408
-2.88062
1.83388
-0.377559
0.665538
3.1659
0.024495
-0.22894
0.366531
-0.761023
1.57105
1.2967
-0.665358
-1.2176
-0.309069
0.0827708
0.885398
0.787495
0.271775
0.486202
-1.43913
0.82062
0.48891
3.33082
0.28235
2.29362
-0.753661
-1.54124
-0.326869
2.17189
-1.66271
0.58226
1.24522
2.97579
1.64492
-0.00704457
0.83329
3.23904
-0.310576
-4.41724
-0.356551
-0.272368
1.36126
-0.230736
-1.39779
2.31926
2.14808
-3.84035
-0.602656
0.930954
0.11194
0.680345
-0.333411
-0.781499
-1.77265
2.15428
2.91919
2.46195
1.48134
-2.32566
1.53332
0.504539
-1.70641
1.00749
-1.74747
-2.10636
-0.856319
-0.744532
-3.51216
-1.25047
0.269248
0.730319
-0.641492
1.27843
0.0700344
-2.38426
1.63151
2.07276
-0.110514
0.931935
-0.906781
1.72084
4.32906
3.50681
-3.08758
0.888245
0.471798
-0.612169
0.586702
1.6227
-4.10885
0.244618
0.78141
0.547626
1.76507
0.42389
1.51785
-0.381184
0.338054
3.95094
-0.110371
-0.606099
-1.35276
-3.10593
-0.819387
-2.46333
0.660761
0.74553
-3.75279
0.561666
1.4853
1.47366
0.907936
-0.476974
5.02996
1.96343
1.87107
3.4081
0.225814
-0.739713
1.26332
-1.3571
-2.45638
0.423639
0.542798
2.9814
-2.62156
-0.939528
0.241823
0.342375
-0.2174
-3.36415
1.2495
-1.95879
1.96706
0.0554689
0.556156
-0.844829
0.445238
2.84014
0.840111
1.06674
-1.50996
2.51819
1.74991
0.0219911
0.276062
0.829112
-0.688238
1.1217
0.102377
2.66868
-0.4343
-2.4047
-2.09218
1.71714
0.948092
-0.476536
1.84278
3.58458
1.13944
0.14606
1.34751
-0.598912
4.21646
1.78784
-1.75524
2.07248
-0.177453
0.432345
0.553571
0.546618
-2.25278
-3.98917
-2.22149
-1.19113
0.712059
-1.17763
4.40234
1.47957
1.76773
-1.32611
-1.46924
-0.908469
0.0916288
-1.46857
-1.55802
2.9765
2.64367
4.32645
2.3919
-0.295787
3.74782
0.989325
2.00046
-0.738552
-0.737511
0.274232
0.173092
-3.55759
-1.95629
0.809472
-2.41886
-0.982841
-1.22773
-0.82351
-3.38668
2.30914
2.2315
0.875423
1.88519
2.00809
5.50662
-1.56996
-1.08457
-1.5511
3.17067
2.98693
-1.09154
3.66913
0.83253
1.22996
3.33978
2.08044
2.96029
2.52972
3.68247
-0.227027
2.82252
3.73879
0.0582993
4.53368
2.68095
-0.234448
1.60927
0.509308
-0.206485
-2.47943
3.28202
1.88866
2.25906
1.16721
-1.54024
0.847325
1.33914
-0.275849
-0.557119
2.37047
-2.79934
-0.453409
1.95741
3.21325
-1.64045
-0.533087
-2.28469
-1.59862
2.28956
1.42117
-1.8433
-0.43008
4.42865
1.76956
2.12582
0.991348
0.0675884
1.78423
0.916146
-0.0840061
-2.63512
2.20189
-0.87404
0.508324
2.72752
-4.08281
2.84501
1.43228
1.45671
2.14153
0.123452
-2.31984
1.86749
4.35055
3.34279
1.23821
-1.08898
3.25083
1.19151
3.06152
3.77632
-0.576653
2.15512
-0.425186
-0.662783
-1.00001
1.28228
-0.595255
-1.19217
0.269329
0.0839554
-0.687854
0.120552
1.83988
1.10359
1.22707
-0.547463
0.631695
1.25924
2.74881
-0.542532
-0.846195
-0.274261
2.93817
2.80533
-0.562381
-1.15424
-1.66973
-3.17965
1.70184
1.17414
2.91978
1.01656
-0.263898
-1.0123
1.89179
-0.80623
-0.100607
3.59688
-0.773534
0.589086
-1.37611
-1.23929
-4.83628
1.43993
1.52929
-0.235252
-1.50254
1.28389
-1.5446
-0.459863
-2.63894
0.57928
-2.29895
-1.51583
0.403251
1.03927
0.752248
-3.48657
-0.830067
1.52906
-1.37839
1.38845
0.293903
-0.790119
-0.0345292
-2.22496
-2.73805
-0.155439
1.85578
2.24155
1.17994
-3.24344
-1.01295
1.2026
3.72305
0.543354
-2.32019
0.766822
3.08637
2.30958
0.973763
0.654214
0.437049
2.48826
2.58049
2.45403
0.295749
0.905104
2.09412
2.61425
0.61565
3.20786
3.87886
1.12391
-2.0617
0.302587
-0.940607
-2.13528
-0.0814792
0.772509
3.54215
-2.53331
1.55208
4.1301
-2.13546
2.49881
-0.272781
4.85717
1.13613
0.328365
2.67869
-3.22278
0.13304
-0.596314
0.294508
-0.0566451
-0.619662
0.164742
2.91365
-0.495044
1.70656
0.120161
1.81668
0.16645
3.59819
-0.41711
-1.87919
0.164534
-1.18296
0.99567
2.17678
-1.12625
2.07529
0.0295041
-2.84453
-0.533401
1.38349
-0.518325
3.38341
-0.167506
1.62986
1.41919
-1.62154
1.02233
4.36742
1.69745
-0.956924
0.365976
0.961904
4.79422
1.62512
1.35411
-0.338295
-0.669155
-2.3816
2.07524
-2.21347
-2.41215
1.17966
-0.41676
2.32
-0.629574
-1.75372
0.813656
-3.93389
2.85775
-1.28311
1.45901
0.495576
-0.783375
1.10881
1.69445
-0.388128
1.34389
2.81719
0.623281
0.73234
3.50171
3.48291
-0.912902
-0.458486
-1.8781
0.563578
-1.45943
-0.320156
-1.00266
0.832699
-1.71861
-2.73145
0.589151
1.94609
-1.43556
0.134877
2.67085
-0.510224
-1.41033
-0.988685
-0.28271
0.724855
-0.0798187
0.58772
-1.19705
-1.17149
2.91281
2.27221
-1.96672
2.80541
1.3854
0.551306
5.14651
0.0241305
-0.3439
0.338095
-1.59639
2.63793
1.01685
1.33343
-1.15762
2.06198
-0.265828
0.173432
-1.25934
0.158238
2.05329
2.03688
0.355395
-4.56026
1.4036
1.78141
3.80414
2.42983
-0.322791
0.632906
0.327562
-0.296477
0.108277
4.04364
-0.608197
2.14436
2.31193
0.838378
-0.100814
1.29298
-1.42381
-0.567635
-0.368979
-4.44634
-1.17885
1.02604
3.01558
2.63806
0.463546
-0.46924
-2.15026
0.0594067
-1.39996
2.38335
0.840433
0.498164
-0.35635
1.53465
0.296466
2.25995
0.864554
1.59409
3.11681
-1.49903
-0.698983
-0.846739
-0.203271
-0.464604
0.395067
1.71662
1.81153
2.05564
0.023232
0.43022
0.53901
-0.97782
0.657198
4.19418
2.57113
-2.35507
-2.96379
-0.25397
1.90334
-0.346142
-0.904664
-3.1443
-2.57831
1.23283
-3.9197
2.05145
0.417326
2.07622
1.76745
-0.724227
3.51869
-1.22719
-0.697796
-0.479809
-0.557173
-2.05164
-0.594254
0.132323
-0.777728
1.67895
0.101474
-1.62195
-0.927503
2.60731
2.37273
4.60879
2.47748
-2.31547
-1.3757
-1.4313
0.586851
0.688015
1.99493
2.57033
1.48008
-2.6082
0.374019
-0.536264
0.499607
1.18168
-1.57307
1.88728
-1.0101
0.700052
-3.2625
1.04297
-2.48842
-1.92541
-2.5654
-0.886242
-0.718397
-0.223349
2.61065
-2.45813
1.20543
-1.37246
0.561707
0.0175916
1.0394
2.45901
4.77992
3.83629
3.5345
-0.312591
-1.24589
2.40582
1.44152
1.9636
0.115529
0.233019
-0.264519
1.99058
2.64695
1.52124
0.79317
-1.72187
-3.02793
2.7573
1.21995
3.82975
-1.14092
-1.95643
-0.599752
-1.01454
3.49475
0.663166
-2.67613
-2.288
-0.815398
-1.41428
3.07948
-1.34683
0.896087
-1.10332
-0.404081
2.75466
1.41793
-0.486926
-4.16806
-0.195688
-0.717904
1.56117
0.90517
-0.188383
2.55344
-2.3721
-0.67502
3.34299
2.07777
0.742392
-1.17212
-2.59331
-2.08918
0.951372
-2.63277
0.243169
-2.74162
-0.532785
0.645303
-2.8228
2.54665
3.39961
2.10288
1.55673
-0.356237
0.642583
-2.69079
0.0673664
0.192279
-0.139672
-0.544928
1.15362
-0.823593
2.30676
-0.149343
-1.2915
0.689816
-1.66359
0.971282
0.767383
0.217576
4.04059
0.892606
-0.436269
-0.7177
1.13702
0.535009
-0.398795
1.98769
-0.223239
-2.79786
-0.293056
0.102168
-0.374915
-0.527768
3.33629
0.14513
0.393059
0.670933
-0.342984
-1.0533
0.677096
-0.773529
0.39517
1.88043
0.182415
-2.34799
0.963492
0.646775
2.87016
-2.44461
-0.963159
-0.567661
1.59618
-0.153356
-1.9207
3.58934
-0.0740679
1.97974
-0.704786
3.11354
-0.893129
2.43981
0.467388
-0.183166
1.80285
-0.201785
3.00662
-0.293966
1.37469
0.676453
0.971741
2.00702
2.27333
1.30933
-1.49486
0.116624
3.0464
1.35251
-0.671812
-2.43837
-1.19911
3.1093
1.55732
-2.49886
-2.05896
-1.8647
0.317917
-2.14116
-3.11417
1.99058
2.78702
0.626603
1.25452
-1.37571
0.936163
4.30524
-0.735536
0.0491768
1.71794
2.51958
1.18718
-0.0656536
1.93052
4.00761
2.47634
2.91967
-2.18268
1.39552
1.38936
1.88056
1.84504
4.09021
0.061855
0.567397
-0.165643
1.54478
2.75136
2.35164
-2.33776
0.6892
0.28873
-1.06246
4.47386
-2.07171
1.85621
-0.680189
2.10739
0.648859
-0.760442
-1.70325
-2.99899
2.30944
-0.851029
0.677297
-1.54299
-1.26306
2.13888
2.70891
1.2623
2.5815
1.08798
-0.882052
-0.884774
-0.24134
-0.637764
4.01592
-3.34254
-1.36969
2.52228
1.12135
0.73958
2.59001
1.31031
-0.152093
4.84233
0.350218
5.07553
-0.82957
0.604271
0.771908
0.910227
-0.43344
-3.59616
1.11831
-0.926016
0.774687
2.96991
2.77889
2.87189
-1.45414
-1.71523
2.40223
2.0095
3.98151
1.31717
4.12454
4.30658
-0.221638
-1.76446
1.88711
0.37786
2.74649
-0.0666586
2.00591
-1.13211
0.55784
1.58963
-0.155269
-1.16833
-0.682904
0.441324
-0.0366131
0.361684
0.968828
1.50931
4.10655
0.758194
0.56496
2.20475
0.869978
-2.14205
-0.0539109
-1.82157
-2.20613
-3.2813
2.49933
0.0998311
3.92278
2.60293
-1.82127
3.69642
-1.0527
-2.60577
1.86264
1.40198
1.67119
-0.615619
0.397976
0.158283
1.3324
-1.49683
0.667704
-0.0394377
-0.594459
1.35619
1.53754
3.05059
-1.41124
1.73534
1.39109
-0.0343755
-1.35583
1.82058
-0.371963
0.412491
0.141904
-0.99261
-2.08465
-2.57521
-0.0225576
1.16637
1.91477
0.0972336
1.03336
2.0384
1.45447
1.44762
0.562912
-1.31855
-0.134263
2.02008
2.10694
-0.671344
2.48781
-1.10905
-0.436945
4.87697
-1.75305
0.324094
-0.0352929
-0.0926405
-0.489549
4.61276
-0.407859
0.109619
-0.159398
-0.357185
-2.03754
-1.60914
-0.588847
2.74586
3.21651
0.210233
2.81667
4.44189
-1.30299
-0.404473
-2.04247
0.893078
3.12902
-0.425377
2.68509
1.04477
0.65947
-1.71971
1.14279
-0.731915
-1.19009
-0.317072
0.965704
3.82272
0.829282
2.24235
4.03983
-1.16269
-0.281089
-1.21476
0.0736636
-1.0983
3.64745
3.1108
0.947963
1.03163
1.86645
1.60254
-2.19702
-0.657464
0.831312
1.11165
-0.276232
3.89359
0.804147
-3.30459
-0.353905
1.53918
2.34561
-0.847512
-0.971856
4.11999
2.07062
1.18315
-2.70573
0.473093
-0.14506
1.34409
-1.2955
-2.0173
-0.0509543
-0.00253615
0.184479
2.64354
0.526776
3.30392
1.68253
2.11781
1.05
1.60565
-1.2181
0.764621
2.46941
0.125074
3.76153
1.7813
0.697971
-1.20426
1.76302
-0.094976
3.21463
2.44029
-0.835114
-0.361532
1.15667
0.715518
-3.17656
-1.69573
2.87476
0.471154
-1.76425
-1.5107
0.621708
-0.430505
0.927666
0.506852
0.740237
1.46653
1.65047
0.383867
0.982885
1.2749
1.70258
-0.426432
-2.0562
-2.72156
0.925978
1.14953
3.16027
0.157397
-0.893303
-0.419237
0.195832
1.7174
-2.69102
-0.377109
-0.999195
-0.881138
1.67759
1.17463
-0.622521
1.84901
2.85828
0.268672
-2.31547
-1.82751
2.12301
0.976569
0.77892
1.00538
-0.785223
0.37373
-0.357732
2.22878
1.37666
-1.19222
1.67963
1.76102
0.179457
-3.20212
-1.1216
-0.0773737
0.346742
1.64156
1.51159
-2.4305
1.18107
-2.0658
2.31812
-3.25477
2.08444
2.83325
1.03083
0.233779
-0.410985
0.213677
-0.251612
2.26354
0.69289
-4.70612
2.83072
-3.51788
0.696929
-1.80546
2.0508
2.73557
-1.89166
2.43439
-0.928951
-0.278061
-0.222384
-0.123297
1.45335
-0.832392
-0.604824
-1.78544
0.495962
-1.31096
3.83052
-0.00420913
-0.0846453
1.30791
1.77449
0.998503
2.32701
4.13507
-0.506828
-2.81753
0.887917
3.80196
-1.54333
1.28377
0.282859
-0.0584642
1.39584
-0.563807
-1.67111
-2.4666
1.49886
1.63614
1.48878
-4.02474
1.50526
1.43368
-0.211407
-2.65763
-0.287531
-0.159779
-1.14982
0.461889
2.06044
3.64979
-3.83751
1.82469
-4.78382
1.9762
-0.723432
-2.37535
0.849938
-0.38971
2.5954
-3.44253
1.33145
-0.228178
1.74463
0.135432
0.481146
0.593058
3.39268
-3.52166
0.263076
-4.35101
-0.254933
0.401487
0.873856
2.55245
-2.18872
0.334172
-1.02622
-0.78938
0.903809
0.0862243
2.6442
1.08361
-0.021568
0.306795
5.21669
0.884888
1.01085
-0.264474
-1.69524
-0.807483
-2.04008
0.939008
-1.68657
0.0729296
-1.81305
-2.15507
-0.645734
-0.12167
1.52031
0.283249
-0.202707
1.14275
0.302857
3.87604
0.977446
0.554971
-1.39043
-0.068659
1.65939
2.1397
-2.20228
-0.337204
-1.19065
-1.60457
1.17706
-1.82337
0.123984
0.0363668
1.68824
-3.04523
4.08814
1.59691
1.1486
2.06783
1.20619
-2.7819
0.620977
2.55432
-0.0848438
0.37755
-2.36178
1.35519
0.689669
4.24006
3.22464
-2.31688
0.626709
0.234565
-0.214118
-1.13666
-0.492059
-1.03634
0.137226
-1.76744
2.34662
0.828902
2.37907
-3.43864
2.30792
3.52702
-0.289363
0.353442
-0.936475
-1.59388
-0.76019
-1.05714
-1.72667
-0.0843359
-0.957409
0.23397
2.28387
1.14327
-1.76611
2.29513
3.12295
2.14719
2.25372
0.512162
2.0341
-0.587528
2.33596
0.363962
-1.81057
-1.22907
-1.69423
1.00242
0.0648073
-3.69605
2.764
1.06637
0.868159
1.8511
0.112239
-2.87748
-0.164828
0.221821
-1.10977
-0.632495
3.72925
-2.21611
2.10605
0.177691
3.12942
-2.83434
2.94103
1.23981
1.87078
-4.02788
2.27494
1.16025
4.06626
-1.10222
-1.93218
3.53402
2.39028
4.40911
0.136009
1.50961
0.682188
-2.32233
0.965767
1.97936
0.0961868
-0.148501
0.814281
0.857375
-3.04839
0.516759
-1.80101
0.75387
-0.544338
0.0569656
-0.399242
2.21717
3.08038
-3.44727
3.31815
1.60091
2.26124
3.71516
-2.12914
0.776295
-3.71686
0.16445
0.671749
1.3871
0.763543
3.12936
0.853058
4.05056
0.988266
4.47646
1.60299
0.00313849
0.603059
1.17513
-0.114778
2.10605
-5.62436
-0.22521
-1.22918
0.424125
0.877044
4.72401
0.607167
2.14155
-2.85221
2.12118
0.296038
-0.0699617
-0.523255
1.00417
1.41895
-1.4009
-0.737284
2.08891
-0.172962
-0.843231
0.0678617
-0.984453
3.31784
0.0390689
-2.96629
0.364523
3.42149
2.25636
-1.75003
0.0121946
3.66587
2.11147
0.891478
0.853692
0.991949
1.71006
-0.829043
0.202822
2.8832
1.37005
-3.58172
-0.38317
-2.15102
0.942023
-1.3923
-0.130785
-0.589639
2.30791
1.61965
-1.10265
0.0557647
1.7012
2.45759
-3.01466
2.27251
0.979381
0.575518
-0.292906
-0.177172
1.23832
-0.205258
3.68982
-2.28148
-1.40048
-1.1569
-1.35456
0.885302
-1.67369
3.89655
2.91468
-0.975678
4.43504
0.652764
-1.98974
3.47009
-0.0119186
2.50669
3.49358
1.66515
1.33122
-1.22757
0.924954
-2.12281
0.131017
-1.3461
-1.11799
-1.16191
0.76824
0.62953
1.32049
-0.904459
1.11032
0.188851
3.69151
1.08639
-0.299977
0.326379
3.03526
-2.82117
3.22793
0.804368
2.76726
0.88088
0.988253
-0.958058
1.39964
4.6403
0.730731
-0.402668
-0.640305
-0.092196
3.12956
-0.252643
-2.8741
-0.745367
2.77085
1.46772
0.539606
2.06976
-0.0510992
-0.363512
-2.1594
-0.521774
-0.909916
-1.41108
2.20772
0.259925
-0.774981
-2.2788
-0.693039
2.27746
3.22395
-2.12463
0.371869
-0.710678
2.40909
0.224118
-1.90656
2.08048
1.40653
-2.01787
1.3713
0.369368
1.46011
-0.745885
-0.186983
0.143763
2.80548
1.30466
-2.15044
-0.376233
4.33379
-1.17009
-3.39242
3.02932
2.69563
0.0206104
0.530663
0.103514
-1.01223
1.77702
-0.217881
2.84651
0.17331
-0.925147
1.10199
-2.19468
0.0179222
-1.90395
0.113811
1.33894
1.08815
-0.770622
-0.964193
0.856214
0.412453
1.73329
-1.61537
-1.9971
0.765347
-0.31863
-2.91684
-1.79384
-0.168704
1.37921
1.86685
0.600973
-0.66518
-2.10623
1.01017
0.701527
0.158602
1.68857
1.61578
-0.963084
0.895799
-4.19065
-0.333633
3.74685
1.08683
0.467165
0.553666
0.197017
1.0751
1.19958
-0.260222
-1.3668
-1.3628
-0.264404
1.56072
-3.18081
-1.5283
-1.17804
0.183847
2.36821
-0.39423
-1.79545
-0.29412
-4.30361
0.880845
-0.579138
0.50999
3.35936
1.00835
-0.162623
0.909024
1.38046
0.500743
-0.509744
-0.134305
4.0824
2.32077
3.2361
1.13105
2.71354
-0.450249
1.30703
2.31602
-1.30347
1.56476
0.32755
-2.63977
-1.77848
-2.19827
1.02647
1.39995
1.35562
-1.7051
1.31909
-2.06132
1.40333
0.962107
2.28563
0.418073
-0.720796
1.94616
0.122145
2.84674
-0.392123
2.25482
2.00109
-0.676092
0.0071872
1.67754
0.506171
3.3735
1.94339
0.949969
2.07793
4.11581
1.02396
1.29327
1.66492
-0.705635
1.3055
0.530178
4.0006
3.11917
2.50473
1.32241
0.71146
-0.930195
2.87346
-1.16803
-2.42324
4.5019
-2.81246
1.48754
0.316433
-1.99712
0.503022
3.54539
-1.25439
-0.927018
0.644921
-0.209524
1.97024
-0.835938
2.38175
-2.20596
2.42528
-0.217642
-1.28581
0.874529
0.925702
-1.27915
0.452187
-0.627227
3.76738
2.52953
2.92327
3.42363
1.84795
-1.45143
2.82771
-0.134749
1.30005
2.91392
2.3702
-0.967429
2.06857
1.60426
-0.787312
2.24971
0.131223
-0.949865
2.65011
4.89796
3.09182
-1.31466
1.07426
-1.32347
-4.20004
1.1924
0.478158
2.94563
-1.38217
0.8087
2.8411
0.162874
-0.450023
0.345008
-0.736614
2.0386
-0.99319
-1.62507
2.78398
-1.55393
-0.355284
3.07427
-0.0735648
0.637482
1.15842
-1.43323
4.44137
-0.0109862
1.19752
1.34429
0.490831
-0.346938
0.491824
0.555477
-0.242427
3.22687
-0.441063
1.47557
2.02905
-0.27049
1.62633
-0.146748
0.815734
0.31408
-0.290042
0.91102
-1.09483
0.62654
1.28025
1.49148
4.77788
-1.30543
1.53975
3.16642
0.235564
3.74649
0.143299
1.54586
0.796521
-1.93599
3.83657
0.384608
1.77039
1.39822
0.613564
3.55511
-0.910489
4.62307
2.07484
2.97394
5.55707
1.5198
0.772145
-2.28474
3.70568
0.183401
-0.590049
-5.71487
1.0667
-2.87764
1.39231
0.130401
5.08407
2.3155
-0.385052
-1.05915
3.03153
-0.418661
-1.17085
-1.3104
-0.741819
-2.1097
-3.33742
0.515292
0.0635726
-2.59287
3.5823
0.330525
-1.77013
1.04312
1.01913
4.11478
3.16477
0.547501
1.60139
-2.99485
0.240229
1.84898
-0.377301
0.0775121
2.38372
0.895314
-1.52569
-0.136899
0.582827
3.32775
-5.77301
-0.258858
-2.92687
2.26259
0.0216113
-2.16724
0.606043
-0.196046
-0.317265
0.171053
-0.515969
-0.412441
1.94048
0.429772
1.04137
1.5759
0.125252
1.56628
1.63523
0.282198
3.79711
1.40242
0.0670643
4.878
3.18263
2.12744
1.45505
-0.893572
1.95368
-4.63158
0.849241
-1.75686
2.51524
-3.84021
-0.868966
-1.15899
0.960071
0.709313
0.300868
2.04609
-3.97396
-0.103119
-1.93761
-0.331481
2.75086
-4.41845
2.34588
-1.85259
0.117571
-0.607213
0.484632
0.159899
1.05364
1.48883
2.52354
0.161768
1.00266
2.47359
-1.38808
-0.0531112
2.78069
1.18716
1.36591
3.83246
1.9905
2.99141
-1.60459
0.726174
1.16138
-0.0369638
3.88662
-0.760846
-1.67543
1.01564
1.17287
-0.938279
-0.719593
2.13934
0.154362
-0.610614
3.13734
3.98921
-2.69019
1.04952
0.706166
2.7486
-1.01614
1.42443
2.68279
-6.35656
1.83805
-1.22878
1.38331
-2.38987
0.0025763
0.826931
-0.281671
1.25169
0.67378
-0.35331
-1.72487
-0.126583
1.27553
1.13591
0.323585
3.22547
1.4071
0.828497
1.3092
1.37432
2.52903
0.455469
1.89056
-0.0205196
1.51601
-0.842868
-2.3808
-3.03397
1.04631
0.548961
3.78762
1.23878
-0.981727
1.93296
1.48749
-0.428176
1.53582
2.36656
0.618461
2.81371
0.90024
-2.04287
1.65535
0.470134
2.27261
1.09141
-2.4289
-2.87688
2.19399
-1.25921
-1.8128
1.07099
1.36115
-0.999082
2.35504
1.73592
0.844856
-0.370052
-0.896138
1.6186
-0.288392
-2.76823
-0.436814
1.16349
-0.777428
-2.73001
1.10882
2.37058
0.847842
-0.556373
-1.95787
2.44554
0.668751
3.78498
2.00271
3.08605
2.9438
-0.305747
0.387777
2.60098
2.52796
-2.00662
2.33603
0.296041
-0.863297
1.61958
-1.10633
2.01481
-1.08892
1.21748
1.18721
1.45239
-2.77407
0.900775
5.35975
-0.958788
3.74413
2.50002
-0.104411
0.94064
1.66554
-0.200575
2.4838
-2.15848
-0.818932
0.345822
-5.31445
-0.29532
-0.600256
2.99352
-2.46037
3.00375
1.15523
-0.00892679
-1.85751
-2.60567
2.03925
-1.46214
0.0290128
-1.15251
-0.829395
-0.329333
1.8773
-0.429247
0.336029
0.405705
1.0626
-1.22011
0.986423
1.07768
0.35932
0.680256
1.3521
2.68173
-2.0294
3.29094
1.14992
-1.34804
-1.65684
2.63577
0.706568
2.10314
1.28438
0.918682
3.03655
2.17113
0.210744
-0.382327
0.703318
3.20313
0.913896
-0.492898
0.850021
1.34284
0.302616
0.145616
0.782487
-2.13833
-0.631935
2.40087
-0.398935
1.20428
2.86109
1.15605
-1.46665
-0.0682432
0.410735
0.595211
1.72835
-0.469042
-1.15883
1.9533
0.124713
2.5032
3.52965
-2.45682
-0.570889
-0.54927
1.42096
-2.12607
-1.97202
1.4126
0.486148
2.11652
-1.13052
-1.66974
0.980854
1.27672
-0.432068
2.69838
-1.97523
4.32241
-0.28935
1.3766
2.23039
-1.05579
-0.622433
-1.78978
0.293081
0.338903
-1.62824
-1.65388
0.469271
-1.50043
1.18651
1.87556
-1.15582
-2.04544
2.27591
-1.54955
-0.0642518
1.25793
-0.350069
1.08466
2.94365
0.787087
2.24758
0.840506
-1.94247
-0.303743
2.24739
-1.20065
3.50406
0.908382
-0.290239
2.92155
2.06867
2.05347
-1.7685
-5.07577
1.11787
-0.884859
1.42656
-0.619129
-1.07122
-0.449985
-0.233996
-1.39516
0.649974
3.15359
0.75388
-1.83298
0.732098
0.0424817
0.260102
0.0269892
-0.639728
-1.35801
-1.63185
1.28696
0.0199484
-2.26038
-1.18842
1.41193
2.05273
-0.754046
1.33988
2.40092
1.76516
0.410974
1.03482
1.20385
-0.734258
4.5337
1.60206
1.25968
1.42264
0.632199
-1.60346
-1.60976
1.14286
-1.14727
-0.664508
0.405617
-0.953903
-1.16318
-0.755883
2.11178
0.298172
3.22013
-1.2003
0.786931
2.71034
1.00945
1.86366
0.921725
-1.99295
0.70676
0.587917
-1.26647
0.503297
-1.30793
0.19744
-0.792461
0.881695
-1.82577
-0.758641
-0.235232
2.1252
-0.224888
1.7081
2.85733
-1.06813
0.342286
2.41711
0.789433
3.63483
2.35267
-0.523079
-1.52274
1.50651
1.71385
-0.543949
1.288
3.12016
0.547393
0.762309
-2.8716
-1.27793
1.13837
4.54781
0.145231
1.99459
3.3584
0.177188
-0.593983
0.2428
-1.34375
1.10933
0.922687
-2.37603
1.02837
-2.25025
4.88622
1.66076
-1.70364
-1.6281
0.944398
0.262007
3.00475
2.66715
-0.0821488
3.71908
2.6403
0.44018
2.21589
0.912584
-2.83272
4.89928
2.55913
-0.733569
2.01456
3.40428
0.11751
2.43151
0.0421897
0.613223
0.825997
2.84657
4.93869
-1.11595
-0.498462
0.609841
0.076207
1.96383
-2.25569
2.17908
1.54304
0.603881
-2.28595
-1.03383
2.87893
2.82623
3.0329
-0.403865
-0.701194
0.918893
1.45063
1.1967
-3.61529
0.917127
0.10326
-0.0656286
0.466586
0.0549687
1.06067
3.08196
1.75234
0.316875
2.18634
3.78147
-2.02112
-0.129133
1.58097
5.78551
3.45417
0.896138
4.24927
2.30697
-1.73922
1.90797
0.295889
-0.54761
1.62883
0.407516
0.516821
-0.623632
-4.46267
-3.86127
2.82689
-2.71731
4.7426
1.83055
2.77768
-0.625939
2.06229
0.348992
-2.78157
0.444093
2.23815
-2.91812
0.350314
2.12877
2.34983
-0.570924
-2.30196
-1.83076
2.79758
1.44995
2.53148
1.28817
0.910822
2.19974
3.37103
2.06495
3.77357
0.280302
0.428202
0.0715561
-3.41206
1.13261
0.953507
-0.195567
-4.90316
0.443322
0.063027
-1.6853
-0.564358
2.45121
1.56045
-0.549786
0.158613
-2.72074
3.46954
0.0077805
-0.114364
2.4988
1.94692
0.804991
2.33424
6.32429
-1.65627
-0.247896
-0.301858
-0.593025
0.0586338
-1.07647
-0.125897
0.963807
1.23733
0.832424
-1.28672
0.246463
-0.256536
0.047526
-1.42657
2.00912
-0.430296
-1.77616
1.815
-4.08656
-0.0577977
-0.676915
1.38759
-1.98638
2.23965
-0.701632
0.281204
-1.37389
1.98712
-2.04643
1.73763
-1.91502
2.30609
2.27511
-3.82498
-1.42667
3.56659
0.740598
-2.40219
1.19667
-3.18855
3.98719
4.7001
-1.27047
1.54382
-0.33536
0.645169
-1.95048
-0.517016
0.415514
2.41394
2.46028
0.774242
-1.59125
0.679523
0.56197
3.69006
1.61123
-0.35432
2.13244
-0.281932
0.811841
1.13178
-3.68068
1.44614
-0.266827
3.06001
1.36611
2.72906
-1.21664
0.570696
-1.18036
1.07335
1.40455
0.325924
-2.54871
0.970895
0.30332
1.3901
-1.95835
1.95869
3.16719
-1.56892
-0.549095
4.1609
0.819208
1.85862
0.926031
0.540352
-0.63543
0.244594
-1.85015
-1.49969
4.38869
-0.922182
-0.993521
4.23675
0.844341
-0.603343
-2.21417
2.18008
1.23812
-0.234296
1.15971
-1.91384
0.685366
-0.996958
2.30611
-0.0551418
0.604098
-1.92025
-0.187936
0.218031
0.958059
3.25418
3.21562
4.02989
3.24705
0.655387
1.26644
0.628573
-3.44669
-0.562261
1.6191
-3.73006
2.33316
2.22371
-0.0207686
-2.12194
-0.400566
1.42061
1.63074
0.290276
-1.08812
1.13138
-1.71925
-2.0087
1.56681
0.159059
-1.18567
-0.632348
1.99608
-0.143208
0.78733
0.636746
2.38466
0.168422
-2.64076
-0.382396
-2.79088
-0.218513
1.25707
3.35614
3.67939
2.04083
1.16275
-1.764
1.89651
-2.99177
-0.275866
-1.75142
0.213751
0.543914
0.987742
2.03369
3.67753
0.963206
1.20419
4.52695
2.20229
0.890948
-2.56551
2.51768
-0.222787
1.28
4.09842
0.525982
-0.935178
1.59248
-0.0757859
2.58234
-0.274962
2.031
2.67419
3.09774
2.1712
1.48543
-0.01072
1.74166
-3.27519
0.913193
1.49686
-1.70273
-0.0217378
-2.55224
-3.33161
4.19358
3.06275
1.37701
0.624455
0.672653
-0.262511
-1.81547
0.268956
1.57014
4.75128
0.0169221
2.39776
2.16103
2.26066
-1.12586
0.846268
2.55298
-1.23778
-0.45077
-4.28635
-2.50514
-0.273663
-2.91374
1.60135
2.31627
0.865918
1.19192
-1.37597
1.83447
0.316649
0.330576
4.15522
-2.27297
-2.84155
0.650417
-1.62952
-0.410637
0.960476
3.45058
-2.18825
-0.0283381
-0.129709
0.576656
0.836238
-0.221816
1.84814
0.313642
-0.556782
-1.09298
0.592352
1.84904
2.31725
-0.295008
-1.70458
0.561693
1.94665
0.850665
-0.952534
1.68622
1.95479
-0.681347
0.484744
-0.107604
2.30449
2.09911
2.14767
-0.0890467
-1.37001
3.7908
0.752161
2.08391
0.867137
-1.39087
1.34057
-3.19444
-0.527747
0.301389
0.952781
2.26301
-1.00479
1.13196
2.76775
1.10411
-0.991494
2.36392
-0.281303
1.66906
1.50465
-0.230689
3.48424
1.18649
1.17311
-0.55609
-0.543241
-0.953135
-0.215007
-3.82394
-4.30181
0.549598
0.0791959
2.58751
2.36015
1.01978
-1.22554
0.584571
1.45688
0.755556
2.7107
-0.291343
0.703435
0.916725
-2.94325
0.895773
-0.676194
0.52296
2.7975
-1.4417
2.01079
3.48533
-0.375076
-2.25959
-1.17471
-0.171728
-1.92108
2.57763
-0.614828
2.52781
0.0610357
2.1681
2.28468
1.5892
0.378082
2.68269
-0.0180893
1.81566
0.701925
-2.4082
2.56742
1.92541
-0.735685
-0.89039
-1.34646
0.183978
-0.504309
0.500186
-1.24453
-0.485844
-0.239939
3.42416
1.42906
1.98517
1.01575
0.672723
2.25865
1.17246
0.762107
-1.65137
-0.119407
0.545006
0.417757
-2.74886
-0.367114
1.35978
2.87835
2.97887
2.15962
-0.724644
1.48048
1.51319
-0.197475
2.50766
2.29992
2.04967
-1.22641
0.81162
-1.54484
0.26826
1.78895
-2.18834
0.826825
-0.482916
0.401639
-2.87899
-3.29607
-0.703348
1.88056
0.866636
-1.17711
2.02966
1.34931
-1.11402
1.55783
2.74923
2.65628
1.10081
-1.14079
1.83882
3.73896
1.47553
3.66582
-0.632751
2.42924
1.59605
1.8812
1.06597
0.927262
-1.80517
2.76723
1.07846
-0.589364
0.625604
2.82575
-0.280876
-2.13198
3.18928
2.22316
3.55564
1.23246
2.45
3.22939
0.334103
-1.90704
1.709
1.06838
-0.0966257
-1.78291
0.817506
1.22197
0.458132
0.535603
3.04276
1.34497
-0.899412
-1.3546
1.44212
-2.06872
0.726803
2.75554
-0.591206
1.7052
-0.0808988
2.11565
-1.36353
-1.62461
-0.815358
-0.32319
1.90916
-0.885451
-1.89886
-0.280382
0.235403
3.6717
0.219308
-3.31549
1.14514
-0.334769
0.488908
2.96386
0.17252
1.52035
-1.58832
-1.22256
1.91469
0.403069
2.06949
0.916813
-1.32917
3.27699
2.96765
2.4556
0.111111
3.1836
-0.483701
-5.46471
1.52068
3.29521
1.13355
-1.13092
1.63896
0.96454
4.38622
0.512124
-5.43515
-1.93896
-0.449264
1.17986
1.04049
1.8663
-1.81997
-2.00522
2.01761
0.304238
-1.07858
1.63704
4.19561
-1.00785
-0.507996
3.59793
-0.145855
-0.954464
-1.26687
2.27622
1.18814
-0.415456
-0.384952
1.85305
-0.693035
1.14386
-2.86203
-1.3498
-2.28856
0.566896
-0.417272
3.3111
1.12767
2.57122
1.00302
-1.93128
2.20401
-1.92928
0.925042
-2.14892
2.36588
-1.25691
0.374872
-0.907391
0.372631
3.12979
0.981525
2.66063
3.16026
-0.449407
-0.436681
0.461105
-1.85671
1.18647
0.85775
-2.50593
3.0458
-0.0368891
2.2913
0.921933
-1.65255
-1.27094
-3.81858
-0.279765
-2.00319
0.73226
0.539872
1.99444
3.41844
0.665198
0.116859
1.675
3.12215
0.470419
0.230448
0.653961
0.964351
-1.55205
3.37349
0.0347292
1.5612
0.647484
0.92019
-0.348799
1.70604
1.24658
1.81015
1.21855
-3.44679
0.0714359
1.53777
-0.276573
0.251878
4.48561
-3.29685
1.27367
-1.83778
-1.05134
1.42684
-1.73141
-0.776472
0.942748
-1.68469
-1.19127
-0.912764
-2.46168
1.78705
-2.74967
0.0382521
-0.082559
2.71928
1.65758
-0.929378
-1.1541
-2.07434
0.520397
0.312668
2.77715
5.67462
4.90087
-1.20222
-1.25326
1.65681
0.0515529
-1.50675
0.598243
3.13993
2.22433
-0.0061542
0.142431
1.86869
2.65707
0.352899
0.543871
-1.225
-1.13021
-0.407206
-3.22936
0.637268
1.03641
0.281634
-1.48616
0.674372
-1.54601
-0.487142
0.754614
-2.03615
0.98449
-0.431636
-1.74623
0.866029
-2.33194
-0.74919
0.322039
-2.61247
2.01133
-0.296138
0.331536
-1.90084
3.33292
1.91123
0.367659
-0.63904
1.89372
0.26704
1.78561
0.177667
0.354826
1.45125
3.18013
3.24892
-1.30508
1.40167
-0.325228
-0.00707161
-2.66966
0.0855019
0.542031
3.19844
1.7193
-1.16446
0.199729
2.72737
-3.63742
-0.301692
-1.079
1.13127
-0.645161
2.1971
-0.331755
1.50061
1.41414
-0.318237
1.10421
1.86675
-1.46622
3.0672
2.87922
2.90123
3.2555
0.127458
2.38506
-1.36843
-0.296183
2.7778
1.04781
2.34492
2.95215
3.25936
2.26397
-1.36602
2.42795
2.20215
0.859724
-0.515512
-0.459554
2.46715
-0.368879
2.52809
0.869364
2.95879
2.02078
-0.0259537
-1.77893
-0.102722
-0.096216
3.42551
4.17066
-0.374336
1.81074
0.164713
-1.79362
2.91063
-2.74382
-1.80818
5.15553
0.640166
3.12788
-0.923382
-4.4446
0.742721
1.27566
0.695035
1.77365
-0.302686
0.15807
1.92865
0.130908
3.43823
2.47414
1.20464
-0.123407
4.29102
3.64409
2.97204
-1.01439
-1.75832
3.12712
0.118855
0.486339
0.72163
-1.87243
-1.02311
-0.483464
1.75383
-2.01741
0.644575
-1.11317
-0.56743
2.31286
3.30945
2.35799
-0.0956669
0.993006
0.705947
-0.337188
-1.02629
-0.678691
-0.148464
1.40938
2.71358
2.12336
1.76953
2.9535
0.853176
-0.0871535
-0.311522
1.14859
1.30806
1.90259
-0.228181
2.40623
0.330844
0.604472
-1.81856
0.872295
-3.59604
3.23899
-3.64189
3.23948
-1.92841
2.28576
-1.61636
-1.83935
-1.3953
-3.27099
-0.744453
3.58967
-2.25574
2.93693
-0.554594
1.95224
2.75986
-2.63635
0.35573
3.39529
-0.25098
-3.00627
-1.88898
1.34049
0.0471864
0.900645
1.80592
0.0390304
0.508741
2.53158
1.77622
-0.664193
-3.58517
-0.469358
3.68473
-0.821416
-2.00715
-0.00455279
-1.80342
-0.16172
3.69046
2.07208
-1.41077
-1.21797
2.25188
-2.07227
-0.651701
1.56739
0.581256
0.345292
0.271637
1.99526
0.925238
-1.19101
-0.123329
0.159939
1.80262
0.70443
-0.715272
0.584689
-0.496846
-2.303
-1.19231
1.67994
6.3955
-1.69188
-0.87834
3.28413
3.80071
0.648409
-0.188746
1.43572
1.09147
-2.52595
-2.67372
1.41096
-0.610713
0.238855
1.72307
0.261992
-1.04418
3.19707
-3.01172
-0.847887
-0.415251
1.09685
-0.732944
1.26645
-2.65885
-0.668502
0.311424
-1.70182
1.97168
1.59816
2.2295
0.142411
-2.72847
0.0722492
-1.62211
1.14706
2.89947
1.51423
2.89146
2.74985
-2.15775
-1.39399
-0.229567
-0.93299
2.31167
-2.03472
0.0320493
0.622043
-0.330875
-0.505173
1.92798
1.44776
1.44374
2.15995
1.33463
0.536694
-0.0581932
2.12082
0.41388
3.1582
1.36614
1.28113
1.39028
-1.82909
1.41577
0.773606
-0.10405
-2.29349
3.42736
-2.8645
-0.340636
0.712893
0.643275
3.01171
-0.344458
-0.130946
-0.56058
-1.98125
3.05893
-0.136343
4.06615
3.05284
1.16516
3.08179
3.83405
2.90301
4.17525
5.94314
-2.04769
1.23365
-0.220984
-1.39024
3.3396
2.27706
0.894537
-1.07759
3.78544
1.39
-4.90102
0.587353
1.07343
1.66071
-1.83284
2.57129
-1.07918
1.44378
0.68727
-0.557859
1.89847
0.795235
-0.49465
0.0203357
0.265879
2.48583
2.61163
0.308754
-0.942402
1.57765
1.1538
-1.34143
-0.86792
0.986325
0.167497
-0.915052
-2.01877
-3.30845
1.38134
-3.49168
1.04919
-0.329127
2.7348
0.289267
1.15193
2.79681
0.899376
-1.49448
-0.96569
2.11326
0.6271
2.79517
2.88572
-1.76529
3.00909
-1.43463
2.41632
-1.03187
-1.98917
2.35677
-0.272659
-1.64419
-2.10086
0.954482
1.98056
2.25246
0.927048
2.5771
-0.0744592
1.66336
1.5455
3.61803
-3.42918
1.29876
-2.19125
-0.740077
0.735629
-0.625363
1.49621
0.391685
0.282754
2.5945
2.53869
-2.87681
0.881334
-1.88185
-2.78957
-3.40303
2.59969
0.433581
2.31152
3.70773
-0.759613
0.618942
0.708066
-2.06666
1.52359
1.07584
-1.70353
3.25675
-1.01793
1.16074
0.642487
1.13743
1.44172
-1.07933
-0.894845
-0.987569
-1.12057
2.67499
-1.88224
-0.982642
2.18517
0.319446
-2.37365
-0.178369
0.952101
-2.89936
-2.42483
2.92834
-0.102575
3.69241
3.78623
2.48711
-0.732342
1.38848
-3.00919
-0.00694923
1.56365
-3.21791
-2.41529
0.900377
-3.58174
-1.13823
-2.96745
-1.24136
-1.26319
0.37314
-0.13798
0.268795
-0.421927
-1.02618
-1.14018
-0.759273
2.49877
1.73049
1.93887
0.711036
-0.638525
-0.778511
1.94587
2.49812
1.45811
2.20727
-1.34119
4.19072
-0.24482
2.69195
0.546942
3.10313
1.33479
-4.31083
2.3661
-1.72996
1.76579
2.31219
-3.19616
1.01314
5.35405
0.293898
0.776766
2.36231
0.409776
-0.65155
1.38643
-1.08573
1.22359
1.7922
2.86633
2.53225
-1.41997
1.58114
-3.45108
-2.13133
-1.4833
-0.076745
0.564549
2.50461
1.39628
-0.169584
0.511362
-0.459881
-2.12238
0.954885
0.771779
-0.211582
4.31925
-1.06625
0.4011
0.467843
-0.0144739
0.40989
1.21231
0.305453
-1.15367
-1.10198
3.69233
0.45014
2.44261
-1.82083
0.895759
-2.54054
-0.718149
0.992575
2.59061
1.14919
1.15734
1.76201
-0.639956
-1.54174
0.0986608
-2.21765
0.665294
-1.70922
-1.16531
-0.193841
-0.0393111
4.78075
0.979498
-0.257623
0.230111
0.762487
2.18662
-2.05073
0.0410931
0.34929
-1.16805
-0.0604764
-2.20585
-1.37679
2.15655
2.02843
-3.48496
-1.84428
3.47593
2.67827
1.31385
2.37467
2.26773
1.7824
-0.411176
2.86504
3.28797
1.65305
-0.0743882
-1.80512
-2.71197
-1.01997
0.966666
-1.57421
-1.6515
-0.289172
-4.74443
4.76778
-1.54842
3.5694
1.21204
0.487646
-0.0204379
1.48857
-1.48048
1.64618
0.119768
0.535152
1.41926
0.334678
2.89776
-0.558205
0.408241
-0.420037
-0.513396
3.11632
-2.51152
-0.263683
0.239126
-3.38822
0.0983179
-1.13234
-0.0800076
-0.456595
1.13796
1.9049
-0.0625279
0.550073
-3.30698
-1.56115
0.96141
2.16218
1.28854
0.960035
-0.145878
-1.83322
-0.483978
-0.251066
-1.01259
2.72272
0.452001
-0.176934
-1.20226
1.11718
0.876906
0.917542
-0.507296
-2.39015
-0.178375
1.65225
-1.00457
0.498973
0.739873
-0.495007
-4.00016
-1.75631
0.9825
1.14304
0.130275
-3.0822
1.55115
-0.398355
2.8531
-1.89822
1.64847
-4.28129
-1.66293
0.384954
-1.14299
0.878457
-1.55731
-1.90425
1.0285
-0.361378
1.79735
1.13089
0.398931
0.706417
-3.18354
-0.730718
0.167349
-0.226452
-0.659001
2.46712
-0.400131
1.4699
-0.854189
1.78761
-1.62343
1.55239
4.61051
0.377727
1.53027
2.18762
0.256355
2.18027
0.675987
0.11094
0.00205969
-3.6095
-0.631432
2.6056
4.74492
2.65576
-0.169299
1.55303
2.07461
0.567801
1.4371
-0.641193
2.76255
-0.0705644
-3.16912
-3.06576
0.476743
1.42164
5.588
3.51756
1.82407
2.28387
-2.78601
-0.317095
-1.21596
2.88834
-0.13639
-0.561462
2.52045
0.795953
1.93885
-0.536982
-0.627159
0.0797012
-0.0885648
-0.638414
-0.524668
-3.06706
3.10711
1.90293
-1.19124
1.41531
0.988524
4.3818
0.64023
1.60821
0.250892
1.0591
1.92553
2.32039
2.85387
3.05561
0.393222
2.33295
-0.584669
-0.0472164
0.00295841
0.000872217
-4.39803
3.13739
2.38094
1.12686
0.6175
-0.640998
-4.36619
-0.885775
2.05659
-0.869223
0.52613
-0.876439
1.6886
-2.00237
1.82382
1.23481
1.67121
2.37856
0.6861
2.65858
-0.637727
2.65759
-0.775667
-0.511364
1.59277
-0.859191
-3.06574
0.319966
-0.9592
-0.237627
-2.27038
0.663364
2.26154
-1.66144
2.09863
-2.4594
3.39284
-2.10989
0.134342
-3.36831
-0.469611
-0.675476
-2.69101
-1.71148
-1.80099
1.33797
1.35194
3.64748
1.98541
-2.69773
0.363806
-2.62173
-0.767864
1.75718
-1.31689
2.95212
2.03124
0.996376
0.898276
0.881961
-1.68999
2.2158
2.43376
2.58196
-2.11295
0.766971
3.16926
1.69629
-1.18551
0.967076
2.2441
2.45185
3.41544
0.715167
-1.10594
0.648212
1.42588
1.67716
4.14949
0.947922
2.5341
2.97176
0.746627
0.672785
0.537099
-2.09593
-1.26571
-3.80172
-0.282661
1.64603
2.81701
-2.13335
0.0272255
0.013036
1.1032
4.43291
1.9171
2.80992
-0.491132
3.33299
-2.83887
2.22863
2.75789
-1.66325
-3.20311
2.50155
-1.73038
2.93316
-1.42254
-1.55473
-4.1776
-1.81208
4.86471
1.08843
1.79601
1.99086
-0.0130826
0.80228
0.810687
-0.20005
0.598492
-0.792024
3.7593
0.723161
2.02352
-0.271039
-0.74118
0.00659433
0.0931513
2.37683
1.19268
0.584889
0.72553
3.44089
3.03205
0.251838
-0.401618
0.608719
0.224306
-0.0273013
-0.682849
-0.988749
-3.61951
3.17569
-0.873426
-1.99662
-0.187466
-2.53727
1.88522
-0.275604
1.29633
0.854689
2.93624
-1.3475
-1.02697
-0.177076
0.0324898
4.97413
-0.901222
5.44454
3.18621
-3.33094
-0.839208
1.16778
1.35764
0.0881512
0.295261
-2.62187
2.00672
-2.25321
-0.886772
-1.79064
3.56764
2.24663
-1.21086
1.43091
3.11804
1.54646
-1.94077
-1.88289
-1.03945
1.45536
0.577096
-0.592624
-5.0708
0.595543
-0.448857
3.28151
1.33758
1.14933
-1.98847
1.74682
-1.23583
3.08174
0.222345
-0.932797
-2.10775
2.96505
0.984841
1.46961
2.73007
2.90571
-1.85697
2.80362
1.18889
2.2635
2.72201
-2.95663
1.44694
-0.379206
-0.377787
-0.268591
1.69619
2.13326
1.6795
1.6505
1.50004
2.2747
0.874518
-0.57908
-0.662074
1.13445
-0.0943144
-2.0452
-0.439981
2.52829
0.43226
1.31794
-1.0136
1.85194
0.76511
-1.95337
1.1062
2.22778
0.259983
1.94456
1.17301
-1.2742
4.68124
1.37941
-0.150396
0.950199
-0.935944
-0.623229
0.503282
-0.534353
-0.68506
1.05583
1.33555
1.22656
2.15707
1.85899
-2.99219
2.56492
-3.61848
2.2157
-2.60761
1.86276
2.6766
-2.34314
1.78235
-0.39883
1.58384
1.82589
-1.48346
-2.07257
0.524874
-2.80055
0.792706
-1.07216
3.95375
-2.14015
-0.407982
2.03209
-1.23051
3.32216
-1.12285
1.0417
-2.76502
-0.426118
0.152474
1.55985
3.02022
-2.94514
1.61392
-0.191487
-0.200399
2.291
0.0602997
1.56731
0.903619
4.59141
4.32442
-1.15272
2.54078
2.64911
1.0434
-0.994788
2.17457
1.8885
-2.43876
1.22086
0.015246
0.579155
1.75662
0.394412
0.222885
1.05679
0.341954
1.8553
-1.16559
-0.497019
3.39041
2.25365
