-0.449555
-0.737647
1.68561
-0.0608847
-0.569558
1.32354
1.58432
0.549966
-1.65334
-1.68747
0.784945
-0.109715
1.27425
-0.963868
0.89206
-1.22886
0.323315
-0.0451212
-0.228762
0.177858
1.61074
1.57196
-0.829441
-1.95693
0.174534
0.520967
0.193444
0.0338277
1.057
2.04796
0.987395
-0.274397
-1.1032
-1.17397
1.09105
2.85251
0.868358
1.1731
-0.196953
3.24716
0.0373559
-0.163259
2.71239
-0.101949
4.05178
1.47122
0.44153
0.703477
-0.164422
1.69454
0.578478
-0.761667
2.10978
0.996352
1.41555
1.2219
-1.54314
0.814791
1.81313
-0.0432462
-1.1389
0.733897
2.53357
0.716825
-0.55914
1.01106
2.0929
1.23412
1.14153
1.28525
0.472879
0.103181
-1.76488
2.08911
0.0680027
2.62381
2.83822
-1.54952
-2.31759
1.84167
-0.352966
2.16325
-0.219293
0.509635
0.724
0.0119437
-0.527818
1.33529
2.8134
2.12856
-0.40802
-0.203168
0.439681
2.22596
1.1384
0.520565
0.0107269
0.507359
2.06471
0.764628
0.0408543
3.16676
1.90416
0.322129
-0.867257
-1.42231
-0.910762
1.51241
-0.0557719
1.71502
1.00923
-0.917623
0.929843
1.43455
1.03912
-0.227901
3.84967
-1.0705
0.0837477
2.14126
0.979148
1.10142
-0.453029
-1.05566
0.879315
0.30035
-0.367242
1.52048
0.427082
-0.387574
3.08606
-0.931321
2.19576
1.58317
0.82532
0.952544
0.960112
0.600493
1.38169
0.162774
-1.10134
0.419106
0.560656
0.575573
-3.17235
0.021776
-0.315078
-1.13692
0.630283
0.0667259
3.27963
0.715118
0.21911
-1.20999
0.284561
2.77679
0.803153
0.786831
1.44206
0.532222
1.55825
-0.882982
0.70443
0.223082
-1.31759
1.19034
1.08584
-0.015757
0.168976
-1.17451
1.55207
0.550372
-0.219975
0.753292
0.218276
-2.01882
2.10639
0.0347128
-1.17302
0.398175
2.25711
2.25462
1.56397
1.16503
-0.0287035
0.184526
1.29438
-0.244725
-0.285532
-1.60812
-0.822512
1.25668
0.464563
-1.501
-0.939539
1.14794
0.123443
0.874399
-0.114569
0.765947
0.501571
0.655081
-0.240709
1.7379
0.830346
0.160113
0.0456625
0.211925
0.648873
-0.350274
2.14767
-0.642992
1.59169
-0.158742
0.677314
-0.0828265
2.68371
0.7237
-0.67726
0.241867
-2.54058
-0.00756638
0.922426
1.26511
-1.00459
-0.108618
1.68711
0.520391
1.44462
1.18955
-0.819973
-1.41067
0.59139
-0.75613
-0.721277
-0.429789
-0.584772
-0.514068
1.58962
1.37493
2.3109
3.0806
0.95304
0.488693
-3.01541
0.997303
-0.420156
-0.734728
0.708155
-0.36329
0.726574
2.46893
-0.605065
-0.0310495
0.909983
-0.508091
-0.990355
-2.45194
1.27633
0.939296
-0.288891
1.00232
0.333387
-0.0491943
1.11991
-0.486607
0.0265515
-2.22818
1.67469
1.25306
2.51401
-0.462507
-1.50984
-0.389877
0.969811
2.52792
0.396543
-0.463699
-1.96752
-2.47581
1.04003
1.37029
-3.30808
0.837328
-3.39525
0.199139
1.04948
-0.982422
0.530609
-1.11149
-3.05726
0.653748
0.619877
0.318435
0.43026
-1.79709
-2.71661
-2.03539
1.57427
-1.29563
0.359189
0.416128
2.52829
0.166382
2.03517
-1.65321
-0.787479
0.371854
2.59365
2.00632
-0.649448
0.0371464
-0.87357
-1.03373
0.334894
-0.49332
1.37032
-0.216136
-1.77101
1.0327
0.33457
2.07055
0.450093
0.0189045
-0.141774
0.0704603
0.114257
-0.313506
0.172023
0.113881
1.36136
3.48329
-0.933795
-0.73567
2.88801
0.458427
-0.787832
1.81498
0.411099
-1.14448
0.1823
1.33834
1.92959
0.0594709
1.11596
1.77266
-1.03449
-0.17092
0.140089
-1.08356
-0.863904
1.12255
0.553604
-0.506285
-1.72102
2.58469
1.14469
1.26609
-1.03947
0.895224
0.983745
1.2493
1.16002
0.254653
0.0481985
2.18348
0.208375
1.0525
1.3295
3.27474
3.07799
0.547592
-0.693354
0.162039
1.77478
1.33019
0.201151
-1.1883
-0.647095
0.627429
2.54127
0.318362
-0.643958
0.815174
-0.0399483
0.866609
0.432631
-0.636339
-0.864537
-1.14517
-1.0613
1.96695
2.25693
0.351328
1.01977
1.55846
-0.927435
0.723232
-1.88479
0.230229
-0.185138
1.31627
0.274013
-0.462529
-0.386656
-0.450209
-1.74263
0.99298
0.385155
-1.13346
-1.24015
-0.476786
0.688313
0.588666
-1.96915
1.67407
1.8594
0.45071
-0.66802
1.30368
-2.00132
0.769368
-0.636259
0.728687
0.57551
0.40586
0.0899651
1.44435
2.62283
-0.558663
-1.18487
-0.0144431
1.72826
1.74921
0.415866
0.332389
-1.1657
1.02177
1.34932
-0.0587061
-0.0108295
1.37711
0.436909
1.3146
-0.655172
-0.184941
0.415984
-0.116886
-1.27291
0.00748577
0.146405
0.157088
1.8763
-0.835877
1.8511
-1.41792
-0.10127
1.67193
1.7551
1.48786
0.58605
0.555499
1.26531
-1.42461
1.6055
0.349373
0.163038
-1.44774
3.25575
1.69997
0.4526
1.13859
-0.667369
0.527737
0.332265
-0.761736
0.85308
0.332292
0.028802
0.826666
0.970395
1.30434
1.52515
-2.18142
0.764274
1.34854
0.0208773
2.4157
-1.22207
-1.51903
-0.700055
1.55146
1.78486
1.61283
1.83932
-0.855894
-0.659879
-1.11041
1.89292
1.22125
1.94698
-1.13448
-0.157516
-1.49209
-0.534858
1.02935
2.28235
-0.782042
-1.59077
1.28089
-0.675829
-0.183719
0.0294992
1.86785
0.256321
1.56462
1.13195
-0.311085
2.0329
1.3964
2.28821
-1.09819
-0.824571
1.86455
1.16704
-0.854379
0.545968
0.989484
-0.704871
0.479754
0.684727
-0.950603
-1.52083
1.5045
-0.250652
1.86605
-0.72123
1.0297
0.0120536
-0.0922495
-0.105998
0.933151
-0.427608
-0.201948
-0.75071
1.55065
1.1547
-0.133317
-1.23137
-3.33653
1.19466
-0.589962
-2.11819
-1.61948
-0.907758
-0.908547
-0.901373
-0.797987
0.29075
-0.837889
1.836
1.51633
-0.121334
1.61444
1.86259
-0.047957
0.107856
2.25484
2.10847
0.780795
1.64392
0.121538
0.658526
-0.942356
1.86959
1.54397
-0.913988
0.452653
-0.417614
0.0720486
1.52695
1.39479
-2.28011
-0.504306
-1.95339
-0.905014
1.26163
0.889465
1.09383
2.35027
-1.30949
-0.0325772
-1.09202
-1.60374
-0.720905
1.0015
-0.414252
0.929643
-0.541327
-0.525667
-0.710076
1.78301
1.09409
-0.362972
0.483133
-0.833282
-1.85069
-0.73079
1.49094
1.4235
-0.786534
1.602
0.95718
1.23303
2.42996
0.235727
1.64214
-2.11607
0.993102
-0.107504
-0.585741
0.0292639
1.3146
-0.465988
-2.23927
0.970529
3.27194
0.955798
0.113272
0.75413
0.902132
0.0724656
1.03301
-0.927954
0.887029
-1.57879
0.868502
0.783525
1.64492
0.175862
-0.94809
-1.1278
-0.0620645
0.718168
0.532821
1.97201
-1.06729
-0.630965
-0.111505
1.41327
0.476949
1.57812
1.37056
1.08548
3.35898
-2.37376
1.99301
2.35726
0.347753
-0.761338
0.02981
0.772232
1.07206
0.286605
1.32011
-0.219939
1.56402
-0.926175
-0.230411
0.584745
1.82269
-0.871322
-1.84196
1.49119
-0.0644398
-0.0319802
0.698124
1.69651
-0.514948
0.548415
2.34962
-1.45422
0.391731
-1.48144
0.686918
1.58131
1.14752
1.37943
-0.243975
1.12689
1.72217
0.871196
1.69938
1.51483
2.16486
0.370547
0.663128
0.68068
0.684908
-1.04325
-1.10537
1.13384
0.453264
0.800289
1.01422
0.263894
0.743448
-0.450323
1.67403
-0.835654
1.26178
1.19865
2.22636
0.280285
0.05809
1.35178
0.151772
2.53554
-1.25971
1.18517
0.144099
1.08666
-1.16009
0.630685
0.739716
1.0362
-0.0507566
0.169515
-2.62961
-1.48199
0.247843
1.20151
-0.806825
-1.73218
1.02819
0.282653
-1.09966
0.354379
-0.78206
-0.381615
0.455127
-1.38997
-1.40184
-1.19089
-0.779716
-0.542199
-1.48052
0.606787
1.29932
1.58482
0.879577
1.27781
0.865328
0.394915
-0.129505
0.705806
-1.12268
-0.188319
1.16305
0.491847
-0.375217
-1.02016
2.07544
-0.357089
0.693549
0.232254
-0.3691
2.01589
-0.264761
0.008742
1.53301
-0.352725
0.279799
-1.19942
-1.05035
-0.648155
1.22642
-1.92002
0.694589
0.41445
-2.42404
-1.16115
0.14082
-0.135581
2.34365
1.49174
1.8669
2.15265
1.57446
1.97966
0.660053
0.176541
0.783981
1.28521
-0.313855
2.15637
0.551543
2.56722
1.20169
2.38624
1.34676
2.19659
2.21881
1.05706
-1.05166
-1.59768
0.398605
1.47599
0.130683
-0.507411
-1.10064
2.41338
0.477669
0.445991
-0.228433
1.57738
-0.212839
1.59611
1.38794
1.11836
1.59098
0.695449
2.60038
-0.160777
-0.444246
-0.165652
-0.804527
1.96592
2.3029
0.493573
0.117325
0.379612
-0.327561
0.150635
0.936081
1.38229
-0.354741
1.87096
-1.61209
3.15477
-0.00812139
-0.144731
1.7741
-0.306204
2.11726
-0.458377
1.7776
-1.87156
0.681323
-1.05188
0.352376
1.5166
-0.314301
1.65176
-0.389247
-1.40758
1.1683
0.562731
-0.484169
-0.781607
1.42097
1.32002
1.75266
2.24894
1.18251
-0.322993
-0.896145
-1.85822
-0.0645188
-0.686433
1.48873
0.660976
2.11883
1.30613
2.45271
-2.50712
1.71869
1.48126
1.23743
-0.592389
-0.412583
-0.0565839
2.82275
0.790672
0.454836
-0.40582
0.839739
1.41757
1.97926
1.62794
-0.929668
0.8767
2.20865
-0.980761
-1.11167
-1.17811
-0.432632
1.19074
0.506123
2.41579
1.663
-0.0223981
1.44616
2.25885
2.44632
2.68951
-0.708974
-1.00918
-0.73107
3.02112
3.5028
1.75063
0.940778
3.78468
0.430839
0.53838
0.739291
2.70998
1.76286
0.274713
1.45
0.838282
1.01559
0.642896
-0.319867
-0.657981
2.34037
2.29681
2.5772
1.92354
1.87185
0.103655
1.66844
0.283559
-0.397193
0.915493
-0.564515
1.76551
1.05354
0.448229
1.53118
1.26281
-1.07972
2.64152
-1.45879
-0.129815
1.99069
1.51501
1.95347
2.16348
0.588987
1.23721
0.530234
0.977295
3.03125
2.57696
0.307515
1.66497
2.82112
-0.223161
1.05979
0.852986
2.24853
0.868596
0.630785
0.187304
1.68115
2.27544
0.891521
1.08285
-1.01483
1.54818
-2.65455
-0.336401
3.53048
-0.0597549
0.712872
-0.37885
0.0562241
0.506678
-0.0778713
1.74215
1.21276
1.15054
-0.0132919
1.92095
1.98665
1.94283
2.91783
0.900019
-0.370083
0.946153
1.16571
-1.74456
2.20962
-2.08233
0.614849
-0.643515
0.887903
2.03159
-0.470515
1.0299
-0.189155
0.754013
1.2408
-1.49713
1.12015
0.449394
-1.28837
0.183394
2.88563
0.555255
1.61457
1.51346
0.832986
2.52604
-0.234842
1.20433
1.23203
-0.267539
2.08621
-1.83528
1.60203
0.402864
1.27875
-0.983061
0.205894
-0.469517
0.515854
-1.45362
-1.48905
-0.684617
1.12083
-0.565193
0.287742
-1.43174
0.459317
2.03673
-0.160232
1.04291
-2.21597
0.224592
-1.8565
2.11831
0.414185
-1.13737
1.20234
0.330971
-1.00906
0.138503
0.217452
1.22964
-1.15665
1.53159
2.1548
1.80607
1.05428
-0.704656
0.0145862
0.0141975
1.19595
0.466684
-0.212712
0.246749
0.0756924
0.409446
0.579153
-1.15241
-0.112048
-0.898845
1.70261
0.76071
0.2072
0.306098
1.82244
0.645955
0.405121
0.309664
3.22826
1.29699
1.45834
-0.15983
0.465001
-2.31797
-0.183448
-0.0135784
1.3014
-0.713941
0.42783
1.3889
0.582955
0.0102882
-0.555652
0.0147825
1.49172
0.610744
-0.586025
0.385413
-2.11232
-1.23922
0.986931
1.32384
1.10211
1.7517
1.07188
3.36758
1.68738
-0.296841
-2.53498
0.845243
-2.09462
-1.67311
0.196446
1.08511
-0.511727
0.174975
2.7337
0.72948
1.65351
0.538531
3.6313
3.03233
0.758127
2.65969
0.27329
2.12643
-0.165761
0.408487
0.827214
2.74617
-0.502772
1.52107
0.701437
-1.02959
1.38852
-1.16439
-0.0518499
1.35067
1.75044
0.888792
0.697939
1.76976
1.61715
-0.650372
-0.545139
-0.452431
1.08609
-0.234132
0.720545
1.14833
1.01234
-2.00982
2.89573
2.03429
-1.43249
0.880942
-0.0624878
1.22934
0.813436
0.653893
1.60242
2.20051
2.98694
0.686544
-0.0171867
-0.199647
-0.878678
1.42516
-0.193131
0.150832
-0.714528
1.40709
2.53997
1.84277
1.41368
0.783714
-0.689816
1.02343
0.589581
0.255013
1.72017
0.154715
1.03422
0.639419
2.74734
3.11484
1.43102
-0.577894
0.493661
1.75985
1.26752
-0.219421
0.500422
1.59149
0.833114
0.986679
0.733334
1.60681
-1.33019
-3.08173
1.58871
0.106984
-0.526989
1.59383
2.27292
1.36044
0.927109
0.612964
-0.45579
1.41597
1.66667
2.11608
1.08953
0.881868
-0.874213
1.55308
-0.540123
-0.137378
-0.68599
-0.757842
1.84618
-0.371963
1.85147
2.09678
-0.843487
0.619652
1.01018
0.607386
-0.137361
1.57588
-0.51174
1.66621
-1.2276
-0.204191
1.35081
-1.82165
2.26332
-0.0917901
-1.12074
1.00434
1.25104
1.99002
1.39589
2.23398
-0.145851
-0.285882
-0.587111
-0.179503
2.34744
0.716295
1.34164
1.18732
-3.56226
0.506703
0.0516342
-3.55822
1.70454
2.53677
-0.849136
0.33556
-0.704683
-0.798231
-1.0596
0.444555
1.76018
1.2928
1.79291
-0.0746287
-0.780082
0.66112
-0.0503996
-0.255882
0.661674
0.86353
-0.00597641
1.86024
1.26328
-1.5954
0.282681
1.49065
1.6466
0.598804
2.66687
1.02021
-0.0101974
0.159499
-1.14793
-1.83665
0.648844
-0.270518
1.57727
0.158755
0.620648
0.937934
-1.14984
-0.476784
-0.101077
0.295723
0.930593
0.808723
0.0292723
2.02453
0.302571
0.918952
0.891065
-1.0369
0.106718
-0.361431
-0.535815
1.06254
1.49314
-0.0734386
-1.30843
0.188476
2.15332
0.458298
1.2051
-0.606054
-0.41792
1.74799
-1.36217
0.488954
-0.945734
0.661305
0.251263
1.05561
3.04092
3.45866
2.06991
-0.852962
3.17181
0.922939
1.25774
2.37983
1.11404
0.124346
-0.19021
2.41729
2.10997
0.297557
0.26126
0.257492
0.0129423
0.783254
2.33063
0.589864
0.722317
-1.47645
0.116244
2.24072
-0.867135
-2.26088
0.838213
-0.586865
0.403154
0.275504
2.44112
-1.03963
-1.33122
1.35485
0.543299
1.66332
0.405875
1.57034
-0.943118
1.46453
-1.53987
0.541678
1.03984
2.07939
-0.829583
2.64835
-0.0459914
3.36233
-3.31166
0.148587
-1.63931
-0.802225
1.41667
-0.625128
0.0793903
2.21763
-1.5982
-0.586347
2.02631
-0.336322
1.12138
-0.891679
0.936596
-1.37938
1.96574
0.843397
1.79365
0.923711
-0.463774
0.405943
0.668071
2.08577
0.210563
-2.4006
-0.0739133
-0.808753
0.868157
1.89565
0.807429
-0.0776544
2.17211
2.57314
0.716342
-0.952302
2.30219
2.15981
0.644553
2.23177
-1.98065
2.46172
0.466684
1.26025
0.967536
0.758531
1.69543
-0.68777
1.33648
3.32235
-0.351444
2.7579
-3.82991
1.28806
1.38576
1.53599
-1.72239
0.366688
-0.606301
-0.868271
0.316055
0.898984
1.15565
0.0256901
1.22132
-1.09827
0.366202
0.432779
0.53292
-0.711151
-0.574979
-0.328881
1.65842
2.66178
1.41636
0.793125
-0.829551
1.59543
1.47142
-1.71904
1.04668
0.259635
-0.122016
1.22542
-0.786808
1.03461
1.91416
1.29972
0.743623
1.12256
-2.59037
0.372529
-1.70976
-0.237913
-1.34422
2.17469
0.309722
-0.590607
0.315014
0.704243
-1.65205
0.582953
2.8549
2.94379
-3.3876
-1.06699
1.06412
3.22835
1.11494
1.21111
0.276121
1.34846
1.21619
0.809846
0.696868
-0.057853
2.26262
1.25469
-0.0203269
-0.449269
1.43572
0.748753
1.3643
-1.62249
-0.124773
1.32646
-0.228438
0.824669
-0.985975
0.523239
-0.442726
0.0852398
0.0467689
-0.687943
1.44346
-1.13651
1.06065
-0.357686
1.6282
1.15906
1.02929
1.20735
-0.728205
-1.50544
-1.04351
1.76695
-0.326307
0.476645
-2.79734
0.53952
-0.0625414
2.16847
-0.191973
0.24059
2.10251
1.37753
-0.236459
1.24071
0.487369
0.387991
0.439052
0.877845
1.08691
-0.645765
0.712969
1.4071
-0.329307
0.0173149
0.369338
0.750939
-0.423077
1.76058
0.93831
1.34112
2.37574
0.346064
1.38414
-0.717522
0.221816
2.56555
1.83363
1.67995
-1.89761
1.28027
1.05902
-0.0494737
-1.08744
2.02243
-0.965
0.466278
1.3819
0.160788
2.06509
0.634538
-0.830458
0.655682
-0.539798
0.144684
0.712959
1.63954
0.825983
-0.572814
1.21341
-1.53741
0.336232
1.24791
0.58687
2.5237
2.75346
-0.327804
0.192333
1.87109
-0.467256
-0.579797
0.896594
0.370593
0.636921
0.0276068
0.473449
2.2689
0.27981
1.04474
0.975131
1.43945
-0.0437749
1.40395
-0.0302543
1.84252
-0.46899
-0.961349
-0.682625
-2.46005
1.74888
0.74255
0.53333
0.3523
0.199359
-2.54203
-0.534231
-0.180967
1.50105
1.73514
-0.950993
1.47088
0.245613
2.11292
2.10794
0.632421
-0.949573
1.19904
-0.62531
-1.09912
0.115061
-0.760831
0.803783
-0.173285
1.35438
-0.972915
2.79832
0.343001
0.853105
-0.0772496
-2.2333
-1.85083
-0.196186
1.37544
2.91426
0.147059
-1.3826
0.944669
1.54676
1.46864
-0.453994
1.29945
1.6711
1.19298
-0.852981
-1.00697
1.12167
-0.635938
-1.14567
-2.5106
0.488307
0.753518
0.787902
-0.628323
1.2227
1.41598
2.20145
1.43121
4.06317
-0.809474
1.91773
2.3961
-0.153552
-1.05129
2.0922
-0.880641
2.50654
-0.0353581
0.141544
0.436327
0.862868
1.12038
-0.0272623
0.0609145
1.16984
1.97266
-1.01579
0.805988
-0.81471
-0.585117
-1.03697
-0.660336
0.64424
-0.22151
2.09207
2.24039
1.03096
0.0976554
2.5424
-0.00949094
0.588318
1.99716
0.831278
0.865335
-1.75901
-0.320054
0.266829
1.55526
0.571314
1.31473
0.378196
1.27205
1.43614
-1.67089
0.262481
-0.0815724
0.522394
2.14621
2.35623
0.691935
0.71316
2.37708
-1.03017
0.752731
0.994859
-0.821021
-0.90897
-0.355967
0.340083
1.53301
0.137197
1.65567
-0.115823
1.26274
-1.67681
-3.41515
1.41644
1.06537
-0.0578863
-0.443324
-0.868301
0.0730825
1.15739
0.368875
0.7255
1.66986
0.226825
-0.701072
0.926449
0.603955
1.3447
0.840664
0.920979
0.151032
2.21082
-1.40233
0.870422
1.26224
2.10553
-0.283718
0.59777
1.21172
0.49931
1.89211
-0.515365
0.658132
0.775272
-0.260696
0.928507
0.285549
0.157122
-0.618908
1.80132
0.613686
-0.813496
1.82538
-0.404059
-0.0821598
-0.146177
2.26418
0.0419308
2.71888
0.799984
-1.82707
0.29278
-0.734079
1.47005
0.471796
-0.127496
1.53838
0.810297
0.894306
1.89322
0.665278
0.787534
-1.91021
-1.54648
0.783411
0.224594
1.30874
-0.658062
1.92901
-0.842805
1.42158
-0.463322
-0.365481
0.142988
0.286923
0.492892
3.57609
-0.485373
1.07405
0.141728
1.09256
0.232043
1.4227
1.16154
-0.848131
0.803124
2.40133
1.02935
1.89741
1.15474
1.81421
0.943049
0.281422
1.50184
2.19091
1.00919
1.667
-2.54116
0.361442
1.37454
-1.37528
0.279198
-0.793566
0.748015
-0.660577
1.98584
-0.850921
-0.974424
1.64811
1.4735
0.778043
-0.650954
-0.0922159
0.77796
0.219979
-0.856974
0.998895
-1.38397
0.311724
0.828495
0.833226
1.16911
-0.542463
0.617892
1.25187
2.23473
-1.84323
0.748449
0.604425
1.6196
-1.72385
0.411796
-1.95167
1.69671
-0.411777
2.25624
0.867321
-1.53668
0.780294
1.15103
3.71513
1.01236
0.730577
0.287575
-1.57316
2.70071
2.27024
0.770156
0.834448
0.5394
1.97869
1.97383
-0.314388
0.801324
0.00647158
-0.301195
1.40524
-0.417986
-0.0328398
1.02634
0.555492
-0.649699
2.12952
-0.905768
-0.302154
0.885513
0.400476
0.439446
-0.362673
0.231108
-0.0135956
-0.0173868
-1.16946
0.53851
1.25767
0.46691
1.73375
0.696612
0.656335
0.568671
-0.0718497
1.7734
0.255857
-3.13025
1.02977
2.37113
-0.253938
2.30873
2.24344
-1.3136
0.243771
2.01759
-2.25778
0.80599
1.15343
0.732204
0.435697
-0.297686
-2.35086
1.3545
-0.0816746
0.391484
0.817903
-0.874427
0.760744
0.786235
-0.68258
2.53018
-0.97289
1.37658
0.524271
-0.0355622
-0.21889
1.12132
0.333286
1.9486
0.261007
-0.332784
1.46914
1.19166
0.862432
-0.277536
2.66008
0.00185009
2.09745
0.759936
-0.698953
-0.653303
-0.669717
1.71668
-0.686308
-1.04542
-0.0923204
0.187151
-0.108831
1.53291
0.878855
0.871554
-1.41062
-1.28811
-2.16611
-1.17757
0.626502
-0.670458
0.103429
1.82388
1.45145
-2.30829
3.30314
0.444981
0.223835
-0.471097
2.02079
-0.147599
0.618357
2.41099
-1.02244
-2.38982
1.46002
0.330592
0.737789
0.15023
0.928049
1.48101
2.37508
1.76932
1.29128
-0.74433
0.111523
-0.154715
0.370698
