-0.250502
-0.392008
-0.540603
-0.714981
-0.81851
-0.812189
-0.897015
-0.869685
-0.997964
-1.02648
-0.90632
-0.698832
-0.774062
-0.893635
-0.824361
-0.784097
-0.796001
-0.90052
-0.769116
-0.840678
-0.658587
-0.641756
-0.629091
-0.703107
-0.448877
-0.551394
-0.381773
-0.538846
-0.466697
-0.385348
-0.552864
-0.68547
-1.01196
-0.943396
-0.961981
-0.977591
-1.04521
-1.15575
-1.02422
-1.10204
-1.27964
-1.16406
-1.12085
-1.16987
-1.20725
-1.07507
-1.04915
-1.12564
-1.09173
-1.04925
-1.28538
-1.17588
-1.08757
-1.09312
-1.07433
-0.827039
-0.88305
-0.893999
-0.946257
-0.767616
-0.57007
-0.432345
-0.482034
-0.356266
-0.536602
-0.587797
-0.752802
-0.581416
-0.586513
-0.487416
-0.482279
-0.518065
-0.562319
-0.582674
-0.561776
-0.553393
-0.514526
-0.603446
-0.422234
-0.565332
-0.876515
-0.759819
-0.356408
-0.351917
-0.26018
-0.158758
-0.129734
-0.0135353
-0.173503
-0.207618
-0.164709
-0.168085
-0.16786
0.0144405
-0.209026
-0.255547
-0.391343
-0.594387
-0.885226
-0.916257
-0.799197
-0.836679
-0.72332
-0.75178
-0.673305
-0.663677
-0.840049
-0.780302
-0.66309
-0.525506
-0.448973
-0.623618
-0.555421
-0.496011
-0.502704
-0.349199
-0.30497
-0.445449
-0.399378
-0.316538
-0.437459
-0.577812
-0.64135
-0.699986
-0.561817
-0.498093
-0.153816
0.0865685
0.216194
0.157263
0.313809
0.237994
0.243811
0.459981
0.551658
0.415343
0.354133
0.323771
0.189961
0.308692
-0.0324748
0.0866963
0.0593278
0.00550427
-0.06341
0.104811
0.116425
-0.0335313
-0.0963998
-0.033988
-0.128752
-0.124733
-0.257975
-0.0896378
-0.0506131
-0.144677
-0.0883859
-0.0625156
0.00183738
0.0106639
-0.0192989
0.0612685
0.104843
-0.0443727
0.0441806
-0.280341
-0.212616
-0.216118
-0.258643
-0.32429
-0.322861
-0.151644
-0.227712
-0.233057
-0.158274
-0.156013
0.0117573
0.0237178
0.0516895
0.0430859
-0.101412
-0.121795
-0.0628784
0.0102073
-0.106677
0.136726
0.198826
0.256989
0.209053
0.135956
0.121164
0.228298
0.221527
0.233197
0.0930855
0.061344
0.269411
0.244323
0.173358
0.265225
0.318765
0.54073
0.523674
0.626948
0.798452
1.04133
0.985479
1.01302
1.0043
0.888142
0.89651
0.995009
0.889117
0.990363
0.769021
0.668817
0.61529
0.735909
0.627466
0.677318
0.700604
0.552595
0.573747
0.42491
0.591456
0.525403
0.524763
0.463483
0.509315
0.483308
0.563999
0.593712
0.727576
0.590408
0.626988
0.679355
0.668315
0.760483
0.877786
1.08098
0.946859
0.980009
1.17802
1.31464
1.12235
1.20665
0.958151
1.02052
0.844853
0.833406
0.78208
0.879497
0.8282
0.751414
1.04444
1.0293
0.873074
1.09097
0.865498
0.699307
0.376805
0.261212
0.293596
0.268297
0.0951043
0.260971
0.135531
0.111728
0.0763279
0.072044
0.0662934
0.00816547
-0.150896
-0.150574
-0.243746
-0.0639195
-0.128978
-0.0462954
0.11475
-0.0721096
-0.114873
-0.12918
-0.290892
-0.325635
-0.17891
-0.248341
-0.280272
-0.487116
-0.701393
-0.737009
-0.795013
-0.890401
-0.92197
-0.633558
-0.467717
-0.612849
-0.548596
-0.414621
-0.357329
-0.427653
-0.145087
-0.203374
-0.0872096
0.0480022
-0.163209
-0.10454
-0.179178
-0.241615
-0.0240683
-0.13286
-0.0365521
0.129292
0.0452117
0.166518
0.263195
0.309595
0.167645
0.119488
0.216786
-0.00879944
0.0973154
0.0703898
-0.0633361
-0.183479
-0.157881
0.00187274
-0.109985
-0.162179
-0.013533
0.282673
0.0369934
0.262725
0.285014
0.278183
0.333077
0.385991
0.270423
0.360187
0.381801
0.251191
0.237882
0.288426
0.308381
0.29634
0.470939
0.473249
0.547867
0.6515
0.716145
0.505182
0.566402
0.454728
0.431078
0.464567
0.440921
0.452653
0.480509
0.413054
0.511093
0.33017
0.342159
0.343779
0.341621
0.170448
0.0581145
-0.0915335
-0.188275
-0.1287
-0.00807606
-0.0643627
-0.0820518
-0.093354
-0.131221
-0.159383
-0.147852
-0.0525792
-0.0497901
0.0774438
0.00828114
0.0369412
-0.219831
-0.371384
-0.512906
-0.554829
-0.481367
-0.453059
-0.480339
-0.617711
-0.563088
-0.425838
-0.356818
-0.241175
0.164228
0.0556687
0.0497485
0.016379
-0.0103376
-0.25893
-0.411173
-0.323715
-0.188865
-0.334351
-0.250013
-0.197615
-0.405071
-0.46498
-0.310757
-0.0726242
-0.0156517
0.0674014
0.12313
0.0741086
0.0092523
-0.0396357
-0.176492
-0.0370271
-0.0405746
-0.0708141
-0.0344786
-0.101649
-0.0839045
-0.248122
-0.19589
-0.365639
-0.454906
-0.231618
-0.0274441
-0.0235463
0.00499261
-0.0797647
-0.0435937
0.0458587
0.00782319
0.211657
0.301963
0.144633
-0.0106409
0.00853449
-0.0917589
-0.111753
