0.575102
0.194825
0.546818
0.959824
0.859919
1.57053
1.68354
1.82027
1.82161
1.76998
1.4213
0.939364
0.779635
0.588809
0.093653
0.040352
-0.191456
-0.843577
-0.590958
-0.31993
-0.114259
0.057009
0.328203
0.116166
-0.0863584
0.442218
0.383954
0.0265218
0.627784
0.254104
0.0443873
0.168906
0.528597
0.708438
0.965584
1.45141
0.786482
0.237423
0.154989
0.0521968
-0.227826
0.139927
-0.0156881
-0.0295444
0.0493283
-0.723876
-0.621941
-0.515492
-0.393419
-0.102385
-0.0127477
-0.183955
-0.134073
-0.463826
-0.222332
-0.2021
-0.117135
-0.289159
0.450019
0.739172
