1.58984
0.794308
2.46426
3.17626
0.996561
0.993845
0.168674
-0.358258
-0.495099
0.742183
-1.14231
0.535182
-1.49292
-0.0419581
0.55031
0.847987
-0.678119
1.75189
-2.56192
2.39359
1.97573
0.996331
0.820094
1.9299
-4.33122
-1.38575
0.735423
-0.251316
2.9844
1.62645
1.87875
-0.131886
-1.4442
2.34321
1.85217
0.798634
1.01046
2.17358
-0.443738
1.01541
1.58394
0.62145
0.74517
-0.331182
-1.71415
2.66437
-0.694575
0.954452
-0.404813
-0.832748
1.41842
-0.0773061
-0.69802
1.24116
0.124694
1.32143
-1.58693
2.76012
2.03671
-0.675548
-0.0500996
-1.12807
0.597559
0.725577
-0.872073
-0.275913
-0.945267
0.815239
0.412323
0.892214
-0.129576
0.576789
-0.48531
0.635367
-1.83398
1.83868
-2.18347
0.290402
0.323743
-1.97524
-0.592527
1.59963
1.44556
0.239752
-2.3249
-0.194479
0.766351
3.82287
2.83672
1.19095
-1.42918
0.700379
-2.37846
-0.21849
1.25201
-2.47918
-2.502
-1.15681
1.18869
2.71298
-0.792662
-0.555704
-1.38669
-0.421613
0.441987
-0.593323
0.404372
-2.17405
0.212969
-1.23717
-3.16717
0.601357
1.86824
-1.96016
-1.5977
0.578538
0.476717
1.96955
-0.303984
0.372464
-1.28357
-1.38231
-1.07425
1.12937
-3.10711
0.581289
0.769764
2.09443
1.76379
-3.59825
2.42056
0.769342
0.136911
0.17144
2.24934
-0.09014
1.94101
1.04362
0.882358
2.02606
-2.42011
2.83684
2.1147
-2.91368
-0.807857
0.771403
0.120084
-0.87777
0.200088
0.446349
1.56507
-1.86826
0.300319
1.14052
1.51661
2.76562
-0.348606
2.09944
-1.91612
-1.24735
-1.55085
1.48712
-1.64758
0.721606
-0.265955
-3.17593
2.28446
0.0665866
0.211616
2.07642
1.41616
0.709522
0.715218
-0.203003
1.97474
-2.10595
-3.59637
2.43464
-0.942473
-0.858831
1.92667
0.979557
1.364
-1.00602
-0.148526
1.19067
1.11777
1.35068
-1.11367
2.35252
1.4871
1.86706
0.908657
0.778623
2.32226
1.18969
0.463228
-1.08842
2.29924
1.61787
-0.237651
1.52353
-0.769845
1.23366
-0.745039
1.13651
2.67683
1.00211
-0.710851
-0.811392
2.03186
0.0928281
-4.15742
1.37704
-0.913269
1.03647
-0.769916
0.682735
0.307017
0.240864
0.550712
-0.180802
0.632792
2.61982
0.0731403
-1.37477
-0.896851
3.22255
0.69603
1.23003
-0.473989
3.00585
0.535537
1.51123
1.11177
-0.0700389
2.96631
1.88388
-2.23729
0.790977
0.10816
0.406478
-0.779727
2.50252
0.284855
0.104411
-0.00309638
-0.79751
2.13954
-1.35495
2.26972
1.36927
1.91014
1.19709
2.20908
0.670675
0.129186
1.20047
3.65093
0.880175
0.694106
2.57248
0.75589
2.08517
0.563518
-0.865505
0.422049
1.52658
2.4845
2.80603
-1.91164
1.58312
2.194
-1.71496
1.16981
-1.44305
-0.524775
-2.29696
1.81768
-3.06446
-1.25639
1.29261
-1.00269
-1.24332
-0.341525
0.619421
-3.03129
0.89412
1.29783
1.74584
-0.0657388
1.65102
0.75937
-0.623416
-1.06048
0.473436
3.01334
0.800747
-0.793038
3.75796
-0.452292
1.4601
2.12938
-0.582615
-2.41131
-1.51339
1.20096
-2.48461
-0.333848
1.16231
-1.01774
0.664304
0.283131
4.35703
2.44673
3.17049
-0.233539
1.67152
1.48715
0.136527
0.797372
-0.591684
-1.01467
1.22553
0.109599
-0.670579
-0.145684
1.07897
0.766448
-0.988843
-0.1378
0.0273836
-2.33134
2.371
-0.454029
-0.690192
-1.22208
0.976369
-1.43486
-0.50733
-0.0745013
1.5952
3.50671
0.611545
1.62521
1.37282
-1.30554
1.48614
0.59831
2.89768
1.15782
0.512222
0.930064
-1.80232
0.570969
-1.95494
-1.29017
-1.01725
4.18704
1.78122
1.42501
-0.66852
1.74063
0.359393
0.857196
-0.926029
0.253555
2.87642
-0.0849588
-1.52532
0.457345
1.32219
-0.600998
-0.416082
-0.0224987
0.208051
1.66189
1.03717
2.81797
2.85504
-2.59748
3.40146
2.37038
3.50914
-0.898946
-3.45095
2.51831
-2.23526
1.12663
-1.15474
1.13602
-2.35938
2.04418
3.46794
-0.70119
1.05223
2.58513
-1.63762
0.163212
2.30922
1.93164
3.26994
0.651338
-0.430064
-1.29335
-1.37502
0.858592
-0.257832
-0.183387
-0.151765
0.936404
-0.82614
-1.07309
-0.654409
1.62404
2.16314
-0.453205
-0.915599
-1.00056
-1.11942
-0.0747614
-0.141889
1.2816
-0.0488301
0.425277
-0.353682
-1.04226
-0.377658
1.61368
-1.40194
1.10798
-0.832106
1.51415
0.592583
-1.8141
-0.867853
1.43971
0.963669
3.19054
1.69437
2.06106
1.47125
1.7536
0.743213
0.753745
0.556283
1.93532
-0.575721
-0.447561
3.16936
2.54669
-0.810359
3.46837
1.18346
1.76522
0.087948
0.810873
-0.302303
1.17283
0.456723
0.651209
-0.0928296
-0.699442
-2.41398
0.815876
3.64227
1.31748
-0.15593
0.684826
1.41783
1.30843
1.70021
2.22398
0.430259
1.9381
0.205485
3.43897
0.701192
0.151252
-1.06458
-0.469315
0.883853
1.30076
-1.02568
0.0208018
-0.249561
1.54333
2.1903
-0.483483
1.39156
2.00757
0.531078
2.15271
0.164206
0.827988
-0.723337
1.34021
3.98648
-0.0464471
1.41256
0.566554
2.72179
0.938923
-0.979655
-0.467796
-0.245259
0.555625
0.298608
2.30173
0.66336
-1.09634
-0.133265
-0.871103
-1.01621
3.39884
0.0280114
1.19509
1.60737
2.88358
0.877811
1.95727
-0.674983
0.259498
1.05297
1.09581
-1.09348
-2.28178
-2.38903
-0.584423
1.51364
-3.18175
2.38751
1.22404
1.59868
2.69967
1.33629
-1.13666
-0.101851
-1.40125
-1.2185
0.637758
0.522405
-3.32328
1.37064
1.13556
-1.08417
0.920613
1.62211
1.85731
-0.600291
-1.93646
2.19626
0.458833
-0.918651
0.16454
2.5287
-2.60348
0.211451
1.94832
0.173558
0.674056
0.654582
-0.612384
-0.898435
2.74902
1.31135
0.134741
-3.22655
0.64565
3.86285
1.57893
0.226428
4.31159
-0.817358
1.09413
3.36204
3.36286
1.22266
0.37988
1.20835
0.397661
0.0473097
2.07199
0.336298
1.03503
-0.488493
3.16102
-0.165338
0.805886
2.3675
-0.463748
0.833874
1.7374
0.185179
1.895
3.26253
-0.343623
2.97629
0.205257
0.527893
-0.239702
-2.25963
1.12537
-1.22529
-1.98196
2.83094
0.00750254
-2.6937
-0.411825
0.539536
-0.465379
-0.310986
1.40793
-0.268446
0.377868
-0.193529
1.59159
1.50758
-2.82906
-0.237467
0.577823
0.597925
-0.00519635
-0.651828
-0.621758
1.56415
-3.43099
-0.339575
2.94954
-0.300642
-1.4154
0.371882
0.693024
1.02644
0.786625
-0.654111
0.274908
-0.0739218
0.733356
3.24512
2.13069
-0.0807327
-1.46434
-0.58126
-1.50679
0.911062
1.61033
-1.57265
0.589735
0.918
0.667643
0.826456
-1.76722
0.995474
-0.340703
-1.19499
-0.535976
-1.12877
3.97128
0.620938
0.911907
0.380555
-1.08261
-2.23968
-0.932361
-5.98852
-0.147964
-0.860559
-1.42784
-2.10842
0.526805
0.303594
-1.69673
-0.873914
-1.787
0.578794
4.54896
-1.17308
-2.66314
0.664625
1.55477
-0.785673
0.999129
-2.24186
-1.23446
4.46895
1.54075
-0.221746
0.968269
-0.68656
-0.367604
1.10111
1.58433
0.29925
0.975081
-1.41246
-1.63139
-1.58556
2.92846
0.451815
0.0173666
1.96412
0.642463
1.82409
2.95921
-1.9501
2.23195
-1.96248
0.505459
-1.27697
3.4828
0.426677
3.247
2.36469
-1.24691
0.716669
2.32413
0.104086
-1.01362
3.08043
1.18987
-0.441802
1.59573
-1.15933
-0.350836
1.48035
2.0937
0.0197161
0.646741
0.461901
-0.108289
1.49031
2.68026
1.67105
-0.812189
0.172163
-0.181786
0.729015
1.21345
2.48341
-0.0212477
-0.251079
1.20059
-0.352289
2.65367
1.48024
-0.388956
0.0156977
0.182761
1.92426
2.89914
-2.08193
-1.15491
-0.962111
-1.9281
-0.329869
-0.96964
2.77434
3.16801
1.1155
2.76288
1.66994
3.6822
1.04792
0.382367
-2.27022
2.0815
-0.154334
-0.60994
0.840347
-2.38789
-0.0863811
-0.236232
-3.10622
2.28486
3.28867
1.07857
0.750105
-1.4908
-0.676324
0.336994
1.97885
0.894616
-0.0442289
3.36342
1.14191
1.4063
0.917233
0.840887
-2.26039
3.6562
0.530479
-1.9757
-0.563965
2.0192
1.25831
1.03437
-0.93908
0.0866463
0.49243
1.13784
-1.26554
0.128985
-3.77191
-1.48057
-0.626194
-0.49871
-2.24927
0.150472
0.843535
1.12671
2.6378
-1.36542
0.000240355
-0.0449429
-1.32656
1.79983
1.77007
1.19572
0.488727
-0.863655
1.6703
-0.81312
-1.11412
-2.08203
-0.519999
1.50193
1.11504
-0.894019
-1.56868
1.66726
-1.80653
1.46681
1.92892
-1.18692
1.5632
-0.442687
-2.09075
0.354182
-1.20331
-0.834015
0.571928
-0.142985
1.96868
1.04584
0.361637
1.50427
-2.47305
0.788743
1.41151
0.212766
1.70444
4.4717
2.60337
0.920707
0.229542
1.65185
-1.19981
-0.071312
-1.10104
0.415817
-1.14026
0.50265
-0.43787
-0.812354
0.673472
1.40673
3.05792
1.63527
1.59977
0.456605
1.2798
2.0531
1.60666
1.51795
1.3347
0.23252
1.81836
-0.690605
2.48053
-0.918619
-0.252232
-1.36197
-1.87586
-0.359775
2.66309
0.765435
0.0443223
2.18119
0.41294
-1.67654
-2.03466
0.671838
0.507647
-0.445759
-1.6156
0.13076
0.785462
1.97004
-0.0540437
-1.46171
0.332636
0.706117
1.00358
1.97702
0.0257934
0.553568
-1.7675
-0.989026
-1.40497
-0.931779
1.17425
0.486265
0.955578
-1.27287
1.34488
0.391733
0.0290176
0.0400706
0.305219
-0.963403
-1.14302
-1.01088
-1.37274
-1.0908
1.3857
1.11294
1.38424
-0.218631
0.809092
0.179958
3.48864
-1.09809
-0.527791
-0.240121
0.0780049
-2.1747
1.45408
1.27624
2.48011
0.710413
1.12617
0.43948
-0.179888
1.9499
0.260595
0.0838352
-0.892274
-0.737361
-2.76999
-0.0203277
2.71242
-1.09853
0.534814
-0.811461
3.50293
-1.73999
0.366425
0.369392
0.746291
-1.39709
-0.31905
1.11117
-0.823494
1.72557
1.90536
3.76742
0.348284
-0.513588
1.55585
-0.539084
1.01097
1.84019
-1.07263
-1.71308
1.1243
-0.0218785
-2.64268
0.310764
3.54548
-1.012
-3.22008
2.28785
1.05451
0.49234
-0.224338
-0.298467
-0.760996
-1.42804
-0.816446
3.49711
2.46573
-1.12357
-0.627969
0.126915
-1.00762
1.94493
-0.234308
0.653824
-1.87387
0.194185
-1.02518
1.07611
2.12703
0.218844
1.79334
1.70001
0.610739
2.23571
-0.0185104
0.899599
1.3644
2.45851
2.07178
3.74867
0.940532
0.911187
2.02133
-0.0568159
0.239298
2.84153
3.92411
2.8764
0.850396
2.97138
2.05558
-1.06325
0.948906
-1.97816
-0.951206
-2.31644
0.886647
-2.09626
-2.65661
-0.565266
-1.31665
-4.30928
2.44461
1.40564
0.878495
0.0597812
-0.919263
0.509733
-0.986021
1.99486
-0.0369161
-2.70475
-0.139017
1.51766
-1.29701
2.48516
-1.79713
0.745495
-0.493372
1.57956
1.21549
-4.08245
0.386324
1.58401
0.409865
-0.385323
1.25022
3.41248
2.86429
1.11994
1.57421
-0.292621
-2.23823
0.990021
2.03037
1.49005
-0.207524
-0.159261
0.71316
0.80972
2.07685
1.02804
3.58445
-2.49131
0.813659
-0.282587
2.33358
-0.059731
1.90699
1.96018
0.597475
1.81166
0.0376729
0.0158363
-0.0986253
1.13295
3.22234
3.3213
0.85248
2.48585
1.38794
1.21344
2.27282
-3.20022
1.25788
-0.503661
-1.68812
1.84866
0.653277
2.0612
1.89878
1.70804
-0.911321
0.528754
1.14016
0.0586945
-0.0857886
0.425313
2.87285
-1.24974
-2.06152
-0.249293
0.852609
-1.3057
0.78614
-0.596273
1.07412
3.32289
0.928492
-0.17347
-1.58592
1.68334
-0.600254
-1.65361
1.00802
0.743214
1.20175
0.412196
0.851701
2.02388
0.816146
1.8085
0.184463
-0.12426
2.03858
1.35941
1.6506
2.00597
1.26015
-0.558438
2.71043
1.57343
0.420599
2.30024
0.957724
1.86709
1.3894
0.641583
1.66687
1.69813
2.71849
1.98109
0.64318
-2.05374
0.800497
-0.682107
-0.19068
-0.904589
0.349086
0.330121
0.190826
1.80002
1.23804
1.61697
3.11229
0.142394
0.300704
-1.00472
-1.30356
2.46925
1.08575
1.81057
1.53216
-2.13814
1.4848
0.0953072
2.67867
1.40441
2.30987
2.56457
-0.348818
1.41978
0.997074
3.22794
1.01255
1.11751
-0.283202
1.19394
1.89888
-2.82267
1.5532
2.39624
1.44193
-0.471652
1.97073
0.417595
-0.208569
1.40826
-1.81058
-2.58009
1.32076
2.35462
-0.30555
-0.187521
1.05294
1.39349
3.21627
2.34709
1.88113
3.08958
-0.767652
1.60006
2.12567
-0.0171208
-1.51351
0.745723
1.00149
-0.498833
0.433061
-0.597662
-0.148929
0.0334788
1.98156
1.20069
0.373861
0.924812
1.76768
-1.43212
0.549049
0.278021
0.857791
-0.578194
0.905074
-0.938393
-1.18123
0.137653
-2.17604
-0.435827
0.399002
0.610231
0.717964
-0.809334
-1.43683
2.21364
1.63822
1.32469
0.127437
1.99094
1.3721
-2.05321
2.07492
0.969381
0.643469
3.69945
1.66316
-1.82014
2.24173
0.268367
1.64076
2.53054
-1.9559
1.27419
2.67443
2.44598
3.32163
0.791047
0.122116
-0.881709
-1.46908
-4.34298
1.07655
0.361991
0.510385
-2.96772
-0.198437
1.241
-2.99098
1.72483
0.0184766
0.377762
2.39954
0.311386
0.654689
-0.0848094
-0.187752
1.29884
1.28483
0.91506
2.1056
1.22863
1.39845
0.793668
2.13714
-3.60481
2.97893
0.971827
-1.31269
-0.992749
1.23343
-0.741172
-0.718686
-0.523917
0.427629
1.28106
0.980156
-0.531712
0.292284
-0.688092
-0.774663
1.26597
-2.54942
-0.0905486
-0.651924
1.27489
0.73698
-2.37857
1.35503
-0.928515
-1.28701
-0.182048
3.58682
0.69898
1.92236
-0.114057
-1.15884
0.805619
-0.750007
-2.03885
0.726518
-1.0764
1.98893
-0.961986
2.76446
0.45518
-0.773119
-2.65531
0.224077
0.674971
2.38751
1.48763
1.7388
3.51031
3.93251
0.134746
2.66687
1.60264
1.69767
0.60479
0.743504
2.54221
2.5902
-2.42699
2.58249
-0.565255
1.53154
-0.0318539
-0.511752
-0.440915
-0.180424
1.71216
-1.25814
1.78468
2.08152
2.47735
-0.556852
0.79322
-0.212378
3.63578
0.986285
1.98007
-0.103483
0.505248
2.68861
0.561177
-1.34785
0.417186
0.283605
-0.00112784
1.14699
1.02195
-0.545401
0.600522
-1.05644
-0.652666
1.21919
-1.20639
0.546067
2.51104
1.4992
0.895409
2.19784
0.115982
1.90152
0.0292658
2.87543
1.86701
1.15801
0.621963
0.816433
1.26234
0.0941012
-3.35741
0.250295
1.01187
2.22767
1.12163
0.107345
2.45601
2.73139
1.90207
2.75067
0.884191
1.04285
1.32398
-3.10912
0.854813
0.504256
-1.1574
0.100045
0.20141
0.27422
1.29417
3.48747
0.283442
0.637749
-0.0836314
2.53015
-0.740634
2.22162
0.255431
-1.15073
0.881561
0.154534
3.2745
1.50384
2.86339
1.73648
0.979253
-2.15203
-1.87129
1.44227
0.371571
0.382475
-0.985508
1.02277
-2.16218
-0.271762
-2.34051
2.35817
-0.482186
3.18419
-0.371561
-1.24396
0.577778
0.640901
3.30139
-0.0477247
-1.00225
1.58613
2.15932
-1.7097
1.06027
2.33704
-1.45645
-2.91257
0.504207
-0.636161
1.13357
0.119953
-1.97612
-1.20829
0.705227
0.622376
1.46428
0.00646153
-1.69428
-3.0216
1.83601
1.19322
1.11051
-1.15863
-0.531095
1.51282
1.52443
1.53424
-0.815817
0.293382
2.83289
1.98395
2.70831
0.0965742
0.0720542
-1.06675
1.01606
2.44711
0.896551
0.572999
0.775326
-1.06933
2.85475
-0.446234
0.684628
-0.930203
2.04465
1.07969
1.79254
-2.63042
-1.11694
-1.71584
-1.66096
1.85906
1.027
3.29534
0.0465644
-1.04564
0.682411
1.6123
0.0976598
-0.323993
3.87737
0.96009
-2.07354
-0.403085
1.41626
1.01383
-0.624925
1.35945
-0.787442
1.0562
2.70285
0.161748
0.251961
4.52193
-1.30157
0.222918
-0.727134
0.583744
1.75482
2.70986
1.7643
1.99307
2.21368
0.571899
-0.339926
3.65952
1.48545
-1.53156
-0.478968
0.780637
1.25805
-0.993442
2.92845
1.11802
1.09854
1.25642
1.96545
1.36025
1.69485
2.56143
1.06347
0.73551
-0.59125
-0.284446
-1.19195
-0.901047
0.673001
-1.00861
0.624382
2.3563
0.205286
2.05817
1.36555
-1.62695
1.76727
0.494968
-1.42892
-1.71633
-1.06638
2.02695
0.628507
4.97351
1.46704
2.59633
2.19243
0.966749
1.58128
0.0022379
0.886115
0.556256
1.927
1.16722
0.258603
0.539695
-0.545452
2.07631
1.3233
2.43191
-0.0609893
3.03552
-0.254758
0.722203
-0.397274
0.532139
0.192469
3.70478
-0.688147
0.671277
-2.26397
0.861478
0.550492
-1.26858
3.37412
1.42649
0.672889
0.804697
0.351078
0.947903
1.3743
1.19549
-2.28148
-1.11289
1.0529
1.12588
1.25025
1.53069
-0.60161
1.81257
0.832069
3.35512
1.64154
-1.05722
-0.855031
0.880362
1.42494
2.78002
0.241082
0.593113
1.16202
3.00423
-0.334712
0.448372
-0.165307
2.70748
2.21555
0.732483
0.123014
0.663571
-1.58164
1.19794
-3.4887
2.04566
2.87331
-3.97935
-0.0306673
-1.19708
-3.14913
2.71364
1.60911
0.960439
1.11226
1.07485
1.46497
3.0011
-0.679526
2.64247
2.87472
2.03471
0.325045
2.33677
-0.970435
1.37243
-0.906766
-3.16626
1.77772
1.25565
-0.0538017
0.690958
3.60207
0.224471
-1.74575
1.12965
0.759092
2.75429
0.121821
1.76614
0.689715
-0.425056
-0.195362
-0.67027
-1.38227
-1.04774
0.777469
3.23109
3.74249
-0.939572
-0.388473
0.132918
-0.948732
-0.213874
-1.07221
-0.581043
1.57467
-0.842486
0.588156
0.67612
-1.19476
0.241739
-1.48155
0.435465
-6.42665
1.29629
-0.224264
-0.205797
1.22939
0.574757
-1.05987
-1.95271
1.29806
-0.172852
0.96974
-0.378689
1.17288
1.60375
1.92678
2.59641
1.49288
2.79674
-0.702672
0.498086
0.318328
-2.57171
2.85855
3.23867
-0.607188
1.10777
-1.04428
0.699895
-0.0160409
2.68702
0.603045
-2.86724
-0.249298
1.01771
0.800076
3.33671
2.91202
-0.708682
1.99508
0.554488
1.34495
0.65181
-3.12372
1.26588
1.08233
0.49906
0.725131
-1.60206
-0.932491
1.50469
0.221211
-1.01318
-0.428693
-1.09785
1.10223
-0.516513
-0.631164
-0.538999
1.11898
0.0869706
1.38766
1.2904
1.93617
-0.356091
4.14684
0.442898
2.52277
0.638382
0.181525
0.927387
-2.03425
2.11817
1.66887
2.10427
0.635462
0.723917
0.0369511
1.81695
-0.998451
1.98798
-1.31675
-0.292393
0.237938
-1.46622
-0.293271
0.888621
1.45712
1.32762
3.71344
1.08998
-1.52355
-0.134498
2.26738
0.987431
-0.668364
0.0429695
-2.2841
1.53979
-2.04221
1.94947
-0.817591
-0.542512
-1.08883
1.03434
0.48037
-1.97217
2.38005
1.50402
0.841612
4.16986
-1.48759
3.03671
2.8017
0.672402
1.98492
-0.966907
0.895557
-1.27281
2.94465
2.84662
0.401477
0.0317311
-0.543358
-0.223586
0.388104
-3.13086
-2.76359
0.987207
0.648592
-3.41043
1.55838
0.160574
0.178583
2.25119
-2.20883
0.61767
2.309
1.21868
-2.9697
-0.117971
1.51528
3.0251
-3.48725
0.369905
0.261106
0.549747
0.321485
-0.236645
-1.72631
0.324124
2.08423
-1.86496
0.96808
-1.48781
0.887435
3.17496
1.99724
1.10547
0.876235
0.550987
0.849796
-0.420995
0.313681
3.86582
-0.256877
1.21319
-1.25104
-1.86562
0.588251
-0.655122
-1.81593
-3.58852
2.26501
0.983988
1.66852
1.25289
2.90843
-0.0245003
1.4909
2.63102
-2.14919
0.220382
-0.527938
0.302722
1.4533
0.589314
-0.674624
-0.239125
1.97321
1.17091
-0.241512
1.5394
-0.00483547
-1.76719
-1.44333
1.76438
1.98555
-1.92475
1.91071
-0.31548
-2.18294
-0.00448201
-3.72224
-2.87469
0.146843
0.959206
1.43445
2.34488
-0.214367
0.799355
0.606223
2.20986
0.0212139
1.1658
-0.47778
2.4083
3.96461
1.16915
1.07152
0.0307759
-2.02427
1.49351
0.0675536
2.08599
0.597948
-1.15701
0.156778
-1.2026
0.951673
-0.415878
2.03797
2.21128
3.23272
0.595309
0.0888346
1.89056
-0.305358
-1.94727
-0.524129
1.43011
-0.54254
0.666088
2.09366
-0.468262
-0.0931121
2.35511
2.04928
2.35942
-0.404996
0.38853
0.725697
1.79143
0.249041
0.252905
-1.52898
1.18595
-1.56297
1.38161
2.53663
2.35796
0.428684
1.78213
0.640762
-0.42013
1.93342
0.639599
-0.921445
1.53779
0.329837
-4.63193
-0.4597
-1.86468
0.568351
0.0349359
-0.768709
-1.49951
2.31848
1.26897
3.60937
1.3726
-0.247405
2.71711
-0.461924
1.72513
1.64891
2.01813
