0.340621
0.495968
0.346127
0.664416
0.623451
0.625715
0.427953
0.435629
0.462861
0.552546
0.618413
0.467478
0.504984
0.480732
0.337551
0.227631
0.223066
0.163528
0.104779
0.145584
0.0629383
0.0571602
0.158485
0.132939
0.289579
0.394145
0.35834
0.186149
0.225545
0.479818
0.571916
0.472889
0.522107
0.45082
0.497988
0.419255
0.471681
0.5982
0.615796
0.694908
0.690334
0.635825
0.816203
0.619603
0.553387
0.740572
0.825515
0.720125
0.760857
1.0275
0.916023
0.72975
0.62526
0.605669
0.493855
0.496386
0.39184
0.351743
0.510149
0.454639
0.312132
0.463765
0.311333
0.390521
0.362944
0.455767
0.560678
0.611834
0.585997
0.585468
0.666311
0.537659
0.441816
0.411899
0.367756
0.242666
0.251079
0.301466
0.360093
0.487179
0.549415
0.557268
0.688306
0.71175
0.502427
0.671512
0.479343
0.399243
0.236954
0.240003
0.180137
0.20375
0.153841
0.165361
0.292821
0.303368
0.527962
0.417215
0.289821
0.367363
0.425955
0.315956
0.338833
0.221825
0.134575
0.0333863
-0.066251
-0.141417
-0.226059
-0.238654
-0.197438
-0.205925
-0.351712
-0.167779
0.011283
0.0814269
-0.261276
-0.297369
-0.242301
-0.345174
-0.612798
-0.706492
-0.806476
-0.560644
-0.647698
-0.839954
-1.0113
-0.944337
-1.09704
-0.751083
-0.829999
-0.736394
-0.652516
-0.805098
-0.782145
-0.964145
-1.05536
-1.03268
-0.946336
-0.878985
-0.878958
-0.759095
-0.670317
-0.710592
-0.913091
-1.00756
-1.16878
-1.12391
-1.29735
-1.34046
-1.27918
-1.19744
-0.906085
-1.09545
-1.04608
-0.91051
-0.800329
-0.779214
-1.0273
-1.00925
-1.02612
-0.884536
-0.723257
-0.636706
-0.717766
-0.651328
-0.700926
-0.657991
-0.718177
-0.545273
-0.390486
-0.513907
-0.450875
-0.381855
-0.40177
-0.406036
-0.29669
-0.429868
-0.323031
-0.0899579
0.0531845
0.122364
0.0318255
-0.0722732
-0.0365231
-0.190987
-0.401733
-0.461423
-0.494399
-0.576099
-0.34459
-0.0889499
-0.0109534
0.225075
0.0908073
0.0880458
0.0395575
0.100188
0.196949
0.174514
0.0913086
0.0754343
0.0570209
0.205609
0.1749
0.0965142
0.307795
0.459078
0.436253
0.615654
0.608006
0.552475
0.490211
0.374114
0.283337
0.299827
0.6216
0.588745
0.505002
0.339
0.578116
0.644389
0.469816
0.489633
0.376287
0.390614
0.236064
0.32511
0.530475
0.505062
0.360165
0.248804
0.204188
0.0699073
0.144129
0.207698
0.0224376
-0.174941
0.0240222
0.1319
0.42417
0.439271
0.271445
0.121988
-0.0540289
-0.0169357
0.181625
0.116241
0.118929
0.165176
-0.0176956
0.107167
0.0996724
0.0215977
-0.0055595
0.0343293
0.0441855
-0.00583309
-0.140126
0.0207686
0.211977
0.209927
0.147558
0.239025
0.123093
-0.117381
-0.0579419
-0.109844
-0.0937966
0.128565
-0.208438
0.0182389
0.0611109
0.221084
0.103586
0.281009
0.271296
0.32384
0.380551
0.611068
0.688344
0.533067
0.573366
0.660031
0.610646
0.740818
0.720874
0.795842
0.942997
0.96539
0.92353
0.753234
0.856141
0.793238
0.82009
0.862381
0.890437
0.8693
0.792643
0.757894
0.55223
0.444602
0.417946
0.399532
0.283137
0.295536
0.280694
0.22131
0.0974222
-0.0906237
0.126085
-0.0193735
0.099888
0.0659947
-0.0132502
-0.0030465
-0.16334
-0.120277
-0.255995
-0.100122
-0.109515
-0.21996
-0.462707
-0.347331
-0.431027
-0.447695
-0.567619
-0.803118
-0.705176
-0.685626
-0.739832
-0.906037
-0.633677
-0.476735
-0.634915
-0.391098
-0.434321
-0.51787
-0.394719
-0.247308
-0.162478
0.0174712
0.106513
-0.0747851
0.0247034
0.281934
0.195739
0.297734
0.393438
0.318352
0.295423
0.324848
0.267074
0.342965
0.300062
0.24914
0.21892
0.405816
0.401292
0.446626
0.470281
0.487657
0.483222
0.532674
0.356457
0.451408
0.601938
0.578024
0.603771
0.814413
0.925037
1.02708
0.880664
0.936707
0.802412
0.847724
0.942262
0.859872
1.04128
1.11778
1.05781
1.01241
1.01413
1.03988
1.04151
1.02346
1.0863
1.27915
1.24098
1.08614
1.09329
1.11083
0.928572
0.767446
0.942053
0.961374
0.822946
0.937061
1.09153
1.12689
1.09988
0.924358
1.28486
1.17205
0.952062
0.944244
1.10855
0.998263
1.10156
1.16252
1.18316
1.18465
1.17842
1.06716
1.1076
1.30627
1.04535
1.2084
1.0391
0.984182
0.880987
0.85455
0.782
0.850422
0.664437
0.628465
0.63084
0.470407
0.391651
0.545299
0.38257
0.218711
0.164766
0.0567089
0.00120374
-0.0728162
-0.189751
-0.181826
-0.0330921
-0.115779
-0.108089
0.0791126
0.049528
0.0958787
0.019445
-0.122231
-0.212462
-0.164984
-0.0248787
-0.0171379
0.0475979
0.03867
0.035258
-0.0671175
0.00831061
0.171809
0.253067
0.260341
0.378894
0.38321
