-0.217073
1.68847
0.523466
0.621923
1.41298
2.61029
-2.20622
3.13541
-1.76558
-0.800322
0.209336
-0.257846
0.00992791
1.40072
-2.72982
0.705267
-3.23231
-0.674916
-1.32076
0.321098
-4.11689
2.28108
0.0538479
0.100093
-1.54119
2.85949
-2.36814
2.0856
-0.40985
-3.46817
-2.87243
3.74647
1.47368
0.355071
-1.45593
-1.03525
1.54374
-1.21488
2.14896
-0.405946
3.91727
-1.99205
-3.03892
-0.0760041
0.634043
0.226253
2.2246
2.49928
-1.02403
-2.90953
0.653462
-0.742517
3.38085
2.47478
-3.64403
-1.82922
0.174452
0.511914
-0.00475201
-3.16914
0.374484
3.00206
5.44156
-2.89836
-1.81357
3.13422
1.04196
0.413591
-0.526195
2.43314
-1.07753
-1.68176
4.77462
-3.48794
0.287447
-0.0610371
-1.15684
3.97675
-0.913063
2.26828
1.26359
1.40818
-0.927051
-1.78135
0.870612
0.812453
-1.06911
-1.74498
5.44198
-1.48184
-0.0480711
2.29521
-2.03214
-1.09909
-1.71674
1.90266
1.66847
0.343868
0.28219
-0.250506
0.25939
0.430027
0.538938
-0.353036
-2.50698
-1.28449
1.4442
-0.0908249
-1.27961
-2.89126
1.67958
-0.380955
-3.45459
-2.19212
3.21762
-3.39956
-2.98911
-3.18912
2.08701
1.56095
1.27732
6.78342
-2.82818
-4.80604
-0.0914199
-0.96207
1.52919
2.76058
-0.912793
-4.07954
1.64085
0.540515
0.0976763
-1.29994
-1.17104
0.265546
0.549421
0.79942
-2.33637
5.04537
1.99849
-0.55251
1.40484
-4.161
-1.27321
0.395969
-1.56756
-1.33858
2.0812
-0.704303
-0.571738
1.73252
2.16029
4.87568
3.7855
2.63924
4.08036
0.866843
-0.352452
1.22266
3.07215
3.88536
4.77422
5.48854
2.99268
-1.03642
2.46055
-0.593873
3.56162
0.773005
1.24733
2.51898
0.824446
0.615733
1.25341
4.1066
4.90168
-0.116189
-4.00412
2.16948
0.576008
-1.11249
-1.8581
-0.277732
-1.84634
3.72067
2.73133
-0.774571
-0.983428
-2.86027
0.858476
0.974487
-1.48826
-0.792991
-1.90986
0.266161
4.24042
-1.2891
-0.563178
3.94044
0.859731
4.89411
2.74026
-0.869022
4.63482
-2.84203
0.850782
0.448033
-1.29946
1.6269
-0.959273
0.186543
-0.214189
0.560451
-0.0784958
-0.630165
1.97765
2.53477
-3.68469
0.643626
2.7827
-0.219572
3.09784
-1.2529
5.2839
-1.30382
1.33055
-0.964232
-0.340771
-2.07214
-1.3391
0.343123
-0.0312168
-2.21456
2.47804
-1.40565
-0.592945
0.168881
1.04773
-1.74532
1.88206
2.01361
4.03264
0.114456
-2.87223
2.76326
3.12878
5.33453
1.14499
-0.633288
2.51939
3.37782
-0.623151
0.0608348
1.82237
1.74105
2.61979
1.92149
2.86628
1.04899
0.249179
-1.57785
2.87427
1.28597
-1.58949
5.04596
0.233444
-0.509181
1.719
2.15386
-0.710152
2.49768
4.34181
0.00551767
1.10848
2.45813
3.25363
2.49141
-3.225
-1.42327
0.628513
1.60979
2.15701
0.532619
1.10458
0.204921
-0.0918822
2.10977
-0.106759
0.654815
1.8555
1.83468
-1.49766
-3.68667
0.00328091
-4.14944
1.14597
1.36942
0.560418
0.765196
4.33314
3.34575
4.09552
0.19125
-2.34691
-2.47579
-0.110448
1.46966
0.167567
-1.91083
-4.1571
-2.36967
-0.533615
1.44769
0.521803
-0.21194
-1.35592
3.5036
-0.408025
2.57915
-2.04016
0.268836
-1.30915
1.56772
2.44195
-1.58725
0.101
0.50833
-1.21849
1.68179
3.6968
-1.04214
-4.48873
2.28342
-3.17047
0.377806
-4.22913
0.571761
1.2233
2.47433
-0.314991
-1.82622
1.82403
-1.97313
1.21137
3.81281
1.3713
2.741
-2.08238
-1.93674
-0.537613
-1.02555
1.22651
0.91927
4.05854
-1.95588
0.243954
3.24757
2.60776
-0.60251
-4.75897
2.86309
2.90556
2.97216
-1.71425
-0.847057
-1.30675
1.4547
2.03936
3.37773
1.46715
4.13725
1.90399
1.9558
1.10775
2.1785
3.26696
3.12767
1.40104
-0.118205
0.721082
1.78237
-3.67821
0.976155
1.87128
-1.85224
0.259747
0.313345
-1.7908
-3.43974
1.92418
-2.37272
-1.29646
-0.504035
-0.434144
0.888935
-2.1972
-0.279236
2.53523
0.438202
2.75134
0.16274
2.98258
-2.68647
2.49658
1.72055
1.31086
4.1456
-2.6257
3.84791
-0.352524
4.29513
1.58693
-2.48735
1.36952
0.490588
0.610784
2.90094
-2.03192
-1.52052
2.1142
3.95241
3.27583
-0.0356468
-1.15484
-1.97052
3.56564
2.65936
-6.01756
-2.24099
3.52469
1.78976
2.20323
-1.55734
-0.909124
1.37824
-1.12492
-1.09585
-0.969678
3.8159
-1.70014
-2.34264
-1.59217
0.850898
1.47762
-0.185346
1.60464
2.76903
0.15203
1.09499
-4.02475
-2.30077
-0.128921
-4.50812
-1.31636
3.8436
0.594292
-3.49532
-0.16209
0.296398
0.78392
-0.291774
2.04664
1.72174
2.6715
2.38183
0.376903
4.42719
0.514695
0.305685
0.55386
1.73235
1.02915
1.48665
1.44621
-2.93627
2.25765
-3.30543
3.22577
-2.29917
-0.431428
1.65366
4.59094
2.36943
2.93239
-2.02083
3.64745
-1.72466
1.46578
-0.0642848
-3.92311
-1.85114
2.22779
-0.168178
2.47139
-4.96968
0.599395
-4.61631
2.62852
-4.28985
3.07832
0.950461
0.687049
1.03299
2.76746
-0.593368
1.86164
0.311994
2.20099
-2.70658
-1.99099
4.60944
0.0486313
0.687574
-2.09779
-0.626939
5.93771
1.49606
0.762163
1.54032
-2.8195
-3.06936
1.14417
0.254421
5.85836
3.1555
-1.36935
0.546135
1.90927
4.41606
5.55147
3.35335
-1.57235
-1.25403
-1.35241
1.22573
0.266553
-1.55478
-6.06111
0.295689
-0.0272212
1.71935
-2.68713
2.03128
-3.78196
-0.431955
-2.35386
1.5006
-3.20679
1.66045
0.505973
0.381645
-0.0973598
0.754496
0.254524
-1.16198
3.43748
3.40047
1.50655
-4.87183
-0.180868
-0.751675
-2.30505
1.28075
0.00792305
-1.67335
-2.25132
-4.25491
-1.22451
3.28119
1.55249
2.76787
-0.358371
-4.73434
0.299814
-1.13103
-2.49947
4.40328
0.291477
-0.175785
0.800737
1.15466
0.679975
1.36182
2.493
-1.95895
1.56766
1.88275
-2.5083
-0.2171
-0.971072
0.284998
1.08984
1.80537
2.8914
0.559192
-3.49002
0.938435
2.39669
1.79852
-1.03422
-0.21951
1.66827
4.06835
2.40948
-0.57366
0.444569
3.55073
1.69044
1.80146
0.0706349
2.62038
-2.80624
0.379375
-0.257312
0.0253811
2.22586
1.49054
-4.47163
0.371666
2.54329
2.31145
0.784271
0.561358
0.0784472
0.585211
1.59379
0.967603
2.46997
4.33964
0.538313
-0.755683
1.33535
2.31949
6.39907
4.7546
1.0557
2.24077
-3.61982
0.686887
-0.322954
0.0672176
0.443965
2.08061
2.75014
2.31347
1.72872
1.4496
7.48232
-2.45133
-0.305881
4.13566
3.0683
-0.534243
2.40782
-0.636117
0.296467
0.956661
-0.459796
1.41951
3.69783
2.45663
-0.192873
-1.10134
-0.760212
0.380112
-1.1114
1.06421
0.360889
-0.0153374
-0.251666
-2.20389
-2.23417
-0.743047
1.19916
1.56074
2.56214
1.49037
2.27187
4.04783
2.40469
-1.82565
1.64236
-0.577855
0.169388
0.00443808
1.21448
0.385444
1.65672
1.42132
-4.15516
0.175181
-4.76494
-1.71311
-1.25053
-2.49363
3.76116
0.668611
0.0244333
-1.15601
0.945124
2.99464
-1.18842
2.73267
3.7356
2.6634
3.04794
2.40685
-0.702179
2.56952
-0.0720424
1.23183
1.15285
2.4921
2.31205
-0.851175
-0.461563
-1.82391
-4.15279
0.329248
-4.7192
-0.278505
-0.0721262
3.99272
0.881144
1.80333
1.60536
-0.643394
2.39221
3.7985
0.8001
2.93477
4.30285
2.42307
-0.334473
0.405088
3.57693
1.29486
1.00807
0.179483
0.552637
3.90201
0.484895
0.0959271
1.15297
1.30249
2.50863
-1.90397
2.53037
0.641248
4.81435
0.766426
2.36831
3.70335
1.50926
0.633229
1.70424
3.54416
-0.0125164
1.30046
-0.866484
-0.709717
2.22165
0.978611
1.06684
-4.66769
2.63254
0.765828
-0.401367
-3.09262
-1.26412
3.5564
2.30732
1.33082
-4.94176
0.355266
0.755244
-2.57912
1.72926
2.64539
0.085005
-0.0180186
3.34217
3.13411
-2.10927
-1.63286
-2.26202
5.65912
-3.7329
1.03852
-2.7974
1.74387
-0.771304
1.45542
2.80529
-0.406203
-0.488265
1.23754
0.605432
-0.244841
2.3084
-0.754552
0.703485
1.94751
-2.55429
-3.65042
0.452683
-2.91532
-0.735162
1.27505
-0.199446
-1.97067
3.95006
-0.0202936
4.16226
1.42374
2.7944
3.75298
-0.0197157
2.77088
3.65921
-1.23153
0.787222
1.18489
4.77848
3.08771
0.128167
1.75453
-1.33931
-1.11053
-5.71242
0.377551
-1.34439
2.44154
3.7009
-1.57034
-0.815636
-1.3427
-1.21623
3.63351
-4.02939
-2.99753
-0.0592559
3.44649
-0.579355
1.02123
-0.589767
2.63543
-0.0812806
-0.0288231
2.91368
2.19518
3.23201
-2.96699
0.0162251
4.77279
0.378207
3.55778
-0.791067
0.994106
-1.48293
2.13332
-4.07567
-3.02661
2.75248
-0.535337
-0.308728
-0.156116
3.27273
0.948878
0.842374
1.03417
0.614455
2.63491
4.40518
1.93341
2.11689
3.17472
1.31373
2.2076
0.864291
-0.0227074
3.63381
0.600132
-0.622169
0.363099
-0.995168
-7.21382
1.18637
-1.80843
0.692781
4.11712
2.27604
3.18976
1.78766
0.592364
-3.62891
1.60524
0.974551
2.66742
-1.36611
3.50122
3.62011
1.53168
3.78437
-7.30662
-1.72248
3.77669
-1.61768
0.615428
2.81725
-5.29884
-7.33799
-0.84475
-3.1875
-1.31909
2.66267
2.56618
-1.79868
1.93695
3.08075
-1.48321
1.35932
2.26686
2.09291
4.18305
3.54399
2.95091
-1.78762
1.27655
0.750945
4.48362
-2.67435
0.440353
0.646027
2.05938
4.09702
3.93065
1.64298
3.02915
0.630325
-0.573847
3.64557
3.8335
2.59772
3.95898
-1.35584
0.139232
-0.0479089
3.84989
2.93483
-3.23577
0.586366
0.919217
0.562959
2.33213
3.70789
-0.822422
-1.37547
-4.75279
2.28815
-1.61748
3.7211
0.473405
3.72177
0.453715
-1.76342
0.849486
1.23393
-1.98982
-2.33872
1.85336
1.04632
-0.514627
4.2936
1.38119
0.461151
2.27192
-0.487009
2.24067
-3.00211
-1.81497
1.10407
-2.7938
3.21576
1.46821
4.05917
-0.210521
0.27673
3.36176
-2.8374
5.50535
0.597004
1.21147
0.746101
-0.658008
0.631778
-0.908907
0.45478
1.79585
2.32408
0.696819
1.92573
2.3842
3.55481
1.81812
2.90683
0.994374
-6.64954
2.45367
0.946769
2.85055
1.82886
1.54662
3.58459
0.231297
1.38332
-0.803508
1.28619
2.28154
1.92845
3.22011
-0.507941
-3.44844
5.87977
-6.68812
-1.44725
0.970012
-0.602509
-4.46641
1.44231
-0.82582
-1.22874
4.51763
-0.908036
6.76167
4.58889
1.64725
2.70654
-0.675433
3.79121
2.03636
0.442252
5.16628
1.25895
0.42474
1.40713
-1.40235
0.847673
-3.99684
2.33407
2.90054
-0.938151
0.215297
2.271
0.131038
0.503405
0.113389
1.05576
6.61961
-0.927045
-0.454001
2.39085
-2.62774
1.21157
1.76023
0.696906
-0.748032
1.55205
-0.00556576
-0.340651
2.41999
0.346395
-2.86324
-2.75022
0.306888
0.45467
1.35459
0.378303
-4.10953
2.10298
0.55996
-0.706408
0.342948
-1.98562
1.41328
2.62323
4.10086
1.42914
1.49829
2.47518
-0.337733
1.66838
2.85722
3.52298
-0.0342139
4.60066
1.71783
-0.149308
-1.05932
4.37418
1.7414
3.77302
3.79906
-0.838154
-2.4255
1.17081
2.29754
0.128552
4.0858
-0.817178
-0.135725
1.29168
2.10883
0.262935
1.38012
-0.974964
1.17078
1.11445
-1.33215
-1.13595
-2.14683
0.351686
-4.99351
-2.03331
-0.402133
3.58907
-4.59285
-1.47945
1.74887
2.80419
0.606046
0.793648
1.6348
3.71352
2.87457
-0.307702
2.45918
2.8049
3.23435
-4.31887
3.34691
-1.45129
-2.99718
2.59881
1.704
2.83386
2.64562
-0.795538
-2.26058
-1.66186
-0.410704
1.94038
0.767662
-0.1767
2.1912
0.54766
-4.09468
2.01577
3.67873
1.00539
2.22659
0.422231
1.15913
0.937418
0.0910729
2.18417
1.21168
-0.437893
0.312558
1.96683
1.38201
-3.07324
-0.646447
-1.63758
0.868159
1.89841
-0.158748
3.2813
-1.33743
-3.0405
-2.80084
0.496908
1.08616
2.08097
3.40197
-1.43825
0.712933
4.24051
1.78931
-0.230746
-0.949265
-0.38923
0.409894
0.396895
-0.14756
2.15479
0.354499
4.2599
-0.777665
1.87869
0.806841
3.29639
2.99123
-1.70685
1.17346
3.06461
-0.851027
-2.00341
0.1308
2.94327
3.55899
3.04265
-0.430609
0.183769
-3.34342
-2.61012
0.113668
-0.306089
-1.66506
1.56176
-0.944391
1.19138
0.541642
-3.07628
0.798443
-0.632621
0.184047
-0.427726
-0.627696
0.144952
3.03434
-0.825318
-2.71261
1.62158
2.55794
-1.60372
2.19081
4.40604
-0.0827081
-0.238547
-2.48147
-2.58842
0.902368
-0.892338
0.406679
1.12109
0.456346
-6.93719
-2.22018
0.218179
1.46408
1.60281
0.7225
0.282904
-3.0913
3.7387
4.79505
3.17206
1.33009
1.96913
0.0586121
-0.493978
1.1666
-1.20796
0.763664
-0.639322
-2.51323
-1.3138
0.631376
1.2514
-0.326802
0.156386
-0.347732
1.13425
3.96802
3.55316
0.141548
2.2902
1.2882
3.15573
-0.466692
-3.3758
0.424619
1.44018
4.03212
1.03578
2.18254
-0.514836
1.83284
-1.75187
1.08231
-0.827833
-2.19922
2.81601
0.156214
2.71965
-1.24063
4.48254
5.64241
1.78525
2.12409
-0.507567
5.84999
-0.889791
-2.84626
-2.11141
-0.975861
0.637081
-0.139549
4.63821
-0.808632
-1.3907
3.07535
-2.54538
-3.51548
0.67196
3.17978
-5.06555
0.299588
2.33164
-5.18517
0.952369
1.00198
0.79617
0.427508
0.25801
-1.44972
0.728411
-1.03271
-2.36565
0.793592
0.410545
-3.18837
-0.834912
0.466661
0.255557
2.24442
-1.63109
0.973203
1.67029
-4.79961
-2.03254
1.47951
-0.19202
1.13115
1.06199
1.93247
0.256835
0.0888496
2.05126
4.33662
-0.422997
2.57673
1.01888
-2.36597
1.88875
1.24362
-0.282751
-1.77149
-3.29166
-1.82807
-8.64414
2.2141
3.58526
4.24318
1.6116
4.87268
-0.250752
5.06624
0.508525
0.923398
1.17098
-0.0713405
2.48478
1.01343
0.362988
-0.442463
0.870696
-2.27098
-0.0546693
3.27646
1.77508
-3.27782
0.682373
0.166318
4.58477
1.53379
-2.37829
3.52167
2.84761
0.471761
-3.10479
-1.51565
0.48732
-1.48666
-4.01639
-3.60969
-1.69067
-0.167747
-0.315669
-0.273784
2.61506
2.18041
-1.95463
-5.82683
-0.912132
0.077472
0.455387
-3.21097
1.14447
-2.11709
2.99155
4.81324
-3.21935
-1.54778
0.0938664
1.92652
2.12777
0.756566
1.34169
-0.899111
-1.10944
1.84391
2.09914
0.35519
1.9019
3.02598
4.17218
3.03252
-2.20883
0.302142
1.58699
-0.524024
-1.3235
-1.29976
1.43024
1.39857
2.08869
-3.6826
-1.90033
0.110396
2.50542
1.2989
2.48125
-3.67712
1.7786
0.0786387
-2.2169
-1.61142
-1.65169
0.387546
-1.05084
-2.88049
3.05442
0.499899
0.526198
1.04481
1.20223
1.19994
0.0477022
2.11359
-3.211
2.27229
4.14011
-1.81148
2.16464
1.37584
0.757993
5.6452
0.331723
-0.209396
-0.272871
-0.399201
0.660209
1.39733
-4.31249
2.57248
0.456562
1.91661
0.393017
2.83663
-0.873081
1.99638
-0.0808758
-0.909029
-0.285869
5.82072
-1.01184
1.07873
-1.6824
-3.12719
-2.50107
-0.64938
1.13823
-0.346245
4.37261
0.925172
0.374445
0.733215
0.024466
1.52417
1.37693
-0.963017
1.87928
-0.62073
3.49166
2.817
-1.8769
1.16431
-3.34659
2.97261
2.16174
-0.825164
2.48891
3.22336
-1.3526
-1.49211
4.96888
1.98714
3.63019
-1.88403
3.3088
0.0800712
0.0321176
1.5755
1.72989
-0.1722
0.141755
0.746427
2.70949
-1.57914
0.129545
0.158778
-0.826922
0.490271
-0.456528
2.03545
4.16352
1.11666
2.15049
0.711071
2.19612
2.99558
1.05249
3.11153
4.38141
0.709066
-3.0562
-1.09171
-0.959836
-2.14622
0.0772679
1.48401
0.474167
0.779368
-2.80238
-1.344
3.374
-0.64695
1.1174
4.43461
2.21507
3.0924
3.60841
2.93305
4.29663
4.28921
0.186895
0.121757
2.80472
4.45778
-0.612376
-0.263577
1.75509
-2.05919
-1.49294
2.88534
0.377527
1.34611
-1.10696
2.79179
0.432325
0.300028
-2.0843
-0.209607
-0.257569
2.4281
-4.3671
1.74029
3.92135
3.59695
0.101847
1.4409
-2.76134
1.71009
4.7101
-2.39316
3.65794
2.58414
3.21676
-2.7641
0.505508
0.357646
2.12724
4.44534
3.88851
2.282
0.938581
3.89163
1.66902
3.68686
-1.06704
1.23606
-5.43308
3.6254
3.32309
0.978155
0.298611
-2.76304
-0.853789
4.42392
-1.78135
0.583835
2.30819
-3.97194
-0.648098
-0.626584
1.53543
0.533251
1.03204
0.969517
1.45673
2.974
0.715932
1.06106
3.63865
-0.535496
-0.324174
0.743071
1.43887
3.48446
3.78597
0.369622
0.191943
2.12941
-0.921003
2.68913
3.09707
-2.47397
1.36751
-1.10776
1.49805
-6.19857
0.928368
1.35516
0.776183
-0.293529
-0.280191
-1.19836
-1.02271
-2.29094
-0.222957
-1.02708
2.72385
-0.516701
-0.441341
0.838402
-2.49071
-1.35051
-2.62186
-2.08843
-1.31885
0.0602969
-4.06197
-4.14592
2.65773
-3.41262
-0.713458
-3.87016
-4.2271
2.26624
1.01044
-3.42921
1.644
-0.965905
0.0715134
-2.47866
0.87005
-1.00789
-0.652836
3.40027
-1.53739
-1.82741
1.55086
2.78585
0.15384
-0.605229
0.538824
-2.15433
2.17935
0.865765
1.0327
-2.46107
0.0846735
-4.57183
4.52422
1.38636
-0.995173
0.831209
-1.69538
0.655612
1.29162
1.64721
2.24007
-1.79113
-3.72079
-0.503367
-0.00570347
-0.345638
-0.205577
3.23398
-2.37005
0.216119
-3.71384
-2.93562
2.32954
0.345711
2.29615
0.519191
4.5119
-0.189062
-3.50714
-0.948559
0.41459
-1.66758
-1.7431
-3.31743
-3.81549
-1.08456
-3.96975
1.8953
-0.9787
1.90241
1.5001
-1.44554
-1.4985
1.42822
-5.57487
-2.74388
3.09148
4.41822
0.429273
-2.7159
2.00998
2.82258
1.01508
0.00751292
-1.03079
-0.0392081
3.64116
2.95711
-1.36169
1.90784
0.901665
2.90137
2.50417
-1.61667
-1.08809
1.4577
-2.8931
1.19527
0.366846
1.2248
-0.738109
2.1978
4.29636
-0.135216
-0.658557
1.70239
1.22818
1.44074
-3.63361
3.60284
1.05892
1.18575
0.150733
-4.57112
-0.224017
2.12816
2.79386
3.12904
-0.14832
-1.12339
-2.27985
3.88402
-0.93985
1.32601
3.09404
1.21751
-1.64331
1.71763
-4.12021
1.31422
-1.90761
1.90115
1.85123
2.33404
2.58799
1.94565
-0.171829
-1.12689
-0.866997
2.8034
2.89307
1.57955
-2.19323
-0.167898
-1.00392
-2.96034
-2.0701
2.97969
1.27895
3.20849
1.07279
3.7957
2.70835
3.21011
0.561326
-1.63094
-3.80795
0.570728
1.38448
0.868237
1.31456
-0.357325
1.30611
-2.03227
-0.707222
-0.208039
1.15764
-3.13959
0.641315
3.35949
0.326558
-1.3948
0.823636
3.6976
0.159446
2.86676
-1.02758
-1.11194
1.79113
0.458891
-1.25875
-2.59686
-0.200783
-3.89712
-0.100223
1.12683
2.94328
-0.885425
0.91069
-4.23817
-0.205812
4.11026
2.22448
-0.490975
-2.83601
-1.17018
0.645768
3.78976
0.667735
-0.946553
1.28285
-1.3468
0.781325
2.80444
-0.438175
3.49292
0.218151
1.29599
-2.96353
2.19855
0.66894
1.00084
1.67486
0.187029
-0.598989
-2.54763
-2.16635
0.902301
4.09291
5.32552
1.81088
-1.38189
1.96343
3.16846
0.580446
0.956697
2.96306
4.3718
0.953281
2.90391
1.98405
0.119324
0.20939
1.93137
4.97044
0.671653
3.14276
-0.298581
-0.868814
0.412613
4.6031
-0.264278
-2.38333
2.22697
0.514026
2.83983
0.0769971
-2.82188
1.69206
3.07206
-2.13435
-0.777901
-1.4135
2.45612
-1.58682
1.20092
0.930184
-0.441538
2.76535
-3.51384
2.21319
-3.25833
3.77017
2.12047
-1.61942
-2.42717
0.193192
3.83173
-2.4309
-0.244435
1.32845
-3.80389
1.84074
-1.92101
-2.50035
1.65405
-1.37467
-2.18251
0.506975
0.569665
0.348022
4.04114
0.291308
0.366679
-0.752241
-3.19564
-4.07286
0.861036
1.66589
-0.0748608
4.00346
-2.01679
3.51668
0.534842
-0.137513
-4.02346
0.390783
1.31076
1.91752
0.981651
0.856186
3.53788
-1.45587
2.27619
-5.24621
2.3726
-1.75247
-0.735936
3.93062
0.574761
-0.857352
3.57213
0.0447948
-2.53394
2.05734
0.130286
-0.187537
0.32982
-1.2884
0.0612847
1.74019
-0.191003
1.28329
2.57815
-0.433426
0.477098
0.936724
-3.87066
0.210266
-1.24817
2.41395
0.289325
-2.12159
0.630708
-0.0991269
-1.53429
-0.238375
-0.242475
1.63989
-4.9219
-2.54297
-1.56493
0.838917
1.43046
-2.81526
3.97892
-0.479768
-0.125109
-1.17548
-3.55479
0.250212
1.84238
2.12534
3.99759
1.41228
1.41688
-0.768884
-2.63657
1.96389
-0.239195
0.341946
-1.02343
0.168294
2.19562
-0.73142
-3.45636
3.49021
-1.28791
-0.330787
0.711884
2.22241
7.14791
1.22654
0.477875
-0.398781
0.688598
0.326286
1.38199
3.59979
0.969935
1.94811
3.98744
2.87135
-4.41431
2.41567
1.07676
1.38592
-1.82647
1.10861
3.91525
-0.197183
-0.368272
-0.980582
-0.341438
0.605931
-0.928268
0.799424
1.67157
4.03998
-1.71483
1.03814
2.40029
4.39064
4.03523
-0.817731
4.47638
0.832926
1.85426
3.45202
0.0228591
-1.66823
-1.15708
1.3783
0.387303
-0.211344
-2.77603
1.29398
-0.461805
4.3972
-2.32968
0.918113
6.97876
-4.04439
0.0548634
-3.00591
5.81046
1.50397
-1.41325
1.46287
2.20061
3.72448
3.06877
0.673231
-0.668178
1.70747
5.84777
1.16866
-3.24309
-0.766486
2.04664
2.2351
0.288244
0.666025
-1.54802
2.26831
2.93906
3.16555
-0.899897
-1.28579
-1.0919
3.14079
1.67631
2.62234
-0.0874515
-0.688673
0.56083
3.22639
2.42305
-2.85231
1.05684
2.02755
-2.12517
2.69934
-1.69977
2.11241
-4.02664
-0.860224
-1.79053
-2.29911
-0.46069
0.195256
-1.15033
-6.99715
4.0674
0.601084
-0.01389
-4.67421
4.16055
-0.648172
1.61458
0.703964
-2.37621
-0.832327
-1.37501
1.84897
-2.34166
2.70207
3.7945
1.32191
2.49518
3.69863
3.13756
-0.242878
-0.551837
-1.006
4.8887
-0.890252
5.45126
1.02516
1.71604
3.10563
0.253345
3.59409
0.212095
2.89392
1.84331
0.0138191
1.1675
-2.04157
2.05102
-2.30794
1.75702
-0.380932
0.0166394
1.66778
0.687547
1.96482
5.5584
0.181665
-2.27513
-1.14343
-1.46803
4.61871
4.69224
2.25781
0.0748746
2.41867
0.662677
-5.68365
2.04215
2.78071
3.40639
-1.20609
0.822001
0.811702
4.80035
-3.72248
3.68482
4.7826
-1.79853
2.53525
-3.45165
-1.95164
1.13738
-0.514837
1.21954
-0.636736
5.23084
-2.94383
-2.17742
-1.20982
-0.0177785
2.03751
5.94713
-1.11313
1.60238
0.636065
0.871086
1.07677
-2.04534
-0.911569
2.09708
-0.1115
2.27205
-1.75815
-0.54461
-1.53715
-0.288367
0.461453
-3.328
0.824453
-0.54813
1.37982
-0.0443798
-2.00465
-0.0688822
1.56732
-5.12251
-0.0683115
3.20828
-3.39348
1.90762
1.03915
-1.56753
-0.353442
-5.0475
1.82794
1.84934
0.603847
-1.25674
-0.782124
-0.401029
-1.3044
2.83619
1.1943
0.824577
-3.3147
-1.61916
3.10488
1.13096
-0.469724
1.05847
-1.79802
2.53493
2.63648
0.0691325
0.256877
-2.80442
-0.488995
2.47515
1.53696
3.1257
-2.32923
2.15396
-1.20588
0.0234932
4.2078
3.15067
3.03317
-0.213724
1.93493
-0.841093
1.24462
0.056431
3.86783
2.10426
-0.219022
2.90888
4.29327
-0.49874
3.3749
1.79055
3.05871
-1.53617
1.71652
4.09524
-0.103406
5.29317
0.916107
3.32171
-0.710036
0.339219
1.75956
-2.84535
-0.749558
-0.976743
-0.0149106
-0.19987
0.870325
5.64809
0.0716924
2.94606
-0.48106
-1.59183
2.07707
4.17641
3.69547
5.31416
2.29309
0.882203
-1.48539
-3.01815
0.0850306
6.9735
5.59147
4.29462
-0.0218357
0.469231
-2.32377
5.26379
1.8161
-1.06459
1.44911
-1.67603
-1.54372
2.68119
2.65115
2.66414
-1.82335
-1.53335
0.442214
-0.507327
0.81758
1.58854
-0.808293
-0.177522
1.95479
3.66808
2.12154
-2.7355
2.80623
5.0953
-1.21695
2.08301
1.02147
1.37473
1.0587
0.600394
-2.06912
2.67359
5.15233
-3.24516
0.368276
-0.182742
2.06915
2.24337
2.36514
2.78566
0.154137
3.21066
-1.09377
4.19446
2.63653
2.30024
0.450267
1.64878
-1.70943
2.92497
-4.82631
2.01462
1.70783
2.04355
-1.11743
-2.34728
2.4265
-1.29068
0.00178812
1.42904
3.52256
1.06408
6.13859
-1.92152
5.85383
-1.63328
1.19112
-1.49348
-3.23536
1.26241
-4.50385
-0.193946
0.275732
5.78666
2.55571
-0.334668
-1.42331
0.988088
1.88799
2.74734
2.58584
0.786494
-2.25033
1.33865
0.0836035
-1.12397
1.12834
-1.19902
-3.343
-4.30823
0.190319
-0.325628
1.58526
-3.00952
2.42526
2.48839
-0.270741
-0.910405
3.38885
-0.591376
3.03259
1.59994
-0.822011
3.46071
2.89944
3.35805
0.157569
-0.943046
2.22847
0.709435
-2.10119
1.22908
2.87829
2.18438
-1.53626
0.734421
-2.30402
-0.659183
3.82042
0.121045
2.57741
3.88902
1.82835
-3.547
5.54066
-0.449149
1.97367
2.09889
2.31121
6.79773
-0.911062
-2.77449
4.90187
-0.621238
2.40414
0.0857081
-1.72889
1.23314
1.69837
1.72244
-0.882881
-3.67774
1.58308
2.04104
-1.02578
0.30329
0.459079
-1.26568
-0.146207
-0.370861
-0.742092
1.80276
3.98956
4.51584
0.843477
0.718793
-3.29076
4.12088
1.95223
-1.78545
2.89021
-2.84812
1.30797
0.46285
4.41783
-1.79117
0.174034
4.2413
0.952479
-1.3189
1.28282
4.37168
3.50706
-0.624565
0.584656
1.05304
1.06957
4.14576
3.09283
-0.380683
1.99874
-0.635054
-0.196452
4.03603
-0.744151
2.63212
-1.80427
0.751812
1.15754
1.49952
0.306221
3.78558
-0.753629
2.77622
1.79908
1.82161
1.83045
-0.352202
6.28156
1.11065
-1.72363
-0.0639537
4.01059
0.2593
-1.38688
-1.72781
-0.0832163
3.50662
3.77904
3.81917
-0.107738
2.56952
2.93946
2.11402
1.4155
2.55693
-0.760469
-0.133493
1.67692
2.52479
2.17668
3.11052
-0.371439
-0.659493
0.59765
1.54616
-1.4043
0.569836
-1.66049
3.01197
-2.22381
3.10656
2.3894
-5.1751
-0.879233
3.29505
0.359274
-2.16475
3.07571
2.25491
4.64149
2.76201
3.30417
0.325786
0.88478
0.203964
2.46473
-2.44506
2.27251
-0.788642
1.75813
0.25382
0.934664
7.32951
3.79919
3.47947
3.08107
3.72178
0.514678
3.96048
0.136966
-1.31087
-3.0995
1.9167
2.86158
-0.324143
1.57242
1.23739
2.45545
3.66447
-0.22805
1.80258
-1.30786
1.58342
5.71957
0.472738
-0.667876
-2.84638
-2.46252
2.58176
-0.284828
0.858947
-0.816865
-4.85643
-1.85731
-0.133312
3.48322
3.54
0.34531
0.258441
2.8597
4.67158
5.40313
0.473227
-0.20783
4.05687
0.208696
-1.03467
-1.20012
2.92328
3.22874
-1.41381
5.63399
1.35808
-0.692923
0.264804
1.58448
4.30824
4.15497
0.68878
1.77066
4.35067
-1.51832
-1.10037
2.1106
4.51961
2.36474
6.95887
2.38898
1.03799
2.09349
0.901829
-0.576573
-0.544209
-2.58214
1.99149
3.84834
0.873347
4.27331
1.14809
-0.229519
-2.48811
-0.721492
1.13714
-1.79557
0.197421
4.79871
0.882435
0.588391
-0.770493
0.68547
0.481911
-1.32556
0.10347
5.68601
1.18269
-0.465703
-0.632101
3.00369
2.22215
1.80028
2.04453
0.784797
5.98604
2.67647
3.30203
1.60918
1.70337
1.84148
-5.08596
-0.533611
-2.72552
-0.270986
3.93165
3.20282
1.90225
2.16343
2.02524
0.193531
1.62169
3.34369
0.689236
5.58929
0.38474
-2.3736
1.94182
1.06297
4.88342
4.49422
-2.44266
-3.38511
0.194758
-2.26819
2.67402
2.26819
5.5369
0.206124
4.28379
2.42346
1.06795
1.16461
1.11663
2.65727
6.84126
-1.31563
-1.63804
2.25892
1.25324
0.691215
-1.18399
2.14801
2.63766
2.30815
-6.03666
-1.063
0.84369
1.37223
1.7093
3.34653
1.68985
-0.369121
2.62157
2.23692
-4.03638
3.65653
-2.47473
0.247062
2.9509
3.47711
1.89718
0.0151929
1.36462
-3.92248
-0.223389
3.02654
0.343638
1.16827
-0.839187
2.81142
-2.96718
1.07143
-0.0787353
3.22699
1.90613
0.307146
-0.236355
-1.80657
0.739116
1.67971
-2.15803
-1.9692
3.63181
2.12877
1.51802
6.75063
0.909549
-3.89495
0.98909
1.7936
1.87848
-1.57819
1.45185
2.48714
0.440534
-1.23979
1.53483
0.215331
-0.1527
-2.69597
3.10138
-2.64899
4.90266
-0.685687
2.84047
-2.22405
1.91738
0.961027
-3.15671
-1.38058
-0.863092
-2.74685
0.957893
1.43335
2.53957
-0.213599
1.26701
-1.05277
-3.26599
0.75245
3.69216
-0.751558
-2.16035
3.97677
-0.517676
1.90805
0.0242505
-3.90808
-2.80836
-0.784072
-1.99014
3.85094
4.10669
0.736603
-0.549278
-0.828258
-2.54519
-0.0919733
-1.6015
1.54558
3.73974
-1.80226
1.90899
-0.162648
-3.96177
-0.117839
0.351911
-0.873489
-1.70543
2.38518
-4.41889
-1.15948
-1.41897
-2.37068
1.87169
4.98818
0.955027
-1.58937
2.91639
-0.40512
1.41652
-1.80875
-7.52929
-0.119311
2.79094
-3.26849
2.34265
5.02662
-0.98986
0.836736
5.66598
1.06144
2.43864
-1.98679
-4.08698
4.42414
-0.359106
-0.234358
-0.361997
-0.954939
-1.48357
0.986571
-0.770999
-0.145628
1.67009
0.390624
1.61249
-0.09893
0.889229
-0.570406
3.03823
-2.33462
1.01059
-0.820928
-0.628169
3.40657
-1.03431
-3.3895
-1.04338
1.41679
0.344883
-1.27934
2.22105
-0.280652
-1.53798
3.07718
-2.30113
-2.03062
2.76892
0.761839
2.67473
-3.88304
3.47921
0.414085
2.14616
4.63509
2.46786
0.773093
-0.515991
-0.0492198
2.88803
0.261883
3.23714
-0.0599776
2.49782
-1.9083
-0.338078
2.08492
4.94857
-0.401209
-1.35642
4.33743
-2.33607
3.89309
0.46985
-1.09322
3.74784
3.05933
0.966119
1.16126
-0.345875
-0.138934
-3.35479
-6.61011
1.34356
-2.12022
-0.237472
0.489508
0.872965
0.403769
-1.00589
-0.0681809
2.22454
0.318545
-2.26816
-1.80695
-1.09181
3.13815
-0.719114
2.51502
2.7327
-1.49427
3.34816
1.22477
4.32729
-3.55698
1.67893
-1.20042
-0.413809
3.2187
1.38023
0.955346
-3.13171
4.6845
0.44908
0.705115
1.44362
-2.8958
-4.35366
-1.50306
-1.5724
-3.12118
1.00833
3.95272
-0.659147
0.314431
2.03221
0.674017
3.26572
-4.72931
2.96113
0.899894
1.88518
1.67093
2.50304
2.00679
1.60628
1.72263
3.62323
