0.897502
0.256589
0.434203
1.2625
1.24546
0.162788
1.14703
0.949446
0.818284
-0.275328
1.27052
-0.0249818
0.709277
1.01108
0.217193
0.561127
0.355012
-0.436668
0.456281
-0.772697
-0.193964
1.90327
0.720363
0.499721
0.78372
0.285932
0.660756
0.467346
0.590606
1.5715
1.48085
1.52565
0.185099
0.279106
-0.444851
-0.221338
1.08105
1.36994
0.362545
0.551488
0.970817
1.18648
1.06263
-0.0750003
0.612011
0.731637
0.697185
1.20793
0.399364
0.972364
0.943109
0.520301
0.000147848
1.16454
0.836715
0.963011
-1.01252
0.79938
0.707539
1.44161
0.44679
0.0255756
-0.369309
-0.0872478
1.26827
0.639588
0.183835
1.27761
1.44789
0.306033
-0.741908
0.72421
1.16066
0.257208
0.684531
0.764088
0.738857
0.758679
0.450514
0.699929
0.965279
0.867417
1.21111
-0.172135
1.33976
-0.209275
-0.0551118
0.852737
0.731777
0.78639
0.126291
0.404107
1.5266
0.960522
0.553924
0.179089
-0.0930869
-0.0170488
0.953896
0.155716
0.902806
0.896789
0.29647
-0.0296642
-0.366706
1.15031
1.33168
0.896459
-0.60657
0.760422
-0.0778453
-0.349811
0.472584
0.778179
0.740833
-0.0447784
1.48853
0.874367
0.212078
0.743113
0.58393
1.18163
0.552233
0.241625
-0.36171
0.6858
0.0214611
0.784511
-0.218156
0.713498
-0.0129626
0.751279
0.130152
0.586493
0.960239
1.13797
0.0202094
0.496616
1.07148
0.271356
-0.145759
0.863094
0.66381
0.468407
-0.373917
-1.56766
-0.185245
0.549029
0.0665402
0.883301
0.0928374
-0.715175
-0.143253
0.243795
0.822099
0.11024
1.09055
0.291746
0.777491
0.379185
0.12224
0.422555
1.12057
0.616277
-0.0227827
-0.837093
-0.0163489
0.892944
1.246
0.271123
0.637983
1.31048
-0.0197578
1.25499
0.760291
-0.535025
0.139353
0.115275
0.32854
1.2009
0.469687
0.326676
0.931869
-0.245249
0.644338
0.463822
0.177471
1.19611
0.332267
0.61099
0.249388
0.706763
0.895705
1.15294
-0.280233
0.351504
0.679126
-0.132941
-0.5145
0.975845
-0.248894
0.74515
1.67915
0.879512
0.678446
0.520581
-0.137386
1.14191
0.200922
0.697105
0.662455
-0.50087
0.751904
0.377042
0.454617
0.639745
1.06879
0.404758
0.768442
0.388824
1.22893
0.272015
1.25026
-0.464285
0.30587
0.397099
-0.757028
0.401513
1.02521
0.642675
-0.617884
1.31061
-0.390997
-0.271672
0.0727705
0.744999
1.0054
1.33986
0.864336
0.649193
0.493799
0.427871
1.00036
0.689841
0.367824
0.384383
0.790752
1.32318
1.12226
0.86905
-0.0703423
-0.189249
0.6263
0.206335
0.181981
1.11377
0.117997
0.534976
0.498509
-0.0940458
0.89373
0.588002
1.09738
-0.257411
0.398746
1.40335
0.453807
0.360111
0.426513
-0.439641
0.478241
1.74153
1.35072
0.746708
0.695905
1.05842
0.412163
0.673315
0.320573
0.335626
-1.24821
-0.349293
-0.114998
-0.681903
0.552984
0.286567
0.705084
-0.541575
0.822218
0.853288
1.15516
0.593417
0.387248
0.800156
-1.16391
0.54497
-0.432687
1.15698
0.255036
0.495683
0.763865
0.617531
0.797216
0.738323
0.571645
1.22532
0.503968
1.12046
-0.380535
0.802779
0.488178
0.556342
0.78659
0.0763741
0.221176
0.568753
0.740101
1.25682
0.637532
0.209104
0.113127
0.0378042
0.613583
0.55896
-0.886014
0.506351
0.55369
-0.292702
0.778351
-0.62257
0.399349
0.824332
0.15488
0.426248
0.709273
0.92458
1.0533
0.693173
-1.02441
0.621283
0.673609
0.992574
0.404887
0.773674
0.320018
0.759629
-0.212651
0.734722
0.644317
-0.220756
0.692954
-0.139332
0.986638
1.02078
0.851158
0.369805
0.895376
-0.00390442
0.841453
1.8237
-0.0471415
-0.742895
0.729483
1.0239
-0.764554
1.20121
0.1037
0.198731
0.621696
1.19071
-0.10945
0.278839
-0.564406
-0.276167
-0.407202
0.68395
0.683859
0.0306033
-0.0712618
1.01385
0.997049
0.121776
0.2375
0.293518
-0.00607535
0.335255
-0.0602694
0.853159
1.11221
1.52775
0.28852
0.987089
0.518355
-0.0322887
0.0552356
-0.514184
0.675313
1.04884
0.803585
1.06354
-0.228497
-0.0941995
1.04123
0.490445
1.26418
0.601886
0.156617
-0.219949
0.27109
0.101837
0.883956
0.590139
0.845176
0.541955
-0.914359
-0.432719
0.855811
0.698588
-0.824676
0.277277
0.092934
-0.233764
-0.044375
0.87002
0.962402
0.52941
1.09117
0.240948
0.535532
0.67079
0.577161
0.431911
-0.209381
0.915305
0.573582
0.417828
0.881489
0.198921
0.902791
0.95598
0.394076
-0.106375
0.726004
0.937601
1.57581
1.51086
0.423827
0.519553
0.976168
0.354676
1.57239
1.28537
0.606882
1.51427
0.498312
0.119472
0.234137
0.261258
0.931102
0.327102
0.213896
-0.140637
-0.480981
0.398513
0.605792
0.116456
0.450721
1.3597
0.488482
0.271894
0.481841
1.16497
0.823288
1.11442
1.11762
0.798039
0.600995
-0.257597
0.511005
0.55921
0.437743
-0.411562
1.06288
1.11825
0.894885
-0.269763
0.932818
-0.0920868
-0.160183
0.792807
0.960777
0.524578
-0.809487
1.32334
0.264805
-0.488672
1.1484
0.125354
0.303345
1.15065
0.0293038
0.880458
0.416363
0.00653145
0.444207
0.44202
0.0763846
0.524695
0.252608
0.0292687
0.336531
0.409321
0.196786
0.277036
0.388016
0.827823
1.34548
0.907772
0.105239
0.715381
0.696676
-0.032694
-0.0111015
0.417213
-0.432974
0.670731
0.144459
1.23503
1.02547
1.21711
0.0521197
0.717358
0.552781
1.3038
-0.654593
1.09701
1.14
0.88378
-1.47796
1.04182
0.776182
1.28702
1.6527
1.44586
1.48097
0.916446
0.551382
1.86488
0.928464
0.757113
-0.00458193
1.05835
1.52098
-0.676894
-0.0155572
-0.16633
0.391572
0.0231538
-0.0189032
-0.138337
1.76406
1.67102
0.97065
1.33393
0.490487
0.381475
0.377884
0.858439
0.867175
-0.455752
0.187219
-0.590816
1.42071
0.498568
0.86916
0.825066
1.04884
1.69497
2.00176
1.00116
0.946269
0.389005
1.41672
1.19824
0.968412
0.957297
1.36293
-0.00295596
0.220656
0.141047
1.46033
1.00283
-0.871652
0.389305
0.226383
0.971183
0.492885
0.130084
0.220032
1.06919
-0.24492
1.17243
-0.0873161
0.541517
-0.304122
1.32058
0.704867
-0.309693
0.71716
0.103552
1.24223
0.19539
0.28433
-0.519234
1.16669
-1.16282
0.589145
1.18763
-1.01555
-0.166725
0.303558
0.615774
-0.459483
1.10522
0.173591
1.8991
0.966114
0.924215
-0.255623
0.80731
0.304424
0.415286
0.236695
1.14271
0.189624
0.814534
0.819033
0.674012
0.932426
0.610412
0.638267
-0.331888
-0.266357
-0.10297
1.02059
0.594082
0.836356
0.187763
0.716203
0.0010488
0.659219
0.165842
0.471766
0.395014
1.19805
0.605173
-0.377783
-0.242403
0.352809
-0.209153
-1.24444
1.03431
-0.157358
-0.909991
0.650787
0.0387712
-0.152523
0.718237
0.0788129
-0.282578
1.6735
0.990142
0.866498
0.305429
0.527021
0.144405
-0.822931
1.04594
0.0992164
0.771152
0.212521
-0.155115
-0.324471
0.26637
1.22598
0.778169
-0.788016
1.39487
1.21772
0.326471
0.370039
0.0504325
0.530412
1.0283
0.386103
0.0296433
0.633214
0.87862
0.980396
-0.0507662
0.297009
0.275414
1.69804
0.457829
1.24771
0.515141
0.490574
1.40058
0.646207
0.545247
0.644736
-0.553551
1.44799
0.83244
-0.506698
0.216926
0.410388
0.700015
0.363326
1.1148
1.66528
0.65372
0.561155
0.938012
0.375524
-0.163132
-0.498285
0.988359
-0.229784
0.54693
0.0525927
-0.255265
0.00299509
-0.782985
0.581409
0.720307
0.884836
0.981442
-0.221807
-0.614264
-0.773363
0.282829
0.665276
0.724355
0.721509
1.31869
-1.24545
1.11137
0.525293
1.1612
0.564694
-0.00758836
-0.301776
0.469815
0.0514504
0.572706
-0.602896
0.423384
0.952297
0.600762
-0.196795
0.388111
1.01344
0.543001
0.919138
0.97435
1.00689
0.607147
0.125025
0.0104008
0.470866
0.808817
0.310728
1.30575
-0.112781
0.830464
0.555598
0.114271
0.400828
0.076613
0.43538
-0.423996
0.411694
0.754644
-0.0517987
0.576923
0.024127
0.457722
1.13182
1.30391
0.972063
0.270903
-0.0162584
0.755253
0.82542
0.448033
0.899383
0.0135294
-0.923051
-1.02789
0.417263
0.97279
1.01764
0.175073
0.447279
1.0737
0.769291
0.609824
0.8455
0.560382
0.831177
-0.331344
-0.111096
1.1245
0.237116
0.922718
0.0167236
-0.118826
-0.27168
-0.0459681
0.114759
0.774388
0.620399
0.746414
-0.410599
0.675051
0.42688
0.69059
1.08131
-0.275731
0.907959
1.20559
0.730099
0.41329
-0.303912
1.3657
0.145854
0.535369
0.0498171
1.09759
0.357209
0.57059
0.644942
1.09875
-0.0314031
0.203162
0.546504
0.567058
1.18314
0.460967
-0.306038
1.14307
0.977172
0.125759
0.484362
-0.282209
0.912624
0.884615
0.454522
0.154556
-0.234681
-0.00518686
0.43973
-0.356003
-0.446557
-0.127103
0.404149
0.151118
0.604369
0.880785
0.162748
1.25212
0.492427
1.32385
-0.517453
0.898624
0.995462
0.999537
0.871234
0.784878
0.4774
-0.113552
1.48863
0.911254
0.831843
0.890755
-0.793352
0.653114
0.405891
0.554105
0.206953
-0.36788
0.695654
0.563197
1.38296
1.15097
1.64119
-0.0790514
0.435202
0.562133
0.37626
0.869878
0.0376216
1.12196
0.313214
0.181183
-0.124512
0.157561
0.25485
0.0586442
0.818495
0.96396
0.153982
-0.373213
0.775531
0.515516
0.371737
-0.204634
0.699727
0.713589
-0.0793003
1.15349
0.0486222
0.95899
0.82871
0.527439
0.387338
0.461184
0.706805
0.278328
0.301279
0.494911
0.705933
-0.29497
0.420628
0.432098
0.086945
-0.596146
0.474059
1.09004
1.07702
-1.02817
0.817645
0.189609
1.18968
0.589607
-0.0910431
1.53697
1.09825
1.02516
1.2319
0.470896
-0.0551339
0.00477717
0.51468
-0.0780549
0.737565
1.02363
-0.0930762
0.716515
1.03749
0.976615
0.561531
1.48787
-0.366702
0.402455
0.840836
1.0989
0.469231
1.18926
1.35726
1.1771
0.58684
1.05482
1.13177
0.869036
0.645803
-0.387795
1.18149
0.706365
-0.0592135
0.628129
0.569698
0.975515
1.01412
0.748907
0.377197
-0.681489
1.47369
-0.134852
1.01107
0.872933
1.07323
1.3564
0.850427
0.884581
1.00962
0.872638
1.75781
0.0630893
1.02753
0.26008
0.895355
-0.637804
1.45578
2.05721
0.112003
0.231365
0.459746
0.628756
0.490848
0.773449
1.3123
0.272593
0.51306
-0.622119
-0.168518
-0.27335
-0.54384
1.02391
1.71263
0.914999
1.24532
0.0643555
0.301994
-0.160091
0.578543
0.92125
0.030614
0.920478
0.439032
1.17051
0.75426
-0.494841
0.364838
0.179477
1.3878
-0.0591485
0.442276
-0.770195
1.48984
-0.372132
0.180835
0.812969
0.7445
0.602278
0.00692661
-0.185838
-0.12487
1.81686
1.07063
0.215724
0.798178
0.429147
0.627083
1.0422
0.72826
1.29064
0.135943
0.242408
0.967557
-0.139097
0.337974
0.0314279
-0.286206
-0.0644872
0.0666156
0.537547
1.13501
0.583243
1.21854
-0.95617
1.1107
0.630543
1.48054
0.792881
0.362278
0.180674
0.846002
-0.102456
-1.14924
0.360245
-0.735747
-0.16781
-0.391789
-0.794163
0.297674
0.94696
-0.330261
0.928711
0.75479
0.706308
0.316365
0.320464
0.372723
1.21539
0.373492
0.718735
-0.312542
0.486418
0.221289
-0.0252087
1.01703
0.219958
0.616195
-0.012871
1.23782
0.479706
0.644944
0.591168
0.401842
-0.203712
0.128804
-0.0418383
0.753103
0.925731
0.700235
0.887413
0.961547
0.40905
0.364995
-0.132816
0.962646
1.21849
0.289916
1.1951
0.209413
0.44
1.46634
0.87637
0.942794
-0.666351
0.995483
0.761366
0.712739
0.261002
0.0549919
1.1224
1.15119
0.186866
0.817929
-0.0814993
0.175514
0.61143
0.864211
0.737766
-0.0676037
0.741762
1.38315
1.15046
1.02839
0.757811
-0.131123
1.13928
1.0926
0.347566
1.17464
0.0736452
0.909339
1.01804
-0.314967
1.36305
0.372904
0.515159
0.74728
-0.14626
-0.0689126
0.786107
-0.0671407
0.348402
0.742859
-0.255204
0.729112
0.352099
-0.324682
0.762038
-0.04388
1.60212
0.875443
1.15804
1.38176
0.256162
0.610058
-0.275081
-0.285994
0.752159
0.830463
0.479909
0.247164
0.329692
0.0171419
0.271394
0.274138
1.31163
1.45167
0.7298
1.07399
1.29929
0.558154
0.269098
1.55661
0.613589
0.272601
0.0668989
0.321459
0.644411
-0.234363
0.796297
1.35933
0.881893
1.39218
-0.118868
0.827263
0.394908
0.872427
1.31391
0.202904
1.32256
1.08104
0.513238
1.2674
0.766885
1.05931
0.402699
1.51626
1.26934
0.890825
0.505489
0.897794
1.38287
-0.465065
1.44864
-0.162454
1.42063
0.415722
0.998644
0.806388
-0.632733
0.773059
1.44485
0.949699
1.29491
-0.062616
-0.330198
0.0749948
1.49377
1.03609
0.722554
0.262328
0.944666
-0.716606
-0.6025
0.357547
0.623757
0.862734
0.617215
-0.489173
0.141223
0.178311
0.490877
0.580904
-0.26637
-0.542784
-0.425544
0.689717
0.810773
1.08045
-0.406483
1.24301
-0.5402
0.851299
-0.190316
0.793589
0.713789
0.881744
-0.526743
1.13466
0.983761
0.0296853
-0.382406
0.726266
-0.306456
0.572088
1.29215
0.18068
-0.193976
1.18428
0.443622
-0.422735
0.394326
-0.256938
1.00292
0.249856
0.369937
0.668806
0.570719
0.113407
1.25165
0.728688
1.15593
0.545311
-0.0902537
-0.0277099
0.566671
0.279855
-0.158964
0.21742
1.31372
0.642158
0.245036
0.520609
1.19463
0.730494
0.645022
-1.40375
0.273932
0.213307
1.38656
1.10191
0.0190438
0.731206
1.51997
0.366163
0.42958
0.00052552
0.886835
1.1884
0.0196024
0.785553
0.846999
-0.103043
0.650339
0.0370798
1.66278
0.442017
-0.0237035
0.923615
0.720312
1.19772
-0.437825
0.750525
-0.20215
0.744566
0.877796
1.63446
0.62218
0.595216
1.67413
-0.0202129
0.266432
0.840909
0.803439
0.796591
0.0981195
0.56591
0.581845
-0.761068
0.425408
0.864755
0.72864
-0.18614
0.0890613
0.97812
0.0663816
0.423906
0.384046
0.441297
0.846498
-0.326588
-0.215649
1.32546
0.804103
-1.20175
-0.156787
-0.303105
0.840933
0.350695
0.795429
0.642929
0.8254
2.21959
0.254455
0.546634
0.0736073
0.999649
1.22414
1.1238
0.245616
0.110792
0.402199
0.363846
0.325946
0.874788
-0.126439
0.880782
1.21263
0.943781
-0.529742
0.807909
1.18922
1.26207
1.52133
0.83515
1.08506
0.297293
0.173084
1.53491
0.739653
0.89838
0.681258
0.330712
0.324564
-0.129316
0.75968
0.177504
1.14925
0.177811
0.80354
0.711627
-0.139573
0.623451
0.229201
0.859414
0.585657
0.910942
1.09807
0.641537
-0.281058
0.561806
0.306121
0.728602
0.788294
0.230033
0.342068
1.40724
0.888728
0.081189
-0.149236
-0.518613
1.00254
-0.0893156
0.738327
0.631002
0.956652
0.743734
0.4433
0.617152
1.65067
0.457272
0.408225
1.01193
0.85019
-0.414019
-0.271204
0.780917
1.05323
1.31374
0.96608
-0.563344
-0.224565
0.593948
-0.130744
0.108256
0.406389
1.1911
0.518728
0.623317
0.536557
0.517307
-0.0340023
0.171215
-0.38758
0.824786
-0.0764962
1.24237
0.299612
1.0209
-0.0494268
0.339912
0.240222
-0.886594
0.822976
-0.300036
0.646226
1.03082
0.792328
0.932313
-0.0164239
-0.482759
-0.930476
-0.612359
0.216809
0.599333
1.39158
-0.00383607
0.428154
0.970727
0.59892
1.4797
0.553034
0.46358
0.305089
1.27641
0.551274
-0.0296694
1.06653
0.656789
0.806552
1.02844
1.33135
-0.0215376
-0.0534061
1.04397
-0.309652
0.203434
-0.20285
0.0196242
0.396005
-0.667689
-0.526875
0.386358
0.57343
0.344535
0.439282
1.17521
0.118293
-0.218233
1.20612
0.0473588
1.43756
0.0834349
-1.59956
-0.0293832
0.457107
0.0753219
1.26817
0.713982
0.542387
1.25752
0.0924669
0.707593
0.554824
0.258018
-0.131017
-0.0992666
0.515469
0.972093
1.2131
0.336028
0.517829
0.907194
-0.390908
1.08759
0.0451736
1.38991
0.0149613
0.629553
1.45505
1.76172
0.0733623
0.772963
0.858407
1.45697
0.279767
1.01803
1.12108
-0.275817
0.517381
0.716961
-0.850025
0.173475
0.541728
1.39709
0.180206
1.11555
-0.326102
-0.0880449
0.661743
0.791881
0.881386
-0.145416
0.369853
0.96605
-0.0489689
0.355333
0.101113
-0.701223
0.787679
1.28176
0.894627
0.393712
0.519277
1.20892
1.27188
1.33796
0.951913
0.7789
0.121897
1.16548
0.914062
-0.200189
1.06162
0.249445
0.503963
1.19424
0.76466
-0.0904623
0.982996
1.02157
0.913999
0.0915664
-0.18681
0.939472
-0.478901
0.642116
-0.107766
0.14778
0.541642
-0.532438
0.732633
0.703939
-0.104792
0.565102
0.751351
0.903208
0.56048
1.01323
0.232752
0.68505
1.32647
1.55995
-0.324506
-0.0323541
0.00428009
-0.200675
-0.118876
0.776711
0.558467
0.521873
0.73077
0.952318
-0.199069
1.07076
0.148165
0.450954
-0.484147
-0.0497062
-0.00989969
1.1105
0.346602
0.137009
0.447536
0.662721
1.7421
1.01622
1.37546
0.182589
-0.811969
0.894832
-0.102849
1.35109
-1.63663
1.57419
0.729917
1.04256
0.494483
0.320764
0.662954
1.434
0.55674
-0.0762198
0.744867
0.631904
0.615799
0.00230934
0.506016
-1.10084
0.516706
0.568632
-0.0538582
0.872473
1.04265
-0.58368
0.240189
0.794647
0.44488
1.19799
-0.362039
1.2887
0.0442704
0.647113
0.522177
0.859769
0.360118
1.11803
-0.467701
0.963959
1.42146
-0.228413
-1.13055
-0.217443
1.17415
-0.176436
1.24024
-0.511359
0.500513
0.115449
-1.03698
0.0356241
0.641429
0.275621
0.908392
1.49242
0.806735
-0.0487987
1.47923
1.21571
-0.166721
0.857573
1.1561
1.02548
0.471577
1.30868
0.0156829
1.07361
0.221743
-0.039274
-0.0572786
0.38599
0.682166
0.218868
0.519576
-0.599312
0.156691
-0.479177
0.894754
0.185058
1.08997
-0.282013
-0.632541
0.469205
0.656975
0.112
0.474103
0.219269
0.57316
0.461623
-0.374968
0.753363
-0.133244
-0.417752
1.67149
0.404755
-0.068975
0.731025
0.342374
1.18438
0.163023
0.328719
0.25895
1.35684
-0.406866
0.808916
0.924755
0.419589
0.245352
0.37899
0.459062
-0.224715
-0.0371561
-0.693685
1.08519
0.552832
-0.337026
-0.690615
0.483561
1.00119
1.52068
1.11581
0.487379
0.914103
1.0978
0.644409
0.354617
-0.486377
0.450639
-1.54207
0.793314
-0.275108
1.20834
0.20318
0.87424
-0.536547
1.04543
0.946694
0.692533
0.645812
1.69384
0.473209
0.889051
0.509147
0.0539065
0.19149
0.606286
0.801405
1.14749
-0.148628
0.844882
-0.146512
1.09252
0.147015
0.570181
0.947575
1.0744
0.909379
1.03648
0.872803
-0.213095
-0.43385
0.978315
0.29981
0.687449
-0.895703
-0.168494
0.647533
-0.316639
1.07143
1.20365
-0.249904
0.288267
0.684177
1.49451
0.215035
-0.0497593
0.464584
-0.731909
-0.584877
1.61879
0.555755
0.0237131
-0.174985
1.21477
0.279223
0.737552
0.615494
-0.00763066
0.764208
0.200292
0.287202
0.533436
0.368789
0.170287
1.13494
0.336634
1.49979
0.133298
0.24802
0.764411
0.78117
0.245597
0.590859
0.0432272
0.834785
0.192435
0.511552
0.927293
1.08324
1.20755
0.761672
1.5086
1.17592
0.646989
0.00874546
0.980018
-0.438146
0.599959
1.19871
0.00407774
1.05692
0.775192
1.81758
1.42679
0.510989
0.855649
0.934838
0.606636
0.118749
0.425671
0.310733
1.17256
1.5094
0.612183
-0.151972
0.562164
0.292785
0.246784
-0.199532
0.68485
-0.263124
0.120849
0.638665
-0.08812
-0.232932
0.309684
-0.249738
1.02426
-0.132043
0.907705
0.653296
1.21333
0.84007
-0.209666
-0.0364019
0.825398
0.949695
-0.751189
0.738805
-0.213416
1.08387
0.386508
0.416495
0.277263
1.1713
0.444631
0.924908
1.36569
1.14818
0.156716
0.813473
1.41438
0.693175
0.00740719
0.5196
1.0206
0.980809
0.417303
0.599762
0.721683
1.15769
0.974765
-0.21884
0.0993652
-1.29911
1.29551
0.315993
0.00767744
0.766093
-0.042002
1.16105
0.722903
0.48485
0.329942
-0.130627
0.718866
-0.332751
0.497757
0.534769
-0.446819
0.252221
0.941096
1.13984
0.188974
0.000335755
-0.0232199
0.393398
0.919195
1.11124
-0.0865362
0.468629
1.10939
1.30509
1.17176
0.3411
0.101458
1.3581
1.16406
0.480296
0.247524
0.349627
0.66154
1.05518
0.296281
0.0117033
0.508932
0.972303
0.748491
-0.335172
0.427973
1.07334
0.618216
0.726633
-0.0789325
0.404603
0.812894
0.448071
-0.0613741
0.123871
0.828946
0.964019
1.27288
