0.479799
0.511688
0.518416
0.517041
0.375395
0.446934
0.440939
0.44251
0.33058
0.259394
0.231898
0.0768237
0.106074
0.199458
0.187333
0.448132
0.316941
0.400426
0.335458
0.203328
0.267556
0.186016
0.418172
0.587561
0.797221
0.766803
0.816746
0.794255
0.74513
0.846462
0.792993
1.01012
1.07741
1.29962
1.33589
1.4226
1.32508
1.2566
1.41257
1.43974
1.54733
1.59216
1.16534
1.25844
1.17608
1.21994
1.2087
1.39143
1.45851
1.20287
1.32481
1.45669
1.3125
1.21378
1.10438
1.05314
1.39013
1.16232
1.21889
1.24138
1.25691
1.35314
1.27575
1.30136
0.912475
1.20735
1.09806
1.15987
0.992285
1.09828
1.01971
0.95052
0.850415
0.98139
0.984909
0.853863
0.7931
0.872307
0.851935
0.637948
0.844675
0.833972
1.08426
1.14603
1.19011
1.25233
1.36629
1.16882
1.55234
1.77291
1.6165
1.49256
1.46069
1.48671
1.52442
1.70177
1.80433
1.63825
1.85011
1.67877
1.55917
1.52844
1.52729
1.58633
1.61835
1.45258
1.41314
1.27021
1.2403
1.33724
1.37717
1.16521
1.13883
1.1424
1.16795
1.24721
1.37568
1.31065
1.34168
1.09758
1.16926
1.05271
1.09018
0.833711
0.742502
0.538418
0.594591
0.760662
0.880399
1.05301
0.933584
0.674266
0.58778
0.595893
0.664277
0.586063
0.484135
0.436994
0.535947
0.43187
0.439907
0.735437
0.968445
1.05927
0.995448
0.912411
0.734901
0.369896
0.320557
0.436141
0.269479
0.311886
0.299132
0.0654748
-0.144576
-0.00883516
0.169598
0.410175
0.251418
0.26534
0.226615
0.230058
0.307425
0.240513
0.265276
0.22327
0.224586
0.267988
0.305259
0.285576
0.189793
0.290016
0.596423
0.501153
0.40753
0.515327
0.510937
0.502537
0.688329
0.784541
0.643571
0.766579
0.85735
0.748622
0.863048
0.754189
0.538724
0.371813
0.347857
0.352884
0.445546
0.624093
0.432629
0.253167
0.505826
0.256912
0.457035
0.644437
0.514822
0.685795
0.673742
0.510759
0.458499
0.639507
0.615739
0.488041
0.323817
0.342465
0.252016
0.0946551
0.270318
0.169026
-0.0456546
0.000391623
0.380344
0.179586
0.09
0.0744391
-0.166474
-0.410042
-0.632462
-0.828123
-0.673554
-0.389596
-0.260857
-0.130087
-0.19468
-0.323676
-0.132155
-0.255666
-0.349187
-0.272167
-0.1911
-0.209767
-0.328572
-0.280901
-0.435752
-0.516138
-0.645143
-0.60696
-0.609072
-0.70906
-0.681266
-0.693892
-0.735979
-0.739294
-0.682691
-0.515428
-0.373431
-0.502856
-0.297441
-0.3657
-0.39491
-0.369399
-0.183683
-0.257304
-0.169345
-0.0536643
-0.194514
-0.159137
-0.185471
-0.103502
-0.221929
-0.145443
-0.323041
-0.191432
-0.365615
-0.422536
-0.449155
-0.552013
-0.633244
-0.59819
-0.400392
-0.472471
-0.515618
-0.573263
-0.802016
-0.730554
-0.678979
-0.941296
-1.01992
-0.986121
-0.952858
-1.02687
-0.897619
-0.947825
-1.00948
-1.10963
-1.21256
-1.4879
-1.56998
-1.45633
-1.45118
-1.36318
-1.15104
-1.35904
-1.58869
-1.68801
-1.53047
-1.48727
-1.47573
-1.4647
-1.52597
-1.59162
-1.55843
-1.47232
-1.33393
-1.24686
-1.18223
-1.16659
-1.12786
-1.17862
-1.26167
-1.38731
-1.43541
-1.10395
-1.14749
-1.08384
-1.10953
-1.05217
-1.02726
-1.1102
-1.27759
-1.4206
-1.6869
-1.77499
-1.44009
-1.45713
-1.49563
-1.46285
-1.58437
-1.40197
-1.25505
-1.34678
-1.4993
-1.90023
-2.04626
-1.79365
-1.89006
-1.77489
-1.97339
-1.85125
-1.88195
-1.72776
-1.78197
-1.67855
-1.75031
-1.66894
-1.72127
-1.47354
-1.65613
-1.76526
-1.6248
-1.43601
-1.55957
-1.41707
-1.4747
-1.55264
-1.57949
-1.60594
-1.32299
-1.21829
-1.29797
-1.08622
-0.939092
-0.996568
-0.683733
-0.674964
-0.631917
-0.545201
-0.671839
-0.81241
-0.906701
-0.7545
-0.596181
-0.510023
-0.434696
-0.488479
-0.661813
-0.639004
-0.553991
-0.430529
-0.374828
-0.217138
-0.0957511
0.0702948
-0.0489519
0.0283299
0.210444
0.299715
0.252578
0.315713
0.389094
0.338756
0.453634
0.456129
0.57273
0.612121
0.544688
0.575322
0.628362
0.536073
0.679414
0.608414
0.374246
0.404738
0.534087
0.517535
0.566139
0.634876
0.530584
0.388995
0.573784
0.684414
0.791584
0.810557
0.841308
0.808069
0.732042
0.196079
