-0.545948
0.60621
-0.491683
0.107574
-4.00927
-0.0874404
-1.18607
-0.874466
1.58397
1.42384
0.49745
1.61078
-0.26631
0.850835
1.42409
1.43721
-1.82624
-0.130687
2.15583
1.42824
0.742421
1.36973
-0.610479
0.376149
-0.00428701
-1.85401
1.67581
1.29102
-1.75782
1.67343
-0.919114
0.648152
1.65242
0.920245
1.36565
0.45895
-0.148094
0.461407
1.24557
-0.137181
2.64478
2.62147
0.674013
1.20935
0.965937
-1.30378
1.02468
2.15423
0.96846
0.351732
-0.720407
-1.05382
-0.108641
-0.378583
2.20034
-0.296214
-0.133306
-0.149926
-1.35914
2.1533
0.353863
-1.65387
-1.23994
-0.776932
0.443458
-0.37802
1.15882
2.40072
1.58967
-0.369946
0.496162
-0.413556
2.20715
1.01884
-1.35631
2.18158
0.511298
0.0436568
1.97926
-0.15245
-1.49292
1.2633
1.79761
-1.63919
-1.71883
0.757448
0.0466379
-1.03401
-1.51377
0.832671
-0.0598707
-0.814855
-1.89936
-0.170343
1.77114
0.0127044
4.309
1.49527
2.56189
0.640875
0.781237
2.1046
2.9373
0.288518
-0.842875
0.884624
1.86605
-1.31839
1.4283
1.06453
0.548738
-1.07376
0.659991
-0.263869
-0.256549
1.87671
0.429078
-0.148761
-0.883437
-0.57864
-2.75417
1.72932
2.53531
0.103445
1.59381
2.60323
2.06977
-0.991056
0.73216
0.598582
1.08428
0.573362
0.83304
2.42258
-2.47735
-0.90485
-0.654877
-0.0981213
1.02418
0.658784
1.48634
-0.273704
0.475464
1.38346
-0.650264
1.09589
-1.11995
0.998589
0.787679
0.869487
0.00264143
2.45416
2.32975
-0.621054
-0.604219
0.398182
0.14141
0.933591
1.27526
1.89828
-0.73329
-0.31401
2.56462
3.01222
-0.486746
-0.297685
0.557481
-0.854862
-0.0241902
1.26117
-0.684176
-0.20777
-0.532583
-0.0733205
-1.04802
1.07895
-1.71179
0.663088
2.38764
-0.730868
2.37132
2.08097
-0.117125
0.762261
-0.38158
1.56628
-2.02564
2.92122
-0.332479
-0.885111
0.642024
2.52214
-0.57185
-1.2781
2.14707
1.12141
2.81736
2.03089
-0.400715
2.37371
-2.86634
1.33324
0.324464
1.94972
1.0655
-1.44526
2.36706
-0.673431
-1.40498
0.574542
-1.43319
-0.247662
-0.71441
0.288212
-0.432443
1.87043
2.15449
0.0145945
-0.721518
-1.47355
2.08872
-0.884607
0.977628
2.13615
0.379311
1.38645
-0.204441
-0.0843347
1.77795
-0.251782
1.27933
2.17781
0.273536
0.431599
0.757249
-0.312684
2.12964
1.16375
-0.436166
0.576759
1.0497
-0.0216528
0.764506
1.14595
1.68264
1.99303
0.787057
3.91562
3.46776
1.42902
1.53329
2.49245
-1.25305
0.00646519
-2.30434
1.31767
0.146227
-1.15098
0.00597564
1.40972
2.21664
-0.596856
1.6273
1.80718
2.07785
-0.20741
2.01034
-0.906957
-2.85461
-0.184468
5.17581
1.12969
-1.17077
-1.98689
-0.733726
1.61605
1.95136
1.27652
0.255913
1.04161
-0.383258
-0.682701
-0.849264
1.64988
0.0865816
1.20836
-0.429492
1.83854
0.696144
1.72103
1.1001
0.918813
-1.78571
1.5894
4.86438
1.14464
-1.07835
2.94818
0.363799
0.758186
-1.69418
1.53882
1.93667
1.08973
1.63967
1.0992
0.513683
3.33163
1.33804
2.25252
1.98651
0.301091
1.93356
1.23918
2.36048
0.301554
-1.20459
-0.999943
0.325298
0.25012
1.36307
3.90147
1.61183
4.35245
2.82004
0.0307708
1.59048
0.852428
0.909089
0.078291
1.0383
-0.164832
-0.45264
2.56331
-2.44591
0.927119
-0.0346142
0.123906
-2.28602
-2.07574
-0.476882
0.129499
-0.0645613
1.23784
1.04638
2.15463
2.41179
-0.139757
1.56855
2.07235
-0.326726
3.58571
1.19776
2.3275
2.50777
3.13901
0.0876737
-0.280939
0.224134
1.56046
-0.901955
-1.10349
1.98979
1.44069
-1.33958
-1.67558
-0.924661
-0.810428
0.278225
-0.123909
-0.300856
-1.63047
0.999743
0.408897
-0.350986
1.43012
2.46609
-1.09943
0.576269
-2.20617
0.334547
-2.08729
-0.159471
0.098911
0.956748
0.186944
0.525176
0.373468
0.615295
0.156783
1.92784
3.57718
0.488976
-0.145562
1.75813
1.75782
-0.357219
2.73487
-1.38007
0.639227
1.8063
2.2071
1.60992
-0.433594
0.420596
-0.500062
1.79468
0.11509
1.61574
1.03661
1.33939
0.143026
-2.62274
-0.290171
2.36251
-0.269523
0.65682
0.512495
2.51414
3.45292
0.937249
1.05406
-0.614672
-0.207967
2.18681
1.24655
-0.0893211
2.32245
-0.854474
-3.2041
-1.75714
0.269955
1.49867
1.54929
1.60112
-0.998318
1.38507
-1.81108
0.15011
-1.01406
0.304328
-0.236466
1.2545
-1.00129
-0.446085
-0.488274
2.47619
1.51415
-0.0865442
-0.187393
1.51322
1.68788
0.53013
0.791234
1.4023
-2.49486
1.77161
1.01226
0.297169
-1.9943
-0.17601
0.789769
1.56795
1.55828
1.12169
1.53641
-2.04554
1.85431
0.0835318
3.02725
3.92312
1.88655
0.871072
2.11684
3.0535
1.01909
1.5888
0.835127
-1.10986
0.0680919
1.87191
0.203385
-0.236504
-1.58473
0.923226
-0.488237
0.0358467
3.2302
-1.64291
1.11602
-2.19048
-0.330037
3.00122
0.921522
0.0512706
-0.200985
0.419305
0.330552
-0.0564966
1.27787
-0.36567
-0.852782
-0.12833
0.814085
2.13999
-1.66773
2.01263
1.72732
-1.31683
0.932499
0.334308
-1.18056
-0.658624
0.205938
0.615174
-1.3592
-0.375875
0.660951
1.18845
-0.392071
0.893776
1.47513
2.18054
1.92518
-0.273327
-0.694202
0.972488
0.497921
-2.17247
0.981393
2.86667
-0.671678
0.0455319
2.0282
2.47533
2.51572
3.73104
3.78547
1.36946
2.98464
2.77432
-0.832238
0.98471
0.326518
3.87218
2.28462
-0.49826
2.48174
1.09995
2.83112
1.19183
-0.996773
0.0604904
0.813061
0.762967
1.59497
-1.61461
1.81824
0.389384
1.11769
1.54941
1.08142
0.302909
2.79871
1.68646
-2.39763
0.415507
-1.15189
1.12382
1.15968
0.0906586
2.64136
0.656459
0.959962
2.66496
-0.365108
-1.31992
-1.2422
0.354747
-0.22578
2.9609
-0.785647
0.00982375
1.08796
-1.53493
0.124657
-2.08437
0.0240693
1.64109
0.265777
-0.412356
-2.51623
0.415422
2.17305
1.87387
-1.5965
-0.226318
0.28051
0.179061
1.54044
1.35293
-0.215446
2.01135
-0.3343
1.17718
-2.9775
1.09521
1.65638
-0.460264
-0.732065
0.609464
-0.0777411
2.61146
-0.594706
1.89057
1.85981
-2.75901
1.4756
-0.284912
1.30466
1.32592
1.16596
1.78755
0.578444
-1.38285
-1.27927
1.09114
-0.0308772
1.99398
2.32433
-1.27846
0.627674
0.156419
-0.916702
0.164523
-0.07498
0.3856
-0.8391
-0.182567
0.499685
2.87473
1.00816
1.49527
-0.772881
0.794716
0.384648
2.61158
0.54425
0.827365
-0.884417
-0.574574
-1.16561
-1.51548
0.338167
1.5491
0.299415
1.27047
-1.58852
1.13341
-1.96239
1.44486
0.630522
-2.55657
-0.181836
0.717103
1.39963
3.01633
1.99229
2.95417
0.800399
-1.79059
1.71073
1.79802
1.02349
1.53108
-0.0233037
0.0151595
-0.527092
0.917848
-0.260998
-1.2794
-0.996905
0.993031
-1.79765
-2.2244
-1.0158
1.10079
1.03821
-2.03383
0.0228717
-0.0853396
1.38004
0.14257
1.45662
2.00407
-1.19442
-0.855756
2.05037
1.91675
0.337254
2.45258
-1.16085
-0.0456665
1.52187
0.262031
0.810826
2.20879
-1.35515
1.74114
1.57233
1.7964
3.84631
0.412094
0.412918
1.35517
0.323313
2.48679
-2.10011
-0.838201
-2.34197
2.20001
0.831547
2.08236
1.60405
1.74858
-0.612821
-0.680473
3.17864
3.03318
0.657854
2.17298
1.30726
1.61439
1.85339
-0.713101
0.105974
0.551275
-1.16438
2.7237
1.16203
1.4143
1.25391
1.99704
-0.594582
-0.950586
0.101542
0.0635379
-0.0352974
1.47755
-0.185563
-1.64079
2.94059
-0.233391
2.25838
1.50566
0.01173
1.65252
0.66697
2.50042
0.160616
2.897
1.53986
1.67531
1.82742
-0.228088
-0.698346
0.664635
-0.517094
-2.32739
-0.768608
-1.92608
-0.881384
0.979159
-0.17673
3.29021
2.87226
0.730334
0.371709
2.92945
1.10313
2.21159
-0.341264
0.292626
0.976538
0.443963
2.03367
-0.163515
2.22355
2.59172
1.8392
-2.15304
-2.60606
-0.383657
-0.0387521
0.0809197
-0.487442
1.21034
1.55464
1.65989
2.57231
0.983641
-0.554038
1.86826
2.3035
0.143706
-0.93278
-0.133628
0.277478
1.03143
1.7807
2.75835
0.322028
2.80259
-0.309524
2.16246
0.0597687
-0.920055
0.270692
-2.31365
1.86762
-0.361179
1.65622
0.80618
3.09676
-0.771372
1.19363
1.09277
-0.0257261
0.0500444
0.688994
0.035898
0.674083
1.48349
1.47071
0.166592
1.00133
0.712079
0.671543
1.5825
-0.0379339
0.404268
1.66717
1.90141
0.402674
0.56361
3.32762
0.27014
1.19022
2.02681
2.25765
1.7617
0.317833
0.358867
1.57931
-0.456617
2.67647
1.43122
-2.2557
1.15902
1.85392
-0.33936
0.792692
1.65641
-1.64882
-2.00615
0.0139352
2.43254
-0.995433
-1.49821
-0.563604
-0.539758
4.17655
-0.275167
-0.604741
-0.313223
0.75414
2.05414
0.998968
1.758
0.310346
1.587
2.17511
2.54734
0.238084
0.0680646
0.239971
0.477104
0.713179
-4.16104
1.22057
-0.568857
1.89469
3.18538
2.32399
-1.57768
-1.09643
-1.15391
-1.39576
0.89577
0.856274
-0.659983
-1.01764
-0.0307488
1.10427
1.29343
-0.991585
0.82838
0.220697
-0.178318
1.00303
-0.259204
-1.93148
0.0812466
-0.561051
2.74637
0.260554
3.06053
-2.32461
0.351703
-0.0267022
-1.10847
1.8956
1.01792
-2.677
-2.32909
-0.489549
1.32565
0.717347
-0.624213
-1.79019
-0.959054
1.15477
1.43203
3.93622
0.401922
-1.59319
-1.28922
0.314341
0.554816
0.632398
3.24765
1.26442
-2.41098
2.30533
1.57829
1.80971
1.89887
0.0143123
-2.03669
0.672279
-1.57514
-2.64608
-1.40321
0.639805
0.850272
-0.301368
0.963617
1.43562
-0.142378
-0.42633
2.43541
0.0382558
1.14343
0.157061
0.838835
-2.34659
0.947552
-1.28124
1.39416
1.12702
0.551381
2.48128
1.73983
1.87398
2.92798
3.15778
-0.299403
1.76893
1.61872
1.38533
0.863795
-0.138951
-0.818523
0.805596
1.12708
-0.357996
-0.741025
2.16197
-0.173076
-0.740239
0.939416
1.33259
2.42168
-0.51999
2.0602
2.25973
1.04248
0.592985
1.30014
-0.809366
1.8735
0.504398
1.66878
1.56095
-0.211
-1.37737
1.02255
-1.14818
1.13535
2.50328
1.45795
0.0815616
0.375094
-0.186687
-0.121272
0.400592
1.28682
2.34137
-0.709278
0.591687
2.02962
1.5592
1.38552
-0.898986
2.24234
1.51255
-0.899875
0.39147
-0.578339
2.66663
-2.30156
2.60334
0.0487001
1.02219
0.735476
0.977714
0.481137
-0.103677
1.88961
-1.71133
-0.989907
-0.174091
-2.39857
-1.47797
0.628948
0.606207
3.36167
-0.964979
-3.28283
0.333074
0.151915
1.69921
0.224451
-0.43119
-0.841161
0.157737
-1.44454
2.66629
2.5687
-0.999897
1.81858
1.86225
0.745137
-0.0108862
3.38142
0.832607
0.705238
-0.364652
-3.19943
-1.71134
-0.636807
1.35995
0.614404
-0.533708
0.470271
-0.916338
3.45489
-1.0244
0.674431
2.33837
1.28009
-0.13502
0.671093
2.18323
-0.805896
-0.777671
-0.0395408
2.36447
1.20333
0.0546793
1.12429
-0.759656
0.404626
1.22037
1.1616
2.13384
-1.20512
0.981216
0.1554
0.218225
-1.41623
0.551104
-2.70462
-3.20429
-2.67251
0.874717
1.56672
-0.804117
-0.11284
0.787317
-1.14402
-0.716823
-0.358317
-0.578736
1.909
0.992326
1.00175
-0.0330956
-2.13943
1.148
-0.687339
-2.09978
1.5649
3.9459
2.05684
0.815019
0.373361
2.45209
1.05147
1.2998
0.0512747
1.94823
0.681419
0.527173
-2.1457
-1.86754
0.906042
2.59745
-1.57277
-0.323891
0.555864
-0.322653
1.04262
2.24554
1.04069
-1.59235
-2.73901
-0.0832534
0.9916
-0.837481
2.35884
2.10809
-0.674494
0.570887
0.372079
-1.77919
-1.32266
1.86693
1.37384
1.91426
-0.535684
1.78961
0.945911
-2.186
1.54823
0.831528
2.42611
3.16422
1.34524
-0.429721
1.8645
1.54209
-1.68365
0.404786
1.19565
-1.20393
0.767563
-1.91579
-1.21307
0.728411
2.76015
0.556423
0.174446
3.70457
-0.135803
-0.451836
1.05887
-0.248822
1.62898
0.773783
0.896842
1.04602
-2.14641
2.93162
-2.04626
1.608
-1.67266
-0.654629
0.278323
0.788823
1.65955
-0.758664
1.36995
0.439488
-0.0315413
-0.033443
-0.43675
-1.10884
0.882614
2.02102
1.74282
-0.291112
2.18858
0.205058
3.35087
-0.558015
1.43998
1.05536
-1.43178
4.25121
4.1232
0.528684
-0.298661
2.96878
1.13063
1.02921
1.73685
1.46772
-0.208201
-1.72743
-1.0113
0.147931
1.46166
0.743239
2.39849
1.12682
-0.0666219
-1.09706
2.45733
0.621025
-1.88538
1.87514
-0.0446533
2.59488
-3.39652
-1.67301
-2.19381
1.04266
2.72612
2.12919
-0.0113226
0.00979292
2.367
1.30522
1.85915
0.11663
0.725678
1.68117
-0.00406896
0.631669
1.15479
1.67681
0.160259
-0.248295
-1.67442
1.29763
3.25808
-1.5597
0.140395
2.63021
0.942088
0.293541
-0.607673
0.893576
1.00348
-0.994771
3.18367
-3.30353
-2.90386
0.363714
2.69147
1.6859
1.57159
2.09316
1.35962
3.05563
-0.200256
-0.501186
0.329766
-0.715539
1.0125
2.78411
0.434025
0.0923894
-0.478421
1.01852
-0.403892
2.20307
-1.09659
-1.21874
1.64946
1.55105
-1.10709
-0.617782
2.73114
1.76153
1.51156
0.287907
-0.15699
0.0178927
0.855114
0.543374
2.12096
1.14188
-0.374662
-0.0759071
-0.519686
-0.527497
0.826368
-0.877437
0.179214
0.293042
1.18673
-1.81547
-2.36013
-0.43397
0.506435
0.606998
0.979808
-1.34854
1.91602
0.589348
1.16072
1.09479
0.584394
1.75584
0.283395
2.34532
0.531581
2.54971
0.092078
-0.533949
0.389018
0.759937
1.83858
0.365206
2.76011
0.626131
1.84481
1.69534
2.55129
1.08599
1.232
-0.326708
0.259418
1.7273
2.12757
1.84851
0.16268
1.1773
0.468644
1.24474
1.86298
-1.81612
0.354208
1.48469
0.551722
-0.0669368
-0.60964
1.30873
0.0228035
-1.29496
0.859474
0.149381
-1.07169
1.54982
3.94505
-0.706881
1.43321
0.60926
-1.23375
2.36362
2.29303
0.473978
-0.694167
0.18059
-3.22389
0.204484
2.70568
0.0617532
-2.96283
-0.565018
-0.904015
2.00949
3.05143
0.466196
-0.733432
-0.00445515
0.75947
-1.88377
2.33675
1.30753
2.49939
-0.0751944
-1.07053
0.989055
-2.29958
-0.812953
1.88153
-0.359681
0.648726
2.89791
-1.68508
2.97833
0.863847
0.860454
1.25271
-0.571739
0.867455
0.227602
0.85289
2.4282
2.23755
1.27737
3.32211
0.119465
-1.04271
2.07834
1.60662
0.540204
-1.26523
1.95285
0.217265
1.11057
-1.62137
1.56476
0.646696
1.53897
1.1568
0.578068
1.56407
-0.505115
2.48623
1.3848
-0.508857
2.69919
-1.28042
0.643399
1.02452
0.527076
0.780767
-2.11053
0.436989
-0.204698
-0.41992
2.63326
-2.31098
-1.46429
-1.82577
-0.264963
1.33013
2.28853
1.08124
0.0124839
2.02971
0.00890284
0.855286
-3.58092
-0.520887
0.809459
1.44772
-0.578178
0.431578
-0.669501
1.41308
-0.685977
-0.305562
2.40683
-0.943247
2.22709
1.75127
3.34039
-1.21535
-1.23433
-3.28801
-1.1385
1.73037
-2.27973
0.175169
2.19791
0.401426
1.09885
0.0525742
1.39383
1.45724
1.17767
-1.70519
1.7013
-0.268338
1.33186
2.48091
0.0424786
0.824152
-2.51709
0.512974
0.216753
1.45632
-3.01048
-2.0679
-2.88001
0.221151
-1.13205
0.961622
-0.0975054
2.06057
1.20216
-0.729061
0.00587616
-0.311569
1.19193
4.04197
-0.891518
0.363189
1.18095
1.68741
1.45626
1.10437
-0.334866
1.77231
0.333184
-0.45773
0.96119
0.875002
-1.83275
-2.46129
0.229918
3.44939
1.27808
0.584236
4.00156
0.65863
2.34846
1.56114
-2.9594
2.55741
-1.8532
0.222931
-1.40753
0.0796644
-0.0704194
-0.312894
1.61737
2.81269
2.76013
0.63484
1.86713
1.42973
-1.98173
-2.15668
-1.34126
-1.13725
2.4285
-2.24614
-0.397079
-2.8393
-1.37033
-1.72187
0.766174
0.426121
2.13569
-1.17507
-1.42793
-0.414634
-0.998034
0.318256
-2.12628
1.38914
1.13264
-0.00583904
0.903701
-0.385932
0.5355
-1.36376
-0.710536
1.03656
-1.19958
-0.479337
3.84881
-0.557547
1.89926
-0.960818
-0.689595
2.76519
-1.13451
-3.29563
2.62873
0.298135
0.146046
-1.61922
-1.57272
2.49746
3.77254
-2.32429
-0.196474
-0.506282
1.55114
-0.71758
2.12472
1.44721
1.09036
0.988355
-1.80015
0.395068
0.489259
1.28524
1.20835
-2.05071
-1.78041
2.30621
2.46745
-0.707555
0.580358
1.93807
0.418526
0.848204
1.19414
0.965345
1.92627
-0.640138
-1.25326
2.46812
0.476289
-1.58625
1.26979
-2.77727
0.193951
2.37417
1.18006
1.40114
1.64138
-0.34792
2.16744
1.01341
-0.211265
-0.306013
-2.69719
2.49575
0.10036
1.12004
-0.0105032
2.88641
-0.372612
-2.6157
2.04803
2.74752
1.88273
-0.723568
0.893602
-1.07354
0.483549
1.7217
1.94942
1.00764
3.76244
2.21429
2.23794
-0.252346
-0.18927
1.01591
0.296215
1.9351
-1.56313
-0.449294
-0.854569
0.336775
0.924595
0.351124
0.299589
0.384215
-1.37367
0.191867
0.225559
1.2578
1.81917
3.08214
-0.52201
-0.0227314
-2.80759
0.701039
0.383413
1.11508
1.75903
-1.30193
1.04902
-0.358238
1.50065
2.87273
1.80898
2.004
1.03277
-4.46203
-1.74467
2.78348
-1.21034
3.68593
1.71449
0.903524
-1.7072
0.654331
-0.684214
-0.278333
3.33543
-0.988209
1.36304
2.15071
-1.08794
2.52465
-0.144113
-2.87156
1.33014
0.562293
1.93755
0.974014
-0.197915
-0.254975
2.02215
0.518433
0.306117
0.555278
-2.01584
1.60728
2.61032
1.1153
0.175502
-3.39469
-0.365167
1.07463
0.265455
1.37849
1.7203
3.41829
-0.402206
0.227373
3.54662
3.68849
1.09773
0.780444
0.882826
1.60879
2.48912
-0.811847
2.77055
-3.26942
-0.875654
-0.110116
0.0373995
0.537292
0.378165
-1.19399
1.94308
-2.0833
1.68222
1.67852
-1.17738
0.934528
1.27095
0.192617
-0.173434
0.320115
-0.0245113
-3.21952
-0.523753
0.185947
-0.283209
2.01488
0.910242
1.51522
-0.476027
2.79762
0.906159
1.36885
-0.508981
1.70907
2.52233
1.57153
-0.866954
-0.162099
-1.52093
1.74342
1.47064
1.38114
2.25884
2.7353
1.46392
1.72315
-2.09429
2.10574
1.168
1.2884
0.885948
0.564153
0.67454
1.15344
0.58577
1.69559
2.3555
2.17086
2.66885
1.93359
1.39805
2.41344
3.17938
4.05575
2.2174
1.38234
-0.713276
-0.500693
2.48913
1.83819
-0.946968
1.65968
1.71883
0.509194
0.503711
1.09896
-0.5117
1.18028
1.29307
2.14195
2.26737
0.824014
1.78695
1.74366
-0.303683
0.878539
1.80884
2.18541
0.999629
0.596724
1.52095
0.590579
2.273
2.32388
0.515326
0.791691
1.04882
1.39492
1.21104
0.439009
2.67306
-0.699775
1.57022
1.26114
-0.158755
1.25573
1.00292
-0.974598
2.90063
1.40722
0.681233
1.47489
0.156126
0.418042
1.54978
-0.126783
-0.709797
0.821041
0.39549
2.6145
1.19027
3.61614
2.57648
2.3718
-0.219646
-0.219456
0.281316
1.59862
2.09685
1.33407
-4.72933
0.560911
-0.579763
0.800166
-1.50174
1.49228
0.0220923
0.346785
0.923341
-1.03871
-0.946801
0.60987
0.951225
-0.0265211
-0.462875
1.46442
1.04426
1.0354
0.425836
1.12214
-1.59804
0.0867778
1.61403
0.660254
1.60391
0.978143
0.0775288
1.65799
-0.0451277
0.911223
0.716917
-1.35455
0.384906
0.0623597
-0.327677
0.590649
-0.31685
-0.914505
-1.6584
-0.426724
1.61435
0.664745
1.05506
-1.5531
-2.16949
2.35608
-0.223909
3.75176
1.47732
-0.597267
2.37715
0.519286
-1.02802
2.28405
0.226372
-0.872638
1.25749
-0.0489194
2.99091
1.36812
0.214936
-1.34385
1.92505
-1.6877
0.600143
-1.28593
0.150315
1.58924
2.70131
1.61567
-1.42016
2.55744
0.753522
-0.124396
-0.98929
0.881199
1.22703
-2.08586
0.206869
0.598463
0.699061
0.186117
1.12415
-0.292176
1.91806
0.434614
1.89832
0.142389
1.02483
0.00724742
1.35633
1.76707
3.35735
-1.71102
1.93933
0.894884
0.00971433
4.26196
-1.29745
0.236225
2.19251
-0.658947
-0.580834
0.887077
2.36424
0.74566
-0.798939
0.151029
1.04071
-0.761972
2.20486
2.30446
0.237044
3.94899
1.70555
-0.211294
2.07863
0.756326
1.32557
0.9754
1.07647
0.396377
-0.889932
0.470282
-0.127205
0.793457
0.478646
-0.167426
1.04329
1.29444
0.185812
1.00513
-0.0896907
-2.34332
2.01334
1.74141
-0.530611
-0.176456
1.85443
0.352175
0.463427
0.0819852
0.958206
-1.83567
2.95275
2.01375
0.677763
-1.21666
2.20681
-1.56006
-1.59619
1.92477
2.41008
0.154124
2.21469
2.27938
3.01042
0.924397
-1.51347
0.891436
-0.552235
-0.173148
-1.09138
0.413761
-0.231153
-2.9939
1.02005
1.35134
-0.703376
2.45167
0.921053
-0.475772
0.0731062
-2.4346
1.15155
0.920357
-0.70243
-0.757772
-0.379507
0.603016
1.71362
1.56519
-0.239797
-1.37086
-0.674357
1.01335
1.07753
-1.29081
1.96118
-1.26422
1.92399
1.49083
1.09618
-1.32431
1.54685
-3.23888
0.324953
2.68091
0.296206
-1.03204
-0.432006
0.823781
0.648226
1.12806
-1.63453
1.59311
-1.91389
-0.921475
-0.0260674
0.292698
-0.29017
-1.5037
0.732896
-1.57473
-1.11327
1.77838
-2.64207
-1.94592
0.548957
1.82846
1.82992
0.672993
0.633346
1.34602
0.0172826
3.36945
-0.320461
0.553385
0.450168
1.40375
-0.539614
0.922095
-0.610808
-0.22664
-1.16102
-0.385379
2.67962
1.18742
-0.550289
0.936673
0.0831192
1.11546
-1.00772
-0.807258
1.71186
-0.965121
1.10736
0.140849
-0.408458
1.4195
-1.32485
-1.40457
-0.339267
1.2087
-0.196581
-2.55344
1.14098
0.447039
-0.867275
-1.11652
0.0308168
0.780903
0.531007
-1.5125
0.350384
-0.195325
3.0442
0.688734
2.11824
-0.887575
-1.53028
1.20428
0.392314
-0.561269
2.56
-0.130968
1.68503
1.65078
-1.08056
-0.257434
1.54705
-0.321322
1.56552
1.3033
3.07441
-4.1423
1.25677
0.867895
0.366845
1.4027
4.01598
-0.671254
1.67196
1.25149
1.24138
0.641974
2.34396
0.728126
0.102371
1.84209
0.0872503
0.133796
0.669801
1.47166
0.204982
0.192899
-0.356053
1.40124
0.42203
0.546703
-2.42117
-1.32796
-0.0787342
1.77269
-0.0349158
0.986451
0.793411
0.186498
0.595625
1.7128
-0.583751
2.75831
0.676476
3.20771
-0.307796
-0.412455
1.16573
-0.0689813
1.11402
0.814882
0.366536
0.437244
2.54633
-1.6707
-0.12069
-0.514195
1.52025
-0.765644
2.3179
0.455484
-1.8865
2.10286
-0.970402
2.58727
-0.386198
0.724518
0.933461
0.609234
0.438834
0.352649
1.77641
-0.498929
1.79107
-1.70189
-0.0843655
2.52288
1.55508
0.958225
1.36056
0.928319
-0.422687
-1.69142
0.286878
-0.0943952
0.217045
1.60388
-0.029163
0.0961655
1.44602
-1.11087
0.546182
3.41656
-0.830316
-0.603368
0.643738
1.35792
1.47049
1.93578
1.81391
1.05347
1.47145
0.537194
2.34921
-0.46929
1.16166
-1.83088
2.91153
0.221835
-2.55248
-0.091285
-0.389966
-0.4398
-0.717284
-0.613962
3.4027
-1.79132
-0.554106
-1.11393
1.35338
1.49999
1.19505
2.78665
-2.17044
1.06424
0.957561
-1.14331
1.4499
3.12003
0.16166
0.155641
3.23497
1.28721
0.790664
0.275644
-1.30331
2.706
1.52535
-0.669669
1.11853
2.44343
-0.404526
-0.0338885
3.20149
-2.95422
0.532275
3.33172
-0.5141
-0.213804
-0.0607107
0.89613
1.478
-0.0320971
-0.799951
1.24259
1.49693
0.116362
-0.634965
1.94804
0.579937
1.01394
2.31897
-0.137796
1.64203
0.724593
-0.73397
-0.408622
0.773008
0.770695
0.792393
0.207043
0.579613
-1.15916
-0.873014
1.54068
2.49539
0.395551
0.104672
-2.51132
1.17386
2.9688
0.878615
1.02283
0.464676
2.65664
1.86746
0.880685
0.514746
-0.20442
-1.17425
1.28535
0.253844
2.26613
0.446917
1.62927
1.4546
1.98146
2.14938
0.420695
-1.09875
1.80665
2.2647
0.13846
0.121972
3.58677
1.93158
1.62352
1.59089
2.81457
-0.0775393
0.782175
-0.389702
-2.70184
-2.615
1.11926
-1.23465
0.980446
-0.031023
-0.835176
0.369572
-0.478716
0.950075
1.31845
1.58629
1.80785
0.251458
-1.69699
0.364458
0.94168
0.0312932
2.22273
-3.7506
0.859347
0.472013
-0.509507
0.76753
-0.420164
-1.4124
2.44356
1.81009
1.30628
2.8042
-0.674737
0.291376
1.38111
0.816519
-0.118677
0.0617045
2.3033
0.00211893
-0.182748
-1.13099
1.72565
1.38604
1.34339
2.38103
4.363
1.18723
-0.387223
1.28847
-0.368151
0.00335165
0.233457
-2.32673
-2.12889
-0.557842
1.46528
-0.465631
1.34157
1.80218
-0.285716
2.19862
2.20538
0.483699
2.56276
0.313741
-1.11003
2.27839
2.20854
1.31423
0.0935769
0.534993
0.872499
3.4837
-0.135291
-0.00789693
1.33045
-0.129021
1.95668
1.55854
2.51196
1.59792
0.815987
-1.19588
-1.44985
0.532092
0.657073
-0.279582
-0.16795
-0.615382
2.93236
0.522698
-3.08675
-0.186634
0.158766
1.70544
0.963481
-1.04368
0.91638
0.0436419
1.56499
0.701235
0.872269
0.453716
1.72189
1.67818
0.862386
0.421957
-1.05203
1.81872
-0.833194
2.431
0.375087
1.74885
0.740364
1.74358
-0.690002
0.466624
2.65725
1.7414
0.544684
-1.91557
1.16413
1.66709
0.623622
0.439402
1.5631
0.835501
1.42696
-0.618195
-0.0749352
-2.5238
1.51951
1.51322
2.26174
0.189635
1.20063
1.2096
2.75667
0.358397
-2.52009
-0.0991673
0.905987
0.94298
0.462764
0.639057
1.24446
1.00564
-0.176762
1.74368
1.17276
-0.206071
-0.547089
0.848801
1.18848
1.29617
0.136812
-0.122594
0.0383752
3.35164
0.697284
1.43471
0.96072
0.399118
1.4831
-0.846359
-0.385623
-1.9928
-0.0566308
1.33187
-1.62858
0.0860113
1.47184
2.29123
0.556135
-0.632311
0.335417
2.0643
0.641249
-0.89576
-1.74745
0.262843
-1.02764
1.63587
0.963411
-0.166904
-0.677746
-0.139613
1.37694
1.46393
-0.0883413
0.756045
-0.724326
2.71068
0.148797
0.510874
0.981689
0.838684
3.1144
-1.62022
1.96016
0.475795
-2.38313
0.00203308
2.43765
-0.818178
0.899481
0.326377
-1.48127
1.54814
0.391868
2.47497
0.306814
2.2132
0.0404663
-0.397377
-0.242581
-0.919848
-1.13746
-0.161159
1.17448
0.941546
0.0549406
1.3718
1.33743
0.678452
-1.52535
-1.48373
0.438108
-0.107535
2.42569
1.22136
2.15657
2.74296
2.58639
0.38927
0.228295
0.530239
0.286071
-0.103456
1.8721
0.181366
-0.643853
0.360816
2.15373
0.661242
2.92612
-0.75563
-0.00187397
0.826967
1.31893
2.10239
-0.0643896
-0.414314
-1.08934
-0.6456
-2.34802
-0.915103
0.228488
-0.31635
4.98112
-1.75981
2.0785
-0.0701564
2.84727
-0.0510822
2.50514
0.634098
1.52215
0.87126
-1.84906
-1.1775
1.15036
3.58604
-0.2289
0.261794
2.99233
0.200295
0.334073
1.62704
1.21547
2.10594
4.84335
1.2217
-0.0842757
0.720453
0.55344
1.81193
-0.291805
1.38379
-0.809219
-1.58355
-2.87015
-0.503237
1.08497
-0.251556
2.4046
0.251831
2.17684
0.208471
-0.963541
0.895389
1.73925
0.584594
1.07937
-0.245004
-1.53865
-1.46594
-0.839196
0.63747
2.32093
1.02357
-1.43922
2.36975
0.516312
0.557628
-1.1971
-2.35279
3.99022
0.60833
0.767832
-0.758219
0.386773
2.10252
-1.93885
-1.11911
0.0178349
-2.19413
1.33844
2.22699
1.32133
-0.823327
1.26342
-0.386631
0.516398
0.356859
1.82913
-0.483066
2.59179
1.1175
2.52357
1.51535
0.012768
3.28387
2.22005
-0.137665
1.76164
1.94473
-0.389007
2.61672
-0.428502
-2.21957
2.14908
-0.346159
-5.00021
-0.655969
0.0201218
0.492898
0.622712
0.0559496
0.752892
1.4024
-0.0845435
2.46495
1.0616
-1.37334
-0.11552
0.593399
-0.63141
1.68703
1.9812
-2.11005
2.38618
-0.803805
-0.0397979
-2.68403
1.66475
-1.27342
0.650302
0.432728
2.88388
-2.25387
0.618047
0.554168
-0.0105965
0.380722
1.15868
-0.156711
2.60871
-0.973579
-0.36098
1.71462
0.352265
0.613075
0.592303
1.95788
-0.730521
-0.658543
-0.354797
1.57608
-0.985756
-0.142993
-0.894043
0.634991
1.84693
0.0836914
-0.709971
1.45618
-0.342855
1.99578
-0.59249
1.33658
-1.25032
1.11434
-0.459982
-0.66405
-0.673735
-2.57558
0.893104
2.6875
-0.405376
0.640479
0.326588
0.445687
-3.24092
-0.813758
0.125203
-0.477892
1.64636
2.77593
-0.429516
1.20136
-0.81259
0.967104
0.838021
-0.0143375
2.27332
-0.0396954
0.568353
-1.49976
0.601421
0.517977
-3.07659
0.711496
0.367915
-0.0684747
-0.0632942
3.19389
2.82804
1.83329
0.740881
0.850913
0.873754
-0.5898
0.404366
1.13501
1.56086
1.37008
-2.33959
-0.794484
-1.56504
0.196227
-2.24836
0.903266
0.874603
0.45913
-0.934162
2.31479
0.253687
-1.89577
3.70137
-0.992973
0.00939353
1.43056
1.67889
2.08131
1.86316
-0.589642
3.09943
2.56604
-3.58352
1.62688
1.03752
-2.53151
1.17024
1.64814
0.168142
-0.55618
0.643808
-0.733475
0.305967
-1.19394
1.14131
-2.69651
-0.664225
-0.73348
0.516455
2.12066
2.05387
0.83881
-0.817532
-0.312592
0.667763
2.22415
0.976754
-0.259652
1.44257
1.91963
0.248151
1.28131
-0.592809
-2.04381
-2.04958
0.391175
1.78879
-0.788155
-0.48312
1.04287
0.348021
-0.130457
-2.48288
0.180732
-1.00614
-0.723686
-1.90979
2.35759
-0.449644
3.05704
-0.302931
1.28319
0.210616
2.21736
1.96392
0.410548
-0.436984
-1.29069
2.08582
-0.51693
0.730627
1.66394
0.686599
-0.253995
3.31524
1.0776
2.33598
-1.18609
2.61286
-1.49208
-1.33699
0.602135
-0.344501
0.510381
-0.956258
-1.84587
1.27886
1.93532
3.10928
2.92091
0.418741
1.34365
-0.256083
0.920509
1.32724
-1.46551
-1.63422
-0.3212
2.09084
-2.12504
-1.44864
-1.98419
2.57698
-0.633062
-2.19141
0.277415
0.740427
1.53275
-0.483047
-1.23065
1.8972
-1.98171
-0.75179
-0.176673
-0.453712
2.59738
1.55082
-1.04555
0.0782282
-0.582232
-0.101814
0.263736
2.54279
1.15251
-2.41643
-1.65614
-2.03465
-1.26667
-1.03921
-3.39652
2.26975
-0.651987
1.03801
1.17985
0.515268
1.12281
2.03623
-0.0732409
0.31432
1.29718
1.44526
3.59858
-0.420488
-1.08477
0.519907
-1.22585
-1.55635
-0.171331
2.41019
1.98534
2.62488
-0.231839
-0.987858
0.393809
1.32362
2.04632
0.916675
2.85951
1.21683
-0.477045
1.38642
-0.353341
0.410574
1.55396
