0.37753
0.395517
0.295099
0.139777
0.0874517
-0.0199021
0.155658
-0.206033
0.0612955
0.342213
0.103564
0.0869683
0.236562
-0.0150037
-0.0538937
-0.553545
-0.457096
-0.272999
-0.165521
-0.0662034
-0.124613
-0.0428535
-0.236754
-0.343077
-0.475667
-0.507299
0.0766262
0.321016
0.192114
0.536419
0.497038
0.489536
0.667197
0.60479
0.43281
0.416078
0.885439
0.733762
0.452574
0.517328
0.465091
0.552512
0.436329
0.0472993
-0.22684
-0.0580096
-0.234889
-0.362034
-0.506992
-0.26845
-0.479918
-0.16674
-0.224041
-0.0778457
-0.199609
0.0240809
0.263494
0.0387075
-0.210379
-0.130102
-0.0747723
0.294895
0.458694
0.187408
0.0155804
-0.0797284
0.271495
0.194319
0.10388
0.321586
0.0506022
0.09389
0.0537113
0.297397
0.525736
0.25624
-0.0606461
0.136837
0.0735976
0.153077
0.139895
0.0475251
0.251089
0.11124
0.13803
0.0333467
0.0102122
-0.0846604
-0.110125
-0.12606
0.0189239
0.254054
0.284713
0.196413
0.216393
0.709436
0.488152
0.395465
0.162291
0.154241
0.409135
0.211786
0.220944
0.410346
0.487412
0.183805
0.295195
0.260431
-0.0182899
0.271628
-0.134094
-0.0695103
0.10659
0.275246
0.500446
0.502249
0.363341
0.417391
0.527459
0.841992
0.757163
0.886115
0.518278
0.461254
0.424295
0.528801
0.842481
1.21893
1.34288
1.01404
0.990754
0.764451
0.573833
0.558997
0.501396
0.486407
0.520378
0.526474
0.407749
0.327832
0.374269
0.424187
0.441588
0.397032
0.764193
0.530515
0.356898
0.29426
0.152293
0.158635
0.103197
0.271615
0.191748
0.228009
0.356128
0.178155
-0.0524886
-0.198041
-0.233971
-0.32356
0.0381248
-0.104043
-0.0837916
-0.0126999
-0.530646
-0.272924
-0.171751
-0.329673
-0.0101192
-0.155905
-0.326258
-0.190465
0.0427081
-0.34968
-0.374512
-0.620928
-0.464406
-0.455829
-0.391509
-0.54041
-0.427605
-0.0687425
-0.315929
-0.526842
-0.574417
-0.712258
-0.598125
-0.876505
-0.638554
-0.582631
-0.603505
-0.557109
-0.550725
-0.34029
-0.48423
-0.0970521
-0.313793
-0.266721
-0.417417
-0.272948
-0.17261
0.122752
-0.158702
-0.0119181
0.0620667
-0.137349
-0.172384
-0.260745
-0.248438
-0.367418
-0.213605
-0.101853
-0.367829
-0.187016
-0.273467
-0.769431
-1.08806
-1.01127
-1.09596
-0.892789
-1.01675
-0.689241
-0.45321
-0.11659
0.250656
0.362292
0.667842
0.765548
0.812691
0.893275
0.848297
0.693185
0.402521
0.345717
0.490958
0.459388
0.328387
0.393282
0.353221
0.235795
0.720557
0.941167
1.02367
1.32968
1.27569
1.14833
0.954171
0.750743
1.0551
1.20139
1.28206
1.45035
1.6753
1.43929
1.07698
1.00447
0.639137
0.699677
0.674731
0.640032
0.595696
0.63973
0.641139
0.560592
0.347426
0.634585
0.420853
0.434952
0.243558
0.236284
-0.0144364
0.416202
0.484112
0.39251
0.777495
0.633889
0.503784
0.513099
0.426674
0.338492
0.515121
0.437874
0.405904
0.609868
0.424539
0.471274
0.173409
0.21343
0.0245387
0.0182869
0.311037
0.51008
0.507501
0.5476
0.548858
0.297941
0.538175
0.624805
0.560788
0.427634
0.540119
0.557058
0.792899
0.868258
0.69661
0.500261
0.350055
0.494926
0.321757
0.342877
0.209908
-0.19888
-0.273919
-0.158372
-0.314097
0.170157
0.123283
0.0847654
-0.106844
0.0462933
0.0592426
0.318374
0.421675
0.494671
0.372841
0.573989
0.578294
0.542301
0.556888
1.14377
1.40878
1.33803
1.24321
0.779131
1.01048
0.956253
0.607917
0.630104
0.538684
0.646988
0.486426
0.716118
0.63286
0.288235
0.429276
0.330498
0.480155
0.43225
0.279548
0.245335
0.41551
0.429699
0.43552
0.39453
0.144433
0.149451
0.023953
-0.0453809
-0.227725
-0.0992536
-0.206839
-0.0560399
-0.384709
-0.139333
-0.0511218
0.0454378
-0.0262638
0.164538
0.0623171
-0.263426
-0.532308
-0.502757
-0.552749
-0.412831
-0.646795
-0.521554
-0.232799
-0.377867
-0.275245
-0.39829
-0.150533
-0.348549
-0.178004
-0.242812
-0.437306
-0.55692
-0.566357
-0.748426
-0.621749
-0.706574
-0.73741
-0.858515
-0.529614
-0.26505
-0.199542
-0.103798
-0.203968
0.0142124
0.261118
0.269083
