0.555589
0.378069
0.61977
0.97478
0.789225
0.361656
0.880989
0.772298
0.541456
0.321029
0.770783
0.235287
0.512937
0.779108
0.379208
0.718082
0.566547
0.439945
0.189642
0.186206
0.238941
0.953612
0.69284
0.634479
0.647891
0.467617
0.451156
0.676979
0.859508
0.72507
0.730431
0.840029
0.258514
0.237676
0.0231932
0.0828803
0.498029
0.846743
0.176265
0.39362
0.564945
0.954659
0.425315
0.180902
0.421023
0.727951
0.523483
0.766192
0.315739
0.737506
0.493206
0.664654
0.25611
0.86557
0.636613
0.64274
0.270966
0.467804
0.506207
0.933829
0.252849
0.251687
0.0745641
0.510869
0.860122
0.549119
0.301868
0.792197
0.86493
0.593744
0.389327
0.502884
0.725728
0.638508
0.517151
0.333526
0.774889
0.31579
0.462785
0.758076
0.397734
0.383427
0.801177
0.434479
0.643282
0.276939
0.447522
0.566775
0.461759
0.50341
0.544929
0.362248
0.793533
0.756591
0.545397
0.527704
0.318043
0.443647
0.665412
0.268027
0.602431
0.54404
0.396725
0.448798
0.461524
0.526517
0.735574
0.690578
0.176735
0.634485
0.255351
-0.127558
0.51284
0.491663
0.779023
0.146671
0.69064
0.616985
0.591196
0.75979
0.64721
0.813234
0.917103
0.709593
0.0869141
0.56816
0.470558
0.497259
0.228429
0.597848
0.148235
0.534755
0.362895
0.398116
0.669455
0.685369
0.334406
0.579439
0.498163
0.520654
0.27331
0.644298
0.601384
0.375388
0.274994
-0.125409
0.378978
0.558005
0.601307
0.422687
0.424539
0.314094
0.601998
0.168226
0.587206
0.362414
0.731478
0.408437
0.571158
0.405551
0.612037
0.551726
0.542285
0.958547
0.31031
-0.0702935
0.51965
0.644249
0.724305
0.396774
0.612393
0.625989
0.313756
0.76651
0.624826
0.22564
0.253467
0.418301
0.48545
0.590777
0.428273
0.431801
0.665225
0.301718
0.438761
0.526513
0.392676
0.691463
0.358195
0.458553
0.540667
0.457804
0.41826
0.579221
0.208595
0.614854
0.445555
0.35664
0.252398
0.786345
0.0956352
0.32405
0.864225
0.407747
0.279247
0.338549
-0.00901164
0.860581
0.156956
0.431367
0.646561
0.0467491
0.436531
0.654667
0.483647
0.633083
0.727971
0.49348
0.72535
0.530077
0.900404
0.461733
0.812165
0.284118
0.746169
0.578394
-0.0381081
0.557853
0.781982
0.473496
0.318734
0.659827
0.219843
0.406782
0.626796
0.792043
0.664639
0.738245
0.471297
0.501186
0.481966
0.520296
0.862855
0.433701
0.340996
0.352636
0.847606
0.567571
0.715076
0.576681
0.407609
0.0613201
0.585109
0.653878
0.250301
0.702965
0.143224
0.487848
0.522745
0.231027
0.695658
0.441337
0.690638
0.034564
0.277901
0.950989
0.375344
0.445249
0.327308
0.213365
0.496054
1.0519
0.689047
0.650302
1.2542
0.875875
0.387359
0.818564
0.769616
0.513395
0.0298996
0.177418
0.406996
0.061168
0.423072
0.533749
0.485946
0.280829
0.414445
0.524834
0.44563
0.56049
0.203502
0.348145
-0.083104
0.520139
0.180982
0.698812
0.51985
0.38792
0.773592
0.591058
0.561267
0.661067
0.503468
0.60516
0.479621
0.684281
0.67507
0.598451
0.36279
0.791625
0.455507
0.477111
0.20214
0.523773
0.426384
0.746972
0.69282
0.42059
0.103768
0.066622
0.646315
0.512394
0.015906
0.510702
0.548822
0.0455423
0.530899
0.310634
0.21735
0.735636
0.407348
0.756166
0.311201
0.589285
0.712886
0.493991
0.136506
0.722779
0.619808
0.560667
0.607873
0.768123
0.440528
0.506019
0.0792949
0.653517
0.528216
0.126682
0.549449
0.451681
0.730342
0.892579
0.652215
0.171833
0.519118
0.18998
0.737678
0.830365
0.385688
0.108769
0.638129
0.724827
-0.145626
0.836107
0.185275
0.488485
0.636497
0.642517
0.301542
0.753921
-0.0134368
-0.000933447
0.330681
0.678106
0.476204
0.0971965
0.340987
0.681018
0.580152
0.520931
0.461218
0.640581
0.121866
0.672825
0.353365
0.604976
0.758118
0.840862
0.521759
0.867808
0.461673
0.3198
0.425111
0.444806
0.309161
0.92491
0.386581
0.613393
-0.0633637
0.278844
0.739132
0.415651
0.872727
0.57231
0.501847
0.098592
0.500264
0.325743
0.592242
0.374903
0.356062
0.296553
-0.192863
0.387142
0.801175
0.432345
-0.12682
0.27818
0.392266
0.365044
0.741407
0.630178
0.639011
0.613873
0.714858
0.36216
0.576279
0.649651
0.691617
0.45109
0.360539
0.614528
0.237133
0.371422
0.586405
0.359996
0.612543
0.745531
0.456262
0.176151
0.762042
0.864387
0.933674
0.777275
0.401619
0.501016
0.67335
0.321469
0.742121
0.767879
0.336364
0.791866
0.428822
0.179757
0.191056
0.502505
0.571476
0.369274
0.314164
0.243193
0.0125161
0.680183
0.495489
0.451142
0.483555
0.763197
0.529442
0.145221
0.385632
0.747857
0.637279
0.516936
0.975414
0.728703
0.432028
0.0932371
0.742564
0.535655
0.746313
0.278401
0.585151
0.54278
0.69727
0.370428
0.66118
0.393067
0.536015
0.866749
0.62868
0.49487
-0.107398
0.572305
0.238048
0.156447
0.741901
0.487808
0.20318
0.890523
0.458735
0.726578
0.658983
0.223021
0.436433
0.533975
0.161005
0.705735
0.208653
0.2898
0.473013
0.573169
0.619185
0.10824
0.717239
0.608103
0.781553
0.510359
0.28249
0.299012
0.587754
0.39135
0.241004
0.709722
0.177704
0.579032
0.446049
0.758127
0.676261
0.656121
0.315928
0.566255
0.534238
0.601663
0.0714205
0.885717
0.720704
0.551465
0.0318853
0.781521
0.553661
0.834125
0.634015
0.774781
0.644139
0.410405
0.388694
0.770977
0.665349
0.681701
0.473055
0.737596
0.7281
0.0761353
0.285617
0.748975
0.459522
0.256832
0.151421
0.230736
0.99207
0.976737
0.411391
0.572107
0.497667
0.396358
0.509128
0.646595
0.590813
0.211511
0.36538
-0.0321662
0.660206
0.202893
0.143591
0.372719
0.36604
0.566833
0.710255
0.586943
0.580829
0.265638
0.74887
0.666557
0.538432
0.695546
0.659332
0.380525
0.188227
0.357376
0.934177
0.610989
-0.0528501
0.322281
0.586174
0.703507
0.577425
0.408509
0.0722753
0.626197
0.24197
0.70912
0.316559
0.573041
0.11723
0.647741
0.467802
0.166804
0.595494
0.230714
0.839697
0.394012
0.278952
0.310677
0.972634
-0.187096
0.57787
0.837207
-0.182586
0.237872
0.431955
0.443188
0.0146081
0.658864
0.184895
0.914695
0.630226
0.723906
0.127808
0.468166
0.33566
0.428619
0.442624
0.685277
0.257804
0.556452
0.516592
0.685692
0.549
0.443363
0.371304
0.0488523
0.19519
0.0416421
0.700169
0.656016
0.593385
0.516455
0.526514
0.108545
0.485233
0.327149
0.302133
0.341387
0.685611
0.574043
0.301264
0.157107
0.51951
0.161596
-0.386359
0.62605
0.18444
0.244479
0.64981
0.305866
0.170057
0.523562
0.123103
0.0970243
0.787109
0.691815
0.713371
0.432546
0.405619
0.380299
0.0684422
0.725911
0.171964
0.711483
0.512701
0.210263
0.150516
0.309066
0.515084
0.650967
-0.106981
0.747616
1.04513
0.28296
0.458704
0.00332871
0.527973
0.54579
0.538007
0.466432
0.88791
0.459985
0.623911
0.339245
0.56439
0.215174
1.01685
0.464685
0.574697
0.442286
0.466799
0.554779
0.543332
0.265019
0.698762
0.242324
0.758251
0.813091
0.111913
0.381815
0.368994
0.417062
0.510719
0.868182
1.08733
0.699605
0.603584
0.7001
0.412195
0.246421
0.372907
0.680545
0.332945
0.49298
0.370824
0.306126
0.260968
-0.130279
0.362701
0.298642
0.781845
0.576484
0.358461
0.126973
-0.0431649
0.405607
0.0935277
0.670692
0.67951
0.604774
0.0126041
0.714102
0.640916
0.555361
0.486763
0.0801921
-0.0305384
0.540958
0.093324
0.558419
0.00782846
0.403463
0.554469
0.510866
0.386714
0.239444
0.742542
0.54386
0.663515
0.641776
0.754416
0.484652
0.402757
0.444443
0.673237
0.578692
0.403804
0.766725
0.255589
0.76148
0.62237
0.142716
0.185163
0.491295
0.260251
0.32109
0.755629
0.66725
0.53173
0.494189
0.29762
0.254608
0.718998
0.977248
0.868772
0.300863
0.293644
0.424124
0.600918
0.227275
0.671716
0.229781
-0.0998796
-0.10284
0.467753
0.652136
0.570435
0.265328
0.457373
0.652609
0.464477
0.607501
0.389454
0.625258
0.849497
0.27648
0.365639
0.625745
0.369654
0.695706
0.388641
0.553423
0.298761
0.0506921
0.255814
0.599559
0.735191
0.652522
0.0590518
0.699357
0.722785
0.686846
0.763047
0.0549222
0.721665
0.771001
0.384968
0.387702
0.437704
0.809166
0.520805
0.193037
0.313117
0.848686
0.465109
0.421406
0.430089
0.683879
0.123951
0.43597
0.518445
0.609128
0.647749
0.374623
0.133991
0.745923
0.487102
0.237712
0.679715
0.132672
0.685135
0.456341
0.744958
0.293083
-0.0099252
0.444064
0.27768
0.347827
0.184618
0.384789
0.241658
0.541739
0.278032
0.755398
0.394855
0.834434
0.602693
0.731068
0.209906
0.459109
0.640825
0.877172
0.481366
0.54273
0.688966
0.473388
0.90059
0.744493
0.330683
0.849461
0.0593978
0.498753
0.379051
0.341525
0.375645
0.0717529
0.544604
0.418988
0.908775
0.877848
0.774677
0.39566
0.335367
0.536273
0.358675
0.65132
0.182245
0.494746
0.490262
0.531264
0.362515
0.358505
0.48376
0.617331
0.791179
0.491035
0.547736
0.0166094
0.533377
0.601603
0.314808
0.114272
0.712514
0.574298
0.426672
0.829252
0.370277
0.992889
0.750265
0.357833
0.208919
0.271555
0.565228
0.502446
0.15464
0.401697
0.572447
0.401106
0.418993
0.52374
0.321948
0.142917
0.671971
0.863067
0.859782
0.0604197
1.03647
0.409213
0.807611
0.625405
0.3501
0.972385
0.72051
0.706612
0.736422
0.317829
0.432124
0.158157
0.538211
0.379747
0.59181
0.847528
0.308233
0.64361
0.57056
0.535607
0.56216
0.648335
0.382067
0.479647
0.60551
0.672269
0.33355
0.759811
0.806954
0.890395
0.612422
0.374107
0.525009
0.506534
0.48357
0.269108
0.810202
0.294275
0.163899
0.651085
0.516585
0.695486
0.658497
0.820109
0.420249
-0.120003
0.406118
0.284281
0.687648
0.646767
0.841458
0.894569
0.762174
0.515411
0.685242
0.613919
0.824703
0.188346
0.745564
0.535361
0.490115
-0.109497
1.0279
0.82124
0.38469
0.295533
0.653794
0.548773
0.461909
0.65167
0.534323
0.744191
0.577543
0.131428
0.398732
0.180825
0.394369
0.703837
0.888077
0.642647
0.834177
0.195987
0.313045
0.344216
0.492706
0.689618
0.446993
0.405171
0.507455
0.692319
0.440963
0.152482
0.327792
0.364919
0.780878
0.25543
0.268607
0.290507
0.748987
0.327306
0.329969
0.820348
0.291748
0.419397
0.35427
0.124729
0.464091
0.727776
0.821983
0.617082
0.866868
0.457315
0.396988
0.843488
0.542968
0.547531
0.537793
0.348658
0.70452
0.109326
0.408906
0.211315
0.109559
0.141695
0.434356
0.729792
0.690458
0.675376
1.07877
0.0955379
0.515921
0.725271
0.773765
0.5556
0.414567
0.432922
0.771733
0.446196
-0.0707457
0.438602
0.199529
0.301499
0.24604
0.199343
0.286087
0.605202
0.0952684
0.684693
0.721733
0.591582
0.568873
0.323681
0.417081
0.818658
0.573982
0.710116
0.367155
0.605137
0.31203
0.377246
0.588874
0.58305
0.454143
0.259186
0.963925
0.515943
0.442828
0.52072
0.648614
0.198175
0.0189521
0.490832
0.704135
0.656598
0.3363
0.425867
0.721506
0.366339
0.745042
0.121126
0.494684
0.909144
0.12771
0.85399
0.402025
0.343192
0.897087
0.61259
0.868678
0.0487237
0.588619
0.590864
0.401428
0.685699
0.31051
0.704965
0.761077
0.438713
0.649687
0.424009
0.381256
0.591629
0.498451
0.492853
0.38486
0.514487
0.779957
0.64636
0.691688
0.618663
0.295152
0.7886
0.699984
0.49951
0.76282
0.417225
0.689512
0.721389
0.0535949
0.789487
0.500513
0.564392
0.768348
0.409761
0.1574
0.740709
0.564737
0.391131
0.445627
0.230726
0.470034
0.490301
-0.131349
0.555191
0.167053
0.945933
0.724858
0.602165
0.695665
0.488831
0.77984
0.29083
-0.0942636
0.791026
0.76334
0.229171
0.412785
0.500315
0.535975
0.532924
0.393889
0.960816
0.713276
0.683655
0.652957
0.527328
0.400417
0.574323
0.680253
0.349979
0.482436
0.504402
0.320318
0.403772
0.00373193
0.651554
0.869801
0.407249
0.614653
0.256508
0.881399
0.490002
0.502402
0.535475
0.316901
1.03642
0.517452
0.663132
0.894524
0.578152
0.875702
0.625076
0.586896
0.712879
0.692353
0.321921
0.611911
0.684637
0.144752
0.999133
0.234923
0.726256
0.395601
0.495213
0.702704
0.0773886
0.654269
0.651016
0.77977
0.856081
0.484165
0.0284316
0.493354
0.730555
0.653572
0.440816
0.468774
0.552016
-0.0877767
0.315641
0.462917
0.588069
0.449176
0.563193
0.366838
0.615887
0.610365
0.531673
0.863735
0.389153
0.0893972
0.120591
0.460726
0.413873
0.716519
0.356542
0.844161
-0.0990831
0.586056
0.328055
0.360827
0.75978
0.820966
0.139606
0.779607
0.5749
0.32184
0.370447
0.73091
0.0425826
0.204617
0.750947
0.235263
0.0422877
0.626574
0.329671
0.453964
0.440069
-0.010588
0.556993
0.417141
0.439863
0.538708
0.465236
0.353188
0.927916
0.630083
0.740645
0.329753
0.335165
0.129245
0.657023
0.308874
0.171678
0.73181
0.718456
0.624296
0.498565
0.603593
0.662723
0.607297
0.511297
-0.0396206
0.542374
0.783155
0.743227
0.711495
0.310995
0.920651
1.10353
0.493473
0.580857
0.368098
0.581913
0.762674
0.330469
0.4337
0.630543
0.415522
0.587834
0.600094
0.779532
0.332709
0.433048
0.562275
0.751593
0.790453
0.563841
0.617877
0.644867
0.766928
0.668133
0.869492
0.698497
0.608775
0.976912
0.0705462
0.539035
0.700164
0.30148
0.486046
0.477922
0.746487
0.489791
0.243626
0.626459
0.586462
0.430456
-0.0853003
0.569787
0.473486
0.576459
0.409922
0.464942
0.396439
0.603478
0.17128
0.200059
0.708815
0.471542
-0.069545
0.309836
0.245296
0.687316
0.427417
0.565147
0.63556
0.691987
0.973329
-0.0810651
0.396904
0.159737
0.651673
0.845533
0.657005
0.293197
0.314411
0.3365
0.262031
0.428933
0.568525
0.238871
0.760646
0.884056
0.556126
0.11864
0.282697
0.751659
0.689068
0.718905
0.771649
0.807874
0.145179
0.580396
0.559499
0.550397
0.580413
0.617861
0.185684
0.65386
0.430743
0.689619
0.304273
0.59908
0.38395
0.594434
0.515365
0.342185
0.792101
0.334223
0.484349
0.507775
0.689741
0.657828
0.357956
0.302942
0.454358
0.13297
0.549015
0.650365
0.502285
0.683531
0.886901
0.890059
0.31847
0.160826
0.111598
0.665013
0.541889
0.54748
0.545368
0.717264
0.630704
0.500891
0.450602
0.829536
0.430383
0.347535
0.71722
0.581199
0.473909
0.158142
0.476967
0.881007
0.873123
0.807357
-0.131699
0.140348
0.639399
0.557433
0.410733
0.571031
0.682239
0.496448
0.586175
0.784788
0.579592
0.471211
0.174033
0.305043
0.772076
0.261946
0.957772
0.275039
0.628192
0.332027
0.556966
0.323646
-0.345765
0.429651
0.120339
0.595724
0.794947
0.475088
0.688969
0.371853
-0.142465
-0.0731763
0.321001
0.380185
0.398287
0.687954
0.452839
0.524295
0.914113
0.428664
0.954709
0.594761
0.332454
0.229938
0.912225
0.538837
0.453144
0.882628
0.390447
0.786547
0.644863
0.712937
0.296047
0.298954
0.69916
0.106233
0.389851
0.143436
0.477433
0.464799
0.0578819
0.322874
0.534847
0.515992
0.461304
0.332999
0.668343
0.442955
0.06476
0.701383
0.184044
0.958653
0.231442
-0.0816139
0.302853
0.649629
0.429102
0.905984
0.384336
0.433368
0.709964
0.25343
0.670513
0.632542
0.415254
0.408295
0.474873
0.459834
0.53464
0.993088
0.407126
0.761805
0.514415
0.367815
0.573815
0.4109
0.49269
0.408458
0.583861
0.826034
0.826155
0.448104
0.591576
0.851317
0.821129
0.442882
0.721259
0.760933
0.298448
0.543505
0.602763
0.0316583
0.569428
0.360783
0.80068
0.389268
0.707627
0.248829
0.389275
0.598197
0.722305
0.578323
0.405095
0.72135
0.692733
0.31775
0.609519
0.402784
0.131256
0.593479
0.616689
0.731329
0.590172
0.363122
0.828779
0.860028
0.594716
0.771868
0.594292
0.549406
0.661354
0.574176
0.212891
0.540447
0.491469
0.580924
0.881624
0.442682
0.268927
1.11306
0.664374
0.874162
0.188619
0.301544
0.550495
0.242101
0.566252
-0.0748845
0.288407
0.448077
0.296028
0.402679
0.599436
0.0443194
0.582031
0.37009
0.567777
0.369213
0.531985
0.426628
0.561351
0.730948
0.965206
0.26571
0.244995
0.0523352
0.0448553
0.306313
0.473467
0.604564
0.688634
0.437697
0.684997
0.421863
0.441257
0.56238
0.316476
0.247898
0.362797
0.210936
0.760485
0.426157
0.220975
0.530492
0.508427
1.11034
0.699207
0.600992
0.243045
-0.00137365
0.501453
0.484731
0.837491
0.0918506
0.730959
0.563054
0.517981
0.404872
0.374533
0.576236
0.685731
0.430238
0.117943
0.629191
0.499729
0.705768
0.384925
0.526698
0.0260739
0.495122
0.272199
0.458923
0.630757
0.59734
-0.0207358
0.630252
0.522313
0.540639
0.924056
0.530404
0.855288
0.168696
0.505384
0.607449
0.813832
0.303688
0.862993
0.446658
0.887999
0.739445
0.0711011
0.183717
0.123511
0.902228
0.276253
0.611671
-0.179413
0.408948
0.347504
-0.169987
0.308888
0.403087
0.528161
0.817404
0.986872
0.613429
0.162655
0.77719
0.809603
0.302753
0.512599
0.829905
0.583326
0.152391
0.857525
0.539125
0.771851
0.514543
0.14754
0.359157
0.488608
0.699919
0.332854
0.441492
0.105089
0.351135
0.165441
0.671147
0.276296
0.69227
0.308892
0.239511
0.460996
0.527092
0.242042
0.442586
0.550014
0.640291
0.567545
0.0423625
0.85462
0.325152
0.315508
0.883307
0.435286
0.299145
0.704792
0.158404
0.880333
0.327457
0.188839
0.317599
0.502233
0.420758
0.525158
0.663618
0.43755
0.222133
0.592665
0.507247
0.187671
0.329279
0.102007
0.737857
0.282164
0.167179
0.170522
0.351119
0.611454
0.812888
0.399047
0.679288
0.791052
0.455195
0.886829
0.319701
0.243558
0.523025
-0.170274
0.419277
0.265638
0.75096
0.403006
0.624414
0.0950632
0.816282
0.770937
0.309348
0.540555
1.02976
0.556952
0.739367
0.737075
0.236704
0.302537
0.399046
0.639478
0.79183
0.372801
0.793417
0.0779289
0.786391
0.209706
0.169074
0.555304
0.613533
0.665679
0.608893
0.633736
0.148083
0.285154
0.682268
0.291827
0.536412
0.072902
0.0739467
0.529829
0.351611
0.632257
0.555656
0.305621
0.599942
0.493514
1.02952
0.553671
0.394271
0.203846
-0.0992916
0.147783
0.785322
0.503817
0.285116
0.373978
0.515097
0.690366
0.634317
0.56828
0.185809
0.540347
0.549899
0.0915074
0.471514
0.394677
0.795953
0.354513
0.0266775
0.904638
0.255343
0.0268443
0.329292
0.753361
0.289215
0.623677
0.383578
0.907991
0.333085
0.406405
0.612204
0.860012
0.76932
0.720417
0.774996
0.775995
0.680584
0.0948937
0.54528
0.13107
0.365315
0.567324
0.291273
0.684345
0.645841
0.70525
0.746598
0.446782
0.465608
0.241889
0.584083
0.654452
0.592596
0.0910197
0.582916
0.842337
0.727672
0.151515
0.57133
0.504565
0.22765
0.288103
0.674694
0.214274
0.136497
0.358729
0.411088
0.243686
0.321733
0.509387
0.732199
0.355032
0.647615
0.38555
0.745756
0.343798
0.0791637
0.173562
0.612222
0.837308
0.0869682
0.464262
0.181665
0.850819
0.652416
0.587041
0.331793
0.69951
0.406377
0.721027
0.851865
0.708653
0.223098
0.50118
0.635288
0.551162
0.226858
0.418788
0.329994
0.498236
0.264295
0.682197
0.439058
0.786928
0.617347
0.389744
0.228384
-0.211775
0.469831
0.17589
0.354702
0.558212
0.499466
0.713495
0.542525
0.597455
0.238378
0.358598
0.656315
-0.0681782
0.4659
0.460134
-0.126211
0.4693
0.47121
0.615437
0.0704871
0.555064
0.243207
0.514454
0.520842
0.74934
0.420357
0.453312
0.751285
0.736066
0.549903
0.2783
0.504591
0.886233
0.573122
0.673164
0.494454
0.748517
0.680546
0.441559
0.390492
0.146951
0.601879
0.925348
0.577326
0.33562
0.424984
0.82197
0.524125
0.54125
0.332624
0.706111
0.417751
0.60814
0.175781
0.322993
0.810058
0.682842
0.923481
