0.473725
0.446611
0.811095
0.436876
0.435125
0.395667
0.631497
0.862621
0.869492
0.783058
0.4924
0.850836
0.701638
0.471989
0.364963
0.232829
0.41268
0.154474
0.00375917
-0.22419
0.202666
0.593695
0.260992
0.153085
-0.0543097
-0.138578
0.205219
-0.146843
0.0875302
0.039218
0.0988812
0.0384952
-0.111645
0.141844
0.071999
0.0437203
0.181375
0.47669
0.337711
0.212979
0.12371
0.0692563
-0.115001
0.287258
0.519553
0.423751
0.21358
0.170823
0.306993
0.338962
0.338725
0.00583054
-0.575799
-0.402144
-0.538666
-0.594093
-0.405907
-0.508845
-0.262234
-0.579602
-0.673507
-0.873348
-1.26274
-0.907621
-1.12607
-1.05219
-1.17402
-1.08666
-0.578612
-0.516677
-0.467651
-0.131966
-0.288146
-0.749004
-1.2722
-1.3953
-1.4504
-1.54235
-1.72558
-1.68949
-1.30313
-1.59893
-1.63617
-1.85138
-2.07656
-1.57445
-0.991942
-0.973965
-1.21933
-1.12884
-0.931905
-0.906322
-0.652721
-0.43002
-0.481627
-0.306294
-0.192819
-0.338458
-0.179106
-0.461511
-0.354456
-0.564601
-0.54109
-0.429109
-0.484406
-0.251524
-0.129781
-0.0587842
-0.248188
-0.182478
-0.193718
-0.335646
-0.642239
-0.729665
-0.698477
-0.575475
-0.1701
-0.0215761
-0.111337
0.153379
0.337502
0.247838
0.303652
0.539109
0.647732
0.512903
0.881959
0.88178
0.788591
0.933609
0.90255
0.905878
1.03676
0.992342
1.01351
0.79014
0.395128
0.293225
0.410063
0.647322
0.73339
0.968615
0.868462
1.09864
1.33585
1.16061
1.0293
0.820195
0.728191
0.816314
0.62732
0.35874
0.139408
0.141778
-0.121623
-0.20809
0.136385
-0.0712655
0.168615
0.566477
0.424742
0.529463
0.553375
0.403471
0.358536
0.0507549
0.0682209
-0.0553341
0.350696
0.131705
0.280107
0.1007
-0.0718041
-0.329018
-0.52872
-0.574708
-0.709849
-0.385788
-0.703802
-1.02283
-1.07048
-0.775229
-0.529406
-0.400985
-0.100069
-0.004447
-0.0664804
0.0267146
0.199202
0.0711393
-0.038687
0.139187
0.343654
0.596084
0.386896
0.634155
0.548946
0.513781
0.600259
0.597959
0.815735
0.825143
1.1269
1.1467
1.46129
1.25557
1.09935
0.993219
0.659478
0.829408
1.08856
1.13231
0.690785
0.500238
0.6618
0.420042
0.319944
0.268373
0.0399499
0.00661574
0.0489652
0.315792
0.315386
0.361197
0.507404
0.212
0.138214
0.152512
0.00147107
-0.0461707
0.126233
0.206353
0.657258
0.419039
0.0536447
0.298207
0.604184
0.620216
0.495554
0.421818
0.613725
0.391706
0.368784
0.0469336
-0.0916207
-0.219266
-0.444074
-0.385829
-0.403343
-0.124974
-0.194798
-0.281146
-0.000518186
-0.124129
-0.241988
-0.33861
-0.469562
-0.367531
-0.241339
-0.223817
-0.441425
-0.345454
-0.473515
-0.755572
-0.873883
-0.834044
-0.52387
-0.505407
-0.542266
-0.609384
-0.680399
-0.568168
-0.526839
-0.974433
-0.852076
-0.911632
-0.646479
-0.58016
-0.60821
-0.517056
-0.235018
-0.55942
-0.57642
-0.431829
-0.479147
-0.193921
-0.162308
-0.0426097
0.0216149
-0.129601
-0.11532
-0.0549202
0.254075
0.080021
0.130906
0.0281836
0.161413
-0.0427191
0.00203837
-0.085474
-0.0933022
-0.295586
-0.585089
-0.928573
-0.973442
-0.858712
-0.466528
-0.722124
-0.56689
-0.909686
-1.14338
-1.26329
-1.34089
-0.990828
-1.28437
-1.09389
-0.995467
-0.738964
-0.88476
-1.13464
-1.19813
-1.34467
-1.46426
-1.55791
-1.48436
-1.34845
-1.44773
-1.32045
-1.31887
-1.38417
-0.833368
-0.53718
-0.384808
-0.360991
-0.225664
-0.204802
0.22445
0.077267
0.252976
0.130117
0.138476
0.128977
0.0118883
0.083549
-0.0400797
0.0133425
0.0958226
0.237736
0.173606
0.0474763
0.35353
0.304602
0.0340533
0.188116
0.38769
0.522392
0.885487
0.667423
0.500022
0.580716
