0.493498
0.475887
0.21518
0.24429
-0.872376
-0.129967
-0.671132
0.412706
1.16801
0.921457
0.909369
1.2536
0.555035
0.613192
1.3288
0.407298
-1.25048
-0.0452777
0.297473
-0.0597646
-0.127622
0.886196
-0.115949
0.535599
-0.770471
-0.830155
0.413193
0.61247
-0.0825404
0.272143
-0.377938
0.443165
0.844597
0.408142
1.00677
0.327343
0.382566
0.294606
0.0892833
0.578267
0.392093
1.57356
0.807185
0.767227
0.744446
-0.28692
0.959667
1.28545
0.915557
0.612122
-0.0345903
0.635896
0.508876
0.163199
1.55669
-0.0577529
-0.236364
0.0439724
-0.0959382
0.749448
0.500333
0.111566
0.210916
1.11556
-0.155833
0.00735818
1.3444
0.776865
1.32165
-0.240643
0.809278
-0.127975
1.48551
1.18806
0.487227
1.15227
1.13544
0.534204
1.13631
0.151167
-0.291134
0.108581
0.928874
-1.08284
0.509567
1.36614
0.506551
0.482452
0.361815
0.203748
0.673742
-0.362281
0.145193
0.0365308
1.38961
0.0639904
1.54467
-0.476309
0.806942
0.288613
