1.13493
-0.614503
-0.0849427
-0.361457
-0.394175
2.089
0.851826
-1.07032
-0.177832
-0.279165
0.677715
-0.468971
0.241516
-0.0385349
0.875617
-1.61899
0.709835
-0.138242
2.12753
1.7576
1.82344
0.485637
1.89524
1.92131
0.169463
0.935822
1.42306
1.53696
-0.0690216
0.583606
0.659427
1.982
1.08894
0.598699
2.33129
0.528393
1.20095
-0.971677
1.64201
0.561008
0.358306
1.18778
1.67593
-0.510098
-0.125388
1.95516
-0.763807
1.47403
-0.15491
0.561048
1.34201
1.34629
0.807414
1.28359
0.49868
-0.66013
1.44746
1.73003
-1.80446
0.0682928
1.37652
1.94724
1.33241
1.19609
0.750515
2.26406
-1.22884
-0.980756
0.506457
2.18389
0.140398
0.0915865
1.19102
0.775053
2.03399
0.871045
1.0198
1.89636
1.19777
0.0365187
0.909883
-0.915988
-0.0132726
0.82823
-0.268189
1.98762
1.10301
-0.0141117
1.99007
1.39827
-0.464054
0.653296
1.19641
0.680405
-0.345133
-0.892989
0.319171
0.241902
0.369493
0.357827
-0.424291
-0.0195668
-1.27898
-1.05747
2.82502
0.166009
0.260914
0.0325557
-0.758558
-0.0784775
1.65565
1.87116
-0.452187
0.573796
0.567296
1.96571
0.430007
2.10963
0.431346
0.847154
0.748974
0.531591
0.212713
1.30753
0.186299
0.644395
0.841119
-0.587081
-0.561239
1.83404
1.30506
-0.356206
0.740531
-0.312172
-0.684618
-0.101047
1.3416
1.4496
-1.6391
-0.0728257
-0.949972
0.29623
-0.231143
0.3722
-1.08107
0.169746
1.45667
1.13929
-0.551703
0.860049
1.65409
0.475332
0.773206
0.961598
-0.372588
1.02144
-0.983286
-0.562337
0.440001
-0.602814
2.40018
0.254092
0.398375
1.68851
0.831242
0.365334
-0.208766
0.830204
0.0637083
0.0622715
-0.614184
0.900998
-2.48076
0.48817
1.10389
0.209709
0.945243
0.377783
2.77242
-0.602729
-0.266909
2.85173
0.676461
1.59501
0.664083
1.37582
2.42336
0.0573095
0.552842
-0.181006
-0.940831
1.5667
-0.955854
1.65181
-0.0812927
0.927228
0.644537
2.1548
1.51555
0.982732
1.59806
0.387661
1.75377
1.27654
0.051866
-0.524537
-0.729426
-1.44376
0.763196
-1.05788
1.10551
0.380711
1.3398
-0.511674
0.423044
1.46791
1.2767
2.69333
1.21373
1.27279
0.223599
1.21363
-2.01064
0.696517
0.991146
2.46836
1.83601
-0.321775
1.16269
0.640017
0.426443
0.422225
-1.45067
-1.29826
1.35774
-0.058599
0.108833
0.530806
-0.850132
-0.704092
1.5047
-1.13557
1.17146
0.660502
0.187093
0.196776
2.11708
0.696645
1.27254
2.01568
-1.15857
-0.217319
0.443353
1.3561
-0.10831
-0.486838
-1.23637
-0.818844
1.59627
1.38629
-0.985252
1.25223
0.696373
0.36742
-0.476344
1.7412
1.72993
2.3717
-0.232179
2.24059
0.897569
0.941706
1.23044
1.68583
-0.361254
1.36598
-1.03621
0.0427287
-0.520002
1.18201
0.746596
0.0134438
0.912209
-0.00600376
0.812876
-0.289732
1.52818
0.587399
1.05917
0.0589685
0.435012
-0.328847
0.239035
0.538015
-0.189287
1.49831
2.67373
-0.124459
-0.130856
0.70804
-0.273746
-0.506378
0.968308
-0.158377
0.133156
2.05044
0.801469
1.84941
0.880662
-0.758023
1.32032
-0.489771
-1.10241
1.2698
1.80912
1.64974
-0.537592
0.200872
0.611307
1.863
1.10132
-0.0842249
-0.0735603
1.3538
0.334121
2.27531
-0.506772
-0.422261
-0.258343
0.459819
1.17714
0.334177
1.07314
1.55257
-0.674967
-0.844735
0.367965
-0.680868
0.347797
1.88387
1.9359
0.293503
-0.0195626
0.686312
0.56531
-0.523596
2.16225
-0.856325
0.537842
-0.895568
0.222297
1.02224
0.891537
1.21574
-0.359857
0.79685
-0.469424
0.082536
-0.6126
1.48093
0.619179
0.795294
-1.18199
-0.146314
0.603503
0.424677
-0.813477
0.145968
-0.14102
0.732067
0.879308
-0.71015
0.145011
-0.832835
2.31348
-0.0661752
1.2386
1.05414
1.83329
0.0148043
1.07848
0.422993
1.39622
-0.194155
0.61476
1.78115
0.680717
1.51816
0.354259
-0.396673
0.745676
-0.230003
0.474817
0.0529047
0.260917
0.867136
2.27248
-1.61685
-0.0370619
0.735948
-0.0304206
1.30755
0.85289
0.0506166
0.0242146
1.50659
1.2325
0.999888
0.116226
-0.411041
0.248597
-1.10164
0.147661
0.992775
0.181997
0.804797
0.697992
0.288625
0.359354
1.64951
1.02336
0.677504
1.30091
-0.360283
1.70934
0.866122
2.3263
1.63853
1.44907
0.379668
0.833332
0.869571
-0.13886
-0.533877
0.662683
-0.0775085
2.08133
0.510293
1.53218
0.900378
-1.32263
0.677528
1.33073
1.33597
0.0885087
0.591149
2.34127
2.09142
1.19795
-0.296599
0.47703
2.04202
1.07511
0.917184
0.128529
0.950662
1.82893
-0.797341
0.655247
0.351366
-0.760158
0.847479
0.79679
1.28452
1.27417
0.891518
1.31521
0.519954
0.131836
0.1896
0.353262
-0.394781
-0.856521
0.220072
-0.447477
1.37395
0.459908
-0.565591
1.77206
1.04872
1.33342
0.901616
0.846001
0.237437
-1.18624
0.547707
0.59427
-0.202776
-0.157246
1.68154
0.424309
-0.00330359
1.00029
0.682949
1.16643
-1.04095
0.388469
1.04732
0.117084
-0.203299
0.231135
-0.0881518
0.411002
-0.28178
0.6771
0.841868
-0.574995
1.87666
0.370543
1.18954
1.12715
-0.241922
0.0963852
-0.503895
1.33853
-0.24124
0.308341
-1.52581
1.46888
0.456372
1.49623
2.00306
0.399298
-1.21098
0.545487
1.20857
-0.371615
-1.10783
0.490392
1.56912
0.374617
1.82781
1.64654
1.49255
1.80863
-0.300076
1.11835
0.759443
0.402232
-0.0230982
-0.0300859
-0.429213
1.83199
0.202871
0.151003
1.49033
-0.165192
0.128203
0.113371
0.906481
-0.124784
0.926335
0.303921
-0.49784
1.44773
0.645333
-0.212217
0.00767765
-0.10314
1.15457
0.727463
0.495143
1.43571
1.03814
-0.809336
0.646662
0.908302
0.695349
-0.1645
1.67445
-0.278934
-0.297724
0.699458
2.54276
0.0975941
-0.721062
-0.329594
0.155174
-0.793959
-0.138962
-0.0918653
-0.433403
0.120144
0.13074
1.2596
0.650012
1.71897
0.226965
0.683436
0.157799
-0.59981
0.388507
0.153086
-0.490704
0.692778
0.0777845
0.148887
-1.03027
0.323908
0.477027
0.367327
0.383589
0.154424
0.680116
-0.262177
0.884302
0.0708696
1.622
0.703445
-0.131163
0.531082
0.419843
0.448452
0.509323
-0.108229
1.67054
1.32468
0.355311
0.427489
0.366184
-0.324438
1.34666
0.262008
0.0691309
-0.25274
0.48275
0.073566
1.80403
0.599295
-0.72043
-0.506839
-1.60747
0.227695
1.87112
0.00293097
0.998749
0.0286069
0.217714
0.482539
0.89766
1.01578
0.841713
0.274179
0.922698
0.535069
0.900604
-0.131933
0.970777
1.71073
-1.21103
1.2352
0.224749
2.56428
-0.897218
1.41753
1.72711
0.733942
1.28244
1.35273
0.0981614
0.47027
-1.31548
1.07066
0.958715
1.58502
0.854398
1.25418
1.1816
1.64802
-0.192796
-0.419581
-0.352539
0.296856
2.57366
0.870372
-1.72958
0.190139
1.15172
0.420196
0.388501
-1.19789
0.176862
-0.247152
0.521058
1.8594
-1.08545
0.313491
-0.244288
-0.0602229
1.19714
0.237108
2.25071
-0.485015
0.325463
1.62305
1.7339
0.139701
0.444987
-1.14184
1.13873
0.864102
-1.00507
-1.54771
0.226253
-0.923561
-1.17694
-0.303046
1.53934
1.03599
0.916602
1.07063
-0.17613
1.24693
-1.15919
0.100263
1.76914
0.475169
-0.179843
0.144322
1.46488
3.03739
0.244332
-1.3191
0.243392
0.0920521
1.08399
1.17946
1.61571
0.877172
0.601771
-0.118228
0.845567
-0.165693
2.34564
2.21599
0.270634
0.14822
-1.54001
1.38506
0.766888
0.807663
3.30383
1.32101
1.32361
0.722625
0.464382
0.175916
-0.0157054
0.74706
3.33004
1.60529
0.143181
1.64794
0.803843
0.954682
-0.873989
0.269457
2.61161
1.45377
0.715059
0.332804
0.932549
-0.0560504
1.37279
0.333517
-0.473956
0.271617
0.0865166
1.88414
0.0737522
0.244876
-0.609137
-0.130268
-1.00253
0.873868
0.537824
0.00135202
0.853332
0.339087
0.65155
1.27373
0.83514
0.657515
0.382596
1.17351
0.0452248
-0.515922
2.03402
0.945771
1.3753
-0.706664
-0.0464817
1.4363
0.800526
0.955842
0.379522
-0.147012
0.572563
2.13319
1.72244
-0.0695236
-0.81041
1.58828
-0.761706
0.794788
1.22565
0.17402
1.96967
1.31848
0.714164
-0.350581
-1.39135
-1.18629
1.73402
1.05172
1.19959
1.02682
0.26402
-0.142792
1.1802
0.926269
0.553223
1.04114
-0.724347
1.8883
0.291417
1.85741
0.451369
-1.83701
2.05972
0.1466
1.81752
0.527064
1.20693
0.603232
1.63434
-0.120153
0.573005
-0.804941
0.453294
0.971463
0.647372
0.506022
1.09578
1.18144
0.136403
-1.25515
0.849639
0.480292
0.742248
-0.371135
0.392397
1.84147
0.797934
0.22204
1.13908
0.361751
1.73052
-0.661963
-1.26875
0.102435
0.72417
0.932639
-0.0481291
-0.495
0.64015
1.88136
1.36305
0.959982
-0.274479
-1.12442
-0.849416
1.11695
0.354855
1.28709
0.692296
1.39073
0.658675
1.41342
-0.0276111
-0.339749
0.815335
0.270258
-2.52531
0.00240261
-0.100746
0.520813
-0.365682
-0.815814
-2.23992
2.38717
-1.03564
0.293002
-0.196887
1.33054
-0.347949
1.22725
0.244608
0.352428
1.22381
0.0267696
2.19833
0.258287
-0.321232
0.220792
-0.398952
1.20905
0.251536
-0.193555
0.514297
-1.91795
-0.281894
0.557565
1.46386
1.426
0.500095
-1.02382
0.600095
-0.331362
-0.840581
1.10442
-0.0207466
0.269072
1.29367
-0.389622
-0.529022
1.16966
0.460042
-0.0140913
1.04046
0.725981
0.944409
-0.459719
-0.436607
0.462958
1.01223
1.11767
0.965883
1.03629
0.378113
1.85881
1.60815
0.352389
1.28737
1.80192
0.0711768
0.901644
-0.0803378
-0.827187
0.771866
0.167022
-0.0375755
0.647517
1.17898
0.621408
-1.19207
-0.779694
-2.39142
0.569727
-0.330586
0.464978
1.14151
1.65094
1.312
0.733372
0.6931
0.323886
-0.0859145
-0.113419
0.410044
-1.08281
-0.468767
2.46904
0.471368
-0.0134662
0.924455
0.566058
-1.60592
0.480467
1.51381
-1.01336
-1.37924
-0.436241
-0.308572
0.756211
0.924574
0.863183
0.0591411
-1.29199
-1.46509
-0.568338
-1.44602
0.272116
1.26106
-0.482461
0.476944
1.21287
2.38907
-1.23574
-0.849328
0.0814117
-1.36153
-1.00659
-0.177881
0.153474
0.938876
-0.765815
1.82619
2.48516
0.0383104
0.535589
1.86671
1.44727
0.890799
1.95082
1.69506
1.08732
0.990579
1.27566
0.341912
1.06428
0.924845
-0.185819
0.669928
0.666401
2.28885
1.48265
1.85231
1.38083
1.36962
0.225411
0.155132
-1.13961
0.952487
0.591181
0.079919
1.59983
1.2371
1.50475
0.964534
-1.24601
1.73448
0.50114
-0.580701
0.659706
0.549896
0.720619
0.671922
0.102
-0.0935447
1.80516
2.01738
0.394936
-0.405129
1.1729
-0.318972
0.56142
1.11251
0.773972
1.14977
0.523747
0.505703
-0.236848
2.18196
-1.78625
1.47854
-0.857862
1.36264
-0.567115
-1.08134
1.38583
0.742977
2.40236
1.52337
2.46442
-1.14276
0.589224
2.44593
-0.82201
-0.081086
-0.316032
-0.59418
1.52827
0.477425
1.33178
0.0905221
-0.227893
1.66199
1.16086
1.82161
0.98656
1.43846
2.76675
1.89827
2.7319
0.524521
1.46094
1.04085
0.617116
1.07361
1.11891
-0.330671
1.23932
-0.184208
0.340104
0.478208
0.602506
1.76176
-1.25025
-0.166685
0.659424
-1.61333
1.66707
-0.254452
0.914016
0.138082
0.218069
1.75818
0.892034
0.839256
1.05757
0.347381
0.186151
-0.19279
0.296132
0.0469374
-0.169805
-0.204382
0.205875
2.49036
1.38363
-0.792442
0.263377
0.277539
1.29696
0.196464
-0.724557
0.188485
1.83616
0.200553
0.882153
1.31304
-0.521817
-0.495895
-1.58978
-0.659291
-0.873675
0.00745821
-0.0692135
0.509846
0.624865
0.390837
0.730356
-0.046939
-0.329529
2.61585
2.16339
0.809798
0.837771
-1.2202
0.527713
1.9454
0.250197
0.268635
-0.0929128
1.22546
0.908394
1.31876
2.22744
1.07396
0.65353
1.01572
1.32089
2.13767
1.12818
0.732931
0.422667
1.60978
2.45602
-1.44365
2.04606
1.19764
0.552433
-2.06916
1.14182
1.00432
0.880106
0.730151
0.281913
-0.386526
2.18066
0.106589
-0.503527
1.81338
0.16974
0.0747538
1.27468
0.48132
1.71751
-0.531104
0.295411
-0.469509
1.00362
1.55545
-0.684691
1.40665
0.0805767
1.3102
-0.83209
-0.58334
0.52984
0.328889
0.576288
1.92053
1.00747
1.55195
-0.380049
-2.34676
1.80985
0.893338
2.02577
1.63295
0.465964
-1.24225
0.343397
2.50703
1.23905
0.320702
-0.527258
0.157095
-0.729245
0.794256
1.08441
0.749092
-0.474778
0.408524
-0.0593421
0.978393
-0.809174
2.58291
1.08675
0.800389
-0.17442
-0.72948
0.588327
0.139053
0.124271
-0.023671
-0.657814
1.04555
0.884126
0.0272751
-0.138034
-0.311356
0.410011
0.470034
0.224216
0.839484
1.16266
2.67556
-0.297629
-1.55026
0.197632
0.171249
-0.1142
-1.14091
0.934982
1.05626
-0.00474019
-1.97042
-0.773807
0.249593
1.53065
2.13428
-0.601026
-0.830896
1.19375
2.89905
1.35775
-0.482194
1.46911
-1.4616
0.754754
1.00242
0.116027
1.52376
0.427511
-0.819755
1.07759
0.505019
0.588036
-0.652722
1.13169
0.00678014
-0.853096
1.15615
0.182218
-0.764442
1.80497
1.30655
-1.44665
0.51317
1.22739
0.416102
0.905178
3.4744
-0.779322
0.435627
1.22437
0.303441
-1.28064
0.0571785
0.370919
1.44021
1.7642
0.0355102
0.688779
-0.286214
0.304936
-0.0360077
0.998072
0.52668
-0.037498
-1.19304
-0.84303
1.15778
-0.175332
1.08021
0.955752
-0.0320863
0.262282
-0.238409
0.207701
-0.183227
1.98597
2.26158
-1.01832
1.05559
0.572189
-1.17124
0.177277
1.09532
0.518813
1.5594
1.16076
0.425005
1.4476
0.243592
-0.848473
0.296337
0.18191
-0.22392
-1.64434
-0.621573
1.2462
0.738932
1.98246
1.48508
0.468559
0.800383
1.28049
-0.448078
0.291405
2.13951
-0.684376
1.97476
0.00700086
0.333933
-0.522581
0.124039
0.244766
1.2967
0.16775
-1.00182
1.5201
-1.7426
0.120702
1.70057
-2.19019
0.4939
0.44352
0.673789
-0.0608799
-0.701136
-0.901267
-0.452008
-0.962003
1.74453
2.61921
-0.431534
0.0603568
0.0838142
1.07034
1.00885
-0.0435265
0.0556449
-0.527857
0.396017
0.237112
0.198863
1.18535
0.459484
-0.191608
1.40655
2.01915
-0.589241
1.35762
-0.0725135
1.52763
1.61272
0.716952
-0.33966
0.102968
0.745292
0.300625
0.915108
0.258903
-0.379694
0.395443
0.931349
-0.0530855
1.34822
-1.67767
0.22496
0.0138006
1.25233
1.08953
-0.0465279
0.977854
-0.380933
-1.03042
-0.122165
-0.793743
0.469435
0.325698
2.24498
0.728655
0.980103
2.51304
1.58072
1.13969
2.03046
1.66021
1.00836
0.0312332
-0.653425
-0.389787
0.520064
-0.093353
0.33109
0.249615
-0.858421
0.224109
-0.418105
-0.642448
0.171743
-1.09518
-1.88237
0.559358
0.629232
0.39715
-0.233027
0.988034
-0.522965
-0.814968
1.34154
-1.31219
-0.370424
0.570255
0.735485
-0.0370113
0.791766
0.541045
0.137634
0.857703
1.11751
-0.0707238
0.883651
0.715456
0.3212
1.0105
0.327647
1.66806
1.32621
0.977514
0.832406
0.811304
1.15545
0.0759495
0.365869
1.48241
0.0773802
0.607077
-0.861465
0.518933
0.732115
-0.343685
-0.456841
-0.0832076
0.652835
0.194704
0.626045
1.42604
1.0303
-0.0320103
0.944473
0.896412
-0.466178
-0.0526101
0.224019
0.239026
-0.501422
-1.23283
1.68154
1.10188
1.35506
0.345099
-0.904073
0.290827
0.182667
-0.432628
2.10711
0.947611
-1.81541
2.57856
1.04086
-1.10473
0.840706
-0.636558
-0.599691
1.50594
1.16086
-0.292593
1.09342
-0.326039
1.88863
0.678177
1.13257
1.56348
1.57867
0.344086
2.24334
-0.470095
-0.659984
1.13773
1.36731
0.560674
1.83987
0.262579
0.48434
-0.585605
-0.89465
0.297986
-0.571287
-1.6693
0.987776
-0.777084
2.00644
1.27064
-0.409097
1.58816
0.870432
0.0409882
1.07108
1.45252
0.931008
0.0521616
1.95004
0.023292
1.4722
-0.468064
-1.60699
-0.228707
-0.528069
0.425854
0.668933
0.295631
-0.86148
1.8448
0.532762
0.797677
1.2432
-0.0234743
0.561978
-0.528725
1.26266
-1.3309
0.877231
0.210774
-0.239711
0.0977863
0.877935
-0.883204
-2.16484
0.560356
-0.42723
2.09089
1.424
0.0931041
0.133925
-1.45219
-1.83413
-1.29496
-0.824943
-0.51186
0.143498
0.155681
1.06622
-0.133049
-0.164822
-0.114244
-0.126332
2.38219
0.369841
1.12401
1.2998
-0.0306006
-1.60014
1.20974
-0.490211
0.426
0.635874
-1.34744
-0.0976163
0.78741
0.829685
1.02101
1.93266
0.480214
1.63957
0.416123
0.825031
0.540846
0.229801
0.283975
0.627326
0.838161
0.814902
0.687125
-1.67696
1.16979
0.0524406
1.16331
0.212068
0.115652
-1.39034
-0.239409
0.0420746
0.431486
-0.616071
0.907972
-0.675987
0.537137
-0.792227
1.69537
0.901871
0.75175
0.19998
1.13455
0.622306
-0.579562
0.782075
0.932647
1.34518
-0.445918
-1.61823
0.547183
-0.401861
0.864927
-0.44276
1.45729
0.653271
1.70222
0.68242
0.66313
0.422726
2.32014
0.0679813
0.754264
0.214894
1.59145
0.610891
-1.73903
-0.635156
0.460473
0.78217
0.132315
0.964437
0.53002
1.10892
0.546442
-0.57926
0.329326
2.05407
-0.317995
1.52766
0.987833
0.339759
0.345651
1.60034
0.586789
1.11858
1.5228
1.96202
0.667037
1.25035
0.946218
-0.58986
0.404136
-0.524316
-0.172003
-0.627875
-0.492917
-0.0833784
1.34602
-1.03162
0.0937137
0.0454856
0.103309
1.22843
1.71023
-0.805307
-0.219001
0.251329
-1.07783
0.998938
0.128115
2.93277
2.40871
0.880307
1.64552
2.71038
1.77785
1.19872
1.68081
-0.63456
-0.4964
0.236405
1.94465
1.17374
1.04419
2.10178
0.34412
1.21306
-0.601082
0.916437
1.04217
1.99382
1.50091
0.48365
1.15802
0.0142359
1.27066
0.84798
0.345983
2.08165
-0.426644
2.14681
2.14042
3.52734
1.4658
1.02545
-0.924865
1.8148
0.460448
-0.300472
-0.790211
0.600862
1.20489
-0.0419026
1.60008
1.10046
0.49353
-2.30194
0.242561
0.466509
0.415398
0.715155
0.307067
0.206161
-0.492203
-0.624643
0.890462
-1.09528
0.470638
-0.033265
0.42568
0.534132
0.336582
1.05834
-1.5587
0.519083
0.737423
-1.65366
2.44299
2.39543
0.268443
1.06334
-0.571623
0.142693
1.28477
-0.998985
0.02419
-0.0585901
-0.232258
0.621214
0.444183
-1.13955
1.99283
0.627744
2.07953
-2.27845
1.25803
1.46032
0.883846
0.396886
0.948339
-0.358252
2.50553
-0.208903
-0.334093
-0.0297911
0.12171
1.03801
1.498
2.02652
0.406184
-0.789127
1.30193
2.10387
-0.702746
1.3107
1.21544
-1.54523
1.97265
0.947702
-1.58542
2.18419
-0.383214
-1.2497
1.27555
2.89049
-2.27581
0.0177425
2.34903
0.350435
-0.720851
1.43948
0.181687
-0.312751
0.651368
1.92557
1.31757
-0.72096
0.780952
1.09621
1.24006
0.981939
0.710905
1.60675
-1.13845
0.728085
-1.69152
1.83392
0.426462
0.766023
0.783961
2.4644
0.646078
-0.178202
0.653114
1.12595
0.204107
-0.192815
0.120624
0.31191
0.354528
1.94252
0.208779
1.33589
0.566587
0.883036
0.820453
1.38471
1.56331
0.0880229
-0.523317
0.618629
1.09662
0.993944
1.74181
2.71979
1.42477
1.09625
1.98913
0.159848
-1.14846
1.68875
0.576192
0.0616107
1.76673
0.575974
-0.501042
0.632723
-0.329846
-0.458432
1.49914
1.48532
0.556864
1.37322
-0.961324
0.695297
-0.0753408
-1.1459
-0.198509
-0.312208
0.270902
-0.0552483
-0.785076
-1.19761
-2.44673
0.245734
0.668345
1.0196
1.0605
-0.362694
1.81576
0.201663
-0.0402708
0.79223
0.290441
1.09813
1.45392
0.99971
0.592418
1.9909
-0.694245
0.474075
-0.558489
-0.390594
-0.170705
-1.16777
0.585389
1.22465
-0.954504
0.691664
0.231766
1.59407
0.59208
-0.185611
1.68262
2.34295
0.55494
-0.317263
2.32148
-0.243109
-0.245914
0.719603
-0.887825
0.533629
-0.595557
0.828532
-0.330045
0.713794
-0.623584
1.47104
0.518214
-0.028663
0.221775
-0.528168
2.00982
-0.724649
0.279242
0.967922
-0.583806
-1.21734
0.0555135
0.833002
0.115575
1.80939
1.70738
1.6714
-0.0811787
0.0433705
-1.77406
-0.753716
-0.364108
2.07619
-0.199622
-0.273576
0.756514
-0.451237
0.0664433
1.71723
1.59849
0.12526
0.407583
0.305207
-0.949626
1.9574
