1.21057
1.25619
1.31382
1.48749
1.43059
1.23006
1.4467
1.21609
1.17618
1.16991
1.1659
0.856413
0.898141
0.778446
0.818199
0.835524
0.661048
0.641707
0.954724
0.774975
0.837251
0.98177
1.19613
1.08661
1.30213
1.29316
1.75672
1.34015
1.49529
1.16716
1.08384
0.951876
0.570352
0.482351
0.37857
0.327381
0.952736
1.08856
0.984527
0.893777
1.47716
1.3032
1.27021
1.09376
1.14085
1.58659
1.66291
1.57558
1.53232
1.06804
0.826367
1.05284
0.862998
1.14434
1.03549
0.845581
0.733526
0.496492
0.684763
0.961237
0.89456
0.626324
0.524438
0.24236
0.0136017
0.0723373
0.0402722
0.0558807
0.102277
-0.0622833
-0.202897
-0.0269745
0.153344
0.0941562
-0.315303
-0.415575
-0.768114
-0.745833
-0.227498
-0.0966693
-0.0523264
0.291433
0.161254
-0.259551
-0.273906
-0.199643
-0.468178
-0.737753
-0.491523
-0.456372
-0.273835
0.143563
0.317874
0.312336
0.48071
0.658531
0.730579
0.648075
0.813026
0.322519
0.299727
0.0951293
-0.387107
-0.338895
-0.527237
-0.34775
-0.6337
-0.605313
-0.588986
-0.390328
-0.351359
-0.139997
-0.0571661
0.209375
0.43689
0.770616
0.595383
0.0918442
0.311046
0.0718137
-0.157482
-0.0224288
0.348451
0.557939
0.181128
0.428655
0.0719064
0.310587
0.349448
0.528727
0.669446
0.397236
0.130258
-0.0236782
0.0629692
-0.246065
0.346657
0.512107
0.785157
0.901705
0.920296
1.01918
1.13567
1.38872
1.34224
1.23657
1.2216
1.01968
0.819284
1.00461
0.751356
0.581951
1.06917
1.10962
1.45696
1.8728
1.7714
1.34609
0.894522
0.724992
0.374178
0.273323
0.00149786
-0.446004
-0.439668
-0.301611
0.0701224
-0.364124
-0.302102
0.00293506
0.222554
0.313451
0.294855
0.268167
0.238033
-0.160917
0.196307
-0.0854411
-0.125251
-0.160245
-0.493701
-0.615269
-0.89296
-0.732046
-0.657309
-0.26766
-0.518127
-0.409556
-0.0938243
-0.133749
0.220621
0.244215
0.0600182
0.343868
0.135243
0.128532
0.392647
0.38206
0.364789
0.562292
0.020068
-0.138828
-0.376941
0.0894739
-0.160924
-0.282001
-0.47229
-0.140201
-0.0920668
-0.245311
-0.422153
-0.203832
-0.581592
-0.480247
-0.752868
-0.75862
-0.827623
-0.741141
-0.818546
-0.712536
-0.603397
-0.603448
-0.633347
-0.920831
-0.899427
-0.937026
-0.741248
-0.389884
-0.216043
0.135913
0.121203
0.128132
0.198541
0.309954
0.224919
0.33243
0.295528
0.647928
0.910581
1.01528
