-0.0191544
-0.03182
0.118031
-0.353204
-0.0157144
-0.00636964
-0.058272
0.324559
0.524105
0.83976
0.728591
0.684125
-0.0178448
-0.528214
-0.479798
-0.407547
-0.113588
-0.097781
0.240206
0.0616703
0.304003
0.0740909
-0.147127
-0.27863
-0.209149
-0.30458
-0.589065
-0.724307
-0.795708
-0.785741
-0.312309
-0.491664
-0.159691
-0.290116
-0.243155
-0.609885
-0.604064
-0.428348
0.37365
0.465314
0.355992
-0.0698597
-0.142051
-0.542945
-0.726468
-0.845953
-0.711161
-0.788338
-0.561379
-0.460421
-0.398284
-0.647704
-0.861123
-0.813883
-0.326079
-0.0734527
0.252268
0.176161
-0.184972
-0.229627
-0.420225
-0.375251
-0.526681
-1.06213
-1.09663
-0.818263
-0.66396
-0.867017
-0.973874
-1.03307
-1.19952
-0.926697
-1.37557
-1.38385
-1.24123
-0.869973
-0.660502
-0.43252
-0.388225
0.0290422
0.217688
0.195599
-0.120523
-0.548832
-0.529533
-0.21753
-0.133745
-0.226158
-0.255011
0.246043
0.635424
0.46367
0.588758
0.451836
0.500358
0.802884
1.07125
0.987067
0.884042
0.738409
0.356576
0.262564
-0.0407228
-0.128676
0.282036
0.264214
0.243808
0.170957
-0.0100091
-0.0204504
0.16333
0.201023
0.139062
0.0315083
-0.305844
-0.33727
-0.181918
-0.484175
-0.507947
-0.32958
-0.581436
-0.456139
-0.609251
-0.814068
-0.939216
-0.563541
-0.527911
-0.345475
-0.464264
-0.437516
-0.548575
-0.905704
-0.84788
-0.664514
-0.694811
-0.876066
-0.653662
-0.700995
-0.928589
-1.0207
-1.51916
-1.47324
-1.56113
-1.35344
-1.42863
-1.26764
-1.02285
-0.999765
-0.688921
-0.604383
-0.295625
-0.565745
-0.889923
-0.940864
-0.978274
-0.863023
-0.904801
-0.844422
-0.541804
-0.367975
-0.202375
0.0186416
0.164485
0.262363
-0.112913
-0.00617131
0.231133
0.0241029
-0.0734475
0.150048
-0.0528615
0.255523
0.261455
0.253795
0.503131
0.707769
0.480254
0.0104733
0.464686
0.62401
0.614227
0.826781
0.490642
-0.0180385
-0.0984793
-0.278198
-0.243831
-0.136098
-0.305418
-0.761242
-0.44901
-0.461841
-0.0871786
-0.484619
-0.117024
-0.0868578
0.255698
0.296204
0.39077
0.148238
-0.0484545
0.22714
-0.154355
-0.629209
-0.570453
-0.65394
-0.641397
-0.553646
-0.0513243
-0.321871
-0.28875
-0.187327
-0.114262
-0.137411
-0.295309
-0.10436
-0.476844
-0.31351
-0.671451
-0.866719
-1.16157
-1.2916
-1.44547
-1.10891
-0.815542
-0.936341
-1.03882
-0.991308
-0.723597
-0.388121
0.166871
0.330518
0.352874
0.0303085
-0.602734
0.0423602
-0.0753367
-0.10473
-0.122085
-0.218138
-0.610599
-0.328852
0.215016
0.136765
0.0265099
-0.114312
-0.431169
-0.795446
-0.235605
0.0650388
0.496355
0.439049
0.755363
0.454329
0.750164
0.389056
0.634245
0.52558
0.166545
-0.0178183
