0.150749
0.587787
0.798745
-0.22916
-0.551245
-0.148886
-0.201994
0.48388
2.69474
0.454569
0.418573
0.58084
0.329018
-0.236271
-0.0947214
0.347511
0.553023
0.474588
1.36903
0.278349
-0.636075
0.482817
0.886977
1.03367
1.12277
0.0800446
1.33488
-0.19836
0.769808
-0.199631
1.74625
-1.02063
0.722299
-0.279666
1.39373
-0.578688
0.788057
1.64788
0.766589
0.675585
2.16631
1.08978
0.598742
2.9509
-0.0987471
0.612794
1.60761
1.91652
0.361155
-0.221533
0.822189
0.695381
1.60464
0.518275
1.53827
0.058858
1.1058
0.95997
0.655867
-0.750247
1.40365
-0.748541
-1.27713
0.31882
1.03089
-0.14844
0.944269
0.447381
1.52212
0.0633659
-0.174327
2.21171
0.391963
0.585029
-0.0675342
0.744077
0.0368263
0.154023
-0.478217
1.44111
2.50543
1.32467
-0.5696
0.644423
0.746066
0.894238
0.0773554
-0.199877
-1.19027
0.941871
0.437655
-0.270634
0.0615547
1.20866
1.80551
-0.586667
0.266218
1.24029
0.983838
0.406919
0.841711
-0.545042
2.2342
1.51463
-0.758723
1.10329
0.616038
1.25902
1.23969
1.87567
2.25099
1.77864
0.644409
0.440769
0.562921
1.1748
-0.103577
0.11796
-0.340326
0.827771
-0.0159433
2.62847
-0.341272
1.6984
-0.776463
1.55062
-0.0974696
1.25165
-0.92866
0.949571
0.29377
-1.20581
-1.37266
1.71434
0.725313
1.46388
-0.115788
0.731217
0.254031
-0.840854
0.857872
1.33568
0.782952
0.892259
0.525621
0.474437
0.828828
1.41511
1.02665
-0.0217747
0.352167
1.16075
1.12848
-0.0209964
0.920312
1.29056
0.415376
1.25938
2.33597
-1.08548
0.617499
0.438051
0.195225
-0.302846
0.39347
0.399132
0.832788
-0.202359
2.04075
1.64702
1.24167
1.09853
0.0270039
-0.963601
-0.932542
1.03709
1.21095
0.0143419
0.857342
0.832225
1.14605
1.67107
-0.8324
0.975461
0.505694
0.364254
0.370578
0.53462
0.495355
0.147867
-0.881184
1.21765
-0.315281
0.616685
0.532427
0.220415
0.436999
0.597474
1.07197
0.972503
0.516885
0.981487
-0.873369
1.01837
-0.0304044
0.961083
-0.658092
0.405599
1.75999
0.874022
-0.408069
2.0214
1.25768
1.46104
0.807711
-1.36267
0.521646
-1.74411
1.66208
0.407585
1.70373
0.227048
1.4578
-1.25365
1.32255
2.06497
0.515347
0.316644
0.418898
1.02195
0.695606
-1.64555
0.237399
1.4384
2.33067
0.671215
-0.00641419
-1.01094
0.53208
0.592429
1.48201
0.72514
1.02663
0.69586
1.44317
0.189761
-0.127289
0.262776
0.156692
1.57899
-0.168553
2.37083
-0.0537354
-1.00664
0.119939
0.826631
1.29906
0.898713
1.00388
0.025212
1.1203
1.14237
0.395655
1.45384
-1.20926
1.46844
0.167243
0.732952
0.264652
-1.07625
2.93163
0.484376
0.100521
0.146389
-0.50198
1.15795
0.102214
2.02588
0.0584071
0.568596
0.0546709
0.171976
-0.363545
1.58164
0.157115
1.84238
0.937082
0.890438
-0.493525
0.68658
1.37972
-0.419547
-0.906006
-1.04993
0.454748
-0.465229
-0.412401
0.78743
1.13698
-0.853113
1.62059
0.537693
1.09557
1.46535
0.380615
1.46851
0.605197
-0.0273521
0.666029
0.308577
1.25711
-0.227464
1.68719
1.38648
0.115667
0.810274
-0.220167
1.25906
-0.36898
0.27595
-1.39938
1.01863
0.98667
1.05786
0.11036
1.57227
0.490067
-0.0400228
-0.480151
-0.0933152
-0.696183
-0.458593
2.17161
0.301855
-0.0137383
1.55545
1.75535
0.114523
-0.0859648
0.30814
0.861718
0.0389151
0.0426544
-0.284182
0.770844
0.934215
1.42535
-0.304827
1.42284
0.0446333
0.737546
1.74355
0.438174
1.79288
0.692614
0.241617
0.918287
-0.078762
-0.354603
-0.388026
0.00331177
0.0619877
2.21369
-0.108925
0.875971
-0.0506738
1.02983
1.30574
1.19927
1.62313
-0.180301
1.89282
0.636507
-0.120002
1.05295
-0.161609
-2.79735
-0.255646
1.19983
1.3072
0.581507
0.865375
0.110446
0.343926
-0.305704
2.01249
0.645255
-0.648844
-0.421587
-0.0103182
0.949492
0.32111
-0.754616
0.663319
-0.00895556
1.79762
1.48659
0.124478
1.97699
0.841346
-0.0141139
0.239353
0.388178
-0.227593
0.095782
2.08896
-0.167832
1.5595
-0.985475
-0.134587
-0.412809
-0.0641211
0.807558
1.91366
1.52149
1.1446
2.32009
0.289553
-0.965651
-0.10769
2.12825
0.0573013
0.925005
-1.08211
1.64431
1.34641
-0.158366
-0.0827149
0.407298
0.888452
-0.580057
1.11581
0.596343
0.40865
1.41466
1.57461
1.85867
-0.20047
0.536807
-0.323657
1.05617
1.10242
0.198716
-0.143447
0.165421
0.394601
0.770591
1.75967
0.503333
1.5229
0.996369
0.645605
0.318255
0.478005
0.233781
1.02585
1.48683
-0.106962
0.13922
0.426798
2.75893
1.14257
1.18561
0.338991
0.554885
0.748925
-1.15616
-0.147707
1.65703
0.897906
-0.0723944
0.537605
0.243756
0.240882
-1.08007
1.63308
1.15041
1.10433
0.563426
0.559074
-0.448921
1.08702
0.495135
0.767909
-1.12695
0.47916
0.6107
0.872894
0.123437
2.05907
-0.546168
0.637558
-0.442251
-1.39255
2.20605
0.460807
1.05064
0.80672
0.838209
-0.516895
0.971044
-0.0868484
0.551564
0.233623
-0.0014738
-0.365447
-0.443324
0.801764
-0.968973
0.702908
0.667262
0.678865
-0.501555
1.34782
0.547492
0.143148
0.257336
0.774058
0.417619
0.434716
1.01035
1.02318
1.48763
0.324364
-0.0680861
-0.529037
-1.1724
0.749683
-0.404322
0.196032
0.887305
-1.85456
2.02557
1.60541
1.44173
0.755808
1.55137
0.0121072
0.140231
2.45996
1.50908
-0.0285415
1.01264
0.551373
0.98269
1.7285
-2.19341
-0.363128
1.80821
1.09689
0.870616
0.597646
-0.695311
1.44253
0.763147
-0.239897
0.512984
0.247463
1.14421
-1.17324
-0.381993
-0.110269
0.527671
-0.323211
-0.687291
2.28389
-0.280784
1.13202
0.175916
1.90407
-0.013436
0.00657292
-0.290982
0.275028
-0.381377
-0.57683
0.0651101
1.22622
-1.04598
0.660749
-1.01874
2.21158
-0.345688
0.839802
2.02555
1.22246
0.8358
0.383804
2.11704
-0.0818399
0.102879
0.0787598
0.342531
-0.189905
0.366207
0.058942
0.211439
1.90841
1.45945
-0.620549
1.11699
0.724919
1.25168
-0.0250435
2.06727
1.41299
-0.188392
0.646798
0.0966889
-0.212859
2.08305
0.610056
1.5921
1.31776
0.0562164
-0.0936327
-0.0564651
-2.56068
0.15846
-0.539171
0.0403365
-0.448059
-1.48634
0.124959
0.417067
0.225157
0.514402
0.0102173
1.353
2.12745
0.315918
-0.412583
0.312953
-0.299262
1.10512
1.03162
-0.200471
0.442713
-0.0745751
0.945979
1.09437
0.571426
0.756053
2.02685
-0.592777
-0.195113
0.778416
2.21942
1.00574
1.87929
0.405247
0.961787
0.225186
0.723492
0.170542
1.94394
0.299121
1.0853
0.94878
-1.27587
-0.382326
0.608743
-0.551441
1.09238
0.112289
-0.553256
-0.588635
1.08836
0.823498
-1.2167
-0.277464
-0.138668
0.354798
0.774869
1.9165
1.01334
0.346814
-0.629563
1.09703
0.209341
1.21171
1.48634
-0.71872
1.28587
0.229646
0.258776
1.58745
-0.324953
1.38071
1.03454
0.0209764
0.861284
1.0547
1.41163
-0.217348
0.935947
0.0453567
-0.436381
0.736188
1.59312
0.66392
0.519836
0.17849
0.532593
2.21744
1.20433
-0.511792
1.27447
1.19178
1.18133
1.38957
1.06394
-0.466568
0.736441
0.413814
1.27613
-0.445816
1.095
-0.469887
0.600085
1.05244
0.25615
0.361214
0.946817
0.56796
2.19794
0.991433
-0.822166
0.639855
-0.126962
0.521536
-0.0228163
0.703259
0.0134064
2.71933
0.44095
0.415433
0.264425
1.65106
-0.537196
-0.594228
1.5
0.844106
1.43437
0.25602
-0.197105
0.561041
-0.512849
0.671552
0.8913
-0.526887
2.47856
0.20665
2.52971
0.525571
0.675662
0.466949
2.75081
1.63948
1.29739
1.29684
0.462104
0.137535
1.83729
1.15453
1.07876
0.541553
0.145589
0.953543
-0.442933
-1.40181
-0.54967
1.70296
1.1801
-0.342157
0.181936
-0.344916
0.044682
0.505307
1.09163
0.528223
0.737778
0.968995
-0.388478
-1.029
0.34695
0.360232
0.287997
0.26082
-0.719211
1.03034
-1.70744
-0.162354
-0.457817
-0.427654
0.337461
0.653151
0.834953
-1.08506
1.11489
0.892007
0.640875
-1.6698
2.04078
1.20385
-0.508388
-0.327017
-0.213592
-0.666654
-0.381014
0.496146
-0.0189294
0.51102
0.466761
-0.431368
1.05529
0.067307
1.07149
1.50071
1.63134
0.311329
-0.356937
0.391587
0.574806
0.0246917
1.14496
-0.272841
1.65464
-0.184822
-0.593314
-0.534048
-0.96741
0.81315
-0.486647
1.09557
-0.301264
1.31965
0.998039
2.52964
0.293765
0.535763
-0.814395
-0.941739
1.3039
-0.452984
0.65412
-0.971266
0.412665
1.8443
1.07646
1.30816
-1.52664
0.671823
2.13185
1.94223
-0.626517
-1.3841
0.245005
-0.740023
-0.934596
0.563869
0.891731
0.121896
1.9229
1.36488
0.639083
-0.0630446
1.06891
0.380122
-0.228842
0.868731
2.30576
1.18864
1.65409
0.0426179
0.78492
1.43983
0.668065
2.07267
0.95212
0.861674
0.775137
0.830782
1.82256
-0.239112
-0.739898
1.61551
1.45383
0.129862
1.80612
0.76261
0.996104
1.39131
-0.298267
0.401483
0.526457
-0.30445
1.02373
1.41126
1.78844
0.98954
1.53299
0.639703
-0.808895
-0.181182
1.08391
-0.198431
-0.740626
1.20234
0.669225
0.914611
0.651935
1.85584
0.612417
0.107219
0.47352
-0.738849
1.80374
0.325011
0.892193
1.90804
0.549989
0.430066
-0.216994
1.04114
0.221154
0.782643
0.232042
0.00684981
0.712917
-1.18367
1.29961
0.182359
1.29087
-0.539069
-0.726676
0.60698
1.64511
-0.239798
-0.189477
2.37198
-0.0616083
1.00545
-0.395255
1.35712
0.935255
-0.846242
0.298942
1.07768
0.311533
0.171981
-0.824654
1.69471
-0.00425831
0.067808
0.86004
0.448986
0.589257
1.18764
-0.364237
0.01371
2.03713
1.80615
0.0735815
0.694642
0.112532
-0.844761
-0.296825
0.20841
0.992043
0.101444
1.5513
1.19253
1.4818
0.311567
-0.475241
-0.00841764
-0.324372
0.0867745
1.78066
0.656352
0.323522
1.07162
0.0499195
0.140711
0.154577
0.847446
-0.0468157
1.26244
-0.0893395
0.740648
1.70942
2.12983
-0.21544
1.35733
1.02303
0.527323
-0.199055
0.568864
0.5332
-1.02439
0.508447
1.15054
2.33615
0.568404
0.0620866
0.291337
0.576553
1.70042
-0.539461
1.03351
-0.50063
0.0785917
0.389296
0.563139
0.437262
0.15566
0.520624
1.26466
-0.223597
0.589667
0.382761
-0.0316345
0.244619
0.476844
0.545767
0.751746
0.794759
0.606941
-0.353061
1.88902
-0.428022
0.806598
-0.697341
0.367745
1.27901
1.90528
0.464028
1.70029
-0.190271
-0.463608
0.365944
0.0454347
0.333414
1.53179
-0.197371
0.876402
0.983626
0.959191
1.04388
-0.544605
1.68281
-0.204886
-0.276471
0.657781
-0.2671
-1.03219
2.08142
1.44166
-0.609114
0.79956
-0.00947471
-0.262733
0.774051
1.48031
1.28773
-0.568287
2.33474
0.893725
1.17984
1.90838
0.678858
0.504035
-0.51769
1.11058
0.140606
1.69025
0.694995
0.478513
0.664031
0.0566773
1.25291
0.30315
0.0321369
0.351615
-0.760669
0.892155
0.887144
1.00659
-0.48612
0.337135
0.508225
0.597745
0.0423778
-0.226998
-0.758927
0.544186
1.95132
2.0807
0.785862
1.10035
1.05235
-0.457636
1.41904
0.456397
2.21275
0.490531
-0.388277
-1.82937
1.02582
0.776318
1.39674
1.42842
1.56869
1.34671
1.25601
1.56653
-0.134863
1.01378
0.277106
-0.181411
0.181489
-0.306955
0.68729
-1.69118
0.764552
0.0690625
0.76607
0.571747
0.173787
1.43607
0.851381
-0.807285
0.782978
-0.106846
-1.09046
1.43184
0.893849
0.855688
1.28051
-0.751482
0.650452
0.592178
-0.828983
-1.32861
0.755646
-0.218014
0.339497
0.567372
1.31928
0.711411
0.798428
1.81173
0.780638
0.160211
-1.85672
1.00792
1.25779
0.808492
-0.876943
0.201422
-0.151393
0.046437
1.03079
0.326154
1.10956
0.236319
-0.552503
0.790316
0.593867
-0.458403
0.925944
0.85762
-0.91842
1.41774
-0.400545
2.0925
1.36268
1.01707
0.80103
1.09441
0.881681
0.0551908
-0.600106
0.487434
-0.834686
0.12062
0.594935
1.58718
1.55641
-0.090875
1.16335
-0.611817
-0.0233463
0.92022
0.116275
0.699996
0.0277154
-1.75468
-1.12553
-0.19464
-0.646041
-0.500764
0.95142
1.32078
0.752488
-0.305806
-1.05244
-0.101763
0.368299
1.72192
0.921326
0.969853
1.30233
1.28057
-0.312191
1.12161
1.26983
0.888262
0.731526
0.499284
1.30116
0.537442
0.5664
0.410124
1.88181
0.966467
0.76562
0.35676
1.32544
1.19163
1.15926
2.15162
0.229852
1.71579
-0.779956
0.37528
0.235799
-0.681297
0.572756
-0.209114
-0.644279
0.463169
0.137922
0.767813
0.700844
0.61412
0.828599
1.23674
0.600961
0.492644
-0.117734
1.08472
1.43721
1.32154
0.34554
-0.883919
0.309006
0.884843
0.414861
0.780736
0.448559
0.679228
0.893958
0.95373
-0.144631
1.82836
0.72867
-0.447015
0.281327
0.355996
1.94966
0.211526
1.45395
0.155722
2.0577
0.582151
1.26684
-0.552991
0.588222
0.927484
-0.538918
0.220501
0.56801
1.04222
-0.527119
-0.0105105
0.880014
1.29029
1.58169
1.44919
-0.10164
-0.637212
-0.808015
0.796954
2.04435
0.511092
0.964041
0.0471145
0.0662383
0.430567
0.955789
1.05877
2.36052
-0.185071
0.12389
0.801012
0.0801488
1.47553
2.09065
-0.073637
1.0648
2.50088
0.229899
-0.251985
1.31746
1.2948
1.13519
1.58501
-1.37132
0.658921
-0.274398
0.933666
1.12803
1.47904
1.25805
0.459268
-0.0205468
0.640481
-0.950916
0.915052
-0.677387
1.14881
-0.880849
0.950361
1.12988
0.164951
2.49363
0.400553
-0.256059
0.854545
1.61086
0.58997
-0.205804
-0.286746
0.571396
1.04061
0.59116
-0.665713
-0.0820818
2.47163
0.621141
1.01925
-0.0627349
1.27558
0.779503
0.453414
0.280956
0.291837
-1.56576
1.28877
0.122284
2.26211
-1.02921
1.3872
0.236886
0.871661
1.39442
1.36748
-1.71771
0.481539
0.17998
0.528204
0.753209
-0.159074
1.52394
0.590471
0.314918
0.407781
-0.432197
1.51126
-0.775608
0.114693
1.5408
-0.194121
-0.664456
0.580154
1.57158
0.504726
0.970317
1.0347
0.873997
1.19675
0.828643
1.0626
-0.118862
-0.14945
1.12086
1.25612
0.354677
0.788617
-0.427212
1.31464
0.742158
0.300819
1.12538
1.23424
1.81718
0.137881
0.679539
-1.03734
0.891359
-1.1289
-0.190597
0.0466723
0.950317
-0.0162925
0.429377
-0.00498616
1.16151
1.14309
-0.285113
0.568847
0.610546
1.1121
0.440859
2.00912
1.49502
0.138588
-0.672074
1.3663
0.0793624
0.923782
0.0759498
1.34943
1.61586
0.419963
-0.170073
0.738535
0.19014
0.0599107
0.596098
1.27595
-0.152362
-0.172474
1.02824
-0.282083
1.70829
-0.754518
1.35472
-0.516595
0.795323
1.53168
-0.917582
0.571485
0.690678
0.306216
2.60181
0.639716
1.39348
0.700854
-0.913309
-0.0540833
-0.711386
0.505245
-0.0968027
2.10506
0.918779
0.210992
1.12488
0.676841
1.12749
2.2625
0.924413
-0.30855
0.592259
-0.503306
0.45017
0.702463
0.672555
0.10056
-1.2975
-0.685505
0.704913
1.12567
0.965286
-0.459656
0.301139
1.11524
0.0182866
1.77929
0.48754
0.267562
0.601551
0.507842
0.119434
0.656365
0.636677
-0.553388
0.462859
-0.0585961
-0.618682
-0.884638
0.732232
0.630451
1.83798
0.564909
0.78613
0.780229
-0.289459
0.747968
-0.960144
0.8587
2.44997
0.882485
1.6575
0.818847
1.41901
1.78244
1.07117
-0.507588
0.439872
0.788671
0.616702
0.42112
0.736075
-0.700855
2.29542
0.810489
1.1993
-0.255913
0.452888
0.00356606
0.807015
0.201046
0.928629
1.82341
2.00313
-0.297169
1.05879
1.05609
1.59042
1.4291
-0.725893
1.62467
-0.546591
0.282766
1.38655
1.18427
0.214813
-0.771941
0.0765066
1.07724
-0.0744159
1.61245
-0.342799
0.838835
-0.716951
-0.0682644
2.2154
1.67609
2.00865
1.05485
0.915228
0.950831
-0.0234776
1.38728
2.06092
0.719325
1.4539
-0.480171
0.655507
1.05407
0.694907
0.560047
0.586464
1.67858
0.052165
0.79999
0.659188
0.244852
0.533795
0.919777
-0.835277
2.00985
0.206868
2.64562
0.773308
0.271504
1.46267
0.950701
2.06155
1.22747
0.228215
-0.251745
-0.47407
-2.1588
0.936192
-0.519439
1.04385
0.851458
-0.666248
0.355549
-0.107412
1.79179
-0.9427
0.422946
3.26143
-0.292784
1.03814
1.28983
0.889481
-0.867492
0.585248
0.471707
-0.639513
0.144846
0.308206
0.917133
0.727153
0.847287
-0.429272
0.236428
1.61168
1.07624
0.548479
0.0282697
0.781148
1.26107
-0.430512
-0.39969
-0.589282
0.328279
0.336919
-0.0906712
1.73556
0.22008
1.05313
0.938286
-0.0347696
0.917904
0.139659
0.140147
1.18261
1.36606
0.0984416
0.993739
0.869451
-0.0781135
0.49329
-0.407891
0.757001
1.57079
-0.578782
-0.413534
1.1165
-0.0528344
0.302151
0.25136
0.461093
1.74434
0.166024
-0.768723
-1.07136
0.952518
0.627211
0.561304
-0.552974
-0.757178
1.37243
1.77373
2.02631
-0.0953563
0.0395201
-0.775897
-0.720551
0.92382
0.0885129
0.325792
0.413038
0.206387
3.04666
0.441126
1.03824
1.00225
0.181291
0.366815
0.298642
0.930531
-0.552589
0.749638
0.282691
0.203513
1.05275
2.0641
0.334831
0.440489
0.86361
2.29109
0.245288
1.57854
1.13066
0.442769
-0.567378
0.448205
0.920326
0.121554
-0.399217
-0.315341
0.0529196
0.677474
2.29842
0.525746
-0.208673
0.424108
0.866281
0.636935
1.32488
1.35842
-0.941181
0.252161
1.19953
2.4655
1.04294
1.77949
-0.718062
-0.307687
1.30115
-0.416052
0.627808
1.75874
-1.17685
-0.560831
-0.6206
1.46467
1.24243
-0.345476
-1.59735
1.19807
0.416774
0.72389
1.46446
0.831091
1.22837
1.61933
-1.38218
1.0126
1.94227
-0.736063
0.438667
-0.104854
0.216509
0.826248
-0.748791
-0.686487
-0.91573
0.215289
1.45621
0.0141267
1.55521
0.0268695
0.386699
-0.133298
-0.175779
-0.0696836
1.3845
1.07075
2.30296
1.2256
0.543201
-0.294213
2.05802
0.535792
0.727748
-0.0678328
1.88212
0.424875
-0.265033
0.491029
-2.3578
0.661196
1.81729
1.50917
0.158492
0.349988
0.443606
0.604791
1.66267
0.57433
1.18161
0.289815
1.43966
-0.271215
-0.967457
0.195353
1.22475
1.09653
0.625351
1.07689
0.26254
0.0884533
0.0930302
-0.100191
0.937188
0.590432
1.21727
0.645404
1.29609
1.35412
0.364
0.899042
1.12311
1.61375
0.121929
-0.528387
1.11576
0.351135
0.554997
0.884558
-0.227088
0.860284
-0.314648
0.370912
0.891323
-2.71767
0.723671
0.300132
-1.12911
-0.824753
0.839854
1.03355
0.375493
0.395455
1.02328
0.982963
1.01951
1.1831
-0.0542638
0.570888
0.0638288
0.28471
-1.63531
-0.885532
-0.221986
0.53391
0.416006
1.15353
-0.898553
0.691194
0.352617
-1.00974
1.72924
2.4744
1.08421
0.83869
1.14976
-0.066536
-0.777303
-0.00458854
1.13316
-0.79622
-0.618431
0.236413
0.720858
0.526516
1.34667
0.818942
1.32193
0.682223
-0.420809
-1.21007
0.249516
1.17154
1.62544
-0.843464
1.86434
0.157895
0.0950311
0.832245
0.0759881
-0.154259
-0.397878
0.865583
0.789399
1.82336
2.18904
0.852306
-1.66334
0.511728
-0.308259
2.2933
1.18288
0.463729
0.0623456
-0.607972
0.944739
1.0529
-0.594752
0.000531268
0.954542
0.147828
0.825667
0.0499261
0.39377
0.254784
0.661699
-1.91258
0.972575
-0.541721
0.371591
-1.43556
0.533154
0.885445
-1.08944
-0.42852
0.339791
-1.09227
1.06945
1.28143
0.933676
0.976195
0.841137
1.16407
0.241923
-0.0227564
0.146832
0.987573
1.11605
1.02781
1.02164
-1.12562
-0.986212
1.65065
0.5339
1.07194
1.43199
0.658872
0.514481
-1.14144
0.442624
-0.107805
0.860666
-0.823776
0.069878
-0.0791806
-0.636642
1.47861
0.410867
1.88652
0.642751
-2.47411
0.540147
1.02056
-0.191346
2.04323
0.256754
1.00551
-0.32803
0.789839
0.781785
0.360152
0.933916
1.53789
-1.08666
1.25932
0.0259079
-0.129547
-0.681216
0.225628
0.15792
-0.47065
2.37299
-0.033281
-1.2313
1.34806
1.097
0.634503
0.439924
-0.0676777
0.447581
-0.201964
0.733807
1.50057
0.777415
1.21287
1.4434
1.27791
-0.0811117
0.446525
1.35347
0.642238
0.179327
1.15727
1.13197
0.842283
0.7666
0.148933
0.828485
0.689975
-0.316501
1.968
0.546542
1.54375
1.06187
0.655569
1.54587
0.631676
-0.0356735
0.636516
-0.345548
0.622925
1.92078
-0.765039
1.91073
-0.134596
1.06976
0.840189
1.17459
-0.488919
0.779448
0.487255
0.92319
-1.08131
1.15461
0.617806
1.7009
-0.158245
0.0327383
0.381071
-0.267989
0.641435
0.807288
1.1546
2.15569
0.632261
0.521652
0.659665
1.38635
1.63212
1.17373
-0.760203
-0.30103
1.1502
0.962781
0.548053
0.0087938
0.471766
-0.439305
1.14668
-0.154479
0.575814
1.54842
-0.0221505
2.78831
0.679259
0.656168
1.1175
1.16035
-0.469383
0.980115
0.297067
-1.00058
-1.39099
0.431725
0.549308
-0.496556
1.60998
-0.608708
-0.976989
-0.275656
1.14316
-0.433332
2.38297
1.58921
1.54354
1.45616
-0.785541
-0.775965
0.151639
-0.270254
-0.451036
0.121023
1.29597
1.22973
1.31672
2.39499
-0.601974
0.437798
1.7091
0.49683
0.283389
0.869037
0.975703
-1.22318
-0.0714017
-0.474768
0.328773
0.678963
0.479144
1.46157
-1.5513
0.416217
0.630816
-2.12446
-0.298277
0.339346
2.16909
1.53417
0.308092
1.72091
1.41234
1.93566
1.10516
-0.0841216
0.0519348
2.58924
1.16334
0.738384
0.525491
0.643849
1.81138
1.236
1.01892
0.532336
-0.122204
0.694496
1.20003
1.60245
0.426012
1.31245
-0.517201
1.2807
-0.989483
0.26735
0.771995
1.06517
2.44042
1.86119
0.223803
0.506695
-0.486284
-1.33183
-1.1032
1.21573
0.814536
0.133325
-0.102941
1.5135
-0.663499
0.322782
-0.478383
0.0181784
0.881439
1.76849
-0.193915
0.669256
0.0237853
-0.393301
0.126061
-0.256478
1.05807
0.36376
0.132187
1.49399
0.918846
0.800225
0.493429
-0.179415
0.789673
0.412513
1.19913
-0.139604
-0.45331
-0.278415
1.86702
-0.767771
1.88258
0.362295
0.0913119
0.380384
-0.0839878
0.941967
0.393088
-1.15779
0.201607
0.840619
0.530294
-0.521231
0.290818
2.07369
0.685317
1.41635
-1.13757
-1.75502
0.134984
1.12463
-0.818169
0.354866
1.60985
1.83108
0.0512982
1.08645
1.14296
0.0674351
-0.21804
1.65044
-0.672203
0.783997
0.788709
1.59225
1.53328
-0.405778
0.722416
1.38076
1.62243
-0.0231758
-0.32049
0.28642
-0.83062
-0.798609
0.0549575
-1.36101
2.78
0.238223
1.41272
-0.225083
0.514549
0.446078
-1.10227
-1.78312
1.18364
-0.79598
0.218414
-0.353032
-0.588938
0.797716
-0.470705
0.0987847
0.138126
1.08435
2.0156
-0.715206
0.484419
1.92595
0.699292
0.631537
1.22103
0.0743712
-0.58757
1.27666
1.76985
-0.653785
0.983492
0.241048
-0.516811
2.25613
1.26001
-0.264292
0.692982
0.0809829
-1.78993
0.0917923
2.29894
2.19528
1.16192
-0.181072
0.4522
0.656386
1.34978
-0.693148
0.0346358
1.65263
-0.5955
1.22281
0.488007
0.897235
1.5497
0.339511
-0.356893
0.262944
1.81929
1.27907
0.500734
1.6361
-0.617482
1.92732
-0.571346
2.03563
0.925879
1.4435
1.97653
1.83695
0.793928
0.570048
0.239477
1.4523
-0.225519
1.81028
0.247517
0.784661
1.69722
0.0692443
1.67013
-0.608184
1.32852
-0.675913
0.762833
1.67931
2.28886
0.066376
0.91753
0.897233
-0.817921
0.759932
-0.175791
1.147
-0.0973903
1.17906
1.11279
-1.0961
1.05442
1.9571
0.767765
0.261171
0.347394
0.656283
1.276
1.38975
-1.13245
1.07381
1.30294
1.5952
1.02184
1.4285
0.75988
-0.669288
2.82625
0.536265
0.322732
2.16089
-0.480819
-0.661969
1.02421
-0.267373
0.134913
1.51053
1.14578
1.22017
1.55309
1.41215
1.98759
1.10077
2.05295
0.699231
0.148067
0.551223
1.02572
0.37166
1.8761
0.673484
0.550933
1.96352
2.1425
2.02163
-0.509692
0.884304
-0.893619
0.445174
0.433854
1.26483
0.709959
-1.36248
0.442571
0.581665
0.749958
1.77756
1.1193
1.14654
0.535892
0.460328
-0.31278
1.22426
-0.165967
-0.222398
0.620486
1.44083
0.201655
0.981072
0.825716
1.26317
1.10813
-0.955593
-0.47505
-0.383323
1.49932
0.130751
0.482588
-0.129345
0.855184
0.773335
0.903013
-0.103819
-1.14804
-0.699752
0.29895
-0.857106
1.53714
0.639436
1.72592
0.28756
0.570243
1.50494
0.602756
0.816547
1.46045
2.06795
1.03424
-0.920878
0.744944
-0.189477
0.916674
0.451214
-0.770009
1.53168
-0.0325073
1.6742
-0.481496
0.289565
0.423288
0.0260432
-0.668841
2.90153
0.984865
1.29185
-0.0363106
2.33317
0.281752
0.467928
-0.53932
-0.176455
-0.670645
0.329435
0.0431521
0.200076
0.228144
0.808385
1.62141
0.944791
0.736068
1.32948
1.99556
1.06231
-0.0904875
1.3834
0.350629
1.59206
0.953677
0.638362
-0.434486
0.992124
1.91482
0.449852
-0.289857
0.267093
1.05583
-0.750417
1.24051
-1.49653
-0.0633541
2.07755
0.853236
0.969316
-0.539629
-0.244694
0.206395
0.381081
0.453864
0.0993613
2.16151
0.805389
1.59025
1.3054
0.929109
1.29649
0.0118982
1.39642
0.681936
1.38425
2.06101
2.06742
0.653386
0.823275
-0.955616
0.646565
1.04667
0.763469
0.370624
0.996119
0.65029
-1.70723
1.07106
1.13596
1.66409
1.27644
0.655861
-0.0514522
0.635258
0.297431
0.095938
-0.517822
0.43296
0.806421
0.965673
-0.572883
0.533796
1.50836
-0.69702
1.97709
1.36448
-0.52161
0.729137
1.78863
-1.23894
1.20743
1.26143
1.87505
0.273616
-0.129243
-1.35263
0.418624
0.494406
-1.70792
1.33439
0.0957129
1.17354
1.75472
3.02838
-0.111636
0.346708
0.906801
1.04589
0.286274
-0.480956
1.95964
-0.379781
0.74616
0.698543
-0.775153
0.896994
0.479523
1.92952
0.123885
0.499166
-1.45432
-0.335533
-1.00341
0.34629
0.145559
-0.670727
0.212431
-0.544195
-0.133905
1.38134
1.35982
0.0832249
0.354173
-1.04483
0.304611
0.0453821
0.000855044
1.68068
0.751509
1.07986
1.4626
0.607309
1.03542
2.14044
1.40083
0.33402
0.789682
-1.33789
0.0941895
0.814109
0.259935
0.454782
0.3966
1.02906
-0.599168
0.470813
-0.952614
0.995378
0.63149
0.998693
2.10195
0.694486
-0.526122
-0.638247
-0.435649
0.978407
0.408018
1.16859
0.00819916
-1.08958
0.138037
-0.0822371
-1.08629
1.13349
-0.419657
0.633593
0.144818
0.126945
0.0432825
1.20813
-0.42182
-0.957442
0.415184
1.65071
0.361383
2.08923
0.0420132
0.279837
1.63415
-0.155846
0.311288
0.67288
0.464505
-2.39467
0.501272
0.533343
-0.541354
0.124794
0.0254754
0.0241358
-0.00709565
-1.77655
0.930056
0.43641
0.703746
1.35205
0.701869
1.45413
1.05787
-1.16116
-2.33085
1.58587
1.93321
-0.162216
0.231769
1.88024
1.43559
-1.01749
0.24435
0.157878
0.660366
0.690342
0.967995
0.14139
1.26608
-1.70216
1.399
-0.172493
2.10213
-0.00278994
1.66254
0.00438608
0.437944
1.29661
2.79439
1.32645
0.953573
1.62998
1.90716
-0.675767
0.879375
0.307016
0.917983
0.95916
1.24077
-0.693981
1.54524
0.082584
0.561061
1.00146
0.159414
0.21042
1.72126
1.00744
0.982581
-0.441994
0.40775
-0.186775
-0.683417
0.678234
0.996298
2.59022
-0.241549
-0.833297
-1.49648
0.420994
-0.112056
1.46128
-0.291199
1.80515
-0.495275
0.492288
0.670623
0.299666
0.55517
-0.384038
0.404806
-0.00990228
-0.175014
-0.381266
-0.148321
-0.854837
1.29061
1.68062
0.746886
0.470658
0.194414
1.82117
0.0747252
0.0873467
0.475752
-1.04816
0.935278
-0.945413
-2.05814
0.878562
1.27129
1.26917
0.764788
-0.347206
1.6492
0.832605
1.50981
0.568135
-0.10884
-1.52807
0.333815
0.90453
0.15799
-1.87124
-0.169777
-0.0554862
0.633974
1.17531
0.839584
-0.0346873
0.974061
0.256633
1.23684
0.133237
0.524757
1.75554
1.45297
0.673765
0.513925
0.692322
0.547812
0.598934
0.682659
1.07019
0.0268779
1.39924
-0.678677
-0.351731
0.411203
0.684912
-1.05211
1.54973
1.35778
-0.567544
-0.0956084
-0.0391601
1.82042
1.20266
0.522217
0.186456
1.03364
-0.0248226
-0.129104
0.840963
1.48156
1.13099
0.990271
1.46356
0.429478
-0.355473
0.704631
3.42945
0.604665
0.333467
-0.239811
-0.038617
-0.0409052
0.928468
1.2279
1.256
0.936535
2.042
-0.0262943
-0.712578
-0.108643
-0.240077
-0.00788357
0.105921
-1.24838
0.988642
1.89478
0.146845
0.530833
1.60637
-0.866793
0.945534
-1.03754
1.02409
0.115945
1.46361
1.8208
1.07729
0.782705
1.51672
1.36444
0.304264
0.0635792
1.02858
-1.04807
1.31894
3.47324
0.0089218
-0.459235
-0.0693765
-0.719398
0.293683
-0.606
1.21578
-0.691826
0.737512
1.2373
1.25514
-0.25841
0.826001
1.67578
0.822087
-1.87109
0.855265
0.857567
1.60806
0.236145
-0.294645
-0.711433
-0.269144
0.591919
0.458522
-0.0577077
-0.115834
-0.41257
2.63427
0.519651
0.64086
-0.346402
1.18179
1.40027
-0.624485
0.0403069
0.681256
-0.292554
0.6309
0.202037
1.69469
0.871997
0.601469
0.188727
0.503706
-0.707096
-0.0730845
1.90692
1.49314
1.2329
0.891078
1.23484
-0.458665
-0.213712
0.474107
1.34876
1.51723
1.18322
0.190632
0.688018
-0.0850226
1.19062
-0.399371
0.447389
-0.248438
1.76041
0.619927
-0.590657
1.69702
-0.753452
1.773
0.2414
0.71505
1.62698
0.28339
0.401826
1.31981
-1.35641
1.34286
0.959134
0.592314
0.400234
-1.41533
-0.463582
0.238699
1.61448
-0.117647
1.05662
0.292612
0.245109
-0.700444
0.902808
1.26879
0.220212
1.25037
1.03347
2.20438
1.14278
0.307452
0.936434
-0.646543
-0.344595
1.20385
0.552473
0.633134
0.306042
0.534173
1.31381
1.67692
-1.20978
-0.396512
0.393423
1.54635
-0.468693
-0.531511
0.570147
1.48805
0.333994
0.119538
-0.280696
0.756833
0.319957
1.00557
0.768045
2.42819
0.418936
1.04884
0.0452753
1.03898
1.67227
1.57077
0.876893
-0.557528
0.314629
-0.0644781
0.608609
0.021334
-0.0589952
0.0847472
1.00671
0.885227
1.04959
-0.17102
-0.282416
0.273529
1.30778
0.440586
-0.207738
-0.33271
0.499776
1.38916
1.78189
0.0477866
3.55039
-0.197033
0.345811
0.167313
0.328399
0.174113
0.814491
0.831714
0.369425
1.89949
0.740229
0.383883
-0.175549
0.572405
-0.0765604
0.327011
-0.5799
-0.796195
0.41317
1.07054
1.84241
1.63728
1.27007
0.197201
0.381392
0.464713
0.0708278
1.04095
0.165504
1.31941
1.99966
1.08952
1.54367
1.57611
-1.03434
0.347574
1.31002
-1.38718
1.29965
-0.0606136
1.34415
0.0472119
2.28444
1.39065
0.729973
0.518922
0.8936
-0.385163
0.467003
1.07885
0.178839
1.2938
-0.110813
1.14308
-0.239525
0.972335
0.822235
-0.683148
-0.271795
0.12491
1.76089
0.500585
-0.971544
0.191253
1.6832
0.00607945
0.552489
0.408203
-0.251758
1.07366
0.752174
1.46943
0.919883
0.54298
1.05837
0.447284
0.878263
-0.581142
1.53153
0.100413
0.45849
1.22712
0.350913
1.08911
1.16658
-0.565172
1.80535
0.103
-0.407462
-1.11497
1.28331
0.779425
0.24841
1.17541
1.44489
1.21182
1.79209
-1.01039
0.723376
-0.560224
0.487911
1.36163
0.824811
0.499977
1.86438
0.920908
0.733905
1.31822
-0.270344
1.21731
0.940737
-1.89694
-1.03725
0.170816
0.789656
1.8912
1.22591
2.54866
2.36566
0.250215
-0.269565
1.01787
0.369823
1.71981
0.13242
1.22703
1.54197
-0.0337936
1.50059
1.83131
-1.47835
0.190831
1.46356
0.126934
2.33916
0.0635946
0.996377
0.852558
-0.635791
0.486829
2.0962
0.419998
1.94355
-0.469485
1.83191
0.759599
0.174212
0.853823
1.85722
1.70802
0.98676
0.658252
0.241349
-0.28426
-0.690656
-0.613497
1.22865
1.47847
-0.115297
-1.01847
1.29816
2.13713
-0.317236
1.4923
1.16492
-0.0471667
0.856433
0.724444
-0.231775
-0.902807
-0.941544
0.398808
1.55948
0.461827
-0.190694
1.1465
-0.838932
1.52974
1.80394
-0.0760012
-1.57196
0.205053
1.21687
1.54732
-0.866925
1.13088
0.565284
0.512111
0.894666
0.93808
1.90865
1.38881
-0.983326
0.76663
1.85887
0.454971
1.77342
1.0673
1.04023
1.54393
1.13752
0.727373
0.163335
-0.0110366
-0.485877
1.51271
0.101864
1.05096
1.35831
-0.474486
0.226115
1.59236
0.851385
1.2586
-0.0106175
0.216235
1.11983
-0.252668
0.06657
1.32244
-1.07534
0.596881
-1.65836
2.26425
0.595778
-0.747755
0.570029
0.566977
0.494208
-2.3247
0.827066
1.66017
2.10446
2.14109
1.34668
-1.65494
0.746531
0.135077
1.69542
1.40685
1.90938
1.23299
1.59934
0.892333
-0.249589
1.59914
0.14456
2.14702
-1.00813
-0.394787
0.618092
-0.341348
0.275127
0.791683
0.369538
1.36128
1.748
-0.785506
0.622148
1.51488
1.09292
0.905905
-0.347155
0.10845
0.734167
-0.265135
0.941707
0.296878
0.835596
1.31441
0.129338
0.273097
1.02604
-0.397826
0.99617
-0.0985112
0.380512
0.150844
1.48004
0.936258
-0.475869
1.95238
1.10535
0.526783
1.16512
-0.467604
2.0053
0.729824
0.429221
1.1932
0.200087
1.24716
0.583779
-1.22325
0.953639
0.888332
0.63747
-0.802378
0.391066
1.22761
1.28438
-0.320609
0.856102
1.52743
-0.487541
0.357438
1.45346
-0.0876639
0.0824805
-0.566852
1.01251
0.0196667
1.60859
0.567872
0.876357
0.519754
0.927295
0.151028
-0.425814
1.89403
-0.741537
0.383495
0.0335749
0.780034
0.0137715
-0.305057
-1.49419
0.764393
1.2335
1.68517
1.15681
-0.705257
1.09303
1.0805
-1.14983
1.4688
0.832998
2.48745
0.304085
0.267605
1.38344
1.68365
-0.136724
1.9025
-0.417712
0.767091
0.245412
-0.456694
0.238403
2.18569
1.071
-0.698496
0.978223
1.10589
0.711276
1.36422
0.0228304
0.237824
-0.975064
1.79124
0.660168
1.33348
1.61885
1.09055
0.662759
0.957596
-1.36952
1.27644
0.156749
0.378487
-2.20036
0.713161
0.722011
0.405083
1.65013
0.783701
-0.0231209
0.204912
0.633215
-0.567423
-0.208205
0.585472
-0.6417
0.57576
-0.427144
0.345424
-0.411272
2.43488
0.310518
0.368132
1.38403
1.40378
1.52387
0.179006
0.343431
-1.40768
1.17306
0.98361
-1.74243
0.983229
1.07711
0.732062
1.60015
-0.108889
-0.490304
0.483487
1.22066
-0.206915
0.859633
-0.741138
-2.54314
1.25841
1.15157
0.204982
0.0108206
0.0396373
0.757155
1.46481
-0.583097
-0.690385
0.287249
-0.559029
2.13683
-1.09541
2.09676
0.995474
1.04068
-0.606714
1.97907
0.902155
1.99445
-0.394639
1.19204
-0.106285
1.52999
1.73575
1.18061
-0.808926
1.21553
2.64223
0.00458391
1.54198
1.01078
1.8581
0.558621
0.80424
1.24597
0.690745
-0.553505
-0.126337
-0.109247
1.17446
-0.234092
0.787147
0.0583631
-0.278323
-0.519418
-0.790834
0.449223
0.404671
0.0434856
0.999263
1.3918
1.09488
0.309917
1.6169
0.103078
0.73374
0.879625
-1.01473
0.402236
0.336962
0.481296
1.22944
-0.351302
2.13749
-0.0448276
0.138067
2.28308
1.77308
1.02852
0.607824
-0.404453
0.0780265
1.41776
0.0636338
0.4688
-0.0193005
2.21548
0.808684
-0.445825
2.68037
1.88017
1.10953
1.1641
-0.809288
-0.563032
-0.305334
1.83941
2.93408
0.129375
-0.445687
1.3543
-0.120363
0.414383
0.363063
1.33507
-1.86758
0.782574
-0.793698
-0.961419
-1.48701
0.681352
-1.1606
1.89398
0.266163
1.12021
0.458147
1.28224
1.89315
-0.86193
1.05535
-1.90524
0.831579
1.29424
0.839256
-0.378908
1.66839
2.1563
0.188081
-0.339667
0.413342
0.347916
0.399288
0.995308
-1.13519
0.755031
0.366215
-0.679262
1.43953
-0.442591
1.29731
1.06295
1.69332
-0.0390134
1.06727
0.126663
0.212257
-1.07698
1.17668
1.26058
0.619503
1.07745
1.34565
1.26333
0.760874
1.76426
-0.138402
-1.21246
-1.27083
-0.709881
-0.94402
0.842944
0.569514
0.397864
1.66863
0.0741455
-0.720252
0.278046
-0.834044
1.59629
-1.15808
0.592299
-0.847731
0.990155
1.49162
0.881059
1.09841
-0.348031
-1.49271
1.95596
0.76438
1.41541
-0.403065
-0.0213411
1.10441
0.0291532
0.285644
0.609338
0.958398
0.213987
0.600822
0.389568
-1.08944
0.731549
-0.000825813
1.43124
0.315671
0.583371
-0.343334
1.91624
0.624644
0.0973293
-0.352365
-0.184337
0.615336
1.43419
1.17074
0.476014
-0.465423
-0.337689
0.263672
0.0931212
1.91403
0.880197
1.01231
2.29182
0.343995
0.154115
0.63291
1.10335
0.506854
-2.78457
0.301145
0.323639
0.118282
-0.36054
0.5985
-0.178013
1.19805
0.097585
0.892182
-0.407909
-0.217708
2.47185
1.34456
1.83524
1.14311
2.27423
-0.511945
0.250615
1.22862
0.339817
-0.589902
1.49661
0.610017
-0.00573395
0.143118
0.383547
1.17702
0.862665
0.973931
0.828193
0.434975
0.667415
2.03025
1.14295
1.22016
0.0825698
0.112666
0.5362
0.825593
-0.287081
1.70184
0.101128
0.821246
2.17412
-1.14149
-0.0383059
0.492555
1.07973
1.16772
1.49084
1.51562
-0.716173
0.296985
-0.671983
-0.414849
0.680112
1.3065
0.82411
0.0700682
0.640031
0.200717
-0.626323
-0.0724378
-0.389728
0.434697
1.36412
-1.74943
0.969271
1.30984
0.780391
-0.0266167
1.35784
1.11266
2.19991
0.669387
0.334786
1.86512
1.28435
0.0644724
2.01244
0.855137
0.30664
0.8551
1.03862
1.37572
0.470813
0.999137
0.326088
1.0221
0.665568
1.31289
1.24047
2.16395
0.0334991
-0.186808
1.06245
1.592
1.038
1.07915
1.10624
-0.442107
0.916521
0.581796
-0.161401
-0.942935
-0.194755
0.422153
0.588612
-0.927537
2.04935
1.68384
0.0226468
1.36813
-0.0222842
1.65148
1.54504
0.531144
-0.111816
-0.686091
1.79827
0.709661
0.35766
-0.163555
1.10635
-0.114759
0.418285
1.62382
0.841231
0.532081
0.691583
0.399865
0.0431432
-0.861079
-0.777017
-0.365242
0.65016
-1.75188
0.482694
0.104511
0.533723
2.27895
2.07037
0.84376
0.63066
1.50876
1.00084
-0.367185
0.621063
0.934588
1.90712
1.49399
-0.0865013
0.671577
0.340531
1.74564
-0.974283
1.84104
0.925727
0.0282339
0.168279
0.66217
0.282081
-0.0282768
-1.03416
3.22542
0.453557
-0.327968
0.81565
-0.351342
1.91042
0.582035
-0.604604
1.33428
0.862346
1.8861
1.54742
-0.142359
1.25485
-1.80367
0.793795
1.93525
1.35417
1.14949
-0.0933948
1.29832
-0.521018
-0.370095
1.07407
-0.58038
0.644476
0.169099
-0.233406
-1.44898
0.00102184
-0.136568
-0.477861
0.737699
0.250762
0.351732
1.0317
0.998026
1.76834
0.922426
0.580621
-0.75381
-0.784732
2.08851
3.0885
0.428255
1.85369
1.35329
2.20108
-0.600309
1.36086
-0.600799
-1.13552
1.18017
0.459095
0.301029
1.33619
-1.49796
0.314653
0.445467
0.76388
1.36112
-0.0252451
0.233033
0.329192
1.63228
0.987617
-0.0177208
-0.247587
-1.23536
1.18873
0.214848
0.976656
-1.98274
1.07524
-0.090725
0.278518
-0.903731
-0.432017
-0.703901
0.0391294
0.541964
0.186438
-0.345284
-0.257579
0.0526234
0.33737
0.550835
1.80084
-0.330316
0.563341
-0.212507
0.687688
-0.0478784
0.163746
2.0398
1.08553
0.634057
0.823675
2.22491
0.267288
0.949591
1.1585
-0.307252
0.592573
0.261613
0.155964
0.261265
0.795812
1.59421
1.00677
-0.276048
2.27893
1.43738
0.163816
0.537109
0.352786
0.846723
1.09546
2.13879
2.39711
1.39545
0.921957
0.581769
0.77232
1.8232
0.967631
-0.723393
0.329745
0.254198
-0.245655
0.817143
-0.521595
-1.10409
1.05276
1.55453
0.422149
0.848583
2.3507
1.0331
1.62852
-0.321744
0.0193583
1.15602
2.16577
0.420557
0.381511
2.06938
0.231905
0.725219
0.129817
0.453196
-0.559123
1.68458
0.414982
0.646797
0.132226
1.02204
1.04287
0.10737
0.431847
1.66464
0.722251
1.98889
0.0263073
1.15795
1.05279
0.356649
0.405634
0.062432
-0.66995
1.04991
0.0553253
-0.990218
0.222985
1.55962
1.7751
0.776712
1.06556
1.41905
0.4037
1.16475
0.67746
0.750435
0.13307
0.565742
-1.2432
0.219031
-0.929365
1.06809
2.06547
-0.0411075
1.8354
0.431915
0.984604
0.592812
1.01968
1.06227
0.436593
0.0953179
0.176762
0.0977431
0.356433
2.0575
1.10996
1.06796
0.144447
0.0707781
0.558089
0.876149
0.472615
0.259981
0.540528
1.51714
0.870269
-0.852141
0.00707022
0.689203
1.15258
1.91813
0.341558
1.10807
-0.623562
0.191836
1.8877
2.81411
0.5422
1.43695
-0.631548
0.751468
1.81467
-0.57091
-1.12384
-0.683361
-0.192116
1.05251
0.155344
0.927063
-0.601435
-0.563135
1.56335
1.32505
0.461398
0.218664
0.764725
1.2423
0.760365
1.03613
0.124186
-0.255346
0.655173
0.714003
0.0261309
1.81905
0.66246
0.890319
0.810472
1.16622
-0.449672
2.49673
1.06954
-0.378127
-0.904288
0.625613
0.895024
0.224295
2.22252
0.668133
0.991987
2.52603
0.676503
1.1105
1.87256
1.04878
-1.35545
1.79462
2.07877
1.12931
-0.221257
0.181705
-0.174657
1.48867
1.01927
1.05608
0.522654
2.81209
-1.35336
2.05832
-1.22562
1.77363
0.834185
0.0360672
0.664022
-0.0231748
1.73998
-0.402533
0.844315
-0.529274
-0.985183
0.573325
-0.603264
2.04245
0.962384
1.06266
1.10382
-0.549311
-1.15005
1.84241
1.91836
0.490881
1.83009
1.72236
1.42016
0.918902
0.221986
1.71051
2.06699
1.62382
1.3711
-0.422663
-0.0178711
1.33563
0.774233
-1.40818
0.67874
0.367867
3.11154
0.666957
1.26791
1.21572
-0.189106
-0.182587
0.732871
1.6614
1.5852
1.49284
1.15548
0.0211052
-0.0613474
-0.949935
1.85341
1.58319
0.95829
0.518297
0.689973
1.77734
1.26265
1.36522
0.740659
0.234746
1.36982
-1.05084
1.74554
1.17488
0.291887
-0.0794303
1.54272
1.26819
0.337277
1.42081
0.319314
0.47373
0.762967
0.173783
1.74093
0.249769
0.731767
1.76462
1.72786
0.37817
0.846028
2.25493
-1.02167
2.60416
0.0885754
0.0425177
-0.273156
-0.211167
1.35414
-0.877081
2.03446
1.2991
0.56829
-1.24028
1.03578
0.118983
1.00424
2.11353
0.212528
0.0839606
1.57668
0.620667
1.07685
1.50469
1.59598
0.143784
0.56984
0.426061
0.629426
1.00684
-1.25352
0.933983
0.735308
1.58723
2.4907
-0.296236
0.840545
1.40041
0.0209966
-0.0464499
-0.134037
0.171093
1.55496
0.4718
-0.496885
2.18056
1.55244
1.11519
0.533026
0.781379
-0.209467
0.0121706
0.958605
0.183905
-0.729996
-0.923313
0.838916
2.0079
1.40623
0.190717
0.0504488
1.2144
0.686494
0.927973
0.287989
2.99
1.24489
1.26488
0.41404
0.775936
0.970195
-0.764932
2.25131
0.278134
0.336824
-0.604417
-0.0591717
0.402266
0.796668
0.162732
-0.316205
1.67841
0.352216
1.3057
0.938869
0.247581
1.54196
1.24158
0.536628
1.30674
0.0163846
0.546781
0.110554
-0.392633
0.295402
-0.0262799
1.54396
0.13788
0.491406
0.0853292
-0.176574
-2.09176
0.02237
0.289776
-0.0286642
-0.563109
0.475834
0.731257
1.95266
0.0488017
-2.06483
1.43892
1.05614
2.02636
-0.744457
0.537111
0.289051
0.00896116
0.98458
0.646291
0.744084
0.471589
-0.135083
-0.966207
0.0548097
0.792703
1.02082
1.60611
0.788226
-0.237924
0.537788
-0.261604
-0.15419
0.0702643
0.422198
0.478197
0.444622
1.15947
2.20317
1.04239
1.08905
0.935629
1.14053
0.690002
-0.466537
0.475989
-0.924719
-2.7315
-1.16921
1.2177
0.364382
0.878239
-0.412778
1.15952
-0.123853
1.13553
-0.058382
-0.412044
0.70243
-1.17701
0.373999
-0.0749628
0.134825
0.996647
1.65528
0.427105
-0.0602482
-0.905885
0.152622
0.60588
0.797876
1.02491
0.941805
-1.09741
0.527566
-0.848392
0.697243
-1.97026
1.16121
1.16529
-0.203247
0.324139
1.06901
2.66024
1.05163
1.87428
1.04475
0.0371311
0.556148
1.32785
2.37687
1.04659
1.36981
-0.260724
-0.0593086
0.0582525
0.907397
0.940495
1.04848
1.20222
0.528297
0.650009
0.0503175
1.16014
0.550731
-0.0438563
-0.114368
0.496363
-0.431752
-0.0830342
-0.0322273
1.03459
1.69966
1.22823
-0.249804
0.140195
0.796808
0.719592
0.428728
1.7503
-0.259879
0.14114
-0.320468
0.723436
0.973244
1.05496
1.52429
0.604255
-0.424512
1.73756
-0.584628
0.860936
0.776043
1.23246
-0.321726
1.52953
0.106851
0.563669
0.730023
0.763652
0.484537
0.840359
-1.13126
0.836742
0.312441
1.20098
0.0856284
1.54526
1.54077
1.49926
1.27238
1.40566
-0.671089
0.530039
1.56043
0.437285
0.96121
0.969417
-0.273752
1.77877
1.73046
2.73349
-0.286231
1.78426
1.42955
0.135591
-0.402495
0.395086
0.42658
1.07285
0.997826
0.299179
1.42205
-0.388507
-0.285878
-0.372913
1.65616
0.32903
1.44785
-0.747863
0.710334
0.821172
-0.0802673
0.453213
0.767513
0.83369
-0.00964042
1.6373
1.4481
-1.53547
-0.521249
2.27733
-0.637867
1.13517
2.06582
1.34036
1.77298
1.21361
-0.395627
1.25735
0.365889
1.23775
1.43577
1.07069
1.48693
0.53144
0.9642
0.191513
-0.498804
0.368919
1.43522
1.94105
0.392083
-0.167923
0.690725
-0.360451
-0.389129
1.1849
1.43339
1.25447
1.4974
1.04335
0.824845
-0.0105413
1.06008
1.71682
0.523092
-0.269891
0.321577
0.804086
1.17663
2.42345
0.803521
0.163735
0.723646
0.416052
0.76718
1.11989
-0.501432
0.796187
0.698014
1.62469
0.997695
0.320214
0.372106
0.589603
1.25729
0.125728
0.0981297
1.32813
0.0897315
0.898603
1.05656
1.80771
0.290505
0.400372
1.40286
-0.0579412
0.770257
0.0363622
1.91696
0.440048
0.0827011
1.14784
0.295983
0.0549375
0.227763
-0.660674
1.25637
0.824864
1.90401
0.211007
-0.0610627
-0.454581
0.450202
1.59665
-0.264961
-0.461869
0.013774
0.340688
1.18442
0.571453
0.345149
0.698826
0.947168
-0.135744
1.1509
0.779389
-0.292687
0.858328
1.43009
0.747141
0.927131
1.07187
1.2186
1.61507
0.712072
-1.23113
0.478148
1.22109
0.615431
0.957494
-0.942429
2.24457
1.71536
0.621474
-0.111518
-0.0926433
0.900183
0.779543
-0.655817
0.579029
1.95191
0.819233
-0.767753
-0.381499
0.589509
0.533118
-0.00981798
2.31157
-1.14524
0.253406
0.445846
0.538239
1.13224
-0.0664908
1.35075
1.38377
0.329622
1.40355
0.494161
-0.208155
2.29193
0.137049
1.29521
-0.176114
0.129894
-0.0966134
-0.139611
1.00416
0.124238
0.854022
-0.169017
-0.850325
-1.09766
-0.211125
0.622109
0.918219
-0.177131
-0.596558
-0.0424861
0.409907
1.2548
-0.196348
1.18489
0.574367
1.19152
0.119251
0.641638
0.455251
0.438744
2.24496
-0.150784
0.764124
1.94259
-1.90145
-1.02729
0.75167
0.0937481
0.152279
0.0515814
0.368737
-0.209162
1.47643
-0.457765
-0.546348
-0.7203
-1.06688
-0.323074
-0.471941
0.0402439
0.107789
-0.101703
0.602398
-1.95286
0.883467
1.50127
0.3662
1.63305
1.52178
-0.185828
-0.112366
0.740969
-0.201788
-0.451969
0.80805
0.83729
1.4139
-0.0174235
-1.20141
0.66655
1.25366
0.394878
0.244493
-0.0416018
0.665406
-0.400123
-0.448624
-0.488586
-1.82111
-0.759254
0.132014
0.314901
1.37822
-0.902737
0.230646
0.249295
1.81636
0.55935
-0.0776073
1.90995
0.460435
-0.779403
0.286933
1.15215
0.83832
0.844424
0.99914
-0.691844
0.619667
1.71066
1.18225
-0.333884
-0.616244
-0.916133
1.54949
0.469314
1.09356
2.29626
2.31188
2.0856
-0.0834541
1.6664
-0.550438
-1.41669
-0.456291
0.970011
0.995668
-0.452179
-0.136362
0.923983
0.761767
0.450805
0.536444
-0.110756
1.32168
0.00754511
0.00737439
1.45362
0.493402
0.654435
0.753065
0.424124
2.62592
1.3438
1.37817
0.531022
1.13717
1.49592
0.294121
0.849677
-0.464658
-0.422145
-0.774948
0.517814
1.20391
-0.334959
0.697103
0.704206
0.87423
0.665644
-0.350955
-1.1744
-0.193563
0.655248
0.0842386
0.153758
0.623806
1.24646
1.55968
-0.0587492
1.20453
0.117051
1.24075
0.810519
0.0836024
1.92436
0.69965
-0.577421
0.229027
-0.3621
-0.663729
-1.07192
-0.36997
-0.613285
0.713253
0.507425
1.69968
0.273432
1.19283
1.5794
1.64345
0.28354
0.31293
0.467866
-0.284845
-0.0633487
0.335644
0.423016
1.26365
-0.263338
-0.0814236
0.494908
0.0683489
-0.106427
0.12229
0.685272
0.239745
2.16559
1.57793
0.586584
1.53904
-0.0633894
-0.226252
1.23248
0.895098
0.385233
1.68465
-0.0608103
-0.0534375
1.02859
-0.871555
0.551796
0.961795
0.853119
0.481358
-0.549213
2.24171
1.14543
0.458512
1.70125
0.433984
1.02517
-0.241222
1.3301
-0.312945
1.77925
-0.873978
0.737342
-0.70578
0.212817
0.849972
1.89816
0.352031
0.459481
1.45946
1.60241
0.648899
1.1325
-0.0207003
1.28498
0.94191
0.797447
1.4826
1.28951
-0.431616
-0.455116
0.148096
0.97758
1.27215
0.584558
-1.1855
-0.666211
1.54493
-0.237102
1.74737
-0.391678
-0.324356
-0.257815
0.834987
0.0838941
-0.0297928
0.438077
1.62203
0.171651
0.0980985
1.4435
1.2591
0.989934
0.478975
0.597376
1.50884
-0.759886
0.80487
2.07665
-0.460034
1.01037
0.712732
1.30052
0.723287
0.70725
2.49057
-0.332528
1.01074
0.593333
-1.03166
1.7919
0.593086
0.778771
-0.0156978
1.22536
2.96239
0.611171
-0.399994
-0.939154
1.14302
-0.231642
0.972148
0.200955
0.613427
0.38004
-0.0535953
-0.522351
0.0543829
0.779568
0.188991
0.59454
0.985778
0.370113
0.824644
0.160183
0.25042
-1.30758
0.00657114
0.249395
-0.578878
0.337882
0.0449605
1.21865
0.925987
2.96625
0.377981
0.926232
1.83802
0.679634
0.360121
-0.880134
-1.17722
-0.802821
0.623501
0.811896
1.18203
1.0416
-0.250448
1.22431
1.60131
2.27254
0.203882
-0.629251
-1.69291
1.83469
-0.423393
1.11059
1.7637
0.933875
1.50158
1.90874
1.55428
0.259166
-0.0698729
0.651422
1.95265
1.39232
0.640694
1.19365
1.2875
0.266379
0.306361
2.2296
1.11762
0.343009
0.609059
1.21843
1.62549
0.474301
1.36904
1.77393
2.29432
0.205675
0.675221
1.30469
-0.0164069
0.338801
0.283779
0.815584
1.08283
0.56775
-0.0132929
0.0201403
0.190644
0.61532
1.33176
0.956341
2.0902
-0.0375953
-1.2031
-0.280439
2.18119
-0.947276
1.07952
0.754177
0.0676992
0.0590244
0.416076
-0.289347
1.23141
0.84894
1.1245
0.418035
1.26012
1.77645
1.39706
1.52261
0.192069
0.87693
0.591673
1.85925
-0.244067
0.244344
0.803236
1.96554
0.175618
0.173255
0.933015
-0.878601
1.29448
-0.315485
1.89391
0.975673
0.941823
0.74172
0.479913
1.75959
0.367323
0.631577
1.86494
-0.761043
0.262204
-0.0447037
0.0412855
1.07204
0.385738
-0.471679
0.905957
-0.509429
1.62129
0.341595
2.59729
1.11745
2.25437
1.00573
1.28759
-1.62975
1.25898
0.29195
1.82917
0.629845
1.02612
1.96596
0.152643
-1.00702
0.429794
-0.0909152
-0.534783
1.60692
1.41122
-0.607399
1.18066
0.318744
1.30214
2.03994
-0.519432
0.727848
0.866416
0.161153
1.29422
0.193552
0.0322797
0.125448
0.877853
0.0455721
0.227219
-1.26159
1.46368
0.45354
-0.707965
1.53563
1.05966
0.285634
0.972926
-0.36441
-0.264628
2.18559
1.10734
1.5605
0.899032
-0.62829
0.199261
1.99033
1.51135
-0.017752
0.915369
0.268942
-1.10894
0.145579
0.394453
0.521315
-0.0366947
2.04519
-0.0835333
1.06433
2.43606
-0.513755
-0.132234
0.0138766
1.62579
1.00814
0.109371
-1.16532
1.09832
0.2425
1.00382
1.68941
0.212787
1.28021
0.407789
0.517899
1.9938
0.00761092
1.05894
0.576193
0.0571036
0.312222
-0.0632475
1.39274
0.182611
0.303816
-0.705851
0.760537
1.38501
1.14533
1.26288
1.37038
-0.308808
0.168339
1.63494
0.665299
0.895872
1.29798
-0.505167
0.400929
-0.637204
1.70171
1.31049
-0.779581
-0.0882608
0.61013
0.612785
0.673717
-0.627388
0.739307
0.650281
0.713479
0.130378
0.986076
0.190113
0.559925
0.424354
2.71879
0.678286
1.76612
0.57994
-0.615036
0.985696
0.855161
0.918876
1.01551
0.973884
-0.712375
-0.800355
0.430839
0.618469
-0.22924
0.0922708
0.641414
2.77631
1.77344
-0.608211
2.47618
1.17213
-0.371132
0.947778
1.58729
1.21777
-0.537778
0.939488
1.24699
-1.36881
1.93991
-0.698868
0.300275
-0.0107929
-0.246343
-0.147422
-0.252532
1.0172
1.01883
0.61725
1.5812
0.806084
1.17279
1.70174
-0.629425
0.104234
1.73899
-0.374888
2.11806
-0.524958
-0.770187
1.22401
1.24462
0.271921
0.0760117
-0.26454
0.832854
-0.398527
0.214394
0.157941
1.42591
1.46779
-0.280261
0.6695
2.67957
0.946214
1.31949
0.90717
-0.316991
0.941441
1.05702
1.17044
1.94671
0.867134
0.834563
-0.0441199
0.828431
1.47421
-0.23415
0.5342
-0.287585
0.667599
0.248101
0.727043
0.324178
0.171466
-0.0404644
1.25521
-0.546037
1.27986
1.74952
1.18393
-0.575811
1.68679
-0.119304
-1.48711
0.361206
-0.149832
0.176426
1.13673
-0.716739
0.454933
0.580623
-0.212605
-0.453778
0.16262
-0.518597
0.984727
0.128294
-0.734001
0.957176
0.757492
0.813266
-0.0290952
0.933028
0.36535
-0.433156
0.443535
-0.521302
-0.207766
0.962981
1.37221
0.695503
1.60679
0.02231
0.258866
0.47924
1.32781
0.866255
1.24441
0.909403
0.0697377
-0.222252
-0.144558
-0.39064
1.43786
-2.01836
0.850905
1.59815
0.26265
0.817071
0.512985
-0.333642
2.53111
-0.212548
-1.92849
1.52514
1.58159
0.22569
1.69386
1.42442
0.649006
0.277352
2.30113
2.82283
0.420323
0.941148
-0.838318
-0.118331
1.58353
2.17245
-0.844086
1.93619
0.490579
0.374268
1.73282
0.162715
0.612011
1.21807
0.253845
0.314614
-0.350583
-0.417488
0.0323999
1.03556
0.0974765
1.57571
0.118746
0.0701389
1.56979
-0.305398
0.514722
-0.00427463
0.22374
0.335861
1.1871
0.0480628
0.667429
-0.0474724
0.418131
0.344763
-0.295596
2.21184
0.659159
0.809303
2.04459
1.0798
0.13333
0.0266689
0.839395
-1.45029
0.996588
3.36167
0.47747
-0.200009
0.261654
0.473956
1.21303
0.428232
-0.988276
1.43986
-0.416822
0.52535
1.32123
0.661639
1.51096
-0.046232
-0.725453
0.821204
1.1057
0.964034
1.53378
-0.0217348
-0.787405
1.27956
1.75902
0.152391
-0.427845
-1.10829
1.47391
0.00897111
0.817517
0.929207
1.4535
0.803507
-0.450323
1.03654
1.22725
0.149239
0.840369
-0.480468
0.588416
-0.839529
0.502889
1.45013
1.39446
0.996297
1.19272
1.42992
0.591771
-0.413891
0.212919
-0.474979
-0.201894
0.0281898
0.528373
0.421252
0.335718
-0.0112234
-0.475938
1.20563
0.850829
1.42541
-0.0695927
0.922602
0.693919
0.420518
1.20602
-0.150723
0.141564
-0.581018
-0.300757
-0.756701
0.589322
0.688763
-0.30645
1.5796
-0.155308
0.782119
0.398128
0.159547
0.143529
0.680438
1.85698
-0.0604623
0.534659
-2.28972
0.764393
0.588258
0.695782
0.471688
0.286316
0.504233
0.879612
0.327142
1.30117
0.250005
-0.221683
-0.382014
0.797957
-0.375653
1.35741
0.0619309
-0.0303212
-0.804418
1.74904
1.05143
0.771708
0.0870095
1.31277
-0.112081
0.751004
1.69025
0.0124079
-0.39552
-0.122204
-0.0545627
0.702455
2.09991
0.454813
0.0614059
0.936098
2.39596
-0.0360458
-1.17121
-0.310133
1.72969
1.81694
-0.44977
1.23657
-1.461
2.18425
-0.863696
-0.896715
-0.354129
-0.192229
0.0862916
-0.163826
0.501068
0.843792
-0.736222
-2.56454
-0.631556
0.424968
-0.555423
0.907472
1.37799
-1.28977
1.06041
-0.471966
2.13902
-1.61645
-0.286924
1.86233
-0.239559
1.62853
0.588088
-1.21251
-0.179304
-0.312064
0.164671
0.130203
0.680017
1.02775
1.02514
-0.0180962
0.505239
-0.0874892
-2.21806
-0.452289
-1.63546
0.474829
0.140006
1.37424
1.76034
1.30951
1.29374
2.11812
-1.20656
0.296251
1.14951
2.00126
1.53791
-0.142304
1.13962
0.68906
-1.22625
0.488812
0.767626
0.515598
-0.0120186
1.86462
-0.553493
0.362197
0.25488
-1.33007
0.595729
1.44264
0.0658671
1.87595
-0.449179
1.10354
1.10483
0.835498
-0.392901
1.05266
-0.343959
1.27447
1.24958
1.40068
0.760663
2.34468
1.22436
0.0278364
0.234909
0.0795814
1.76376
0.43938
-0.222324
1.11762
0.0461317
-0.954772
0.359396
0.0489192
-0.328602
-0.912274
1.03641
0.920369
-0.572161
1.56575
0.968302
0.706265
0.288131
0.520994
1.27111
1.38319
0.0162254
-1.72841
-0.752131
1.03156
2.84075
0.246548
1.57935
0.387039
1.40796
-0.712428
1.20277
1.53133
0.770045
1.85007
0.996958
2.87505
1.42552
0.193135
-1.19479
0.682014
0.61608
0.485729
0.0283299
1.44543
1.20238
1.33495
0.556328
1.6877
-0.212997
0.689429
-0.984948
0.249881
0.846632
0.591287
-0.292171
-1.01926
-1.54626
0.739203
1.35747
0.889749
2.18563
0.489304
1.01976
0.170925
0.866208
1.33427
-0.735346
-0.15664
-0.147824
-1.23974
0.185821
1.18249
0.0122628
0.547756
2.01069
-0.340904
-0.370623
0.0781361
0.110837
0.235238
0.185007
0.275344
-1.65021
-0.0600674
0.354275
-0.0252819
1.15123
0.0600368
0.994475
-0.352334
1.31429
1.28608
0.278425
-2.11265
-1.46118
1.97626
0.164315
2.13299
-0.784
0.439505
1.52701
2.86962
-0.229763
-1.41909
0.146377
-0.626869
1.66138
0.299782
0.132683
2.09563
-0.213131
-0.166978
-0.802869
0.637946
-0.442261
-1.27926
-0.491879
-0.117098
1.63384
1.98798
0.424948
0.40207
1.09065
-2.00203
-0.730754
0.217826
-0.75125
1.88027
-0.0840074
0.568353
-0.517734
0.840639
0.507201
0.432319
1.12169
1.01195
-0.976707
-0.0587407
0.967512
-0.0598417
0.030903
-0.774124
-0.620159
0.0534954
-0.110201
-0.0607454
0.467204
0.255607
0.25368
0.0241474
-1.49199
1.51784
1.46184
1.32084
1.81897
1.00087
1.94747
1.10019
1.82187
0.893385
-0.600367
-0.165474
-1.21338
-0.00565722
-0.180601
0.415139
1.20826
0.530745
-0.0951275
1.84991
0.995197
0.819636
1.5236
1.0563
0.409204
1.68862
2.25711
-0.0370303
0.785966
1.19423
-0.279546
0.446215
0.405345
1.20577
1.29415
1.74599
1.54052
0.579437
-0.166947
1.47647
0.513999
0.622322
-0.551977
1.29129
2.24836
1.69876
-0.464236
0.210637
0.791451
-0.870997
-0.0914002
-1.06025
0.683377
0.284711
0.676239
0.0486389
1.60946
0.263789
0.837728
0.308841
0.29327
2.16343
0.529733
1.45757
0.656908
0.898463
0.185444
0.273883
0.955742
1.37539
-0.237538
-0.269568
0.541366
-1.44531
0.558938
-1.25295
-0.775743
0.729534
1.91757
2.17684
0.987282
-0.758827
0.704452
-0.589352
0.968258
2.73964
-0.133529
-0.443075
0.146761
1.04411
1.61825
0.204719
-0.0306274
-0.252753
2.03979
1.89817
-0.159467
-0.169375
0.547279
-0.209703
1.476
-1.39695
1.40058
-0.206907
0.544279
-0.588598
0.884416
-0.227784
0.212313
0.868796
1.68248
2.15239
0.861925
0.80488
0.531876
1.52841
1.28689
-1.473
-1.06368
0.636261
-0.0534989
0.0630569
-0.0404745
-0.357978
0.789982
0.712074
0.150552
2.00055
0.433525
-1.14878
1.56969
2.12771
0.797516
1.38672
0.625406
-0.0665524
1.16351
-0.109493
1.00878
1.21354
0.0369773
1.10994
0.547325
0.657867
0.584732
0.519974
0.836695
-1.49976
-0.767761
1.84081
0.0141876
1.55574
0.530073
1.36321
0.883835
-0.63712
-1.68378
1.63595
0.604398
1.41899
-1.33819
0.194186
-0.550342
0.330294
0.247755
0.486173
0.813994
0.61393
-0.425068
-0.321494
0.0963158
-1.17177
-0.196601
-0.694323
0.505135
1.4179
2.04348
0.552581
1.60652
0.0112407
0.468719
0.538365
2.02948
0.976323
1.08986
0.0936552
0.985669
1.25332
-0.471055
0.672903
0.691927
1.83989
0.93319
0.438811
0.914595
2.21826
1.29322
2.23178
-0.622839
-1.52868
1.61519
3.47889
2.05113
1.11645
1.58532
-0.331308
0.753744
0.591352
1.12982
1.00162
-1.63115
2.87357
-0.594645
-0.0740658
0.903509
0.863756
0.580917
-0.61153
0.221924
-0.685612
-0.157435
0.138455
0.0578361
1.62193
0.340235
1.18158
0.431431
0.876817
-0.854392
0.73893
-0.141442
0.902989
1.22191
1.84064
0.604511
-0.359829
1.07667
1.93615
0.42218
0.287009
0.520313
0.814466
-0.0443883
1.20046
0.737433
0.955504
0.0693592
1.41207
-0.305752
0.877975
-0.0597858
0.920554
-0.262455
0.65543
1.18993
-0.485837
1.51728
1.19296
-0.484923
0.0985593
0.305666
0.798425
0.489386
0.297354
-0.0671807
-1.06237
2.02776
1.78035
0.358613
1.37952
0.759052
1.12289
0.913826
-0.0746172
-0.261779
-0.650606
0.589898
0.741736
0.391806
-0.567912
0.923943
0.837763
0.946253
-1.04003
0.823178
0.635666
0.00300698
0.120352
-1.81071
0.192345
0.137692
1.54396
-0.25043
0.580954
2.27233
1.40553
-2.57986
-0.0402746
0.611309
-0.444397
0.360177
-0.624046
1.75418
0.410233
1.9082
0.0752117
1.00981
1.54066
1.27101
1.89287
0.373068
0.173641
0.361693
-1.50748
0.638068
0.0402606
1.66912
1.08097
0.708729
0.472696
-0.316058
1.60027
0.535065
-0.380645
0.278938
1.18594
0.75912
0.826288
0.845241
0.785248
-0.475421
0.556531
0.177938
-0.818834
0.0347029
-0.240263
0.589433
0.0364928
-0.0450463
-0.320887
0.402653
-1.09105
1.82715
1.01623
1.15803
-0.56144
1.20316
0.670469
0.00145694
0.163922
-0.200345
1.70678
0.978822
0.705913
0.716688
-0.765182
-1.17166
1.3065
0.339088
0.926627
0.172206
0.712547
0.176438
0.741664
-1.86418
1.87549
0.718444
1.67532
0.22971
-0.0077245
-0.0404928
1.52664
0.164308
0.252396
1.17816
1.8866
0.219551
0.351459
1.47397
-0.270178
-0.555295
0.45038
0.616439
1.85679
-0.91198
0.638264
0.743313
1.65331
-0.463612
0.238413
1.31115
0.478837
0.0786761
2.57554
0.852822
0.948662
-0.380175
2.66152
-0.0181261
0.0961151
1.92359
-0.778784
0.410785
-0.856743
1.30628
0.711838
0.639725
0.432869
0.647502
0.357767
1.68114
1.40185
0.164187
1.19341
-0.249055
0.181525
1.59297
-0.345682
-0.124041
0.283601
-0.415431
-0.697208
0.321558
0.478402
1.90834
1.2229
0.532964
0.043031
0.888327
-0.0925909
1.02647
2.49609
0.942964
0.402373
0.794821
0.828304
2.3729
2.40662
1.25449
0.848859
1.22318
-0.515835
0.37903
-0.522818
-0.180039
-0.525253
1.8549
0.712811
0.434234
1.23821
-0.439721
1.20311
1.6291
1.90411
0.20218
1.49534
1.69718
0.596349
2.07635
0.963494
0.214418
1.8862
-1.02429
1.15119
0.581838
1.03487
-0.097196
0.312639
0.839295
1.8062
0.814582
1.01551
-0.331414
1.02808
-1.02105
1.28421
0.277009
0.997083
0.425379
0.0583392
1.19375
1.03967
2.03075
0.902285
1.5126
0.396791
1.85703
-0.138884
-0.112874
1.89372
0.888764
0.368248
0.599709
-1.9533
2.1931
-0.118887
-0.507395
0.2017
0.874155
-1.17127
-0.985812
2.53806
1.12067
-0.84341
-0.61564
-0.743348
-0.792756
0.493107
0.700973
-0.0532551
0.388745
1.38675
0.246933
2.36001
-0.156304
-0.544804
0.863483
0.216843
0.072901
0.193636
-0.950301
1.02545
1.25656
1.49401
-0.0449126
1.48908
-0.931084
-0.19967
1.11751
1.18351
2.28158
0.759848
0.564541
1.73265
-0.243779
0.113322
0.52535
2.68207
0.874968
-0.430924
1.65553
1.48616
-0.234351
-0.105319
-0.605791
1.65243
-0.645109
0.368596
0.66614
-0.749812
0.0695173
0.142787
1.77334
-0.835676
0.801732
0.698196
0.885052
0.617276
1.20731
1.24019
0.716137
1.59913
1.35538
0.292187
2.35267
1.59509
1.67818
0.156214
0.439029
-1.38145
0.709267
1.40252
-0.073462
0.23247
1.24682
-0.108865
1.29958
2.30916
-0.199673
1.28502
-0.221134
-1.20994
0.171633
-0.158312
0.191511
1.43325
0.119371
0.0909289
0.576474
2.37496
1.38651
0.647833
-0.615479
-0.263841
-0.188565
-0.371068
2.53066
-1.19098
0.801901
1.21061
0.339682
0.638596
1.2942
-0.0598707
1.03215
1.32189
1.2265
-0.049612
1.10672
-0.0230604
0.619327
1.99878
0.0424877
2.39256
1.35305
1.04349
-0.0627664
1.7019
0.65665
0.584493
-0.436202
1.26169
0.665591
0.652945
0.707983
2.21647
-0.136034
-0.551543
0.504571
-0.0488423
2.1252
0.203483
-1.78237
0.413472
1.21837
-0.724814
1.18687
0.138225
0.775567
-0.6477
-1.25822
-0.605962
-0.0277169
0.37836
1.02281
1.18957
-0.291052
1.73272
-0.988675
1.90442
0.882628
-0.419933
-0.3418
-1.1916
0.151705
0.0994514
2.02957
0.100214
0.950247
0.969279
1.60137
1.73159
1.85393
1.18481
0.394488
-0.510142
0.556266
-0.0965889
1.03768
1.50085
0.43948
0.671077
-0.49384
0.912287
0.442886
-0.869287
0.569432
0.167431
-0.197053
-0.918605
0.307223
0.432181
0.171796
-0.135214
0.61099
1.71548
0.951257
0.702758
0.865172
0.874766
-0.375213
-0.459641
1.25654
0.776774
1.06127
1.00859
0.853586
-0.0112639
0.348663
0.976234
-0.801169
0.743154
0.865888
0.386551
0.0230822
-0.312055
-0.424394
1.45056
1.95343
0.598407
1.41474
0.471031
-0.135146
0.87619
-1.51232
-0.725384
-0.435773
1.01655
1.75535
-0.157621
-0.840064
2.64728
0.814764
1.46401
1.10036
-0.150005
-0.172099
0.699226
0.592374
0.35123
-0.175052
0.447919
0.42651
1.21988
0.211768
0.277526
0.615074
1.16244
0.757974
-1.17241
1.11089
1.40696
1.13636
-0.0225278
1.79423
-0.322691
0.398863
-0.420411
0.635403
1.42608
1.24015
1.97702
-0.00368837
0.224002
0.42234
-0.34013
-0.0460652
-0.735445
-0.453348
1.60328
0.0372338
0.451881
-0.871369
0.669709
0.764539
0.925503
1.43817
3.39074
0.975375
-1.27372
0.848076
1.79407
0.529913
-0.294994
0.853642
1.16531
-0.832291
0.152043
0.989697
-1.01367
1.24979
-0.79519
0.0446702
0.158463
1.86812
-0.505124
1.06856
0.276289
-1.05482
-0.84872
0.0396795
1.20955
-0.251926
-0.567869
-0.649184
1.70605
0.227933
0.925737
1.47023
0.0414752
1.20732
0.849916
0.899974
-0.193728
-0.52762
0.42565
-0.367484
1.80309
0.258478
2.1833
1.27428
0.291514
2.07409
0.571783
0.197925
-0.151484
0.599497
0.242115
2.19043
-0.0541595
2.33912
1.21155
-0.321773
0.677506
-0.891236
0.0991934
0.903306
0.215039
0.994283
0.914641
-1.11028
-0.934376
0.306296
0.178229
1.60826
-0.10411
0.132705
-0.189026
0.0867884
-1.11276
0.283089
0.215308
-0.301448
0.762773
1.34103
0.855546
0.558537
0.159815
1.82582
0.652557
1.44134
0.684535
-0.625869
0.320674
1.65651
0.962018
0.46086
-1.11163
-0.0783764
0.503616
0.408631
0.456133
0.999677
-0.802826
0.576131
0.356727
0.107588
0.750313
-0.610926
-0.0291747
-0.793227
0.465869
1.62053
0.7246
-0.205383
0.600347
0.394537
0.191913
1.117
1.57317
1.01062
0.395852
-0.938242
1.21235
1.56688
-0.356758
1.23193
-0.0717435
-0.238526
0.776518
2.72411
0.846054
-0.204569
0.562045
0.383337
0.0973435
2.26664
-0.369388
1.20541
-2.65622
-0.260941
-1.94555
0.882668
-0.437358
-1.42036
0.775668
-0.368475
1.01486
1.98657
0.674654
0.721431
2.71296
-0.613196
0.451414
-1.52826
0.877589
1.76699
0.945601
2.10459
1.11872
0.482686
1.57434
0.107458
0.169508
0.600692
0.951247
-0.398825
0.114181
0.135688
-2.01965
1.23678
0.46826
-1.16728
1.33091
1.0399
0.762704
1.12802
0.0153145
0.168529
0.391909
-0.750183
2.24669
2.545
1.51396
2.45362
-0.997946
0.640653
0.000548399
0.0661323
0.825514
0.244014
0.225904
0.355908
0.327054
-0.80406
1.94165
0.789296
0.460422
1.61833
0.880865
0.562972
1.64109
1.53548
-0.852335
0.39948
0.367604
-0.861019
1.6137
-0.300412
-0.427834
0.708787
1.22947
0.18125
0.588159
1.86572
1.48612
-0.632017
-0.433542
0.549414
0.918379
-0.303351
-0.158972
1.60645
0.744557
1.3474
-0.893463
-0.325743
-0.139943
-0.288326
-0.457159
1.29105
0.443641
-0.215737
-0.091615
-0.584257
0.563732
0.577295
1.3077
0.152169
1.12843
0.0698722
0.333998
2.21287
-2.25566
0.970942
0.676573
0.744174
1.10304
1.31198
-0.0973282
1.70357
0.807566
0.36231
-0.345115
0.683905
1.67472
-0.132732
-0.34072
-0.101584
2.28437
0.459355
1.42418
0.961887
0.544229
-1.03409
0.203036
0.231699
-0.35256
0.31294
-2.0724
1.44324
0.772658
0.73957
0.278632
0.372293
-0.733801
0.971455
1.6465
0.877565
1.22414
-0.283029
-0.160065
1.46581
-0.239646
0.861843
0.385424
0.402749
1.3614
0.582797
0.821264
1.54592
0.137313
0.227443
-0.168423
1.00274
1.49036
1.92866
0.986016
0.373559
-0.71687
1.52907
-0.33757
-0.356716
2.14128
2.46691
1.19412
1.30344
-0.794318
-0.33079
-0.699871
0.699496
0.296561
0.168818
-0.325433
2.30762
-0.477609
0.982438
0.0448925
1.78432
0.889374
0.422552
-0.256184
-0.162037
0.948758
-0.565785
-0.467195
1.69874
0.344371
-0.66119
0.689187
0.990518
0.867174
1.07069
-1.16653
0.576091
1.1098
0.409516
-0.154889
-2.40572
1.36729
0.0941536
1.64292
-0.924465
-0.0416949
0.806286
0.259779
0.255172
-0.981846
0.976938
1.677
0.691846
1.30675
1.07236
2.22484
0.47946
1.80722
0.11847
2.533
-1.6967
0.548339
-0.279951
0.671954
1.56953
-0.40832
0.253269
0.577804
0.971415
1.62326
-0.813038
0.131933
-0.300739
-1.68477
-0.249404
1.25104
0.661108
1.92478
1.03114
2.1649
0.426694
-0.18725
-0.149668
0.257438
1.05074
-0.0400537
0.424575
-0.0560273
-0.169259
0.0638828
-0.45404
0.726151
1.39566
0.230375
0.422052
1.03895
1.26245
1.62419
-0.728489
0.948124
-0.0205497
0.48971
-0.234705
-0.0803956
0.0288707
-0.0148679
-0.0268519
-0.0792504
-0.764416
1.71204
0.840644
0.807443
0.492098
2.04031
-0.761906
1.44418
1.7448
-1.2767
1.33487
-0.0705337
0.577125
0.863846
-0.5379
1.06981
0.817266
0.527497
0.498732
0.968085
0.774319
0.862866
0.533644
0.865288
0.980688
0.386988
1.05863
0.775117
0.376074
-0.0460193
1.29
-0.190599
0.0737396
0.876653
0.203578
0.796566
-0.542079
0.789509
0.671369
0.091659
-1.76882
-0.784637
-0.139057
0.333872
0.302835
1.92233
-0.581193
2.15117
-0.480685
0.230685
0.298908
0.442007
1.48278
0.0502382
0.850383
-0.716699
1.63427
1.02172
1.64574
0.977275
0.00851117
0.436639
-0.5159
1.30236
-0.172487
1.62076
0.475435
0.322309
0.687263
0.793552
1.29984
1.65188
-0.156974
0.106432
1.16725
-1.01088
-0.126755
1.25788
0.285128
0.387754
0.0115993
-0.170146
1.45431
0.141753
1.4347
1.04899
-0.909875
0.224567
0.772066
0.897083
0.625721
2.40487
-1.04585
0.42442
-0.19149
-0.711177
1.03213
-1.5692
0.946197
1.31531
0.182895
0.13061
0.893414
1.23526
1.25801
1.12089
-0.143678
-0.268806
-0.364242
0.085415
0.344129
-0.753973
0.506077
0.984357
1.38126
0.602163
0.78331
0.385649
-0.236288
1.02269
0.0903411
0.889896
1.21133
0.828799
0.546305
0.605706
-0.176825
0.633197
-0.484815
-0.441321
0.500036
0.204227
-0.457717
0.362539
1.23986
0.836105
-0.548422
0.383708
-0.785336
-2.05128
2.84581
-0.373596
1.9126
1.68328
0.815459
1.73249
0.9889
1.6846
-0.380209
-0.470824
1.40402
0.966596
1.02074
1.04248
-0.636082
0.962474
0.301189
1.06743
0.509294
0.84016
-0.727155
0.416668
-0.0395148
0.339765
-0.111026
1.13496
0.807652
-0.67963
0.310075
-1.25966
0.667114
-0.146479
1.11771
-0.772563
1.17074
0.467105
0.743785
-1.17439
1.68993
1.5769
0.146769
0.697067
1.39975
1.36356
-0.170056
0.836743
1.35925
1.43019
1.72242
1.02444
0.921132
-1.12409
1.16612
1.30159
-0.550337
0.92366
0.906735
0.390063
1.09071
-1.20742
-0.349894
1.85066
2.57061
0.984841
-1.25836
0.0108675
1.22303
1.20641
0.756064
0.100409
0.818123
-0.416779
-0.521195
1.39013
-0.769393
0.996046
0.0712815
0.670757
-0.0607525
0.44142
1.1647
0.260559
0.270389
0.626942
0.287753
0.311406
0.730743
0.593493
-0.795774
-2.43842
1.17395
0.870932
1.17228
0.710623
-1.47406
0.431371
1.12031
0.261226
1.74462
0.110654
-1.09344
1.02193
-0.163463
-1.69497
0.778305
1.32625
1.67173
-1.14755
0.2097
0.612102
0.826604
0.663972
1.94433
1.4039
2.08927
-0.674004
0.517265
1.35629
0.490926
0.58166
0.6883
-0.494153
1.50369
0.644564
1.4993
0.296762
1.20586
-0.483796
0.97207
-0.358257
0.454171
-1.76798
0.702639
0.784326
0.610826
0.970704
0.145152
0.552041
0.286106
1.48497
2.62566
1.01464
1.04707
0.418282
0.53464
0.256626
-1.07182
0.993876
-0.355838
1.12923
-0.0280144
0.0083516
0.811588
1.13083
1.10334
-0.620432
1.78699
1.54233
0.564416
0.693026
1.60773
-1.04115
0.444903
0.548771
0.764122
0.677892
0.909723
0.502915
-0.543355
0.444194
-0.502523
-0.132563
-0.0907006
0.938084
-1.2115
1.53822
0.914553
0.999468
1.69104
0.41424
1.35662
-0.148373
1.21578
0.292246
1.25876
0.0979114
1.47857
1.3352
1.40835
1.03284
1.11047
1.40245
2.12208
1.94819
1.2818
-0.0686072
1.01896
2.30941
-0.0218149
1.23856
0.694671
-0.157587
-2.43769
-0.307862
-0.454779
0.949515
-0.902812
0.769926
1.66533
1.9704
0.161163
0.331946
0.877938
0.0944938
-0.321342
1.24427
0.98037
1.36817
-1.71281
1.67241
0.140176
1.1759
-0.73148
0.575249
1.02129
-1.08899
1.12274
0.384911
1.41974
-0.790429
1.67379
1.38006
0.438628
-0.309157
1.17186
0.415755
2.20662
1.66263
0.100863
0.354941
-1.06379
1.06045
0.893929
1.16406
1.11139
0.737297
0.895045
-0.744783
0.865422
-0.506585
2.09583
0.738827
-1.81173
1.19498
1.36474
1.11024
-0.7555
0.706793
0.210454
-0.930507
-0.463459
1.57191
0.761241
-0.00111866
-0.516725
1.45245
0.466438
-0.337448
0.0324404
-0.15506
-0.0672534
-0.522765
-1.39934
0.509407
0.887367
-1.72746
0.42908
0.0743952
0.61854
-0.377775
0.229856
0.0552903
0.517173
0.16246
0.0247259
-1.44194
1.42714
-1.03604
1.10933
2.31151
0.53348
1.26798
0.556989
0.115649
1.56866
2.29351
1.24026
0.314433
0.145647
-0.463152
-0.291939
-0.503892
2.16036
-0.868545
0.794757
1.12589
2.0008
1.24607
0.441419
2.11429
1.10106
1.22015
1.14807
1.88038
1.30662
0.711031
1.69447
1.95618
0.229031
-0.210746
0.601548
-1.00283
0.83086
-0.0127736
-0.335134
0.158575
-0.808627
-0.475274
0.221065
0.997735
2.03482
-1.23886
1.45903
-1.32217
2.8425
0.418041
0.675508
2.96895
1.91876
1.7663
-0.413116
-0.134163
0.53152
2.37444
1.02074
0.850762
-0.933147
1.08183
0.129168
-2.03434
0.814763
-0.851942
0.580071
-0.180066
0.222396
-0.888156
-0.483994
0.0465803
1.20831
1.14323
-1.71189
-0.0794853
1.34367
0.819789
-0.255411
1.33896
0.814996
1.01776
-0.680635
1.68877
1.74472
1.40742
0.151272
-0.564791
1.13141
1.93121
0.224172
1.47829
0.253159
1.9972
0.385651
1.97617
0.368544
-0.463469
-0.00137105
0.700709
-0.544467
-0.603212
0.647094
0.289461
0.863641
-0.322651
1.5379
0.370633
0.096502
1.22495
0.819641
1.18642
1.12271
-1.11011
1.6358
0.442891
-1.02732
-0.885509
-0.389534
1.43768
1.07507
-0.0929278
0.851228
0.557869
-0.536129
0.375919
-0.178322
-0.762887
-0.741133
2.02001
1.53127
0.553711
0.649475
1.55553
0.326751
0.261776
-0.625665
1.08013
2.60031
0.0496748
0.0532295
-0.331998
0.706645
1.27978
-0.149936
0.945764
0.169916
0.853141
0.973835
-0.0352972
1.01004
1.0781
1.068
1.79158
0.0963723
0.472679
-0.223431
0.207739
0.0436151
-1.27251
-0.917314
0.218805
-1.62065
0.830312
0.242947
0.453424
-0.921352
0.982412
0.887684
-0.16327
-1.38047
0.17851
0.0993881
0.607329
0.738154
0.565208
1.58875
0.41843
0.51442
0.0313327
-1.54972
0.30852
0.436078
0.10423
-0.356859
0.332208
0.835085
0.0583179
-0.404389
0.0766359
0.683343
-0.209039
-0.0708397
0.311582
0.783195
-0.72775
-1.44895
1.75218
1.14416
-1.02613
0.535693
-0.387629
0.347301
-0.893462
-1.16007
0.753512
0.409013
0.691763
0.255984
-0.0523288
0.278432
0.497297
1.29254
1.64862
0.866646
1.13994
0.443447
1.18307
1.32416
1.62135
0.824401
0.896065
0.513751
1.0824
-0.494683
0.285436
1.10224
0.479089
1.61047
0.286647
1.27647
1.10165
1.78023
0.685619
1.05769
-0.45167
-0.531982
1.49569
0.655445
1.48577
0.116018
0.533734
1.34143
0.865554
-1.6707
0.256196
-1.06252
0.761074
1.44321
1.92409
0.0269819
-0.291916
1.84407
1.32282
2.50365
0.562863
1.34152
-2.23077
1.54574
1.28909
-0.267571
1.72135
0.660195
1.5301
-0.334059
0.197513
-0.839571
1.61421
-0.795655
1.22652
0.205093
1.08653
0.963081
-0.659914
0.179436
0.95539
0.207408
1.78918
0.30577
-1.00101
-0.243793
0.437195
3.03676
0.165843
0.0335894
-0.75486
1.96007
1.34408
1.97033
-0.04921
0.284649
0.560851
-0.984082
-0.171733
0.34115
-0.332901
1.34672
1.25921
-0.138291
0.518167
0.673692
0.450522
0.829694
-1.37287
0.98699
1.48783
0.789561
0.612801
0.0955432
0.115294
0.94945
1.29826
0.834077
1.30191
-0.116245
1.20119
1.6011
0.814582
-0.242602
-0.346784
1.12907
-1.80635
0.449666
-1.30289
-0.325049
0.656387
0.360585
-0.242135
-0.995861
0.858649
0.100912
-0.281934
0.174346
0.122066
-0.2976
1.43841
-0.63405
0.0524213
1.18716
0.814176
-0.847346
-0.202866
0.389041
0.631286
-0.44605
0.341329
-0.112628
-0.431964
0.906951
1.805
0.461404
0.248648
0.355043
0.773538
1.96675
1.88176
0.624623
-0.734287
0.214282
0.260917
0.280781
0.14506
0.573662
-2.11593
1.65012
-0.467002
0.454121
0.374667
0.232313
-0.267291
0.414884
0.435321
0.644021
0.500074
0.534956
0.450228
1.72964
0.0299237
0.215643
1.27031
1.86251
-0.410214
-0.0499443
-1.03559
1.1964
0.0900694
0.627156
-0.691282
0.981627
1.21569
-0.61752
-1.18311
-0.328596
0.179211
0.401406
0.470741
1.05742
1.0122
0.975877
0.786718
0.511607
0.931191
-0.709845
-0.85982
-0.164489
0.834918
0.660095
-0.0330671
0.0772566
1.29135
1.16598
0.741947
1.21654
-1.9285
1.79699
-0.760921
0.656533
2.00104
0.572483
0.105296
0.770797
0.677077
0.460291
1.86719
1.10715
0.657944
-0.0697903
0.321183
0.801124
-0.432606
-0.169332
-0.726766
1.00707
0.465595
1.26495
1.07642
0.359325
0.472583
0.461977
1.07306
-0.998696
0.289781
-0.698819
0.204403
0.297546
1.82016
0.578272
0.719329
0.93806
1.92212
-0.313328
1.84907
0.742798
1.22537
0.819312
-0.951695
0.250974
0.524138
-0.847609
1.88801
1.15094
1.01307
2.27907
-0.1277
0.864656
1.68541
1.79752
1.61593
0.304576
1.62631
-0.0376952
0.785662
1.44677
-0.00869872
-0.670805
-0.245427
0.874693
1.26953
0.2085
-0.280117
0.00853973
-0.27624
1.18445
-0.468227
0.668413
-0.843866
-0.155216
-0.0193247
1.07227
-0.281638
-0.736849
1.24529
0.461468
-0.00693713
-0.527637
0.833966
1.71677
2.47633
-0.167841
0.652907
-0.0022988
0.589734
0.674096
-0.66274
0.677935
0.385102
0.574657
0.904984
0.997107
0.971262
0.744749
0.0281875
-1.44925
0.808018
0.881448
0.553119
-0.45119
1.49018
-0.792334
-0.113376
-0.366876
-0.93069
0.573246
1.14856
0.831025
1.19057
0.871237
1.85239
-0.234399
-0.0739707
0.452216
1.36995
0.428514
-0.366961
0.704253
0.596878
0.499669
0.828172
0.255117
-0.543295
0.409194
-0.992538
0.475127
1.14901
0.978567
0.818205
0.502793
1.26817
0.715727
-0.0692247
0.703933
1.42312
1.73603
0.465833
0.370475
0.872033
1.04477
1.46904
-0.880614
-1.12726
0.633363
0.363375
1.17848
-0.0767235
1.61149
1.2911
-0.395006
-0.32945
0.90222
0.344335
0.955557
2.56193
0.333919
2.56711
-0.597074
-1.13237
0.544273
0.259875
0.782968
2.02425
2.14101
-0.0836335
0.84609
1.50927
0.841486
0.14473
-0.0351278
2.04861
-2.21227
1.12609
0.783862
1.44306
1.70927
0.383525
-0.692365
0.161866
0.670419
-0.945092
-0.0989585
-0.462674
1.9557
0.525948
1.42227
0.60521
1.07836
1.34998
-0.0482412
0.362837
-0.349701
1.09689
1.44591
0.460849
0.208611
0.435297
-0.532245
0.801263
-1.19136
1.44461
0.645508
-1.07671
2.04988
-0.303137
0.00392976
-0.167921
0.673266
1.44429
-0.12093
0.526322
-0.68704
2.76914
1.20458
-0.518894
-0.595864
1.137
0.827501
-0.542544
0.224832
0.252583
1.57293
0.766583
0.130401
2.27224
0.00701416
-1.16198
-1.55083
0.712266
0.924901
1.64998
2.4254
-0.984127
-0.822282
2.13796
-1.06044
-0.577488
-0.763361
-0.279116
1.64829
1.09781
1.2512
0.865572
-0.868879
2.14209
1.65296
1.18625
-0.169688
1.01097
0.957994
0.984225
1.1153
0.491051
0.758547
1.62852
0.510614
0.984498
1.12137
-0.19475
0.0932016
-0.0590848
0.814775
2.13662
0.567299
0.219274
1.22084
-0.362057
0.498604
0.418473
-0.992146
0.38231
-1.99745
-0.215629
-0.469998
0.806232
0.799259
1.11924
1.541
-0.0571827
2.19482
1.6383
0.710268
0.0558707
0.923218
-0.0776016
1.68177
0.52853
-0.266863
0.3154
0.819114
0.634542
0.987809
1.86533
-0.716442
1.27019
-0.717469
1.77434
0.0844623
0.122722
2.74557
1.95866
2.79339
2.14362
0.312032
-0.33177
0.617047
0.0954777
0.532277
0.314668
1.88237
0.220008
0.757611
1.47441
0.60898
0.375089
2.25193
1.7194
0.307477
0.17597
-0.924598
-1.01999
1.10592
0.983669
0.664649
3.03007
-1.70498
0.986556
-0.258292
1.5004
-0.0358178
3.11767
1.90616
0.6656
1.77996
0.806608
-0.0696946
0.504535
0.10846
-0.85704
0.19032
0.48785
1.13993
1.39759
0.242262
-0.532445
-0.98979
0.111523
0.256505
-0.296306
0.700892
1.20436
-0.399118
0.378519
1.45741
-0.494868
-1.18886
1.66997
1.17975
1.97525
0.424873
-0.159293
0.518769
1.11296
0.600674
1.48685
0.690975
1.60451
2.08974
1.09389
0.334914
0.0540522
0.722989
0.127474
0.543889
1.02284
0.516228
-0.63726
1.3008
-0.845766
0.206894
0.485428
0.733782
-0.245231
1.768
0.949296
0.38049
1.24964
-0.358219
-1.45494
1.71496
-0.0771565
0.594692
0.706884
-0.00965313
0.309895
-1.67715
0.284855
0.910741
0.721079
1.43045
0.483571
-0.392719
-1.54871
0.360771
0.110216
0.63825
-1.02579
0.258933
-0.759723
0.848212
-0.100814
0.595126
1.05639
0.803405
1.5636
1.87185
0.600486
-0.306171
-0.37403
-0.271767
1.41425
1.61887
0.0202678
0.294271
0.236468
0.345401
1.63307
0.187337
-0.342513
-0.0573281
-0.666763
1.4894
0.337365
1.31575
1.23181
-0.241255
-0.268784
1.79704
-1.1427
0.453971
1.34712
1.15317
-0.996541
-0.214158
1.03904
-0.307057
0.798607
-0.935432
1.46311
1.7467
0.111676
0.0499501
0.769782
2.31597
1.6001
0.645776
-1.15984
0.628908
0.000768826
-0.971131
0.251326
2.07098
0.036387
1.86525
1.65515
-0.140596
1.7629
0.498435
1.01376
2.13316
0.138904
-1.0015
-0.665061
0.0507566
0.633133
-0.980894
2.43486
-1.48372
0.449344
-0.371204
-0.915446
0.455162
-0.92385
1.09203
0.30519
-0.219517
1.05013
0.906741
0.866986
-0.199654
0.81961
0.661105
-1.16027
0.417605
0.91641
-1.47442
1.41623
1.64714
0.691066
0.319484
-0.523054
2.6389
0.776982
2.14876
1.39316
0.93551
0.218923
-0.741028
0.938814
1.47624
1.03025
-0.0575567
0.403315
-0.0834009
0.110411
0.569946
0.458232
0.889864
-0.0977593
0.965531
0.156744
-0.708238
-0.207783
1.16487
0.310714
0.327787
2.40138
0.536529
0.61787
1.71423
-1.66451
0.189856
-0.152439
0.265662
0.214793
1.30946
-0.939726
-0.0873199
0.0519366
-0.00519662
0.428095
-0.187416
2.14633
0.240687
0.673604
1.49652
0.502822
1.45027
0.685823
-1.10483
1.14813
1.47928
-0.69781
1.14674
1.19279
1.49729
1.02495
-1.10937
0.194722
1.98265
-0.70171
1.32316
-0.680521
-0.876476
1.26859
1.04308
1.11374
-0.0348466
-0.113892
0.134984
1.59688
-1.76521
1.75502
-0.368859
1.25919
1.58983
1.5524
1.32332
-0.225112
1.18276
0.0885329
0.487801
-0.488652
-0.269061
0.757894
1.27982
0.629085
0.210713
1.05177
-0.100528
-0.200795
2.24261
1.0168
-0.672187
2.37007
0.785989
-0.700626
-0.61269
-1.12718
0.58136
1.05264
1.32924
1.63161
0.513508
1.11903
2.16329
2.12489
-0.0287981
1.66253
0.696965
0.959924
1.41356
0.371089
0.0820415
-1.66181
-0.0304469
0.807468
0.0388047
-1.12158
0.352918
1.27609
0.446026
-0.264645
-0.898918
1.26886
3.2455
1.95348
1.9159
-1.00004
1.28639
-0.822835
0.839533
0.988391
-0.0216452
2.31077
1.79512
-0.62486
0.80801
1.64734
1.13147
-0.412341
0.877947
0.627428
-0.156221
-0.863013
-0.270371
-0.406873
1.31648
1.72741
-1.25434
0.924686
-0.238999
1.14586
-1.004
-0.220984
0.235699
0.458252
-0.210722
0.374004
-0.607762
0.0634386
0.903689
-0.614466
0.224044
-0.518313
1.45576
2.41508
1.58736
2.45042
1.03221
0.69134
1.64845
-1.13098
0.718009
1.11063
-1.43448
-1.46015
0.337145
-0.25572
1.21446
1.02187
-0.196596
3.00017
0.700767
0.408894
-0.401365
1.24099
1.28763
1.446
0.52175
0.667149
1.06828
1.22965
1.61637
0.806828
0.428948
2.00668
0.721192
-0.323777
-0.259253
-0.522634
0.109704
0.329824
0.0153215
0.990502
0.529705
0.53379
1.02663
-0.223741
-0.109879
0.662822
-0.0387928
-2.34873
-0.521166
1.28576
-0.0643443
1.25559
0.339763
0.154506
0.582107
0.105468
0.578767
1.12752
0.829562
0.10568
-1.05348
0.762851
0.0367093
0.0784338
-0.152349
1.96518
1.95101
-0.203262
-1.43464
-0.944399
0.573577
-0.0167282
0.40518
0.182373
-0.821879
0.320364
2.17753
0.0617202
0.973002
0.837979
0.165007
0.0787104
-1.62865
-0.402269
-0.68945
0.731697
1.15126
-0.37446
1.03243
0.716506
0.642198
0.646841
0.469919
-0.177319
-0.345106
0.539204
2.02448
1.80626
1.29801
-1.49384
-1.04847
-0.482033
-0.999433
1.62345
0.201033
1.9498
-0.475091
1.74846
-0.984428
0.713896
1.95639
-0.108003
0.550139
1.30063
1.34287
0.715336
1.14558
0.529966
-0.220593
1.01731
0.450547
0.591577
0.502401
0.0807353
0.625191
0.643372
-1.55451
1.44494
0.541328
0.94634
0.79742
0.395867
0.111384
-0.916036
0.0292811
1.81489
-0.560857
-0.590633
0.516668
-1.16121
1.3058
1.52608
1.39107
0.670148
1.15019
1.69909
-0.76861
0.96581
0.361451
0.296657
0.993603
0.268803
-0.574711
-0.490242
0.101726
-1.12623
-1.41471
1.62681
1.36506
-0.403538
0.521047
1.04438
-0.123135
2.84819
1.38155
0.0912796
-0.350226
0.428898
0.823772
0.955949
0.683867
0.587766
0.447294
0.229189
-0.0623568
-0.37121
2.21621
0.461102
1.00877
1.69423
-0.884597
2.11868
1.05757
1.07924
0.844893
1.8409
0.215227
1.34666
-1.55512
-0.513244
0.0763336
-0.599241
0.195072
1.25446
1.95968
0.519341
1.01554
1.3293
-1.184
-1.55122
-0.334895
0.290112
-0.219552
0.943884
0.509075
-0.926666
1.95332
0.405021
0.637316
1.6278
1.61197
0.100833
1.76139
0.841041
2.1876
0.827013
0.20373
-0.650369
-0.753803
-0.337177
-0.437434
-0.228036
1.03877
1.60006
0.540649
1.08102
1.3387
1.16939
0.316679
-0.731211
-0.219822
-0.336619
1.35765
0.938278
0.874267
0.287298
1.1981
-0.782567
-0.564486
2.88053
1.46103
1.70905
0.0327173
1.31438
-0.291126
0.556121
0.944561
0.282895
-0.9971
1.23125
0.270858
1.80141
-0.359408
-0.0116515
-0.442351
0.793989
-0.0528147
-0.482052
0.976818
-2.06512
0.273008
0.421344
1.44539
-0.0722035
0.849576
0.352213
1.20021
-0.234419
0.673829
-1.33619
-0.690858
0.550287
2.09897
0.617277
-0.211677
2.09342
0.713687
-0.203334
0.543248
0.413239
0.894309
0.697347
1.57542
0.901159
0.775246
0.915346
0.120835
0.34972
-0.37426
0.58629
0.283105
1.50236
0.231748
-1.64447
-0.46489
2.93183
1.91998
-0.439315
-1.23302
0.643332
2.19828
0.439814
1.20031
1.04131
1.92581
1.39621
-0.309298
1.85868
0.937661
0.366188
0.774756
0.547329
0.33387
0.104826
-1.49036
0.2755
1.61233
0.653075
0.126611
-1.91057
-0.133891
1.72749
1.10612
0.0326944
-0.0441785
1.50658
-0.180676
1.47572
0.0938874
1.53766
1.83561
0.185614
0.594456
0.766405
0.481834
0.0576567
1.89067
-0.939091
0.527099
0.733794
0.447426
-0.232945
0.53027
0.68327
1.58954
0.98007
1.49587
-0.506318
0.287143
1.87181
1.37555
1.25722
-0.701453
0.29343
0.423176
-0.0744657
1.8815
0.776721
0.11843
2.71257
-0.0616485
0.812546
-0.745969
1.00117
-0.0230441
-1.25051
1.39752
0.151048
-0.483965
1.27501
-0.347656
-0.127189
-0.601085
1.16377
-0.178391
0.964852
-1.47117
0.922735
0.914968
-1.20974
-1.23951
0.634491
1.55011
-0.192498
0.377948
0.816753
0.739291
-2.01355
0.408883
1.22036
1.4517
1.79134
1.56903
0.218477
0.00233722
1.36679
0.530401
0.997918
-0.98391
1.42311
-0.256533
0.434692
1.37775
0.0976361
0.373957
0.0731732
-0.79772
2.18598
-0.81336
2.19871
1.13111
0.104206
0.935612
-0.144603
-0.249002
0.929254
-0.157568
-0.521703
0.924277
1.08137
1.12698
0.0891202
-1.81809
0.279205
1.68401
1.18055
1.79505
-0.239486
1.24418
1.49833
-0.0892896
1.1918
0.411029
1.13406
0.934272
0.89638
0.662725
1.34685
0.995805
-1.22733
0.557999
0.671228
1.2223
0.700388
0.555698
-0.675523
-0.239481
1.04098
-0.108026
-1.65968
-0.276084
1.82512
0.533697
0.37433
-0.148414
1.24016
-0.11056
0.3901
1.21546
-1.06825
0.717396
1.47947
0.294224
1.51492
0.948412
-1.48614
-0.187336
-0.26447
-0.134773
0.0571729
1.68946
1.37535
0.215355
0.236606
-0.441801
1.11052
1.8188
0.749597
0.136014
0.368679
-0.380367
0.164401
1.9268
0.398224
-0.690247
0.791487
-0.737481
1.88566
0.933227
0.164689
0.410098
0.59585
0.233706
2.45613
0.345013
1.21698
0.37415
0.404578
0.00515592
-0.211852
1.46156
0.51559
-1.44076
-0.0140684
0.400653
0.271093
-0.515093
1.77263
-2.55146
1.25623
0.908883
1.97963
0.383901
0.817189
0.64349
2.98623
-0.583661
1.36042
-0.321947
-1.10978
-0.0464925
1.44606
-0.279948
0.792539
1.28044
-0.560879
0.720927
1.49251
1.53443
0.694006
1.25104
0.296717
0.0814452
0.319651
0.824499
0.701248
0.741585
0.155461
0.0751417
-0.771151
0.688657
2.45962
0.926523
-1.64229
1.77197
1.17671
1.18386
-0.565983
-0.0713011
0.486644
-0.00268067
1.54016
2.86534
-0.986497
0.110828
1.01593
0.430989
-0.694299
-0.968206
2.13766
0.577363
-0.0900883
1.38459
-0.00112665
1.10263
0.0159422
1.04998
1.34013
0.605995
0.282728
1.01016
1.17491
1.55135
0.166065
1.5531
-1.34445
-0.0588702
0.614312
0.231433
1.68304
0.743814
1.82976
0.341448
1.86302
0.681318
2.42597
-1.01971
-1.15436
0.672274
1.205
0.791435
0.26883
-0.226384
0.0112421
0.34697
-0.110707
0.127822
1.06757
2.84191
0.31653
-0.616459
0.0308232
1.21455
0.623526
-0.537457
1.23038
0.365664
-0.0456999
1.87707
0.195498
-0.279036
-0.0287932
1.22349
0.134853
0.30871
-0.65468
0.171796
0.906043
0.0600889
1.20967
1.40327
-0.220698
1.30927
-0.521963
0.558509
-0.325864
0.401679
1.11434
-0.657773
-0.81065
0.832157
-0.116589
0.980488
1.2201
1.04765
-0.965122
1.11955
2.16275
1.022
0.591458
-0.918111
2.52834
0.806873
2.14689
-0.447516
2.2432
1.1885
-1.19041
0.595765
0.415005
2.30757
0.188527
0.811735
1.70586
1.72827
-0.240365
0.902035
-0.221627
1.3298
0.585332
-1.00744
1.14404
-1.7269
0.572007
1.33715
0.628274
1.30673
0.738251
1.63771
0.906401
1.35472
0.756046
-1.22474
0.933425
0.576142
1.59875
0.39083
0.52711
0.0929592
-0.204344
0.829872
1.84525
-0.185413
2.12284
1.71644
1.39132
-0.385694
0.23677
-0.113974
-0.705006
1.05947
1.83228
-0.697177
-1.01002
0.960783
-0.0835588
1.03209
-0.629208
-1.25589
2.19657
1.0344
-0.240351
-0.225042
0.357943
0.123046
0.979876
2.15758
-0.553077
1.37521
1.81503
-0.0290512
0.960659
-1.14862
1.6123
-0.00497614
0.473845
0.115379
0.0930882
-0.00865488
1.51645
1.54165
1.13302
0.302974
0.663842
-0.208957
-1.58582
-0.0616103
1.57657
1.54753
1.91217
1.16219
2.33621
-0.864385
1.1497
0.224875
1.83566
1.33351
0.0452657
0.756521
0.72443
-0.37992
0.314515
-0.274116
0.0147611
1.13571
0.946709
-1.05525
1.18683
0.431624
0.271282
2.42508
0.841958
2.01087
1.01204
0.450513
1.14164
1.10971
-0.338369
1.04575
0.631131
0.575808
1.43144
0.647942
-0.739916
1.02012
1.8037
0.868192
0.325556
0.579445
1.07949
-0.222251
0.371736
0.620527
0.896695
-0.165664
0.150547
1.36553
0.175782
0.544512
0.53073
0.870673
-0.760325
2.14218
1.37004
0.360002
0.178654
0.745678
-1.17389
1.02527
0.693505
1.94623
0.904904
1.14836
0.446049
0.258683
-0.0974368
0.388635
0.737195
0.718178
1.1278
-0.0246157
1.01147
0.899574
1.71419
1.04699
0.477289
0.195725
1.23617
-1.56524
0.610698
0.686196
0.355563
3.08375
1.13214
-0.973873
1.9582
0.802891
-1.59039
1.7949
0.032549
1.38867
0.452785
-0.938271
-1.08842
0.171602
0.573528
1.48744
1.70893
1.51437
0.174274
1.20784
1.19271
0.0358597
0.815664
0.0441487
0.102982
0.6746
-0.182053
0.286169
2.15308
2.48024
1.08827
1.40975
0.741512
-1.3961
0.381726
-0.254311
2.16768
0.888871
2.17378
0.942176
-0.0738599
-0.226797
0.740195
0.388526
0.963039
0.912233
0.85246
0.302239
-0.61328
-0.139024
-0.257773
-0.935336
-0.0530226
-0.154837
-0.200587
0.936728
-1.50029
0.111403
1.50479
0.432533
0.29321
1.2964
-0.511547
2.11886
1.01102
-0.156273
0.576519
-1.59031
0.00309356
0.481804
-1.39767
0.0805014
-0.877979
0.0716485
-1.38927
-0.477331
0.306152
0.789996
0.0844962
0.215384
-0.0578185
0.757897
-0.219035
-0.291662
1.71333
-1.0149
0.797179
-1.20277
-0.606975
-1.17017
-0.259597
1.1649
1.28656
0.507804
1.00713
1.44592
-0.0401287
1.12581
-0.377645
0.495495
0.886506
1.00786
0.0414504
-0.33409
-0.153968
0.858238
0.481031
1.21923
0.353843
0.555304
0.75995
-0.258219
2.68684
1.15331
1.4163
-0.114981
1.3241
0.479078
2.14509
0.626869
0.471875
1.53179
-0.834114
0.0667814
-0.407952
1.42724
1.71048
2.37594
0.200023
0.404135
-0.319999
-0.223481
1.14343
2.4783
-0.0144954
0.328868
1.69194
1.76193
-0.300561
0.254492
-0.207584
0.0124673
1.11332
-0.819675
-0.262384
1.13724
-1.47462
0.965731
0.794013
0.219082
-0.0103483
-0.169562
1.11511
0.402622
0.721313
1.33524
-0.269465
1.01042
-1.52839
1.23395
1.55428
-1.78078
-1.63738
-0.345358
0.358236
1.42692
1.09124
-1.68368
0.306484
-0.793992
0.770522
-1.43572
1.14338
-0.232132
0.992154
0.892315
0.965097
-0.253087
0.689365
1.02068
-0.0320486
1.52544
0.406599
1.07744
-1.25297
0.983933
-0.996172
-0.255695
-1.20251
1.24805
0.148215
1.68047
1.11781
0.436764
-0.321324
1.2932
0.474465
-0.0905899
0.845332
0.558171
0.797122
0.0872523
-0.751116
0.637965
0.100897
0.25748
0.917478
-0.728484
0.588804
-1.00825
0.389018
0.89578
-0.091364
1.03718
0.701173
1.64491
-0.240119
1.1861
-0.605362
0.582247
0.857904
1.17565
1.27951
-0.697691
-0.145707
0.0106383
1.81647
0.367613
-0.119181
0.786212
-1.97727
-0.90016
1.20414
0.0109352
2.79527
-0.820737
-0.210576
-0.179529
0.587117
-0.284596
0.35707
1.06481
0.86508
1.06163
0.772701
-0.020519
0.205407
-0.559267
1.83311
0.0566038
-0.000157273
1.63099
0.169887
0.514363
-1.08804
1.13515
2.15903
0.908573
1.97018
0.443388
0.465037
0.638094
0.0793677
-0.397479
2.20158
0.43197
1.1019
1.09573
0.233948
1.7638
0.756965
0.0615791
0.756833
-0.519459
0.620641
0.314463
0.738525
0.377001
1.18966
-0.383864
0.694213
1.6017
0.230421
-0.121935
0.478568
0.673663
1.13602
0.897342
-1.31771
0.748899
2.03884
0.615852
1.06886
1.00412
1.40979
0.293285
1.94304
0.622201
1.29074
1.3332
1.33226
1.77957
0.402613
0.470928
0.0479852
-0.281453
0.256113
1.08287
-0.15717
0.172814
0.765853
-1.03655
0.115655
1.40316
2.04573
0.678488
2.31679
1.58286
1.58096
0.806871
0.659783
0.829846
0.619405
1.6031
-0.255889
-0.816168
0.850216
1.58889
-1.3088
0.8283
1.06799
1.02325
1.2925
1.61134
2.36087
-1.1103
-0.608204
1.89575
0.0821336
1.63583
0.639457
2.33261
0.386579
-0.94245
1.85127
0.614427
-0.273925
-0.286618
0.863988
1.04511
0.827531
0.0857328
1.99687
1.16556
-0.747492
0.720732
1.7624
-0.58153
-0.171559
-1.92975
-1.28775
0.344244
1.41922
-0.389638
1.28767
0.0669329
1.21885
-0.797138
0.28716
0.920111
1.40316
-0.628975
-0.591743
0.532657
0.13374
-0.0693805
-1.59535
0.246361
0.180431
0.832628
0.808491
-0.487768
1.14556
-0.235824
-1.64063
-0.0340726
1.73205
2.04885
-0.266433
1.0798
-0.77942
-0.94941
1.60081
0.542809
-0.161872
1.32279
1.41799
1.22991
1.11289
-1.48035
0.737176
0.776416
0.603073
0.430648
1.23163
1.64205
-1.22337
-0.0354761
0.46377
-0.153845
0.25532
1.39365
-0.546566
0.663474
0.732432
2.50028
0.331145
-0.00216615
-2.76562
0.504067
1.79462
-1.01866
1.08505
1.5986
1.50138
0.601994
1.1955
0.658163
0.581016
1.10142
0.355508
2.54654
-0.410067
-0.370564
1.35849
0.901551
-0.779986
1.22202
-0.372523
0.00439066
2.27624
0.856826
1.02032
0.0570926
0.488563
-0.284976
0.830453
-0.474344
0.0153919
1.49747
0.359023
0.440618
0.456243
1.0789
-1.30033
-0.972711
0.261908
0.588888
0.647649
-0.744984
-0.132447
1.49842
0.787466
-0.303986
1.14568
-0.564232
0.941529
2.19288
1.80252
-0.36791
0.551118
0.268649
-0.325626
0.0784917
0.499287
0.0342711
0.764579
0.0269717
1.43321
0.175184
-0.4017
1.0273
-0.355376
-0.0869151
2.67454
-0.293374
-1.59164
0.445973
0.390071
0.324627
1.35482
1.65784
-0.413758
-0.835285
0.185221
0.572159
1.07264
1.45611
0.538252
0.162142
-0.109199
0.914029
-1.2702
1.66871
0.36372
0.275069
1.98306
-0.0970208
1.71727
2.90544
0.626545
0.893172
0.775631
0.616296
0.682643
-1.46291
0.353753
0.9027
0.704729
0.912508
-0.926365
-1.24965
-2.17713
0.0689746
0.974395
0.0516926
0.0686405
-0.106301
-0.723657
-1.91433
1.3188
2.06799
0.674241
-0.0492913
1.10543
0.0919786
1.33325
-0.116863
0.552752
1.46315
1.30905
2.79697
-0.201159
0.991149
-1.67619
-0.0951255
-0.592329
2.15684
0.915544
1.88211
0.999901
0.6213
1.47028
2.32102
0.763599
1.90247
-1.23074
0.468713
-0.104018
0.051994
-0.964254
0.989198
0.80298
-1.25547
1.10485
0.920067
-0.248371
-0.522357
0.776106
0.346606
-0.209974
1.32414
1.45989
-0.12398
0.298458
0.015629
0.70422
0.454378
0.562016
0.558786
0.657939
1.82946
2.38092
0.672788
1.20405
0.436662
1.55378
-1.04585
1.58706
0.0084165
0.79419
0.486429
1.92871
1.02118
-0.550458
0.45785
1.4697
1.46655
0.641788
-1.54899
0.982624
0.336665
0.294145
-0.568842
0.737427
-0.383533
0.168393
-0.744367
1.36309
1.30359
0.805033
0.168816
-0.366809
0.146591
0.671032
-0.98313
-0.109488
-1.87974
1.55117
0.715421
1.27393
2.00416
0.706986
-0.502159
-1.44059
0.744788
-0.646462
-0.290145
1.2201
0.193571
1.69633
0.509898
-0.502553
-0.540417
1.49524
-0.258084
0.869237
-0.196791
-0.613079
0.38664
2.06658
2.53318
1.04573
-0.134551
1.43995
-0.627336
0.280194
1.53724
0.918698
0.130733
0.608714
0.426303
0.0627256
-0.142153
1.68944
-1.7593
0.162117
-0.338233
-0.17316
1.33972
1.27379
0.155846
-0.50803
0.49312
0.834142
3.3906
0.433377
0.744641
0.2323
-0.0581229
-0.45166
0.958026
0.483835
0.689115
-0.317487
-0.581972
1.40402
1.9081
-1.64742
1.1421
-0.408612
0.388538
0.351927
0.560775
1.82545
0.313994
1.15438
0.29044
-0.843261
2.27164
0.906095
1.10461
1.78379
-0.352856
-1.2427
0.71484
1.80807
1.18262
-0.322834
0.454103
0.339143
1.03892
1.20966
-1.57184
0.509439
0.788497
-1.02198
-0.279403
-0.326999
-1.70278
1.072
1.71875
0.905345
1.00531
0.248625
0.0602126
1.67046
-1.47932
1.75346
-0.835933
0.252877
1.73528
-1.00592
-0.458053
1.11847
-0.023915
0.326815
1.41204
-0.113338
-0.292755
0.108938
0.622262
0.265303
0.318902
1.98518
1.57391
-1.32248
-0.176553
0.254956
1.14026
1.37733
-0.225419
0.857587
1.73672
1.47988
1.09282
-0.552637
0.532174
0.891602
1.18145
1.74769
-0.643954
1.07914
1.7025
-1.2323
0.316574
0.897946
1.27858
1.64449
-0.25212
-0.856792
-1.27078
0.0451199
0.471018
0.286331
2.13148
-0.49796
0.0267564
-0.247874
0.50894
2.50812
1.18338
1.72444
1.41908
0.321459
-0.823851
1.10842
0.573256
0.209531
-0.163804
0.0384723
0.728571
0.416359
1.97761
0.488848
1.3803
1.67671
1.49462
1.38791
0.35482
1.14956
0.742104
-0.0518182
0.238384
-0.194989
0.405778
0.76697
0.667997
0.0149591
0.882783
-1.82992
1.22215
1.09998
0.204394
1.30296
-0.343388
2.34607
0.485022
0.0380152
0.438142
-1.85475
0.611755
-0.168036
0.00097633
0.776907
-0.00715925
1.5806
1.45321
-0.731535
-0.49786
-0.533684
1.8439
