1.03924
1.17165
0.938023
1.15873
0.7452
0.102487
1.09932
0.107581
-0.669321
-0.900652
0.0388168
-0.146699
-0.335374
1.45605
-0.0130108
0.460772
0.11462
0.257213
0.384506
-0.0757885
0.871321
-0.224044
0.886586
-0.404993
1.16433
0.506127
1.29573
0.647539
0.732095
1.25696
1.04042
0.107054
-0.0601581
1.11398
0.859181
1.85744
1.51653
1.42673
0.160887
0.442135
0.522253
1.79458
1.81979
0.922913
-0.158906
1.15611
0.7039
0.323672
-0.789164
1.12741
0.611144
1.82024
0.0749605
0.0242652
0.349319
-0.710923
0.287673
0.80952
1.29498
0.836386
-0.671749
1.07804
0.24962
1.97226
1.0861
0.459754
-0.585358
1.11534
-0.262424
0.267419
-0.00847889
0.224191
0.155755
0.515846
1.14036
1.15032
0.301627
0.799138
0.230211
-0.0302773
0.884241
0.804046
0.497376
-0.263951
1.48378
0.403241
-0.0661733
0.5174
1.53375
-0.487778
1.02399
-0.612432
1.61705
0.903043
-1.1645
0.715461
1.4347
0.071812
0.647638
1.88415
-0.349525
-0.224221
0.32998
1.1456
0.113577
0.542545
0.0367254
-1.34518
0.0284468
0.902534
1.38913
-0.831712
1.88753
0.370169
0.0946557
0.313063
1.37213
1.97183
0.964114
0.682872
-2.03449
0.364186
1.21366
-1.18446
1.62841
1.01628
-0.498972
0.559767
1.21804
-0.0713332
0.341464
0.305618
0.815619
0.867267
1.47295
2.26591
0.142914
1.06605
1.3833
0.170556
0.0395507
0.199107
-0.272233
-0.51874
1.51111
0.717782
1.99334
0.942239
0.0279913
0.741897
-0.232909
1.05841
1.0817
-0.343884
0.529887
0.667876
-0.180308
-1.66774
1.77515
1.45427
2.55573
1.25736
-0.416591
0.381969
0.346847
0.432013
-1.32687
1.28567
1.4774
0.633175
1.76981
1.33421
1.54613
-0.758972
0.572695
-1.32662
0.440339
1.32641
-0.683673
-0.422172
-0.595595
-0.274223
0.821207
1.40597
1.20243
0.83316
0.636905
0.174525
1.05953
0.185885
1.21775
-0.355361
-0.0787145
-0.17188
0.695682
1.24394
0.838765
0.930714
1.1056
1.37885
-0.462802
-0.123449
-0.752497
-0.830131
1.05395
-0.598527
0.192262
0.0426845
0.348658
0.66825
0.0274033
0.935465
1.43032
-0.564527
-0.700786
0.688711
1.20847
1.38202
-1.13213
1.61179
0.342177
0.992575
0.521413
0.723179
0.424692
-0.207603
1.16743
0.239804
0.412099
0.864002
1.37239
0.656445
1.61471
0.30357
1.88613
-0.794481
1.71862
-0.224831
0.283495
0.0764558
0.460246
0.173063
-0.00422934
0.343868
1.39724
-0.482674
-1.1599
0.365677
-0.0701011
0.0708026
-0.0613291
0.81238
0.177639
-0.294143
0.12472
0.206896
1.3554
-1.97113
0.417138
0.455949
1.08706
1.00083
1.00303
0.164855
-0.0254444
0.737019
-0.55863
0.280514
0.359243
-0.034364
0.55247
1.38335
1.41744
-0.385237
1.57018
0.0316305
-0.385099
1.11703
0.212537
0.735956
0.124033
-0.0797591
0.717174
0.773919
0.169572
0.862636
1.59189
1.1661
2.17495
0.668486
0.412489
0.792586
-0.301098
-0.498574
-1.24016
-0.531921
1.40217
1.3754
1.43314
1.91499
0.414245
-0.233082
0.408506
0.156156
0.193781
1.406
-0.011432
-0.633143
0.722727
0.222754
0.0569279
-0.411932
0.368627
1.55191
0.411549
0.596879
-0.201248
-0.769551
0.903421
0.841459
2.62618
0.973091
1.08825
0.848541
0.905251
0.233377
1.44259
-0.0631095
1.475
1.2189
0.473785
1.43244
-0.0583885
-0.726495
0.74975
-0.236126
1.13551
0.166775
0.113284
1.0163
2.51257
-0.0611928
0.520511
0.534219
-0.231035
0.582421
1.62584
1.30064
0.311941
0.455318
-0.256595
0.450439
1.28664
-1.95961
-0.739368
2.44379
-0.121833
1.36949
1.08727
0.755257
0.220111
1.05035
0.29358
1.21559
-0.339999
0.590272
2.46749
1.30958
0.580613
0.602598
0.252071
0.753563
0.24239
-1.42796
-1.60654
0.831358
1.01879
-0.698003
0.128127
1.09647
-0.00763656
0.88024
0.950824
0.299024
0.616994
0.371846
0.0604558
-0.353607
0.32208
1.06629
1.54529
0.545434
0.298659
0.820045
1.18416
-0.0458678
0.972093
-0.40062
-0.394586
2.09188
1.90579
1.60722
0.228182
0.776948
-0.0555633
0.763383
1.15881
1.81466
0.544911
1.15911
0.527079
-0.0748725
-0.440521
-0.253751
-0.415554
0.171846
-0.201055
0.324686
1.415
-0.719129
-0.090056
0.519518
0.154878
-0.642057
-0.047937
1.52232
1.80269
1.69199
-0.0515388
2.1824
0.523755
1.01995
0.442464
0.699169
0.238599
-0.519746
1.50057
1.12552
1.18904
1.76629
1.25433
-1.16151
1.10033
-0.119194
0.536191
1.67449
0.78992
0.596921
-0.609969
0.277806
0.91661
0.387255
-1.00715
-0.537787
1.43049
0.676986
-0.282234
0.860282
-0.680945
2.4188
-0.840356
0.665814
-1.1743
0.376374
2.51046
-0.676211
0.871465
0.0426704
1.17389
-0.155064
0.347521
1.04788
-0.859781
1.03904
1.63701
1.17748
-0.492806
-0.347448
0.324207
0.977278
-0.468692
-0.495456
0.219013
-1.66158
1.76239
-0.213897
1.53405
-1.47861
0.787402
0.743934
-0.0596679
1.23227
-0.663275
1.24555
1.14983
0.262777
-0.439907
-0.0644565
1.08388
-0.541297
0.66887
0.304205
0.376469
1.03177
1.57613
-0.586911
-0.206665
-0.283105
0.890761
1.1092
2.3389
1.44896
-0.358356
1.89705
0.244884
0.769017
0.180098
1.43737
-0.451303
0.0916861
0.238793
1.09813
0.286257
0.946977
1.34486
0.130689
1.07693
-0.020269
0.615118
1.1843
0.120563
0.438071
-0.254469
0.0667756
2.15195
1.29975
0.127704
0.651812
1.57306
-0.214747
0.131093
0.279067
0.888224
1.57972
1.04045
-0.384435
1.13379
-0.214208
-0.442761
-1.56345
0.318376
-1.04848
-0.979559
0.887123
0.456254
2.55262
0.368486
-0.595934
1.98349
-0.277541
0.999866
0.793461
0.337063
0.436063
0.524379
-0.191799
-0.0566375
1.44739
1.94539
0.16189
1.88123
-0.6958
1.55282
0.921113
0.377253
1.12197
-0.151512
0.192128
-0.166016
0.956929
0.774766
0.919765
1.04743
0.106712
0.0545848
0.868974
-0.0513325
0.883855
0.180927
-0.187087
0.684258
-0.429672
-0.945988
0.135986
0.707871
0.897205
1.5125
0.381608
0.872611
0.630543
0.517582
-0.313695
-0.0415543
1.00863
0.821262
2.70674
1.34373
0.136151
1.38468
0.623014
1.2677
-1.12792
0.995529
0.618956
0.00772314
0.5993
0.131773
1.0622
-0.780035
0.499873
0.717774
1.11945
-0.221279
0.430782
-0.145878
1.54187
-0.00558026
0.271802
0.386263
-0.680851
-1.23677
0.617902
0.559265
-1.09763
0.649012
0.195202
0.450781
0.0805655
-0.141356
-1.06043
-0.684436
-0.136152
-0.0150664
-0.0686216
1.74493
0.765514
1.88732
-0.331586
1.57197
2.37874
0.0519553
0.844816
0.970889
0.3995
1.36545
0.848818
-0.625025
0.531043
1.29875
0.122394
0.0796191
1.26785
1.48048
0.754902
1.06282
1.31209
0.426943
0.165817
0.301821
0.393934
0.278776
0.0115318
-0.0876481
0.529026
0.0433577
-0.326281
0.376775
-0.00655756
1.80925
-0.593568
1.04731
1.24436
1.54122
0.481306
2.15877
1.36128
1.06364
0.923937
-0.0341404
1.41071
0.326162
1.07
1.25711
0.50784
0.949163
-0.453195
1.13731
0.830495
0.797636
0.746321
-0.227327
1.90998
0.97265
0.375041
0.239627
-0.854876
0.414033
-0.173599
1.62202
0.376046
0.206443
-0.337376
1.25509
0.718401
1.17134
1.02118
0.477837
1.01763
-0.0488046
0.256165
0.155389
0.490536
1.23208
1.04301
0.254166
0.951384
0.918761
-0.0939235
1.12795
-0.15099
-0.176051
1.31396
0.984227
0.338113
1.1141
0.740339
0.0239313
0.293182
0.225726
-0.432499
1.43178
1.30764
-0.563091
1.40041
0.212001
1.26966
1.30647
0.575653
0.618988
1.72867
0.801651
0.989707
0.563554
0.955017
-0.624125
1.08326
0.0747982
0.180412
0.215661
-0.0533202
1.612
1.92892
0.356867
0.126013
-0.66662
-0.922752
-0.0181008
-0.23163
1.51858
-0.0998954
1.19629
-0.14595
0.687969
-1.09959
-0.238669
0.72213
-0.00554921
0.301509
0.143187
-0.463484
0.457679
1.44004
0.58005
0.57654
0.365021
0.52283
-0.403512
1.06044
-0.201501
1.46682
0.295155
0.987879
-0.122619
0.00163976
-0.446173
1.12293
-0.36569
-0.384789
0.569545
1.17412
-0.065597
0.658709
-0.691717
0.112177
-0.450754
-0.235691
1.24671
-0.316956
-0.88538
0.512992
1.6521
0.66395
0.229845
0.017626
0.515237
-0.8063
1.17275
-0.241385
0.0449859
0.0423016
-0.291442
-1.14818
0.816864
1.05019
1.4872
0.326248
-0.0492459
1.30151
1.07724
-0.222129
1.18545
0.862057
0.0111305
0.859627
0.815606
-0.296872
0.799092
-0.269403
1.22156
-0.355191
0.754136
0.807865
0.131653
-0.0742253
0.763968
0.798917
0.717299
0.712989
1.14559
0.677346
0.457589
0.498223
0.372711
0.625554
1.8724
0.391918
0.736755
-0.539802
1.00311
-0.483702
0.883304
0.69903
0.441153
0.567478
-0.149037
-0.299294
0.0207294
0.871285
0.515328
1.30534
1.10294
0.633125
1.21064
1.74944
1.46913
1.28431
-0.425976
-0.631032
1.19606
0.19012
0.198991
0.456075
0.181634
-0.281829
-1.15007
-0.204689
0.752843
1.93356
0.208712
1.00809
-1.31163
0.315575
0.554091
1.42975
0.856117
0.323859
0.571861
1.15867
-0.0297853
0.22209
-0.911225
-1.06356
1.94914
0.838965
0.80101
1.20762
0.764635
0.968832
0.422899
0.468006
0.439035
0.604973
-1.44611
1.64197
0.470418
1.07633
-0.357675
1.10858
-0.382765
2.06209
0.191084
1.28176
0.416174
0.837053
0.661792
0.95483
-0.920568
-0.381057
-0.251296
0.174407
1.16952
1.00798
0.761967
0.558333
0.592499
0.986573
0.838271
0.696359
0.350145
1.00633
0.2653
1.04596
1.36392
-0.593871
0.0910516
1.33386
0.760222
0.64551
0.269352
1.54001
1.83137
1.15401
0.695578
1.72556
0.983419
-0.766476
1.04626
0.907874
1.33333
1.31011
-0.933552
1.6663
0.505475
0.412462
0.377542
1.04107
-0.118882
0.761444
0.761792
0.13524
-0.516446
0.870436
0.322931
0.508343
-1.11038
1.57919
0.193984
0.151744
0.494853
0.195304
1.09946
1.82676
0.423571
-0.574062
0.396085
-0.987937
2.08
2.24292
-0.3437
0.40823
2.82395
2.39147
1.80851
1.77799
0.707289
1.55231
1.19855
1.98561
0.837762
-1.46272
0.634586
-0.335219
0.394775
0.505511
1.86568
1.11272
1.14265
2.25443
1.97964
0.440065
-0.394396
1.39958
-0.380627
1.18982
1.24939
0.775687
0.309157
1.62525
-0.0694349
1.56398
0.354605
1.77864
1.07146
0.125173
0.805339
0.753373
1.07289
1.56842
0.246777
0.41389
0.104728
-0.0462587
0.328745
0.747661
0.130017
-0.944599
-1.06579
1.00481
0.44226
0.610632
0.807867
0.848568
-0.0829141
0.411953
0.148784
-0.165536
0.159821
2.83982
0.319488
-0.216143
1.5947
1.32875
0.110024
-0.532861
0.0371158
0.992242
1.93538
0.536501
0.102531
2.39344
0.451086
0.889492
0.496637
1.66065
1.20104
0.431504
1.20426
1.1844
0.708502
1.01423
-0.122786
0.79384
0.155131
0.770998
1.00645
0.908593
0.540181
-0.150096
0.974142
1.06551
1.12491
-0.298721
0.953176
-0.261184
-0.687037
0.393721
1.90379
1.38074
1.1161
1.59434
-0.067177
1.26079
0.271032
-0.223473
-0.0631214
-0.107802
0.805535
0.179429
0.599582
0.0946554
