-0.125751
-0.124241
-0.0862974
0.0433746
-0.405429
-0.567679
-0.502854
-0.613904
-0.40154
-0.401829
-0.754056
-0.776654
-0.681516
-0.407195
-0.222769
0.0877574
0.224263
-0.175217
-0.0662827
0.397864
0.408319
0.742434
0.690872
0.529059
0.470625
0.592206
0.701831
0.727427
0.882672
1.05763
1.20299
1.23406
1.18337
1.24629
1.19203
1.03186
1.24087
1.05102
0.738496
0.371361
0.720179
0.566653
0.300673
0.564821
0.666789
0.895291
0.975051
0.606578
0.81966
0.739616
0.466874
0.360597
0.118792
0.484128
0.569578
0.15842
0.339191
0.625644
0.409432
0.158719
0.33148
-0.0516326
0.0915911
0.248893
0.208613
0.3965
0.381722
0.685077
0.879409
0.843006
0.967926
1.04623
0.9941
1.05608
1.04255
1.04036
1.29893
0.965302
0.882678
0.52458
0.50317
0.42046
0.741365
0.87946
0.946124
1.18377
1.22485
1.10639
1.53168
1.53348
1.60323
1.33068
1.23767
1.03832
1.0361
1.33222
1.02867
0.680248
0.607446
0.419271
0.337888
0.365718
0.309908
0.545722
0.288461
0.209582
-0.0275691
-0.0653687
-0.670891
-0.443899
-0.579347
-0.635635
-0.367487
0.21115
-0.235858
-0.127594
0.26661
0.300869
0.406502
0.313957
-0.0537962
-0.313797
-0.0753138
0.235708
0.0540145
0.0554817
0.0544164
-0.0586215
-0.109547
-0.262465
-0.576019
-0.136277
0.0490097
-0.199783
-0.565015
-0.461004
-0.326378
-0.0646235
-0.423107
-0.0699567
0.122531
-0.0927588
-0.361575
-0.326076
-0.351531
-0.207052
-0.280734
-0.394489
-0.257666
-0.0973801
-0.16927
-0.38419
-0.375153
-0.335397
-0.349341
-0.271937
-0.0652023
0.15513
0.113874
-0.241204
-0.309019
-0.508544
-0.466936
-0.62642
-0.562032
-0.696937
-0.775102
-0.468913
-0.743328
-0.561294
-0.533009
-0.606276
-0.650051
-0.639775
-0.600869
-0.592218
-0.589729
-0.473318
-0.141529
-0.138843
-0.355885
0.0157638
-0.298719
-0.626373
-0.578678
-0.376334
-0.912676
-0.611775
-0.570223
-0.5118
-0.720263
-0.457215
-0.424392
-0.18261
-0.304398
-0.367278
-0.434998
-0.438167
-0.58258
-0.707593
-0.45334
-0.480661
-0.34581
-0.29179
-0.520316
-0.857346
-1.00715
-0.946883
-0.754554
-0.55252
-0.37291
-0.0153332
0.472479
0.457002
0.708865
0.440898
0.0881665
0.526732
0.340639
0.263834
-0.0101676
0.225104
0.367349
0.287934
0.206263
0.240126
0.0826551
-0.204347
-0.252366
-0.542067
-0.519395
-0.61744
-0.533359
-0.574
-0.452281
-0.229551
0.0243265
0.0510754
-0.289643
-0.173963
-0.00282222
0.0271438
0.0725584
0.191576
0.343777
0.344654
0.323411
0.208505
0.257323
0.0909735
0.461832
0.0194828
0.00860481
0.028874
0.204862
0.976523
1.0223
1.22693
0.930429
0.453081
0.407851
0.148887
0.248505
0.40576
0.517185
0.731797
0.531429
0.136035
0.133018
0.181818
0.539696
0.438758
0.39188
0.114748
0.000546186
0.24389
0.00915779
0.298505
0.071
0.121964
