0.412044
1.45174
0.065995
0.105687
-0.486454
1.06278
-1.49835
1.37661
-1.10769
-0.560963
0.982787
0.187947
0.117835
1.07773
1.2055
1.86398
0.774174
-0.74763
-1.08554
1.04798
-0.279246
1.74522
0.873336
0.304349
0.79186
1.02492
-1.00987
0.0385612
-0.106681
1.55195
-0.513962
0.369095
1.44784
0.274352
0.018933
1.20017
-0.55599
1.03501
-1.53377
-0.233416
0.408341
0.502896
0.530586
1.40272
-0.262638
1.33024
0.12736
-0.477064
0.0255792
-0.195351
-0.0664192
-0.43826
0.771388
0.632969
-0.086407
0.437378
0.841888
0.160984
0.496062
2.77347
1.05446
0.948299
0.131746
1.07985
2.35213
-0.353244
1.9607
1.16193
-0.664433
0.342935
0.842793
0.0150848
0.494507
-0.912973
-0.0259413
0.142372
0.904931
-0.108554
-0.803715
0.559816
0.635933
2.59985
1.24517
-0.597507
0.805859
1.06654
0.0793125
1.51777
-0.108391
0.0398013
-1.15433
2.65101
1.39585
0.932911
0.360784
0.222385
0.645492
-0.556332
1.36855
-0.208048
