0.216431
0.123138
0.622876
0.740112
0.826521
1.33257
1.57336
1.73557
1.80918
1.70929
1.33418
1.40674
1.16781
1.53075
1.14652
0.898755
0.843061
0.337635
0.230307
0.279357
0.298133
0.211894
0.086787
-0.0384687
0.134655
0.194304
0.0448248
0.37832
0.124601
0.195707
0.24236
0.0685567
0.342282
0.509588
0.402688
0.462262
0.2553
0.333695
0.50735
0.345941
0.444378
0.726593
0.650008
0.255096
0.35912
0.349364
0.333315
1.04136
1.33972
0.73105
0.892002
0.963593
0.603071
0.265019
0.203016
0.348624
0.518883
0.502574
0.516175
0.458318
0.407174
0.242031
0.0786901
0.184074
-0.000724187
-0.0259502
-0.316195
-0.377869
-0.0646665
-0.00207241
-0.435518
-0.474308
-0.608233
-0.400598
-0.474885
-0.416684
-0.932494
-1.0174
-0.72439
-0.694206
-0.822386
-1.07524
-1.09635
-1.37238
-1.25303
-1.26197
-1.25746
-1.89718
-1.65208
-1.53763
-1.16401
-0.920216
-0.824588
-0.830692
-1.03792
-1.04129
-0.808025
-0.812033
-0.576394
-0.601895
-0.845107
-0.555214
-0.272107
-0.173882
-0.281012
-0.489119
-0.13941
-0.292907
-0.694519
-0.350197
-0.338025
-0.447899
-0.0423823
0.297192
0.0462307
0.0982246
-0.00356842
0.159634
0.12783
0.207268
0.340725
0.301543
0.176439
0.136932
0.169822
-0.022658
0.00233853
-0.124015
-0.0118935
0.373877
0.672921
0.657774
0.714583
0.933812
1.02069
0.882202
0.992398
0.889178
0.598305
0.392381
0.101958
0.105344
0.438297
0.460237
0.317843
0.665547
0.417381
0.774404
0.807028
0.361207
0.478499
0.616425
0.485173
0.628861
0.954967
0.545014
0.508024
0.65831
0.662048
0.121132
0.311324
0.43632
0.245789
0.145059
-0.31397
-0.716902
-0.879127
-1.62489
-1.29921
-1.5357
-1.19082
-1.23527
-1.12891
-1.12439
-1.04646
-0.872148
-1.05355
-1.33879
-1.27152
-1.22648
-1.08852
-1.39765
-1.14899
-1.05196
-0.979749
-1.22929
-1.21229
-1.2618
-1.15122
-1.27001
-1.31342
-1.1375
-0.943647
-0.844576
-0.574281
-0.571709
-0.633411
-0.66724
-0.543871
-0.322199
-0.201415
-0.179256
-0.384004
-0.882344
-0.951946
-0.95392
-1.04751
-0.656885
-0.60143
-0.689519
-0.731259
-0.949844
-1.10064
-1.17033
-0.781406
-0.867995
-0.718056
-0.921485
-0.871416
-0.674794
-0.608943
-0.623204
-0.624012
-0.820726
-0.588906
-0.486773
-0.411627
-0.384526
-0.10404
-0.220373
-0.380811
-0.716411
-0.597886
-0.75586
-0.993455
-1.04099
-0.756419
-0.477383
-0.395156
-0.273649
-0.0882941
-0.164374
0.00244556
0.288117
-0.0229571
0.214821
0.343502
0.409035
0.459431
0.626693
0.670683
0.523887
0.430851
0.633025
0.967895
0.55967
0.621381
0.669255
0.856464
0.853412
0.708436
1.02118
0.975292
0.918267
0.604938
0.674902
0.908536
0.6339
0.795747
0.936712
0.569333
0.322657
0.151155
-0.0469554
0.0809364
0.124095
-0.0928755
-0.0139892
-0.098825
0.266554
0.161249
0.0115122
0.112481
-0.306709
-0.486223
-0.522108
-0.683398
-0.429495
-0.441754
-0.774155
-0.692342
-0.649848
-0.62942
-0.501129
-0.554487
-0.613002
-0.354938
-0.785126
-0.441156
-0.259382
