-0.0291932
0.318369
0.757223
0.908124
-0.0465386
0.660971
-0.895636
0.48935
0.098544
-0.152418
0.418077
0.747725
0.365023
0.813469
-0.074598
0.575227
0.428342
0.386851
0.891107
1.08307
0.160175
0.351923
0.155621
0.584829
1.18607
0.657575
0.483476
0.599974
0.0407664
-0.617281
0.180335
0.172402
0.163711
0.628175
0.564826
1.22385
0.528312
1.18111
0.528272
0.658006
0.141749
1.57332
1.17733
0.233113
0.457545
0.0977381
1.18185
0.225078
0.712633
0.696662
0.85973
-0.117855
0.840567
0.207349
-0.314619
1.03154
0.808267
0.0174663
0.333605
0.459927
0.712239
0.912989
0.497338
0.774201
0.206362
0.0257465
1.22751
0.359146
0.328017
0.761441
0.318979
0.197243
1.20438
0.765243
-0.306445
0.463871
0.153509
0.568564
1.22054
-0.704138
1.17501
0.941635
0.500902
0.447104
0.387641
1.19914
0.0598136
0.0156039
0.671938
0.448223
0.756156
0.524956
0.0185328
0.512889
0.379567
0.693271
0.966429
0.739139
0.730321
0.699963
