-0.146147
0.906273
0.833182
0.740185
0.857782
0.806247
-0.0627659
1.12496
0.495233
1.20856
0.596485
0.391055
-0.216917
0.388003
0.959414
0.570872
0.779291
0.864141
-0.312087
0.917832
0.514164
-0.257706
-0.370679
0.607437
0.255595
0.850214
0.433643
0.171255
0.658854
0.324686
0.173882
0.327685
0.197602
0.266314
0.723422
0.44112
0.922702
0.378719
0.233084
0.894597
0.404367
0.700047
0.621419
0.392766
0.617885
0.174062
0.737703
-0.41157
-0.0037173
1.27576
0.754157
0.225557
0.859119
1.26809
0.398617
0.464813
0.779999
0.935514
0.717375
0.409399
0.560686
0.47951
0.381243
0.704428
0.641773
1.08546
0.45314
0.641728
1.01214
0.953597
0.267457
0.424756
0.381016
0.695982
0.0938354
0.131045
0.278815
0.224587
0.174225
0.0660385
0.684523
0.466175
0.89845
-0.195198
-0.20027
-0.091142
0.12905
0.110483
0.218821
-0.20157
0.775037
0.490373
0.93575
0.46392
0.501279
0.60201
0.799777
0.946689
0.731505
0.17857
1.04132
1.24054
0.86979
0.820979
1.10192
1.22611
0.117992
0.444991
0.661058
-0.135804
0.470036
0.681735
0.942608
0.386298
0.329322
1.13954
0.491979
0.755696
0.578482
0.754629
0.433749
0.636593
0.158003
0.517105
-0.0183513
0.424319
0.246707
0.0393526
0.0841161
0.403823
0.477056
0.535812
0.597591
0.836204
0.361738
0.172277
0.78596
0.383425
0.184126
0.895016
0.183042
0.454768
0.937092
0.830407
0.896194
0.77604
-0.00580035
0.29126
0.820894
0.890641
0.168118
0.451034
0.409495
-0.0185727
0.27578
0.226446
0.373659
-0.330846
0.420681
1.25005
0.827232
1.1554
1.12218
1.00609
0.698781
0.695063
0.987731
-0.0527833
0.230382
0.422012
-0.160158
1.15713
0.445966
0.787802
-0.102444
0.816237
0.0727683
0.527463
0.483621
0.354751
0.313248
0.572026
0.64572
0.935967
0.400328
0.241198
0.129698
0.566118
0.296915
0.818397
0.794251
0.193143
0.894008
-0.0933606
0.412476
-0.418092
0.890298
0.617779
0.00441094
0.577474
0.581063
0.295298
0.0955443
0.75497
0.587065
0.450326
-0.0438112
0.330477
0.65713
0.982237
0.909567
0.39823
0.654692
0.816208
0.412994
0.761184
0.0161559
0.750499
0.31306
1.16147
0.373615
0.718539
1.12314
0.845384
1.02574
1.09346
-0.21597
0.708355
0.798234
0.669677
1.56583
0.244013
0.172737
0.817569
-0.0236148
0.75722
0.0699654
0.763396
0.442116
1.00648
1.12113
0.783077
1.05712
0.583474
0.686063
0.437663
0.104897
0.485119
0.42744
0.665441
-0.181124
0.0260547
0.349526
0.744851
-0.0405972
-0.62007
-0.106417
-0.431478
0.623418
1.05617
0.438811
0.911256
0.263827
0.600369
0.519005
0.682945
0.636861
0.608645
1.12826
0.152879
-0.418891
0.435898
-0.537797
0.453336
-0.316265
0.693454
0.222184
0.475724
0.444957
0.396294
0.716664
0.473557
0.257521
0.759698
0.506437
0.908014
0.143204
0.928085
0.430356
0.140109
0.964853
0.792502
0.0201561
0.622265
0.119946
0.18439
0.0205905
0.167815
0.601125
0.0954679
0.825256
1.04539
0.298271
1.09258
0.785101
0.237991
1.15193
1.15906
0.790655
0.702965
1.33922
-0.132634
0.655735
0.964588
0.448034
0.377525
0.0125641
-0.13442
0.425205
0.438652
0.611541
0.941819
0.359428
0.804921
0.930358
-0.307961
0.636687
0.525263
0.901974
0.0304531
0.268827
-0.114976
0.708502
1.04691
0.795755
-0.188955
-0.39104
0.860662
0.421277
0.233932
0.889345
0.407791
0.346969
-0.0995075
0.509425
0.409504
0.507126
0.335321
0.905077
0.51083
0.730241
1.00112
0.813452
0.456056
0.974435
0.884802
1.52277
1.14691
0.550098
0.306559
0.400788
0.640445
0.487211
0.850368
0.698916
1.09293
0.794509
0.900407
0.280428
0.655266
0.808388
0.882288
0.236434
0.354264
0.0218773
1.20601
0.384776
0.811106
0.639405
0.0978772
0.130642
0.106004
-0.445587
0.307011
0.455717
0.116651
0.605636
0.228543
0.814463
0.661169
0.43097
0.0632788
0.622317
0.860121
0.150105
0.828771
0.695065
1.05329
0.341375
1.14364
0.392563
1.01244
-0.158464
0.256421
1.0773
0.514441
-0.261866
-0.0828388
0.656458
0.589534
0.990508
1.1831
-0.0393257
0.762247
0.933347
0.0433942
0.605037
0.584925
0.486252
0.669701
0.712772
0.299079
0.949737
0.260194
0.531694
0.178028
0.234073
1.01877
0.608765
0.0502068
0.539815
0.650957
0.118238
0.579134
0.200608
0.842567
0.801857
0.193949
0.871562
-0.0222832
0.624725
0.22685
0.527222
-0.558542
0.730094
1.1179
0.751901
0.303
0.382836
0.371063
0.750625
0.208112
0.979141
1.18002
0.575932
0.390089
0.793604
-0.0411206
0.741324
0.841207
-0.555906
0.26923
0.399621
0.912054
0.578481
0.590415
0.500992
0.53706
0.275739
0.463274
0.601219
0.511024
-0.0217047
0.0136935
0.054885
0.534691
0.387607
0.771618
0.279421
0.404968
0.325482
-0.321929
0.545283
0.693208
0.514935
-0.437924
0.794065
-0.0283697
0.575934
0.308729
0.00995308
0.290719
-0.0570453
0.249167
0.509778
0.51542
0.427895
0.854556
0.808645
0.322018
0.191011
-0.0233516
0.259528
0.795575
0.280159
0.731286
0.259922
1.07183
0.993256
0.558675
0.629127
0.373017
0.446841
0.485247
0.312236
-0.122739
0.262494
1.04132
0.804088
0.216781
0.425655
0.830851
0.184735
0.509283
0.581948
-0.197816
0.326038
-0.383887
-0.191369
0.674185
0.717286
0.888949
-0.11387
0.786814
0.510826
0.518187
0.0848891
0.912649
0.888462
1.20221
0.30185
0.234297
1.00638
0.441299
0.246409
0.417344
0.421016
0.562418
0.0717605
-0.0583926
-0.610981
0.70767
0.487404
0.562113
0.219445
0.566789
-0.05923
0.376899
1.27645
0.547333
0.381252
0.183204
0.752892
0.806922
0.604209
0.788768
0.324093
0.776957
-0.132215
0.240602
0.853194
0.261639
1.42992
0.664598
0.652978
0.306218
0.864108
-0.324814
0.907261
0.727762
-0.693722
0.22494
0.777103
0.678891
0.110417
0.473759
1.25745
0.0418042
-0.0915042
1.03512
0.134461
0.38942
0.594088
0.945514
0.21081
1.06941
0.340751
1.06607
0.830174
0.242374
0.67134
0.87547
0.965482
1.01923
1.34261
0.345525
1.3227
0.371469
0.471608
1.02836
0.743717
0.154379
0.488116
0.634432
0.731221
-0.138363
0.38663
0.785058
0.76115
0.485804
0.718562
0.418976
0.407309
1.0109
0.723922
0.505824
0.667248
0.897516
0.747973
0.627163
0.446446
0.646405
0.900429
0.10784
0.467631
0.325149
0.513419
0.342607
0.648262
0.800758
0.503204
-0.44588
-0.322282
-0.0644669
0.225668
0.542762
1.13539
-0.0529252
0.585179
0.729093
0.450712
0.653305
0.486635
-0.596691
1.07384
0.456357
0.78436
-0.15492
1.11681
0.212825
0.251425
0.677703
0.243745
0.56171
0.29391
-0.37704
0.742843
0.862638
-0.503802
0.0964919
0.528958
0.80023
1.1276
0.799566
0.298903
0.395951
0.209012
0.912776
0.0767561
0.271377
0.557469
0.400078
0.54651
1.03792
0.34603
0.832986
0.0926939
-0.302207
0.522476
0.0227201
-0.0242644
0.362071
0.774016
0.353799
0.186647
0.43834
0.241233
0.549554
0.898747
0.527109
0.541506
0.451007
0.377073
0.913744
0.897027
0.775653
0.385128
0.335882
0.766913
0.174247
0.228975
0.523767
0.476214
0.0244406
0.690977
0.284541
0.311726
0.704694
0.157318
0.5964
0.314533
0.461245
0.843885
0.767959
0.41971
0.614944
0.0603181
0.379071
0.788855
0.335426
-0.147473
0.5222
-0.112866
0.792699
-0.020989
0.842408
0.712901
0.881591
0.756975
0.011185
0.106131
-0.186727
1.01262
0.0929251
0.695378
0.32661
0.808137
0.407893
0.419699
0.812908
0.825465
0.181906
0.323375
0.68996
0.484482
0.217601
0.950262
0.131955
0.29092
0.753699
0.510277
0.40055
0.85561
0.309822
0.522782
1.08442
0.624246
0.273883
0.858094
0.952394
0.371004
0.158108
0.378244
0.108627
0.0256262
0.793034
1.08535
0.685691
0.311363
0.659777
0.572176
0.961646
0.601927
0.428364
0.687244
1.55398
0.689105
1.00905
0.727145
0.625177
1.10118
1.07576
0.0171219
0.0453299
0.0992535
0.566419
-0.0388735
0.49113
0.405922
0.57927
0.55686
0.18563
-0.0245868
0.584047
0.829865
0.486114
-0.102511
0.55902
0.570747
0.581043
-0.129289
0.585205
0.501612
0.537232
0.0829365
0.563127
0.776911
0.0366864
0.910631
-0.477888
0.425428
0.382499
-0.184826
0.905763
0.47962
1.03052
0.190937
0.181781
0.205028
-0.362615
0.132755
0.27213
0.267949
-0.0649205
-0.416468
0.56896
0.817142
1.4286
0.431255
0.819936
0.313842
0.760986
0.524338
0.817683
0.945402
0.833262
1.12835
0.566155
-0.0144164
0.281281
0.750995
0.450394
0.507048
0.229198
0.892748
1.09917
0.998326
0.373359
0.338522
0.780588
0.590847
0.985669
0.141325
0.824283
0.217532
0.165187
-0.110976
0.561563
0.971792
-0.256922
0.104311
1.21454
0.651804
1.02098
0.176253
0.760446
-0.893105
-0.3298
0.663905
0.225861
0.518901
0.706035
0.761967
1.1369
0.569042
0.366298
0.5132
-0.0415085
-0.496691
0.870654
0.967229
0.875475
1.06242
0.25815
0.58046
0.173889
0.554511
0.292713
0.585916
0.211273
-0.63004
0.543135
0.507979
0.553098
0.807893
1.0658
0.934844
0.0134356
0.333108
-0.261932
0.616838
0.47801
0.277269
0.0663875
0.0950683
0.251314
0.174687
0.865484
0.269622
0.727184
0.518563
0.303621
0.317074
0.19358
0.866222
0.644277
0.823031
1.08608
0.0677338
0.372391
0.0970189
0.761457
0.501534
0.77725
0.405088
0.847744
-0.0229109
0.296321
0.526228
0.920398
0.0698013
0.263972
0.0627649
-0.194839
0.738135
0.618806
0.560443
0.389193
1.01881
0.820102
0.0380745
0.618267
0.460771
0.287154
-0.397422
0.149622
0.783923
1.19409
1.10475
0.98089
1.35147
1.11743
0.655917
0.825122
0.640302
0.198343
0.803665
1.05354
-0.121343
0.512626
0.440622
0.686305
0.766612
0.363673
0.34602
0.944217
0.978005
0.841742
0.645488
0.41892
0.255977
0.595751
0.969935
1.0384
0.489407
-0.039848
0.934209
0.49833
0.328324
1.23178
0.456683
0.466396
0.114012
0.725108
-0.0575903
0.543266
0.691759
0.946389
0.507284
0.241999
0.513356
0.266598
0.480222
1.14667
0.671383
0.662621
0.742661
0.602803
0.29866
0.704081
0.313134
0.742364
0.528369
0.870755
0.459969
0.188143
0.67553
0.730657
0.924353
0.315241
0.972967
0.17674
0.162807
0.640654
0.882508
1.06531
0.821397
0.463487
0.0668573
0.355196
0.279634
0.866245
0.110421
1.12572
0.489498
0.348086
0.868002
0.417063
1.0822
0.862807
0.0652588
0.428907
0.189824
1.23423
0.807514
0.700633
1.07851
0.517537
0.778364
0.698267
-0.496197
-0.0996622
1.03344
1.05953
0.319358
0.815507
0.783147
0.629415
0.748199
0.139887
0.561189
0.304267
0.843049
0.0704018
0.406266
0.458022
0.391921
-0.4299
0.163203
1.05351
0.891625
0.235831
0.869378
0.620728
0.698583
1.09521
0.619361
0.288901
0.313021
0.771464
0.394046
0.559802
0.157686
0.95451
1.20728
0.853716
0.387665
0.174923
0.336682
0.773755
0.030389
0.544666
0.948154
0.394011
0.52393
0.880352
0.149719
0.607244
0.274812
0.949268
0.698774
1.12568
1.06
0.713484
-0.418756
0.375887
0.806652
0.691347
0.70252
0.68524
0.816054
0.190132
0.38107
0.790004
1.00381
1.07192
0.226345
-0.194481
0.421522
0.305724
-0.012987
0.570397
0.238031
0.871637
0.266168
1.18144
0.722652
0.515107
0.359317
0.498318
0.66515
0.589617
0.35235
0.927852
0.451341
-0.445527
0.300173
0.548683
0.894828
1.11174
1.14049
0.410031
0.160506
0.818136
-0.132179
0.179201
1.04223
0.961554
0.788104
0.438833
0.486437
0.258853
0.410661
0.55064
1.33811
0.325132
0.234671
0.467529
0.294831
0.468324
1.11958
0.235637
-0.228765
0.679472
0.0687302
-0.00353318
-0.258805
0.410584
-0.0342761
0.548702
0.511087
0.938415
0.879208
0.293957
0.768661
0.536667
0.614612
0.0429933
0.493346
0.142731
0.921815
1.10578
0.686515
0.429926
0.747776
0.0546443
0.794652
0.789332
0.10637
0.482858
0.698483
0.776708
0.573006
0.803422
0.350315
-0.0350762
0.474144
-0.156453
0.498338
0.106217
0.106858
1.02645
0.82085
-0.325981
0.55343
-0.393351
0.345171
0.151667
1.15609
0.708856
0.534118
0.86308
0.852167
0.278262
0.574948
0.307031
0.69936
0.904288
0.240311
0.442862
0.619238
0.065778
0.318091
0.907138
0.48535
0.274347
0.257318
1.06008
0.78448
0.411076
0.295449
0.808546
0.255653
0.393205
0.193127
0.701072
0.921279
0.0506019
0.39642
0.583443
0.24502
0.737197
0.534296
-0.348914
0.271631
0.824408
0.131417
-0.432734
0.53766
0.155632
0.503279
1.11643
0.252242
0.492183
-0.655937
0.453448
0.565363
0.872208
0.409443
0.332779
0.372075
0.445011
0.333972
-0.0199478
0.12992
0.2934
0.639054
-0.187348
0.413839
-0.518757
0.234562
-0.236944
0.899539
1.08125
0.603314
1.00574
0.658681
0.927845
0.0550838
0.425484
-0.381003
0.217567
0.804552
0.617637
0.712215
0.564635
0.914382
0.0198363
0.738034
0.756033
0.530033
1.16877
0.645509
0.159697
0.721357
0.531463
1.11912
0.599058
0.796014
0.0993946
0.915838
0.547643
0.54581
0.882506
0.988429
0.175781
0.107351
0.190714
0.413853
0.553345
0.0637962
0.116019
0.943494
0.715006
0.202295
0.641285
0.399014
0.714792
0.665314
0.467387
0.24229
0.543488
-0.110903
0.598545
0.634833
0.49751
0.533871
0.379434
1.07755
-0.706634
0.524754
0.884732
0.383236
0.594673
0.840691
0.0515294
0.483272
1.00202
1.03224
0.816126
0.59434
0.0273921
0.622187
0.400665
1.03024
0.8357
1.02008
0.467581
0.773475
0.224233
1.15422
0.341297
1.0984
0.901658
0.25201
0.220813
-0.372061
0.363705
0.0731396
0.403127
1.04481
0.736353
0.366611
0.548787
0.200445
1.12016
0.439826
0.416193
0.421104
0.117284
0.80822
0.505017
1.02646
0.343171
1.01047
0.693184
-0.0299214
0.999645
0.650755
0.33366
0.692357
0.510561
1.0208
0.281238
0.750699
0.410327
0.657654
1.01309
0.505884
0.251403
0.381266
0.341691
-0.287578
0.966926
0.194188
-0.468037
0.375967
0.0939814
0.57725
1.07279
0.977962
0.285457
0.790081
0.344616
-0.201674
0.753673
0.340124
1.08027
-0.478155
1.15304
0.862634
0.285462
0.353001
0.85044
0.220893
0.662467
0.588156
1.1705
0.205846
0.55332
0.056934
0.663787
-0.405867
0.209692
1.04542
0.641802
1.31112
0.51225
0.392047
0.0235385
0.479769
0.707954
0.731743
0.888374
0.746036
0.0482655
0.907409
1.17434
0.593158
0.841691
0.922915
0.631528
0.613184
0.0251108
0.675
0.343411
0.227606
0.712155
0.48381
0.582854
-0.312267
-0.273402
0.0592005
1.15478
-0.0248483
0.685475
0.793486
0.539717
-0.192024
0.18101
0.472566
0.643137
-0.565967
0.188984
0.173339
-0.0499578
0.689904
0.209672
0.335541
0.313639
0.324682
0.592024
0.525251
1.00484
0.636294
0.972472
1.35699
0.957569
0.545828
1.31639
0.529059
1.09732
0.489671
0.542803
0.0822263
-0.175163
1.1778
0.97851
0.673196
0.475524
0.330153
0.52982
-1.0173
0.362117
0.473212
0.309453
1.08043
0.283879
0.73264
0.804453
0.882968
0.571644
0.535959
0.527696
0.636738
0.212008
0.903808
1.13993
0.718619
0.400985
-0.0060007
0.559148
0.528581
0.653605
0.54732
1.05612
0.355155
0.157773
0.221741
0.625152
1.15741
0.832002
0.901803
1.13475
-0.106376
0.796317
0.617527
0.0695998
1.1453
0.43557
0.146946
0.990183
0.817959
0.487918
0.390278
0.219585
0.208869
0.0711118
0.782061
-0.0227509
0.696982
0.508075
0.294518
0.207615
-0.571939
0.659398
0.175774
1.04732
0.620304
0.763391
0.452739
0.176364
0.0548812
0.361825
0.262296
0.732485
0.503437
0.573372
1.07654
0.454068
0.82299
0.692381
0.519625
0.557631
-0.600245
0.800688
0.694047
0.52052
0.623772
1.08534
0.639148
0.477354
-0.23002
-0.274192
0.797591
0.473037
1.42334
0.241748
0.56558
0.612782
0.637948
0.48902
0.597515
0.356105
0.625325
0.650176
0.12677
0.400034
0.750622
0.829571
0.655665
-0.0828229
0.32343
-0.14238
0.830992
0.404524
0.734182
0.662252
0.791236
0.946441
0.966037
0.311321
0.340371
0.470436
0.316312
0.0321417
0.734824
-0.137125
0.374175
0.625642
0.316956
0.596979
0.757056
0.213415
0.433959
0.54714
-0.293742
0.731762
0.607345
0.709231
0.650453
1.11962
0.00639068
0.277479
0.484583
0.826238
0.224782
1.07284
1.04492
0.665824
0.494833
-0.114898
0.725088
0.518752
0.781153
-0.0289255
0.022247
0.586087
0.202677
0.968305
-0.132009
0.244292
0.539416
0.540064
0.568584
0.244664
0.65856
0.36198
0.389695
0.145169
0.464952
0.623842
-0.135665
0.0128051
-0.218498
0.990524
0.10795
-0.0742294
0.910511
0.486464
0.601654
0.664721
1.13383
0.608673
0.359473
-0.124404
0.296708
-0.297001
0.656133
0.780819
-0.072635
0.0354615
0.689982
0.558503
0.27413
0.68243
0.984282
0.80594
0.0474357
1.16891
0.638785
1.46882
0.516004
-0.203745
0.0776036
0.887152
0.808443
-0.117362
0.695715
0.340888
0.848301
0.333232
0.414577
0.304956
0.544666
1.06588
0.852137
0.199971
0.593843
1.27732
0.554834
0.429546
0.914256
0.786827
0.618038
0.583616
-0.0660265
0.599246
0.835066
0.911964
0.624346
-0.425926
0.222916
0.271019
1.01462
0.616216
0.483953
0.379363
0.769035
0.521566
0.481468
0.944153
0.316866
0.790802
-0.374004
0.290187
0.958468
0.124875
1.18078
-0.0569972
0.403405
1.15544
0.820639
0.773025
0.80024
0.308648
0.331541
0.988636
0.286326
0.772182
0.721854
0.343903
0.511211
0.856094
0.830195
0.650098
0.31737
-0.253003
-0.138498
0.322221
0.0776529
1.11272
-0.208343
0.0214677
0.944211
0.473344
0.148603
0.540522
0.146896
0.886829
0.665245
0.513022
0.776582
0.622903
0.700085
-0.422177
0.924716
0.565079
0.480437
0.790846
0.600547
0.770253
0.696104
0.135475
0.804719
0.834596
0.00208218
-0.348045
0.233761
0.753595
0.561459
-0.186146
0.591205
0.140621
0.152866
0.754038
0.818285
0.187306
0.444185
0.617954
0.0402776
0.533275
0.0748941
0.961076
0.68678
-0.674766
0.874229
0.748059
0.783291
0.855113
0.861656
0.263983
0.266472
0.539486
1.45869
0.181037
-0.338699
-0.0928609
0.498964
0.0144139
1.0734
0.23959
0.408327
0.614218
0.841565
0.539594
0.25126
0.396372
-0.251038
1.01944
0.445807
0.792716
1.13926
0.221462
0.758453
0.597117
0.413527
1.00317
1.02828
0.0435703
0.489751
0.114378
0.845835
0.746793
0.267955
0.606396
0.488749
0.127827
0.481367
0.0565077
0.454593
1.27435
0.726838
0.401083
-0.032548
0.612498
0.261738
0.640829
0.257136
0.805909
-0.63246
0.2971
-0.0376039
0.918855
0.575922
0.893234
-0.108647
-0.228485
1.25829
-0.272659
0.817409
0.501464
0.279308
0.0570995
-0.0108469
1.27974
-0.3871
0.853627
1.0242
0.739648
-0.0346268
0.581935
0.314102
0.186205
0.0625052
-0.060965
0.900211
1.03538
0.290131
0.806907
0.891194
0.307773
1.22412
0.0709829
0.833245
0.248733
0.530847
0.680663
0.828893
0.133854
-0.251698
-0.193768
0.667133
0.349115
0.420666
0.879361
0.578288
0.732885
-0.494623
1.05918
0.41267
0.546517
0.30844
0.291359
0.141353
0.79093
0.900085
0.98287
0.221533
1.12474
0.520224
0.944275
0.572681
0.425719
0.828051
0.846265
-0.00576454
0.74614
1.09832
1.31258
0.0915597
0.403154
0.217113
0.773536
0.93082
1.0993
-0.0316085
0.773744
-0.149276
0.782035
0.0996333
0.0527628
0.549359
0.0117164
0.657802
1.02372
0.760071
0.0245631
0.264689
0.583122
0.0155881
0.281917
0.740478
0.556139
0.522655
0.749247
-0.104032
0.196232
0.940142
0.0975978
0.143403
0.397537
0.557371
0.273763
1.27657
1.13907
1.35065
0.353391
-0.407295
0.639575
0.302478
1.07696
0.113938
0.264712
0.277411
0.472875
0.386497
0.331591
-0.26154
0.31593
0.73498
0.852649
0.644382
0.00542559
0.167299
0.684768
0.511716
0.0564358
1.1966
-0.104258
0.679589
0.51979
0.256254
0.160133
0.546856
-0.275418
0.555888
0.683155
0.54469
0.797441
0.68742
0.802698
0.188209
0.828586
0.860588
-0.0820262
-0.0411995
0.288075
0.314623
1.22579
