0.452137
0.278847
0.0465316
0.360765
0.0343809
0.333558
-0.120698
-0.00723027
-0.0588573
-0.675122
-0.486184
-0.526308
-0.821967
-0.493882
-0.267751
-0.218995
-0.467355
0.000663045
-0.663739
-0.892515
-0.917293
-0.613589
-0.536131
-0.46409
-0.735963
-0.910839
-0.513346
-0.593274
-0.758579
-0.399247
0.17568
-0.270111
-0.324796
-0.0431505
0.365868
0.0757431
0.218462
-0.23797
0.0407717
-0.092138
-0.370894
-0.659383
-0.551452
-0.512927
-0.781472
-0.654522
-0.890492
-0.393651
-0.156562
0.0659585
-0.0672078
-0.126562
0.0456574
-0.32344
-0.35748
0.206618
-0.300748
-0.184036
-0.00325838
0.143301
0.178345
0.046729
-0.684731
-0.733442
-0.344876
-1.0498
-0.989265
-0.390667
-0.200684
-0.0790596
0.5675
0.844848
0.729163
0.514207
1.0348
1.38987
1.12079
1.31118
1.48801
1.91651
1.76113
1.3819
0.896929
0.757556
0.81997
1.16081
1.12192
0.723898
-0.166116
0.0626273
0.740748
0.338975
-0.0745003
-0.307594
0.351323
0.145175
0.233915
0.0711978
-0.451273
-0.262097
-0.273771
-0.000942917
-0.345731
-0.1125
0.0719564
0.280655
0.233706
0.374857
0.479405
0.662722
0.698789
0.643804
0.363286
0.561034
0.514983
0.803083
0.502811
0.19467
-0.130809
-0.246891
0.201109
0.479429
0.652878
0.891203
0.69511
0.891279
0.722561
1.10025
1.33081
0.626091
0.377261
0.300154
0.191829
0.509772
0.509223
0.483493
0.24962
-0.74287
-0.619619
-0.132617
