-1.25631
0.565222
1.75714
0.784722
1.11622
0.851295
2.92909
-0.731404
1.26105
-1.65613
0.128159
0.443917
-0.0638904
1.10178
-0.828107
1.17096
1.0796
0.713576
1.67027
1.41925
0.97276
0.37081
-0.0597023
0.515211
0.0207046
0.2948
0.226083
0.878137
0.89577
-1.02203
-2.27208
0.793075
0.197872
0.588452
0.914893
0.10332
1.62645
0.753957
1.63833
0.626627
0.487907
-0.699546
2.12679
0.593143
-0.927404
0.568812
1.58795
-0.265034
0.592621
2.48426
1.81432
-0.986906
2.29648
-0.360219
1.4531
-0.212162
-0.154962
-0.053934
0.0751958
0.0322172
1.4711
-0.0827753
1.5489
-0.824864
0.151869
0.438227
1.85076
0.84987
0.344569
1.92742
0.165226
-0.419939
0.396208
2.35539
0.871332
-0.871113
0.639071
0.175155
-1.03529
1.32196
1.42091
1.4902
2.0781
0.519085
1.92857
1.17577
1.50911
0.423193
2.20075
1.22896
0.981356
0.361372
1.53889
0.355669
1.43701
0.814505
1.88423
0.828182
2.82475
-0.432684
1.51781
1.32425
-1.39139
-0.0331033
0.603055
0.641131
1.57419
1.48379
0.226194
0.209659
1.64183
-0.707942
-0.174902
-0.966471
0.512584
0.887908
2.52712
-0.205368
1.30086
1.74479
0.0117167
2.00684
0.92232
-0.731444
1.28953
0.165559
1.6411
-1.30498
0.986652
-0.0963073
-0.150245
1.07879
1.35477
1.24561
-0.0085953
1.47934
0.844155
1.68244
0.450772
-0.598591
1.75053
0.237703
0.205909
1.1926
-0.981792
1.2118
-1.07942
-0.112064
-0.107357
-0.479662
0.274498
0.330025
0.940903
1.0812
-0.027996
-0.996564
1.10712
-0.618476
1.89296
1.02335
1.6675
0.795426
-0.324601
1.20899
1.69986
-0.863845
0.240883
0.57157
1.79274
0.275672
0.00273041
-0.643228
1.10789
0.742239
0.8808
1.74098
-0.583329
0.183578
0.993103
1.4578
-0.205785
0.138552
1.50202
1.06234
1.90359
-0.542231
1.92858
1.46244
1.24167
1.25758
-0.336069
0.744989
0.0756035
1.98985
0.292193
-1.11003
0.32957
2.06644
0.602599
0.058548
-0.976774
0.0790394
-0.882971
-1.08168
1.00374
-1.39848
1.3433
0.746715
0.849205
-0.401839
-1.75059
0.851307
-0.676534
0.0262878
1.40438
2.69498
0.888876
-0.351698
-0.0491274
1.25415
-1.70589
1.17105
-0.123677
1.18414
-0.436169
-1.57245
0.56965
0.72049
-0.412499
0.893644
0.014824
-0.483985
0.125521
2.09492
-0.331513
1.56907
-1.26759
1.30526
0.333946
-0.136872
0.484537
0.742206
0.48587
2.04411
-0.223484
1.34765
-0.0916148
-0.158487
0.775635
-0.351977
-0.56634
0.650015
1.28
-0.64116
-0.408194
1.38794
0.902634
1.41113
0.862604
1.96731
1.17023
-0.0343821
0.210273
1.55691
0.733583
1.61759
1.00171
0.755782
1.31864
1.005
-0.448524
0.226005
1.16696
0.889874
-0.439137
0.301027
0.58999
1.13663
2.0873
-0.166293
0.780853
0.505878
1.29287
0.579304
1.55365
0.21064
0.461476
-0.0229754
0.454845
1.66212
1.00736
-0.326294
-0.149187
0.24592
1.30739
0.142502
1.43688
0.549853
1.06796
-0.288402
0.175545
1.1785
1.08562
0.912222
1.14924
0.44366
0.796364
-0.0209814
-0.144639
0.642052
0.698742
-0.395713
0.336757
-0.434804
1.47744
-1.06588
-0.227504
0.680307
2.55716
-0.706914
-2.08731
-0.0660399
0.199255
0.516972
2.02468
1.9075
1.05843
-0.19587
-0.53806
-0.417953
1.38735
-1.14001
0.999923
0.179911
-0.12204
0.283299
1.96035
0.144768
1.14935
0.921031
-0.86253
1.20233
-0.44432
0.986449
-0.822144
1.66421
1.10244
-0.289542
0.284057
1.10908
0.189161
-0.51959
0.166383
0.697768
-0.286285
-0.811731
0.0795474
-0.167138
1.7374
-0.751531
-1.19765
0.294528
-0.642455
1.44221
-0.359798
1.72669
-1.71717
0.253738
-0.0598242
0.14743
1.1469
1.32522
0.791148
1.1547
2.06416
2.24266
0.93053
-0.484871
0.207036
0.181427
1.11217
2.28544
1.16455
0.444139
2.33138
1.87086
-0.356135
-1.307
1.63806
0.706336
-0.0361988
2.37787
0.279178
-0.0526458
-0.975795
0.151402
0.646314
1.34864
0.683393
0.591683
1.35818
1.4554
-0.538399
0.812389
0.977106
1.5609
0.854255
-1.08896
0.610693
0.210583
1.64815
0.408634
-0.734173
0.787938
1.24529
1.60179
1.17257
0.789211
0.689782
-0.154786
1.08557
0.815801
0.552871
0.820507
1.21651
1.72487
-0.310977
0.348777
-1.32107
0.83446
1.59229
0.114106
0.755804
0.11848
-0.0830319
-0.459823
-0.168306
0.10253
-1.07797
0.847527
1.70076
1.25818
0.931648
1.43673
-0.475731
-0.561132
0.7998
-0.872066
-0.516238
0.464207
0.36368
-0.72474
1.06626
-0.164944
1.29878
2.44983
1.02148
0.418295
2.07391
2.04979
0.551567
-0.107925
0.422879
-0.990252
0.715997
-0.224339
-0.708789
1.16028
0.0128706
0.306683
1.12436
0.243471
1.0705
-0.536541
-0.628342
0.58173
0.334219
0.332325
-0.772919
-0.131122
1.34182
-0.468524
1.74633
0.134373
0.143811
0.297687
0.711716
-0.347542
0.821706
1.30798
0.341584
1.63908
1.99126
1.72096
0.572623
0.371041
-0.713872
-0.129245
-0.672247
0.736941
0.769155
0.87487
2.13402
-0.849482
1.48674
-0.902823
0.473341
0.128952
-0.449801
0.446641
0.0432277
-0.707005
-0.664165
0.949113
1.77518
-1.76693
-0.553742
0.0955803
2.63732
-0.205399
-0.455239
-0.897891
1.23356
1.1844
-0.401577
0.986611
-1.27895
0.610501
1.39601
1.24672
0.909113
0.786854
-0.680849
-0.797683
0.966607
1.51046
1.15964
1.98215
-0.529865
0.498239
1.6677
0.745243
1.48204
1.78298
-1.33316
-0.133589
1.89416
1.51857
0.127653
0.093897
1.86516
0.99153
0.964933
0.533334
0.21558
1.5829
-1.61607
-0.144361
1.24993
1.52747
-0.778359
1.12916
1.46042
-2.23574
-0.668739
1.05928
1.34817
-0.587871
-0.379765
0.222243
0.940682
-0.212826
0.352121
-0.955769
0.890492
-0.564769
1.49229
0.54277
-0.417131
-0.484327
0.571168
0.816388
3.34113
1.98968
-0.0275161
-0.529711
1.55584
1.03915
2.03069
-0.630861
0.814317
-0.145128
-1.3634
0.871574
0.99175
0.117108
0.555154
1.82339
0.145784
-0.522982
0.162134
0.477551
0.113301
0.21993
0.343425
-0.423433
1.03074
-0.382522
1.94208
1.8028
0.129531
0.874744
1.39447
-2.87973
-1.17643
-0.409528
0.694964
1.24794
-0.783708
-2.47785
0.376039
-1.80565
-2.00081
0.481571
0.0878691
0.11029
0.729629
1.32195
0.230264
1.63216
1.19322
1.4681
0.789179
1.03157
0.749684
-0.0713398
0.768226
0.378077
1.95907
0.0313705
1.56029
1.4045
1.17172
1.3943
1.66767
-0.781535
2.28545
1.85665
1.98653
1.16836
0.770433
0.949605
1.39141
0.800038
1.54377
-0.304457
0.295952
0.50414
1.99199
-0.0994534
-0.467529
-0.525063
0.290513
-0.765551
1.05466
1.31302
0.679982
-0.311266
-1.25813
-1.65202
0.96984
0.586763
-0.19671
1.13667
0.846627
1.63911
0.208022
-1.12269
2.13534
0.68544
-2.32435
-0.683841
0.199633
0.367904
1.91683
-0.406628
-0.211272
1.57075
0.945946
-0.0947114
0.216051
2.36858
-0.391552
0.181529
-0.190965
0.946401
2.065
0.812763
1.28761
1.8345
-0.354563
-0.841639
1.26347
-1.3767
0.856518
0.0988462
1.0321
0.814951
0.0354872
1.36676
0.421646
0.0933166
0.192579
-1.86955
1.55099
0.631035
-0.243761
-0.208808
-0.214863
0.925996
1.16445
3.12727
0.669564
0.373131
-0.0430837
1.61283
1.57551
1.91263
0.374408
2.3059
-0.153528
0.744339
-0.950225
1.36221
0.234666
-0.604106
0.58522
1.38676
0.272333
-1.37919
0.255797
0.633533
-1.01186
0.930653
0.63757
2.32923
-0.00672334
1.01595
1.75398
0.091806
-1.32254
1.4628
-0.460431
0.870451
-0.372239
-0.214147
1.07327
-0.760973
1.79029
0.630423
-1.21819
0.113225
-0.684802
1.93902
-0.232244
1.84955
-0.851805
3.1886
-0.113593
0.0419222
0.332967
-0.0164386
-0.277295
-0.264481
3.00621
-0.878539
1.66716
1.35763
2.21744
0.200421
-0.194207
-0.388677
-0.388124
-0.129728
1.15082
0.220115
0.824252
0.751256
1.43885
1.06794
1.71169
1.21467
0.373716
0.0599168
0.831339
1.49266
1.80197
-0.752045
0.00530813
1.04825
1.39997
0.650724
-1.25947
0.758118
1.10795
0.973693
0.346697
1.0722
1.04077
0.63932
1.59007
0.892849
0.0449671
-0.446189
-1.94807
1.20712
0.0580305
1.16588
-1.15668
0.659658
0.738174
0.920728
1.58081
-0.838497
-0.450661
-1.009
1.17991
1.25136
1.56962
1.34378
1.44112
0.868766
0.524009
0.732097
1.63627
0.903852
1.10332
1.6245
1.30772
0.494711
0.361511
0.719476
1.27773
0.974916
1.83819
2.28413
1.77705
0.189065
0.402276
-0.249081
0.592327
-0.222492
0.785753
1.14152
1.56124
-0.316987
0.651942
0.736847
0.318685
0.839009
0.873886
-0.505684
1.42225
-0.184495
-0.0179885
0.836895
-1.62782
2.23049
0.42816
1.25744
-0.851304
0.396703
0.285339
0.569487
0.45275
2.52822
0.0564037
-1.65876
-0.986393
0.14013
0.844039
2.08911
-1.3547
0.0987964
-1.19701
1.95798
0.0278679
-0.225842
1.36931
0.18046
1.19899
0.44923
0.956722
-0.688943
-0.345673
-0.29129
0.716019
0.0319998
0.331384
-0.529662
0.397262
0.0281071
1.09137
0.933959
2.19934
-1.43736
1.18135
0.766699
-0.982545
1.14284
0.576152
0.903862
-1.03269
0.97048
2.30131
-1.01282
0.345113
2.21914
1.5087
-0.585036
0.527301
-0.618634
2.14462
-0.639661
0.61843
2.196
-0.7789
1.90889
1.21476
-0.472259
0.93416
0.612709
-1.27563
1.53673
-0.274884
0.645759
0.0260706
1.07061
0.0295258
0.419541
2.64133
0.945351
-0.231287
-0.476996
-0.835321
-0.548088
1.77483
-0.202173
1.0684
-0.317525
-0.513241
-0.881006
0.272798
1.40401
1.6555
0.745626
1.8014
0.895365
1.13979
1.19246
-0.759542
0.242567
-0.228793
1.41284
0.281062
-0.120323
0.728194
-0.327788
3.27048
-0.482048
1.14081
1.43936
-0.370009
1.65831
0.71867
1.3029
0.560369
-1.58852
0.460498
-0.339736
-0.198415
-0.796035
-1.3332
-0.227742
1.67663
0.930497
1.07906
0.867009
-0.0257869
-0.29396
-0.781205
0.247089
-1.26743
-0.740633
1.98053
-0.201009
-0.399301
0.196596
0.733477
0.641346
2.33314
0.17743
-0.182875
-1.43473
-1.21493
-0.954987
1.07893
-0.189536
0.956304
0.307648
-0.635333
0.765786
-0.351737
-0.872792
-0.00299128
-0.0240011
1.46854
0.386344
1.4097
2.72799
2.02804
-0.41047
0.99303
2.04327
0.27769
0.249086
0.164679
-0.825677
0.412958
1.07301
1.36609
-0.699477
0.0544137
0.263706
-0.159525
0.622856
0.494971
0.816405
0.416357
-0.693565
0.0168637
-0.325983
0.116441
-1.60868
-0.00305789
0.67356
-0.352718
0.942647
0.039149
-0.557058
-0.527666
0.879559
-1.36524
0.807837
1.7135
0.0539606
1.20754
1.5857
1.25946
1.41724
-0.397105
0.515962
-0.87846
1.51691
-0.126917
0.247654
1.76142
-0.275838
0.321186
0.559247
-0.815037
0.0169809
-0.718146
0.670026
0.641362
1.03558
0.838478
0.13233
0.93219
1.32107
0.21541
0.16115
0.508531
-0.0504411
0.232893
2.58866
0.182527
1.30495
2.01453
1.15463
1.2782
1.1795
0.759707
0.545522
1.56877
1.30392
1.29467
0.473129
-0.20215
0.783145
