-0.070545
1.5508
-0.793682
1.97794
-1.0903
0.115327
0.885366
1.72998
-0.244832
0.418425
1.141
-0.427977
-0.220932
0.610223
1.51272
0.334111
-0.698833
0.426642
-0.610174
1.32383
1.74532
0.265341
1.46229
0.366027
1.2093
-0.00665873
0.602765
-0.460965
-0.439096
-0.144924
0.439214
-0.780498
1.5868
0.0292341
0.922375
0.379593
-0.0457956
-0.377339
1.05981
1.9118
0.577089
1.37011
-1.49639
-1.50069
-1.32064
0.702782
0.459724
1.39942
0.166019
-0.283873
0.523364
-0.074873
0.91447
2.50624
0.989911
-0.158111
1.30521
1.01408
0.643809
0.459273
1.25798
0.972105
0.550492
2.50569
0.968734
0.266886
0.586812
0.187614
-0.143238
1.83966
0.791607
1.57235
3.28169
0.623123
0.471235
1.93226
-0.310381
-0.0889207
0.262704
-0.148027
1.60276
0.692185
2.26641
-0.336634
1.39341
1.55825
-0.316412
2.11512
0.920699
-1.5419
0.51368
1.5643
1.22199
1.3472
0.216202
-0.188956
0.0762015
1.57576
-0.0237135
0.967518
-0.637221
0.364739
0.484361
-0.027004
0.395656
0.235802
1.66892
0.411233
2.0493
-0.742397
1.7444
-0.1397
0.929369
2.04674
-0.945503
-0.00941897
-0.131521
0.717114
-0.363668
0.395553
0.623744
2.86119
-0.0625424
-0.435776
0.29726
0.885865
0.304822
0.29827
-0.426411
-0.208324
1.29525
0.542699
0.311217
0.57481
1.88811
0.883094
0.395441
0.443348
-1.09419
-2.74849
0.350036
1.12809
0.429825
0.67617
-1.17364
0.61037
1.3924
0.537948
-0.259512
0.0287047
0.802331
1.77721
0.58633
1.00698
0.749411
0.636003
0.00991773
2.17372
1.66429
0.331492
1.49921
-1.41773
-0.443504
0.864191
-1.04152
0.565115
0.891887
1.02304
0.969909
0.678569
1.36084
-0.0877418
0.589309
0.199323
1.99831
2.26742
-0.993822
-0.0265554
0.439189
0.0271714
-0.0219068
0.0981675
-0.923721
0.343424
0.984513
0.80543
-0.61289
0.242757
0.79164
0.775135
0.690308
0.601323
0.758206
3.08529
1.72157
-1.10506
0.22329
-1.26436
-0.202904
1.17019
1.02184
0.611613
0.377811
0.321609
-0.692552
-0.822859
0.929987
0.355235
0.908322
1.4731
0.712758
2.76085
-0.387753
2.09148
-0.804527
1.44504
-1.9153
0.634751
1.14426
2.22488
0.401839
1.37304
1.22711
0.0440237
0.742943
0.260574
1.47882
-1.50371
2.07191
-0.513665
-0.194277
0.929981
0.494437
1.70968
-0.829368
-0.247023
-0.0795777
-0.841849
0.0181306
-1.7414
1.44052
-0.82582
3.45113
0.326133
1.57566
1.79374
0.269965
0.31604
0.789164
1.25565
1.69598
0.0380414
1.16918
0.990736
0.424839
1.32861
0.890627
0.143414
1.2615
0.691515
0.427122
0.250779
0.380416
0.788017
-0.751953
0.628602
0.0584277
0.508185
0.471667
-0.157432
-0.0741471
-0.239694
0.437934
0.518624
-0.248113
1.88154
1.12058
0.478843
1.80935
1.32973
1.3936
0.522352
-1.06807
-0.155599
0.909058
0.760948
1.15756
2.02023
2.14161
1.08649
0.335153
-0.320507
1.22654
-2.0985
0.105999
1.48846
0.300073
1.19884
-0.623503
1.15453
0.784478
1.03615
-1.19894
0.360999
-0.861239
1.07415
-0.701498
-0.00888537
1.06302
0.47838
1.03684
-0.749867
0.842733
1.68903
1.1664
1.62578
-0.558655
1.61011
0.0898966
2.08777
0.398221
1.56353
-1.23372
0.577415
1.7771
1.70353
-0.00176934
1.78906
1.16373
1.85022
0.424451
-1.68249
1.3437
0.772209
0.681859
0.323849
-1.06531
1.51057
2.0331
0.938049
-1.29693
-0.211509
1.5977
0.291206
0.636595
0.714756
3.78917
2.26575
1.945
0.402032
1.4987
-0.967189
-0.833454
1.52879
-0.265443
0.878222
-0.535062
0.789296
-0.960304
-1.14574
2.19304
2.12686
0.802447
1.4332
0.591433
1.23246
-0.011934
-0.323201
0.694778
0.386718
0.348775
-0.166784
1.06939
0.497024
-0.685148
0.521266
0.0645169
-0.0155129
1.76321
1.52471
-0.974869
0.835278
-1.88155
1.15385
1.35826
0.375081
0.99657
-1.15001
1.35148
1.62015
0.273708
0.465718
0.326382
0.209027
2.24845
-0.260444
2.09769
1.91393
0.701224
0.45351
1.4235
0.311273
-0.0104592
0.115649
-0.193305
0.236634
1.31428
1.21481
0.892842
0.891193
0.963497
2.55461
1.40023
0.199106
0.826026
-0.284897
0.764056
0.105749
1.40866
3.19588
0.144881
0.759014
1.51666
0.13775
0.734162
-0.215837
-1.25844
2.05545
1.75729
0.664199
1.37022
2.02736
-0.00419203
-0.181354
0.422424
1.1646
2.19474
-0.0229096
0.282062
0.488896
-0.119623
-0.152263
-0.0153944
0.473508
1.56089
0.190458
-0.670303
1.72895
2.43583
-0.48747
-0.0823022
0.591447
1.12165
0.0722558
1.89666
-0.659865
0.906585
1.8383
1.25043
0.378814
-0.177097
1.34021
-0.552736
-0.601471
1.47796
2.28779
-0.618583
1.52751
1.73682
-0.491686
-0.568309
0.96587
0.704223
0.78795
1.97433
1.31629
1.5211
0.527499
-0.0390972
-0.215824
1.14323
1.46236
-0.513543
2.24082
-0.848521
-0.567602
2.51805
2.05392
1.78774
-1.32945
1.55757
-0.22567
-0.514515
-0.24416
0.694031
0.511569
1.21863
0.162097
1.97704
0.529055
-1.03919
1.21025
1.28461
1.03619
-1.26542
2.07065
0.279458
3.53564
1.05054
-0.432677
0.511157
0.319061
0.852511
1.10606
0.298755
0.414743
0.320302
1.88523
0.388429
-0.351255
-0.430968
0.284053
0.875512
1.05358
1.8079
1.22811
0.20479
-1.60686
0.73097
0.80213
2.26345
0.0679141
-0.172522
-0.200999
0.111717
0.307033
-0.846346
1.02558
0.0236152
0.57756
1.9793
-0.634671
-0.978171
-0.0818963
2.46444
1.46189
1.32574
1.43701
0.142345
-1.58567
2.03969
0.305038
0.943564
-1.36114
2.06186
1.67641
-0.356693
0.839826
0.152609
1.50112
0.914692
0.0593866
0.105245
0.466164
0.974815
1.88294
1.01066
0.530404
0.749327
1.53744
0.451245
0.937495
-1.15279
0.300921
-0.778706
0.307156
-1.84835
0.663604
0.69536
-0.188458
0.758923
0.275561
1.40377
1.25497
-0.0659648
1.08965
-0.589621
1.36496
0.880015
-1.04762
0.35415
1.46916
0.0788087
1.18464
-0.17436
-0.924531
-0.257205
0.0259242
0.213681
1.23603
0.565378
0.069495
0.48385
-0.26357
-0.688415
0.771801
-0.850742
0.915546
0.461349
1.23613
0.649551
0.192069
-1.08233
1.13903
2.09545
1.35006
0.269631
1.86785
0.481641
1.85302
-0.869461
0.691031
0.210223
-1.04335
0.456045
-1.81618
0.633944
1.30568
-0.601357
0.699663
0.197645
0.452259
1.25579
0.336709
1.28587
0.515071
1.04801
1.09276
2.37045
0.394966
-1.85518
0.742492
-0.146
2.3364
-0.359489
0.82171
0.581655
0.660792
0.28504
1.12065
0.900625
0.24051
2.00068
1.06445
1.76647
-0.329204
-0.0498895
-0.318888
0.909589
1.47165
1.85449
-1.01358
1.44524
-0.462241
0.289957
0.967251
0.197761
0.394839
1.35732
-0.709755
-0.122957
0.789264
-0.0721482
1.31389
1.41467
-0.993558
0.658861
0.935254
0.117376
1.74736
3.40709
0.796215
-0.304571
1.37031
1.26088
0.223217
-0.293411
0.766872
0.682745
1.81166
-0.831245
0.856467
-0.809217
1.03661
0.329519
1.83635
2.43701
0.431357
0.2206
0.809634
1.27832
-0.397265
0.0370898
2.3439
0.589819
0.186139
0.558062
0.784701
0.415038
-0.0457396
0.79386
-1.00745
2.38453
0.15919
0.981544
0.925853
1.36691
-0.62545
2.6638
1.51298
0.804276
1.16209
2.01182
0.409741
0.637749
1.41974
-0.522672
0.468177
1.70752
-0.320408
1.60681
2.13573
1.8767
-0.786662
0.370659
0.861828
1.04383
0.363437
0.242006
-0.994575
-0.0589389
0.547058
0.799615
1.37095
0.627918
0.116005
1.90105
0.815009
0.537775
-2.79187
0.626599
0.0482092
2.06913
0.943552
1.32749
1.57748
-0.986441
2.4128
1.32114
0.505736
2.13429
2.07997
-0.443245
0.23406
0.492415
-1.14249
-0.918244
-0.0938997
-0.672857
-0.622819
0.77845
1.64206
1.78749
2.51792
1.58344
2.29007
-1.02961
1.30482
0.599098
1.14509
0.0195151
0.125816
1.14159
0.000382793
1.13824
-0.729627
0.831324
0.457137
0.544725
1.76402
0.856029
0.64868
-0.222024
-0.350678
0.155706
0.532766
0.779655
1.10452
1.41153
-0.295975
-2.32082
-0.368249
1.22786
0.302889
0.611332
0.129919
0.208296
-1.00914
1.06221
0.0545196
1.51624
2.88552
1.14444
-0.495557
-0.800476
0.299022
2.19976
1.0465
0.965373
-0.769095
-0.511406
0.752002
0.290916
1.18711
0.614073
0.946987
-0.563358
-0.301216
-0.581531
2.01648
1.27344
0.479671
2.46409
0.651094
-0.749227
0.730087
1.10241
1.5567
1.6797
1.18418
-0.236518
0.541068
-0.203882
2.02335
0.444227
1.07729
0.319613
0.360932
0.636741
-0.238426
-1.02639
1.28062
0.598656
0.607576
1.01721
0.125216
1.68429
0.768315
1.26771
1.28317
-1.48117
1.33466
1.59108
0.92225
0.897924
-0.199293
-0.483835
2.44005
0.57498
0.854263
1.29532
-0.864636
0.320673
0.616764
1.06319
0.876094
0.630911
-0.207549
1.8279
-0.167921
0.508027
2.40322
1.45884
-0.463623
2.59822
-0.229808
-0.06563
-0.840589
-0.783976
1.93966
2.07024
0.163563
-0.52143
0.389413
0.285494
0.701157
0.883181
1.75477
2.47855
2.22073
0.792149
0.799458
0.618001
0.110049
0.265119
1.1547
0.723687
-1.23566
1.07574
0.437082
0.326146
-1.452
0.49276
-0.799405
-0.44499
2.01064
-0.240924
0.985511
1.66299
0.300355
0.0557475
-0.000165017
-1.3239
1.48335
0.973253
1.43859
0.99287
0.462987
-1.49986
1.88728
0.121829
2.00071
1.05036
-1.29152
2.06805
0.478413
0.380842
0.0835826
1.02407
-0.738353
-1.67223
-0.00422942
1.93033
-1.89562
0.408554
1.17744
1.69439
1.42578
-0.787054
0.631572
0.54019
-0.371692
0.871289
0.639449
-1.93533
1.85319
-0.00674665
1.30711
3.8652
0.581313
-0.405879
0.759996
1.78787
1.06192
0.738784
2.27908
0.78591
1.5309
-1.52854
0.812662
0.158887
2.26339
-0.73931
1.48498
-0.0965411
1.4898
-0.147117
1.89545
0.563095
2.4441
-0.415642
2.44997
0.41811
1.41345
0.300812
-0.660022
1.44992
2.13922
1.05434
1.97081
1.70856
1.54936
0.026297
1.40223
-1.04421
0.171931
1.47691
0.1468
0.907857
0.206647
1.78412
0.362507
1.47236
0.21758
0.678217
0.983414
0.64118
0.0251419
-0.445915
1.36164
1.28223
-0.106832
0.603652
1.38698
1.34633
0.799804
0.73598
0.64718
-0.75053
1.2619
-0.725782
0.742545
-0.221109
0.834093
2.33334
0.782523
1.9198
1.91825
2.26195
-1.04
-0.237002
0.84744
0.60139
-0.100376
-0.592762
1.43975
0.198713
1.06674
0.61882
0.85663
-0.247397
1.57621
1.0251
0.534435
1.92672
2.15348
0.599607
1.12868
1.09102
0.313359
-0.123076
-1.00371
0.295436
0.874742
0.716737
0.00657836
2.93204
0.988361
0.829476
1.63834
1.80981
-0.309145
0.0992186
1.31172
1.49224
1.82287
-1.22882
-1.00783
0.71167
1.29685
0.403446
-0.66641
0.332736
0.00116967
-0.631774
-0.460851
-0.271159
0.929635
0.207086
0.191312
-1.31773
1.83183
-1.43304
1.17024
0.151378
2.18782
-0.582556
0.385022
0.0957585
0.552026
-1.59955
-0.437199
0.234323
1.40027
1.26356
1.158
-0.66099
-0.440578
0.953755
1.50586
