0.794653
0.528621
0.546991
0.731197
0.749083
0.384605
0.453348
0.493106
0.484644
0.245625
0.264825
0.367525
0.533981
0.312328
0.0493519
0.0146944
0.606187
0.354342
0.106133
-0.0606484
0.191772
-0.432464
-0.257014
-0.21667
-0.527283
-0.896132
-0.891591
-1.07328
-0.491919
-0.459246
-0.362781
-0.0346964
0.28646
0.519731
0.370537
0.582055
0.456151
0.453847
0.759137
1.15465
0.853405
0.565573
0.0815257
0.0855981
-0.421723
-0.256276
-0.331381
-0.319329
-0.334735
-0.728782
-0.814148
-0.446592
-0.898839
-0.625191
-0.617018
-0.821615
-0.901195
-0.804455
-0.755779
-0.707753
-1.08305
-0.728734
-0.549367
-0.47343
-0.642379
-1.2871
-0.876367
-0.782701
-0.929702
-0.496577
-0.0701432
0.242899
0.510571
0.31806
0.87441
0.654954
0.0607535
-0.299947
-0.849792
-0.908288
-0.665133
-0.914486
-0.353441
0.0731397
0.266615
0.112649
0.207708
0.845344
0.70904
0.301203
0.0941187
-0.240709
-0.178211
-0.357392
-0.908147
-1.21458
-1.33691
-1.29615
-0.985102
-0.595875
-0.375785
-0.14315
0.00728722
0.178822
0.299516
-0.157817
-0.380532
-0.733077
0.211789
0.0611897
-0.0787287
-0.515299
-0.296921
-0.300834
-0.369884
-0.0694056
0.150743
0.260667
0.412529
0.500898
0.782359
1.09231
1.19898
0.888675
0.618294
0.297839
0.298241
0.526204
0.465703
0.132531
-0.388942
-0.6086
-0.634045
-0.396269
-0.480994
-1.40166
-1.51214
-2.13622
-2.29885
-2.137
-2.34211
-2.11608
-2.40399
-2.59293
-1.73495
-1.71035
-1.55042
-1.38163
-0.884514
-0.717136
-0.656405
-0.475449
-0.392786
-0.0170082
0.365843
0.393889
0.866859
0.913883
0.765757
1.06842
