1.18872
1.44153
0.336488
-0.0297605
1.71023
1.66322
1.11226
-0.0718252
-0.611592
0.33456
1.34953
-0.0119885
-0.899241
1.3336
0.454241
0.185437
-0.830605
1.16996
1.38649
0.156644
0.209535
-0.50623
-0.424382
0.452764
-0.265385
1.61263
-0.347778
1.48385
-0.52166
0.457132
0.971808
0.254569
-0.693998
0.552921
0.964794
-0.6015
0.388413
0.777332
1.31896
0.254513
2.25924
0.833781
0.348004
-0.522519
-0.910589
0.179263
-0.480447
0.853789
1.04564
1.48159
0.893396
-0.217905
0.320896
-0.317245
1.06543
-0.3866
-1.17211
-1.1012
-0.652432
0.120898
1.28968
0.165265
1.06027
0.194516
2.51098
-0.0391183
1.31949
0.356098
0.405591
-0.316863
1.79848
-1.3839
-0.548351
0.527115
0.491873
0.742775
0.391312
0.270022
-0.177169
0.933808
1.72707
-0.267291
-0.045763
-0.649392
-1.54047
0.913449
1.11501
0.602575
-0.711553
-1.04353
-0.312989
1.92225
0.934591
0.940304
-0.958709
0.650595
-0.559241
0.424176
1.72743
-0.397927
1.24218
-0.468497
-1.51569
0.918615
0.0498592
0.717422
-0.79798
-0.868698
2.07359
0.0170675
2.56033
0.894973
-0.422876
0.652659
-0.023952
1.57156
0.046773
1.4915
-0.39913
-0.0967775
0.581466
0.897108
-0.634961
-0.174074
0.433217
0.1789
2.19813
0.994022
-0.0822185
1.81255
0.322954
0.456671
1.51384
1.27209
0.736417
-0.209826
-0.802393
0.237092
1.26628
1.28024
1.29643
0.430497
1.3325
1.649
-0.524196
1.07601
0.661572
1.35395
1.27417
0.451569
-0.962489
-0.240367
1.51139
0.0432393
1.08864
1.14936
0.846633
0.480676
-0.259552
0.956504
0.0221261
-0.0318402
0.748799
0.599888
0.180548
0.817978
0.546404
0.379955
-0.529687
-0.109514
1.30954
1.0983
0.751491
0.459398
-0.344784
1.04959
1.49266
-0.773982
-0.0939302
1.39826
0.479213
0.273754
-0.225863
0.322794
-0.338339
-0.378893
-0.389405
-1.07437
0.0985623
-0.0182483
0.0293107
1.24946
1.42655
0.616968
0.850631
-0.00669169
1.13813
0.395604
-0.176438
1.48902
0.407984
0.737824
0.21549
0.407958
0.85463
-0.00261156
1.11529
-0.548017
0.230567
-0.594709
1.07904
0.320464
1.95159
1.34418
-0.349722
-0.53913
2.31031
0.179476
0.504166
1.42944
0.79688
0.484121
1.60916
0.505526
2.06437
1.76863
1.2211
-0.809854
0.959561
-0.350959
0.702547
0.397048
0.450485
1.18181
0.80693
2.23138
-0.250505
1.31833
0.652018
-0.382208
0.787032
-0.717714
-0.490925
-0.394683
0.233113
-0.0878502
-0.659127
0.109544
0.221151
0.577035
-0.272776
0.155389
-0.213509
0.45055
0.0863035
0.764317
0.685129
-1.1454
-1.40083
1.81356
0.316077
0.832314
0.708201
1.45553
1.75128
1.48666
0.251325
0.833405
0.602496
1.09161
-0.543382
0.905802
0.702348
1.37142
1.68538
0.596628
1.07254
-0.226103
0.128499
1.02129
1.62789
1.0397
1.77982
0.826422
-0.433533
1.07976
1.33444
0.19737
0.828153
-0.954677
-0.670022
1.71659
0.713798
-0.901656
-0.668093
-0.642377
-0.29758
0.281238
1.05812
1.01644
0.513453
-0.70058
1.20487
0.155651
1.74521
0.770314
0.75945
0.313372
1.0083
0.543176
0.646302
1.40605
-0.0214813
-0.411888
0.497475
0.675441
-0.363828
1.21986
-0.0815482
-0.27735
-0.448581
0.604381
0.663281
1.65949
2.28767
0.25953
1.07535
1.51064
0.758405
1.17444
-0.586047
0.877263
1.29189
1.38366
0.0871045
-0.0477655
0.0411761
0.0293205
0.0956061
0.822799
0.231261
0.869052
2.47329
-0.132761
-0.577304
1.2482
0.580303
1.49869
2.35898
2.307
-0.0873232
-0.51586
-1.69259
0.434872
0.443927
0.362769
1.09008
1.24948
-0.763912
0.476337
0.244038
0.380256
-0.538101
0.158861
-0.835447
1.4084
0.0599317
0.07774
0.659366
0.659281
-2.31038
0.256509
0.833868
0.692554
0.347064
0.0236861
1.66856
-2.01992
0.954504
0.802544
-0.730537
1.73064
0.662333
1.43008
0.471032
-0.34159
0.553268
-1.17305
2.23477
-0.585322
0.375857
1.18677
-0.50613
0.92895
0.306394
0.904614
0.388622
0.562634
-0.69879
-0.880976
-1.23169
0.888836
1.48051
-0.438512
2.17543
1.92512
2.24718
0.834386
0.527281
0.752993
1.53474
1.17111
1.09469
1.20672
0.358685
-0.0316081
0.325831
0.584327
0.722422
0.122897
-0.070048
0.90252
-0.741175
1.70771
1.42628
0.557363
-0.718752
1.49429
0.634815
-0.209932
-0.209199
-1.57592
0.625949
0.822968
-0.095414
1.34085
-0.10969
0.913405
0.194283
0.380326
0.585491
0.166112
0.403076
1.71492
0.553897
-0.166534
-0.821751
0.878019
0.554762
2.37243
0.167409
0.548811
-0.0920791
0.540029
1.11106
1.38981
0.695035
1.38995
0.273319
-0.147131
0.637458
-1.13089
0.444862
1.33375
-0.941548
-0.449591
-1.3022
0.363069
1.03113
1.02037
0.2277
1.95321
-0.433854
1.65671
-0.527543
0.00665276
0.0489293
0.78752
0.155688
0.733787
0.480166
1.21263
0.843147
0.0401083
0.439753
1.9921
1.50579
-0.178386
1.29986
2.46615
0.101043
0.131336
-0.0715634
1.04899
1.21095
0.0832205
-1.09193
0.415287
1.10312
0.53284
1.07892
-0.476262
1.73857
-0.574574
1.33231
-0.84387
0.371635
0.403299
1.8967
0.632959
1.50393
1.47676
0.430655
0.665933
0.915821
1.09069
-0.326695
1.13076
0.543046
1.43735
0.254743
-0.00555205
-1.35239
0.542989
0.981369
0.410054
0.205232
-0.156204
1.88212
0.219835
0.287838
-0.10366
0.199459
0.421405
1.73873
0.620338
0.527288
0.0206554
0.121201
-1.11536
-1.71381
0.207841
0.0101445
1.16211
0.98736
0.986585
0.426926
0.629106
-0.478509
0.251955
1.11389
1.14483
1.54537
1.16521
-0.682281
0.691487
2.36933
-0.851772
0.471275
1.48595
0.679929
1.55851
1.04811
0.909896
1.22411
1.04557
1.28192
0.213284
0.251179
0.950259
0.696895
1.43082
-0.495085
1.14071
0.684338
-0.431651
1.40504
-1.64
1.07337
1.06067
0.394399
2.47839
1.08257
1.31195
1.77522
1.36656
-0.0136513
1.20678
1.13467
1.20357
0.323605
1.73701
-0.778586
0.241518
-0.11175
1.97523
0.624823
-1.05515
-1.25776
-0.199752
-0.304016
0.715887
0.632454
-1.25258
0.309705
-0.575584
1.66931
0.964217
0.532107
2.55919
0.467732
1.63975
1.96281
0.260549
-0.213897
0.439867
0.628418
0.767958
0.000475883
0.296758
1.79179
1.23322
-0.670751
-1.45258
-0.0514846
0.355333
0.253221
-0.0561718
0.0450466
1.92695
-0.351693
0.847186
1.5102
0.210028
0.484065
2.17105
1.35696
0.506156
0.193685
0.437564
1.34053
-1.04854
-0.316818
0.713325
0.04311
-0.929391
1.15411
0.778517
-0.550456
0.577183
-0.921203
0.200175
1.62133
2.06526
-0.247952
0.0922232
1.71002
0.765929
0.458814
0.727329
0.325603
1.94715
1.39558
-0.584853
0.634819
0.743813
0.58811
-0.586198
-0.0390514
-0.95258
1.21422
2.01859
0.335439
0.735614
-0.987268
0.390983
-0.58732
1.06266
-0.231249
0.681508
1.17363
1.7273
0.524511
0.375486
0.481554
0.622256
-1.21738
-0.835619
0.262065
-0.104369
0.32117
2.08912
0.382867
0.64427
0.446581
-0.428443
0.318793
-0.943666
-0.302562
1.14043
0.945186
0.290967
0.374556
0.020123
0.405656
-1.8338
0.670683
1.34776
-1.13859
-0.0685831
-0.434591
0.026448
1.29755
0.973758
-0.53589
1.77975
0.247963
0.479677
0.632095
1.15035
2.1291
-0.203914
2.1336
0.574616
1.27432
-0.292977
-0.0520945
-0.810414
-0.678133
-1.12057
-0.790929
0.471599
0.619999
-0.638447
-0.264065
-0.271938
0.57064
-0.832151
-0.942717
-0.543915
0.127461
-1.13574
0.604705
1.36654
2.03385
0.114009
0.361018
1.8013
0.886356
0.120632
0.041782
-0.0150208
-1.2804
0.3683
1.38862
-0.0390758
0.885935
-1.56409
-0.170772
0.0368707
1.04879
1.57764
0.00862756
0.56315
0.726537
0.0517588
-0.160409
-0.640338
-1.06938
2.1177
0.239301
0.499639
1.03983
1.293
0.319456
-1.84224
0.531839
0.779444
0.895493
0.850486
1.16416
1.02758
1.97772
1.63013
-0.0955004
0.02781
0.92252
0.765499
0.822905
-0.479804
1.02741
1.10715
0.564078
-0.58155
1.42854
0.389989
0.0950059
0.285982
1.34456
-0.348285
0.296867
-0.0884017
0.360964
0.0415024
-0.337483
0.330916
0.133174
1.38013
1.12035
-0.963149
0.286865
-0.618665
2.34184
1.40354
1.95918
0.63441
1.05264
-0.226902
0.220214
1.29491
-1.05463
-0.453227
-0.435075
1.72676
-0.117884
0.979082
1.4596
-0.380471
-0.153061
0.7731
-0.561851
0.395898
1.82522
0.0905211
-1.84681
-0.644049
-0.435049
1.22228
0.357624
-0.0298258
0.0696311
0.818558
1.69561
0.426547
0.653361
-0.348903
1.13925
0.94254
-1.05567
1.53274
0.887799
1.75901
2.59074
0.0445416
2.06735
0.0101453
1.43025
0.0801621
1.98051
0.259886
-0.271396
-0.0912242
-0.323888
2.29271
0.873456
-0.0256738
-0.603369
1.44446
0.664417
1.8371
-0.116959
0.692611
2.66092
0.653822
0.465945
-0.48695
1.96368
-0.236315
0.474953
0.510199
0.805655
0.926706
1.88376
1.7967
2.04539
0.379712
0.70437
-0.979633
1.35863
0.147923
-0.232607
0.567273
1.17529
-0.590358
2.23303
0.140561
-0.553915
1.49575
0.815052
0.0535466
2.3723
0.0173868
2.07574
0.615244
-0.403046
0.217137
0.548426
1.36367
-0.838136
0.275756
-0.50318
0.208511
2.49382
0.309231
0.895443
1.18161
1.1774
0.26683
0.976326
0.460444
-0.495964
-0.614935
0.136797
2.14269
-0.0439788
2.57228
1.24586
-0.217532
1.88118
1.53238
0.168793
0.193122
0.892786
0.204891
0.343158
0.902622
0.24822
0.0521297
-0.134227
0.194585
2.0261
-1.51905
0.393599
0.405717
-0.0572746
1.13385
2.30185
-0.664832
-1.90959
1.80285
0.984041
0.723389
0.947187
1.00604
-0.844463
1.22532
-0.783915
1.19759
-0.582921
0.486533
1.83857
-0.718139
1.74956
0.0462837
-0.717883
-1.89729
-1.53814
-0.383911
-0.0864871
0.891089
-0.00194954
0.384582
-0.13004
-1.6015
0.193296
-0.327206
0.797739
0.405918
1.48062
-0.0570495
-1.34799
1.24115
-0.825897
1.8464
-0.878128
1.80883
1.17225
0.0703137
0.0394311
-0.168209
-0.16553
0.179703
0.691223
2.51762
0.769034
-0.841901
-0.306366
1.18556
0.559716
1.00094
0.539534
1.23246
0.530883
-0.434014
0.692209
0.399384
0.152724
0.785712
1.16588
0.201345
0.645813
-1.88882
2.21149
0.792204
1.42296
0.819454
0.142505
0.410501
1.28847
1.75815
-0.209725
1.67277
1.09682
0.863076
0.0786791
0.354418
0.0820124
1.31562
1.48403
-0.160729
0.788385
1.31855
-0.409123
0.579232
1.65668
1.06573
1.24422
0.0292312
0.837229
-0.775023
1.08158
0.310139
0.296133
0.571369
-0.999671
0.774706
0.793558
0.916334
0.0732245
1.2053
1.30144
0.835417
0.866889
1.80054
0.669023
-0.857751
2.34968
0.675551
0.864993
1.18552
-0.544882
-0.774449
0.747175
1.38941
1.41267
0.974451
1.77025
1.59255
1.62918
2.55296
0.797191
2.0266
0.371365
0.814547
2.08308
1.74929
-0.723476
1.57811
1.62202
0.415279
1.4318
0.61011
-0.935623
0.183271
1.68807
1.1921
0.442126
0.182454
0.358855
1.11133
1.30052
0.207594
0.238027
0.752179
1.11861
1.7069
-0.73286
1.79275
-0.353224
0.654416
-1.16076
-0.71864
0.664364
1.15536
-0.522279
0.0278721
-0.183633
-0.033175
0.386105
1.06425
-0.0858252
0.226337
1.02291
0.0382449
-0.421194
0.0219041
0.808289
0.169081
1.86257
1.20658
1.22405
1.16579
-0.220944
0.561499
0.480166
-0.163894
0.279938
0.0620276
0.335479
0.952715
2.55789
-0.0774607
1.26837
0.322115
-0.229073
0.472982
-0.134479
0.149255
1.07013
0.0568591
0.798474
0.320846
-1.36819
0.148935
0.750479
0.991387
1.43279
-0.050897
0.0880468
0.646987
-0.469847
0.296913
0.189723
-0.496261
0.690554
0.740193
1.76191
0.748269
-0.586276
-0.364081
0.7676
0.00498752
0.96414
1.38713
0.487814
2.09316
-1.96976
-0.297253
1.16225
0.412032
0.807918
0.307768
1.68594
-1.18151
1.07186
1.16742
-0.476987
0.696953
1.16294
-0.110792
1.18617
0.778703
1.06848
0.827489
-0.546449
0.507363
0.72267
-0.335855
0.0133091
0.513014
0.951179
1.23583
1.72313
0.951671
0.611609
0.802156
-0.443151
0.767294
0.418114
1.64226
0.355976
-0.0522757
0.169125
0.261048
1.13315
1.46669
0.157541
0.88747
-0.100561
1.72202
1.0442
-0.462249
0.142936
0.170819
1.34188
0.653746
0.971602
0.209428
0.292689
0.528248
1.72108
0.0443852
-0.109683
-1.77929
0.451755
0.5885
1.15688
1.87684
0.224017
0.196561
-0.0280065
-0.0621408
-0.353639
-1.03355
1.28626
0.61661
-0.708212
0.0952065
0.410894
-0.399505
0.73436
-0.281086
1.57055
0.00923523
1.53321
0.628518
0.840204
1.19765
1.7084
1.06842
-0.858114
-1.36336
-0.643303
1.65374
0.667793
0.838497
0.064869
0.99534
0.208381
0.765103
-0.964675
-0.862187
0.228329
0.295303
1.7852
1.68375
0.106417
0.47588
-0.401841
-0.853504
-0.234111
0.82057
0.772562
0.895675
0.911913
0.888557
-0.116445
-0.0732623
0.915427
0.915557
-0.391859
1.65195
1.15263
-0.618647
-0.213126
1.76266
1.88441
0.984956
0.812677
-0.782729
1.18403
0.407339
0.645315
0.668049
1.54316
1.47996
0.52506
-1.47656
0.890367
0.231075
-0.453406
-0.50205
-0.170321
1.5203
0.929679
-0.265597
2.08163
1.57739
0.0911466
0.00199035
0.633388
0.64457
0.513371
1.55585
-0.579517
0.987638
-0.220583
1.03121
0.971745
0.0277832
1.39548
0.714514
0.9904
0.662117
-0.446181
0.291916
-0.151563
1.37143
0.844057
0.66113
1.2868
-0.531151
-0.015953
0.529765
-2.03148
-1.05298
0.689407
0.825292
1.23528
-0.082983
-0.665187
0.729309
0.507828
1.39442
0.930263
0.90205
0.142017
0.116323
0.306622
0.27846
1.02343
0.697365
1.66474
1.11045
-0.122992
1.2178
0.268255
0.0328172
0.581256
0.84024
-0.438245
-0.314525
0.731309
1.7039
1.524
1.29769
-0.016698
-0.150749
1.63471
-0.229581
0.579278
1.22619
0.657849
-1.51533
0.596039
-0.415641
0.435002
1.60764
-0.324385
1.04659
1.20638
-0.395303
1.29785
1.05387
1.04424
1.04687
0.735296
0.218924
-0.737181
0.93314
-0.465066
0.454302
0.0224467
0.302709
0.0205241
0.0837522
0.114542
0.772239
0.126008
-1.87328
1.6376
-1.76375
1.62687
-0.88554
0.403151
-0.121323
1.13129
0.784415
1.40338
1.48239
-0.3828
1.29592
0.315331
0.562377
0.425117
1.00102
0.451233
1.59395
-0.1314
2.25516
-0.159051
0.538297
0.632911
0.399178
0.915674
0.997632
0.816277
-0.246128
1.89289
1.65218
-0.252736
0.459427
-0.515022
-0.382473
0.885143
0.637959
-1.15298
-0.264836
-0.590952
0.640979
1.35587
0.202046
0.860059
0.367607
1.68495
0.9102
1.62095
0.337802
-0.587887
0.972649
1.42013
0.944959
0.0264639
-0.38649
1.53676
0.718143
-0.390693
0.983402
0.733688
0.85675
1.55638
-1.23271
-0.68434
-0.376995
0.975772
0.468573
0.103821
0.873655
1.05699
0.650226
0.991312
0.278993
0.053627
0.951542
1.41963
0.910848
-0.470778
0.444849
1.53143
1.03707
0.302063
0.566638
1.18152
-0.144704
0.00422917
-1.28834
0.436382
0.590664
1.33164
2.51248
0.37891
-0.553969
1.29676
-0.0650541
1.1082
0.878341
0.0771912
1.46465
1.34852
0.796461
0.0213314
1.76038
1.29499
0.983754
0.840278
-0.660368
0.142728
0.988308
1.87506
0.263679
1.0345
1.07932
1.33743
0.088997
0.377022
1.52497
0.655938
-0.455063
1.34932
2.05288
2.59261
-0.476817
0.36799
0.77341
0.981056
1.05505
-0.195396
1.29779
0.357623
0.575188
0.431032
1.29873
0.246222
2.66284
1.57025
0.842782
0.642132
-0.157955
2.45034
-0.423507
1.12608
0.575273
0.217872
0.871745
1.00439
0.533708
0.389954
0.974533
2.00091
0.636131
0.022673
-0.16901
-0.982885
-0.287503
-0.165736
0.562415
0.0891645
1.82219
0.891396
1.63307
0.201678
0.0382455
0.463349
0.62266
0.406062
-0.973488
0.708888
0.167803
0.191442
0.50685
0.0328114
-0.24736
-0.347083
-1.76154
2.11083
2.27953
1.49717
0.704196
-0.691706
1.06041
0.95558
-0.559979
0.310881
1.41273
-0.098996
0.875085
1.059
0.285302
0.819271
1.34355
0.181558
-0.274107
1.00937
0.114619
-0.145509
-0.109133
-0.302834
0.316182
1.18707
0.905711
-0.62871
1.19162
0.79402
0.511711
0.151086
0.711545
0.453604
0.929043
1.17341
-2.05395
0.0461998
-0.551806
0.0377948
1.63318
0.156842
-0.954873
0.974168
1.53667
0.258485
0.274483
1.28926
0.727117
0.406425
-0.656849
-0.115337
-1.54323
0.975487
0.00470057
1.15165
-0.129422
-0.500196
0.65714
0.810639
0.4143
-0.358653
0.38756
-0.370929
0.709148
-0.33073
-0.00746677
0.253172
1.45264
1.14217
-1.39367
0.962399
1.49375
1.16004
0.785311
1.47221
2.01534
1.59417
2.20098
1.28976
-0.0649901
-0.00567517
-0.166275
-0.362241
0.596869
-0.764397
0.396739
0.456157
-0.606473
0.946118
-0.955192
-0.0542778
-1.02771
0.0670258
2.0175
0.413379
0.548542
0.774866
1.87939
0.78416
1.7667
1.94716
1.23063
0.284668
-0.220898
1.27192
0.136632
0.820946
0.782121
-2.13296
-0.27216
1.21321
0.359195
1.50479
0.722184
1.25252
1.79974
0.484484
1.51056
0.56266
-0.331077
0.0943422
0.560111
0.0945756
0.534473
0.592346
2.1115
0.28922
-0.639149
-0.332693
0.346773
0.537511
1.15253
1.59436
-0.241901
-1.17386
-0.924069
-0.348897
0.112564
0.456026
2.44466
-0.0304647
0.923867
-0.395169
0.0397217
1.16812
-0.108148
0.215012
1.05328
0.496032
1.40564
-0.459347
-0.458377
-0.299484
1.20867
1.50283
0.836999
0.189348
0.489603
-0.747498
-0.176327
0.959992
0.724884
-0.115797
0.52872
-0.781364
1.20576
-0.159467
0.305336
0.951147
-0.057689
0.656453
-0.240483
0.513198
0.0541532
0.268944
0.328877
2.1245
-0.591587
0.790511
1.02599
0.62653
1.02474
0.558411
0.711868
1.02887
0.947563
-0.335502
0.40131
-0.682486
2.41067
-0.110048
-0.873611
0.371559
0.124373
0.794715
1.70399
-0.37614
0.356838
0.318733
1.03816
-1.02422
1.21772
0.879561
0.0185853
2.91592
1.65228
0.759759
0.0179194
0.532123
-0.739669
-0.157465
0.254876
1.92848
-0.486713
0.568261
0.905949
2.22877
1.58979
1.58755
-0.962315
0.0884481
0.872987
-0.368869
-0.0155766
1.02096
-0.30722
1.00778
1.69178
1.00736
1.72572
-0.209752
1.47608
0.802513
-1.0272
0.444872
0.912123
0.171567
-0.654821
-0.9145
-0.119005
0.351954
-0.595074
0.0101491
-0.662124
1.5122
1.58812
1.82559
1.50297
1.79249
1.04588
0.621596
0.407677
1.31194
-0.230503
0.804939
0.474237
0.180999
0.0811296
1.47457
0.47577
-1.27568
-0.214652
1.01705
-0.269796
-0.695626
0.17324
-0.314553
1.81582
0.140253
0.133969
0.372465
0.555647
-0.769876
1.0003
1.27457
1.00503
-0.897974
1.44395
0.881357
0.451482
-0.489609
0.0389054
1.05365
-1.15636
2.28716
-0.257319
-0.341924
1.63419
0.471285
1.89113
-0.114622
-0.24765
0.988799
0.418513
0.899658
1.39885
0.690411
0.547929
0.697735
0.464484
-0.953956
-0.258415
0.00346504
0.639805
2.01133
0.765495
0.297781
1.49223
0.0348557
-0.239636
1.13118
0.798658
0.723495
0.787464
-0.703497
0.901966
0.938077
0.113897
1.94699
0.923646
0.856389
-0.0717684
1.91689
0.677061
0.993243
0.442932
0.159804
-1.30807
0.620957
1.59414
0.663573
0.124785
1.13093
1.40076
0.990293
0.980106
0.416807
1.32304
-0.527036
-1.02503
1.11465
0.726898
1.34839
-0.36422
1.62186
-0.270175
0.950264
0.134154
-1.2495
0.927135
0.278581
-0.258846
0.549628
0.666286
-0.162348
-0.580575
0.429212
0.703443
-0.356565
1.25971
2.21605
2.45041
0.912461
0.186858
-0.0683704
-0.420672
2.00383
1.81255
0.51575
-0.124923
0.1373
1.59255
1.06478
-0.351889
-0.292259
0.816984
1.71031
2.03884
1.07509
0.926704
0.189532
-0.378132
0.45429
0.836844
0.261676
1.07892
-0.11921
0.459589
0.517182
0.619316
0.71584
0.365065
-0.694258
0.841849
0.979324
-0.353371
-0.276187
0.670624
1.46665
1.13566
0.262889
0.682238
0.93197
0.559191
0.704948
0.460637
-0.138762
0.334803
1.25208
-0.438618
0.141736
0.706464
0.245471
-0.937854
2.63154
-0.174856
0.478838
1.62827
0.0690893
0.874711
0.197544
0.368035
-0.51293
0.797477
-0.752976
1.60747
