0.446208
-0.03646
0.337321
0.726336
0.750204
0.413411
0.522283
0.681421
0.250946
0.0922447
0.517394
0.566117
0.460972
0.499041
-0.350464
-0.901942
-0.712349
0.209995
0.024324
0.417471
0.387004
0.389901
0.785517
0.668258
0.690989
0.760422
0.830681
0.0245158
-0.510483
-0.296573
-0.0713146
-0.488815
-0.854482
-0.495552
-0.526392
-0.252377
-0.995004
-0.254636
-0.109208
-0.186259
-0.00774007
-0.48192
-0.227673
0.0656763
0.0567902
0.202364
-0.100357
0.220848
0.152462
-0.153749
0.468147
0.791548
0.986714
0.647032
1.38053
1.23281
0.834365
0.994768
0.636717
0.735441
0.957779
0.5697
0.687805
0.54834
0.365976
0.505972
0.920517
1.00564
1.11883
0.98127
0.740486
-0.0497169
0.481771
0.771583
0.588438
0.426096
-0.309249
-0.591412
-0.555904
-0.706728
-0.533002
-0.486271
-0.59927
0.31545
0.0327296
-0.507428
-0.690513
-0.604982
-0.303506
-0.105895
0.47696
-0.229104
0.119239
0.207365
0.733295
1.07855
1.12683
1.45506
1.16449
0.9984
