0.466572
0.602288
0.457627
0.829132
0.335757
0.945688
0.208502
0.473424
0.190971
0.747322
0.743531
0.241868
0.494759
0.917869
0.655016
-0.100862
0.639645
0.509439
0.553436
0.67224
0.286084
0.425092
0.903007
-0.426367
0.878019
0.635909
0.0357063
0.27101
0.680194
0.726704
1.10486
0.603065
0.55291
1.07635
0.885257
0.508101
0.980255
0.702992
0.551808
1.05704
0.462103
0.599057
0.648168
0.159726
0.044296
0.0972148
0.411668
0.452182
0.804837
0.747299
-0.135938
0.504474
-0.0614244
0.353821
0.488746
0.380933
0.463899
0.41067
0.832712
0.328394
-0.177139
0.0423778
0.764707
0.55727
0.913142
0.856434
0.391932
0.675738
0.639397
0.429911
-0.176783
0.207975
0.53928
0.829646
0.368084
0.747636
0.736618
0.474739
0.547386
0.281993
-0.283456
0.558635
0.441885
0.0625758
0.602144
0.650755
0.324733
-0.0928029
1.23435
0.463141
-0.145369
0.653958
0.817182
0.286584
-0.345491
1.1173
0.254961
0.818453
0.614356
0.592167
0.427175
0.570506
0.389032
0.836982
-0.0760736
0.262962
0.612867
0.745609
0.725269
0.441717
0.623855
0.769875
0.720586
0.82977
0.109697
0.273855
0.790017
0.042943
0.372974
0.675568
0.793163
0.730234
0.0506101
0.124803
0.843594
0.437261
1.04289
0.455537
1.12466
0.72273
0.481388
0.449771
-0.104813
0.219657
0.600152
0.303374
0.832353
0.462382
0.743574
0.411087
0.747825
0.815635
-0.426289
0.743257
0.734108
0.760111
0.210196
0.633757
0.726186
1.16774
0.198455
0.938417
0.0900454
0.556161
0.265006
-0.136525
0.270265
0.149757
0.925126
0.281837
0.17022
0.216991
0.839774
0.88209
0.792689
0.100314
0.317851
0.336395
0.472632
0.272243
0.662815
-0.471221
0.400179
0.433546
0.506262
-0.146567
-0.0884618
0.824075
0.481979
0.860312
0.742351
0.803709
0.444798
0.628518
0.560639
1.06532
0.599021
0.568699
0.930753
0.530142
0.203348
0.901713
0.477594
0.696054
0.80772
0.278248
1.00292
0.357294
0.683429
0.205833
0.46993
0.313139
-0.154555
0.0368557
0.42212
0.425904
0.396544
-0.112392
0.67696
0.386984
0.66393
0.442281
0.042092
0.472965
0.405738
0.548309
0.843033
0.341087
0.828045
0.384965
-0.393177
0.840713
0.609808
0.741753
0.9606
0.395871
0.196269
0.707649
0.439187
0.804323
0.417828
0.45815
0.555905
0.178761
-0.34015
0.620807
0.789634
0.0415895
0.376012
0.739543
0.641743
0.303849
0.205591
-0.131945
0.574557
-0.122266
0.698104
0.242755
0.697807
0.529374
0.768797
0.180827
0.372654
0.610453
1.07277
0.889299
0.531095
-0.0738035
0.698048
1.05378
0.745995
0.715473
0.314757
0.571689
0.710296
0.918349
-0.245938
0.795055
0.142453
0.350703
0.253766
0.537009
0.425187
1.03014
0.61328
0.476821
1.03243
0.576762
0.164022
0.666729
-0.202046
0.356809
0.69537
0.0811095
0.247089
0.591196
0.715395
0.430397
0.872566
0.662527
0.777728
-0.0648922
0.761261
0.719723
0.108745
0.406241
-0.532868
0.660585
0.472082
0.408956
-0.205898
0.456719
0.745945
0.0530663
-0.0206208
0.352466
0.16639
0.550686
0.804313
0.562413
0.256665
1.00914
0.39789
0.150841
-0.0366257
0.545834
0.625634
0.743707
0.649473
0.757296
0.580774
0.0665153
0.751201
0.258274
0.297298
0.383323
0.0373383
0.738639
-0.345399
0.634724
0.735639
1.02598
0.302024
0.818566
0.558793
0.296664
0.33037
0.301309
0.254332
0.271819
-0.0461436
0.690856
0.0747077
0.506152
0.582134
0.823397
1.1783
0.00418457
0.289712
0.704053
-0.387946
0.144688
0.677744
0.368184
1.01104
0.790627
0.209555
0.745934
0.785182
0.486285
0.242951
0.268128
-0.0306054
0.574747
0.0161725
0.77911
0.760414
-0.000572305
0.0052944
0.62175
0.582051
0.955342
-0.0382894
0.647557
0.746004
0.642923
-0.315122
0.617185
-0.265138
0.845737
-0.0618171
0.44652
0.468038
0.529888
0.651182
-0.156195
0.443511
0.472745
0.77327
0.696265
0.573403
0.862483
0.443056
0.885526
0.741853
0.59399
0.857738
0.574692
0.690542
0.197227
0.0898229
0.592708
0.761814
0.886325
0.340155
0.0222213
0.748724
0.605293
0.352442
0.610736
-0.222254
0.879597
0.0715403
0.400949
0.183912
0.297997
0.8451
0.144618
0.639989
0.832111
0.693004
0.260738
-0.223523
0.974938
0.682412
0.884652
0.717144
-0.0432934
0.311537
0.622606
0.958672
0.665732
0.123644
0.464902
0.966459
0.773426
0.460375
0.159207
0.785562
0.698993
-0.0113223
0.941449
0.593721
1.29754
0.186629
0.342152
0.428417
0.547644
0.622881
0.0843699
0.805717
0.654568
0.903672
0.218021
0.335622
0.29219
0.415165
0.479535
0.177316
0.463106
0.0202837
0.805326
0.61725
0.998494
0.964219
0.730944
0.35702
0.412935
0.328639
0.244499
0.284098
0.802314
1.0319
0.550722
0.578883
0.676082
0.638139
0.702225
0.511259
0.842806
0.555246
0.235856
0.933705
0.956719
0.0240163
0.613032
0.49934
1.16061
0.501729
0.399817
0.0772297
0.402756
0.171692
0.159758
0.340684
0.560421
0.71701
0.381089
0.101789
0.450603
0.173176
0.843673
0.678238
0.229551
0.246696
0.638087
0.478119
0.558549
0.483617
0.227494
1.03109
0.760441
0.510949
0.431934
0.8934
-0.289721
0.526408
0.773735
0.0892212
0.2502
0.836921
0.441475
0.585961
1.01294
0.70517
0.326381
0.445592
0.224973
0.383153
0.496305
0.988309
-0.146016
0.396313
0.341333
0.493183
0.357894
0.387494
0.552669
0.734761
-0.050284
0.240833
0.461391
0.297601
0.520403
0.595076
1.14156
0.719313
0.365229
0.336343
0.583689
0.246715
0.844369
0.1632
0.933944
0.263711
0.37219
0.487596
0.0757443
0.583279
0.968688
0.504178
0.550478
0.63397
0.532735
0.286003
0.833713
0.195008
0.356526
0.362389
0.672683
0.0762605
0.562042
0.213269
1.03271
0.186191
0.298224
0.461444
0.49626
0.467077
0.967992
0.0389958
0.976221
0.283301
0.674929
0.663674
0.542809
0.305318
0.607882
0.669922
0.206373
0.53702
-0.0749511
0.539246
0.438078
0.25956
0.00480012
0.472055
0.437418
0.439594
0.362087
0.631037
0.859051
0.328502
0.629412
0.352464
0.542775
0.331746
0.712481
-0.0533859
0.23386
0.560023
0.416328
0.191002
0.300473
0.850454
-0.184753
0.501154
0.777518
0.696781
-0.294545
0.0260576
0.474731
-0.115221
0.388437
0.316212
0.279206
0.681986
0.60213
0.165621
0.278165
0.825638
0.856266
-0.0579718
0.69696
0.539557
0.505516
-0.163065
0.530666
0.347193
0.577385
0.687916
0.593824
0.410429
0.280975
0.53885
0.100541
0.857932
0.825544
0.449457
0.820381
0.0255041
0.546517
0.548356
0.70268
0.700087
0.268166
0.36327
1.0365
0.35662
0.4693
0.11851
0.173765
0.346415
0.151461
-0.0779749
0.68886
0.989017
0.181246
0.338302
0.687871
0.421922
0.708953
0.562266
1.02605
0.859725
0.234866
0.544747
0.918126
0.812589
0.615479
0.158646
0.40983
0.15303
0.467757
0.66132
1.06126
0.706645
0.170194
0.190119
0.478843
0.86001
0.539926
0.424516
0.587866
0.640846
0.406179
0.474287
0.510406
0.678724
0.280213
1.00224
0.473098
0.767909
0.467685
0.277729
0.332689
0.0859755
0.5177
0.238916
0.875766
0.74208
1.16551
0.974424
0.921296
0.835158
0.51425
0.222754
0.686144
0.980803
0.378643
0.361542
0.154775
1.13249
0.930964
0.666192
0.63732
0.840808
1.08614
0.558402
0.315758
0.372291
0.548221
0.985344
0.714591
0.29572
0.573792
0.562993
0.342904
0.904875
0.192349
0.00288599
0.740181
0.755756
0.284563
1.09656
0.434179
0.571324
0.128491
1.04101
-0.569748
0.905581
0.2694
0.467546
0.399344
0.275061
0.353539
0.685426
0.690251
0.458577
0.699273
0.294616
-0.0319375
-0.0828363
0.618635
0.719035
0.481416
0.565205
0.19404
-0.148881
-0.178578
0.445941
0.56617
0.184051
0.280563
-0.212088
0.228156
0.356493
0.588972
0.647782
0.252242
0.121819
0.246615
0.294689
0.243218
0.766108
0.619823
0.436385
0.937016
0.762133
0.600665
0.421109
0.428545
-0.26232
0.81152
0.172359
0.675311
0.309912
1.00302
0.622222
0.124817
0.308495
0.716355
0.743946
0.504067
0.262852
0.740128
0.240524
0.457693
0.465934
0.187728
0.0239491
0.388867
0.298294
0.633459
0.651343
0.750019
0.724051
0.681116
0.39258
1.01883
0.180038
0.501207
0.543414
-0.323487
-0.298389
0.0742458
0.622813
0.544125
0.28178
0.42241
0.482418
0.725476
-0.152358
0.77536
0.390377
0.374739
0.359716
0.732311
0.310195
0.901939
0.692902
0.229164
0.855189
0.868345
0.721233
0.751276
0.705755
0.0658108
0.369683
0.488208
0.066958
-0.0169307
0.463626
0.80891
1.05429
0.186998
0.467164
0.60563
0.131922
0.598139
0.518383
0.954881
0.417086
-0.112014
0.668751
0.793319
0.482891
0.516474
0.157299
0.839491
0.238045
0.0854962
0.778018
1.02956
0.192487
0.253697
-0.0786034
0.656833
0.68868
0.151698
0.862748
-0.0345451
0.988896
0.500938
0.340336
0.500607
1.05752
0.236703
0.229675
0.95583
0.948954
0.569709
0.255056
0.455793
0.121563
0.199336
0.342917
0.548715
0.110844
0.529964
0.301807
0.21919
-0.327465
0.424299
0.960807
0.312011
0.428653
0.45146
0.588869
0.0308686
0.476262
0.6014
0.608484
0.603736
0.958492
0.837827
0.457983
0.615546
0.210714
0.619718
-0.0494889
0.436567
0.515607
0.558547
0.481863
0.285252
0.498104
0.904259
0.97753
0.61824
0.352059
0.821438
1.09919
0.645898
0.739521
-0.0523075
0.529025
1.1076
0.480326
-0.145551
0.147135
0.897486
0.703278
0.615965
0.0366882
0.483255
0.0757385
-0.0859443
0.428074
0.868858
0.624954
0.678529
0.877146
0.181757
0.809455
0.505231
0.828866
0.712385
0.74765
0.409796
0.51825
0.49735
0.917268
0.345038
0.792099
0.953371
0.187258
0.196476
0.525907
-0.0752222
1.17594
1.02967
0.36055
0.355876
1.14718
0.0274597
0.305088
0.0267183
0.492948
0.077584
0.603085
0.929672
0.376673
0.172786
0.896078
-0.0351864
0.72605
0.695295
0.496339
0.248422
0.0245795
0.597825
0.188112
0.387954
0.293431
0.240492
0.310873
0.078983
0.252191
0.759336
0.0972561
0.942158
0.8109
-0.0711396
0.704276
0.522834
0.582976
-0.294231
0.134477
0.399297
0.635923
0.427384
0.344819
0.533149
-0.237581
0.620045
0.311515
0.176323
0.953086
0.670714
0.104191
0.684509
0.507434
0.641747
0.0526995
0.917528
0.637041
0.648538
0.479935
0.417799
0.829656
0.400312
0.454933
0.225622
0.766605
0.61155
-0.0182338
0.743555
0.814413
0.857956
0.437343
0.589818
0.697413
0.257734
0.64995
0.29846
0.536237
0.548732
1.03754
0.402384
0.423926
0.505138
0.57008
0.879346
0.774515
0.331446
0.895503
0.734878
-0.657042
0.524156
0.869623
0.567825
0.153138
-0.107342
0.823463
1.08939
0.241392
0.353496
0.831758
0.555929
0.0946465
0.141941
0.497819
0.801874
-0.046741
0.489976
0.546795
0.814328
0.635928
0.990683
0.644863
0.778989
0.296039
0.503642
0.628471
0.898988
0.0710459
0.792897
1.01337
0.867044
0.516641
0.444946
0.84598
0.842841
0.549537
-0.0408747
-0.117803
1.2423
0.998044
0.754397
0.459053
0.629532
0.603396
0.193315
0.232551
-0.356952
0.544116
0.5801
0.591632
-0.00575912
0.159862
0.284468
-0.822333
0.314286
0.288957
0.501037
0.418823
0.059968
0.391703
0.650971
0.911395
0.202361
0.14799
0.559744
0.204085
0.800131
0.505279
0.229109
0.755575
0.313994
0.902151
0.69426
0.448016
0.647617
0.18273
0.703791
0.681727
0.560665
0.48418
0.672309
0.345989
0.444078
0.622876
0.722025
0.404492
0.232908
0.526569
-0.000234524
0.356027
0.483247
0.21005
0.0677883
0.67417
1.00178
0.552703
0.743351
0.608041
0.285102
0.829842
0.572392
0.508385
0.844032
0.0851371
-0.133277
0.600273
0.608618
0.635391
0.27106
0.990856
0.634105
0.496575
0.815754
0.0497347
-0.093866
0.0547002
0.46231
-0.0341824
0.681711
0.066646
0.675023
-0.172952
-0.152815
0.528116
0.514184
0.575265
0.874402
0.886465
0.589664
0.582795
0.584568
0.593003
0.867836
0.0880897
0.0369692
0.483304
0.708751
0.030218
0.698507
0.537915
0.200459
0.504697
0.650367
0.462087
0.634162
0.855049
0.287137
0.572291
0.49552
0.100745
0.249372
0.193443
0.482744
0.315977
0.357382
0.791985
0.250252
0.411049
0.940081
0.624942
0.392958
0.322626
0.799651
0.514141
0.62675
0.520752
0.533542
0.814757
0.480629
0.450964
0.649392
1.20611
0.307656
0.198312
0.90797
-0.335343
0.283662
0.448059
0.217874
0.438764
0.452821
0.641022
0.79198
1.00663
0.345849
0.630051
0.536234
0.504798
0.483984
-0.151255
0.0229778
0.447304
0.631357
0.377055
0.190444
0.899617
0.677489
0.972568
0.524858
0.872391
0.837097
0.633281
0.172315
0.568
0.235556
0.435583
0.127923
0.510205
0.480168
-0.564639
0.0326165
0.466822
-0.0388866
0.425234
0.636301
0.545427
0.30725
0.724851
0.218515
0.637968
0.602897
0.286275
-0.165907
0.38435
0.3713
1.04094
0.72405
0.0899946
0.69156
0.605492
0.433273
0.694409
0.180111
0.712279
1.01539
0.510356
0.0390349
0.69722
0.378306
0.642647
0.771163
0.160599
0.639441
-0.216782
0.00278524
0.0499731
0.628089
0.100572
0.234713
-0.251652
0.651127
0.712067
0.736267
0.807972
0.480696
0.233368
0.291548
0.190986
0.13737
0.321921
0.514724
-0.183434
0.398465
0.0858479
1.04567
0.726556
0.925781
0.636434
0.805355
0.954237
0.302607
-0.149447
0.0221778
0.466976
0.797126
0.442031
0.0627577
0.695505
0.629942
0.473383
0.359902
0.463869
0.525516
0.998483
0.569624
0.49519
0.690996
0.759682
0.732661
0.612386
0.842593
0.301358
0.283391
0.354275
0.546996
1.30956
0.529732
0.762689
0.228496
0.147551
0.468306
0.728569
0.707301
0.891715
0.338779
0.163162
0.822546
0.622564
0.754198
0.575753
1.03934
0.647863
0.643709
0.592723
-0.192145
0.390976
0.438604
0.410308
0.521409
0.271039
0.808346
0.498368
-0.143796
0.587995
0.893599
0.444768
0.0163045
-0.0249643
0.381228
0.509631
0.281971
0.798184
0.293732
0.688687
0.0730972
-0.0822389
0.408872
0.443935
0.622444
0.20613
0.860572
0.80102
0.694516
0.415527
0.690243
0.866878
0.152808
0.745421
-0.0263002
1.24018
0.637261
0.91879
0.705864
0.719353
0.651845
0.780705
0.998726
0.773696
0.492323
0.762863
-0.196058
0.612548
0.152673
0.813774
0.778728
0.551013
0.463079
0.649029
0.592303
0.764734
0.187205
0.0501754
0.309886
0.236449
0.668639
0.428741
0.442988
0.77936
0.315945
0.684097
-0.00768707
0.837252
0.366644
0.950268
0.0888784
0.428565
0.174666
0.17279
0.911619
0.285956
0.278837
0.252552
0.652106
0.250625
0.92569
0.791954
0.852251
0.448917
0.855306
0.489814
0.980198
-0.163816
0.404113
0.4574
0.739806
0.824888
0.61056
0.766074
0.705045
0.418912
0.256754
0.860677
0.817897
0.956033
0.652623
0.375915
-0.169777
-0.137897
0.298723
0.688645
0.70994
0.570661
-0.059233
0.521148
0.726774
0.560891
0.540446
0.373819
-0.261644
0.841306
0.858149
0.834487
0.277941
0.644365
0.245231
0.490927
0.0571098
0.114792
0.468681
0.487685
0.669737
0.877144
0.699827
0.479918
0.868577
1.05054
0.18427
0.758983
0.4395
0.322075
0.570746
0.716211
0.721612
0.362271
0.204354
0.647166
-0.027676
-0.170142
0.462951
0.312755
0.479734
0.367738
0.388952
0.44334
0.777294
-0.348563
0.269054
0.0254796
0.878419
0.495523
0.752208
0.511125
0.192869
0.227497
0.580776
0.28327
0.736705
0.617839
0.391958
0.906224
0.234285
-0.334815
0.435679
0.743641
0.939192
0.574861
0.871077
0.463976
0.0769556
0.572399
0.772354
0.609796
0.51494
0.680246
0.430889
0.859648
0.704529
0.711633
0.520554
0.451738
-0.903332
0.878537
0.515997
0.128641
0.740854
0.517772
0.484838
0.370944
0.699478
0.742392
0.523358
0.181903
0.542518
0.74114
0.980199
0.00615954
1.03961
0.627645
0.664561
0.632413
0.535005
0.831552
0.151891
-0.367324
0.0160949
0.450848
0.630542
0.412552
0.150051
0.87521
0.407708
0.921313
0.267102
0.604088
0.789876
0.670308
0.695378
1.08512
-0.0147682
0.0332747
0.825518
0.630449
0.13413
0.760578
0.430832
0.416076
0.53956
0.618868
0.826621
0.735317
0.921516
0.251512
0.499653
0.61735
0.308079
0.545647
0.719113
0.813381
0.0641388
0.374771
0.40415
0.281942
0.781442
0.595583
0.000456588
0.609522
0.745114
0.563043
0.26794
-0.151929
0.332264
0.863934
0.487708
0.556207
0.0353002
0.787568
0.810226
0.651785
0.472779
0.94478
-0.070119
1.14451
-0.0161916
0.281139
0.430961
0.355253
0.472357
0.562796
0.492399
0.129425
0.654199
0.357278
0.511586
0.383357
0.66929
0.460477
0.821311
0.663083
0.175068
0.373652
-0.234172
1.17042
0.331149
0.667899
0.443688
0.88368
1.0482
0.544647
0.110479
0.684546
0.639854
0.519467
0.0910963
0.533141
0.0909314
-0.099985
0.672427
0.761866
0.608591
0.621972
0.452404
0.685127
0.291962
-0.194387
0.31923
1.00015
0.442276
0.281567
1.07782
0.393174
0.670686
0.449745
0.632773
0.677812
0.340373
0.736858
0.713772
0.41067
-0.195758
0.779733
-0.0367858
0.69252
0.800379
0.288555
0.113529
0.40104
0.121992
0.0703522
0.217678
0.948388
0.859273
0.557977
-0.121278
0.561398
0.0332985
0.800676
-0.0325357
0.588185
0.116107
0.297062
0.506158
0.613761
0.955119
0.789882
0.52451
0.269544
0.184582
0.974171
0.706571
0.61655
0.54623
1.03099
1.33239
-0.11935
0.321075
0.443039
0.211
0.185157
0.473317
0.402161
-0.0488341
0.123459
0.229382
0.870587
-0.239433
0.0816692
0.750522
0.905815
0.0504245
0.689925
0.169679
0.226084
0.830082
0.868012
1.31557
0.549625
0.259078
0.263112
0.807654
0.381359
0.631219
0.283373
0.296188
0.626904
0.0126547
0.55036
0.383998
0.211487
0.316222
0.880251
0.164939
0.731265
0.14167
0.429369
-0.0842932
0.0747543
0.725758
0.107764
0.679865
0.824925
0.723311
-0.2619
0.220124
0.882279
0.590221
0.743026
0.72118
0.343846
0.308452
0.915333
0.812623
0.0181157
0.709322
0.686841
0.488634
0.615818
-0.37189
0.586577
0.356979
0.240299
0.0196874
0.619337
0.537685
0.390161
0.726624
0.46387
0.175401
0.709351
0.623764
0.894588
0.435882
0.38202
1.052
0.250214
0.426627
0.346287
0.42896
0.731081
0.516129
0.437424
0.156079
-0.261891
1.03684
0.62959
0.3624
0.496775
0.757441
0.466417
0.267238
0.816833
0.898419
0.0207529
0.676564
0.435029
0.326888
-0.137486
0.788647
0.701969
0.845739
0.0906273
0.574848
0.758076
0.722467
0.140086
0.844635
0.757515
0.350047
-0.187475
0.889246
0.861624
0.198923
-0.427257
0.954177
0.90798
0.56695
0.671723
0.148215
0.665732
0.230763
0.383659
0.239432
0.104238
0.355941
0.53445
0.187163
0.466842
0.989201
-0.0801802
0.454546
0.786989
1.01056
0.666758
0.366001
0.611908
0.71945
0.24508
0.602489
1.05412
0.693466
0.813496
0.445663
0.829335
0.616076
0.356037
0.813957
0.371669
0.840406
0.629984
0.849074
0.621715
0.320568
1.07859
0.88838
0.244885
0.593299
0.38197
0.348944
0.596662
0.443511
-0.496714
0.494274
-0.0106108
-0.175831
0.226597
0.197552
0.651588
0.436882
0.291056
0.510783
0.0531577
0.00843876
0.018212
-0.219896
0.850631
0.319799
0.64141
0.00680342
0.425242
0.341781
0.570725
0.841076
0.194528
-0.0964281
0.000878164
0.730185
0.625752
0.804752
0.630493
0.806197
0.502919
0.961069
0.562515
0.505352
0.65877
0.910329
0.646681
1.01398
0.395991
-0.109693
0.49529
0.236215
0.730421
0.352102
0.98304
0.957185
1.10892
0.311774
0.366439
0.539971
0.500675
0.17381
-0.0214556
0.538359
0.398138
0.496129
0.605144
0.307969
0.820511
0.517662
0.387286
0.478849
0.239087
0.45798
0.567203
0.595478
0.727628
1.04533
0.540569
0.691837
0.586478
0.648551
0.738058
0.536439
-0.0744943
0.759831
0.778047
0.274463
0.406926
0.807655
0.174814
0.378943
0.261712
0.0478395
0.850041
0.231745
-0.543638
0.624234
0.947108
0.060311
0.206464
0.804197
0.81034
0.386476
0.348247
0.167932
0.785474
0.697014
0.813623
0.312716
0.964771
0.585091
0.75341
0.461081
0.873136
0.50564
0.519213
0.319855
0.268302
0.559614
0.625779
0.809846
0.455439
0.305018
-0.0443475
0.735335
0.959805
0.433903
0.176037
0.856535
0.923249
0.706833
-0.128134
0.435283
0.177999
-0.234699
0.437017
0.230094
0.065027
0.589867
0.320912
0.0554823
0.113095
0.464743
0.474807
-0.686803
0.102941
1.3443
0.725043
0.400798
0.996416
-0.00901579
0.14321
0.333809
0.498956
0.60628
0.707316
0.493568
0.189902
0.16376
0.769064
0.37364
0.75639
0.519972
0.803542
0.634899
0.549495
0.548107
-0.263956
0.758375
0.331298
0.377758
0.0509338
0.259679
0.384379
-0.461003
0.245231
0.165628
-0.13186
0.606815
0.561674
0.563995
0.541569
0.430134
0.331893
0.446966
0.467222
0.408469
0.139522
0.826645
0.318414
0.526884
0.936097
0.269696
0.923793
0.773972
0.684771
0.084858
0.271421
0.480485
0.421026
0.709963
0.610968
0.287652
0.273242
0.997657
-0.0765096
0.32099
0.850324
0.194081
0.727479
0.600586
1.23755
-0.210875
0.69935
0.343523
0.183178
0.323577
0.877238
0.616062
0.68565
0.455359
0.464991
0.985878
0.856871
0.317513
0.523261
1.09603
0.653043
0.584658
0.508773
-0.0160531
0.254652
0.478229
0.761144
-0.0892271
0.603733
0.561026
0.746818
0.8349
0.0428652
0.81585
0.691577
0.467781
0.251582
-0.190216
0.493164
0.540488
0.620306
-0.272601
0.203581
0.63648
0.653501
0.255053
0.0278123
0.562282
0.435955
0.88861
0.1784
0.585081
0.50361
0.512753
-0.121989
0.814592
0.102103
0.519232
0.599719
0.715768
0.800301
0.284619
0.834051
0.794261
0.484939
0.538592
0.526779
0.522956
0.564758
0.402451
0.249405
0.633716
0.591103
0.192252
0.161975
0.447111
0.386982
0.327816
0.55419
1.13867
0.255365
0.680965
0.768455
0.669337
0.601208
0.869051
0.794833
0.425619
0.633866
0.290305
0.687983
0.144136
1.02063
0.429585
0.574928
0.603039
0.570367
0.720203
0.444371
0.512525
0.241699
0.876951
0.8102
0.709361
0.848394
0.959024
0.319846
0.312465
0.535827
0.928579
0.806491
0.777831
0.189461
0.207351
0.206852
0.606207
0.784749
-0.417304
-0.0143483
0.661624
1.03853
0.621244
0.447493
0.758591
0.538731
0.0513183
0.395664
0.89565
0.133672
0.293837
0.489548
0.312896
0.0356041
0.417468
1.18929
0.688487
0.966559
0.379054
0.746864
0.0640711
0.630724
0.493809
1.12423
0.788743
0.324282
0.0354534
0.0723153
0.430902
-0.010742
0.71075
0.282629
0.934749
0.269434
0.710748
1.1239
0.652054
0.634433
0.213347
0.446319
0.0665061
0.269223
0.611416
0.708325
0.625662
0.484321
0.992119
0.834163
-0.275609
0.813053
0.362954
0.311424
0.437829
1.1233
0.582471
0.624709
0.633888
0.638017
0.651879
1.20793
0.998039
0.377204
-0.561861
0.585016
-0.0363297
0.175765
0.99618
0.488199
-0.0843443
0.494167
0.846885
0.537508
0.345703
0.502447
0.312416
0.769438
0.460114
0.787311
0.463314
0.968912
0.0467622
0.269494
1.00558
0.896502
0.920168
0.878054
0.396773
0.817729
0.400426
-0.641502
-8.26592e-05
0.454898
0.801164
0.568435
0.415995
0.093413
0.35601
0.247907
0.968147
0.964463
-0.0599072
0.574865
0.61246
1.20775
0.705987
0.335691
0.304645
0.0346377
0.642
0.660413
0.374531
0.498841
0.507943
-0.0683456
0.130519
0.723149
0.672808
0.171755
0.264963
0.0398397
0.33149
0.347298
0.500948
0.879028
0.682114
0.0805435
0.181858
0.443153
0.333174
0.807065
0.0995172
0.259762
0.73046
0.0867302
0.542464
0.485021
0.0428334
0.74549
0.271603
0.21561
-0.0239226
0.540471
0.570482
0.836289
0.947883
0.149434
0.322854
0.386401
0.785307
0.0157075
0.757113
0.757615
0.849791
0.445925
0.179744
0.549087
0.0515734
0.125834
-0.151681
0.391205
0.613997
-0.207077
0.623727
0.540147
0.866178
0.548823
0.432837
0.151971
0.855575
0.0633377
0.8844
-0.117458
0.503735
0.633339
0.803766
0.550622
0.747645
0.707273
0.185859
0.184459
0.0451947
0.115777
0.864539
0.169201
0.964048
0.645603
0.686889
-0.085757
0.0377181
0.755172
-0.041332
-0.23536
0.42167
0.848799
0.470176
0.728811
-0.241507
0.175385
0.833579
0.152415
0.208948
1.10389
0.167411
0.333971
0.723563
0.925054
0.474871
0.720187
0.35496
0.457929
0.783868
0.247206
-0.0705134
0.560204
0.00230079
0.379754
1.25708
0.254383
0.655424
0.449221
0.319887
0.637758
0.267107
0.362787
0.327628
0.463801
0.878426
0.21631
-0.227359
0.380103
0.425016
0.4865
0.671824
0.676946
0.591673
0.634371
0.476978
0.485943
0.367802
-0.0746572
-0.0704803
0.712664
0.983813
0.76458
0.175319
0.0376219
0.514433
0.887079
0.738757
0.562204
0.445868
0.345145
1.01014
0.554331
0.505375
1.02892
0.780509
0.446309
0.944458
0.197456
0.739744
0.413158
0.673059
0.769272
0.512203
0.292009
1.00789
0.324489
0.414691
0.836903
0.512324
0.816044
0.774085
0.50579
1.08078
0.536323
0.678774
0.28369
0.56703
0.40438
0.39576
0.384496
0.648324
0.610078
0.685491
-0.576392
0.404149
0.472723
0.00229271
-0.0222049
-0.0011591
0.525171
0.628937
0.344946
0.424532
0.712685
0.90675
0.571468
0.59395
-0.0359031
0.792337
0.195589
1.04066
0.544219
0.367772
0.862944
0.694924
0.307544
1.11825
0.857263
0.415779
-0.4403
0.334557
0.562335
0.273589
0.569124
0.641301
0.653547
0.542673
0.748617
0.537723
0.589753
0.700334
-0.215534
0.311908
-0.421969
0.936599
0.516996
0.55608
0.904624
0.943462
0.302581
0.73565
0.319647
0.73891
0.37184
0.07241
0.41763
0.104508
0.512111
0.639132
0.197241
1.08941
0.0776943
0.649468
0.490188
0.262936
0.646768
0.653125
0.24398
-0.0448413
0.527779
0.579219
0.211364
0.0929697
0.144926
0.453595
0.727933
0.973796
0.729508
0.849893
0.752156
0.285191
0.110372
0.775418
0.497033
0.594798
0.73993
0.834975
0.835316
0.865058
0.127375
0.506737
1.06138
0.764821
0.446911
0.779151
0.875878
0.751493
0.684788
0.228973
0.261588
0.440017
-0.0572028
0.55264
0.461602
0.966881
0.291241
0.692309
0.281517
0.675132
0.598881
1.12968
0.118113
0.199706
0.221559
0.32507
0.651924
0.134414
0.620605
0.529509
0.98633
0.395872
0.706058
0.692293
0.67003
0.455631
0.595915
1.01585
1.0315
0.431471
1.012
0.415264
-0.151479
0.414338
0.721039
0.635562
0.54324
0.414067
0.710922
0.471776
0.72696
0.835813
0.787567
0.515184
0.173504
0.0833971
0.237188
0.63915
0.144743
0.865827
1.07406
0.683482
0.191065
0.200788
0.146233
0.231275
0.891152
0.11887
0.0347741
0.274509
0.148584
0.496429
0.220846
0.505076
0.730316
0.428555
0.890786
0.97468
0.153039
0.361903
0.914248
0.694045
0.786123
0.507312
0.601752
0.722543
0.377259
-0.330327
1.19943
0.651962
0.105064
0.203895
0.604258
0.696904
0.641752
0.832325
-0.0224653
0.169341
0.442221
0.446719
0.22802
0.615488
0.374692
0.276356
1.07788
0.730633
0.910221
0.902721
0.519997
0.244939
0.631519
0.128131
1.03479
0.799827
0.314018
0.515707
0.58885
-0.0219395
-0.128488
0.329361
0.104471
0.00732905
-0.103468
0.700222
0.737199
0.430469
0.921976
0.176243
0.637346
-0.0103614
0.58906
1.0547
0.802026
0.371755
0.315311
0.434115
0.467928
0.565083
0.137401
0.818448
0.0316775
0.0590606
0.309392
0.0100605
0.780868
0.701632
0.371333
0.444544
0.64854
0.863166
0.880991
0.776832
0.339782
0.720304
0.359506
0.581275
0.735254
0.378529
0.421313
0.781294
0.788045
-0.194908
0.389335
0.485438
0.0614052
0.808311
0.626852
0.444946
0.162462
0.156705
0.334511
0.352868
0.635635
0.440437
0.779567
0.56737
0.287406
-0.677884
0.419623
0.713922
0.00595406
0.432158
0.900999
0.972912
0.859862
0.565206
0.329117
0.615402
0.881102
0.125033
0.0524444
0.193342
0.993766
0.979727
0.654551
0.668881
0.632317
0.260285
0.672626
0.826263
0.448681
0.524928
0.531402
0.295689
0.392254
0.756655
0.381898
0.792468
0.311721
0.530127
0.0967984
-0.0305979
-0.316609
0.367878
0.273713
0.606851
0.630964
0.604109
0.23075
0.766441
-0.174217
0.22061
0.256007
0.48483
0.510187
0.0199002
0.768259
0.352095
0.846011
0.82813
-0.68567
-0.0414465
-0.0986924
0.449573
0.866319
0.0252649
0.635422
0.680266
0.113493
-0.0885704
0.539688
0.727888
0.38111
-0.0435442
0.111456
-0.0251159
0.739299
0.4275
0.939295
0.639304
0.507605
0.764019
1.07546
0.261636
0.0476828
0.828482
0.187745
0.757281
0.095138
-0.0229971
0.095331
0.000827221
0.538995
0.541568
0.40916
0.843622
0.631674
0.680987
0.824039
0.500767
0.0678963
0.157086
0.96229
0.609718
-0.0563851
0.0952021
0.317288
0.954251
0.463042
0.711166
0.234255
0.678879
0.453524
0.500566
0.00351496
0.759941
0.671442
0.790044
0.691209
0.281031
0.563432
0.578828
0.694686
0.400888
0.704828
0.69394
0.555462
0.602932
0.914962
0.662266
0.423144
0.646183
0.615727
0.448078
0.311335
0.536638
0.27183
-0.0774562
0.591758
1.1161
0.507807
0.288312
0.399368
-0.0738842
0.284947
0.187975
0.521385
0.360104
0.98664
0.109326
-0.0636409
0.433035
0.622087
0.598045
0.529301
0.339626
0.14304
0.661079
0.237944
0.317498
1.04
0.966235
0.641543
0.883258
-0.428915
1.12872
0.372505
-0.650331
0.533755
0.391779
0.329601
0.754196
0.754985
0.835763
0.677967
0.978075
0.869498
0.725607
0.174041
0.744594
0.40863
0.250607
0.194845
0.42121
0.284641
0.248595
0.810764
0.99306
0.329338
0.45163
0.252756
0.567378
-0.0145683
0.511378
0.881288
0.294998
0.580109
0.842807
0.617294
0.17468
0.463189
-0.0529005
0.399556
0.789595
1.4961
0.800995
0.877186
0.355876
0.229223
0.197075
0.823853
0.712638
0.484388
0.318356
0.371428
0.484758
0.236694
0.276807
0.603853
0.547819
0.257255
-0.29986
0.717585
0.702148
-0.0390152
0.602001
0.337137
0.626104
1.21621
0.342453
0.374405
0.245785
0.391849
0.29906
0.910149
0.0485086
0.908082
0.554433
0.916083
0.473264
0.547847
0.77507
0.328729
0.540518
