-0.470655
-0.644063
-0.743152
-0.40737
-0.34103
-0.112505
0.146688
0.244783
0.391057
0.240645
0.162874
0.239003
0.398812
0.157055
-0.0922452
-0.116981
-0.283524
0.0422559
-0.00547562
0.250207
-0.0696306
0.0126326
0.0155702
0.373719
0.0476329
0.336107
0.010536
0.181468
0.284652
0.434248
0.465553
0.616695
0.564094
0.721897
0.477334
0.913017
0.585466
0.451979
0.272412
0.0200438
-0.0686301
0.0247106
0.0660972
0.156205
0.23126
0.0163198
0.100141
-0.0583561
-0.0890959
0.0954941
0.181645
0.0890735
-0.0370852
-0.0708896
0.101472
-0.112179
-0.047773
0.0371693
-0.196993
0.0943575
-0.0414185
0.103782
0.0520425
-0.0911074
-0.222527
-0.0460604
0.0486589
0.221844
0.532512
0.498378
0.594232
0.77259
0.444936
0.175544
0.0775234
-0.0359769
-0.206367
-0.0745634
0.102197
0.427292
0.477715
0.745201
0.969523
1.01965
1.39665
1.13112
1.12042
1.39151
1.50144
1.38555
1.28545
1.15753
1.18579
0.910797
0.915843
1.00962
1.0675
1.04032
0.959011
0.973765
0.735194
0.700991
0.92444
0.793342
0.881952
0.751827
0.685736
0.619152
0.504869
0.672902
0.679134
0.754017
0.586326
0.650353
0.441988
0.321911
0.347156
0.223718
0.529471
0.703219
0.544906
0.83745
0.671763
0.706921
0.396386
0.17842
0.0880642
0.0910429
0.338187
0.37927
0.67199
0.501448
0.292902
0.10592
0.476638
0.216996
0.0317194
0.055056
-0.417722
-0.263536
-0.3914
-0.44746
-0.464728
-0.280751
0.0525241
-0.181134
-0.0752252
-0.0177776
0.273288
0.301925
0.0712153
0.231581
0.255023
0.55151
0.607963
0.759698
0.714613
0.633746
0.602941
0.308098
-0.02505
-0.268645
-0.341631
-0.53143
-0.485478
-0.168802
-0.0948526
-0.155192
-0.176747
-0.308239
-0.135317
0.0324159
-0.0439467
-0.0192608
0.0107789
0.127154
-0.257599
-0.0776536
-0.0491821
0.208066
0.110005
0.23049
0.191236
0.0763592
-0.00540531
0.101605
0.199906
0.308776
0.255059
0.385838
0.361879
0.330863
0.622354
0.570175
0.870403
0.539976
0.573616
0.461666
0.556279
0.515264
0.469986
0.627977
0.697097
0.40849
0.320512
0.600876
0.396121
0.141033
0.231987
0.113352
-0.180153
-0.0764525
-0.0428323
-0.232975
-0.259604
-0.260476
-0.200624
0.052121
0.391554
0.489383
0.669397
0.663471
0.705473
0.651824
0.649149
0.464723
0.271559
0.323294
-0.177936
-0.202772
-0.24454
-0.162625
-0.186742
0.0516048
-0.000363392
-0.288379
-0.288091
-0.178444
-0.0617569
0.12773
0.359985
0.207601
0.17766
0.172988
0.157649
0.161611
0.198279
0.226677
0.342973
0.728116
0.584753
0.40319
0.548847
0.739026
0.602025
0.362841
0.282549
0.312191
0.415639
0.498964
0.746887
0.7652
0.975593
0.600936
0.70697
0.93303
1.02276
0.775925
0.492519
0.451302
0.0563406
0.115788
0.141252
0.222904
0.0762499
-0.107518
0.221972
0.391224
0.722094
0.809982
0.750458
0.526827
0.347048
0.532023
0.577404
0.259513
0.264016
0.290796
0.375308
0.593248
0.797756
0.887976
0.976102
1.14388
0.960985
0.864823
0.833315
0.854771
0.879855
0.767973
0.684878
0.701301
0.742298
0.589336
0.710427
0.628473
0.588455
0.40358
0.515896
0.447368
0.492226
0.728181
0.951664
1.01039
0.963832
0.681464
0.592507
0.240205
0.440802
0.806686
0.870394
0.878291
0.777522
0.620583
0.435344
0.180556
0.240428
0.517824
0.686536
0.945447
0.966376
0.813834
0.639649
0.691213
0.652795
0.746362
0.808089
0.976733
0.96544
0.983749
1.08903
0.911863
0.980539
1.01406
1.10824
1.1617
1.31916
1.3476
1.54853
1.78675
1.65336
1.4534
1.27292
1.03623
0.922527
1.00657
1.04716
0.981144
0.734907
0.528189
0.202266
-0.140095
0.0167891
0.0118757
0.116319
0.128589
0.374776
0.357953
0.571444
0.705884
0.471477
0.768181
0.783237
0.86887
0.883459
1.26423
1.18868
0.971143
1.01238
1.16674
1.15194
0.923316
0.944098
1.07741
0.829124
0.773955
0.890819
1.045
1.15541
0.982293
1.04501
1.16461
1.09858
1.04977
1.24528
1.23523
1.04391
1.02653
0.828394
0.990383
0.728605
1.1659
0.963594
0.785677
0.926386
1.14158
1.16153
1.24958
0.924277
0.684802
0.776851
0.680141
0.498636
0.360927
0.221746
0.0795986
-0.0448812
-0.0332897
-0.0413641
-0.111104
