-0.932079
-1.2302
-1.41389
-1.49356
-1.62551
-1.58957
-1.60559
-1.77838
-1.76576
-1.58609
-1.88611
-1.66459
-1.65155
-1.30585
-1.5608
-1.56806
-1.58959
-1.20626
-1.02122
-0.891978
-1.2322
-1.07168
-0.917337
-0.682885
-0.675632
-0.527214
-0.395279
-0.414496
-0.520785
-0.1228
0.19512
0.273327
0.454294
0.355367
0.58869
0.533426
0.253416
0.187926
0.348714
0.254876
0.125782
-0.0780896
-0.117641
-0.0337237
-0.122815
-0.0142834
-0.234391
-0.301734
-0.201483
-0.352895
-0.413836
-0.297364
-0.454785
-0.779471
-0.995446
-1.28516
-0.983298
-0.572383
-0.369127
-0.319663
-0.327444
-0.232149
-0.250395
-0.5885
-0.693371
-0.87472
-1.13147
-1.17148
-1.13302
-1.3745
-1.33644
-1.31096
-0.992711
-0.837971
-0.55121
-0.753733
-1.11827
-0.753362
-0.560213
-0.499828
-0.956441
-0.862966
-0.578891
-0.516947
-0.979921
-0.927627
-0.995815
-1.21654
-1.09735
-0.844501
-0.728343
-0.810468
-0.623663
-0.739562
-0.68426
-0.768965
-0.651996
-0.548131
-0.580462
-0.564064
-0.381314
-0.458153
-0.334142
-0.610149
-0.714214
-0.381404
-0.374111
-0.0904371
-0.422836
-0.170842
-0.0246207
0.0945763
0.101024
0.0510018
-0.201434
-0.0608843
0.129352
0.145735
0.0514419
0.281499
0.316533
0.201987
0.498392
0.52934
0.408362
0.519035
0.407158
-0.106935
0.157238
0.0411968
0.157624
0.140482
0.125097
-0.0222255
0.0652809
0.015846
0.0328338
0.0219898
-0.0335598
-0.0229481
0.0817982
0.221933
0.175784
0.395495
0.391431
0.339354
0.477098
0.478305
-0.117018
-0.385627
-0.541878
-0.649365
-0.820966
-0.931021
-1.04063
-1.12701
-0.890633
-1.21381
-1.21253
-0.730531
-0.923134
-1.07506
-1.18708
-0.978529
-0.889791
-0.890443
-1.16102
-0.99067
-0.869405
-0.589248
-0.227938
-0.354687
-0.313844
-0.274584
-0.340902
-0.273053
-0.527655
-0.188087
0.0462777
0.136275
0.398771
0.589758
0.517324
0.334837
0.397829
0.497696
0.408033
0.455007
0.503842
0.357726
0.467903
0.594317
0.510419
0.541278
0.518731
0.633395
0.89961
0.804053
0.547986
0.544428
0.392883
0.171276
0.384059
0.550328
0.334166
-0.118428
-0.0673305
0.277645
0.299693
0.40024
0.592186
0.702673
0.851733
0.538124
0.473282
0.126701
-0.0520914
-0.445938
-0.410136
-0.154565
-0.149266
0.340979
0.0890173
0.0639452
0.181221
0.635133
0.42068
0.691875
0.691312
0.604293
0.28056
0.141367
0.531946
0.344668
0.401662
0.149535
-0.0908891
-0.122263
-0.184002
-0.392066
-0.297782
-0.616174
-1.15359
-1.11335
-1.16734
-1.27843
-0.95044
-1.11567
-0.767682
-0.57534
-0.522114
-0.685542
-0.629508
-0.603141
-0.522409
-0.513358
-0.871186
-0.852533
-0.807476
-0.443628
-0.572632
-0.336736
-0.386658
-0.0774994
0.110725
-0.110044
-0.181571
-0.142327
0.0649439
0.172457
0.100967
-0.0765963
0.0126628
0.191135
0.355019
0.380821
0.307425
0.699264
0.609945
0.479527
0.469257
0.484403
0.563921
0.615649
0.762693
0.893198
0.70394
0.691473
0.693492
0.790694
0.807841
0.450816
0.428299
0.126205
-0.11763
-0.172399
-0.174916
-0.182774
-0.18648
0.34941
0.480519
0.637133
0.656609
0.680097
0.459159
0.22178
0.320314
0.509267
0.0598213
0.111151
0.0872947
0.136612
-0.0547146
-0.200515
-0.146474
0.203922
0.10447
0.379531
0.54538
0.657867
0.990207
0.826443
0.506584
0.447622
0.326209
0.58478
0.860734
0.601772
0.441579
0.423697
0.931911
0.988839
0.823629
0.579251
0.928736
0.948174
0.751832
1.06991
0.783363
0.729371
0.528821
0.486896
0.190142
0.166097
0.352797
0.409371
0.24609
0.0883849
0.176072
0.0425385
0.448055
0.156346
0.0967563
-0.340437
-0.269517
-0.223686
-0.215265
-0.0856457
0.0545202
0.305952
0.264721
0.403422
0.319166
0.0869787
-0.312897
-0.285682
-0.144015
-0.0364399
-0.157724
-0.528465
-0.470664
-0.335653
-0.294904
-0.632233
-1.03603
-0.721625
-1.18108
-1.37379
-0.756147
-0.68914
