-0.498428
1.05565
0.423554
-0.285995
0.199543
-0.0234874
0.594613
0.206706
1.28694
-0.353756
0.993525
1.99928
2.66839
-0.548302
0.760314
0.0490328
0.201982
-0.131112
1.43309
0.252808
1.61046
2.62985
-1.17077
-0.374959
0.764996
-0.0449424
-0.64537
0.0539589
-0.575007
0.419222
0.856082
-0.647954
0.176092
0.85309
-0.815885
0.693168
0.884758
1.3136
2.13905
-0.00395392
-0.5412
0.0887861
0.78909
-0.213122
-0.125307
0.553238
0.668884
0.00114901
0.821124
0.983099
2.62764
0.346211
0.801858
0.754321
1.59175
0.0864706
-0.0618444
1.43193
0.341332
0.996061
2.48563
1.19119
0.36777
0.695608
0.473541
-0.635726
0.939596
-0.220941
0.472759
0.630768
-0.553275
0.074994
2.17773
-1.8398
1.03232
-0.357195
2.04022
1.49109
-0.222443
-0.195923
1.18601
-0.156287
1.6159
-0.398799
0.572835
-0.327957
-0.219158
0.795385
0.0687811
-0.0224135
0.751802
1.42841
1.2359
1.31685
-0.253217
0.797327
0.311738
0.440933
0.328061
-0.206504
0.217643
1.46323
1.39247
-1.06998
1.52473
-0.0575442
-0.407882
1.6776
-0.409787
0.338072
-0.643921
-0.516681
0.790715
2.0913
-1.32773
0.396844
0.342788
-0.769702
0.531421
-0.541334
1.15163
-0.253466
0.362333
-0.252831
0.994677
-0.19584
1.2822
0.381955
0.0595454
-0.897421
-0.00763105
0.074573
1.34202
1.221
-1.28205
1.26044
0.23055
-1.37549
0.552752
-0.762309
0.334365
1.53113
0.508396
1.09748
0.459318
-0.0354979
1.08645
1.16188
1.16272
0.359581
0.78648
1.1809
1.5852
-0.960478
0.634835
-1.25895
1.39356
1.4765
-0.684813
-0.144727
2.09298
0.239008
1.24451
0.859147
1.68758
-0.662008
1.31682
1.34495
-0.222378
-0.384444
0.726854
0.0955147
0.804548
1.52993
-0.393288
0.233867
0.0783537
0.981354
1.38801
0.306186
0.767408
0.104005
0.729726
0.141248
1.26596
-0.465527
-0.31015
1.31004
2.55544
0.599709
0.0850913
0.201403
-1.42962
-0.474233
-0.22056
1.18577
-0.0814179
0.266062
1.07508
0.238658
0.712255
-0.688479
1.82278
0.709208
-0.0328279
1.0782
0.0691074
0.583737
0.264446
0.848954
-0.578631
1.34782
-0.370169
-0.174854
0.896726
1.02964
1.88827
1.12941
2.1559
1.67522
1.88653
0.305243
1.50381
0.408809
-0.768416
0.671744
2.20685
0.0641353
1.85498
0.693741
1.16982
1.59671
1.12949
0.158192
-1.98145
0.0426966
-0.851081
0.964181
1.26268
0.84112
1.54498
-0.155682
1.39617
1.67116
0.0560942
1.23679
0.714077
0.976998
-0.228392
1.68211
0.470418
0.60693
-0.237541
-0.0954797
1.09679
1.51994
-0.918303
1.34646
0.836361
0.714544
1.17036
1.63581
0.637921
-1.62989
-0.00521226
-0.199316
0.200849
0.416875
-0.811989
0.277701
0.38789
1.19939
1.88407
-0.287891
0.424765
-0.516018
-0.00576019
0.809391
0.32957
1.57123
0.348359
2.01477
1.1439
-0.75662
1.25663
1.23573
0.202195
0.632457
0.0958856
1.64495
2.01905
0.770821
0.459518
1.56339
-0.402593
0.88518
0.295165
1.02783
0.864734
0.814362
0.0631425
1.39693
-0.236959
-0.142486
0.0431097
0.884218
-0.637043
-1.91946
1.81038
1.92178
1.71944
1.07411
0.94716
0.32855
-0.0142652
-0.750865
0.626803
-0.82825
0.928309
2.39889
0.577134
0.957323
0.956313
1.03604
0.940383
0.104558
-0.0643678
0.567446
-0.150194
-0.179719
0.669085
-0.68378
1.24203
0.213304
1.22289
0.525662
1.23314
-2.08892
1.21704
0.453326
1.25706
0.379339
1.22658
0.939639
1.06384
0.877167
1.19645
0.40753
1.14573
1.49325
-0.596425
1.46764
1.03872
-0.292309
1.48703
0.860463
-0.630182
2.4106
0.84669
0.436693
0.0128774
0.478689
0.895903
0.44327
1.05672
1.53037
1.27219
0.565599
0.458337
0.212803
1.34965
-1.53949
0.590931
0.356517
0.588712
-0.0170503
0.332192
0.0121241
-0.329844
0.127703
0.864536
0.677087
0.542859
0.154822
0.16911
2.00074
0.558937
0.398049
0.605098
-0.650418
-0.146087
-0.094191
0.656219
0.54226
-0.968166
1.25395
1.47945
0.304056
0.0195943
0.547186
0.390472
-1.87864
2.11353
0.538095
0.178032
-0.827716
-0.627582
1.94303
-0.0633437
-0.0902577
0.107869
1.0761
0.627545
1.63914
0.302517
0.0577921
1.30894
0.317081
1.83538
1.50643
0.269261
-0.309309
-0.75441
1.70937
2.22888
0.55025
-0.308516
1.17043
1.21749
-0.637108
0.633864
-0.217005
2.01898
0.639732
0.735757
1.46877
1.91178
0.843864
0.613145
-0.26021
0.357246
1.17083
0.422932
1.7175
-0.0829535
1.08097
-0.40769
0.311032
-0.728047
-0.0830881
1.11927
-0.0820112
1.18851
0.353488
0.424584
0.555126
0.00508525
0.666248
0.118271
0.823147
-0.0504315
0.268814
0.0280303
0.0857718
1.79997
0.972634
1.52329
1.06434
0.868138
-0.869724
-0.732627
1.17553
0.471987
1.30889
0.639412
0.117578
3.23929
1.1193
0.370978
1.38388
0.708853
1.25202
1.08144
0.371498
0.410203
0.674643
1.60162
-0.362492
1.57177
1.50244
0.244455
-0.910975
-1.21465
1.52776
0.444343
0.890044
-0.241408
0.432902
0.60783
0.42247
0.415679
0.882478
0.293958
-0.614014
0.3972
-0.28256
0.162455
2.78123
0.634798
0.395066
0.0150953
0.797488
0.293473
0.0871517
-0.591295
0.0897278
0.42926
0.337396
-0.0974409
0.586898
1.06596
-0.0469097
0.765706
0.119786
0.967326
0.299265
-0.280572
-0.00447869
-0.103326
0.0959297
0.970399
-0.788057
0.90045
0.79575
1.35457
2.06877
1.43042
2.81193
0.944985
0.249634
0.541822
0.0636621
-0.320772
-1.17214
-0.325652
0.413882
0.631966
-0.385575
-0.206586
0.481516
0.709562
1.09515
0.517482
0.13406
0.93111
0.196161
0.453665
-0.239669
1.24666
1.30414
-0.273766
1.68472
0.32244
1.45791
1.26279
2.34846
0.631329
0.982413
0.589978
0.600831
1.89119
-0.0321226
0.714695
1.02123
-0.72241
0.173221
0.875933
1.37512
-0.0218661
0.315879
0.0722955
-0.269155
1.18081
-0.152128
-0.461655
0.903413
1.44508
0.505071
-0.151283
-0.0469546
0.927643
2.46812
1.15803
0.429996
1.50964
0.228066
0.608511
1.77323
0.375202
0.301968
0.353056
-0.278707
1.74555
1.03662
1.73848
0.62292
-1.2444
0.711207
-1.31919
1.69324
0.540094
0.983952
2.45061
0.520432
0.550153
1.31319
-1.59186
-0.0361475
-0.357665
0.407092
-0.278867
1.01573
0.803518
1.88253
0.955978
0.778835
0.619783
-0.241973
0.975093
1.67209
0.297302
-1.19923
2.76884
0.858184
0.913312
0.928092
0.0434535
-0.157911
0.789958
0.41812
0.4648
1.35116
0.98982
0.952273
-1.53906
-0.462506
-0.138436
-0.366648
1.51777
1.34694
1.94077
0.459173
0.967112
-0.804841
-0.528168
-0.0153752
0.28844
-2.1483
0.604473
0.596617
1.94965
0.427595
0.445058
0.758043
-0.229072
1.74519
0.472979
-0.408835
1.8437
1.566
-1.80541
0.667308
-0.514099
0.213905
0.137037
1.5192
1.0241
-0.398787
-0.114822
0.0668763
-0.571289
0.692272
1.93477
0.0314408
0.305623
-0.577324
-0.946238
0.67422
0.117505
1.5401
0.42682
-0.407187
2.1549
-0.0451145
0.115491
0.77634
1.48608
1.37185
1.20827
-1.07837
-0.226356
0.783788
-0.531426
1.50067
-0.146975
1.21899
-0.596038
0.888316
0.682163
1.54209
0.638135
-0.242339
1.22827
0.813339
-1.05741
1.18737
0.642452
1.82271
-0.058822
-0.299582
1.11839
1.00195
0.561117
0.839608
0.776576
-0.452908
0.422849
0.0860746
1.68402
0.0687038
0.463091
0.304711
0.247954
-0.732884
0.394318
0.774497
0.820772
-0.22896
0.5739
-0.905886
0.5167
0.539568
-0.999693
-0.069499
3.05328
1.31691
0.300155
0.257784
0.296912
1.74154
0.359708
1.11317
0.363087
1.68596
0.869623
1.60683
1.30839
-0.00861211
0.443889
0.608056
0.106093
2.0916
0.115975
2.04326
0.664307
-0.642184
1.57519
-0.0912389
0.295277
-1.04542
0.924084
1.19198
1.43477
0.582526
1.94841
2.53414
0.67626
1.20299
0.644506
0.399733
0.595936
0.338248
2.62616
1.05736
1.7118
1.4043
-0.13073
0.298512
-0.285995
1.1037
1.31144
1.22619
-0.392014
1.102
0.967687
0.609323
0.598675
1.28961
-0.0298022
-0.0643768
-0.70894
1.32991
-1.21954
1.59373
-0.587305
1.82804
1.09775
1.60351
-0.893386
1.53839
-0.919408
0.126705
0.828966
0.469628
0.127986
-0.855597
-0.860851
-0.285044
-0.663502
-0.624188
-0.622958
-0.284636
0.583134
-0.157737
0.048001
0.433843
-0.176043
0.799905
0.831074
2.2832
1.53115
0.176603
1.11057
-1.11223
-0.0539412
-0.0131192
0.937068
0.06274
0.742386
1.33891
1.71533
0.347696
-0.371405
0.278209
1.02539
2.37916
-0.161253
1.10258
-0.0646468
-0.414359
2.08851
-0.735379
0.724531
-0.238364
-0.139587
0.00499191
0.844459
-1.24612
1.67467
-0.627215
0.0787985
0.733008
0.796504
0.401009
0.915171
-0.297927
0.521062
0.640584
0.0561409
1.43497
-0.108438
1.57148
2.2244
0.218968
0.0237611
2.9781
0.425744
0.497681
-0.223218
-1.59082
-0.548148
2.09041
0.379186
-0.887273
0.126792
0.30578
1.0496
-0.0190178
0.943809
0.980847
-0.0494447
0.503612
0.0220032
0.0219833
-0.207057
-0.537208
1.15799
2.23749
0.290273
0.989706
0.18726
1.61437
-0.429869
-1.87426
-0.29387
1.09853
1.29347
1.3036
-0.917784
1.3599
-0.54502
0.35517
2.20484
1.94233
-1.33021
-0.0918506
0.461081
1.2614
0.563462
1.52206
1.11371
1.47283
0.109806
1.44039
-0.378474
1.55168
-0.235988
0.214271
0.616566
0.15607
0.706847
-1.11258
0.0107069
0.34765
-1.13914
0.87668
1.28798
0.0420201
2.34723
2.35088
0.111495
-0.770154
-0.602425
0.637417
1.67768
1.54243
-0.13625
0.68714
0.281206
-0.233592
0.960961
0.851588
1.60336
0.821812
1.05942
0.154385
1.50726
0.468019
0.772074
1.60314
1.01092
0.790805
-0.418938
1.16206
-0.336495
-0.459502
-0.323667
0.515396
-1.03024
1.92548
2.00993
-0.654132
-0.47406
1.3726
0.253518
1.23513
1.08169
0.256136
1.23917
0.126128
0.22464
0.476654
0.835147
0.580551
0.944984
0.419453
-1.15744
0.66021
-0.318715
0.941095
-0.0951352
1.1702
2.43285
0.918565
0.205602
1.58012
-0.240393
1.40061
0.347538
1.49739
0.315069
0.112607
1.31743
-0.720827
2.13321
0.222173
1.19152
1.13333
0.331875
0.481952
0.0303748
0.738822
1.67069
1.3569
0.585908
0.955026
-1.20202
1.37343
-0.386614
-0.0881147
1.91725
-0.393329
0.29395
1.03772
0.461782
1.26849
0.995362
0.320276
0.234983
0.555276
0.79516
1.0142
0.714842
1.43863
0.91287
-0.5072
-0.498028
0.434112
0.587382
1.28907
0.00938361
-1.04456
0.23802
0.735185
-0.440511
2.25469
-0.259027
-1.29793
0.75499
-0.259712
0.409014
1.58576
-0.00779927
1.64774
-0.234195
0.687361
1.35092
-1.19108
-0.104081
2.69257
1.01245
-0.480287
0.827819
1.30731
-0.522672
0.340701
0.776622
0.710331
1.36628
-0.291979
0.63562
-1.18413
-0.242891
0.497107
0.792992
-0.594801
-0.624472
0.943268
0.868287
0.870018
1.25172
0.291995
-0.393043
0.375485
0.144508
-0.949379
-0.1045
-0.355359
-0.485699
0.932343
0.920108
0.804041
-0.387935
-1.6271
1.07944
0.848506
-0.666974
0.535952
-0.812361
-0.206407
1.19302
0.409575
1.28828
1.59004
0.966562
-0.895913
1.72034
0.257274
0.998184
-1.45558
0.769595
-0.205642
0.676937
0.748908
0.647278
-0.314548
0.988617
-0.117499
0.741342
1.41516
-0.865781
-0.565919
0.899304
-0.0313587
0.330861
0.430755
-0.114799
0.177045
-0.12322
0.665194
1.05945
1.52292
-0.803043
1.51913
1.33382
1.44787
0.0376369
-0.764897
0.757775
0.227858
0.598602
0.649437
1.36514
0.737133
0.259271
2.30344
0.0630918
1.74024
0.29667
0.102266
0.103375
-0.332312
1.12764
1.5086
1.5178
-1.36393
0.924421
1.28697
0.639238
0.217915
1.20432
-0.155264
-0.0183069
1.18081
1.93356
0.420446
0.174901
0.913094
1.14428
0.132494
1.49326
1.94007
1.26096
-2.01685
0.317595
1.08231
1.39836
-0.137798
1.02754
-2.45407
0.7898
0.0259986
0.0589306
0.723322
0.667939
0.744351
-0.816334
-0.66697
1.90621
1.02766
-0.182852
0.57963
-0.414814
-0.577209
-0.0294585
0.716142
0.682475
1.60417
-0.414397
-0.458443
1.25459
-0.0447984
1.46195
-0.370361
1.09477
0.199761
-0.958823
-0.862097
-1.32712
0.467543
-0.363019
0.319428
1.60626
1.048
0.741292
-0.496781
-0.0538736
-0.664655
-1.02831
1.43201
1.07657
-0.207709
1.37178
-0.257975
1.2021
1.32354
0.303972
-0.160104
0.043524
0.840746
0.744159
0.392372
0.514092
-0.939524
0.590918
1.74296
0.419155
0.615187
-1.33226
0.512539
0.63599
0.198568
-2.07441
0.467885
0.599995
0.918735
0.647899
1.32884
1.63865
1.49769
1.16884
-0.231039
-0.478091
0.495332
0.0153273
1.17689
-0.61006
0.765983
-0.449434
1.73918
1.23549
0.323497
0.958056
1.65401
-0.294544
-0.195882
1.09852
-0.684931
0.586642
-0.707949
-0.298454
0.347943
1.84976
2.16545
0.772838
-0.0366411
-0.558417
0.829871
1.28475
-0.0846067
0.674359
2.62748
-0.512853
0.959909
0.974631
2.15949
3.35576
0.686312
1.15523
-0.435606
0.100863
-0.386137
0.0698964
-0.124825
-1.44921
-0.850977
-0.339363
0.717593
0.353355
1.32637
0.351199
0.543037
-0.145839
0.680887
0.86687
0.777472
-0.0648305
0.609539
0.377323
0.110814
-1.26118
1.70261
0.858637
0.430371
0.207678
2.21935
0.972083
0.592103
-0.531244
-0.190058
0.924672
0.588285
1.82145
1.07223
0.956033
1.59777
1.5657
0.23364
0.352527
-1.02371
0.420093
0.706774
-0.60665
1.51446
0.894564
0.72709
0.728115
1.16041
-1.11974
1.26841
-0.00735077
0.763139
1.10172
0.581425
0.269006
0.359421
0.736058
-0.0780846
0.522354
2.12992
-0.237954
0.502077
1.20311
-0.376788
0.898982
0.0062503
-0.919798
1.2412
0.755081
0.592532
0.283615
0.817562
-0.21386
1.27121
0.969976
0.501889
0.29613
1.58208
1.10004
-0.836018
-0.169
0.908912
1.08081
0.802855
-1.51727
-0.744869
2.2094
1.57817
0.796267
0.446938
-1.13768
1.19492
0.714401
-0.616241
0.261594
0.588215
2.32625
-0.851827
0.383145
1.42079
0.865266
1.09873
0.14977
0.396428
1.23997
-1.14016
0.384336
0.827155
-0.0183106
0.997496
0.930776
1.35322
0.113229
0.245566
0.146515
0.0253968
0.743063
0.71094
-1.181
1.62325
0.914636
1.20517
0.568
0.736563
-1.52423
1.26895
0.180484
1.65594
-0.1799
-0.891888
0.915524
0.254704
1.45782
0.480982
0.114546
-0.238614
0.489673
0.919695
1.63954
-0.096711
0.113279
0.275463
0.176572
1.59775
1.06274
0.741581
1.5853
0.739257
-0.950631
-0.918447
1.14289
0.987584
-1.14452
0.0250221
0.266157
-0.862891
1.48935
0.0108675
0.866209
1.25033
1.14825
1.94056
2.4781
1.56725
0.539811
-0.390852
2.23166
1.73449
0.647778
1.43972
0.216997
1.44339
1.14989
2.54095
-0.850551
-1.27429
0.826418
1.34902
0.55113
-0.416132
0.188536
0.458897
0.842475
1.71601
1.0805
0.231967
-0.219221
2.59304
1.46505
0.707157
0.904885
0.835859
0.337347
0.764032
0.0478858
-1.00985
-0.213372
0.54682
1.3622
0.739636
2.21794
0.63925
0.856973
-0.456123
-0.860644
1.39902
0.288392
-0.166883
0.242604
1.32984
0.471396
-0.22727
-0.222414
0.939877
-0.603521
-0.405411
-0.140258
-0.816744
0.527988
1.46796
1.02718
1.4428
0.331753
-1.69062
-0.594916
1.21511
0.448641
0.0867865
0.76693
0.497666
0.430374
1.59837
0.125744
0.0460839
0.414894
1.27899
0.201706
0.000576794
1.37688
1.55075
0.322291
-0.104694
-0.916555
1.20329
1.94966
0.694918
1.84432
0.588772
1.4367
-0.405888
0.965843
0.116143
2.05784
1.73545
1.46751
-0.542571
-1.02143
0.711825
-0.255306
1.69311
0.124865
2.3511
-0.932634
1.63705
1.13222
1.7579
1.46283
-1.12195
2.05218
0.756424
0.369155
1.28146
0.632677
0.589219
0.446298
0.288381
0.847036
1.51207
-0.0847714
1.6921
-1.79616
-0.593102
-0.928049
1.86977
0.0724247
0.800257
-0.805128
0.120098
0.42881
0.776744
1.69416
0.0675837
-0.433766
-0.397085
0.366022
0.846253
-0.645529
0.550323
0.977002
0.56953
0.361628
1.48449
1.03533
1.19385
-0.997897
-0.893664
-0.0871205
-0.141114
1.24388
0.25918
0.434456
0.321708
1.52374
1.03402
-0.90073
1.15732
1.34215
1.26653
1.14003
1.38084
0.73066
0.878086
1.08469
0.880278
-0.411032
0.618427
1.60213
0.701237
-1.06678
1.16591
2.7018
1.81839
1.05571
-0.708842
0.42283
0.631127
0.689192
1.18944
-0.0150501
1.92547
0.486905
0.596913
0.0920137
0.779529
1.54081
1.01969
1.50512
-1.77527
1.29014
1.12247
0.919704
1.03837
0.499174
0.605337
0.432635
0.197658
-0.304207
0.521993
1.12129
2.0549
0.164035
0.335352
1.3259
0.58351
2.05444
0.705988
0.515283
1.23219
0.616898
-0.549579
-0.501832
-0.218862
-0.18628
-0.381744
0.501513
-1.45463
-0.679967
0.801158
1.23806
0.602009
-0.297051
1.67418
1.59072
0.150185
-0.302572
1.2765
-0.557715
0.675596
1.31745
1.59891
0.861999
0.625255
1.18513
0.807552
1.75249
0.206015
0.702904
1.00954
1.55959
0.437556
1.22596
1.50314
0.170518
-1.79092
0.794432
1.04015
-0.631897
0.0923117
0.693172
-0.796909
0.368593
1.46768
1.10095
-1.49072
-0.523
1.36753
0.00696453
0.981367
0.812908
-0.922933
-0.432014
0.238735
1.41157
0.0682779
-0.575535
-0.43215
1.06757
1.00092
0.426395
0.497658
0.0124946
0.408729
-0.0896077
0.769456
0.451525
0.599909
0.714556
0.203229
0.121864
-0.824668
-0.307937
1.5089
0.679462
1.17599
-0.515294
0.193818
0.316131
1.47077
0.378627
0.152097
-0.725254
1.03449
1.1186
-0.710524
0.129475
1.43396
0.6038
1.57654
-0.933499
0.719039
1.21601
-1.79017
-0.90905
1.35601
-0.0986645
-2.03032
0.857206
0.884048
1.44559
1.01006
1.28914
-1.47644
0.674549
1.059
-0.689284
0.613871
1.00552
1.17911
-0.467368
0.798553
-0.520028
2.34243
1.87498
-0.281197
-0.0842286
1.19206
1.29004
0.509785
1.54529
-0.0276287
2.66176
-0.215217
0.673447
-0.470598
1.78535
1.2087
1.51707
1.08052
-0.0333607
1.79757
-0.45077
0.304379
-0.0163466
-0.269507
1.19192
0.0426591
1.19542
-0.0363505
0.0206809
1.67481
0.932845
0.404368
0.825168
1.90427
0.714431
0.939937
-0.252379
0.347118
0.76036
0.144495
1.50928
0.5075
0.642015
1.87056
0.255399
0.46751
-0.654467
0.239093
-0.255638
-0.311171
-1.18755
0.522189
0.20532
1.45674
0.90013
-0.201578
1.55955
0.898324
0.295086
-1.34853
0.2689
2.15782
1.10488
1.16464
-1.18102
0.49464
0.633367
1.76628
-0.236456
1.55878
-0.948029
-0.21876
0.433995
0.2519
-1.68891
1.00067
-0.275948
2.28321
0.698111
2.53475
-1.0565
0.203263
-1.77596
0.37187
-0.106145
1.21618
-0.525979
0.893141
0.838334
1.24394
0.178258
1.33419
2.70056
1.06847
0.450212
1.23299
0.297462
2.08509
-0.207024
-0.791337
1.54165
1.16695
0.987967
1.5228
0.436087
-0.00589194
-0.205403
1.08414
1.45374
0.123523
2.95491
1.78406
0.744093
0.62697
0.714273
0.712318
-0.618417
0.983703
1.01264
0.834526
-1.49884
0.626544
-0.176527
0.673402
0.308094
1.91951
-0.953726
-0.772959
0.822162
-0.791806
-0.133687
1.67829
1.66144
1.88251
0.372881
0.878453
1.74797
1.19611
0.58539
0.216366
-0.340972
1.09456
0.423768
0.717678
0.828033
0.710575
0.270494
0.0909466
-0.463297
-0.575204
-0.967568
-0.762897
0.33963
2.25693
0.217054
1.46713
0.491831
0.971206
-0.791562
-0.106125
1.7941
0.645703
0.764343
-0.37708
1.44013
1.86989
0.299711
-0.103295
0.544479
0.42275
0.663581
1.64486
-0.638497
0.555303
1.17101
0.0201784
-0.0964426
0.945034
0.169439
0.722801
-0.8975
-1.26567
-1.08968
-1.82864
-0.458292
1.73888
-0.156485
-0.511281
0.684064
1.03794
0.597671
-0.701696
2.65732
1.13086
1.526
-0.32053
0.95886
0.402147
0.325567
-1.5871
-2.32963
0.278334
-0.141211
1.31533
0.424124
-0.72923
0.0222748
-0.112404
0.607658
0.783743
1.04759
0.328864
0.350987
0.153423
-0.752033
-0.464605
0.606739
0.611344
1.48012
0.539698
-1.2452
-1.23563
-0.571463
-1.16559
-0.321574
0.951
-0.979905
1.45839
-0.628129
0.16882
