-0.084408
0.846194
0.641031
1.91862
-0.0188254
2.25933
0.661286
1.17245
-0.0863391
-0.583546
0.719564
0.279344
2.44403
1.58738
-0.114882
1.27105
-0.627943
1.70327
-0.0722152
0.285832
-0.0963807
1.04294
0.266657
0.419216
-1.06777
0.65833
-0.00586924
1.46539
-0.747363
-1.56854
-0.647661
2.37333
1.81303
0.133158
-0.464514
0.799489
0.426413
-1.3565
0.788454
0.163955
0.969654
0.0102336
-0.915681
0.864101
0.645671
1.06492
1.87952
0.719851
0.971303
0.93612
0.502582
1.70724
0.752356
1.64461
-1.72716
0.455097
-0.618065
0.394629
1.16503
-1.6806
-0.171104
0.887723
1.53473
-1.31756
-0.608549
0.836865
0.434493
-0.334979
0.551641
1.73909
-0.0466669
-0.925753
2.69688
-0.602009
1.48989
-0.345748
-0.17216
3.57572
-0.481235
1.67008
1.48413
1.65867
-1.03639
-0.228345
0.655122
0.519825
0.391182
-0.623479
1.44101
-0.606835
0.875332
1.47955
-0.788993
-1.89951
0.322497
-0.207619
0.514965
1.52043
0.444623
0.530969
0.643071
2.3729
0.407032
0.122109
-0.440552
-0.324506
0.38915
-0.431225
0.415623
-0.829774
2.22597
-0.0720066
-0.354683
-0.447275
2.0965
-2.35847
-1.03871
-1.32315
1.77223
-0.663394
1.39775
3.13418
-0.541731
-2.37321
-0.160242
-0.252742
0.194186
-0.286849
-0.550211
-1.89129
1.55327
-1.04723
0.0314182
-0.295438
-0.525155
0.342952
0.458299
0.0801872
-0.244633
2.8772
0.954474
0.338951
-0.638872
-0.342332
-0.578019
0.15214
0.436318
-0.0595475
0.825152
1.25017
0.847301
2.37065
1.53327
2.32655
0.95281
1.24751
0.852533
0.0613364
-0.701745
0.967025
0.427102
1.8789
1.83049
1.23135
0.122221
-0.227441
1.91502
0.233872
2.43543
-0.687233
0.0352803
0.340029
-0.430996
0.714993
0.109377
2.44761
1.99755
-1.05886
-1.9679
1.5865
-0.342123
-0.178881
-0.651979
-0.149571
-1.6621
1.90552
0.427878
0.565248
1.03613
-0.382927
1.0842
1.76335
-0.711054
0.104263
0.441759
1.66362
1.75121
-0.746589
-1.00786
0.647975
-0.282597
1.86114
0.981128
0.910814
0.204427
-1.45615
-0.0111965
1.16632
0.097462
0.867279
-0.75715
1.99043
0.00389783
2.09363
0.0863948
1.63444
1.1041
3.00927
-1.52215
0.364861
0.806441
1.16779
1.3924
-0.505505
1.74877
-1.00022
0.616608
-0.00799232
0.389674
0.0810093
-0.325682
1.51489
0.603509
0.566235
1.22222
-0.174458
-0.226854
0.0382741
0.6186
-0.601925
1.5995
1.31475
1.42871
0.873132
0.280541
1.61415
1.03782
1.59769
0.932218
0.569203
2.78189
1.60426
-0.102804
0.492263
1.66034
0.784364
1.84629
0.673893
3.04029
1.19168
-0.729118
0.827494
2.30848
1.32553
0.902908
2.12559
-0.101489
1.09909
0.0339391
2.03638
0.459007
1.52207
0.824007
0.402371
1.1445
1.60101
2.30173
1.5984
-1.75839
-0.184779
0.887498
0.44704
2.1258
0.989929
0.930826
0.486755
0.751884
1.79998
0.184813
0.883945
0.807014
1.07896
-0.360104
-0.418021
-0.177139
-2.24606
1.2878
0.321238
0.647123
1.65583
1.74925
1.76981
2.29078
0.724285
-0.81817
-0.573098
0.750837
-0.1906
0.0549682
-0.606455
0.385477
0.0958405
0.670405
1.47679
-0.156248
0.312178
0.754236
1.81484
0.574483
0.775957
1.26737
1.25273
-0.326554
1.29303
1.43035
-0.267338
-0.913894
1.67967
0.255504
0.359483
1.18542
-0.800608
0.0494231
1.8926
-0.222686
0.715649
-1.9766
1.19096
-0.1483
0.18903
-0.615279
-0.684389
0.0844409
-0.346091
1.34944
1.34365
0.893259
0.0627549
-1.27874
0.894141
-0.0681792
0.283435
0.533981
1.41072
1.42572
-1.34803
0.723714
1.0363
1.11641
0.105489
-0.470006
1.15619
1.66473
1.40655
-0.414622
0.225474
0.410545
1.05618
0.672741
1.05357
1.03866
1.1544
1.31972
0.777764
-0.0613295
1.25257
0.89601
1.03899
0.769157
1.63432
0.789657
1.13199
-1.82535
0.152992
1.33025
-1.55859
0.372015
-0.477329
0.162785
0.299136
1.01017
-0.556162
0.301365
-0.18647
0.825207
1.04726
-1.29293
0.301173
1.19664
0.316336
1.14916
-0.724021
2.4811
-0.25922
2.0565
1.08225
1.45802
2.57804
-0.80516
1.43814
0.585846
1.61726
0.107454
0.0728751
1.39897
0.291855
1.4321
1.04844
-1.28082
-0.278971
0.206312
1.1596
0.0619625
0.611976
1.00784
-0.792839
1.62379
2.40133
-1.98272
0.0839149
2.43491
-0.220078
-0.94845
0.404857
-0.691356
0.899914
-0.240107
0.180417
-1.58701
1.23744
0.586134
0.137311
0.106222
1.91618
0.578813
0.536705
1.65843
1.7749
0.411988
0.998502
-1.21555
-0.503039
1.30319
0.00972582
0.805176
1.52503
1.06763
-0.44938
0.94302
0.160593
-0.00323645
0.599444
1.54648
0.41142
0.93224
1.64522
0.721937
3.54998
-0.93779
0.473424
0.813812
-0.111467
0.77664
1.28155
-0.389269
-0.505614
0.783273
0.0325676
1.40684
-1.00162
0.149103
0.769982
2.12794
0.602383
1.48267
0.675187
1.07036
-0.288575
1.54902
0.460029
-1.02213
-0.697976
1.71945
0.94509
1.95565
-0.614999
0.915698
-1.40123
0.995982
-2.03036
0.0507813
1.57965
1.04163
1.05109
1.55633
1.20881
0.519706
0.236336
1.09629
1.29661
0.981228
1.5507
1.03649
0.484651
-0.76653
-0.355803
2.19052
1.30407
1.36545
1.57318
-0.246568
0.472734
1.19043
-1.24225
2.94292
1.63914
0.472026
-0.258448
0.926595
2.04654
2.69574
1.68573
0.165508
-0.794741
-0.732277
-0.516814
0.589421
0.503704
-0.950899
0.973867
-0.794691
1.58483
0.0612338
1.66695
-1.27586
-0.49044
-1.04928
1.23538
-0.267503
0.753123
0.674119
1.11293
2.4556
1.36422
0.722629
0.575302
1.47448
1.06257
1.90992
-1.35303
1.50984
-0.263488
-1.14196
0.566029
0.176109
-1.3191
0.353818
-1.06153
0.0800458
0.525459
0.330167
2.01838
0.138469
-1.46131
0.260598
0.412502
-1.1311
1.82076
0.172302
0.239188
-0.29419
1.93544
-0.0458346
1.89778
0.780657
-0.960948
1.01139
0.504071
-1.194
-0.170481
0.758985
-1.66252
0.785443
0.729028
1.82864
-0.280084
1.40439
0.220469
1.09805
0.716595
0.0131131
-0.0171362
2.22442
1.81687
1.63699
-0.509636
1.2217
1.21455
-0.0677678
0.83627
-0.235534
2.00657
-0.107914
0.933035
1.54742
0.669614
0.985811
0.776311
-0.41633
1.79899
2.03544
1.4498
0.620093
1.5485
0.52231
0.136122
1.59693
0.836005
1.26225
1.92916
1.38369
0.635414
2.02372
1.17173
3.08905
2.22454
1.01015
0.486168
-1.08933
1.15552
0.0297032
0.555669
0.837242
1.99312
0.747368
0.749368
0.378671
1.26625
4.6151
-0.451925
-0.755675
1.11865
0.923501
0.857214
1.84054
0.180437
0.339772
0.687177
-0.777058
0.257205
1.45494
1.2745
0.677845
1.00076
0.800389
0.43784
-0.204628
0.940448
-0.258928
0.461017
0.533376
0.738654
-0.526367
1.15773
-0.107415
1.93639
1.74717
1.25495
0.555062
1.60528
1.24238
0.1567
1.2391
0.950758
0.143782
1.25183
0.468967
0.15192
0.606418
1.43572
-0.226094
0.237651
-0.817186
0.911561
0.624179
-1.09684
1.09354
0.78235
0.185851
0.258663
0.696965
1.26365
-0.236978
0.814225
1.88976
1.49653
0.846084
1.04251
1.08554
0.225693
-0.400286
0.0416223
0.2754
1.85549
0.730232
1.13459
0.902484
-0.903164
-1.76404
-0.138051
-0.776887
-0.205198
0.0968104
2.00295
0.247304
1.138
1.36238
-0.0913389
1.45508
1.29814
1.27635
1.3168
1.08878
-0.193381
0.218965
-0.0265864
1.16216
-0.0217941
0.531741
0.727947
-0.0559829
1.61244
0.547384
1.3983
0.501295
2.38179
1.92381
0.520864
1.00129
0.137108
2.76168
0.873599
0.437829
2.46724
0.97203
0.820636
1.72055
1.79915
-0.206407
-0.415084
0.122282
-0.151246
0.770442
0.257827
1.39759
0.0402271
1.42413
0.728534
0.914866
0.135237
-0.623933
1.65894
0.451445
-0.0844923
-1.57236
-0.129695
0.623348
-0.629183
0.387256
0.986113
0.590926
-0.367887
2.17918
1.26533
0.327543
-1.17052
0.342412
4.23981
-1.41687
-0.157754
0.0636355
0.765632
0.278932
1.73242
0.766467
-0.220567
0.163983
1.83619
0.418588
1.67568
1.75784
0.161323
0.710905
0.446388
-1.29265
-0.896915
1.04164
-1.58103
0.34182
0.310556
-0.19216
0.220691
1.21635
0.101429
2.06093
1.07247
2.05115
1.20935
1.45889
1.81028
3.22823
-0.500702
0.396311
1.29025
2.44182
1.46833
0.36546
0.939882
1.45107
-0.524831
-2.17477
-1.18581
-0.653431
1.44495
1.76857
0.213931
-0.510113
-0.351015
-0.989337
1.61528
-1.62642
-0.342445
-0.139625
2.01361
-0.385139
0.00464789
0.203958
1.87323
0.473715
0.699112
2.0519
2.6023
2.53646
-1.36037
0.908266
2.9087
-0.232352
1.59737
0.572453
1.39725
-1.04795
0.769209
0.284525
-0.235038
0.0946334
0.551242
0.61894
0.324227
2.11924
0.424931
0.683732
1.49034
0.177851
0.435065
2.62209
1.68547
2.7433
1.31814
0.946362
1.72169
0.568107
0.77292
1.21978
1.75928
-0.256567
1.60696
1.16594
-2.39253
1.00539
0.473337
0.870067
3.14697
0.585047
0.723155
0.578926
0.736412
-0.556485
1.34967
1.12515
2.37473
-0.545349
2.61996
2.24788
0.859155
2.15985
-2.46945
-1.16632
0.835872
-0.708171
1.2058
1.9726
-1.06729
-2.37219
0.747337
-0.385587
0.792832
2.58004
1.05999
-0.445632
1.2628
1.22201
0.258298
0.0551177
0.499768
1.15663
1.80449
2.27674
2.14303
-2.07641
-0.00904135
0.805932
1.58983
-0.394812
1.16262
1.45426
-0.0934413
2.95389
2.03785
1.42305
1.18502
1.36312
1.43368
0.847358
0.700542
1.47656
1.01026
0.977625
-0.60581
-0.147387
1.56973
0.684433
-0.0615612
1.28356
0.606728
0.457279
1.4842
1.73188
-0.020646
-1.47657
-1.32722
0.749174
-0.401693
2.71587
2.08036
1.81677
0.174644
0.411137
0.00787071
1.076
0.318611
-0.454335
1.91638
0.380191
-0.610227
2.0264
0.910339
1.05078
1.47716
-0.76687
1.57721
-0.884574
-0.937959
0.502513
-0.734562
1.16108
1.1022
1.72968
1.69187
0.235444
1.45397
-1.22358
2.83809
0.353542
0.651734
0.346822
-0.944729
1.15549
0.663485
1.3325
1.24191
0.19297
0.533802
1.71872
1.33655
1.83577
0.269094
1.03617
0.162919
-1.14455
1.44371
0.0289536
1.45335
0.858128
0.163729
2.08974
0.0379073
-0.300139
-0.243075
-0.0983706
1.55121
1.44997
2.04657
0.0368743
-1.03021
0.639064
-2.93308
0.678762
-0.0702308
-0.00974037
-0.778669
0.138136
0.130908
1.25551
1.86609
-0.457106
2.69971
0.870685
0.357583
0.92804
1.90262
2.34875
0.451797
1.18113
1.36952
0.0982038
0.705266
0.249871
-0.253631
1.39486
-1.25882
1.21774
1.33916
-0.0714497
0.478391
1.63738
0.228372
0.779066
0.0177074
1.00664
2.44137
-0.129351
0.445762
1.20696
-1.60873
1.62033
-0.267689
-0.269521
-0.141073
0.57853
0.27265
0.307282
2.05448
-0.547599
-0.803507
0.253274
1.43832
0.519424
0.68282
0.290801
-1.27557
0.0160875
0.703646
-0.0432736
-0.296423
0.727142
1.19073
-0.528425
1.83514
1.19937
0.988324
0.151607
0.821401
0.420188
0.598632
1.93207
-0.613491
1.28061
1.90199
1.25689
-1.35646
1.6866
1.60818
2.6402
2.77613
0.206153
-1.44711
0.00687698
1.24752
1.61321
0.827583
-0.504258
0.511716
-0.442651
2.10043
0.671127
-0.0289371
-0.333934
0.799132
0.727678
0.930936
-0.09832
0.496683
0.0984975
-1.30494
-1.68842
0.629728
2.14722
-0.89886
0.199149
0.912732
1.16806
1.6776
1.36908
0.872029
1.93955
0.825707
0.621809
2.44414
0.85418
0.610595
-0.374567
2.51752
-1.17791
0.625628
1.45661
0.850203
1.1064
0.477087
-0.457005
-0.388017
0.508011
0.690826
1.26875
0.599346
-0.785138
2.6877
0.563542
-0.920667
1.33797
2.63068
-0.039208
0.290421
0.654268
2.13557
0.794928
-0.254241
0.784779
1.00736
0.779586
0.302066
1.14947
0.185952
-0.985831
-1.81176
0.506922
2.03422
1.97973
0.883334
2.16842
-1.93812
-1.08163
-0.127279
1.26339
0.127392
1.13449
0.69614
0.729394
0.710096
2.00256
1.16509
0.732352
-0.215421
0.0863414
-0.120842
0.416393
0.0228689
1.04147
0.709344
1.11376
0.191163
0.601445
0.889405
1.33435
1.39022
0.0283674
0.70402
1.34353
0.376477
0.679397
0.460085
1.5238
1.23843
0.280453
0.468946
0.103371
-0.923429
-0.378896
0.657778
0.0396415
0.22134
1.26323
-0.128432
1.16551
-0.706298
-0.267471
0.772686
0.545037
-0.214011
-0.119725
0.299367
-0.580299
-0.0766969
-0.947469
-0.545697
0.809595
0.317529
-0.976888
1.2733
1.43947
-0.000667315
-0.322999
-1.91724
-1.68646
0.675136
-0.245881
1.43438
0.353062
0.808961
-2.64733
0.954062
-0.622499
0.478821
0.630467
-0.0210094
0.0929343
-0.441637
3.40931
2.66946
1.59889
1.28969
0.693696
1.45346
-0.909756
0.885041
0.265089
0.452668
-0.00179482
-1.25271
0.307816
0.206533
-0.467764
0.303896
-0.0694773
0.639735
-0.721358
0.57982
0.246822
0.0577236
1.8774
0.145973
0.667159
0.113722
0.0699185
0.397733
0.578275
0.470608
0.435819
1.72021
0.486595
0.267012
1.03108
1.15368
-0.164483
-1.15255
0.595265
1.04883
1.32749
0.891544
2.37851
3.05246
0.691405
0.915619
-0.431281
3.23556
0.943793
-1.80985
-0.109185
0.870094
1.1704
0.0596668
2.49673
1.94013
0.153237
0.984649
0.37927
0.26453
1.43493
2.48705
-1.42359
0.333422
1.53124
-1.76895
1.31509
1.3384
0.742957
-0.649334
0.394552
0.0128935
-0.287445
-0.081893
-0.762381
0.123169
0.5021
-0.545499
-0.529421
0.745945
0.0192671
0.195147
0.572372
-0.214769
0.148235
-2.11068
-0.684305
0.0786484
0.715396
-0.603869
0.38578
0.652728
1.06426
-0.169928
1.06354
1.81918
0.0133559
2.32308
-0.646336
-0.588217
1.01542
0.55026
-0.414519
-0.28333
-1.59504
-0.358131
-3.21283
2.01183
1.92945
1.22274
2.6982
2.5959
1.40978
1.2492
0.515807
0.837804
0.938562
0.353862
0.704556
1.77924
1.34519
0.412399
1.51986
-0.567537
0.371407
0.870375
0.700934
-0.252637
0.9902
-0.286977
3.00077
1.70686
0.308962
1.33723
1.32575
0.386347
-1.80627
-0.335528
0.531684
-0.260859
0.0921475
-1.55098
0.184899
0.466015
0.9294
-0.38963
0.698674
2.05142
-1.86003
-2.57865
-0.0274511
1.25265
1.04534
-1.08408
1.59085
0.896451
1.58073
1.23887
-0.427453
0.723543
0.250082
2.10067
2.51746
1.67606
1.59375
0.654234
-0.465121
0.0820331
0.920948
1.13288
-0.123704
2.19263
1.4674
1.07325
-0.476625
0.329331
0.786957
1.10778
0.855282
0.434208
0.495136
0.933256
2.2316
0.16907
-1.27426
0.90438
0.261381
0.752561
1.44704
-1.89638
1.77445
1.6596
-0.233087
-0.418051
0.0386492
1.16744
-1.04914
-0.693289
2.09682
1.02721
-0.773822
-0.531187
0.195403
0.679254
0.878112
1.1291
-1.02408
0.527842
1.56422
0.246783
0.494055
0.198405
1.66085
2.28229
-0.229613
-0.652416
0.427643
1.06322
1.17543
1.3734
-0.465882
1.11876
0.105279
1.83435
0.162715
0.609879
0.782925
1.11756
0.856381
0.237265
0.750679
1.68814
-0.410165
-0.74893
-1.37091
-1.26139
-0.488177
0.918095
1.19198
0.0765208
1.60183
0.57074
-0.245759
1.21019
0.613352
1.68911
0.923662
0.07422
1.81203
0.131909
1.20269
1.69934
0.533834
1.59719
-1.08533
0.824616
1.60837
1.29774
0.600121
1.35108
1.10375
-1.08535
2.33704
1.07967
1.89045
-1.00167
1.44471
-0.334537
1.52751
1.3697
2.201
1.66921
-0.162476
-0.040004
1.0926
0.0514887
0.748573
-0.289611
0.723417
1.42933
1.10929
0.204643
2.17321
0.106416
0.707182
1.61263
0.320568
1.54004
-0.222338
1.2286
2.08327
1.15148
-0.152009
0.280213
0.62329
-0.53195
0.991444
0.37824
2.77084
0.71412
-0.232994
-0.250162
1.69487
0.196603
0.390048
1.09167
1.06437
2.24081
2.42757
1.52099
2.94248
2.75089
-0.507728
0.550549
1.11741
0.925396
0.893721
-0.69054
0.578499
-0.541712
-0.141231
0.501495
0.345433
1.04194
0.328433
0.883239
0.0192161
0.487484
-0.634642
0.337899
0.384302
2.48177
0.248595
1.48573
1.85771
2.15776
1.99904
-0.616942
-1.714
1.08697
1.92462
-0.987462
2.23773
1.07481
2.37821
-0.0291868
0.452039
1.68617
1.79907
0.724148
1.87108
1.69573
1.46378
2.59653
1.27901
3.28986
0.515578
0.706482
-1.6913
1.63378
0.593295
0.25571
0.907446
-0.655801
-0.045529
1.89434
-0.393522
0.96285
0.578353
-0.916273
0.96933
0.853377
0.935687
1.59064
0.450708
0.754069
0.98162
1.60478
0.713274
1.23869
1.38121
-0.603491
-0.295787
0.386185
1.51662
1.48061
2.31193
-1.18621
0.823284
2.10928
0.329687
1.3811
1.29186
-1.1151
-0.351412
0.675507
1.06458
-0.332402
0.952191
1.71927
-0.133504
1.84869
-0.192324
-0.877174
-0.341424
0.218066
0.213622
0.211427
1.04767
0.514896
0.343402
0.545574
-0.587265
-0.0830014
-0.230255
-0.228847
0.698331
0.495943
-1.60327
0.222234
2.33328
-2.98944
0.643141
-0.219296
-1.40198
1.49391
1.05155
-0.00284757
1.89909
0.190398
-0.278338
-0.191994
1.29727
0.192609
1.25916
2.10134
-0.510038
-0.646105
0.0533059
0.367325
0.523965
-0.398281
0.175128
-0.630854
1.66497
0.145047
1.28057
-0.0701999
0.427754
-0.448908
1.50865
0.619185
-0.340724
0.848394
-0.501939
-0.843644
0.792932
0.323133
0.575099
-1.5024
-1.67947
-0.840175
-0.00330136
-0.446777
0.749477
2.32445
-1.18892
-1.08628
-1.48929
-1.09507
1.3339
-0.537521
0.664606
0.111066
2.95228
1.13971
-0.288325
0.0884761
0.260036
-1.15885
-0.473786
-1.62571
-0.640584
-0.523806
-0.79916
0.800681
-1.19292
0.700447
0.734456
-1.40362
-1.5806
1.23583
-2.20979
-0.509273
1.4468
1.62328
1.01825
-0.826485
1.54549
1.61832
1.78192
0.831894
0.545625
0.546666
1.67807
1.06685
-0.582089
1.1397
2.08255
2.92351
1.22397
-1.03279
0.357526
2.12447
0.682243
0.378493
0.574103
1.76782
0.099235
1.3162
1.92619
0.709549
-0.336242
0.823788
0.109487
1.58256
-0.786926
1.7308
0.876115
1.58794
0.246212
-0.621097
0.131889
0.112124
2.11917
0.778648
0.489592
-0.825642
0.44174
1.92825
0.889953
0.494641
2.05536
1.55307
0.0833162
1.43596
-0.681955
1.24655
0.363698
1.89463
0.256153
2.04456
1.20531
0.494074
0.409008
-0.453037
-0.347949
0.83725
1.01932
1.63117
-1.06655
0.521665
-0.448164
-0.530946
-0.174467
0.221685
1.10632
0.215353
1.23586
2.56907
1.82174
2.94144
0.481175
-0.743864
-0.626334
1.84804
0.672947
0.262185
0.50859
0.408694
1.05562
-0.15354
0.670089
-0.396678
-1.24034
-1.51566
0.248085
2.68974
-0.487739
-0.145343
0.545378
1.27681
1.41497
0.826621
0.82143
-0.0327613
0.392087
0.465358
0.383579
0.492558
1.04073
-2.95655
0.856586
0.7591
2.05416
1.24771
0.694021
-2.28691
1.14889
1.41402
1.00524
0.553135
-0.803468
-0.171107
-0.980453
1.53772
1.27385
0.0294776
1.4147
-1.00067
1.02309
0.467773
0.878878
2.24459
0.805269
1.08944
-0.460951
1.18202
-0.226958
0.684006
2.16416
1.23869
0.388126
-1.33302
-0.806897
0.563083
1.26791
1.26292
1.8169
1.50084
1.54947
0.456484
-0.189651
0.785964
2.11108
1.87095
1.19128
1.77642
0.357642
0.775152
-0.0166587
0.753345
1.76892
0.620948
2.5378
0.56122
0.305988
0.045978
1.57779
0.0790964
-0.760929
1.8044
-0.345974
1.83903
-0.00789614
-0.224533
1.17353
1.86195
0.0917325
0.222923
-0.503361
2.07787
0.341277
0.545454
0.451257
0.589043
0.350169
-0.136774
1.47562
-0.056805
1.59294
1.16742
1.11344
-0.570506
1.1909
2.39165
-0.718003
0.557201
1.42305
-0.689276
2.43265
0.930834
-0.154107
0.815506
0.618213
-0.385221
1.07287
1.15197
0.464683
1.83154
0.188321
0.066397
0.316556
-0.782958
-1.34268
1.41564
0.286301
1.2129
1.93644
-0.66684
1.13409
-0.0675796
0.790753
-0.706723
-0.211652
0.12417
1.61458
1.11056
1.25481
1.64388
-0.852756
1.27155
-2.34961
0.617064
-0.46328
-0.411017
2.80458
1.39647
0.118572
2.13498
0.915187
-0.0793469
2.27714
0.4712
0.828438
0.915005
-0.222474
0.43154
1.33807
-0.803799
0.205376
1.40092
0.358528
0.27993
1.68549
-1.06536
0.430204
-0.0662872
1.93762
0.0829986
0.255427
1.41757
1.94112
-0.313276
-0.102796
0.701515
1.24809
-0.326217
-0.825628
0.786259
1.44196
1.38092
-1.50282
2.8365
0.828542
-0.256378
1.35647
-2.02335
-0.321392
1.60004
2.50508
1.35661
2.26319
1.45228
0.871391
-1.26139
1.28129
-0.0604965
-0.205061
-0.283643
1.42005
0.319993
-0.22152
-0.127336
1.6348
0.758699
0.127825
-0.102559
0.567369
2.80066
0.415301
-0.720774
-0.737413
0.152613
0.526675
1.10377
1.36742
0.549978
1.96774
2.0175
2.84214
-0.4129
1.28008
0.716016
0.985355
-0.101139
1.18864
0.610586
0.00151379
1.05273
0.599668
-0.0574255
-0.106262
-1.33283
1.21357
0.699251
2.48796
-0.885257
0.138847
0.646133
1.75926
2.74454
1.04546
1.66605
0.206804
0.381631
1.01856
1.42316
-0.214167
-0.62926
-0.00689329
0.661831
1.13117
-0.490519
0.292913
2.41864
2.09054
-1.04957
-0.121858
3.19548
-1.67329
0.799153
-2.54778
1.50555
2.35774
-0.411721
0.471154
1.80329
1.76035
0.79887
-0.107422
0.146148
2.07616
3.02249
0.537932
-1.27406
0.847763
1.40216
0.398628
0.712949
0.289401
0.553527
0.887445
1.6416
1.94157
-0.236681
-0.244484
0.123049
1.37808
0.821914
1.83577
-0.0952194
-0.755989
2.11807
0.512151
0.396868
-0.161489
1.89102
1.76816
-0.350221
1.37964
0.0985452
0.905391
-0.456905
-0.798179
-0.938553
0.0360273
1.3302
-0.181383
0.173249
-2.76072
1.17517
-0.0220264
-0.428522
-1.46582
0.460084
0.0216138
0.969797
0.380411
-0.875695
0.767551
1.40975
-0.786969
-1.12937
1.78634
1.56313
0.901088
1.15834
0.166051
1.93302
1.05046
0.083491
-0.375168
0.765765
-0.29775
0.999855
1.56896
0.640122
0.989244
0.148873
1.63362
-0.181612
1.26191
-0.38516
0.962774
-0.0457359
-0.782594
0.95564
-0.551077
-0.448144
0.206987
0.900777
0.918361
1.70252
-0.198087
2.18938
0.0210519
-1.23084
0.470246
-1.56242
1.56553
2.00767
1.03455
1.53251
0.230055
0.34701
-1.56984
2.48246
2.16218
1.68921
-1.76646
-0.556383
1.10078
3.30991
-0.393695
0.718934
3.09484
0.220446
1.33206
-0.389733
0.193102
-0.226648
-0.220402
1.73318
0.745337
3.07459
-1.25569
-0.196857
0.332858
-0.0600574
2.00885
1.20532
-0.628488
0.599558
0.901658
0.643348
1.24924
-1.45021
0.250972
0.236223
-0.284108
-0.119839
-1.68396
0.18077
0.711324
-0.974268
-0.380709
-0.708602
1.11095
-0.241139
0.578582
0.0949461
-0.0963522
0.0991414
1.12588
-3.02102
0.484682
1.56848
0.204074
1.60278
1.80311
0.448653
-0.347583
-1.32677
0.732138
0.934733
0.185696
1.90095
0.377342
0.339003
-0.484848
1.90488
0.777442
1.53741
-1.62659
-0.4578
2.09154
-0.820769
1.08012
1.04526
-0.860409
0.520262
1.40426
-0.452777
0.591199
-1.39044
0.0208343
1.27635
0.106283
1.42114
0.465355
1.39594
-0.719067
0.824149
1.54243
2.04027
2.61807
0.492873
1.31554
-1.45194
-0.0375643
0.0362696
2.70602
0.357376
0.720963
1.26834
1.10146
-0.76508
0.877268
1.29395
1.2786
-0.607982
-0.65699
1.6473
-0.201606
2.06965
0.478464
1.97158
0.652824
0.432815
0.425209
-1.07484
1.30748
-0.381333
0.11491
0.277879
0.751236
0.866794
-1.02901
1.72017
-1.21507
0.499401
0.349733
2.4134
1.44089
2.38335
0.967732
1.0711
-0.117936
-0.107355
1.44671
3.26791
1.65726
2.41166
0.350739
1.69361
-0.549625
2.80709
1.3197
0.00380035
0.772398
0.85899
0.576825
1.12994
0.442698
0.532759
-1.17261
-0.444207
-0.0785099
-1.57691
0.233697
1.18564
-0.297717
-0.225602
1.48341
2.56
0.567698
-1.4461
1.80019
1.44101
0.104851
1.81047
-0.168408
1.6825
0.0761485
0.88231
-0.584291
1.36812
1.04527
0.590632
0.355666
0.687717
0.471576
0.550975
1.08523
0.304881
0.388891
0.469365
0.62006
3.21804
2.18133
1.34963
1.03122
1.28794
1.18328
1.69006
-2.22065
1.02283
0.312538
1.75326
0.568221
-0.0305755
1.79778
0.0119305
1.58483
0.541862
1.96503
0.872793
3.27614
0.167351
2.47912
0.472518
-0.263405
1.29173
-0.33575
0.265557
-1.77528
-0.0315209
-0.380073
2.33407
0.523351
1.54421
0.390404
0.817071
1.92121
2.0401
1.72879
0.437041
0.811666
-0.366614
0.946376
-0.803443
1.12247
0.1742
-0.0403251
-1.17131
1.11504
-0.526904
1.10182
0.0709402
1.79291
0.679246
0.610574
-0.529744
1.23977
0.283233
1.58073
1.76245
-0.0828661
2.43073
1.66573
1.4296
-0.0726834
-0.626906
1.03568
1.02666
-0.567226
0.567511
1.27576
1.28836
-0.610833
0.703959
-0.866703
-0.383247
1.84399
-0.431029
1.05311
0.984937
1.51353
-0.00788939
2.99023
-0.509219
0.492352
0.832294
1.44065
3.08672
0.703394
-1.677
1.78977
0.305416
1.4261
1.29414
1.34616
1.02558
-0.974249
0.507631
-0.799175
-1.30217
1.57535
-0.0685483
-0.188447
0.702124
1.00969
-0.105275
0.473665
-0.0613801
0.217691
-0.0689469
1.66545
0.745232
0.953425
0.25905
-1.27674
2.07076
1.07481
0.759141
1.89484
-0.583591
0.304125
1.36792
1.35748
-0.6251
1.00182
2.36849
0.110029
-0.0745539
-0.0144472
2.65113
1.10534
1.19207
1.24946
1.15901
0.564098
2.18504
1.6535
-0.495313
0.718609
-0.67221
-0.356782
0.871895
-0.703773
0.991614
-0.676979
1.28682
0.0176702
1.16467
0.998752
0.791516
-0.438249
0.271187
1.01685
1.22728
2.05438
0.574166
2.26668
0.955423
0.82841
0.872254
-0.967474
0.277239
0.149857
-0.738323
0.244993
1.97241
0.87366
1.39342
0.726518
0.324068
1.27437
-1.16291
0.887225
0.548434
-0.511121
-0.496302
2.22308
1.17003
1.15265
1.05903
-0.777016
-0.0515625
0.257502
-0.244031
-0.119506
0.202404
-0.298038
0.856599
0.0209398
2.43927
-0.175667
-2.25071
-0.444825
1.61781
0.359304
0.548704
0.904039
0.693958
1.99722
1.92265
0.921304
-0.1524
1.88886
0.270838
0.557913
-0.918431
0.678207
-1.27101
1.22199
1.03762
-1.57886
2.93855
1.05575
2.60925
0.790327
1.42274
0.0422012
1.20853
0.557722
0.242123
-0.630365
0.179483
0.98602
-0.651339
0.43767
0.424233
1.37484
0.923389
1.10355
-0.809178
-1.86148
1.15957
2.85403
-0.788133
-0.84832
-0.612568
0.46238
2.02984
0.356454
0.119996
0.826504
-1.78409
-1.25671
0.393495
0.906487
1.74813
0.396595
0.721126
-0.372116
2.9771
2.28586
1.4014
0.954105
0.735288
0.282886
-1.35749
-0.315634
1.29345
0.803156
-0.286945
2.75181
1.76649
1.23937
-0.835616
0.831703
1.59125
1.73416
1.90768
1.08644
2.99426
-0.519812
-0.880473
0.84039
2.24019
0.868423
3.0888
1.4876
0.816274
1.5284
0.783912
-0.482409
-1.84875
-0.694997
0.448904
-0.0399357
1.2934
0.00674208
-0.593199
0.125214
-0.851509
-0.895742
-0.325163
0.0782857
-0.227102
2.62807
0.378695
0.717829
0.116447
-0.452858
-0.194952
-0.964153
0.724559
2.79025
0.269498
0.843941
-0.0875858
1.83487
0.998742
-0.140638
0.714648
-0.983828
2.91874
1.81737
0.979757
0.912467
-0.0497914
0.985276
-0.538203
1.33925
0.124627
0.0877164
1.99815
0.953909
0.670161
0.366182
0.456252
0.648729
2.04844
1.19986
-1.17907
1.47555
0.0618153
-1.21975
0.918986
0.429172
0.299419
0.860718
-1.04354
0.196591
0.769337
0.216619
1.74544
1.39686
2.24644
-0.304822
2.46668
1.56619
0.210145
-0.318979
-0.0385579
1.5898
3.20317
1.5689
0.0574091
0.881568
0.382676
1.05068
-0.378607
1.13162
-0.22014
1.50882
-1.57665
-0.229235
1.64031
1.13723
0.941855
1.5285
0.0887595
-1.12121
0.97873
-0.145526
-0.669446
1.68411
-0.34731
-0.321624
-0.0329482
2.84197
0.728249
1.45183
1.3542
-0.0371858
-1.48379
0.379792
0.141342
0.0225897
0.650656
2.1861
-0.107282
1.11194
-0.283618
1.96001
1.78659
2.10764
0.969971
-0.01166
0.480534
0.463373
-0.291703
-0.361767
-0.0238514
1.09523
0.955484
3.07856
0.815649
0.432446
1.51766
1.80104
-0.356919
-1.58151
1.87205
0.682796
0.287191
-1.00175
0.427182
0.559212
1.41008
-0.865568
1.9146
-0.524754
1.60582
-0.617982
1.61946
-1.00332
0.797017
0.311669
-0.364989
0.73359
1.16617
-0.145639
0.755554
-0.0046854
0.954784
-0.43786
0.206807
0.603154
-1.11347
-0.0342238
1.19096
0.517612
0.310803
2.02673
1.80339
1.66913
1.12013
-0.285094
0.211528
-0.800435
0.870209
2.39905
0.282152
-0.421418
0.755232
-0.0105056
0.396461
-0.236232
-0.0145207
1.72788
2.20603
0.455728
1.97114
0.00791391
-0.613203
1.21149
0.313345
-0.795174
-0.827623
1.82033
-0.662136
-0.505406
-0.0129439
-0.502906
1.73797
1.15809
0.583697
-1.58185
0.984238
1.14111
-0.376013
-0.897391
-1.40864
0.842597
0.923653
-1.23268
2.01777
1.9721
0.663867
-0.63939
1.9601
0.843382
0.426418
-0.160914
-1.09
0.569793
-0.403596
0.247191
0.939818
-1.35719
-0.417876
0.143502
0.352899
0.935182
-1.05017
0.328375
1.588
-0.264057
1.22153
0.0992362
1.62005
-0.440532
0.893174
0.381822
1.61151
1.18818
0.195362
-0.757805
-1.50178
0.476733
-0.114462
0.663714
-0.445358
-0.376239
0.426599
0.37461
-1.05733
-0.892915
1.13738
0.929986
-0.0642125
-1.80236
2.61662
1.09483
1.95419
2.76541
0.864575
0.289877
-0.173033
1.70433
0.0160007
-0.607128
2.71978
0.436841
0.672948
-0.0255214
0.725483
0.174372
1.70451
-0.274463
0.482387
1.82758
-0.693288
1.85311
0.924455
0.731055
2.66664
0.979414
0.562596
1.07342
0.232992
-0.136427
0.541582
-1.90371
1.07276
0.0957015
0.0957744
0.370691
-0.208162
0.941342
-0.644194
-1.04355
1.75552
0.17798
0.690104
-0.485562
0.253963
1.74682
1.07236
2.0093
0.1039
-0.202887
1.74793
0.829849
1.84634
-1.48958
0.254492
-1.09118
-1.22725
0.906702
-0.156528
-0.244257
-0.369327
2.47354
-0.650635
1.08019
0.759347
-0.16332
-1.8047
0.18338
-0.418353
0.200889
-0.0542575
1.49333
-1.613
0.0353683
1.84342
0.607369
1.85544
-0.715308
1.17037
1.3416
0.790305
0.705249
1.11542
1.33801
0.115989
0.575048
1.02315
