-0.000308426
-0.275344
0.409838
1.44602
1.42826
0.936011
0.416898
1.03563
1.64898
0.0886827
-0.728223
1.21755
1.86908
1.37569
0.663997
1.18639
1.12562
0.0823311
0.411688
1.04731
0.0625248
-0.128787
0.409179
-0.00468325
-0.568401
0.985372
0.807762
0.854096
0.694453
0.39889
-0.153415
-0.139979
0.225631
-0.605747
1.20065
1.06685
1.33162
0.712786
-0.708041
-0.569627
0.174177
1.9127
1.23295
1.16346
1.13558
0.358074
0.914851
1.11229
0.728036
-0.483533
-0.288232
0.945208
1.13615
-0.836765
1.56809
0.452271
0.681286
-0.359979
-0.0874684
0.215765
0.260414
0.345489
-0.247306
0.0976258
0.48857
0.118999
0.498671
1.02961
0.634398
0.452307
1.54296
1.53807
-0.0584935
0.502801
0.865662
0.277662
0.60675
0.0791469
0.856575
-0.131254
0.326175
0.235621
0.762459
-0.793243
0.609177
-0.266302
-0.178354
0.718977
1.53137
-0.316714
1.04694
0.140953
1.23281
0.164488
0.991329
-0.688397
1.03703
-0.544243
0.880863
-0.148467
-0.51036
0.173161
0.70171
0.5453
0.242677
1.30607
0.727045
1.56027
1.25475
0.141425
-0.0859296
-0.268367
0.665413
0.429228
0.626179
-0.1629
0.286069
0.991988
0.888316
0.464774
0.744484
-0.354584
1.42256
1.22314
0.963281
2.00659
1.07446
0.344089
-0.178351
0.613022
1.14244
-0.150961
1.17739
0.616364
1.37125
-0.755665
-0.215745
0.144484
0.774341
1.66041
0.868929
0.447968
-1.3423
-0.00797291
0.582722
1.65677
-0.37259
0.320114
0.506856
1.23299
0.654539
0.580047
0.439939
1.20192
0.120633
1.03339
0.0234465
0.554902
0.35213
-0.290471
0.56593
-0.0877392
0.0111003
0.770116
1.23647
0.773983
1.41166
0.000113471
-1.46899
-0.408189
0.392167
-0.101733
-0.260597
0.284304
-0.0196435
-0.556737
0.80178
-0.261894
0.866744
-0.13892
-0.444165
-0.0127105
0.665482
0.0629116
0.81657
1.16407
0.795226
0.974484
0.680041
1.42513
0.882984
0.773831
0.468212
0.63362
-0.531464
0.534067
0.253451
0.455955
1.30119
0.8539
0.790232
0.41844
-0.476198
-0.590651
0.40229
1.13908
0.979884
-0.103341
0.484166
-0.01717
-0.147518
-0.417373
0.605127
0.665529
1.53438
0.294721
1.74664
0.385047
-0.154613
-0.921167
0.269963
2.11393
0.609869
0.882797
0.178539
0.42133
0.458643
0.887228
-0.202674
1.30974
-0.697622
-0.656546
0.597276
-0.421862
0.937163
-0.185865
0.960074
1.06025
0.162507
-0.816246
0.404866
1.07836
0.627494
0.823892
-0.851143
-0.0855618
0.030878
1.00849
0.809999
1.14111
1.17203
-0.37196
1.7047
1.48382
-0.212052
1.03373
1.29997
0.699689
-0.608682
0.704827
0.378068
0.630591
0.93149
0.67652
0.903165
-0.103913
0.295522
1.73047
-0.0559324
1.59052
1.53156
1.39387
0.916202
0.618526
1.00567
1.56516
0.247223
0.85518
0.996957
1.3247
0.0245334
1.09738
0.728837
1.31726
-0.36269
1.16937
-0.185795
0.0393153
-0.0798629
0.949077
1.35917
-0.402801
0.878383
1.34918
-0.102715
1.47569
1.06412
0.906666
0.4914
0.384012
0.679303
0.646699
1.56334
0.000183072
0.848125
-0.0609158
-0.558323
1.17135
-0.21231
1.45311
0.0338641
-0.672212
1.73575
0.0912043
0.447971
1.47018
0.982922
0.166693
-0.267277
-0.263297
-0.520186
0.854546
-0.753558
1.49072
-0.0594384
1.28487
0.498057
0.499264
-0.0783889
0.20461
0.442131
0.135728
0.942614
0.924472
0.104253
-0.255273
-0.316801
0.442226
-0.355288
0.305414
-0.100261
-0.151626
0.607907
1.69965
1.8419
1.13373
0.898128
1.28698
1.64346
0.543859
1.00752
0.591794
-0.167974
0.345585
-0.0556829
-0.370466
0.554225
0.968439
0.371264
0.838978
0.451617
0.526859
-0.255854
0.296848
0.614261
1.33704
-0.0630799
1.00691
1.37387
0.691747
0.762541
0.123956
-0.706372
0.446285
0.51548
1.0603
1.59756
1.129
0.41827
-0.0628449
1.10609
-0.743778
0.422944
-0.523536
-0.0501061
0.0169846
0.361897
0.333574
0.423329
0.643514
0.766049
0.250023
1.20513
0.207273
-0.316504
0.1145
1.27452
-0.205989
1.1433
1.87423
-0.322134
1.25871
0.125632
-0.163182
0.166363
0.778962
0.464214
0.665145
0.679889
1.18472
0.368279
0.0731339
0.587564
1.36362
0.116321
-0.763497
-0.383363
-0.638368
1.15587
-0.142853
0.553434
0.476714
0.450875
0.0973585
-0.145694
0.624918
0.987694
0.412061
0.332008
0.172128
1.29419
0.714326
0.708034
0.109806
0.506146
1.16513
0.545876
0.456717
0.667945
1.75194
0.0535743
1.14322
0.746827
0.692191
-0.381919
0.887546
-0.488762
0.450313
0.430656
0.465909
0.0189711
0.52511
0.312811
0.407561
0.259923
-0.0712519
1.12323
0.347964
0.171606
-0.58767
0.517642
0.549696
1.00689
0.522708
-0.334295
0.178336
1.40183
0.747476
-0.420808
-0.430834
-0.409072
1.83218
0.611743
0.796812
-0.419858
1.04102
-0.429389
1.57364
0.367026
0.164627
-0.500487
0.640219
-0.853053
1.61939
0.921713
-0.432461
0.282469
0.5614
-1.55599
0.505421
0.168115
0.0513514
0.210928
0.368563
0.783573
1.01145
0.540923
1.33947
0.135855
1.37694
0.813559
0.72234
-0.0254603
0.902356
0.455259
0.256967
0.0536833
0.935109
2.152
0.219021
0.71422
1.16257
0.764437
1.18023
0.910401
-1.34061
0.218853
0.963035
0.192244
0.763767
0.789912
-0.782549
1.34658
0.476851
0.856597
-0.116417
1.6452
-0.245538
-0.0810138
0.301285
0.620091
0.399294
0.268632
1.78447
-0.402813
0.62097
1.42077
-0.5649
0.151766
0.315534
0.740646
0.362929
-0.0739895
0.641675
-0.256537
0.867145
0.112882
1.75968
0.872898
0.646034
-0.413545
0.96348
1.23391
0.798993
-0.554097
0.045477
1.46769
0.352015
-0.0931189
0.612262
0.741889
0.470066
0.602268
0.994162
1.23679
0.625962
-0.0675269
0.677628
1.30114
0.55958
0.508815
1.07231
0.802053
1.15339
-0.20755
0.38005
0.932477
0.658648
-0.27419
1.01827
0.0926936
0.443845
1.40488
1.22261
-0.184077
0.682303
0.853814
0.777804
0.528559
1.57555
-0.173716
0.205139
1.11283
1.88889
0.520743
-0.756615
1.23233
0.477066
-0.0953306
0.269986
-0.614451
0.915406
-0.526571
0.685204
-0.627944
-0.0354863
0.788385
0.147025
1.22117
0.210578
-0.904007
0.552645
0.830101
0.983096
0.39989
1.12151
0.203682
0.662015
0.371288
0.193996
-0.111155
1.15436
-0.550643
0.0897634
-0.187301
0.686119
1.59883
1.00561
-0.894507
0.0140231
0.243759
-0.105539
0.718705
-0.675133
0.603448
0.0958855
0.125362
0.956297
0.533076
0.109284
0.348153
-0.260458
0.562839
0.963879
0.636102
0.485356
-0.302212
0.771497
-0.0350424
0.619825
-0.188729
1.72272
-0.00406482
0.196597
0.608191
0.896747
0.433775
1.29098
0.526522
0.481088
1.27989
0.473401
-0.173568
1.27354
0.999799
0.297237
0.0475749
0.462344
-0.0220794
1.24785
0.519267
0.281633
0.770148
0.660725
0.0616624
-0.482056
0.859696
-0.0221659
0.126432
-0.231483
0.18258
-0.0934984
-0.107883
0.220434
1.27576
0.240501
0.24197
0.337339
0.88208
0.050766
0.487602
0.888002
0.725223
0.250393
1.67774
-0.739865
0.817424
-0.183768
0.000955166
0.862046
0.486813
0.641285
0.583254
0.539008
0.45187
-0.824506
1.6021
0.729453
0.556129
1.01236
0.944889
0.980812
1.13903
-0.0517593
1.11924
0.586986
1.02107
-0.800809
0.345917
1.134
-0.313035
1.08339
0.29402
0.32424
0.399003
0.774048
0.351312
1.38883
1.27072
0.742365
0.60256
-0.446397
1.25707
0.319042
0.302166
0.090108
1.1207
0.866431
1.21361
0.870411
1.1833
1.16019
-0.517931
1.55957
0.51374
-0.00662165
-0.713582
0.16187
0.367234
0.26725
0.0156184
0.0589759
0.513174
0.764575
-1.03411
0.0471738
1.8102
0.0842392
0.0733662
1.27865
-0.023805
-0.343066
0.597695
0.211397
1.40709
1.00843
-0.0490804
-0.194211
0.29654
0.531808
0.424577
0.577499
0.942363
0.698368
-0.100385
0.117461
1.12953
1.39575
0.556351
1.1287
0.554814
0.101113
1.14749
0.488686
1.23288
0.479705
0.703501
1.27319
0.822675
1.16966
-0.0867389
0.451524
0.363001
-0.372306
0.443417
-0.481392
1.22441
1.11163
1.07245
0.792518
0.379383
0.407729
0.798624
-0.00727622
0.850988
0.296568
1.34746
-0.877747
-0.439559
0.785479
-0.737865
0.553983
0.719158
1.05717
1.37463
0.793992
-0.501429
1.12525
0.766915
0.585857
1.14564
0.0548125
0.338524
0.879068
1.82254
0.344177
0.342181
0.154095
0.76392
0.537711
0.607995
0.523433
0.909536
0.63608
-0.12848
0.912383
1.09784
1.44595
0.957821
1.12865
1.1697
0.983444
2.28523
0.719774
0.529834
0.391344
-0.379696
-1.01704
0.583018
0.116207
0.293966
0.888246
0.608604
0.244865
-0.135459
0.6141
0.440285
0.11542
0.241952
0.361969
-0.118656
1.71696
0.621667
1.40783
1.19648
1.27399
0.916008
1.6922
-0.0920346
0.269161
0.167295
0.388331
1.9921
0.185649
0.280101
0.991289
0.74009
0.443914
1.00264
-0.19386
0.197447
1.02545
1.23009
1.22724
0.180345
0.936806
0.168417
0.421493
1.25826
1.15992
0.196966
0.753574
1.24431
1.06904
-0.411083
-0.753184
0.107754
-0.97757
-0.385976
0.835991
1.37456
-0.311281
1.71936
0.710121
1.42343
-0.0812908
0.702673
-0.26097
0.39569
0.545576
-0.0697237
1.70554
-1.51525
1.49957
-0.190257
0.632578
0.00152243
0.651108
-0.414246
0.00276429
0.427996
-0.683154
0.977203
0.8566
0.915432
-0.325674
0.129249
1.40779
0.651343
0.800085
0.655652
0.662882
0.420096
-0.150851
0.75625
1.13548
0.0102001
0.390492
0.07054
-0.19015
0.656491
0.14324
0.60186
0.488804
0.987617
0.480565
1.39075
0.447653
0.475276
0.198058
0.310038
-0.483896
-0.452182
-0.204332
1.18435
-0.865609
0.618066
0.154226
1.74094
0.982259
-0.144297
0.380701
0.526593
0.20022
0.219304
0.74632
-0.0601585
0.644984
0.630806
0.100926
0.621177
1.28239
0.521827
-0.234605
-0.015742
-0.668173
0.307098
0.249896
-0.7718
0.0277204
0.725997
0.310926
-0.53587
0.837713
0.221863
0.250877
-0.119318
0.304851
0.431725
1.10309
0.890444
0.209896
1.6613
0.388726
-0.161826
-0.190491
-0.175805
0.321932
-0.51142
0.219034
-0.888426
0.488265
0.0962784
0.77613
0.760113
-0.287839
-0.0351318
-0.397738
0.28609
0.440817
1.12213
-0.138192
1.25813
0.619932
1.63133
-0.907925
1.95034
-0.283211
-0.451403
-0.312165
0.893034
-0.669536
1.27646
0.122175
-0.273143
-0.336452
0.53092
1.09617
0.28164
0.285888
-0.135558
1.7732
0.634921
0.571739
0.742644
1.97859
1.33604
0.720582
-0.295363
-0.409037
0.819002
-0.545177
1.78448
-0.0545661
1.60245
0.403654
0.9058
0.712132
1.06287
-0.329401
1.19608
0.258202
0.515776
-0.155964
1.33085
1.49828
0.765977
0.23521
0.994188
1.25663
1.91626
-0.323035
0.613016
-0.3809
0.504502
0.963175
0.553722
2.26826
1.17017
0.601
0.28416
0.207064
0.312577
0.597547
0.526079
0.798545
0.760286
1.07978
0.310036
0.101909
0.409631
-0.524409
-0.129291
-0.285105
0.519422
0.759791
0.0643347
0.148653
-0.530975
0.0975599
-0.0113537
0.663186
0.831364
0.974609
0.76939
0.805492
0.571845
1.14428
0.763841
0.425853
0.447132
0.608604
-0.632862
0.401312
0.425106
0.948029
-0.817998
-0.0221923
-0.858089
0.492759
1.4328
0.229686
1.5837
0.757469
0.804803
1.02259
1.45057
0.242921
0.80761
-0.378269
-0.0481963
1.06117
-0.748183
0.859908
-0.349115
-0.382532
1.29964
0.774833
0.0195589
-0.464338
0.032204
-0.498912
-0.476106
0.528837
0.650689
0.858645
0.0157361
-0.735892
1.02625
0.110105
0.224064
-0.957168
1.55119
0.278141
-0.0636873
0.554885
1.0333
0.966935
0.446075
0.995868
0.517361
-0.582656
0.69009
0.619731
0.56962
0.0437287
0.313174
0.45297
-0.50021
-1.26046
0.215892
-0.0580505
-0.826786
0.923456
0.431446
0.830784
1.58358
0.423314
1.62508
-0.432095
0.786155
-0.241788
0.733182
-0.157799
1.02947
1.48984
0.550952
0.251227
0.550493
-0.100314
1.41518
0.498854
0.347812
0.731081
0.822485
1.09218
1.03307
-0.690237
0.241205
-1.10612
-0.104586
-0.126887
1.15825
0.832632
0.709073
0.873047
-0.601566
1.60629
0.457882
0.313191
0.697605
1.7132
0.327288
1.28531
0.861998
0.862413
0.112871
0.620278
1.38236
1.03761
-0.27484
0.998078
-0.0888154
0.736842
0.830113
0.738378
0.835596
0.822224
0.201993
-0.242787
1.67914
0.564722
1.10134
0.979868
0.438085
1.46874
0.788961
0.760292
0.364385
-0.0653981
0.00723738
0.0815227
0.220183
0.738183
0.910774
1.89362
0.42435
1.28073
1.29353
0.70375
0.0559
-0.117949
-0.0572347
0.941863
0.785701
0.912062
-0.586187
0.115859
0.209623
0.614409
-0.0784287
1.4127
0.130425
0.95994
0.403767
-0.0471177
0.583628
0.44202
0.519856
0.469632
0.372082
1.17554
-0.114793
-0.183232
0.440092
0.450963
1.49297
0.81958
0.358704
1.3001
-0.826107
1.62129
0.308712
-0.312554
1.80628
0.610146
0.0250387
1.66181
0.219976
-0.425887
-0.532196
-0.125111
0.567679
-0.0461799
-1.31445
0.435672
1.12089
0.708559
0.258464
-0.343644
0.702466
1.13046
-0.299148
0.325118
0.677678
0.38378
0.674973
0.917664
0.506873
0.0451731
0.966083
0.0912674
0.84034
0.781672
0.260904
0.234162
-0.257231
1.44425
0.48477
-0.23501
0.643401
1.06286
1.1801
1.2438
0.470117
0.0298558
0.0779016
0.0808881
1.27863
0.900679
1.27698
1.79036
-0.901722
0.959443
1.55812
0.606781
0.703329
0.672442
-0.0999431
0.673034
0.636795
1.78591
0.0242726
0.0322657
-0.293904
0.779037
0.132091
0.317999
0.624992
0.135811
-0.668284
0.978592
1.29366
0.112699
0.325999
0.848041
1.2978
0.157956
0.688945
0.876555
1.24382
0.752335
0.125892
0.607588
1.13428
0.493932
-1.00237
0.880429
0.384619
0.875396
1.61959
0.390642
-0.8366
0.944696
0.122949
0.589229
0.366392
0.645218
0.237003
0.0556892
0.584496
1.11442
0.337334
0.808631
1.06657
0.0535576
0.966884
0.45015
0.585629
0.204623
0.198328
0.956614
-0.104354
0.75993
0.980763
1.37505
0.575756
-0.503906
0.210584
-0.0329337
1.29065
-0.808794
0.615414
0.736705
0.243019
-0.13402
1.15768
0.276029
0.476614
1.26151
1.045
-0.429756
-0.173196
-1.36909
-0.246677
0.801956
2.09571
1.41208
0.528146
1.73558
0.62848
1.64133
0.457119
1.02129
-0.0336077
0.63434
0.48759
0.11881
-0.122953
0.789575
1.19412
0.411271
1.51193
0.548866
0.786596
0.381581
0.512743
1.19301
0.730451
1.39609
1.99317
0.338397
1.51546
0.900085
0.68385
1.48838
0.120845
0.494725
0.563025
0.816915
1.50715
1.59248
0.694965
0.0583966
0.0360038
0.601029
0.419562
0.504777
-0.185191
-0.328946
-0.0507157
0.796186
0.695545
-0.233625
0.854486
0.952857
0.672635
0.0877291
1.02668
0.54614
-0.0595391
0.546481
0.439104
0.405165
-0.0673373
0.349889
1.28717
1.35327
0.47619
1.45832
0.89253
0.855099
1.21852
0.494457
0.951139
2.1793
0.693213
0.675176
-0.552715
0.7371
1.53722
1.23881
0.715717
0.709395
1.52402
1.73568
0.534843
0.047436
0.1874
0.852531
1.21324
1.60603
0.621819
0.873299
0.777701
0.26123
1.15334
0.499272
0.827107
0.209032
0.907217
1.3276
0.525274
0.485906
0.0358586
-0.0668942
0.971365
0.363324
0.467961
0.642442
0.509705
1.70476
-0.46397
1.64393
0.069627
0.106758
0.676695
1.00482
1.11215
1.22745
0.990904
0.697927
1.81892
-0.0266206
-0.0238431
-0.501204
0.184107
0.814033
0.927367
0.540064
0.257723
1.23096
0.863434
0.734098
0.787217
0.45676
1.08971
1.43039
0.775611
-0.49289
1.64697
1.18345
1.70789
1.90773
-0.410675
0.517417
0.821683
0.716905
0.478658
-0.561909
-0.39792
0.374462
-0.13393
-0.0107068
-0.0536749
0.506537
0.721014
0.435314
0.966088
1.20309
0.269299
1.55302
0.754374
0.745063
-0.0942475
0.570511
1.7275
1.44824
0.959659
0.594567
1.61432
1.45955
0.293151
1.17564
0.456111
1.14075
0.321281
0.628491
0.446522
0.779005
1.68949
0.843511
-0.211235
1.39487
1.03746
0.897008
0.19175
0.0128626
0.715952
0.186569
-0.863146
0.502648
0.993307
0.554102
0.761139
0.638941
0.591114
0.250258
1.4874
-0.170244
0.105168
0.629633
0.204516
0.000462635
0.179114
0.297219
0.0600587
1.08597
-0.346313
0.407397
1.75146
0.124193
-0.614896
-0.465195
0.820698
0.251374
0.452054
-0.46526
-0.504765
0.510695
0.513893
0.636125
0.961109
0.685851
0.665608
0.16943
0.439971
-0.138403
-0.664372
1.10277
-0.167922
0.847518
0.903389
0.683897
1.23046
0.622219
0.297059
1.34728
-0.222979
0.831341
0.835197
1.86013
1.47591
-1.10342
0.917996
2.09127
1.00058
1.43015
0.38871
0.557209
0.708024
-0.0847552
0.313775
1.33113
0.505323
1.18397
0.600726
0.243205
-0.551396
0.980347
1.04042
0.0425618
0.363425
-0.35506
0.623897
0.0283144
-0.306018
1.30796
0.139976
0.196034
1.02449
1.45427
1.01343
0.300534
0.714023
0.969961
-0.397785
0.699886
0.590978
0.624801
0.254798
1.46997
0.908297
0.786562
-0.105708
-0.0863063
0.144213
0.0641724
-1.47051
1.58722
0.463579
1.10069
-0.370113
0.502451
0.210464
1.02981
0.180563
1.59206
0.517469
0.744893
2.04372
1.33165
0.337492
1.76245
0.50741
0.58114
1.07496
-1.4381
0.194163
-0.13651
0.235931
0.215693
0.684256
0.853743
0.671212
2.08146
1.16589
0.147238
0.479293
0.89683
-0.564609
-0.00808933
0.425956
-0.219712
1.01869
1.13806
-0.454546
-0.0927765
-0.158834
0.686022
0.620968
0.32477
0.829868
0.729348
0.725233
0.262399
1.57282
0.773679
0.299419
0.30891
0.659691
1.41519
1.5053
1.17965
0.871412
-0.117444
0.793722
0.98498
0.887074
1.16103
0.363462
0.764604
1.04004
-0.776438
1.08793
0.695945
0.949177
0.817796
1.11494
0.828739
0.499243
0.995295
0.150254
1.10851
0.631773
-0.00627693
0.717545
1.08997
0.0760541
-0.582163
0.701297
0.292445
-0.130692
0.814503
1.02724
1.32552
0.741192
0.949766
0.708904
1.54413
0.923585
0.434264
0.628585
0.0827464
0.17284
0.579254
0.470771
1.26882
-0.237457
0.352767
0.616743
0.628378
0.425996
0.631125
-0.0735636
0.624373
1.26456
-0.315197
0.866373
0.264786
1.18981
0.669807
0.80679
1.81956
0.380927
0.339379
0.363181
0.692949
-1.05649
0.739644
1.3223
1.00113
1.45869
1.0025
-0.0527653
-0.613232
0.543802
1.05892
1.51492
1.38373
-0.723917
0.905142
0.398139
0.325525
0.274245
2.13123
0.834787
0.247699
-0.2932
-0.322576
0.412232
0.406752
0.593708
-0.328623
0.580699
1.47387
0.139774
-0.562194
0.701465
-0.195029
1.90683
-0.142253
0.346276
0.240894
0.470568
0.927891
0.860311
0.308497
-0.0569669
0.897541
0.657374
-0.0136286
0.12894
0.142466
0.723039
0.438725
-0.0552005
-0.625803
0.193582
-0.20094
-0.518274
0.487681
0.0581301
0.641454
1.02342
-0.537807
1.28372
0.170229
0.915651
0.763439
-0.97689
1.38256
-0.510732
0.427772
1.13354
0.371061
0.977516
0.818778
0.394083
0.937251
0.585163
0.162679
-0.315603
0.754393
0.980095
-0.0999807
0.773774
0.126784
0.872962
1.32368
0.625685
0.525945
0.767062
0.445289
0.603394
-0.543922
0.474565
0.0414563
0.588296
0.882371
1.38994
0.862497
0.443373
1.30827
0.74948
1.16097
-0.0422303
1.20021
-0.611736
1.08896
1.24842
1.17445
-0.506079
0.0782589
0.666553
-1.0244
-0.315958
0.543928
1.00661
0.720802
1.26691
0.703935
1.05435
0.635128
0.116168
0.996409
0.484763
-0.143725
0.65926
0.0314596
0.104143
0.113269
0.293881
1.02656
-0.154431
0.596031
0.607701
-0.520206
1.23033
1.08295
1.26741
1.39295
-0.0823118
0.882839
-0.538372
1.08789
0.31711
0.806193
0.635396
0.829489
0.0548189
1.01189
0.682258
0.594788
-0.168849
-0.77573
0.859812
-0.0582465
1.22451
0.0648422
-0.219462
1.51155
0.0379303
0.767265
0.429802
-0.505127
1.86272
0.0958737
0.439389
0.588177
-0.894522
-0.130275
0.332632
0.772152
0.359784
0.410442
-0.0480809
-0.695089
0.0650142
0.999776
1.27911
0.76541
0.830376
-1.15268
1.34589
-0.674972
0.921293
0.28406
1.09132
0.732342
-0.107669
0.511838
0.412969
-0.11514
0.816534
1.60446
0.567346
0.0962735
-0.822613
0.567009
