-0.956091
2.02112
0.680003
0.656489
0.404602
0.0849859
0.958885
0.654257
0.742129
0.769431
-0.810372
1.94477
1.43634
0.378692
0.573263
0.0190545
-0.614738
-1.69251
0.777346
1.18692
-0.204087
1.23937
0.522896
0.17445
-0.109732
0.112599
0.973423
0.184377
-1.59252
0.134576
0.951318
1.15551
1.25651
0.592719
-0.922879
-0.448124
-0.747979
0.00331867
1.45802
0.145619
-1.02752
0.281765
0.264425
0.695833
1.08425
2.31712
-1.93522
-0.271295
-0.298669
-0.18256
1.14256
0.120885
0.0133198
0.823914
-0.432048
-0.524324
1.08166
-0.156347
-0.943483
0.562631
1.02447
-0.723753
1.06327
0.69688
0.776956
-0.221363
1.16155
0.520626
1.612
0.173733
1.37368
1.19926
-0.549545
0.213497
-0.540517
-0.625083
1.74281
1.36098
0.430949
-0.744479
0.52986
-0.446264
-0.756516
1.51531
1.2135
1.78594
1.65274
0.432149
1.66157
0.978243
-1.08139
0.0324135
0.454522
0.400629
1.04565
-0.0286363
-0.414223
0.955427
2.06357
-0.347222
0.504092
0.682764
0.807172
-0.274491
-0.0437369
0.66219
0.132325
0.950101
2.57141
1.47913
0.748897
0.299984
1.17364
-0.460662
0.885095
-0.620327
-0.0302217
2.63019
-0.0516986
0.27301
-0.438983
2.23787
-0.531918
2.12826
0.896524
2.36475
-0.462315
1.74577
0.435192
0.700548
-0.611288
1.34344
1.07984
-0.169138
-0.351035
0.453002
1.08399
2.33193
1.98788
1.35579
-0.561236
-0.0604632
-0.395117
1.91567
0.0162497
-0.404925
0.237847
0.348329
-1.16374
2.01964
1.03176
0.729106
1.11676
0.170026
1.51413
-0.252881
1.61297
0.414369
0.683183
0.462114
-0.276468
0.712545
-0.0468919
-0.00126039
0.032537
0.736828
0.504919
-0.127645
0.797824
-1.13295
0.271982
1.7405
0.33512
0.0314969
0.0430486
1.7635
-0.287985
-0.348842
1.96388
-0.354946
-1.25064
-0.040675
0.615103
-0.0727766
0.964149
1.68508
1.48382
0.921777
1.74987
0.978765
1.03113
1.7068
0.933525
2.14377
0.089468
1.13015
0.533836
2.36472
0.716399
1.7721
1.71277
0.747841
1.04345
1.09789
1.16125
2.13116
0.98381
-0.216971
0.756541
-0.762939
-0.920453
-0.260487
0.415734
1.68852
0.886388
-1.20161
-0.337722
1.39685
-0.86243
0.971456
0.647564
1.50072
0.74254
1.34527
0.988997
1.05671
0.294518
0.0245649
1.60332
1.85316
0.257918
0.821882
0.976538
-0.312051
-0.719666
-1.12209
1.19884
1.82906
1.63586
1.54016
0.164931
1.22105
1.11275
1.18764
1.23857
2.23808
1.66451
-0.628735
1.04806
0.829441
2.63707
0.534782
0.847137
1.28519
1.30093
-0.358064
2.46862
1.73204
1.56062
1.58212
-0.20158
-0.197865
1.67153
0.0174428
0.302197
0.675545
0.14829
2.44203
1.05486
0.650788
-0.641447
0.124617
0.0460329
0.431087
0.887152
0.244735
-0.560964
1.54006
-0.465297
-1.62005
1.17368
0.268085
-0.0744994
-0.479676
1.03036
-0.478224
0.93816
-0.0692107
0.311058
1.19004
0.0319023
-1.76661
0.716055
1.35995
-0.643101
1.61544
0.779209
0.575507
0.892735
-1.4818
-0.844685
1.33427
0.926904
0.120281
1.19154
0.520517
0.279543
-0.464048
-0.0437347
0.613247
1.42305
1.17127
0.37534
-1.00836
1.81774
1.02301
0.512695
0.492425
0.803644
0.649881
0.970372
0.33021
1.24899
-0.00625678
0.0888029
0.522313
0.750062
-0.181636
0.178265
-0.334963
0.418531
-0.168947
1.04215
0.314067
0.354153
0.0191098
0.936426
-0.602635
2.31857
1.56114
-0.263251
-0.650076
1.36979
1.18808
0.507404
-0.0455158
0.347829
-0.370997
-0.0650168
-0.490082
-0.0425216
0.427861
-1.33815
1.21643
-0.695288
-0.202571
1.66166
0.231049
-0.362914
1.26138
0.182599
0.438259
0.0358675
0.885704
0.496918
1.43238
1.36148
1.47036
2.48216
1.1552
-0.0765646
1.62059
-0.556042
0.475324
1.95077
1.14395
0.418539
0.812669
0.442827
-0.0679455
1.14331
-0.501417
1.12797
-0.0522509
0.927566
-2.00944
0.865353
0.318605
-2.01477
0.475504
0.341094
1.04481
2.26769
-0.182706
-1.33951
0.234282
-1.24419
0.205979
1.04823
2.17711
-0.184999
0.481173
0.146246
-0.115267
0.594626
1.74449
2.01573
1.2822
1.04925
0.653013
0.979499
0.990029
0.42847
-0.194348
1.89263
-0.331427
-0.0712102
0.96094
0.522245
0.223061
0.848376
1.03188
0.315938
-1.42089
2.36771
0.604788
-2.72689
0.578225
-0.0119277
0.238277
2.01391
0.743439
0.405951
0.567529
1.81479
2.27461
0.441547
0.175253
0.448701
-0.965075
1.8177
2.38853
0.803288
0.820375
1.57276
1.13395
2.07325
0.0633049
-1.06311
1.65687
-0.580386
1.28951
-0.354343
0.154042
0.87726
-0.536001
1.51842
0.516679
1.07783
1.12526
-0.420624
0.620732
0.433707
-2.57798
0.504796
0.649763
0.30454
1.75338
0.206427
0.496686
-0.434237
0.111253
1.44776
0.147455
-0.836583
-0.209467
-1.46566
1.75971
0.80069
1.36738
0.476556
1.62711
0.915489
2.26348
0.0811931
0.105141
1.61717
1.52721
0.622931
1.4254
0.27981
0.975036
0.0151581
1.51029
0.661806
1.21027
0.268767
1.72436
-1.51903
0.84426
1.857
0.375625
1.42953
0.377907
0.12616
-0.636684
-0.205696
1.0731
1.00012
0.904813
0.551475
0.621783
-1.55034
-0.959437
-0.471626
0.47433
0.0122396
-0.842221
0.825326
-0.557604
-0.83351
0.618518
0.623773
0.704908
1.22279
0.626123
0.642818
1.75237
-0.702981
-0.347941
0.772459
-0.562299
1.80054
0.548446
1.319
1.48441
-1.29094
1.02731
2.65301
1.66099
0.46975
1.17835
1.59288
0.91209
-1.20043
-0.859586
-0.168135
-0.0493669
0.860573
0.615597
0.358853
0.769227
-1.17935
1.59637
1.10234
0.931775
1.5506
0.677075
0.21681
0.964592
-0.0244709
1.58998
-0.0739836
-0.267429
-1.26659
0.571339
0.833253
-0.556517
1.37599
0.684084
1.37779
-1.16556
1.56706
0.426746
1.77662
1.48426
-0.516254
0.397529
2.02092
-0.337874
-0.691344
0.359308
-0.503749
0.384588
1.38599
0.541262
0.76582
-0.204318
0.125595
-0.169241
0.38471
1.61202
0.994565
0.961515
1.12543
1.13076
-0.228069
-0.141659
0.245117
0.555669
0.497657
0.343584
1.63017
1.32513
0.193378
-0.921097
0.933185
0.828707
-0.508524
1.38675
0.164941
2.32188
1.00737
0.109777
2.1235
2.32218
0.0501042
0.627762
2.19074
-0.712007
1.15214
0.180536
0.0645434
-0.764848
0.742865
0.814177
-0.113133
-0.408262
1.35929
1.68149
-0.215423
0.607989
0.0914112
2.05453
0.218124
1.17221
1.26601
-1.12283
0.414434
-0.11405
0.490599
1.37871
0.87742
-0.811193
-0.570318
0.453979
-2.74759
-1.30652
-0.99004
-0.411044
-0.572827
-0.244446
1.53467
2.19011
2.17065
-0.208681
1.21893
0.201364
-0.201949
-0.0401941
-0.661353
0.786322
0.119669
1.45605
1.66202
1.64924
1.17768
0.390474
-0.326983
-0.272342
1.44772
1.1365
-0.335062
0.993799
1.14139
2.52168
-1.80672
1.35795
0.263671
-0.578384
-0.4152
0.405154
1.76945
1.90977
0.807907
1.18079
-1.14719
1.52785
1.95609
2.55509
1.87329
0.330867
0.370007
0.572471
-0.470095
1.05514
-0.959985
0.00546476
1.0236
1.16042
0.990914
-0.386254
-0.677543
-0.0544652
1.21195
1.7753
1.1391
1.60252
0.845843
0.858766
0.0783474
0.841021
-1.38344
1.54616
-0.562717
0.663605
1.35675
2.41613
2.39531
0.145736
0.617652
1.12664
-0.553321
1.90028
-1.84973
0.798484
1.22736
-0.377176
0.0435567
1.19696
1.32488
1.57164
1.5308
1.41625
0.512691
0.98321
0.80078
1.50046
0.632665
1.96991
0.0670655
2.53458
0.470687
0.531993
1.16133
0.721547
0.190183
1.10166
0.148857
-0.313264
0.573429
-0.522553
0.835647
-0.0197064
0.0962392
0.261313
1.02236
-0.69711
0.456116
0.283658
0.675881
-0.261649
1.19524
-1.0511
-0.500769
0.914614
-0.416726
-0.79733
1.41167
0.360332
0.0737825
0.069896
1.14963
1.6339
-0.46589
-0.384938
1.71991
0.791443
1.29521
0.954977
-1.36362
-1.42226
-0.470597
-0.285837
0.0751948
0.34921
0.912969
-0.509468
0.584025
0.85068
0.772563
0.160522
1.43732
-0.769015
1.06558
1.63865
0.194002
1.10661
0.199771
1.4995
-0.679559
1.04424
-0.451211
0.119677
0.746752
1.01299
-0.640902
1.42605
1.4867
1.69223
0.380873
-0.590271
-0.191238
1.59097
0.949414
-0.473409
0.0582096
0.681559
-1.19131
0.75823
2.47245
0.0950063
-1.35453
0.973873
-0.105365
-0.00647829
0.570117
1.33859
2.19276
1.12732
1.65876
1.02627
-0.709727
1.13899
1.332
0.562958
0.707287
1.08865
0.416867
1.26534
0.65876
0.788904
-0.196806
1.14639
-1.03727
1.19119
-0.206103
1.56687
1.33814
2.29339
1.30382
1.85478
0.0589612
0.540574
-0.0636427
1.58352
-0.0438275
1.32339
1.27804
0.825383
-0.864708
0.827285
1.9602
-0.036976
0.716207
-0.402529
-0.365876
0.656238
-0.348325
0.478814
1.13817
-0.488531
1.23768
-0.642673
1.67496
0.437842
0.230717
1.10785
1.82622
-0.80714
1.49089
0.662366
-0.67845
-0.390813
0.185577
2.15584
0.0939246
0.308985
-0.390607
0.497293
0.122088
-0.0347343
1.3763
1.23178
0.28545
1.57697
1.095
-1.00077
1.54879
1.85318
1.61539
0.478067
0.802693
-1.10426
1.22449
1.32179
0.898812
0.648651
1.411
1.71851
-1.21601
0.784822
-0.0148264
-1.0417
0.453482
1.366
1.54656
0.449876
0.353707
-0.131419
0.168003
0.950868
-0.534574
0.931566
-0.533172
1.6116
1.06664
-1.75741
1.46604
0.114881
1.08829
0.828159
-0.336337
-0.87966
-1.20419
-0.0615533
-0.191895
2.94264
0.338219
3.40651
0.751155
-0.290916
-0.374881
1.95843
-0.847412
-1.03504
-1.80324
2.71127
0.775955
-0.34054
0.986014
0.796691
0.342573
1.71614
-0.483646
0.203631
1.13144
-1.12078
1.54509
-0.00645662
1.14347
-0.497404
2.22266
0.184325
-0.114312
-0.223285
0.569471
0.354869
0.203221
-1.18591
0.969264
0.284408
2.98306
0.035836
1.85029
0.833837
-0.383569
-0.586556
-0.636355
1.20849
0.0397015
0.0912865
-1.04034
-0.182931
0.773661
-0.00175116
-0.884814
1.44123
-0.739159
0.436714
1.72674
1.88721
0.686731
1.19407
0.252323
-0.460509
1.7685
1.51655
-1.68659
-0.314379
0.1332
0.513364
-0.676477
1.25828
0.228484
-0.393038
0.183146
1.20535
1.10775
3.15694
-0.331449
-1.24338
1.30101
1.30476
0.65989
0.00887312
-0.585132
0.537362
0.491705
0.0969169
0.27504
0.0358435
1.00436
0.151801
0.392687
-0.67018
1.43214
0.619211
0.551479
0.691732
0.75675
0.724575
1.09415
0.119284
-0.629753
0.753824
-0.11245
0.919425
1.28907
-0.059034
-0.246499
1.34817
0.617358
1.40308
-0.706766
-0.658162
2.49928
-0.557265
-1.01064
0.840109
-0.356793
-0.300879
-0.109356
-1.40526
0.109074
1.33517
-0.924382
-1.0473
-0.361119
0.143597
1.08179
0.550305
-0.781779
0.585781
0.506627
0.253283
0.599202
0.764771
2.22202
-1.22635
1.1296
1.4384
-1.08659
0.678233
1.13999
1.29709
-1.09108
1.25373
1.49136
0.702548
0.497766
1.42975
1.4529
1.30006
0.876296
-1.32275
1.5288
0.650995
0.946487
-0.391775
0.684501
2.25957
-0.0311453
0.940376
1.30138
-0.870509
0.72716
-0.91723
-0.0856774
-0.170662
-0.501108
1.38344
-0.206835
0.606574
-0.953602
1.0878
1.06237
1.97667
0.717982
0.159561
2.41167
0.178744
0.970275
1.22559
0.983791
0.719505
2.86211
0.963936
1.17399
0.349267
-0.223259
1.42397
1.5729
0.888462
0.211415
0.121549
-0.936484
-0.157674
1.61572
0.104168
-0.073292
2.04562
1.19059
0.932197
-0.766143
0.659705
0.976109
1.57517
2.27608
1.27352
1.14041
2.04329
0.15566
0.903364
0.0149475
-1.09993
0.191186
0.825231
0.137523
0.803964
0.581876
1.30301
1.90254
0.637585
0.638652
-0.375088
0.824073
1.31951
1.51427
1.58976
0.0691592
2.17437
1.12476
1.60881
-0.184017
-0.0871183
-0.570692
0.114434
-0.0240542
1.07288
1.74114
2.70533
1.38627
-1.09015
0.162041
0.90871
1.76576
0.194268
2.00574
0.265906
1.30425
-0.325057
1.01975
-0.176578
0.639007
0.901869
-1.16179
-0.196409
1.27432
2.12531
2.10634
2.03104
0.280883
-0.0652181
0.444632
0.216881
1.74733
0.208063
2.07807
0.899923
2.68217
1.49394
0.447901
0.411695
1.23566
1.40681
2.84522
1.13985
0.636512
-0.223432
0.928961
1.1891
0.435845
0.803836
0.914299
1.00207
0.304858
-0.222
1.24695
0.3721
-0.23848
-1.56127
0.614267
-0.736485
-0.908787
0.927494
1.37678
1.88971
0.875234
1.30491
0.645865
-0.593567
-0.788701
0.969146
1.29562
2.36188
-1.28436
1.80843
-0.207625
2.03719
1.48746
1.51956
0.962534
0.456418
-0.0822485
0.79925
0.0950957
0.374719
0.242266
0.762579
1.49486
0.665998
2.53181
0.262601
-2.3601
0.417038
0.268488
0.818063
-0.060488
2.60974
1.57302
0.502441
1.00349
-0.903306
1.60806
0.730727
0.516213
-0.348873
0.944246
-0.509223
-0.752398
-0.301461
0.203655
0.790139
0.841543
-0.50885
-1.16021
1.73525
-0.200772
0.762152
0.274663
1.24117
0.551442
-0.156434
0.303346
-1.71739
-0.371831
0.201627
0.171004
-0.504612
1.34671
0.798173
2.13652
-0.809775
0.664447
2.11214
0.394958
0.435963
0.0245524
1.33187
-0.251328
1.15096
1.36671
0.602229
-2.0706
-0.332365
-0.343634
0.199095
-0.0356805
0.196303
-0.376633
-0.557836
-0.674834
-1.93986
0.334042
0.491447
0.0714619
1.52533
0.164415
1.77711
1.21394
0.480451
1.90003
0.115821
1.66438
0.248907
1.46625
0.907406
0.500717
0.811082
2.03638
1.65451
0.469794
-0.166158
0.401237
2.27128
0.527279
-0.636447
0.904296
1.96778
1.34515
1.39775
0.61757
0.848149
1.37948
1.06853
0.537753
-1.01813
0.193824
1.52666
1.51584
-1.16738
-1.03825
0.394843
-0.829779
0.643681
1.00731
0.91401
0.309025
0.196329
-0.249168
0.65041
0.244522
0.257654
0.87531
1.20494
1.78429
2.95238
0.15354
0.613118
2.52016
0.310561
0.00575614
1.90543
-0.23586
-0.00436114
0.17174
1.00891
1.74466
0.793226
2.68304
-0.0683118
0.393714
0.340269
0.933875
-1.0095
1.43468
0.954912
1.02101
0.847909
1.22759
0.481958
0.483933
1.39764
1.60716
0.635171
0.788004
0.353755
1.71494
-1.76989
-0.59969
-0.0686551
0.708297
1.04086
1.05884
0.966742
0.0784436
1.48017
-0.230956
0.538594
0.639019
0.732402
0.132914
1.18699
-0.503558
1.50403
0.252928
0.27446
0.430853
-0.408906
0.123453
0.159458
-0.710754
0.628388
1.13904
1.08884
1.45765
0.429531
0.935823
-0.27313
0.953168
0.768974
1.07103
0.627076
-3.22595
0.705434
0.626269
2.15213
-0.75964
1.52446
0.775601
-0.070718
1.47943
1.08681
1.53919
0.591036
2.29613
0.69313
1.17836
1.70036
-0.241188
1.88147
1.34294
-0.474414
0.599108
0.483815
1.27874
1.67219
-1.04403
1.90812
0.481751
0.177586
-0.5884
3.01773
0.754241
0.488063
0.720011
-0.0599298
0.815493
1.09235
-0.334929
0.959755
1.4405
0.888424
1.55632
1.94957
0.74494
0.795779
0.980579
0.347095
0.822851
1.48074
0.115665
0.162966
1.92288
0.141872
0.38641
-0.181732
2.95327
0.425853
-1.29701
-0.350704
1.32581
0.0331439
0.34504
0.478425
-0.0244669
1.18493
-1.28677
-0.968425
0.0335931
0.109211
1.64936
-0.0805722
-1.09212
0.710581
0.560944
-0.164343
0.889649
1.05243
0.610049
1.71841
0.0786405
0.847302
-0.935276
-1.33616
-0.749555
0.649931
2.13204
-0.674993
1.27659
-0.0863107
-0.628016
-1.82217
-1.21836
1.50505
0.834495
2.24441
0.769398
-0.146418
-0.403112
-0.0797088
0.502939
0.674218
0.680736
-0.404264
0.302207
1.29505
1.00916
0.11742
-0.701915
1.69933
-0.423459
1.22311
-0.314567
-0.448734
-0.390708
-0.386606
-0.481003
0.395727
-0.537867
1.09038
0.963878
0.0131674
-0.695967
0.568038
0.0332487
1.40493
1.13178
0.817322
-0.602885
0.158375
0.711748
-0.514286
2.2057
1.67559
1.84762
0.472239
2.18053
2.18244
0.864103
0.920996
0.0372918
1.34224
-0.0302407
-0.882557
1.46747
0.541471
0.548145
0.699227
1.00306
-0.463643
0.12109
0.660949
1.18399
0.24352
-0.630466
-0.390152
1.35873
0.866725
1.26875
-0.282067
0.10326
1.36408
1.12115
-0.310208
0.807264
0.335038
-0.159952
1.2298
1.82426
0.464236
1.91235
0.669772
2.56006
0.579266
-1.38466
2.39544
-0.750009
0.594184
0.877976
-1.27101
0.489552
0.511533
1.07704
0.751053
0.285036
0.456986
0.754857
1.07738
0.391817
-0.0765148
0.268167
0.614864
-0.255049
1.45203
2.05298
-0.221604
-1.00306
-0.447406
0.232905
-0.471526
-0.670724
0.925601
0.812832
-0.0675536
-1.78089
-0.305966
0.0707752
-0.327165
1.22902
-0.251221
-0.177226
0.441105
0.891451
1.34642
0.628089
-0.3206
1.01609
0.0764751
0.964251
0.958007
-0.0394698
0.406052
1.10282
-1.9455
0.00853269
-0.935476
0.53186
1.27977
0.489966
-0.0268998
-0.074228
1.33288
0.151474
0.853116
-0.201359
-0.951442
0.806577
-0.306752
0.593922
-0.932805
0.476173
2.17928
0.0708355
1.81548
0.777512
-0.125916
-0.0326899
0.482664
0.795181
0.567384
1.47727
1.2233
0.991195
-3.72808
0.380983
0.410081
1.45492
1.012
2.12147
0.634038
1.99918
1.29869
0.727943
-0.210955
-0.114824
0.737658
2.09265
-1.70721
2.33442
0.604794
1.2129
2.1893
1.91953
-0.792744
0.0861522
0.15874
0.233218
-0.132422
2.80659
1.11946
1.97802
0.897378
0.958534
-1.06437
-0.305652
-1.48231
-2.34095
0.147626
1.37674
-0.652345
-1.28969
0.928935
-1.4056
0.232467
-1.02708
0.414507
0.642619
1.31735
1.17648
0.470536
1.28289
1.26162
1.09682
0.182254
1.92501
0.98361
1.17912
0.205749
1.23123
2.39829
-0.592725
-0.379162
-0.207034
0.437798
0.421379
-0.227777
1.33655
-0.395354
-0.898643
0.509153
1.92984
0.845338
0.0826214
0.528946
-0.711956
0.685539
-0.375426
0.290689
-0.214049
0.10575
-1.29574
1.62634
0.461516
1.59527
0.409259
-0.54412
1.87686
0.904465
0.961099
0.546895
0.463953
1.61908
-1.14735
0.330757
-0.677964
0.770004
0.238311
-0.393492
0.371062
0.282826
-1.40904
0.127409
0.223493
1.02168
-0.673545
1.24539
-2.04863
-0.242144
1.30973
0.767136
0.00495267
-1.82661
-0.0830243
0.521223
1.76349
-0.789148
1.48974
1.2311
0.475364
-1.24053
1.70742
-0.699521
0.124091
-1.19414
1.44875
-0.463766
-0.134182
0.881459
0.111553
0.855299
-0.553099
-0.764398
-0.440706
-0.231872
0.642636
0.515558
1.09502
-0.648789
0.286687
1.7093
2.79877
-0.834417
0.572466
0.850202
0.496718
-0.208388
1.01335
-0.277266
1.02227
0.279917
-1.07346
0.227903
0.906548
0.15013
0.669053
-1.69963
0.329797
0.340377
-0.374386
-0.992517
0.821466
0.774499
-0.0998586
-1.04173
-1.35771
1.13844
0.0370322
0.87287
2.92359
1.98844
1.73396
0.491415
1.38925
0.715621
0.0106934
0.496431
0.0636049
0.828405
-1.32469
-0.511931
-1.1302
1.19854
0.00415052
0.860615
1.34782
0.622317
0.8545
0.704548
0.0761005
1.34555
-0.767108
-0.524533
-0.0910236
2.27796
-0.415477
-0.755023
-0.514467
0.667506
-0.26124
0.74551
0.369947
0.663711
1.06829
0.442621
-1.82095
-0.565724
1.73486
-0.381818
0.124172
1.48265
1.54426
1.47203
1.18279
1.21611
0.464182
1.64489
0.353685
0.441831
0.326834
-0.687434
0.694151
-0.178114
0.852747
0.0751441
0.677723
0.583036
1.15122
1.59908
-0.41539
1.16688
1.34699
1.46668
1.42187
0.550056
0.645277
0.236861
0.830867
1.76708
-0.664335
0.69202
2.03313
0.929936
1.01256
1.8477
1.5843
1.86359
2.23755
2.30429
0.597675
1.62096
0.24444
1.49094
-0.411983
2.15952
0.307946
0.235036
-1.30437
0.179782
1.66513
1.68343
0.771633
-0.472572
1.07471
2.11868
-0.336394
1.23511
1.72368
0.712453
1.16391
0.280605
1.43204
2.2296
1.71462
0.829998
-2.17171
0.530629
1.91387
1.89208
0.539785
0.302319
0.507163
0.54325
0.360156
1.8541
-0.14633
0.189899
1.00766
0.237101
0.155024
1.1386
0.568925
1.25682
0.733245
-0.301352
-0.413811
1.17618
-0.176332
0.410017
0.151027
0.338218
-1.55929
-1.8361
0.518141
0.893284
-1.25809
1.01357
0.309081
0.855904
-1.05178
0.476481
-1.43798
-0.671668
0.414582
1.23325
-0.265083
0.52946
2.10486
0.244149
