1.14175
1.20396
-0.7905
-2.97362
1.81997
-3.55797
-0.208997
2.77677
0.396779
-0.171956
-2.1468
1.91816
-2.76823
2.05707
0.468539
0.496736
4.63021
0.818265
1.53322
-2.85018
5.1494
-0.538962
-1.25945
1.23971
-0.020731
-2.91322
2.00016
-2.71174
5.6413
4.1276
0.183621
1.50113
-0.410834
0.513246
0.295876
0.0482633
-3.58507
-1.68145
-1.91369
-0.90529
-1.07044
-1.28796
-2.83275
1.14805
-2.44774
1.58075
3.87836
-2.86161
2.50789
4.19847
0.189213
4.59481
4.40054
-3.42932
-0.0054125
-1.83749
1.0752
2.54478
-1.83862
5.73027
-2.8056
3.49814
1.21045
3.31423
-0.607021
1.46992
-1.73085
0.752408
0.861939
4.95416
-4.69756
1.31251
-1.6367
-1.52762
2.22325
-1.7805
1.06201
2.11753
-0.420285
-0.436698
3.00088
2.15039
-2.24874
4.14753
4.64253
0.549369
1.42179
-2.37582
-0.103568
5.37342
1.79849
-2.65248
3.23217
-3.08261
0.701434
5.85257
1.34759
0.662283
1.26751
-0.86352
1.36732
-3.3982
1.02164
-0.631451
-0.227338
2.6414
1.8178
-0.399115
1.4071
1.25246
-1.38991
-0.8865
-2.30702
-1.92274
-1.60664
1.45123
-1.86732
3.33947
-0.466013
-1.35439
1.34013
2.94135
-2.59694
-0.469651
3.09127
2.06312
0.333955
-0.719908
-1.90619
1.17632
-4.00664
0.8855
2.9236
-1.14675
-1.95665
-1.40199
-1.17306
3.63763
-3.97276
-2.04975
1.34747
1.44813
2.23334
4.94447
3.34934
-0.963016
3.64859
1.04704
1.76444
2.73436
2.07077
1.30682
3.21086
-0.329023
2.17128
-1.53299
0.12136
1.47582
-1.02119
0.842087
-0.611318
1.74546
3.65271
2.16888
0.764208
1.10125
3.77533
-0.457762
-1.00316
-0.59622
-0.0288402
-1.04207
-5.8967
-3.11559
3.26743
3.26619
-1.76959
-1.24152
4.20959
3.25572
0.934259
-1.55276
-1.09586
2.78
0.167054
-0.166214
-1.93589
-1.84536
1.44002
-0.29203
-1.51296
1.05588
3.39453
-2.26719
0.667287
2.39251
2.25929
0.31009
2.44807
-1.02886
-0.738048
0.849782
-0.481232
-0.336775
-3.40375
0.777501
4.1688
-2.81399
-1.3492
1.85818
1.70564
3.84977
-0.906862
-2.62399
-5.59954
-0.198446
-2.6681
-1.64399
1.57951
1.63262
-1.33764
-2.83748
1.09655
0.315645
-0.758747
-2.17646
1.39066
0.394935
1.55867
3.01389
-5.1681
0.814489
-1.2924
0.990998
-6.50824
1.68357
3.40936
-0.405286
-0.241238
-0.279475
-0.542256
-6.07752
0.575422
-0.502338
-3.4639
2.54658
0.581199
-2.54461
-3.84053
1.65507
1.28318
-2.70458
-0.893974
0.162391
0.631996
1.47704
4.69695
0.383365
-0.509035
2.41009
1.6777
1.48114
-1.75171
3.1518
1.48911
3.2742
1.09002
-1.03637
-0.122931
1.73895
0.69419
1.98428
-1.80595
-0.597724
4.06431
-3.56673
3.21942
-2.17711
1.14061
0.595675
1.48259
0.00083933
2.98408
4.44398
3.36192
-0.761416
0.306947
1.07217
0.974793
-0.196276
-0.0586755
0.63879
1.19259
-1.59203
0.64057
3.79813
0.482577
1.29969
-7.56458
-1.08065
-3.06155
1.05917
-2.04668
1.18933
-0.680371
1.6193
0.0836229
0.69985
0.77509
0.129058
-3.39799
-0.82666
0.0615933
-2.21357
0.98502
-0.634947
-0.873203
0.884977
0.0135919
3.70029
1.53941
0.66481
-0.0404699
0.46238
2.31413
0.88745
-2.83628
-3.97183
0.285616
3.08207
1.95366
3.3754
2.70244
-1.36087
-0.83492
0.224033
4.82905
2.47753
-3.53292
2.42478
0.811858
2.56567
0.0816059
0.526566
-3.23964
1.0316
4.68838
-2.77952
1.2302
0.701345
-1.27192
-2.62784
0.339531
-1.12856
1.89978
0.829759
4.45301
1.34433
-0.711925
1.10923
1.4035
1.98464
-2.86834
-5.14421
-2.69074
-4.58585
-0.00261601
1.5872
3.75095
-2.7042
-1.63454
-1.96866
-1.99704
1.15678
5.11386
0.830467
-1.46323
3.41972
-2.32148
1.00204
-1.45632
3.76208
-4.64113
-1.57325
-1.24569
-5.36979
0.72372
-2.71875
1.33285
-0.757523
0.679718
0.18485
2.18908
4.81527
0.682897
-0.199561
1.89806
4.34536
-1.80361
2.73698
1.7877
2.77796
3.20679
-0.944743
0.935888
-0.183275
-1.17482
-0.846051
4.02273
0.817792
-1.31581
-1.26402
0.590148
1.89813
1.54335
0.0355693
0.050646
-0.982903
0.557952
2.33062
1.87621
4.6225
1.43806
1.36591
0.188754
-0.111724
1.50198
-2.10494
-1.1074
1.18502
-2.47938
-2.22007
3.01035
-2.41742
0.776447
1.87159
-0.0578745
-2.03592
-1.03734
1.92113
2.45494
3.83449
-0.922262
0.960931
0.715124
0.953438
-5.47504
-0.673974
0.738269
1.85191
-5.00255
1.66377
2.22006
2.27405
2.31554
2.53653
2.28053
-1.38095
-0.989412
-2.16333
-4.89267
1.06883
-0.743377
-3.68144
3.4643
-2.12264
-3.8909
2.1369
-1.65731
1.37663
-0.59163
0.394166
1.74076
1.9078
0.0959069
0.129481
3.60227
-1.09874
0.618017
-1.22185
-0.143393
0.107765
1.07857
2.4413
1.30224
-0.473278
0.240048
-2.30953
1.75587
4.17151
1.97514
0.736152
2.04546
-1.36521
-0.718025
1.33115
3.3354
5.13879
2.86783
1.55434
-2.12337
-1.01747
1.27531
2.26751
-0.937254
-0.123163
4.58241
0.316474
1.99362
0.345225
-4.00708
0.730807
0.460054
-1.86303
0.70987
-2.22329
-3.12905
1.29243
-0.398275
-2.36553
-1.83182
0.000367949
1.20844
1.19618
3.4159
0.955578
-5.29479
-0.205209
0.0454225
-0.612859
-3.79031
-2.82195
3.34651
5.66785
-1.31087
-1.34256
2.42561
-0.462914
0.982339
2.67888
-0.885701
3.7431
2.92422
0.800001
0.75205
1.08711
-1.10102
1.88664
-2.48043
-0.846385
-2.34632
0.255912
-0.0178221
1.25151
1.53646
4.11468
2.39997
-4.00516
1.13855
-3.21194
5.18228
3.33765
2.05609
1.08516
-0.135789
-1.0609
-6.03128
-2.27258
1.34105
-3.00367
2.2988
0.372634
1.98409
0.145705
-0.0424785
-1.12262
-0.46008
1.63582
-1.54273
2.09999
-3.40945
2.51817
5.31914
-2.96951
-2.53757
-0.344668
0.685984
3.08191
1.62767
5.17483
-2.05661
4.10118
-0.541041
2.35829
-0.110304
2.72562
4.04912
0.22213
0.0401487
2.72559
0.00860978
-2.10614
1.14917
-2.8588
3.05567
1.37795
0.0914929
-1.75356
1.67359
-7.54315
0.88963
1.53551
3.21365
-1.83539
-1.10628
-0.0207489
0.45033
3.70091
-2.79867
2.44575
2.69373
2.55288
2.93395
1.14206
2.45808
-1.89837
-1.91011
-1.72405
2.50668
1.25895
2.35851
-0.00338907
3.1558
-0.813239
3.52359
-0.748293
1.28705
-2.03042
1.15591
4.72258
4.6046
0.966355
-1.18196
-2.6403
0.801385
-3.76776
1.2169
-3.09771
-2.06483
1.15434
-0.401654
0.972289
1.08699
1.41977
0.347366
6.00812
0.501433
-2.04841
1.29269
-1.73994
-1.59605
-1.99092
2.34192
2.94461
2.21236
2.01138
2.68712
-0.715207
1.98815
3.33863
5.24285
1.59385
3.246
1.40647
-0.899175
0.518018
0.750712
-0.578476
-3.17553
2.96165
-0.448618
-2.05793
3.26027
2.07687
1.48043
-1.93784
0.631461
2.87832
3.13297
0.0895216
2.03705
-0.123917
1.66561
6.28168
0.569153
-0.585232
-5.33048
1.81612
1.78669
1.62234
-2.79715
-2.72026
4.57078
0.925805
-1.53055
1.07668
5.17622
0.854576
-0.372279
2.64106
-1.72137
-1.6448
1.05135
-1.92437
2.47347
3.42985
3.53037
-1.06517
-1.26431
3.13469
-3.048
-3.15488
-0.443739
-0.80142
-1.15264
-0.51032
-1.79584
2.91832
-1.71187
-1.29995
-1.48487
0.669005
-0.299995
2.9074
4.06455
-3.159
-1.21483
-0.9579
0.109564
3.33263
-0.559628
1.30139
3.61154
0.188383
-1.43169
2.09276
-0.0819713
1.9444
-0.510744
-0.434868
1.07054
3.76005
1.32169
2.06402
-3.4951
1.91018
4.76639
-2.47199
-1.03806
0.101274
2.91803
-2.1373
1.29509
0.282505
2.92201
-0.637762
0.834825
-3.37441
0.539642
-2.08147
-5.77936
0.300022
-5.4483
-0.917358
-0.35932
-3.37657
0.142969
0.444401
1.91696
3.84647
-1.62591
5.66366
0.114553
-2.67186
1.40701
0.910828
-3.14606
2.84482
1.75185
3.61935
3.49228
2.52449
-0.435227
-2.18843
-0.895007
-2.58788
5.73963
4.61042
2.89153
2.12524
1.5665
-1.65466
2.24743
-0.433941
0.0203246
0.857438
1.07537
-2.95834
0.666213
0.806484
-4.20366
-2.90467
1.81079
-2.64908
-0.626162
2.06965
-1.73811
-0.727729
1.59133
0.678132
-0.55705
0.364907
1.40676
3.42558
1.78788
1.37955
1.89855
3.74752
2.04165
1.11472
2.31162
1.44333
-1.2038
-1.05141
3.40051
3.40038
2.25873
-1.16064
3.98117
-1.22032
-0.106875
2.32898
3.61395
-1.95201
1.56513
0.98456
3.94955
6.81698
1.30208
1.47106
3.29001
-3.19602
-1.84644
-0.65465
0.214507
3.91597
-0.842804
0.664271
-2.99488
0.746111
2.09027
0.0160224
-0.620597
-0.819293
4.23611
1.72957
-2.86121
-0.514765
0.164971
1.98567
2.02118
2.25864
-0.109937
-1.72223
2.28535
-0.992904
-1.32821
3.12726
-0.983306
0.532521
6.03293
1.49481
-2.8458
-1.65589
1.33373
4.28424
0.0985381
1.98393
2.69833
2.42096
3.51459
2.59359
-0.837777
2.45229
0.825278
-0.336512
-0.612175
3.35556
0.675181
-0.961346
-2.59996
0.351153
2.13465
-2.73094
1.55896
4.28675
-1.43326
-4.93208
-0.00973153
2.23727
3.92117
5.59414
3.04694
0.408984
0.953236
-3.22484
1.8901
-2.62174
3.31704
0.556046
0.0652542
-2.89165
-1.13452
-1.28955
1.93375
-1.11549
-5.97185
1.35495
-0.175165
-0.646812
1.41794
-0.0948826
0.725743
-0.294104
-0.235642
0.709216
-1.14251
2.64251
2.48393
-1.07479
1.06141
0.180685
-1.38894
-0.421827
1.46229
2.15091
2.07127
2.75964
-0.858438
3.33523
-1.18861
-0.583855
-1.70389
-0.636793
1.55496
-0.10439
0.49321
-1.18424
-2.48692
-0.321172
-2.98223
-0.836929
-0.568176
-0.58237
1.15534
0.877992
-0.442373
-3.04398
0.398005
-1.63168
1.27498
5.36459
-3.03005
4.37297
1.87735
4.2738
-0.184261
3.07883
3.24666
1.74656
3.30126
1.224
2.71644
2.14231
1.27729
0.683344
2.20405
0.650316
-0.292582
0.0650539
4.38994
1.57194
-0.715716
-3.43525
1.00559
2.69936
0.154097
-0.629226
-0.105016
-1.24516
2.69598
0.820401
0.921605
2.93817
2.21594
4.16884
-2.11771
-1.53532
-1.6283
-0.967732
-2.49083
-0.22347
0.585799
-0.109927
-0.0478919
-0.26876
-1.88247
0.354511
-1.12475
1.41768
-1.93942
1.84101
1.66222
-0.0190321
1.06092
2.15331
-2.76102
2.14899
2.47912
2.41524
4.13712
-1.97086
2.26363
1.04175
-2.39987
2.92553
0.210923
-1.28014
-4.59459
1.71251
2.07623
-0.636459
-3.92506
-0.833683
-5.84506
-1.31805
-2.59688
0.0121137
-0.681988
-2.01939
5.40734
-0.144523
-3.39453
-0.691418
-1.14342
1.76939
4.32876
-3.60176
-0.987887
2.12095
1.46146
0.101219
0.0596446
2.53702
0.838299
1.23904
2.10816
3.24095
1.62499
0.909879
-2.81441
1.77866
2.2071
2.17463
0.492224
2.27163
1.0782
0.978105
3.90131
2.95603
4.14708
0.998231
1.94355
1.1716
5.11805
-0.27663
0.245808
-0.111495
-1.622
0.341783
-1.71308
-2.34502
0.577446
-1.98435
0.27736
5.68831
2.5918
2.37116
-3.46384
0.0681671
