0.546656
0.570931
0.482036
0.543036
0.393435
0.428515
0.438338
0.36505
0.198578
0.15602
0.215815
0.166357
0.265644
0.145974
0.138924
0.146198
0.124895
0.164366
0.133069
0.141654
-0.00826751
-0.0541398
-0.0711744
-0.136324
-0.16153
-0.080169
-0.167732
-0.15479
-0.165203
-0.122988
-0.179507
-0.126479
-0.0763116
-0.0198426
-0.0792882
-0.162319
-0.0848978
-0.025173
-0.0761765
-0.114679
-0.097884
-0.20083
-0.135879
-0.0569167
-0.0511871
-0.197911
-0.158395
-0.12509
-0.199659
-0.171942
-0.220915
0.01797
0.131067
-0.00771654
0.0387472
0.113573
0.0959743
0.138038
0.205854
0.399964
0.284014
0.358239
0.214105
0.00175098
0.00148283
-0.029043
-0.0291357
0.139545
0.118936
0.00255617
0.0767218
-0.0597249
-0.0132717
0.00486112
-0.047537
0.0281757
0.0865499
0.0224385
-0.066306
0.0839064
0.211724
0.1553
0.112552
0.0932778
0.00144353
-0.159854
0.0409143
-0.0852896
-0.18602
-0.0207758
-0.044256
-0.0559976
-0.116887
-0.117993
-0.159386
-0.315258
-0.313632
-0.291809
-0.315666
-0.220144
-0.199603
-0.0352974
-0.178595
-0.126495
-0.0095798
-0.0775761
-0.0427536
-0.169887
-0.212698
-0.281436
-0.239947
-0.0608347
-0.0764322
-0.034457
-0.0788483
-0.183187
-0.141285
-0.0111209
-0.0409313
-0.11283
-0.087026
-0.0954013
-0.0507017
-0.191634
-0.190293
-0.132917
-0.275982
-0.250509
-0.205741
-0.194247
-0.146691
-0.267962
-0.377481
-0.276598
-0.254204
-0.197505
-0.198925
-0.188254
-0.364809
-0.355925
-0.47545
-0.531545
-0.563161
-0.59029
-0.471793
-0.609691
-0.765903
-0.646559
-0.546877
-0.578534
-0.571642
-0.427738
-0.557455
-0.499798
-0.375922
-0.4338
-0.316873
-0.272618
-0.212968
-0.169112
-0.328416
-0.381278
-0.459514
-0.371152
-0.292365
-0.405872
-0.400098
-0.442459
-0.580572
-0.601262
-0.472857
-0.416966
-0.509037
-0.585244
-0.517601
-0.29169
-0.178583
-0.040699
0.0725723
0.0426431
-0.0442802
-0.0208939
0.0154032
0.0642128
0.277625
0.304415
0.294545
0.268003
0.255628
0.28424
0.241671
0.19725
0.262699
0.262553
0.340509
0.345084
0.356545
0.519966
0.61625
0.618237
0.649083
0.447306
0.396918
0.345228
0.223611
0.161349
0.145042
0.272927
0.297588
0.214085
0.177477
0.0693035
-0.0306163
0.00126655
0.217022
0.139209
0.178206
0.249198
0.190385
0.0890722
0.0998371
0.0857848
0.0502195
0.00579014
-0.104269
-0.0255278
-0.0565173
-0.0730626
-0.113691
-0.113301
-0.221328
-0.331619
-0.322656
-0.301809
-0.203417
-0.0487983
-0.1624
-0.323062
-0.40237
-0.475169
-0.458176
-0.448183
-0.506914
-0.510532
-0.635273
-0.72382
-0.642072
-0.619321
-0.706573
-0.895222
-0.887872
-0.72607
-0.602318
-0.570858
-0.658554
-0.719455
-0.621181
-0.591061
-0.638351
-0.433544
-0.429423
-0.483318
-0.392775
-0.269787
-0.266509
-0.311325
-0.376497
-0.612667
-0.695817
-0.639051
-0.476205
-0.484599
-0.409614
-0.461578
-0.407656
-0.427118
-0.29966
-0.234967
-0.145519
0.0560314
-0.00414151
0.108479
-0.0191484
-0.0438622
-0.208227
-0.254418
-0.281416
-0.293618
-0.372601
-0.471421
-0.382514
-0.496159
-0.274819
-0.364295
-0.325938
-0.221442
-0.272228
-0.394894
-0.333314
-0.375754
-0.437443
-0.382909
-0.36757
-0.318092
-0.263835
-0.308432
-0.3667
-0.409602
-0.236253
-0.27214
-0.178532
-0.238134
-0.0579825
0.0926226
0.0825226
0.0800865
0.119847
0.305361
0.360761
0.445371
0.363402
0.336148
0.146449
0.188723
0.25187
0.281341
0.240242
0.342597
0.202927
0.199247
0.192872
0.124762
0.0274045
0.222213
0.177795
-0.0183351
0.052225
0.159759
0.268097
0.413963
0.333393
0.311472
0.449818
0.393183
0.486306
0.40296
0.367836
0.464417
0.540221
0.637635
0.602425
0.566777
0.587909
0.452674
0.397403
0.481643
0.528478
0.452274
0.345527
0.413697
0.391693
0.343698
0.486868
0.419863
0.536714
0.483028
0.490137
0.566351
0.494099
0.478385
0.451285
0.473611
0.338186
0.524863
0.660629
0.619872
0.624791
0.528619
0.545955
0.614561
0.647301
0.579836
0.606495
0.656312
0.709126
0.684925
0.781434
0.76825
0.724082
0.745587
0.716792
0.655353
0.583787
0.546308
0.546558
0.440725
0.441778
0.379007
0.269092
0.303772
0.337565
0.533582
0.600733
0.611811
0.634926
0.752191
0.699374
0.771662
0.742858
0.721307
0.669615
0.666595
0.631788
0.706569
0.746601
0.841372
0.774348
0.724585
0.655423
0.656208
0.720448
0.67488
0.764691
0.674691
0.674968
0.620716
0.738364
0.789592
0.839589
0.868374
0.853395
0.890929
0.928229
0.980186
1.0508
0.947969
0.873369
0.840358
0.80921
0.738677
0.724331
0.798203
0.945989
0.919695
0.89563
0.982882
0.970894
1.03283
1.1119
1.06677
1.01212
0.892942
0.801438
0.793298
0.616192
0.617181
0.596561
0.596276
0.633261
0.705891
0.695689
0.584419
0.543079
0.583416
0.609199
0.661914
0.766987
0.63692
0.604142
0.530304
0.620845
0.605081
0.747154
0.653379
0.708253
0.827308
0.669216
0.464076
0.413197
0.332613
