1.37676
1.30451
1.41612
1.10863
1.02625
1.02177
0.937111
1.15009
1.13782
1.08499
1.17436
1.06418
1.25653
1.32
1.34954
1.25219
1.1481
1.0532
1.24352
1.26161
1.35041
1.2635
1.19694
1.10543
1.15937
0.987444
1.0377
1.02708
0.957591
0.995637
1.0341
0.921687
0.900109
0.724394
0.908264
0.853734
0.927287
0.861444
0.779233
0.838929
0.671661
0.74828
0.759388
0.892803
0.913153
0.824202
0.733854
0.659834
0.577034
0.590704
0.391236
0.290932
0.446554
0.450078
0.497595
0.544969
0.353787
0.13799
0.227539
0.195629
0.233542
0.34456
0.447863
0.395508
0.478703
0.459385
0.361063
0.316384
0.33504
0.388414
0.388479
0.163549
0.182145
0.348888
0.321432
0.469476
0.498816
0.62366
0.66971
0.701183
0.703556
0.588957
0.74933
0.682867
0.643824
0.624508
0.506698
0.502171
0.510646
0.554909
0.349965
0.277573
0.261552
0.5105
0.313786
0.304335
0.369199
0.513178
0.483628
0.332791
0.377324
0.355847
0.399474
0.410031
0.287194
0.208519
0.27485
0.392538
0.415159
0.34784
0.288284
0.420569
0.365607
0.269734
0.334171
0.161493
0.1877
0.346336
0.28194
0.0666436
0.0711229
0.168942
0.0841879
0.0688242
0.051014
0.0636581
0.11604
0.134749
0.17554
0.18419
0.413384
0.324989
0.309952
0.262899
0.336083
0.441452
0.456505
0.314704
0.300671
0.320139
0.265464
0.258561
0.130278
0.23954
0.242529
0.22155
0.0650913
-0.0396055
-0.14779
-0.148975
-0.150816
-0.133351
-0.104588
-0.0268393
-0.114525
-0.0581205
0.0171223
-0.169091
-0.200431
-0.14759
-0.0886783
-0.0461015
-0.105327
0.00661715
-0.0140013
-0.075835
0.0150552
-0.108471
0.110296
-0.0376257
0.0399944
0.120071
0.0896204
-0.0713352
-0.217662
-0.155106
-0.143306
-0.03444
0.132456
0.28318
0.215804
0.1093
0.152891
0.176997
0.278428
0.0807689
0.0446041
0.0937391
0.186343
0.0976791
-0.0898115
-0.160142
-0.147457
-0.0564651
0.0634664
0.149409
0.261374
0.250242
0.328352
0.336552
0.385568
0.353104
0.419711
0.352587
0.205651
0.198577
0.327122
0.259055
0.102792
0.0644572
0.119803
0.148734
0.17515
0.0540386
0.0707299
0.0692433
-0.0611386
-0.0564994
-0.037944
-0.00652166
-0.145526
0.0963887
0.162044
0.213924
0.281189
0.148098
0.141554
0.278672
0.405261
0.440856
0.337847
0.372848
0.309859
0.427694
0.557775
0.56459
0.693387
0.577043
0.771783
0.850537
0.815845
0.807708
0.886221
0.82733
0.897619
0.874469
0.815573
0.85942
0.791725
0.686614
0.713205
0.609741
0.70274
0.554044
0.662375
0.578464
0.603199
0.507147
0.470226
0.351337
0.358264
0.492809
0.480746
0.549692
0.609055
0.579889
0.706279
0.776561
0.721743
0.656724
0.581493
0.536548
0.543564
0.711526
0.808464
0.696531
0.518836
0.602708
0.615439
0.712939
0.76669
0.840761
0.681684
0.653002
0.548006
0.468765
0.541687
0.517352
0.441617
0.46299
0.426367
0.350782
0.276118
0.403481
0.387051
0.324232
0.227332
-0.0499417
0.0699251
0.00072643
-0.0776834
0.0190364
0.109761
0.0531156
-0.0102206
-0.0393319
0.120472
-0.0236011
0.134455
0.241953
0.315127
0.206356
0.151235
0.244628
0.287516
0.273937
0.175359
0.198447
0.214667
0.133907
0.0544872
0.0530243
0.1993
0.26616
0.331933
0.397946
0.245062
0.25613
0.429414
0.275186
0.431586
0.424643
0.407217
0.547574
0.590574
0.498765
0.587083
0.740166
0.792783
0.833582
0.90069
1.00682
0.996356
1.04149
1.1465
1.15424
1.05083
1.25571
1.33196
1.31755
1.29332
1.31496
1.28511
1.30888
1.20843
1.38219
1.30516
1.40346
1.43349
1.50916
1.43054
1.41478
1.52955
1.71619
1.68849
1.75867
1.72477
1.57384
1.51097
1.52137
1.39383
1.34595
1.42159
1.26831
1.0887
1.24363
1.34836
1.30082
1.34831
1.35078
