-3.17057
0.209926
0.749692
1.11343
-1.44461
2.92803
-4.02019
2.76331
0.2589
0.305102
-0.843241
2.96369
0.824737
0.14589
-1.80727
1.35705
2.07963
-0.916383
0.509458
2.40403
-1.53992
-0.243887
-0.39526
2.61695
2.69202
1.69325
2.01346
-1.17532
-0.460952
-3.22488
0.00900653
-0.209782
-1.13388
-1.80307
-0.0948301
-0.301689
1.20235
-0.441456
-0.502199
-1.14021
-1.63724
2.62692
1.57357
0.712157
1.69475
-0.774421
3.10439
-0.681784
1.23599
1.36067
0.98535
1.64712
0.678519
-0.935444
-0.174892
1.4577
1.07083
-0.629087
-0.167352
0.716502
2.80007
0.190094
-1.66239
-0.122712
-0.358866
-1.1023
2.48657
0.288037
0.984724
1.42212
0.7782
-0.780016
3.92622
0.366672
-1.07539
1.22644
-1.05448
-2.15628
1.493
-2.15467
1.69791
1.82818
-0.105241
-2.15509
-0.98374
3.21635
0.69718
1.25886
1.01752
-1.73549
2.18855
0.602731
-1.48954
-0.518144
-1.76245
1.45783
2.3832
1.04531
2.60962
1.19512
1.36507
1.05097
1.94299
-3.19428
1.77492
-2.4552
0.499824
0.375074
2.35824
0.497762
0.784446
2.24194
0.577367
-2.63207
-1.14537
-0.0665474
0.172633
3.64339
2.59586
-3.85758
2.72561
1.28309
0.301524
1.93133
0.869423
-0.136143
1.88915
-1.0526
-0.507906
0.185731
1.98636
-0.0709163
1.37639
2.70487
-1.02029
0.271588
-1.54151
-0.523595
0.0866646
2.48377
0.0354778
1.14744
-1.98947
-0.61362
-2.19603
2.11277
0.821807
2.14281
1.01282
0.0862189
-2.60911
-1.23997
-1.03847
-4.59761
2.97544
1.09087
-0.038994
1.29928
3.1141
3.25353
1.97651
-2.82405
-3.23789
-1.12827
3.08163
4.09999
1.75842
-3.48858
2.26165
1.97985
1.65085
-0.625976
2.36532
5.13711
1.7522
1.39355
-0.952314
-0.831987
-0.767474
0.661956
3.91084
-0.661526
-0.192999
-2.06636
1.41653
1.90868
2.05427
2.73921
1.55797
0.881002
-0.745303
-0.322104
-0.18441
-1.10206
-2.12724
2.05891
2.06154
-1.90816
0.392626
-1.17595
3.38697
2.1806
3.21328
1.60517
0.960934
2.43794
3.01998
-0.567442
1.56371
-0.0926546
2.88574
-0.890002
0.235742
2.9637
1.59043
3.37329
0.39445
2.47115
-0.723743
-1.961
0.506236
-0.538214
-0.615255
-0.548793
0.591082
1.27968
-2.4424
0.459102
1.8985
0.219207
-3.28293
1.27983
0.390675
1.02634
0.388353
-0.952352
0.559028
2.50498
0.912687
3.56889
0.9456
0.393274
1.67966
-1.57811
2.23047
-0.182328
2.16759
1.76442
0.612006
1.80408
-1.4191
2.78887
0.501686
0.133763
2.65032
1.77779
-2.82107
-1.43115
1.24688
-3.01208
-1.46179
2.25975
-1.75722
0.669994
-4.04425
-0.444634
1.23919
-1.86883
-1.70266
0.212726
2.34505
2.17079
0.771898
-0.208101
0.488243
1.18589
-0.227905
-1.59511
-0.14755
1.747
1.34076
-2.00342
0.967012
-0.817504
1.12886
-0.796117
2.83282
-1.57094
-1.20623
2.97084
0.940651
0.937692
2.22798
2.3854
-1.49822
-2.91971
0.664482
3.29517
-0.194413
0.248198
0.920458
3.09992
0.868051
1.0591
-0.51771
4.30956
1.07069
2.28392
0.761757
1.08042
1.89767
2.79145
-0.225765
1.19297
-0.566083
0.736042
0.784398
-2.52227
1.10869
-0.096126
-0.0371897
-1.71624
2.76193
-0.156592
-2.7738
1.42035
2.20431
-0.444578
1.28764
0.661739
0.00188084
-0.929939
1.846
2.16924
2.75495
-0.153019
3.47458
-0.0539534
-1.93356
-3.3892
0.781853
1.3243
-0.11902
-0.267211
-5.01031
0.82334
3.12098
1.15112
2.74878
0.414484
-0.912562
1.73121
-0.958452
1.90824
1.7355
-1.99518
-3.62927
-3.61178
0.0166749
0.698328
1.04314
-0.699742
0.017338
-0.111153
0.826746
0.0763924
0.0452475
1.68947
2.31197
0.673409
-1.19722
1.79491
-0.53702
0.656235
1.22747
1.0424
1.26299
-1.12659
0.442715
0.296948
0.679095
-0.443112
-0.800267
1.52681
1.03446
-1.41203
-0.27963
-0.156116
1.09235
-2.31967
-0.639602
0.93401
2.80421
1.2045
1.31753
2.18056
-0.806279
-0.780564
0.123687
-0.0521934
-0.0427008
0.191079
1.17263
1.80576
-2.49243
1.53124
1.5302
-0.232373
-3.26427
-3.53537
0.973148
3.75086
-0.999419
1.4145
-1.08541
-1.51008
0.489574
2.93565
1.20031
-2.1862
0.316387
1.39116
-0.646386
-3.42868
-1.14234
-1.21563
1.38517
-1.32345
1.82033
2.57751
1.18119
1.35097
4.23824
2.47232
0.939447
0.766191
2.95424
-1.03158
2.11434
-1.17871
2.33176
-1.68738
-2.44302
-1.11374
-2.65163
-0.863751
2.6363
2.92034
0.102108
-0.969356
-0.173932
0.199646
0.305668
-2.10969
-0.275482
-0.626924
0.392714
0.622265
-1.28693
-4.34377
-1.76417
0.165157
2.58405
1.04359
-0.325483
-1.44625
-0.389562
0.824688
-2.51144
-0.460934
-1.15276
0.975425
0.900642
2.32631
-0.858488
-1.55496
-0.640277
3.04695
-0.147651
0.820099
1.14498
2.57505
0.532977
0.407778
0.305099
1.29318
-0.473303
1.0261
0.375608
-1.79918
-1.50418
0.520058
1.33911
-2.36019
-0.316744
-0.330523
-0.352123
-1.40363
0.0328462
2.69594
0.397427
-1.9095
-0.758747
0.121929
-1.28502
0.335723
2.38494
-1.5397
0.912955
-0.496655
2.71296
-0.712949
3.65481
3.19649
2.9886
2.37709
2.01956
2.79063
1.73498
-2.21755
-2.74252
-0.795837
-0.5615
0.38563
-2.19621
0.766358
0.635109
0.857029
-1.075
3.55632
0.326088
0.439422
0.681897
2.60347
-1.9239
1.13098
2.76363
0.99832
0.952428
2.91687
0.424945
2.1617
2.61552
2.81824
3.22829
-0.0763631
3.80462
-0.443976
0.975704
0.613771
-1.72102
1.67138
-2.77392
0.533122
-0.927562
1.07317
1.32347
1.27646
0.235321
-0.727912
0.0305107
-1.02592
-1.20808
-2.66316
1.73326
4.58979
1.74767
-2.55483
-0.915891
2.11817
0.570782
-1.62922
0.0237409
-0.279226
1.10463
1.89802
1.80094
2.3468
0.832299
-1.94058
-3.28102
3.24903
1.38249
0.957063
1.24907
2.59508
1.59094
-0.95862
-1.31374
-1.1394
2.23159
-1.19499
-0.676519
-1.96811
0.207549
3.19694
-0.0426115
0.6143
1.40239
-0.227483
1.8445
0.993551
-0.203365
1.86909
-0.397301
1.78683
1.16989
-0.155406
0.4492
3.11969
0.107647
2.40006
0.615728
0.773429
-1.1545
2.22354
2.19714
1.20251
0.489292
-0.0887955
4.37717
1.48378
2.13281
-0.293012
0.355938
1.64196
-0.506891
1.16179
1.97767
-1.37565
3.45875
-1.35276
-0.33695
0.0515184
1.83384
-1.72608
0.60657
0.394965
0.128988
-0.518874
-0.402633
2.21343
3.59703
1.74783
-1.55345
0.97536
-1.33758
0.542966
0.310718
0.98456
-2.91639
2.44608
-0.635184
-0.625748
3.28039
2.08863
-0.734951
1.10023
0.0596562
1.7012
-0.348897
1.67604
2.14748
3.902
-2.65779
-2.54731
-0.0219848
-0.88321
2.59423
0.22439
1.42428
1.86141
1.11838
-2.09107
0.929155
-0.706639
1.46848
-3.46363
1.77282
0.167402
-2.81217
1.01395
2.84723
1.32846
3.36906
-1.61182
-1.41921
0.968044
4.15336
-2.29848
3.68239
1.14356
-2.7911
0.312962
2.58866
1.56202
1.24053
2.15467
0.541191
1.94918
0.0904648
3.55567
2.54098
0.766997
-0.452024
2.53777
0.101529
-4.58237
4.6289
-0.884546
1.89638
0.16672
0.855033
-1.0587
-0.586604
1.74873
1.28632
1.99054
-0.118595
3.08813
1.18927
-4.26388
0.620121
-0.684827
2.38956
3.24564
1.90967
1.12615
-1.1329
4.36764
2.14654
3.13192
-3.27987
2.23287
-1.29914
-1.14524
-0.922749
-0.101659
0.266306
1.34595
0.716834
1.29898
-0.928177
1.95952
0.0707667
-4.64827
-1.15318
-0.141585
-0.275135
-1.80999
-1.2305
1.36419
-2.61276
1.98543
1.20616
0.73707
0.461868
0.243018
1.35093
1.62732
-1.48713
-1.186
1.19619
1.13384
0.0642489
0.107306
0.549925
1.81446
3.40248
1.46225
-0.468563
-0.551572
0.262757
0.122286
0.141349
-1.54139
-1.47751
0.860045
3.07044
1.33528
-2.16787
0.704558
-0.306717
0.389377
1.83969
-1.66
-3.91242
1.21076
3.39038
0.310428
1.94113
-0.439473
3.56039
1.19935
0.665489
0.0374078
-1.10118
0.934047
0.947828
-0.73075
0.811508
-0.385348
2.24802
-1.59007
1.40774
-0.655421
1.2841
-1.68373
-1.17586
1.16822
2.64245
0.297227
2.5044
2.71274
1.7807
0.31472
-1.26528
-1.43572
3.80241
1.66048
-1.21012
0.362888
-0.882943
-3.15371
1.81426
2.58658
0.193129
0.370947
0.719863
1.81807
1.66537
0.32223
1.21332
1.60129
0.0621253
2.53772
1.71534
1.37393
0.9173
0.546102
0.350617
1.99638
-3.2964
1.05573
0.586313
2.38783
1.27428
3.36361
-1.33608
0.30112
1.50912
1.16739
-0.111362
0.607861
0.113028
1.23364
0.917875
3.12815
0.133657
2.97942
1.71713
0.170496
-4.38044
-1.42053
-0.222446
1.74068
1.67119
-0.0739517
0.186699
-0.350421
-1.33854
0.40729
0.648843
0.489751
0.479397
4.1225
2.83287
-1.50565
3.77965
2.11883
2.40719
0.87354
-0.442559
-2.23063
0.725313
0.440224
1.06432
-0.877012
2.25976
0.615913
1.11578
2.10444
1.1946
1.54504
2.30359
-0.99807
3.33256
1.11839
-0.418402
3.16411
0.7281
-2.25684
0.152656
2.42607
1.06521
1.46312
2.05105
-3.33491
-1.40438
-1.30922
0.953786
1.72983
0.218231
-2.22782
-1.001
2.07917
2.30043
-1.75251
1.23325
-1.84452
3.81278
1.89549
-3.94257
0.416538
4.25281
2.2316
0.279939
-0.438001
1.86753
-1.80026
0.174137
-0.101305
0.505586
0.702239
-0.43658
0.80546
3.14436
1.79514
1.20686
-1.49372
-2.12648
0.986798
-1.62756
-0.587794
-2.23166
-4.19401
4.3626
2.71302
4.49058
-0.57557
3.32377
0.166706
0.724696
1.68785
-1.57891
1.46027
-1.35577
0.204202
1.83013
-0.395376
2.47093
2.09822
-0.00208842
2.23289
-2.25233
-4.90131
0.495114
-2.59391
0.392866
-1.60196
-0.412002
0.539038
-0.252682
-1.77475
-0.0497564
2.58529
2.04354
-1.07373
1.78544
0.605744
2.48598
2.02337
-2.57439
-2.31532
0.653963
1.56691
0.376405
0.513706
1.09561
-1.58649
2.29934
2.72892
0.201875
1.47037
0.832817
-0.915923
2.08939
-0.241377
-0.411984
0.981322
-3.45449
0.542109
0.431884
-0.827197
-1.23606
-1.21003
-1.74433
-1.19829
-1.84242
-2.04399
-0.211634
1.08295
-0.755814
1.81381
2.51584
1.45125
-3.24802
-1.53365
2.20122
-1.72872
2.26914
-0.286131
0.281666
3.90963
-0.545072
0.381066
-0.751509
0.429365
-1.35201
0.375708
-0.496136
-1.21818
2.92269
0.16584
2.56927
1.25385
-0.994158
1.13806
1.25178
-1.25789
1.01489
-0.383431
-0.872494
-0.691731
-1.09865
-1.99743
2.11467
2.69019
1.31975
0.309659
0.271144
2.68333
-2.74167
2.97317
0.228091
1.34671
3.95578
1.25802
-0.213559
-1.18369
0.614843
3.25596
0.213511
-1.82341
-2.91377
-0.639253
-0.350207
0.48788
0.22327
1.14609
-1.4444
-0.777414
0.615685
-0.773633
-0.209928
1.06036
-2.18899
-0.292435
0.710847
-0.0908499
1.06759
-2.36042
-0.240913
-0.535115
0.299538
-0.13051
0.0480849
-0.0231099
3.05832
1.48812
3.08392
-1.7757
1.17161
-0.606286
-0.084255
-1.96047
-1.92616
-1.3017
5.12987
3.2736
-1.51167
0.560771
-0.722194
0.29783
-1.13763
-0.876744
-0.366557
2.68437
-0.188368
2.06259
0.958585
-0.914208
1.49678
0.252508
-2.59969
0.0355073
1.13723
1.92041
1.92005
-2.53746
-0.302528
1.13948
2.3223
-2.23971
-0.83353
0.394578
1.01659
-2.13487
1.35664
-0.77411
-2.58533
-2.11029
-1.02017
0.249584
0.67776
0.414941
-2.0235
1.83317
0.84623
0.944095
2.52213
1.72925
-0.194005
-3.93679
0.982504
-0.733242
3.39804
1.14992
2.1913
-0.444011
-4.23514
-3.45031
0.555193
0.617399
-1.93857
-2.22154
1.16957
-1.50479
1.03992
0.891004
2.02753
0.925277
0.823233
3.25202
-0.535217
1.10701
-0.107377
2.39764
0.0265956
3.08347
-5.01069
2.77919
1.05281
1.22155
0.610052
-1.22042
1.2055
0.595616
2.65525
1.67616
-1.26325
0.395822
0.721575
-2.4272
2.42247
0.808335
3.35212
3.25759
2.42565
-0.624161
0.878447
-2.22899
-2.6607
-0.015804
-1.28794
0.158748
-0.43081
0.115031
1.4801
0.626771
0.37943
-1.28203
1.56936
-3.17394
-1.53588
3.17348
1.10067
0.794154
1.36048
1.47054
2.51298
-1.1878
-0.063362
1.03046
0.282111
-5.51348
-1.38907
-2.56437
-0.485092
-1.1257
-2.39683
1.71743
-0.883117
0.49448
0.126414
2.17526
1.10293
-1.68024
-1.97292
1.06146
0.483932
-0.290559
1.57557
2.00761
-1.30161
0.505403
-1.28167
-1.35054
-2.58678
0.736039
-0.686355
0.403729
2.25658
1.70236
0.895881
2.2631
0.158503
-1.65554
1.6721
0.434459
1.86301
-0.0883445
0.83426
-4.0269
-1.14954
0.812751
2.43043
0.685738
0.224967
1.11906
1.69765
1.28827
-0.346308
0.814154
4.68474
4.07132
4.44331
3.53877
1.60326
3.03722
0.133125
1.54855
1.47323
3.06911
0.448294
-0.0331651
2.46979
1.69854
-3.48326
2.30929
0.692805
2.74351
0.753479
1.82197
1.58332
0.982127
1.66734
0.208723
-1.15876
2.4374
1.59878
1.39607
-2.37196
0.653909
-1.73179
0.590548
1.00199
-1.09008
4.18807
2.34702
-0.461654
1.14401
1.76123
-1.27888
0.00763994
-1.94163
0.989481
-1.58144
-0.270677
-0.142878
0.790101
2.20829
0.871516
0.528185
-0.692438
1.66912
-1.09612
1.30227
-0.786609
0.789093
0.29715
-1.16549
1.63462
2.75581
-0.169474
1.60831
1.03091
-0.295353
-1.49764
1.29178
0.211848
-0.725941
0.593512
-2.42129
2.8701
-0.0428887
0.112106
-0.012812
-2.11886
1.35545
0.615524
2.10063
1.46866
2.05999
0.692167
-2.51537
-1.19392
1.62531
0.721633
2.25927
0.641535
3.38224
-1.01568
2.84776
-1.62296
3.36062
-0.926512
-0.223825
-0.524294
-0.263416
2.20777
1.30566
-1.25594
1.76721
-4.02223
1.4193
1.19174
-0.274099
-3.03158
0.93247
-3.28777
2.48004
1.06438
-0.47181
2.05215
2.14968
-1.65378
-1.73314
-2.18951
-1.25944
3.70208
0.728278
-0.580103
3.07348
1.78295
-0.95579
-2.83884
2.06172
-0.245851
1.13996
0.211297
-0.376482
1.41261
-0.741975
2.8384
0.274298
0.864916
0.614693
-2.85106
0.925754
2.42537
1.40328
0.785942
1.70607
-1.63623
1.63974
2.15934
-1.17518
-1.9221
-2.12632
-0.191786
-2.02625
2.27023
0.161679
-0.312179
1.87157
0.320143
-1.01059
-4.1655
1.59055
0.827045
2.83631
-0.434816
3.25582
1.77001
0.635855
-0.246723
1.40623
0.571559
1.62152
0.885438
0.863574
1.35839
-3.52936
0.979275
1.50904
-0.337073
-0.61214
-3.19536
0.704594
3.9874
-1.47153
-0.880422
-1.88855
1.27203
2.42731
2.72332
-2.5
3.85769
3.62044
1.36296
0.613054
1.21773
0.202088
-0.577468
1.40895
0.150578
-1.44209
3.29796
2.05449
1.87363
0.0245538
-1.51505
0.225523
2.53245
-2.80518
-0.392012
-0.924715
-2.39578
1.9064
-1.13328
-0.999453
0.806581
2.76111
-2.082
0.685403
1.59623
1.5572
-2.41319
2.8926
2.42035
0.216481
0.782074
3.0246
-2.27883
0.802407
1.60601
-0.43781
2.2395
2.18805
0.956951
-1.76335
0.0872431
0.0551348
-5.15426
2.15908
-3.94002
0.347453
0.431572
2.57716
2.50915
-1.03069
-2.18035
-0.180333
-0.788141
-0.202069
-1.04892
2.80035
-0.56184
0.205955
-3.10291
0.977942
-3.17411
1.96855
-1.74861
1.50847
2.81094
3.14627
-0.575167
4.75573
0.211902
0.46153
2.89764
1.43419
2.15735
0.561623
1.58684
3.00634
-0.796221
2.78896
0.10936
-1.68013
1.05558
-0.0136882
3.61713
-0.310029
2.49497
-1.34348
3.9217
0.718909
2.0797
1.25362
1.56596
3.15078
2.32842
1.00584
-1.04523
4.4509
-1.34054
1.41161
-0.465115
2.12004
-2.0495
-0.829047
0.777796
-1.95978
0.895098
2.12979
1.8238
3.28321
0.634847
0.737346
2.14946
-0.455932
0.528753
1.12023
0.453763
1.77713
2.80044
-0.187149
1.53117
-1.97765
0.662939
-0.236459
-1.26277
0.843887
0.52797
1.90793
-0.0622314
1.4209
0.908596
2.54781
-1.14845
-0.916035
-0.580841
-1.06393
-1.46377
3.03988
-0.0798993
-2.89715
-0.546421
-1.34497
0.79324
-0.732162
0.75287
1.20343
0.599283
1.54785
-0.683052
2.1848
0.883728
0.173247
-2.7945
1.24644
1.77848
-1.44887
2.59926
-1.36614
1.76259
2.08071
1.15688
1.69854
-0.645252
1.5688
1.55885
-0.565196
-0.911236
2.46833
0.339545
-1.27271
2.74775
-0.765453
-0.383528
-3.2095
1.34315
-1.53883
3.55538
-1.22961
-3.10771
1.27109
2.74235
-2.38691
2.7127
-3.97141
1.27884
1.93621
1.27335
-2.50275
3.21236
2.2977
2.37149
0.493486
2.30741
-0.263616
2.1995
-1.29458
-2.51163
1.27864
4.21511
-2.45244
-1.98517
2.1186
1.10457
-1.2511
2.20938
1.64747
2.17935
-3.59582
0.38076
0.0462775
0.702861
-0.572139
1.22068
-2.17458
0.647724
2.00931
-0.288775
1.48063
-2.14606
0.850553
-0.607112
-3.35287
1.11609
2.64479
-3.69173
-1.53198
-0.456036
2.50064
1.82642
-0.295501
-1.73831
2.78171
1.77816
1.66901
2.79935
3.30133
2.57169
1.88834
2.66091
-1.16821
4.56558
0.503154
-3.15318
-0.934812
-0.553635
-1.74858
1.86817
-0.330601
1.92361
-1.66006
0.869092
1.94886
1.90965
0.175076
0.82537
1.97593
0.854014
-1.06863
-0.487888
2.15816
2.0077
0.883965
2.23161
3.43466
-0.570743
-0.286649
0.272055
1.12156
1.79578
-3.16569
-0.145128
1.09873
-1.9899
-2.16643
0.150015
0.343424
2.08235
-0.525353
0.468632
-0.184796
0.888637
0.984045
2.20604
-2.30678
-0.502151
0.837265
1.44598
0.401351
3.41095
-3.14706
-0.539204
-3.15562
-1.8269
2.03163
2.97461
1.37528
0.721505
2.58232
-1.28247
1.60015
0.0632839
2.93282
1.30089
-0.104196
-0.0514113
3.78571
2.28957
1.09043
1.73923
-0.757518
-0.345678
1.20303
-0.841903
-0.208433
1.61735
0.856618
2.28812
1.67654
2.04979
-0.741489
0.947531
2.23294
2.31945
-0.187835
-0.461876
2.3173
0.205151
-0.519029
-1.65879
1.07052
0.306933
1.82649
3.57677
2.58914
-0.744501
3.05682
-1.62405
-1.57365
3.51456
0.104013
2.4517
1.17331
1.49271
1.75183
0.50617
-1.31043
1.07216
3.13374
0.949588
0.675783
0.258368
1.03431
1.98209
-0.088396
-3.03096
1.74544
1.85467
0.351303
1.68324
-1.33764
-2.44637
-0.64015
-2.75973
1.3772
1.10585
0.429075
2.10937
1.1638
-1.15267
1.84345
2.33713
-3.98907
1.90011
2.27592
-0.30049
-0.33946
1.02525
2.81107
1.37329
0.366322
-1.16647
-1.28331
2.48913
0.501439
0.0689006
0.867879
-2.89652
2.09192
-0.108851
0.0399451
-2.33182
-2.65019
0.192641
0.0388185
0.028611
0.672262
-2.381
-2.36272
-0.730824
-1.7118
0.96478
0.375375
-1.8896
0.234541
-1.59614
0.51534
2.74931
2.16697
0.908163
1.13573
-4.89619
0.756361
-1.03847
0.646812
0.425749
1.75227
-0.765401
2.51916
-0.475176
2.01533
1.99619
-0.692451
2.7266
2.51282
1.32234
1.05047
1.74431
-0.492208
1.30453
0.38478
2.07853
-3.96639
2.61417
0.68036
-0.931833
2.1183
3.26545
-1.79656
2.05313
-1.57419
1.90273
0.363214
-2.17348
1.00654
-2.66873
3.02481
1.60147
3.26832
-1.47176
0.62367
0.601639
-2.68958
1.0831
0.879786
-0.630403
0.319286
-1.39682
0.954807
-1.19384
1.00183
0.88501
-0.465577
1.25294
0.617853
3.47376
-3.91228
1.45244
-0.493321
-1.4275
3.13168
0.0342879
1.01744
-1.87884
-1.10474
2.24569
-0.50216
2.82167
2.15892
-0.125928
-3.44253
-3.98601
1.49047
-0.90359
-0.0149708
2.44797
-0.557075
-1.23819
-2.56159
2.20154
0.804719
3.20724
4.35199
-1.93536
-4.17874
-0.84584
0.139422
-0.509823
4.45176
1.63799
1.14329
-1.83592
-1.51667
2.61542
0.925756
0.256104
1.76497
-0.986146
-5.27496
0.445774
0.695829
2.37239
2.77058
2.04052
1.53474
3.00082
2.21535
-0.472854
1.06384
-0.0737519
0.815189
0.474354
0.530276
-0.490523
-2.22959
0.21217
0.505757
2.74579
-1.70991
1.49171
-1.56184
0.215718
0.442623
1.99346
3.29804
-0.955485
0.244156
-0.578614
0.933608
3.10767
2.09454
1.87362
1.19408
1.59189
1.51135
0.381377
2.87499
0.0754629
1.26873
0.5439
1.201
-1.99623
-2.49096
1.60403
-2.06662
-0.460673
2.56283
0.261967
-3.38269
-0.807168
-0.137762
1.16029
-2.30027
-0.691719
1.08233
-0.801149
0.834451
0.908014
0.420527
0.487836
-0.0590462
1.88187
1.76856
-1.70895
2.44205
-2.06412
1.84269
1.17801
-1.0272
0.34726
0.814163
-0.0518074
2.14178
1.15418
2.0217
-3.42026
0.554618
0.0493307
0.674451
1.51629
-0.0975639
-2.91608
2.14267
-0.444256
0.210227
0.125088
0.127662
-0.125646
-1.43074
1.75418
-1.25708
-0.0340953
-2.32462
1.34851
-4.75159
1.60713
-0.261509
-3.05177
0.0149056
1.79801
1.02735
-1.60966
1.57155
-3.18429
2.63619
-0.214287
-1.15609
-2.33258
1.80507
1.84038
-1.99146
0.59377
-1.58186
3.9092
-0.209768
-1.73272
1.8564
1.00303
-2.32204
1.31929
1.38033
-1.39342
0.456191
-0.715421
0.619968
-1.38096
-0.992677
1.47133
0.691584
-0.0682974
-1.61837
2.48807
2.88196
-1.05324
0.516679
-2.01329
0.195648
2.30645
0.169783
2.84419
-0.766166
-0.0691913
-2.36907
-1.73175
0.981768
2.40522
2.84062
-1.03151
-0.69362
3.17461
0.649158
3.23825
-1.65814
2.54325
0.404555
-2.85947
-0.15459
2.1731
2.00719
0.541156
0.0863716
-5.44429
2.30977
0.525495
2.06166
-0.751568
1.97849
-2.05391
0.0723336
1.16903
1.22932
3.06326
-1.24638
-0.657193
0.548829
1.25441
-0.144755
3.88158
1.66882
4.42912
0.23336
0.299826
0.994416
2.25766
0.609444
0.910606
1.05468
1.8689
0.208151
-2.20628
1.78218
1.60476
-2.72823
0.182763
2.06256
-0.684475
-0.99625
0.941671
0.566439
-0.617963
1.65067
2.24116
-0.507927
1.51741
0.476018
0.504047
1.51841
1.46992
1.32809
-0.289008
-0.284934
0.447638
2.4387
2.76168
-0.399217
1.47388
-1.36588
0.198707
-1.46548
0.793108
-1.50939
-0.357307
2.24329
3.11174
2.87294
-0.486227
2.45686
1.66623
0.820081
2.06728
2.40402
1.25549
0.664728
-0.733405
1.75999
2.09598
2.91067
2.92175
-0.27251
-4.20238
-1.02821
0.033973
3.76277
1.64295
0.593058
3.00211
-0.825411
-0.3395
-0.29404
1.47423
-2.98483
2.67469
3.53684
-0.268081
-1.86881
-0.753607
-2.79856
0.814095
1.69442
0.0920584
1.89428
2.53254
1.14663
-1.08665
3.49709
-3.67385
0.0874646
1.12325
-0.547418
1.63974
1.64818
-1.72973
3.19682
0.852855
-2.21984
1.86692
4.13531
2.6122
-0.721574
0.0724467
2.45269
2.31545
0.413369
-0.385324
1.6207
0.612355
0.998908
1.52852
-1.10243
3.7477
3.68723
-1.26815
-0.442905
-0.245618
-0.913981
-0.0201456
-0.686341
0.308733
-5.18702
3.50307
1.35153
-1.09513
3.2521
-0.985131
0.0774573
0.603079
-0.672793
-1.67384
-0.849568
3.45069
-0.646239
2.38431
-0.413712
-0.289038
-1.7373
-3.25798
-0.646173
-0.479134
-0.539381
-0.0674897
0.236708
-1.72075
-1.48501
0.748037
1.0758
-0.393284
1.24374
3.37963
0.298558
-0.0863244
1.19777
0.285608
1.65492
3.853
0.538846
-0.199239
-0.71825
0.0732137
3.21714
0.38973
-2.79845
-2.40017
1.72259
0.162246
3.57639
0.308225
-0.427575
-0.192286
0.625444
2.4482
-1.45071
1.21115
1.88291
-0.939691
0.377721
-1.57794
0.492899
0.670885
-1.45763
1.48113
1.92376
-3.27817
1.65096
0.770445
-2.89813
0.622063
0.511094
1.09792
0.247316
0.0815138
-1.91409
0.832587
1.99492
1.15303
1.85123
-1.47063
2.29566
2.23776
1.65457
-0.975972
-1.27345
-1.88438
-0.705278
0.535007
0.425638
1.32572
2.66092
1.89475
-2.04102
-1.26223
0.698926
0.296846
-1.26921
-1.47613
0.268697
0.224746
-1.56798
1.95352
0.960969
-0.0473113
-1.53234
0.250575
-0.284686
-0.586278
-1.32264
4.15128
0.768064
0.205311
-0.0789165
1.18207
0.740725
1.70871
-0.903233
-0.613612
-0.972254
0.561747
-0.233856
2.86238
0.483797
-0.452589
0.338555
1.67826
-0.572548
1.81653
0.185662
-0.924063
1.4265
0.113111
0.119345
0.598651
-3.78333
1.15519
-0.429456
0.678943
2.4451
-0.683985
2.24445
1.07996
0.988299
-0.998663
0.122957
-0.329861
-2.03429
-0.142659
-2.18656
2.12004
-1.30194
1.77277
2.99308
-0.624537
-0.238996
2.53045
0.252264
2.80752
-1.43266
2.41489
-0.352067
-0.782927
0.278713
2.63003
-1.37232
0.904097
-1.09658
-2.16648
-0.918706
-0.262171
2.0539
-0.0220318
1.86993
2.99922
-0.303205
-1.31687
1.06726
2.09126
-0.374241
1.48538
0.793096
1.72873
4.62349
2.96363
1.42747
1.0477
2.25156
-0.0164792
0.950495
0.438267
3.50917
0.381817
-1.18693
2.52718
0.244761
1.73342
1.72782
2.73939
2.44834
-0.443506
1.69917
1.97544
1.4716
1.37143
1.19569
-3.98618
2.66021
0.754534
0.921102
-2.06055
-2.06317
-1.06843
2.13774
-0.72417
-2.98956
1.20674
0.11003
2.97603
-0.162764
0.434554
0.478148
3.95989
1.54399
1.82373
-1.66669
-1.17417
-0.795726
1.48679
0.86197
1.7883
0.398045
1.02423
0.250851
2.01242
-3.37121
-2.67224
1.38929
1.03622
-1.53139
-2.19213
1.16709
2.10567
1.31197
-0.426864
-2.70822
0.488363
1.29858
-2.00568
3.80124
3.26701
1.31285
3.4913
2.06934
2.45053
1.59125
-1.83336
-0.231621
-0.0364707
-1.896
1.94512
1.26165
3.41772
-0.777708
1.33398
2.09778
0.317495
2.7554
1.48261
-1.14354
-1.62796
-0.756371
-1.21564
-1.48295
2.5735
3.39219
0.767836
1.29305
3.07791
0.757597
1.82517
2.60454
1.70476
4.01147
3.09281
3.75721
3.36024
-1.72418
0.888095
0.288819
0.41946
-0.209759
0.0987335
-0.371209
3.1905
1.01031
-2.13013
1.82762
0.414506
1.21536
-0.173815
-0.0633857
-1.91029
1.21752
1.43412
-0.479831
0.584327
-0.313976
1.53291
1.04647
0.218334
-0.291159
2.93741
-0.576164
2.04912
3.47264
-1.18008
-0.115338
-2.54532
0.555203
-1.06488
0.739303
2.02798
0.551002
3.03238
1.54818
1.18917
0.932264
0.0378322
-1.68205
-0.442914
0.286707
3.30648
0.0113014
1.87327
0.00319209
-4.43696
-1.59323
-0.505135
-1.2029
2.93472
0.884429
0.916683
-0.325079
1.50659
0.668766
0.475056
-1.48032
2.98981
0.123119
3.42642
-0.0748396
0.39108
-2.78292
-5.97213
0.0987716
1.4367
1.65741
1.11605
-2.77599
0.0533096
-0.240753
-2.13787
0.397519
1.68347
1.28214
2.22296
4.46367
-0.553312
1.01709
2.70286
0.689005
-1.38798
-1.2707
2.29056
2.10681
0.484121
-2.65759
-0.798097
2.8099
-0.80072
0.860477
1.44603
-0.756048
1.87772
1.9352
2.71893
-0.00872797
1.19938
2.18318
0.96131
0.929841
1.58365
-0.204133
4.58133
0.316835
-0.065591
3.13351
4.02587
-0.348138
3.19838
0.769295
0.786938
1.27628
0.238478
1.63942
2.22639
1.90118
2.6504
2.29703
1.54536
1.90838
-0.172136
0.927378
0.721306
0.0862311
-0.709579
0.909856
-0.601814
0.330045
0.91767
0.065295
1.30404
-0.444647
-0.835212
4.17553
0.652828
-1.9788
0.0430555
0.289809
-0.0819421
0.818927
-0.963936
-0.207659
2.59729
1.52489
3.1088
-2.35104
0.223988
0.0112136
-0.345922
1.45684
2.71523
-0.237653
-0.0695396
-0.777225
2.97319
-1.13411
-0.373185
2.24927
1.57423
0.976559
2.07846
-1.51739
0.72784
1.74154
1.39373
3.38513
2.04602
-1.15644
-2.74107
2.13721
0.633121
-0.251877
1.27712
-2.77153
0.0657812
1.89482
-0.725958
2.86581
1.74802
0.741279
0.083931
1.82967
2.29832
2.50832
2.69404
1.62737
-1.38494
-0.136448
-1.2681
1.38063
1.85178
0.751208
0.0247687
3.07705
-0.532074
2.89693
0.463434
1.53401
0.229683
-1.74834
0.652019
-1.23415
0.58291
0.827397
1.06303
1.32206
-0.15036
-1.01749
1.11288
0.417041
-2.66279
3.22145
-0.0793521
-0.669363
-0.733843
0.276995
1.49521
-1.07788
3.51421
2.12089
-0.880653
1.98536
-0.0864773
-0.432199
-3.8328
1.4234
1.12281
1.30734
-4.23785
2.00301
-0.484661
-0.285765
-1.27098
1.72933
0.369574
-0.973545
-0.598677
-0.127561
1.54468
-1.73645
0.158189
2.27425
0.832118
-0.184285
-4.02961
2.80154
-0.449843
3.2826
2.6747
0.325055
-1.59655
-0.977967
1.00978
1.03863
-1.15205
-2.2254
1.0735
0.152443
-1.53767
-0.350186
1.67008
-0.234907
-1.43383
0.684053
1.67941
1.0049
2.56443
-2.76622
0.791731
-2.41992
0.429234
-0.778442
3.27491
-3.56584
-0.923121
1.08387
-0.273462
0.502663
0.866371
0.198866
3.60184
3.29525
-0.675449
-2.66347
-0.275098
0.203414
3.90392
0.365038
0.964627
-0.22815
1.12194
-2.0787
3.00337
-0.429416
-1.75917
-3.8945
-0.92171
0.31748
3.9952
-2.68124
0.0632609
0.712326
-1.74291
0.762942
-2.16513
3.37164
0.209654
0.449202
-0.61225
-1.46777
-0.491731
0.524954
2.5492
-2.06896
0.272107
-0.177849
-2.42967
0.155173
-0.822118
0.921906
0.555193
0.28369
-0.011936
0.645206
-0.951
-2.97014
1.65643
-0.63458
1.86445
-3.12823
-0.0765974
1.60863
-0.614586
-0.206037
0.0158783
3.85523
-0.12912
-1.20623
1.52659
1.99306
0.277394
1.50482
0.682233
-2.24792
0.825265
1.47239
-0.0394279
0.821215
-1.7558
-0.652357
1.40302
-0.396285
1.85152
0.829137
-1.93641
0.215579
-2.50385
2.80391
-1.28846
-0.450594
3.07915
-3.20593
0.769884
0.95573
0.654131
2.70131
0.520493
0.293046
0.0662146
0.255564
0.802477
2.17877
-2.57442
1.7798
2.41952
2.78759
2.177
1.46467
0.54453
0.169566
-2.4001
-0.16544
1.59703
2.13485
0.399954
-0.561416
-1.63785
-4.91123
2.69662
-0.57787
1.71137
2.19838
2.29124
1.9922
2.85493
1.68531
2.91288
3.30093
0.0399971
1.91298
2.66285
0.276179
0.887859
1.19434
0.0774677
2.68181
0.456588
3.94456
1.90813
2.28736
1.93199
1.52352
1.18424
1.9263
-1.86031
1.39457
-0.436535
2.9332
-0.65759
1.56698
2.35864
1.2604
-1.57128
0.239161
-0.399553
1.48527
3.41072
-0.981104
-1.17179
3.17631
0.0605976
0.72041
0.276799
2.25249
4.02842
2.70324
3.10031
0.125191
-0.101913
2.00809
0.908008
-1.60699
-0.02413
2.0795
3.53469
1.3267
1.34664
2.58959
-0.677821
3.00823
2.91508
0.141928
-0.755185
-0.117624
0.662971
0.913587
-0.174604
4.36916
-1.60466
2.71278
-1.39412
-1.32489
2.74909
-1.1603
-0.591496
0.876889
-0.315523
0.439982
-1.31444
-1.94441
0.823272
0.951039
-1.77428
2.08494
-1.67213
1.9133
0.645855
0.379794
-0.285964
2.15596
3.31797
2.42735
3.57585
1.32658
1.0978
1.14872
1.61236
-2.00999
-3.72835
2.42927
0.760485
-0.241787
1.15513
-0.587655
0.437266
1.65194
1.28951
2.14686
-1.90122
1.70596
1.6101
0.498143
0.444704
2.53832
-0.546082
2.60034
0.968112
0.315887
-0.921557
0.254057
-0.221457
3.06926
0.415338
-2.43231
-0.833276
-0.958129
3.35298
-0.308792
2.00361
-3.29203
0.258694
0.62512
0.375767
-2.46345
2.54543
2.15175
2.23139
2.0368
3.72123
0.458651
-0.921834
1.44896
2.90105
0.782364
-3.14468
1.47853
-0.563898
2.0001
-1.53564
3.47242
1.72594
1.54358
-0.100108
2.03447
-0.969682
-0.918897
-1.23029
1.21502
-0.389674
-1.3683
3.2018
1.38205
0.104563
-0.179757
-0.262652
2.98423
-1.61006
0.683301
-0.164852
0.0888435
1.16906
-1.5096
-1.08029
2.14341
0.039708
0.353067
1.92974
4.10756
-0.511955
-1.1406
3.45419
1.57386
1.93088
-0.680883
-0.264679
-1.32272
0.496577
1.9661
-0.819053
1.86276
1.00062
2.06215
3.2933
1.78741
3.40575
-1.36567
-0.540806
-0.071482
2.15841
0.446987
1.44445
0.767118
0.475921
-0.0753808
-0.456912
-1.38481
0.240298
2.56929
0.426102
2.01588
2.04273
-3.99646
0.0575402
-1.82196
0.831359
0.0434479
1.15302
-3.45074
3.22622
0.721278
1.44764
-0.397774
1.56601
-2.75892
-2.47707
-0.00602308
1.93054
-2.53153
0.560949
0.909935
0.586929
-0.117947
-1.54832
0.00246613
1.04848
-0.559889
0.312855
0.56168
-1.53333
3.49431
3.07282
3.18947
-0.62831
1.66295
-1.02449
2.66831
1.32362
1.35275
0.202706
-0.412421
0.312609
1.40942
2.07098
-1.23084
-0.566562
0.302502
-1.8127
0.0856621
0.863471
1.85731
1.87202
-2.82181
-0.243207
0.311401
3.13095
0.304442
2.00409
-0.720307
-0.00536331
-1.35217
2.47123
0.183019
-1.39009
0.533855
-2.746
-2.38177
2.81402
2.88807
3.04456
-0.0535125
-0.211153
1.40859
-0.492624
-2.48964
-0.510884
-1.04604
0.896118
-0.735736
-0.00680388
2.69121
4.01805
0.882474
-2.2719
0.217256
-0.249553
-0.779884
-2.25844
3.27016
-2.65019
1.67413
3.22153
3.07148
-0.309034
2.75134
1.51057
0.87352
2.89013
0.450648
-1.96081
0.142971
-1.55502
1.2425
0.126218
-1.17569
1.31101
1.33088
-2.1244
1.62708
2.52185
-1.47277
2.77267
0.989265
-0.663124
-1.41907
0.499273
2.55243
1.9833
1.03086
0.648091
1.82892
0.931431
-1.30633
-0.921678
-1.82249
1.30108
0.635417
3.01594
-2.27967
0.722085
-1.38314
2.27437
1.20961
2.51294
-3.09442
3.2746
-2.03334
2.20806
-4.31568
2.12646
0.20146
-2.47446
-0.401673
2.54536
0.420415
-2.62059
0.4308
-1.69547
1.4059
-0.956574
1.95262
3.49202
1.9168
0.067894
1.98085
1.17942
0.0236067
-2.86037
0.187343
1.13987
1.30229
2.31834
-0.52223
0.301798
1.874
3.27116
0.217584
0.0476761
1.05796
0.628047
-1.57699
-2.20919
-1.56161
-0.293223
1.46072
1.91608
1.30552
0.174816
0.991025
-1.02176
-0.00169396
-1.82499
0.560502
-0.285564
2.24295
2.34098
-2.05434
-0.649191
-0.870021
-0.216891
1.96624
-0.31242
-0.39279
-0.24992
2.37821
-0.0736571
0.416479
2.31999
-0.412661
-1.14327
1.81309
1.34996
0.446873
-2.12196
-1.44013
0.698705
-2.81251
1.18305
1.10936
2.84376
-1.02205
1.37567
-1.94272
-0.615002
-0.130103
0.298696
0.442875
2.90867
-1.24224
2.12416
-0.0732718
-0.334186
2.30662
1.50827
2.90403
-0.192919
-0.811704
-0.690606
0.800151
1.41546
-0.989711
-4.19644
-5.30931
0.0143046
0.585279
-0.0149156
1.01439
-0.0629153
0.450064
3.7806
1.64502
2.26165
-2.28819
-1.93878
1.59739
2.46554
1.70298
1.93826
1.25275
1.89276
2.51105
-0.594828
1.65152
1.36597
0.0819156
1.77001
1.28924
-0.373274
1.92699
3.16865
0.923035
2.32089
0.934473
-1.20714
-0.0769481
0.403021
4.86247
1.26803
0.557399
-0.742756
-0.448238
1.4345
-1.99817
0.107917
2.63684
3.31929
0.281661
0.900936
1.62539
2.18495
-0.167542
2.54259
-0.560831
-1.27825
-0.00110494
3.47643
-1.65589
-1.55464
1.39238
3.33189
1.68358
1.36249
0.11202
1.2052
-0.646589
-0.229792
3.2468
1.18489
-4.60762
0.268417
3.2346
3.36245
5.7846
2.33065
0.908442
-1.63277
3.23392
1.05434
2.30714
0.656734
-3.32324
1.93106
-0.636328
-0.0337197
2.21472
3.24609
2.40404
1.80233
4.54733
1.11539
-0.900411
1.58673
4.0991
-0.115439
3.07425
2.67746
1.68997
1.54556
-0.358918
1.02206
-1.17296
2.21343
-3.46057
1.10061
0.0690832
-4.02368
0.0690691
2.38034
-3.25065
0.647166
-0.0720944
0.896323
0.954557
-3.1776
-0.385119
2.3536
1.31692
0.475072
1.57122
0.238957
-0.245764
-2.92621
-0.563739
1.11444
1.79343
1.84336
3.0424
-0.680549
-0.714476
2.35301
0.336677
-0.471397
1.40387
0.127113
3.17159
1.42558
0.524135
0.224677
0.110783
2.19661
0.0905663
0.423886
1.38139
1.29262
0.716858
-0.482257
-0.174425
-0.10225
1.37947
0.0925849
-0.813744
2.68136
1.96024
2.25243
-1.4211
-1.53533
-2.49843
1.46445
1.8498
1.02273
1.00568
-2.09202
0.261522
3.03293
1.2601
-0.0939793
0.11886
-1.55217
-0.142027
4.1291
-0.90587
-0.685258
3.44799
-0.172889
3.8473
1.09628
3.18277
0.60275
-0.297971
0.171592
2.44702
-0.585959
-0.751278
0.678053
0.763842
1.08767
2.26265
0.0456307
0.183235
2.5702
1.56731
0.247682
-1.25531
2.24392
-2.57345
3.47547
-3.45807
-1.97844
-0.188052
0.183
-0.553816
2.96656
2.67526
-2.25829
1.24146
1.69278
1.02683
2.9164
1.5026
0.304595
2.08134
0.564117
2.26039
2.05486
0.45233
0.97055
1.92653
0.690551
1.80288
1.86863
-1.02294
0.526789
-0.966488
0.965434
3.14037
1.70595
0.66152
-2.28826
0.169711
-1.11625
2.48054
2.97252
0.191988
-1.06151
-0.274775
1.34064
3.70889
1.38495
1.78674
2.35924
0.529238
2.16823
-2.14188
3.50686
-1.12538
0.306946
0.424434
0.138524
-0.0164651
1.95572
0.575838
0.123284
2.20153
-0.0400791
1.75401
1.3609
-0.222472
-1.01459
0.556452
3.26529
1.47062
0.106334
3.44951
2.01816
1.04582
0.755707
1.73529
0.255267
0.24353
0.781122
1.5583
-0.640806
1.00482
2.28272
1.4749
1.56179
2.26087
1.01388
1.51417
-0.570603
1.83167
-1.3107
0.300869
2.7271
4.08862
-0.129522
0.674412
1.46747
1.81112
2.16429
3.26147
1.12412
-2.75537
0.97265
2.19893
2.44625
-0.960605
2.08369
1.76789
1.61359
1.76892
-2.29848
1.1918
-0.447864
1.14285
0.00915481
0.587501
0.331578
2.87116
1.25104
1.82092
2.05868
0.362137
1.38954
-2.45244
1.78939
1.905
1.94828
-1.99954
1.83584
2.37866
2.40645
4.32066
1.69676
3.52635
1.75585
-1.68911
0.269677
-0.47268
1.99837
2.4403
-0.302292
1.24347
2.30128
-0.65252
-1.09216
1.44888
3.94928
0.657976
1.09388
1.8941
-1.38176
-0.40572
0.670373
3.54479
-0.950578
0.688752
1.60772
1.09501
0.670871
3.1746
1.15428
1.74741
-1.30754
1.13944
-1.77464
-0.269594
-0.492719
-0.676516
-0.485759
2.38296
0.455081
2.13995
-0.385726
-1.24777
2.10154
-0.107188
1.30874
0.827295
1.41678
3.47718
2.41501
3.97602
2.10463
-1.25802
-0.214806
4.291
-0.303174
-0.661028
-1.19273
-1.31857
3.28889
0.555962
1.7664
3.82495
1.01945
3.47381
-1.71772
1.83104
0.0801246
2.4122
-0.522035
0.000900391
3.08745
2.03083
1.29387
1.07267
4.59786
2.6457
-1.25231
1.93354
2.19763
1.0263
2.74992
0.219175
0.0358529
3.54337
0.974008
-1.28859
-5.93301
0.115274
1.16069
-1.5137
-1.08909
-0.276568
3.3359
1.28338
0.244116
-0.701713
-2.27018
-0.274482
-0.144924
1.87052
-2.69651
-1.51239
1.31381
-0.869241
0.59289
-0.144259
-0.923334
-0.936068
1.92163
1.77784
1.6947
1.47563
1.543
3.07595
-2.16675
-3.05962
0.904827
2.47243
1.78892
-3.24097
1.32936
1.68147
-0.842261
1.02496
2.21751
1.7686
1.52693
2.26583
-0.560479
3.83601
3.03774
2.21217
3.45956
-2.49024
1.60405
-0.653191
0.768361
-0.819829
1.64032
0.625533
0.383695
2.44452
0.0139083
-2.01109
-1.17307
-0.263064
1.4178
-4.32394
1.9997
-1.78876
-4.48253
4.51462
3.66744
0.892902
2.11443
-1.97188
2.61692
1.38137
0.550241
-0.516856
0.198232
1.38715
-2.09838
-0.892391
-0.474486
-2.07121
-0.850267
1.02736
-0.0785146
2.39134
1.55919
-0.664573
-0.9801
0.231082
0.840828
-2.02194
3.59481
-0.395868
0.76015
0.441917
2.29558
2.0604
-0.510215
-0.497033
0.772527
2.68785
2.03582
1.15767
-0.185484
1.37879
-0.532653
-0.85906
3.4364
0.300126
2.02079
-1.22367
0.631449
1.44496
2.36875
2.10402
-0.383654
-0.350409
0.3358
0.267346
-3.14918
0.900937
-0.738328
1.32449
-1.55175
-1.43919
-1.19667
-0.956893
-1.15021
-0.485027
-1.78513
0.720566
-0.385985
-1.67694
2.73895
-0.48438
-1.81393
1.24209
1.79291
1.23929
1.00935
-0.991973
2.06132
-0.153444
1.94751
2.92808
-2.66046
1.06806
-1.28362
1.423
0.93276
-1.19417
-1.29587
3.35874
-0.565621
-0.385581
-1.96194
-0.277773
2.3781
1.76313
3.32731
0.953192
1.18909
2.75923
-0.166995
-2.35419
0.438814
2.33947
2.14448
1.40993
3.78154
-1.35397
1.79705
-3.26869
0.0634889
1.05299
1.12067
-3.31673
1.92873
-1.36407
-0.094767
0.979181
2.42332
-1.90781
-1.93222
2.53926
0.514125
0.849586
1.68978
0.379068
2.02666
0.781638
-3.25943
-1.36067
3.38792
1.35252
-0.00262687
1.27563
2.97035
0.369811
-0.0778132
3.67915
0.240265
0.931238
-0.105021
-0.53994
-0.154499
2.77515
4.57867
0.918377
3.11249
0.600778
-1.41755
1.48779
3.59345
-0.571435
1.73617
2.18721
1.7418
-3.72971
0.700502
2.18743
0.813498
0.422509
0.357078
-0.694782
1.36987
1.38641
0.250888
0.635078
2.08355
-0.484098
-0.0897711
-1.23731
0.418986
1.23075
-1.88577
-0.852362
2.37712
-1.82566
1.5822
-1.17924
3.61768
1.94711
3.03359
-0.259439
-1.97942
-0.306772
2.17249
-2.10898
-1.3085
-0.898409
2.45182
0.612495
1.18058
2.06212
0.46693
1.11832
3.60799
-0.834587
0.245174
0.743075
2.02897
-1.82353
-0.0709539
0.720535
-0.0414397
1.33312
1.4391
1.63845
1.59075
0.705769
0.871697
1.541
3.9477
-0.282303
3.0247
3.54136
0.443778
0.830487
1.70229
2.7005
2.04013
-1.93491
3.13796
-0.355182
2.56083
1.41361
0.87204
0.850319
2.34694
0.994699
1.15362
0.858163
0.527908
2.85294
1.87521
-3.53897
-1.55146
-0.729066
1.52464
-1.5298
0.715686
2.29439
1.55593
0.933134
2.25246
3.90986
-2.81884
-0.864633
-1.35052
2.03571
-1.75651
1.13339
3.28593
-0.111785
-0.505365
-1.25825
-1.35544
1.53616
0.571161
1.72036
-3.32454
-3.74604
-3.00147
1.59766
-0.234367
-0.014188
1.47887
-4.68573
1.56632
2.23339
-2.75587
0.421055
-1.48827
-2.48664
3.56021
0.928674
1.17634
1.17903
-1.60147
1.1638
1.98516
-0.131953
0.062429
2.37932
-2.02293
0.110707
0.341722
1.2053
2.12528
0.686756
0.0427049
0.144193
0.0700221
-0.908944
0.291217
0.80892
-1.66049
0.776132
1.44975
-4.0634
-1.76946
-0.273703
2.23269
-3.01487
3.74404
3.88383
-2.70635
0.458162
-2.23774
2.97259
3.1263
-0.0786584
1.17145
2.96928
3.4461
0.610373
-4.63075
-1.30676
4.01989
1.6902
1.35197
1.66967
-4.01332
0.118627
-0.288774
0.216897
-0.207792
2.10849
-1.24806
1.61318
1.10651
-0.820269
1.71997
1.48502
-1.45788
-1.58122
0.336529
0.171859
1.39681
0.0823766
2.27084
2.94929
2.11097
-0.351797
1.10324
1.92529
3.18108
-1.36406
0.935757
-0.130961
0.337047
3.20183
2.26243
-0.910297
2.18173
2.46466
3.45971
0.386191
-0.426308
0.909765
-4.9992
1.91655
0.736478
1.86751
2.4251
3.53499
-0.0552925
-1.33251
2.16871
-2.50803
1.13284
1.93834
0.851172
1.14853
-0.889622
0.735703
0.0031038
0.595447
-1.04719
0.980964
2.67046
1.75692
0.0716264
1.78926
-0.800801
-2.45903
3.94746
-2.91679
-2.17242
0.969859
0.946739
0.121533
2.3142
1.62715
0.012586
0.643054
3.07602
5.62849
-1.13986
-1.0086
-0.614491
2.90943
0.130842
1.77064
0.334811
-0.948871
-0.359623
1.88589
1.59989
0.75534
-0.34022
-0.0728275
1.28708
2.15065
0.329054
-0.786709
0.818464
1.04578
-1.14732
-0.0599427
0.499341
2.86007
1.68169
1.80755
0.148181
-1.13193
0.930399
1.49797
1.58709
1.34081
1.95017
0.545597
2.24362
2.33565
0.83484
1.08962
-0.136744
2.43377
-0.727997
-0.0591812
0.245136
2.44107
0.409245
-1.26616
1.69799
-2.18026
-0.799221
4.62166
0.00608949
2.33734
2.09739
1.20667
-0.198893
-2.44082
1.78096
-0.000742888
1.44264
1.31101
1.31245
2.25346
2.68178
1.08077
2.99936
-0.416555
0.778133
1.97907
3.88566
1.02413
1.86562
-1.65823
0.614858
0.750955
-0.426809
0.47714
2.48345
2.00257
0.0630878
-0.576951
-0.402663
1.17768
1.90779
-1.25491
-0.382764
0.737176
0.46558
-1.0386
-0.873598
2.24503
1.17975
0.166705
-2.82963
1.40468
1.22431
-0.332113
0.672895
2.51353
0.329327
0.514283
3.25196
2.78421
-4.55548
-0.114057
-1.36258
-1.62062
1.86122
-0.649458
0.0144855
2.11877
1.39586
2.85627
0.0568318
0.97648
0.541429
-0.603451
2.63885
1.8916
-0.554757
1.14639
-3.11708
-0.29612
0.754567
1.90893
1.44949
-0.00550575
-2.81754
-1.26252
-0.483487
2.49306
-2.86432
1.02484
0.104832
-1.31683
3.32355
4.64971
0.752129
-1.6287
-1.61502
0.973764
0.318568
-3.08991
2.83304
2.42139
1.57045
-3.88491
-2.23671
1.094
-0.891055
0.337566
-3.18317
-2.55502
-4.14193
0.978294
2.2592
2.7555
-1.94814
0.410606
-0.352703
0.866906
0.945811
0.623531
0.0636511
-0.405083
-2.51326
0.417681
0.430846
1.25237
1.74659
0.250811
1.72771
1.60489
2.55002
0.0613165
2.90201
-0.360521
1.56709
-0.253384
-0.873387
1.55061
2.19588
0.301245
0.169733
1.99073
-1.72424
-1.52703
-4.34003
-0.833587
-0.984373
2.11738
3.04644
0.458427
2.23395
0.871194
0.102738
-2.64731
1.25704
-0.739926
-2.21382
0.741036
0.738304
2.01128
-3.85852
1.07471
-2.5612
1.0425
1.51054
-0.124579
1.69311
-1.31361
-0.867065
1.16602
-1.47966
0.170087
-0.578717
-2.23946
2.45938
2.56315
-1.09163
3.04754
0.652947
-0.589444
-1.08226
-0.581925
-0.699244
3.06358
0.766864
1.19119
-1.0076
2.43595
-0.512214
0.283319
2.61358
0.554899
1.14224
-1.23391
-1.33723
1.15855
0.475787
-0.951738
0.726078
1.19012
0.0781105
3.04813
-0.908742
0.959824
-1.89347
-0.532197
2.27291
4.32826
2.55444
0.8057
0.387737
-1.62714
-2.05846
2.26514
0.566535
0.274573
0.63212
1.71368
0.950719
2.97364
2.92065
4.9979
-0.199101
0.87841
1.51452
2.46761
-1.96558
1.55696
2.86443
0.985986
0.430849
1.8118
0.686711
-0.93346
0.110787
-1.2814
-1.26336
1.68646
2.02961
3.18371
1.05151
0.0539939
0.543106
-1.72642
2.38806
-3.5901
1.55865
2.22437
3.18077
1.945
0.89404
-0.582844
-0.609865
1.02737
1.20904
-0.388672
3.24045
0.99751
0.0988479
1.14096
-0.865954
-1.36963
-1.81486
0.537547
1.7552
1.74408
3.78075
-0.254443
-0.498121
-0.775253
-3.456
-2.987
-1.1777
0.426706
0.554563
1.65391
1.62288
-2.59265
2.56258
0.648171
3.65543
1.18324
1.63475
4.74392
0.26366
-1.46602
-0.955537
1.0154
0.540296
-0.680184
-0.055223
-1.5515
-1.19011
2.20926
-0.547354
-0.338749
0.430447
-0.327903
-1.4343
-2.08713
-0.717779
-1.26542
1.45981
1.63594
-1.51051
-0.553552
-2.54843
3.08958
-0.189322
-0.111473
1.99172
0.286746
2.01218
0.432012
1.31114
2.12453
0.205216
-0.446565
-0.298996
3.12179
0.339218
0.916356
0.196997
2.80791
0.474082
0.328164
0.478064
4.48208
1.5731
-2.40173
2.74974
1.64416
1.20362
1.45124
-0.608466
-0.294635
2.25426
3.23748
-0.239723
-0.381094
-0.0621708
-0.104912
-1.83044
1.18543
-2.87522
0.790421
0.513151
1.19412
-2.55841
-3.53413
1.50154
0.097228
-0.661089
0.870175
0.173667
1.51386
-1.9512
1.70272
-1.84425
0.487987
1.66928
1.39531
-1.71275
-0.160766
0.0269624
-0.601212
-0.398776
1.02209
2.15127
-0.481803
-1.10842
-0.883716
-0.896306
0.0112918
0.88229
1.06873
0.394798
0.195412
2.5644
1.33483
1.33742
-0.435884
0.837619
1.22818
0.809437
-1.52778
-0.210384
-1.14205
0.0215816
0.533167
1.60255
4.26323
-0.234247
0.871688
-1.85139
1.26404
0.756881
0.407837
-1.18472
-4.11867
-0.145737
-1.44743
0.403467
0.586203
0.714824
3.39168
0.95556
-2.90191
1.98929
0.358311
3.41543
-0.295388
-0.630273
1.15875
-5.29819
1.19611
-0.497987
-0.757638
0.51332
-0.0682884
-0.828546
-1.7474
1.56898
-0.252907
0.190549
-2.33881
-1.9797
-0.603118
0.0631603
-3.72731
0.0238398
1.9421
1.68877
3.67719
-1.42328
0.272187
-0.843266
-2.2732
1.86516
-0.147746
1.91629
0.15922
1.42955
3.13612
0.32384
-3.52501
-1.31048
2.35524
2.28537
2.74291
0.637388
-0.115927
-0.161663
4.05353
-0.470702
2.05005
1.68754
2.43052
1.43207
2.11307
-0.950615
-0.29105
-2.40752
2.97331
1.02008
3.32471
0.550679
-0.903461
1.12794
0.0934607
-2.0972
0.465676
-0.135553
0.968727
1.01715
1.91404
-1.28804
0.552919
1.55861
0.517791
2.2329
0.0233922
3.46013
0.439454
-0.759941
0.217816
-2.40173
0.2385
0.812197
0.236834
4.91837
2.86128
2.29102
0.61782
2.8765
1.36256
-6.73314
2.43927
0.792226
0.802077
-1.11534
1.01731
2.77718
2.05033
3.85172
2.22954
-1.62282
0.332554
2.75087
1.89413
0.948125
-0.201851
0.364453
-1.54897
-0.156426
1.25218
0.0100458
-0.432772
1.35012
0.443773
1.99485
0.908876
1.2735
0.799837
1.34156
2.43239
-0.0288451
-0.532821
1.98013
-0.0975475
1.20687
0.278456
-1.65528
1.1803
1.46643
-0.101251
-0.670492
-0.122728
0.342441
-1.63625
-0.0329859
-2.33386
1.10761
2.64901
1.91744
-0.257476
1.49291
0.77439
-0.89204
1.19959
0.58491
1.71419
3.34248
1.36602
0.779069
0.536478
0.451402
-1.44719
-0.490743
1.4329
-2.12306
1.25289
1.70358
-0.0703799
3.69718
2.43597
0.497749
4.15859
2.16596
1.5623
0.62825
0.663016
-0.500202
0.778154
0.404636
2.90221
-2.10436
-0.0713375
2.05222
2.92368
1.92219
0.0537241
-0.080017
1.61097
0.606288
-0.172004
0.614021
2.64056
-0.635595
2.95732
2.33208
2.87021
-2.16653
-0.357875
3.67972
1.18232
-1.48403
0.700611
1.54961
0.399504
1.37677
1.30575
1.62059
0.53126
-0.983126
0.177985
0.943829
-1.83636
-0.222807
2.59294
-1.89161
-0.520978
2.10733
-2.86563
1.10164
4.57761
2.97229
-0.260737
1.77109
-1.04606
1.45676
-0.921803
0.720214
2.26834
0.684746
1.91109
0.739431
0.0498485
-0.980251
1.44956
1.49315
-2.0138
2.00241
0.668217
2.26859
1.23189
3.58519
-0.459533
1.45234
-0.189901
-1.49508
1.05463
-0.947506
-0.359584
0.40204
0.0742389
-1.1401
-1.22572
1.54742
-2.80665
0.411651
0.918468
-0.556523
-0.441736
2.40713
0.488148
-0.857916
-2.72643
0.596892
4.19666
-0.642111
-1.56642
3.46901
-0.430679
3.70201
-1.76259
-0.154618
2.80712
0.840535
1.1871
-1.73215
0.658469
-0.789317
1.60865
3.53232
-2.303
0.14376
-1.14098
2.03394
0.522331
-3.01952
-1.88542
-0.795546
1.56565
1.29503
1.56898
-0.84163
0.735202
2.0261
-5.57673
3.51131
-0.589993
0.825852
-1.43977
2.39781
2.65419
-1.84198
3.76785
-2.68453
1.36674
2.02828
-1.81877
-0.97239
0.678531
0.775667
1.48643
-0.000825048
-2.30142
0.832983
1.99868
1.06536
-0.418235
-0.437546
-2.85265
0.645873
-0.376675
0.70686
-0.244692
3.10573
1.08162
1.04862
2.18398
-1.44865
1.01415
-1.32366
1.13463
1.90365
-2.57353
2.54997
-1.14962
0.368249
2.36199
2.98119
-0.217168
1.96346
2.24163
0.106675
1.32537
-0.219926
3.70663
-3.40722
-2.90251
0.243022
-1.60509
-0.39684
0.681288
-0.0989859
-1.69214
-0.178752
-1.59214
-0.715065
-1.59198
-0.826038
-0.0792273
0.364454
-0.282738
-1.78026
-0.714169
-0.812696
-2.62934
1.64576
-1.32962
1.9878
-1.48392
-1.59972
0.710777
-2.70295
3.39381
0.445505
-0.370906
0.130041
0.655757
2.66389
2.01797
-3.44934
1.86291
1.99891
0.810599
1.7906
2.27437
-0.851175
-3.12368
0.406444
-0.866896
0.129269
-0.494392
-0.312056
-1.51751
0.441181
0.184736
4.71833
1.52129
0.712743
3.17268
-2.17715
1.88749
1.49827
-0.387436
2.24263
-0.575592
-1.08987
1.16852
2.35671
0.850556
0.388571
2.50255
-0.522216
1.68555
2.66816
-2.06062
2.85032
2.15577
1.12379
-1.79515
2.77661
2.68293
-0.779714
-4.81912
0.650978
1.07736
1.89833
-1.09538
-1.55439
-1.67806
0.218421
1.42906
0.766711
2.06776
3.56371
-2.81917
-1.30062
-0.0481
0.950904
0.341513
3.1412
-1.05998
-1.44799
2.84033
1.85451
2.92157
-1.03691
0.477554
1.67966
1.34007
-0.327834
3.73343
2.56501
0.406884
-0.219865
2.22851
2.5427
2.34267
0.862684
-0.36467
0.312042
1.96579
1.34579
0.82158
3.01626
2.29161
1.71259
-0.442937
-2.237
0.131431
-1.46785
1.73014
0.447097
-1.01027
-0.286618
-2.48221
-3.26176
-1.54331
-3.83856
1.22409
-1.10092
1.33533
-0.495215
0.469402
-0.337257
-0.536835
2.15008
0.0544083
-1.79009
-1.53104
1.87175
0.765725
-0.734501
0.165594
1.49929
-0.777563
0.91548
1.02711
3.78979
0.475857
0.021073
-0.527958
-1.14744
-1.78069
0.624913
-2.83526
-4.71274
-1.08298
-1.41379
1.38711
-0.491871
-0.426529
-0.0181953
-0.649302
2.02029
-0.0604656
-1.03396
-0.80949
4.6722
0.195804
2.2823
3.50512
1.32062
-0.503181
1.30252
0.348878
1.86568
-4.88701e-05
-1.6576
3.04179
0.748772
3.88203
1.60768
4.72522
0.0478705
1.18167
2.84363
-3.90857
0.516744
1.4858
-5.68605
2.38048
-0.291997
-1.38447
-0.0330989
0.546838
0.285447
1.29765
0.629488
1.77196
0.303622
0.0400073
3.68764
-1.37491
-0.169986
1.49161
1.66175
-0.813686
1.56094
0.671837
-0.456289
-4.11665
1.47337
-1.84175
1.59502
-3.76957
2.34358
3.46156
-1.20131
0.159415
3.75939
-0.801776
-1.91712
4.54746
2.10319
-1.87265
-3.57219
-1.88906
2.00864
2.20651
1.89503
2.22368
3.60982
-1.39766
-0.132337
1.58876
-0.00660324
-1.3489
1.14061
1.23229
-3.13332
0.383322
2.50072
2.35492
0.841446
1.66254
1.11623
0.258974
-3.20371
0.753174
0.198332
1.52933
-0.079017
-0.110321
-1.15339
3.73106
1.27647
2.8872
1.23748
-1.35733
-1.15229
3.02587
1.00502
1.17215
0.985433
3.2808
-0.807122
-0.152353
0.515516
-0.538906
0.0841219
0.614844
-0.399128
-0.134164
0.672894
-2.60235
4.12229
0.592379
-0.398736
-1.63441
-0.646567
0.220846
3.48508
3.55031
-0.794675
0.880089
1.2371
-0.607761
-4.51792
-1.68696
1.67911
0.602989
2.38318
1.8831
-0.288927
-1.28311
-0.95103
-1.63478
3.73725
1.88652
-0.417565
3.00085
1.03542
0.170238
-0.137336
3.23588
1.60155
0.711242
-1.78908
3.37215
2.27011
0.825458
0.124705
1.97041
2.24182
1.48802
-1.18662
-2.29663
2.51741
1.95696
-0.383582
0.765308
0.233832
1.43076
2.05126
1.58892
0.549704
2.40174
0.26774
3.22229
2.33256
0.854388
-0.991621
-0.202417
1.54569
1.45987
1.51212
-0.353425
-2.97772
1.83894
1.9879
-0.107026
-2.07031
0.756465
0.954428
-0.0994954
3.39601
2.63871
0.300923
-4.07898
2.24885
0.56492
0.767088
1.9142
0.229685
-1.57121
3.27284
-2.49655
-1.38899
-0.614177
-3.78289
1.52764
1.5857
-0.00913578
-2.35453
-0.293919
2.06709
3.24396
0.250308
0.506115
-0.959336
0.503459
-3.28866
3.00778
0.933708
0.178821
-1.11336
-1.40638
2.06867
-2.26964
3.0657
-0.407361
-1.66519
-0.466277
2.54019
-1.608
0.881557
-1.42033
2.41619
1.60945
-2.21436
0.0904023
0.184193
-1.32205
3.52005
1.33488
-0.0284339
-4.26862
1.03446
1.84485
1.62944
0.265567
1.76374
-0.0904178
1.55672
1.2239
2.46368
-1.943
-3.26985
4.44567
1.00737
0.701705
1.66797
1.41304
0.405166
-0.165159
1.3416
1.855
-0.53217
-0.984628
0.967474
-0.00943185
1.66581
-1.2329
2.07253
2.65025
2.07973
-1.14154
1.10195
1.83602
-3.07724
0.81366
1.67123
2.16247
-0.269817
-0.969248
1.26907
1.22184
1.45628
1.7194
0.822824
0.856855
2.18088
0.141182
0.423633
-1.38725
2.27563
0.147883
0.295372
0.799426
1.25386
1.78051
0.926992
-1.05255
4.53927
-3.73888
0.605695
-1.01564
0.544772
1.97449
3.9184
1.12988
1.44062
0.39358
0.233396
2.08352
1.75987
3.82218
-2.67568
3.46131
-2.40969
1.63724
1.52324
1.55611
-2.98535
1.50997
0.147608
2.80467
2.85409
0.151756
1.97842
-1.80761
-1.35496
0.0831962
1.42619
0.587454
1.82125
2.51032
-2.98651
1.63171
0.922209
1.16535
-0.0592294
1.97481
-5.62343
-0.990467
3.11494
0.93974
2.69901
-2.09744
0.931697
-1.55925
-0.750605
2.1321
0.656684
0.0428654
-2.79521
0.456582
-2.01128
0.706802
-5.23478
2.64782
2.91759
-0.433737
2.12457
0.00993902
1.40199
-0.0654483
-1.04567
0.691923
-1.65854
1.44944
1.50947
0.894701
0.967894
-0.915328
3.56863
3.06086
0.148021
0.450985
-0.540607
-2.61524
1.30631
1.76732
0.303128
2.54539
0.885464
1.17917
1.14835
1.11613
1.82155
2.06311
-2.51459
0.158796
0.983026
2.56099
2.12792
1.27218
1.35256
1.1742
2.42428
2.25866
-2.06446
0.13934
-0.157127
0.746185
-1.77575
-0.783797
1.30619
2.78475
2.65406
3.50074
2.31818
2.64551
-1.10132
1.83921
-0.951519
-0.126658
0.29837
-1.0973
-0.331221
-1.3397
-0.700011
1.04865
-0.319938
1.66453
0.502725
3.07201
0.943971
3.66014
-0.188342
3.05385
-0.359283
3.51173
-0.67422
-0.0502942
-1.51995
0.136457
0.889565
0.740875
-3.84415
0.392259
-0.652538
-0.991758
-3.66469
-1.55662
-0.761917
-0.425786
2.513
3.0328
-0.906965
1.33789
0.523243
1.60264
3.01934
-0.018676
-2.13308
-0.635503
-2.42796
2.93141
1.71687
1.4764
-0.312773
0.281542
0.55593
3.35728
3.965
-1.29073
1.47958
1.71254
1.77914
-3.66988
-1.39832
1.72012
1.7741
-0.00406695
2.03253
-0.211997
-1.32017
-1.22659
1.9257
-2.51208
0.0141145
-0.384349
-2.54742
-2.15566
0.548597
2.17493
-0.00845919
1.87647
-0.435455
2.32132
0.928802
1.65733
-0.927463
-1.99829
-0.859011
-1.60114
-0.962144
0.612767
2.46035
0.942189
0.652331
-0.0615469
3.90541
-0.552617
1.03492
1.78202
-3.54882
-1.39256
-0.473888
0.120076
2.51404
1.38084
0.568134
1.41039
-1.81148
-2.06636
2.90797
0.445742
2.44404
0.973097
0.871379
0.895266
1.09879
0.922214
-1.92432
1.13841
0.9359
2.57663
0.501392
3.45377
-0.619832
1.4043
-1.40327
1.17902
3.81707
2.60518
1.91848
1.5914
1.76633
0.442608
0.118739
-1.64203
-0.369185
-0.362742
0.595163
2.69633
-1.0709
3.00826
2.72984
0.4211
-0.199212
0.620621
-0.831565
-2.69175
1.06414
-0.720567
-2.30828
0.136524
-2.17771
1.72111
-1.65489
2.05831
0.173416
1.40962
0.616146
1.77104
-0.564199
1.32726
-1.55979
1.05488
-1.61933
0.166358
2.95257
0.227649
-1.11982
1.52606
2.90017
-2.84264
1.60523
2.13361
2.07146
-2.38992
-0.796322
-0.73842
1.01422
0.56358
-0.936144
2.78762
3.62694
0.752028
0.81681
0.82082
0.303947
-3.01841
-2.57617
0.111889
1.37429
-0.844621
1.87567
0.313763
-0.719606
1.63712
-2.5361
1.50691
-0.694236
1.19238
-0.0720552
0.628869
0.10228
-0.3352
0.416036
-0.655219
0.231278
-0.287085
1.75008
0.915143
-1.38253
-0.824787
-0.177517
-1.56576
-0.515007
-0.63773
0.588213
-0.534566
-0.283459
-0.31772
-2.70208
1.61476
-0.734149
-1.23562
0.999622
0.368996
2.2031
0.475298
1.98071
1.04272
-0.627159
0.399558
1.85168
-1.32213
2.00887
0.984503
0.978552
0.443272
1.15606
-2.1412
-0.495834
0.518413
0.677267
-1.11426
0.303141
0.885387
-0.151251
1.58313
-0.692126
0.908264
-3.15601
-1.60664
2.0118
1.76874
-1.92597
-2.35345
-1.17628
4.73108
-1.6043
1.69621
2.34049
2.14065
-0.0953564
0.867011
0.0269399
-1.39963
-1.65713
1.2377
1.53831
1.53688
0.919887
0.455178
-0.459519
1.72935
1.35835
0.254407
3.36965
1.70017
0.944397
2.44384
4.5555
3.59996
1.98234
3.98608
-1.09901
3.92996
1.6773
1.20643
1.33121
-4.16632
0.104123
1.6695
-0.772231
1.69532
3.20107
1.47545
1.93776
1.59677
1.28533
-1.12228
2.63013
2.62521
1.65711
-1.25243
-2.64075
0.568256
1.77189
-1.96063
-0.452995
0.558152
-0.829612
2.28775
2.2863
2.30267
-2.38743
-1.2624
1.81884
-0.706872
1.6358
-0.732597
3.40801
2.54226
-0.999969
2.06914
-2.40062
3.20335
2.51587
-1.77611
1.25539
4.24598
2.49138
-0.273482
-2.51264
-1.00336
-0.253061
3.37179
0.43694
2.01465
1.2485
0.816601
2.58712
0.621252
1.51132
2.08364
-0.572571
1.08865
0.817976
1.76387
1.08501
-0.447222
2.26801
0.71632
3.42024
-0.47879
-1.64676
0.0252455
-0.264092
0.335475
1.75621
-2.35898
2.90192
0.600669
-3.37012
2.54719
-2.99845
0.71448
-0.0818079
1.31237
0.467426
0.765025
1.63595
-0.28571
1.63222
-0.396304
-0.055135
-0.208139
2.09383
-0.92014
1.08531
-0.703788
0.675525
1.42756
0.12234
-3.14022
0.421465
3.65627
2.17028
1.01357
-1.30524
0.705638
0.554644
2.37165
0.133754
1.33279
-0.894994
1.72485
3.46131
1.35109
0.374967
0.730256
-1.84577
2.62687
0.927825
-1.46937
2.29294
1.67362
-3.15904
1.07165
4.1341
2.70114
2.86677
2.99751
2.87481
0.591418
-1.57685
-0.876034
0.242888
3.66626
-2.40801
-2.09793
0.630154
-6.01796
0.514529
1.07195
0.53392
-0.0625381
1.76394
0.131056
0.629206
1.23938
0.211006
0.50206
-2.85489
-0.12282
-0.0478651
1.01979
0.353224
-1.59991
-0.832027
-0.773804
-1.57401
-0.129091
3.44975
2.12752
4.17891
2.05903
-0.681754
1.88838
2.25477
2.14372
1.96638
1.17897
0.200363
1.20827
-0.36126
3.86927
1.5092
1.68525
-2.20136
-4.34881
1.14105
2.36067
2.73156
0.443044
2.00183
2.58006
3.68486
1.49747
2.67663
0.154578
-3.10828
0.134843
1.70697
0.826272
3.07932
2.03231
-0.213504
2.35438
-1.64691
1.15756
0.145619
2.03236
1.62149
-2.28369
2.14069
2.09066
-3.21711
1.0727
-0.690123
-1.46169
2.12513
-2.00349
2.95817
1.53488
-2.90642
2.88899
-1.73467
0.688236
-2.38765
-1.73705
-4.8764
-0.309815
0.092429
0.663498
1.52876
-1.39203
-1.9261
0.22086
-0.721681
0.858879
0.0447918
-0.842784
-0.269197
-0.645639
-1.68573
1.37508
1.99527
0.177764
2.49427
0.304398
2.08624
-0.250885
-1.42158
0.630446
-2.06153
-3.44749
-0.267529
-1.78746
0.594841
-1.09841
-0.676982
1.79632
-1.84825
-0.735098
2.10041
0.914488
1.98469
2.84009
2.99078
3.09267
-1.06887
-0.733344
0.0469118
0.680093
0.845356
1.56964
2.06079
1.32614
-0.941643
0.96729
0.364676
2.72556
-0.658669
0.616537
-0.323239
1.38977
-1.41836
-5.60454
-0.067384
1.53986
2.4507
-0.810167
0.937789
1.51675
-1.94751
1.43443
1.6992
-0.877736
-2.60652
1.5627
-0.501033
2.09128
0.149997
1.4837
2.14217
3.46509
-1.04795
-0.897542
-1.21599
3.6423
-0.481739
1.32596
-1.85362
-0.772104
0.309351
-0.00197578
3.64808
0.963734
-0.342166
-4.54224
-0.298028
2.00501
2.6194
0.891749
1.90525
-1.25779
-2.7313
2.41978
-0.472758
-1.09577
-1.07264
0.0403806
1.89734
-0.568181
3.23204
2.68858
1.12163
0.537001
1.48425
1.18809
-0.188602
0.705682
4.03475
0.478549
-2.05625
0.529741
3.18399
-0.430647
1.19801
4.49841
-1.2662
-0.12537
1.53809
-1.10672
2.80471
3.86783
-0.923876
-0.906848
0.344576
0.833774
1.59155
1.76321
4.19919
0.439725
0.965364
-2.44637
-4.49763
-0.622645
-2.86844
2.54764
-0.895989
-1.24778
0.914872
0.185143
0.948496
0.764714
1.1278
-1.73967
-0.202042
0.00246331
2.78011
0.0433612
0.118269
1.14032
0.951985
-1.47891
3.20695
2.73951
-3.32383
0.740087
0.605344
2.07673
2.60028
1.64137
2.51252
-2.60263
1.60834
1.57598
-0.382104
-1.09595
2.34072
-0.776571
2.52398
0.594849
-2.24149
1.67183
2.96751
0.12168
1.5792
-1.78732
0.71475
1.09451
-1.52455
-2.08033
1.18931
1.85745
-0.145444
0.673669
-1.22173
2.01431
-1.93828
0.904372
3.62952
1.27961
0.441299
-0.56293
-1.75134
0.911437
1.50286
1.26701
2.39673
0.445341
1.16598
1.56781
-0.0928735
1.91843
2.95364
1.8138
1.78176
1.78923
-0.902478
0.233183
-2.86299
-0.88049
4.20673
1.53788
2.48496
-0.527206
4.98661
1.84139
2.245
3.08815
1.33576
0.234362
2.58145
-1.68813
-0.00220965
2.11856
1.64727
0.78612
2.36436
0.952127
0.0329919
4.76789
2.24717
-1.32472
0.248826
-0.54687
0.0919349
-0.838657
-2.53479
-1.99517
1.35186
1.0281
-1.8657
1.24431
2.32192
1.66717
0.917306
-3.66471
1.09564
-2.00127
-0.365785
-0.298787
-2.61166
0.478975
3.47684
2.33722
0.901529
0.710044
0.234048
-0.523079
1.48526
1.69729
0.163833
0.88636
2.05642
1.18308
2.2568
1.08631
0.930625
-0.0171745
3.49155
-3.71692
0.652072
0.560415
1.15843
2.68397
0.682201
0.158591
1.26277
1.53426
0.201216
1.4801
-0.533141
2.99878
0.912789
2.72585
-2.45951
2.32064
4.15678
-3.91914
0.972168
0.400518
1.0673
0.121109
-0.218244
2.34562
-1.75635
1.01764
0.32712
2.2038
-2.57691
1.74814
1.34691
-2.016
1.76699
-2.52183
0.934129
-1.77095
-0.0426229
-1.27715
2.57626
1.97949
-2.36385
0.368289
0.695393
-1.42279
0.792694
0.645563
-0.45652
0.936621
1.85136
0.417174
0.577286
0.551154
1.21437
-1.76195
2.14315
0.356299
1.71125
0.43291
-1.09514
-1.51775
-0.403
-0.0714377
0.523833
1.22881
0.423937
1.46499
1.9927
0.951927
2.23138
0.860918
-0.689888
1.75071
-3.55903
-1.45064
-1.17551
-0.132644
-1.4126
0.0318488
1.31264
-1.24231
-0.872367
-0.236956
2.87034
2.19069
-2.34948
0.0910998
3.94485
-1.18771
0.821515
2.0836
3.66051
0.695228
-1.39926
-1.9149
0.542021
0.838231
0.169002
3.08549
-3.13526
2.79803
-0.958584
1.9181
-0.00933405
-0.118105
2.51402
2.60188
0.506636
2.87206
2.65743
2.23564
-1.3387
3.3473
0.711506
1.62223
3.03978
0.180182
-4.20474
0.448849
1.42004
-0.616822
1.55583
1.16154
1.00772
-2.96341
-3.54659
1.68924
-0.960189
-1.17226
2.2171
1.3325
0.538041
2.75518
-2.08866
-0.158173
-2.80046
1.89583
0.422674
-0.00670666
1.47883
2.65925
1.86259
1.12026
1.58917
-0.896288
-0.935575
-0.339839
0.0898775
0.426131
-1.98778
1.55585
-0.604388
2.99663
0.444256
2.03202
-0.946404
3.69377
-0.055176
-0.0250798
0.560017
-0.425676
1.40421
2.42041
3.42472
-0.14648
1.10393
0.505325
1.30606
1.03694
-1.02946
0.219462
0.530576
-1.63622
-0.172788
0.471733
0.682388
-2.58562
-1.84802
0.44586
-2.76752
-1.07508
-0.520404
0.560536
0.125611
0.815828
0.0824411
2.16195
-0.901275
-2.02216
-1.55288
2.02663
-0.0744987
-1.54423
0.897256
0.723499
2.15316
4.10273
0.0527753
0.745061
-0.233939
-4.50119
-2.35273
0.910239
-4.65346
-0.680945
3.07887
0.715126
1.44799
1.79842
0.892025
2.06428
2.26126
0.732183
0.39651
0.0178175
3.65848
-0.429949
0.134282
2.92929
2.86569
0.680213
2.19952
-1.02477
2.67897
-2.53737
-0.0295372
0.981451
-0.507259
0.937433
0.431657
-1.40619
0.372228
1.02503
3.31656
1.80429
1.48195
1.80956
1.57498
-2.21057
-1.32073
1.36811
-0.213263
2.31857
-1.00267
-0.82995
-0.851903
0.447038
1.89472
1.45305
1.31931
1.35794
1.51549
1.03927
-2.61966
-3.0375
0.947975
0.515939
2.3778
1.78823
-0.439895
0.0212745
-2.65751
-0.219346
0.165088
-0.0753807
2.28318
-2.06277
-0.513874
4.30533
1.3974
1.39061
2.26569
0.128053
3.16359
2.93619
0.590075
2.06544
1.73534
0.393208
1.52546
1.39421
-3.1191
0.163497
-1.7959
1.87789
-1.53841
1.85553
-0.889329
0.0705243
-1.21195
2.25115
0.324542
1.87097
1.30734
1.48605
2.8378
1.92617
-2.16586
1.23291
0.411081
-1.2802
0.181804
-0.344395
2.5086
-0.36444
-0.0439155
0.757906
0.161992
2.04142
0.375267
0.803831
0.0494765
-0.652485
-1.25159
-2.23839
-0.153805
-4.19388
2.7904
1.81981
-0.370287
0.85448
0.456921
1.55367
0.425924
1.36991
1.392
1.03039
-0.87181
-1.09893
0.504928
0.997362
-1.85977
2.67171
-0.404934
-1.70074
-0.706833
-1.94605
-0.850239
-0.705269
-0.146145
2.9633
-1.00178
0.945178
-1.19251
1.10984
2.37343
-0.493733
0.630884
-0.122776
3.20515
-0.637278
2.82957
-0.33728
4.37902
-0.291833
0.794763
2.25287
-2.56974
-0.252719
2.03368
-2.30069
0.931087
-3.18569
1.18425
-0.236304
-0.689196
-1.56553
-0.907903
-1.10924
-0.479199
-0.108441
0.212374
0.0932867
0.917595
2.19184
-2.38848
-2.44056
-0.19753
-1.16444
0.680739
1.72382
0.092405
-0.197202
-1.1147
2.70952
2.26527
-0.160381
3.29532
1.41101
2.26965
5.18267
-0.789555
1.09499
0.364393
0.876703
1.86875
1.24165
2.25579
-1.36943
-0.155159
0.479809
0.239158
0.981008
0.764505
0.986498
1.18853
-3.76038
0.743452
0.435342
1.19353
1.08881
0.729439
2.76166
4.24753
1.11507
2.53825
0.553381
1.91885
0.71678
-1.4253
1.38998
-1.49985
-2.11266
-2.49166
2.35918
2.72375
4.13075
-0.814032
1.05236
1.62658
-1.42288
3.28838
2.62496
4.56883
0.463277
2.60085
-1.76974
0.104863
0.34428
2.08403
-0.459852
-3.96858
1.84837
3.24668
0.00757718
0.638418
-1.05443
0.72939
0.667451
3.54085
3.96307
-0.830792
-0.774136
-1.35733
4.21163
0.167066
-1.20047
3.21342
-0.800132
0.0425532
0.425691
0.39611
0.299722
1.29506
0.52181
2.39699
-0.1779
-3.46987
2.97089
2.81157
-0.659449
0.57785
1.3224
4.90569
0.457581
-0.241549
1.19029
-0.846471
2.56145
-0.703982
-1.09149
-1.84613
2.0206
-2.45027
-1.87953
-0.0632221
1.59416
-1.36014
-1.38559
0.123612
-1.18721
2.69178
1.50839
1.06095
1.95928
0.0287137
-1.45862
-2.1215
-1.61899
0.785285
-0.260432
0.797964
-0.793086
1.01707
1.77014
2.20629
-2.05793
-3.2422
1.88091
-0.406416
0.44781
1.66136
2.62777
-1.31924
1.66707
-0.249205
3.12407
-0.903033
0.576501
-0.0331029
0.637497
-1.02201
2.08727
1.49152
-3.90443
0.492161
-1.72872
0.657118
-1.86632
2.38755
0.727887
-0.323617
-0.020283
2.91423
-0.091292
1.48323
0.338596
0.731982
2.02921
-0.464837
1.57613
-2.2843
0.437192
0.634771
-1.11911
2.49632
1.69
1.18815
2.35183
2.1271
-0.368687
0.855273
1.88578
-2.15405
-0.887456
2.75041
0.539862
-0.16112
2.18494
1.05947
1.16864
-3.2931
0.0172291
0.52236
0.807978
1.77568
1.5555
1.72281
1.6931
-2.23671
-0.176162
3.28035
3.9811
-0.95077
3.17905
1.28864
1.23208
1.88261
0.805453
3.71814
0.889725
1.47577
0.982992
2.83023
2.71826
-0.465697
1.99875
-1.07328
-1.48543
0.367243
-1.27887
-0.267461
1.56668
1.81677
2.08492
2.11616
2.98371
-1.12304
1.88702
-3.1569
1.30909
1.06459
-0.278185
1.94504
-0.531428
1.08754
-0.214086
0.330582
0.03139
2.04716
2.07914
1.57141
2.2924
0.124442
-0.577508
0.457128
-1.40844
2.46859
-0.742364
-1.16276
-0.958842
-0.21668
-4.91477
1.71868
0.380076
0.670716
-0.752907
-2.03905
0.202486
-1.30774
2.96219
1.80626
0.532729
1.59058
1.31179
0.64681
2.32386
0.663524
-0.186748
1.00756
-1.03442
-1.36621
1.65655
0.376593
-1.01075
1.43997
-1.53817
0.757669
0.757118
-0.378573
0.183067
-3.39724
2.04274
-1.07566
0.280253
0.439562
1.50225
0.872977
-2.65963
2.58395
-1.17008
0.506416
-1.15233
-2.46535
-1.06103
-0.677086
2.79375
-1.38719
-1.83147
-1.22203
-0.565185
2.12674
-1.12955
2.30937
1.61189
-0.296594
1.57057
0.1842
0.31691
0.326045
-0.0983155
-1.36701
-0.217521
0.37949
-1.60303
0.499207
-0.85202
0.287292
1.70244
-0.526134
-0.660629
2.10945
-0.714423
3.39369
2.4258
3.80204
1.35447
1.53098
-0.956774
3.4321
2.26712
-1.74407
2.76263
0.596399
1.05334
2.4931
-0.550923
-3.49301
0.650028
-1.77029
-1.93673
-1.00577
2.23472
1.9283
1.2999
-1.69045
-0.686814
2.2606
0.788581
-1.62592
0.721601
1.17588
1.82522
0.666494
1.09416
2.04403
1.36347
0.927885
-0.498745
1.43146
1.24702
2.48735
-0.973532
-2.28093
-3.05116
1.39885
-0.351834
0.374205
1.19681
0.717047
-1.5922
3.67108
0.872074
-0.337007
2.04958
2.36662
-0.129481
1.23057
0.2922
0.252244
-0.4067
4.28344
-0.540889
-0.11517
-4.11352
-1.31092
1.54207
-1.03206
1.04397
2.66237
3.70812
3.66422
0.580735
-0.460158
-1.19504
-1.64155
2.77249
-0.492186
0.326344
2.32892
1.51628
1.90166
3.24832
2.12693
-1.72801
-0.864369
-1.19367
-1.55109
-1.78616
2.3247
0.407345
1.14657
2.03948
2.61332
-2.5248
-1.44497
0.679166
1.37755
1.29862
-1.64481
1.90324
0.0575264
-1.08613
0.92533
1.43502
-0.468776
0.355515
-0.428724
2.59087
-0.592779
0.563418
-0.25138
2.68109
1.21487
0.884856
0.523178
1.44702
0.25953
-0.258448
-0.070003
3.78786
-0.305504
1.59689
-0.386823
-0.597157
1.51667
0.0159673
2.62162
0.0273126
1.93095
-0.154246
2.39914
-2.28856
2.9678
-0.965632
0.902126
-2.86169
-0.474329
1.58324
0.490919
-1.11166
1.41487
-0.898456
4.00116
0.371631
-0.0183018
2.49065
0.807519
1.99924
0.613865
-1.38011
-1.12168
-2.24797
3.27427
0.945801
0.871899
-0.293472
-0.0731331
2.67962
-0.235932
1.63269
-0.250177
2.53603
1.16148
-0.157256
-5.32536
1.89555
3.06486
-0.403782
-0.071337
3.3005
0.909428
-2.22748
2.86928
2.10809
-0.707731
2.88775
-0.0172799
2.49856
1.77338
1.06463
0.821887
0.278621
-0.157785
2.65739
2.25669
2.21386
0.603806
-0.40165
1.10031
0.481597
-2.68213
0.683865
2.68767
0.328614
0.593643
-0.26579
-3.64785
0.546055
-0.0492513
2.30307
-0.245008
1.94757
0.440959
0.822918
-2.33502
1.08981
-0.645048
0.0518409
1.31608
3.25942
0.141737
-0.388774
0.428389
0.59937
1.11368
-0.888084
-0.0463313
-0.723301
-0.52587
2.20048
1.59173
1.10221
-0.813487
-0.518836
3.00261
1.3541
-0.515858
-0.623687
0.0838485
-0.0774119
1.82534
-4.0057
0.109534
1.2475
0.979342
0.851234
-1.60989
0.560393
-0.370959
-2.18959
-0.488088
0.743587
-0.197854
-2.30895
0.589278
0.115743
-4.06834
-2.05279
1.44411
0.64241
3.6307
-2.64114
1.4582
-0.284286
3.0636
1.93722
3.35263
2.05487
3.66252
1.53128
1.55237
2.83501
-1.6004
2.05058
3.4008
2.14809
1.81468
2.51552
0.974437
1.96533
0.526896
1.29007
-0.174338
1.04942
2.41472
2.13748
-0.432647
5.22331
2.78594
-0.347288
0.306014
1.9319
-0.0921449
-0.266253
3.15939
1.54272
1.69243
1.70365
1.04338
-1.63045
1.77211
-0.565086
3.31865
0.440852
2.40112
-0.470491
1.9686
1.43691
-0.249172
-0.629689
3.01639
3.67936
-0.625357
1.45076
1.29384
0.522642
2.34021
-0.645908
-0.578836
0.677717
2.67179
-1.61695
2.44727
-0.0783545
0.805891
1.74142
-1.63807
1.41616
1.32479
-1.62809
-1.65215
1.68216
-2.35671
-1.1318
2.14104
-1.60239
-0.933079
1.29343
0.770709
-2.40398
-0.37536
-0.0859404
-1.04097
1.9943
-0.873973
2.54251
-0.903924
0.840365
-0.922277
1.73532
1.33551
1.10931
-2.6766
-2.25023
0.457691
-3.02049
-0.541808
0.987174
2.45377
-0.596285
3.39105
0.878074
1.35942
1.12018
2.54359
-0.486114
1.5542
-5.24247
-1.47808
1.71321
-2.15222
0.677549
-1.9942
-2.95236
0.934048
1.60373
-1.05654
1.59877
-1.3363
2.46746
2.90978
-0.189351
0.617434
-2.38766
-5.0681
2.02334
0.924503
0.238526
0.867747
-1.15633
-1.55892
-0.952663
-2.89948
0.0494312
3.88764
2.92899
2.17088
-0.734517
2.49962
-0.188641
1.29313
1.38382
2.8867
-1.38246
2.05712
0.555357
4.88424
-1.89428
-0.95719
1.81986
-1.12339
-2.92551
-0.815522
-2.23035
2.29445
0.423632
0.83098
-0.278536
-1.6396
1.0611
-0.0173252
-1.15678
-1.75161
-0.470853
0.509252
2.36474
-1.0244
0.473221
0.786948
0.309637
2.06043
-0.32088
-0.183261
-4.11087
2.2307
-1.12314
2.65551
1.35156
1.95033
3.01687
2.43659
4.01538
-1.5803
2.72112
0.0529148
-0.474065
0.761315
-2.59171
-0.618572
1.24052
-1.01055
1.77348
0.768866
1.65014
2.37424
4.10434
2.82014
2.2708
1.37575
-1.15833
-1.7494
-0.240145
-1.21567
-1.50574
2.16333
2.33004
-0.791406
-0.160934
1.84227
-0.27918
3.32627
3.10769
2.46872
0.980406
0.923821
0.465668
-2.2469
-0.650404
1.14902
-0.242515
0.979564
-2.86983
-2.16512
1.99944
1.19667
0.336005
-1.32911
1.12685
4.00733
-1.68508
1.39748
-1.59843
-3.4728
-1.42948
0.342054
0.948184
0.384678
1.72255
2.81205
1.35669
-2.49247
-0.656602
1.56575
0.194487
-2.10237
2.38959
-0.17375
1.33699
1.44907
-0.539487
2.73245
0.260215
-3.73155
-1.0294
1.84102
-0.513058
-0.880323
2.91865
3.54936
1.61262
1.06107
-0.483766
-0.652502
1.29108
0.735524
-0.347132
0.910841
-1.29715
3.56604
-1.49947
2.25829
1.85062
1.88212
-1.60156
-1.14587
1.8318
0.886582
-0.102516
-0.829467
-0.624063
4.0314
3.32126
0.335184
0.97635
1.2324
2.54745
2.65922
-1.5613
-4.22766
-2.31588
1.37388
2.37993
-5.2182
-1.10568
2.95745
-2.87912
-1.00833
-1.7239
1.77406
-2.07709
1.40636
3.65582
1.03212
2.87632
-0.0396456
1.0886
2.11144
-1.63528
0.853512
1.92642
-0.449221
1.41233
-2.60676
1.9387
0.66395
0.793484
0.352632
0.432276
-0.644955
0.0281143
0.441876
0.275308
3.03745
0.358683
-0.692059
-1.09063
3.80037
-0.111296
3.13874
1.07758
0.355964
2.06366
0.41401
2.27153
0.65483
-1.05073
-3.46891
-0.905266
-0.414237
2.47076
3.20147
-0.939539
0.345874
1.28741
-0.10913
-1.25644
3.08911
-0.312429
1.62315
1.75639
-0.339955
-0.267513
-2.14022
2.48006
-1.84298
-0.668319
-0.717201
0.456214
0.649331
2.96847
2.00059
-0.371685
2.28787
-4.06097
-0.184098
2.05347
0.952914
-0.888581
0.723798
-1.75373
1.65659
2.40206
2.51377
2.15059
0.45809
-1.09418
-1.28898
-0.598452
0.459214
0.78909
0.176607
2.05898
0.259632
0.931287
-0.52308
1.19514
1.67543
1.2182
0.213998
-1.9688
3.31562
0.877979
2.27864
1.46437
0.878858
-3.30111
0.115627
4.32981
2.77287
-0.610224
2.4784
-0.596248
3.07123
-0.0913672
0.63504
1.43285
2.81813
-0.213443
0.874401
1.86955
0.603747
1.19092
0.802357
3.0651
2.73636
-1.49198
3.658
-1.62103
2.02516
-0.921754
-0.662929
1.09898
0.547329
2.75096
-0.671263
0.783205
2.01315
1.68043
0.335866
-2.02627
0.765148
0.762944
-0.590699
1.10844
1.69204
1.60166
-1.11816
-1.0691
-1.37527
0.99571
2.05672
1.75936
2.01552
-0.900861
-1.92678
-0.740765
3.14159
0.783393
0.175923
2.28151
-1.85876
0.194365
1.14022
3.87637
-0.320236
-0.604199
0.000725963
1.60719
2.55104
-2.4649
-0.370814
0.720249
0.570148
1.29178
1.51265
3.57137
1.39361
3.11219
1.01384
-1.41668
-2.51742
1.04227
1.11865
0.968557
-0.924251
2.72631
1.96275
0.189782
-2.57977
-0.627056
2.57399
3.77423
-1.30392
0.665356
1.19433
0.456645
0.744932
-1.34102
2.27401
0.184614
3.54738
-1.70215
1.80314
0.50722
-0.0923582
-1.02772
1.45374
-0.50162
0.794617
0.750293
-0.0340279
1.08772
0.864076
-0.314471
-0.121552
-1.27396
-0.35856
0.245746
-3.01219
3.20966
2.37218
0.156072
2.79288
2.45212
0.822869
-9.21756
0.34333
1.61489
0.824313
3.51399
0.832127
-1.28716
-3.36918
0.784933
-3.03756
-0.16944
-1.99734
0.219434
-0.257211
-3.24041
3.68265
1.00401
0.408264
1.16996
0.665854
1.03212
1.00255
-1.65539
1.22424
-0.00709305
1.39291
2.75008
0.945261
0.237939
-0.180032
0.804121
-0.944226
-0.309601
0.99692
-2.23722
-0.129603
-0.991303
-0.184082
-0.639822
2.364
-1.52958
-0.0777261
1.85636
2.49402
-0.939778
-1.92944
0.409894
-0.99047
3.23369
-0.384788
-1.46444
-1.61066
2.61812
-0.470252
3.39076
2.33694
4.22817
-0.106254
-0.157868
1.6149
0.345823
0.473529
-0.837735
1.48206
2.04685
-0.373454
2.40965
3.61352
1.019
-2.49493
-0.366836
0.546569
2.02428
0.0189398
2.15047
-0.339636
2.23308
-0.432931
0.558828
0.529151
-2.33579
0.901822
1.41653
0.355762
-1.86804
-4.00807
-1.31877
0.131616
0.924368
1.67727
1.82521
-1.23095
-2.25841
-1.87369
0.258502
-0.335916
-1.2453
3.35123
3.65469
0.785361
0.64598
3.02847
1.4645
-1.71624
-0.0805129
-1.83363
0.419789
0.0785803
-1.32554
-0.427876
0.210366
-3.08374
2.11367
0.393881
-2.9172
0.865268
2.19819
1.4789
-0.819451
-2.28021
0.215371
3.07281
-1.89447
-0.501552
0.388062
2.86924
-0.533566
0.554136
0.810721
1.88916
-0.377222
-1.36829
-1.49488
1.41215
1.8928
1.6966
2.31306
-0.87868
0.73905
-1.03194
-1.06076
-3.42717
-1.77246
-2.06346
3.43287
3.77473
0.306278
4.08032
2.87979
1.70388
-0.324043
-0.865651
-2.36766
-3.99924
-2.17353
1.3806
0.535334
-0.139592
2.91716
4.70635
-2.2881
1.26216
-5.47997
0.222032
-0.187537
-1.98329
1.86533
-3.01081
2.09021
-3.56599
2.01081
0.384023
0.682249
-2.65675
2.35088
1.9927
0.639078
-2.40029
0.562118
1.62105
5.95415
-1.16161
2.09758
1.3956
2.25382
0.98976
0.189971
1.0314
-1.3555
-1.88377
3.7766
2.2724
-0.881365
1.08035
-3.62165
0.116442
2.35014
-3.75511
-2.97797
-0.444073
1.37789
0.0384116
0.22005
-0.75427
0.516758
1.55355
2.36556
-1.11489
-0.771198
0.790031
0.410489
2.50505
-0.0563787
-1.13402
0.943302
-0.772534
0.135239
-1.19194
-0.0830326
-0.427447
-0.250771
4.80843
-1.04181
-1.12431
1.50857
-0.766632
-4.1886
-1.71023
-3.71897
-0.638965
1.06824
0.972152
2.83706
-0.419511
0.901036
2.62921
0.437336
-0.608406
1.17018
-4.26727
-1.16069
4.06364
1.19682
0.0824927
-2.74419
-2.80045
-0.0462239
1.32127
0.725438
-1.23652
3.09194
0.47931
-1.55124
-1.77659
1.08078
1.79301
-2.10271
2.31058
0.484147
4.5964
-0.922025
2.48383
2.70712
0.232232
-1.32509
-0.58448
2.20904
1.25474
2.18275
2.20261
1.83803
-1.56703
2.76023
-0.921364
2.42604
-0.440575
0.208255
-0.806548
-0.718864
2.5247
3.66282
5.10186
3.61632
-1.27757
1.34886
3.58191
1.61366
1.73877
3.92742
1.05435
-1.34775
0.41527
-3.10105
0.592435
1.83614
0.608758
0.2285
2.21025
0.767644
0.222986
2.51487
2.2371
1.10857
-0.674095
-1.75349
1.83577
-1.16953
0.543395
0.556251
0.908926
0.144342
0.427555
-3.88119
-1.93599
-0.558489
-2.14855
-0.607467
1.09915
-2.02333
1.46536
2.34448
-1.99921
0.673682
1.58134
1.61353
-0.17037
1.53982
-0.0917601
1.58137
-0.52833
0.92624
-1.622
-1.36298
-2.13878
0.331223
0.458978
3.63494
-0.803131
-0.053865
-3.38486
0.61189
-2.66328
1.33242
-0.124159
-3.15326
0.193362
-0.2998
2.48438
-1.98074
2.58137
1.02688
1.06144
0.0966894
2.26161
1.85667
0.151501
0.0416329
-2.21781
2.6051
-0.758185
1.23905
1.22664
1.05223
3.29484
-0.225597
1.60427
1.42372
0.0880916
-3.68093
-0.582514
2.50428
-0.66802
1.7202
1.30485
2.29239
3.16584
3.14891
0.992577
-1.67851
1.78712
1.86643
1.24918
1.11497
1.7597
-0.526188
-0.197718
-2.56339
1.3681
0.729989
1.10622
1.43674
0.877643
1.99492
-2.31772
1.91384
-0.801503
1.24514
-0.421457
2.22346
0.518494
-0.323793
-2.3304
0.0163121
-0.808499
-1.08154
-2.27406
0.580243
-1.90523
1.48003
1.21421
0.699669
2.47757
-1.10373
-1.12777
-1.90083
3.08333
0.906765
-1.99868
2.44621
-0.509035
-0.0402288
1.97895
0.882481
2.75529
-0.167206
-1.7979
0.653808
-0.298519
-1.07257
2.22467
-0.369065
-1.36957
-0.277371
-0.946159
-0.0705314
-1.30817
1.60306
-0.00477703
-0.793757
1.16736
-0.869641
1.5945
2.03669
-3.44005
1.28028
-0.323222
1.35994
-2.85489
2.63058
2.20029
2.46398
-0.578503
4.64
1.42719
-3.18124
2.0419
3.3086
0.965842
2.59359
-1.35828
-3.33294
3.70584
-0.189664
0.67387
1.57965
3.91472
2.67539
2.59887
2.11294
-0.0469718
0.492652
-3.66279
-1.2048
1.00652
1.25435
1.17643
-2.54396
1.54432
1.97484
0.970299
3.97325
1.78654
2.13276
3.11448
1.19788
-1.47991
1.75022
-0.670654
1.60777
0.0948887
2.32766
3.06964
-1.01776
-4.11153
-0.684606
2.10849
-0.336623
1.83296
1.39396
-0.335163
2.58132
0.858869
2.97665
1.77485
2.90868
1.39851
1.24665
1.91411
1.57286
1.30004
3.77806
3.64523
1.94132
-0.315257
1.75699
3.13562
-3.80508
0.544415
2.86702
-0.555698
0.181057
0.277185
0.307229
2.10637
0.682888
-2.28025
1.53201
-0.428972
2.02506
2.55421
0.593734
0.0713984
0.489485
-1.41157
1.94583
0.531728
-3.97214
0.723895
2.86539
-1.03158
-2.76565
2.85289
-1.81482
-2.4954
3.18156
-0.117131
1.01354
-1.33879
-0.586491
1.58652
-0.730269
2.60222
0.379187
1.21227
0.00271445
0.377756
3.39751
-0.389725
0.569961
1.07948
-3.21086
-0.985947
0.6935
0.0347838
-2.03992
-0.183322
-3.05001
1.48388
-1.70623
-0.420656
-0.547417
0.14569
2.135
1.733
0.501917
-2.80795
0.0775375
0.543906
1.4047
-2.10558
0.508371
-2.13713
1.50797
-2.1554
-0.982457
-0.448038
-0.603399
1.16399
-1.27938
1.5478
1.8092
1.88807
0.108244
0.233689
2.66525
3.05143
1.75505
0.0163423
3.5676
-0.748475
2.97624
2.23026
-2.67395
-0.574928
1.09743
0.220961
-0.427964
-0.241238
0.727495
0.520591
-1.96016
-4.38235
0.106574
0.417165
1.64619
0.0836478
1.15408
2.79257
0.470973
0.485748
-0.288031
3.35871
-3.95666
2.38191
0.275458
4.30852
2.50314
-1.76835
-0.475173
0.775504
0.972028
-0.25416
0.381713
-2.39009
-2.06682
0.846582
-2.06334
0.765518
0.984302
-0.52226
-1.12156
2.85362
1.43182
0.137799
0.987016
1.11527
-4.78421
3.46555
0.621744
0.546152
1.17585
1.36277
1.64499
-0.129878
0.0415988
-2.65394
-1.97222
3.48182
0.659004
0.605471
1.79224
1.21485
-1.40245
0.597767
-0.984316
3.67602
-0.0891468
0.977508
-3.03779
-0.753349
3.11579
1.75542
0.259501
2.86692
-2.88923
-1.4486
2.23473
0.371867
1.87079
-0.311219
-1.00841
1.96659
-1.97531
1.38573
-0.451855
0.898436
2.4809
1.25429
2.25365
-2.22545
4.04692
-1.01997
-0.41917
2.44799
0.524651
1.30386
1.28778
-0.618837
-1.15934
-1.67288
-0.909741
-2.59641
1.43849
-0.0858188
0.577611
-2.05492
-0.827624
-0.578767
-0.019206
0.72159
1.47381
-3.24003
3.15644
-0.873737
2.43479
-0.958643
0.714631
0.896638
1.97576
2.44578
1.76029
0.704381
0.0879577
-0.143045
-1.86387
0.990008
-0.958697
2.99495
0.263316
-3.0774
1.35199
1.22284
3.03561
2.19651
2.4848
4.18085
1.66035
2.47052
-0.340091
2.59769
0.685321
1.55907
-0.417153
1.61856
-1.67733
-0.698023
2.35265
0.0742459
-0.717628
-1.15093
-1.83745
1.91737
-1.86524
2.27395
1.64451
0.948097
1.21792
0.113733
2.10678
0.531356
-1.04221
-1.574
-1.87534
-0.482262
0.92915
-2.06839
1.35918
2.07488
4.08121
-1.903
0.277323
-1.1487
1.44308
1.94025
0.229712
0.499411
2.54811
1.59615
3.97085
0.515644
0.562436
0.682272
1.26737
1.72855
0.892405
-1.59256
1.77364
1.26166
-2.78075
1.90552
1.28695
-0.0310517
0.601056
-0.863245
-0.782307
2.58999
2.95163
-0.695016
0.974064
2.23632
0.00837755
0.98415
-2.89381
2.4054
-0.500654
2.92954
-0.0376696
1.55875
-1.36429
2.85673
-1.10873
-0.541808
-2.59191
-1.3383
0.393192
-0.506002
1.09255
2.5801
0.162508
-0.464851
2.32692
3.06542
2.89682
-0.432695
-0.0566744
2.87473
0.606427
0.904499
-0.443027
-1.1747
-1.57153
-1.0667
-0.932245
-1.14384
-0.641555
-1.4159
1.49688
-0.105039
-0.969379
1.21881
1.62112
-2.49848
1.81992
0.590489
2.7686
-0.456444
-0.85082
0.163745
1.62444
0.507128
-0.338163
0.673577
2.21451
-1.33814
-3.28016
2.24329
-0.167033
0.687161
-0.497477
-1.20959
-0.440555
-1.41613
1.50574
0.993186
0.309126
2.44943
-0.0655553
0.845674
-1.50582
-2.64776
1.02111
0.18905
0.749293
1.83242
0.0292413
1.17766
0.174236
-0.877639
2.5344
0.951496
1.35403
0.0458169
0.978758
-3.58037
-0.570654
0.555932
-1.20777
3.11264
1.87901
-2.63653
-1.52333
0.916887
0.149761
1.65769
-4.94441
1.25559
2.32171
-1.36286
-0.132328
1.69853
-0.327449
-3.85801
-0.0516881
0.298434
2.12589
2.26127
2.26475
0.70693
-0.80542
1.39483
0.329305
2.01893
-2.42539
-0.685624
-2.05788
0.860703
-1.54171
2.65239
-0.493412
1.33778
-0.641556
0.371412
-0.952971
-0.589359
4.60357
1.73523
1.28367
2.64255
-1.4908
0.335866
1.64945
2.49911
2.18558
2.23379
-1.31077
0.339138
2.32684
-1.91651
-0.750338
1.1686
1.94032
1.57994
2.31549
2.97858
-1.13048
-0.3214
-0.668377
0.500102
2.47116
1.07669
-1.50472
-0.643792
-0.487657
-0.860521
-0.579171
0.802892
1.05531
0.862679
-0.429813
0.731496
1.20335
1.42671
-0.331303
-0.174746
1.87046
0.441247
1.45882
2.03235
4.573
-3.27957
0.476629
1.15278
1.20575
1.33875
-2.20217
2.51223
-1.9317
0.663903
0.949977
0.0519085
-0.00748467
-0.659352
-1.13843
-0.761931
-1.37151
-0.207281
4.05168
-0.414309
2.69951
2.06278
2.79436
1.78361
1.00263
-4.26815
0.0274242
-1.40293
1.28403
1.18831
0.263846
2.04796
0.849137
2.45592
0.82104
3.77423
-3.47492
1.80552
1.13288
-1.27882
-3.31057
-0.460112
2.58293
-2.41283
2.29284
-0.819139
0.185679
1.1555
2.15578
0.46861
0.215877
1.56524
2.4137
-0.397321
1.65375
0.866959
-0.896101
-1.73709
-0.6129
1.45565
1.18154
2.30523
0.850992
1.50768
3.4383
0.633658
2.31947
-1.85794
0.950756
-0.516509
-0.401924
-0.663391
-3.59853
1.62602
2.11791
1.36798
0.839691
0.969796
1.4226
1.4849
1.76508
-0.797518
-0.0202568
0.965704
2.7185
0.884936
1.62897
-2.2534
-1.70111
2.42232
0.0757669
1.02167
3.27276
0.970833
2.35465
3.07173
2.15892
0.914165
0.0787663
-1.81004
-0.183621
1.66582
-1.14912
0.950698
-0.299942
0.456205
0.36566
0.745048
-2.4116
0.640938
0.930058
0.31003
-0.670801
2.51594
1.04965
-2.09489
1.3164
-0.678569
2.20999
-2.00101
2.66832
2.91898
0.961083
1.63665
-1.19753
-1.91253
1.54858
2.0161
0.785439
-0.964955
-1.59464
2.22767
-0.326827
2.72854
-0.463791
3.82562
-4.13743
-1.60339
2.89204
0.997745
-1.38171
0.768155
0.0481225
-0.435792
0.272012
1.31054
1.24514
2.7328
1.35067
-2.32659
-0.563103
0.89466
1.64388
0.752656
-0.663114
-2.94387
0.39479
-2.04177
2.84047
1.00659
-0.890665
-3.10026
1.36998
-1.29293
-0.615259
1.37661
1.58308
1.25181
-3.48182
-0.940159
0.719882
0.746695
-3.34197
0.72607
-1.99402
-2.05602
0.610316
0.452119
2.47581
2.27462
1.23679
1.42968
2.07823
-0.793011
3.2292
-1.37477
-1.11558
-1.84889
-1.44136
-1.27842
-1.1699
1.66789
0.87421
-0.56709
-0.179615
1.68083
4.57919
-0.00896356
1.48233
2.39252
-3.04972
2.53804
0.238362
2.80895
-2.02234
-0.116104
0.321952
2.78256
-0.778414
-0.0726518
-2.5482
-1.28988
0.646479
0.901514
0.270722
-1.27321
-0.517632
-2.30818
2.25371
0.805076
2.33897
-0.990324
0.873609
-1.41827
2.53116
1.87293
-0.720681
1.21572
-1.61284
2.11778
-0.0888276
1.94759
0.0804945
1.94243
1.87366
-1.30697
2.48439
0.732309
0.973929
2.12023
0.945087
0.748638
-0.869701
0.955073
1.88695
5.3696
3.65318
-1.15225
-0.868788
-1.1441
0.469768
-1.68572
0.150094
-0.170492
-0.36431
1.32786
-3.49659
2.02298
-1.11958
-2.3698
-0.115595
1.71674
-1.25652
0.360882
0.183884
1.89597
-0.890425
1.19305
2.85427
-2.8146
1.43649
3.26226
1.2586
-0.355862
-0.757299
0.321753
0.956965
-1.21447
0.613112
1.0239
1.28519
-0.372437
0.314456
-0.572495
0.996128
1.3104
1.40172
5.12252
2.06381
1.42184
1.70267
0.922789
-2.14599
1.13057
1.02998
0.674038
-0.934816
0.123765
1.92662
-2.82231
1.45804
-0.222089
2.90145
-0.0213082
-1.51508
-1.03063
-0.639328
0.371147
-1.35868
4.22152
0.0353482
-0.128701
-1.05721
0.767467
0.964512
2.04785
0.822459
-1.21937
1.76377
0.197755
0.547187
2.64449
2.45475
2.5316
1.77245
2.47942
-0.251714
1.87887
-2.82127
1.64307
-1.41117
0.876873
-1.99295
0.680001
-0.474825
0.742823
2.50588
0.965552
1.10593
1.78305
0.818632
4.72966
-0.327309
2.19684
0.868606
1.37223
1.7893
-0.676129
1.39742
2.50836
2.33306
0.951944
2.47616
-2.1943
1.28972
-0.676129
0.0594142
-2.11417
-2.4297
-4.22932
-1.44126
2.08909
0.948381
3.25754
3.20268
1.99642
1.06361
3.0076
0.556871
-2.47099
1.92734
3.04337
-0.60478
1.24745
-3.84084
1.30381
-0.92674
-0.721915
2.45044
-3.0729
-0.726388
4.01587
-0.431152
0.399909
-2.87121
-0.526798
1.52414
-2.32257
0.760087
1.63166
-1.25903
3.35154
-1.09608
-0.428419
1.39383
0.222622
4.05581
-1.69006
1.5054
0.96469
-0.280437
2.73208
-1.09085
2.87006
2.79478
-4.49217
-1.14313
1.38127
1.38283
1.84974
-2.12837
2.70811
0.758722
-0.0188914
-2.36372
1.36173
-0.264766
0.47941
-2.99585
-0.14303
-0.590733
-2.15511
0.294052
-1.74058
0.572069
2.80457
1.76893
4.00463
-1.18724
-1.93247
4.43689
-1.03898
-0.187455
2.26449
0.516
1.23135
-0.0526588
0.176359
0.302767
3.87974
-0.296512
1.33651
0.493495
2.88863
-0.436695
0.0830721
-0.263589
1.85871
2.10079
-0.751751
0.200005
1.53792
1.23406
0.275326
-0.935496
0.924233
3.17746
1.59085
-1.38734
0.98039
3.46253
1.73529
-1.13011
0.156841
-0.0295386
-0.321151
2.4484
-0.242055
0.940869
-0.148048
-0.611734
-0.478322
1.02545
-0.110832
1.18249
-0.899242
1.97559
1.79101
0.113354
5.04271
2.32963
2.04378
1.2823
1.34208
4.23004
-0.621964
-1.30597
0.295201
-1.72716
1.88939
-0.0840217
0.276215
-0.972697
-3.17559
0.496889
1.60463
2.56923
3.24404
-0.771493
-0.356744
0.920967
0.210904
0.840539
-3.92425
-3.44957
3.04835
0.95518
0.546382
0.939088
2.93466
0.0523715
-2.16543
-3.61602
1.41436
2.64633
0.0699737
-1.40642
4.18127
-0.233473
3.56119
0.209898
-0.399756
2.29056
2.59095
-1.26898
-1.24643
0.269585
2.79297
0.734676
1.76079
0.13765
-2.12877
1.67688
1.32356
0.880824
2.39252
0.22491
-1.17516
-0.14896
-0.65273
2.65241
-1.51442
2.09021
3.75071
0.501676
1.80088
-1.6755
3.04302
-1.51616
-0.870575
-2.78105
1.47417
2.519
1.89381
4.76746
-0.945514
1.0217
-4.39961
-0.275557
0.481633
2.73541
2.03815
-0.431763
1.95781
0.161847
2.24797
1.44027
-0.110431
1.84479
1.67546
1.59935
-1.40163
0.321732
2.45961
2.02202
-1.60342
-1.25816
-2.10214
2.55402
-2.20007
4.22001
0.272841
0.627932
-1.47847
-0.646507
-3.25059
0.908393
2.84406
-1.31661
-1.53479
0.229995
-0.561183
2.50519
2.55106
-1.67859
0.104946
1.80627
2.4608
3.10993
2.40669
-0.126141
4.56521
0.43929
-1.72362
-0.66347
1.13589
1.65214
2.52986
1.78839
-2.61523
1.39164
-2.51353
0.0124849
0.958762
-1.23904
0.671867
-1.36503
0.420075
-3.89977
-2.85822
-0.0586809
2.81522
0.933384
0.638686
-0.127557
1.68727
-0.973396
1.88899
1.52112
0.0326881
-0.938112
0.873074
2.16126
1.08228
0.98898
0.974956
0.22759
0.176013
-4.12069
-1.8255
-1.7065
-1.68301
2.28093
-1.02454
0.398717
-0.930806
-0.226049
-0.885483
1.40244
-1.89308
2.65412
3.33864
-0.31155
1.45161
2.20222
-0.960699
1.61686
1.25347
-0.319689
1.95369
-2.67603
2.25527
1.40575
-1.4204
-0.576924
-1.20371
0.142792
-0.69005
4.29949
0.945102
3.77804
-1.97822
0.813938
1.99695
1.95378
1.59559
0.856637
0.086099
1.77383
2.2801
0.666117
-0.231738
3.092
-0.0882685
-1.06011
-2.17797
0.958296
-0.623502
0.578073
-1.03587
1.06865
1.38356
-0.366143
2.65085
2.92525
-3.12608
1.49241
-3.42517
0.141308
-0.0996486
1.28505
0.334824
0.658871
1.60172
-1.07063
-0.0165793
-0.35305
-3.51697
1.65215
1.75451
0.70885
-4.71385
2.20917
1.62001
0.252192
0.0861779
-1.68031
1.54431
0.170494
-1.54733
1.48835
0.857737
1.82481
0.222853
0.498664
-1.6528
1.4483
0.526546
-2.5402
0.703852
2.66272
0.398112
2.85067
2.45956
0.988209
0.0872946
-1.81512
2.48581
-0.532565
2.897
2.47537
-1.84466
1.41348
2.84176
0.629774
1.52648
0.332966
1.14046
-0.268728
1.98149
0.969408
1.54739
-0.188595
0.273639
-1.53395
-1.11151
3.01815
2.06289
-0.369826
1.41541
1.3787
0.127653
-5.49638
2.62555
-0.496148
-0.996644
-0.277472
0.192017
-0.0521002
0.973726
1.16998
0.745126
-0.883553
3.42884
-0.36692
1.06466
0.366592
4.50094
2.26102
0.353755
2.363
0.104006
2.38634
1.31165
-0.2448
1.13456
2.1706
1.50962
-3.19935
1.5611
-1.14728
-0.626911
-0.41172
2.02284
1.97746
0.629834
-0.814794
-1.31897
2.7523
-2.83003
0.945851
-1.08978
1.21034
0.124413
3.47427
-0.98698
-2.45385
-0.930738
1.03861
1.05871
0.649078
1.4018
3.23752
-0.232398
0.735431
0.736054
0.441941
0.87886
4.20998
3.32204
3.25756
0.831444
-0.945114
-0.223066
2.08464
1.50169
1.3114
0.825397
-6.07647
1.34143
2.12618
2.14619
1.04596
0.563732
-0.299743
1.14211
2.54065
0.853077
-1.69767
0.518576
-0.741252
-0.450805
0.0523141
-1.86333
1.60425
-0.342662
3.2052
0.869472
3.17647
-0.960636
-0.871949
-2.27584
1.90218
-0.236161
-1.759
-1.89843
1.00122
1.30248
-0.212873
0.698607
1.21488
0.309606
0.0431665
-0.431825
1.91628
2.56554
3.04933
2.3245
-1.50042
-1.8686
0.544131
0.753927
0.594103
-0.798707
1.22988
1.76254
2.82269
-2.13476
3.74655
-0.0362866
-0.744979
2.71852
1.50274
-0.74214
-1.20358
-2.59299
0.373096
2.52212
2.26572
0.382647
6.0927
0.491037
0.0934741
-2.29913
2.28853
1.3351
2.45716
-2.78091
-0.920795
-4.38416
3.71049
1.08763
2.04843
2.11368
1.16142
-0.696253
1.15124
-0.123751
2.0192
1.91748
2.10329
-0.341898
-1.12226
2.47334
1.36107
-0.269766
3.10131
-0.163377
-0.368571
1.43209
-1.95353
3.03158
1.78598
2.57498
-0.0104304
0.387739
3.22601
-1.95292
2.54136
-0.758253
-1.41072
0.359349
-0.199247
0.919767
2.76216
-0.216327
3.55793
-0.121512
-0.156533
1.19157
-1.93775
0.667729
1.54946
3.32942
-1.75966
2.50906
2.73156
-1.67303
-0.724818
0.635915
-0.181255
0.554699
-3.14879
2.35055
-1.05628
1.619
0.162194
0.293552
-1.36807
-1.94124
0.623796
-3.01975
3.05353
0.678819
-0.981669
1.72252
0.997238
0.576531
1.75942
-1.4591
0.670297
1.24452
2.56414
0.15756
-1.10117
2.18901
2.04026
2.20459
-0.134106
0.935905
2.35496
2.08843
-0.479146
0.318937
2.74975
0.174184
0.87954
1.68311
0.770822
-1.41667
0.732416
3.46885
-2.45577
2.38775
0.723576
-2.03228
0.138974
3.36426
0.690132
0.528644
0.49184
-0.326444
0.228764
0.0303077
1.46296
-0.192972
-0.359267
2.57322
1.94662
-0.000258528
-0.974947
-3.20335
-0.907519
-1.28745
1.85316
0.0918595
2.17407
0.847218
-0.433941
0.858468
1.97909
0.463613
-0.920383
0.906664
-4.05443
0.236276
0.152199
-1.40337
1.23296
1.99095
1.89056
1.67566
1.78486
0.804634
2.05204
2.56482
-0.957099
0.0916664
2.10692
1.87923
-2.62772
2.11674
-0.773495
-0.617094
-2.49933
1.52576
2.85849
1.65316
2.33898
-0.096244
0.644405
3.17057
3.2173
0.518761
2.19474
-0.707419
2.57452
1.81792
1.59251
1.82423
2.09327
0.162634
-1.3557
1.10256
-2.54971
0.779476
1.58139
1.1759
1.64813
2.62252
1.57463
-2.19863
-0.358929
-0.846216
3.32052
1.06374
-3.89289
-0.36947
2.53313
-1.23267
-1.35122
1.44682
2.8182
2.9861
-1.30887
2.12433
1.996
-0.60686
2.1782
1.76115
-2.47018
2.10684
0.950534
0.934919
-1.0973
2.48995
2.1074
1.70811
0.398218
1.01114
0.858218
-1.93861
4.56946
2.58574
3.32695
-1.32743
-1.0073
-1.85161
-0.945501
0.657533
-0.88478
4.21661
-0.427769
3.53309
-0.395218
-1.23454
1.96377
0.00593676
0.898393
-2.05763
1.10547
-4.73709
1.72225
-0.548045
1.63113
0.782757
1.78521
-1.111
-0.373262
1.49008
0.901201
0.115198
2.0915
0.984299
-1.63508
0.19147
1.56127
-0.587518
-0.657085
1.22607
1.32761
-2.32662
-0.851634
-0.15079
-5.64315
-2.32539
2.74878
-0.632646
-1.17919
0.582951
2.10901
2.23505
0.713899
-2.13509
0.55911
2.08382
1.28088
2.99695
0.943892
-1.61685
2.06231
-2.1138
2.40485
2.00816
2.20531
1.81685
0.441877
1.66427
2.31638
1.39479
-0.578036
3.42737
-0.458659
-0.708068
2.05143
3.12966
1.08624
-1.04637
-2.27982
0.413276
-0.345929
-0.921482
2.20266
2.02857
1.47102
3.24475
2.06812
1.72889
0.641601
-1.53735
2.09885
-0.0780297
-0.290802
0.471818
1.40422
1.41013
1.329
0.500393
-2.73193
1.52642
1.74567
0.520744
-0.0506658
-0.486099
2.24276
0.609674
-0.512252
0.596132
1.67286
-0.850692
-2.98869
0.00957297
-0.862357
0.412522
-0.603942
2.18869
2.955
