0.98689
0.999911
0.875035
0.832162
1.00529
1.01766
0.905386
1.11532
1.01979
0.911623
1.00693
0.995164
1.05091
1.09258
1.11905
0.850762
0.632731
0.547012
0.524568
0.526835
0.711986
0.832092
0.746336
0.692489
0.44597
0.486576
0.345477
0.234844
0.0124093
0.0206197
-0.157033
-0.10156
-0.077628
0.205964
0.193396
0.152605
0.517719
0.366385
0.15242
-0.00537409
0.0082782
0.130313
0.0474705
0.0783172
-0.0205323
0.0954576
0.200177
0.184543
0.00263619
-0.158259
-0.319548
-0.252082
-0.206398
-0.0538891
-0.0412433
-0.128351
-0.0692642
-0.0630043
-0.339724
-0.408444
-0.296571
-0.282442
-0.191913
-0.0612811
0.0497138
-0.0668145
-0.217826
-0.128742
-0.0988547
-0.160469
-0.173428
-0.135726
-0.309919
-0.390076
-0.442046
-0.528065
-0.426322
-0.419977
-0.503112
-0.333705
-0.208751
-0.313492
-0.330165
-0.653628
-0.556328
-0.556277
-0.64993
-0.621751
-0.458327
-0.372528
-0.613513
-0.623148
-0.552623
-0.720112
-0.894355
-0.82774
-1.10038
-0.982998
-0.88797
-0.953809
-1.02854
-0.898732
-0.644278
-0.559272
-0.574549
-0.388903
-0.12056
-0.160598
-0.321873
-0.242304
-0.427585
-0.512005
-0.29557
-0.375517
-0.272498
-0.179154
-0.23745
-0.296895
-0.173109
-0.0024115
0.0921468
0.269659
0.038002
0.0752403
0.198448
0.129529
-0.000533519
0.0793688
0.226947
-0.0796301
0.0321047
-0.0270121
0.0132653
0.221637
0.304213
0.213244
0.304769
0.295334
0.295629
0.460492
0.460988
0.563449
0.462286
0.411301
0.346201
0.465556
0.437367
0.507514
0.667638
0.845389
0.793266
0.648521
0.584405
0.857625
0.74204
0.958648
0.993535
1.02757
0.92538
1.10715
1.23414
1.30142
1.21503
1.13235
0.90805
0.845121
0.954758
1.10456
0.913911
1.00418
0.932698
0.773733
0.578932
0.641656
0.517635
0.61756
0.638422
0.588851
0.574868
0.594508
0.691007
0.725132
0.615447
0.765221
0.871303
0.872746
0.908601
1.04464
1.21393
1.04778
1.15864
1.03175
0.935528
1.00342
1.00539
1.07764
1.02291
0.861028
0.881009
0.893019
0.892292
0.958438
1.06467
1.1347
0.77523
0.769774
0.840815
0.92183
0.933611
0.711536
0.755807
0.477336
0.402658
0.477615
0.400993
0.568104
0.467432
0.59175
0.591989
0.557866
0.388675
0.284018
0.446926
0.627672
0.698354
0.572068
0.573919
0.634991
0.529545
0.462287
0.64939
0.597407
0.728553
0.652738
0.49908
0.44918
0.490181
0.432132
0.57307
0.56783
0.892224
1.00633
1.13179
1.00325
1.282
1.36312
1.23464
1.04855
1.07542
1.19914
1.31493
1.32723
1.04884
1.0647
0.838852
0.745758
0.800135
0.749232
0.78194
0.880308
