2.54581
1.76034
-2.49648
4.5252
-5.84075
-0.653224
4.70979
6.1346
-2.74565
3.96499
1.33195
-0.56502
0.473914
0.225645
1.74394
0.00778752
-4.23169
3.10234
-3.60257
0.504654
5.42519
1.32803
-0.883993
-0.871529
2.29606
0.980316
1.81673
-0.79757
-0.491437
-3.21506
0.076446
-2.3912
3.68581
-1.82004
-3.9897
1.9206
-0.0410774
-0.566433
3.84565
2.782
-2.33024
4.05773
-2.10665
-7.25202
-3.85567
-0.271661
1.66233
3.66099
-0.870884
-6.81177
-1.93083
4.32172
1.57116
3.98294
5.12955
-0.958537
4.93618
0.355355
1.37938
-0.0853479
1.2698
-2.16487
2.08766
9.09392
-0.62633
0.907866
5.99871
4.58601
-2.51299
7.16752
3.44793
0.525472
9.80941
-1.66926
2.18881
8.4173
-1.32084
4.06314
7.30289
-2.68838
3.10314
4.45118
4.1461
1.05066
-1.34298
8.77977
-2.56962
4.31861
1.90664
-1.8363
4.15653
6.8711
4.53214
2.77632
1.41421
-2.98474
0.0918174
3.63444
0.416748
-0.748789
