-0.816972
-0.775264
-0.789603
-0.598904
-0.500468
-0.468633
-0.487571
-0.527552
-0.680569
-0.716538
-0.80686
-0.90566
-0.987821
-0.957975
-0.958382
-1.12614
-1.16037
-1.07433
-0.960295
-1.17224
-0.966271
-0.951489
-0.986366
-1.06797
-1.04834
-1.06586
-1.23559
-1.16823
-1.35062
-1.2511
-1.11662
-1.18672
-1.28754
-1.29585
-1.19071
-1.17978
-1.07723
-1.0441
-0.972461
-0.944955
-1.10976
-1.23591
-1.24157
-1.22912
-1.08014
-0.932565
-0.907775
-0.881418
-0.956166
-1.01501
-1.06839
-0.932838
-0.881438
-0.993657
-0.749951
-0.693415
-0.691264
-0.701852
-0.725052
-0.916089
-0.933368
-0.881378
-0.985967
-0.906716
-0.905259
-0.944494
-0.741466
-0.682913
-0.630169
-0.61261
-0.632089
-0.6499
-0.690462
-0.948368
-0.927755
-1.04952
-0.975475
-0.947136
-0.781825
-0.766837
-0.768775
-0.800861
-0.773777
-0.641111
-0.645562
-0.652956
-0.700843
-0.798634
-0.794556
-0.861632
-0.808827
-0.810243
-0.659856
-0.691006
-0.532492
-0.497721
-0.474065
-0.358329
-0.281999
-0.260156
-0.242764
-0.182296
0.0785788
0.110593
-0.00992936
-0.133004
-0.273282
-0.265448
-0.494516
-0.536948
-0.40595
-0.24155
-0.222127
-0.214494
-0.0864091
-0.0619299
-0.07078
-0.0508561
-0.0713636
-0.0461211
-0.014926
0.0747399
0.0291804
-0.0235562
0.0573647
0.252102
0.199721
0.142003
0.22977
0.115335
0.247921
0.230283
0.373576
0.334715
0.256559
0.290787
0.281562
0.3878
0.258064
0.324478
0.297837
0.449862
0.380303
0.287865
0.00308249
-0.0890223
-0.103161
-0.0380054
0.0349613
-0.0399943
0.127583
0.27503
0.159572
0.130947
-0.0241448
-0.0998528
-0.135298
-0.0916265
-0.190132
-0.104468
0.0510107
-0.0932067
-0.098727
-0.106208
-0.0644235
-0.0807794
-0.126326
-0.0384111
-0.141013
-0.172712
-0.00843519
0.0880322
0.0803526
0.212792
0.0919993
-0.046042
-0.0731238
-0.194389
-0.239722
-0.0483983
0.0419713
-0.0718049
0.024122
-0.0633512
-0.0280715
0.0714624
0.0894357
0.0990285
0.0067973
0.0356064
-0.0355045
0.168564
0.187766
0.153665
0.360686
0.665346
0.685044
0.528985
0.565687
0.609711
0.542181
0.491103
0.660325
0.806955
0.998631
1.05706
1.00615
1.08055
1.073
1.04035
1.04919
1.14474
0.986267
1.15884
1.18495
1.24337
1.22362
1.04158
1.21379
1.08386
0.901974
0.840632
0.875189
0.799817
0.90503
1.05883
0.900187
0.920777
0.924081
0.969085
0.871472
0.783368
0.805569
0.586742
0.677604
0.707341
0.655984
0.65769
0.660112
0.825848
0.887871
0.840248
0.829481
0.816833
0.841308
0.8296
0.70373
0.752241
0.915869
0.851116
0.90852
0.997245
1.03965
1.03757
0.937752
0.912592
0.943906
1.04794
0.950539
1.0779
1.12722
1.09696
1.13025
1.02254
1.07448
1.10304
1.08992
1.13862
1.18256
1.29563
1.36732
1.33169
1.36702
1.43006
1.40972
1.4255
1.31641
1.27003
1.39337
1.45801
1.40166
1.1954
1.1912
1.21147
1.27978
1.19791
1.17978
1.25304
1.11385
1.01743
1.05597
1.06965
1.15639
0.973574
0.957154
1.0072
0.974497
0.957107
0.941772
0.996704
1.00979
0.902545
0.726894
0.725762
0.688113
0.688382
0.790053
0.747833
0.693032
0.55248
0.572289
0.530665
0.490916
0.464926
0.339465
0.432856
0.536544
0.425164
0.352193
0.381465
0.382117
0.340293
0.470585
0.405504
0.241462
0.22211
0.24625
0.283702
0.185344
0.10962
0.163232
0.199344
0.206831
0.250538
0.236177
0.312578
0.314368
0.249961
0.211415
0.273965
0.379034
0.307798
0.200488
0.127085
0.0377179
0.0205014
0.107008
0.0898754
0.125826
0.130211
0.00962569
-0.0286816
0.0367553
-0.000540443
0.0834645
0.115154
0.0938278
0.144879
0.232151
0.117096
0.195813
0.343042
0.379707
0.576263
0.694011
0.54085
0.388918
0.317413
0.235372
0.134513
0.0999624
0.179175
0.12628
0.273901
0.253917
0.331099
0.252282
0.263698
0.319948
0.349995
0.214734
0.164508
0.225081
0.284149
0.2564
0.32068
0.258235
0.22936
0.330401
0.30807
0.233044
0.229564
0.185347
0.176125
0.301542
0.264391
0.262531
0.299962
0.234925
0.175652
-0.000316343
-0.10961
-0.132142
-0.246203
-0.383168
-0.443157
-0.454575
-0.436893
-0.381676
-0.359318
-0.340863
-0.222935
-0.132451
-0.271339
-0.318638
-0.218201
-0.270027
-0.343268
-0.403523
-0.480843
-0.574072
-0.51691
-0.579567
-0.658273
-0.674327
-0.500513
-0.570856
-0.523174
-0.513663
-0.545333
-0.356675
-0.467899
-0.430365
-0.497967
-0.721164
-0.78559
-0.678429
-0.65005
-0.685794
-0.505239
-0.342433
-0.217344
-0.0575841
-0.0922768
-0.154019
-0.113958
-0.111901
-0.0399425
-0.0268309
-0.0864788
-0.0853895
-0.411919
-0.503341
-0.813599
-0.707857
-0.638601
-0.637306
-0.658187
-0.67685
-0.682036
