-2.58106
5.28644
-0.760794
0.91885
-1.28068
0.344434
0.948604
2.61735
1.62644
0.095414
-5.26483
4.83393
4.38794
-2.17418
0.702338
-0.830692
-1.97889
-6.1401
1.85543
3.39542
0.727252
2.87004
-1.65626
3.05937
-0.26846
2.70656
-1.35065
-1.78043
-3.01771
-1.78543
3.88815
4.17099
3.91398
5.23698
-3.43635
-2.41919
-4.95724
0.987702
5.91888
-1.18044
-3.02836
-0.693383
0.999516
0.0362137
2.28031
6.03449
-2.45355
-4.40485
-2.33378
-3.35667
3.01837
-0.234563
-1.89585
-0.0554861
-1.77735
-7.19171
1.37993
-7.57141
-5.61101
0.838596
2.80724
-3.75012
1.88333
-2.02726
1.34889
-4.18772
3.59105
-1.10435
5.65997
0.421554
3.12356
0.898958
-2.93972
-0.748131
0.998114
-0.987435
5.29985
2.29241
1.24821
-3.10763
-2.39708
-4.3391
-4.27044
1.63372
-0.172036
-0.373236
3.28133
-2.0161
4.05239
2.77831
-4.9738
-2.28845
0.347509
-2.60165
1.34694
-0.682431
-2.70394
1.90582
6.67265
-3.49597
0.413336
1.39573
2.17338
-5.08086
-1.12224
-0.451223
-4.67279
-0.246935
8.58933
2.36697
0.368052
-0.521682
4.8642
-2.93421
2.65705
-9.59742
2.22053
5.82161
0.244116
1.21772
-3.70479
3.75487
-3.36205
6.45771
-0.331688
8.06519
-2.16267
1.55281
-4.2431
-0.203636
-1.85517
2.88962
0.321546
3.18181
0.873806
-0.178618
0.786397
4.46508
5.64886
4.43728
-0.91643
-2.84893
0.359811
5.18335
-0.936438
0.255886
-3.39623
-0.372254
-3.65802
9.13516
3.87627
1.98047
0.539882
-0.792832
4.11565
-1.39781
2.29401
-0.124863
0.245589
1.56126
-1.12563
-0.267423
-1.72767
1.25148
-0.529522
1.50613
2.17439
1.09933
5.28995
-4.86305
-2.47022
4.12799
1.19143
-1.88444
-1.21512
2.30736
0.762584
-2.00353
4.03947
-2.06128
-6.54797
-4.51595
2.07197
1.03789
2.43324
5.96025
4.85657
2.99571
4.2043
3.84787
1.33682
3.55241
-0.99044
5.87887
-0.263111
1.67783
-0.3336
5.7725
-0.599362
4.51683
4.26123
0.0968161
2.0058
0.702518
1.81176
4.01785
2.76737
-0.136902
1.77448
-0.620372
-4.9106
-3.57186
0.276139
4.14031
-0.100862
-4.43231
-0.928504
1.28689
-5.61424
-0.0228706
-0.447955
3.46362
3.86445
0.573421
4.4695
2.5027
-0.864879
-1.9243
3.17977
2.79534
2.45467
2.58864
0.6589
-3.35959
-0.294209
-2.36218
3.37742
5.80233
-1.02158
4.8306
-2.13894
-0.753881
1.447
0.739212
3.51503
6.91089
4.67919
-2.87405
4.76006
5.35754
10.9453
1.06447
4.46835
-1.91394
4.82905
0.664436
7.80643
2.41587
4.75186
4.95436
-0.211154
-1.07967
5.68146
-0.0840081
-0.616043
3.66317
-2.72229
9.79355
-0.395982
0.906068
-3.9
-2.3908
-3.61217
-0.113957
1.86673
-0.159441
-7.08774
5.42271
-2.35862
-2.11348
4.60774
0.032745
-4.12677
-3.2985
1.4679
-6.25079
0.530874
0.10696
-0.797188
2.51774
0.206778
-4.67047
0.190488
1.60238
-1.68808
1.78772
3.5292
-0.743094
1.77497
-6.23678
-3.84539
3.79873
2.17089
-0.774662
0.960252
0.144951
-5.17243
-5.22562
-1.51685
1.18853
4.37566
0.148715
0.0303114
-3.41039
1.21497
1.42679
3.47949
1.16492
3.19502
1.81618
2.91291
3.32036
4.54895
0.84598
-1.15323
3.13917
2.22573
-0.615975
2.78996
-3.32752
0.781254
-0.470214
4.18808
0.979353
-1.67423
-3.77532
0.80535
-2.4309
5.71829
3.13654
0.200386
-5.17201
2.32133
2.07373
0.686085
-2.04219
2.00319
-0.922831
-1.37659
-2.88618
-3.49825
-1.63324
-6.11903
4.21928
0.373131
0.496033
3.15891
0.646068
-0.186298
2.77787
-2.68232
0.777707
0.125562
0.829146
1.50088
1.35771
3.07538
4.20118
7.56894
2.56219
-2.22913
5.33877
-2.34187
-1.4513
5.97455
0.995504
2.25517
1.49219
-1.1233
-6.08555
3.45193
-1.53717
1.02472
0.133317
-1.19481
-7.31551
-2.17006
0.216026
-8.87098
-4.01526
-0.0553218
-0.216628
6.38256
-6.59796
-8.47694
-0.308555
-3.98256
0.450634
-0.103746
7.38778
-2.14201
-1.88561
-0.328578
-2.61247
-2.60205
5.26082
7.51299
2.57706
5.49352
-1.27319
4.89753
1.77066
-4.02888
-0.853884
5.90271
0.0849894
-2.87046
1.89564
-0.684792
-3.14532
0.707272
0.652862
1.01181
-4.08143
4.61529
-0.748098
-8.42899
2.14932
-2.38526
-2.05425
7.68711
-0.365955
1.55483
1.50621
6.34393
5.70854
-0.290854
-2.16848
-1.68012
-4.1255
3.45174
3.85362
2.95373
1.70915
5.87232
0.0879264
6.96462
-4.05923
-3.1317
5.41505
-4.50487
3.3177
-3.1937
0.514267
3.02774
-3.16277
2.99058
0.690574
0.301941
2.33595
-2.88753
2.13712
2.21579
-8.16854
1.67591
0.112269
0.524657
4.07635
2.6323
-0.0796046
-1.89337
-3.31604
2.77278
-2.74593
-3.91047
-2.38284
-7.83919
2.87569
2.72502
2.40723
-0.312372
1.67528
2.38232
6.21969
1.11194
2.27636
4.0541
-0.54989
-0.00243345
2.95813
4.07331
2.57155
0.623766
2.57245
2.37805
1.25499
-1.569
6.53318
-5.79848
-1.05642
2.61055
-1.48742
2.23156
1.01693
-4.23156
-4.66745
-2.89023
-0.497854
2.54954
0.564626
-0.184364
-0.545209
-7.70993
-4.57171
-5.00766
-1.48473
0.393159
-1.20982
0.419505
-6.24829
-4.02203
1.59924
1.57356
2.9435
3.64361
0.177492
2.78367
-1.1459
-0.376315
-2.30388
-0.341377
-4.88953
4.00105
-0.863675
3.39836
2.91735
-7.05668
5.04333
6.59671
3.6922
1.13039
0.566994
3.43924
1.17388
-4.04793
-6.17745
-2.19038
-0.255776
-2.04077
0.34292
0.602268
1.73461
-4.43044
3.16846
1.03996
2.95916
3.20798
-0.283235
1.89729
1.71945
-2.12532
4.78204
-0.240666
-2.68684
-0.992926
0.267554
4.46794
-2.57974
3.35434
-0.827285
3.53434
-5.88176
5.85598
0.874362
2.96131
7.08842
-3.39843
-0.853148
4.48329
0.238181
-3.00533
2.54362
-3.01123
3.00157
2.08363
1.86884
2.85498
-1.44481
0.911259
-2.07241
0.908001
4.21934
2.81805
5.43826
-0.0262667
3.30919
-0.846201
-0.652486
-0.170372
2.1489
-1.13451
-0.422526
1.30821
5.33669
2.15225
-3.04436
3.78403
1.03376
-2.44631
2.04384
1.98176
6.02747
3.39988
-1.32507
5.47924
5.09087
0.762085
-0.466598
3.09869
-5.3607
2.81376
-1.87505
-1.325
-3.16794
2.79997
1.03966
1.40567
-2.75486
5.41909
5.39563
0.703943
2.2285
-0.10121
5.41261
-1.17529
1.39669
1.86907
-4.30536
-0.0338319
-2.02974
-0.261675
2.93003
4.31276
-1.58448
-4.00678
0.999573
-9.01419
-5.81448
-1.76366
-4.65021
-0.109453
-1.73949
2.77737
8.0912
4.36489
-2.44899
3.48906
-0.330646
-3.96966
-1.84269
-2.55105
0.152704
-3.60004
3.72372
2.82285
5.73486
1.36206
0.956098
-1.59694
-0.796572
1.15672
1.61654
-1.52911
2.14271
1.00069
9.82299
-2.70625
4.05852
-0.107312
-0.427776
-2.55801
1.35881
4.41469
4.40066
3.23364
0.279784
-5.77991
2.41017
5.43934
7.70886
5.82582
0.0626444
-0.0975158
-1.05149
0.691885
2.3712
-5.12942
0.453792
0.940065
-1.11874
2.29512
-2.10534
-6.85298
-2.78304
4.59805
2.6738
5.5798
4.19476
3.72865
0.528301
-2.99283
3.85815
-1.09262
4.64148
-5.70045
-0.527243
-2.34792
6.77459
7.05482
-3.21966
0.024443
3.45194
-1.36565
6.00575
-8.19827
1.95119
0.537747
-2.12466
-0.952986
3.83231
3.23538
4.17674
-1.09582
4.08387
-0.73054
-0.0849558
3.22769
3.69014
0.854321
6.86913
-2.07796
3.79494
1.60323
-0.822382
4.42854
2.92457
1.67316
1.26121
-2.78718
-3.64506
1.04165
-1.27736
3.27886
1.32383
-1.13452
-0.977698
1.77062
-1.98117
1.00618
-0.57108
-2.44569
-5.41159
2.4783
-5.84061
-5.18173
4.0543
-2.48609
-1.12185
6.40457
-2.53582
-3.82247
-1.5248
3.66255
6.154
-0.327311
-0.884257
7.70653
-1.22767
2.31488
2.8524
-4.50703
-7.44499
0.814808
-0.0945589
-0.12585
0.0231751
2.926
-2.01714
-2.43442
2.42858
3.19302
-0.865745
3.88773
-1.75476
3.62207
6.35463
-1.96107
1.4036
0.415331
5.19289
-2.39498
6.9292
-3.9373
-0.967068
0.748964
4.53334
-3.47491
8.87479
2.50272
4.46482
-1.39361
-0.836606
-4.89117
7.04853
-1.10291
-3.38298
0.0551041
2.60843
-1.85836
2.39643
7.7709
-3.54801
-5.60875
2.11582
-0.0775077
2.77609
-2.47547
5.119
3.34529
1.84832
7.01335
4.45375
-2.25785
4.66992
5.19839
2.34349
3.15819
4.94637
-0.308334
4.2556
0.842412
1.96403
-1.40546
3.78558
-3.40408
2.63586
-3.15183
5.31444
2.95823
7.31302
2.98768
3.96514
-1.49522
1.55888
-0.726229
4.92206
1.93881
4.61757
-1.85771
-0.212404
-6.32454
-0.174153
6.76217
-4.4618
3.16632
-2.71525
-0.567871
1.20189
-2.4881
1.50954
2.16067
-3.90161
0.969678
-7.53229
5.24744
-5.16033
-2.21629
1.89614
3.26665
-5.86751
7.15901
1.12215
-8.08572
-2.98934
-0.36819
5.0295
0.332718
-4.46988
-2.81141
-2.51397
-3.19028
-1.77134
4.16799
2.06075
-4.79948
6.12255
2.93217
-5.92149
4.76597
2.20875
1.47472
2.38235
4.00424
-7.40356
4.47209
1.91836
-0.365892
2.22327
2.94879
7.2872
-3.57914
2.05461
-2.99315
-1.95545
-1.81968
2.85631
2.32688
2.17539
-0.278473
1.25522
-0.13513
0.838098
-4.82473
0.702527
-3.60131
3.62175
2.82914
-6.32284
5.19974
1.30597
0.261426
1.2684
-2.07563
-4.1348
-3.87777
-1.77039
0.438963
8.75363
0.515805
10.566
1.56859
-0.628694
-1.94763
7.02103
-4.32744
-1.73545
-7.09789
7.64222
1.07844
-2.49501
1.24703
2.85596
1.22788
6.50822
-4.54185
0.651958
0.844469
-6.30686
2.95653
-2.93334
3.63332
1.32782
9.20947
0.0977502
-1.09665
-1.57074
-0.339799
-1.89162
0.970536
-6.64545
1.87613
-1.95296
9.31615
-1.23521
8.03102
1.385
2.34918
-3.20452
-0.416497
4.40137
0.0666604
0.334766
-5.31399
0.332431
0.593712
-0.188274
-3.62647
4.28585
-6.66195
-1.14825
0.877081
6.83682
-0.159403
2.18302
-1.47143
-1.45677
5.58487
4.48133
-5.9198
-0.525589
-1.31395
0.551615
-1.65034
1.17443
-0.459389
-1.24702
0.537758
3.54232
2.00754
8.9272
-1.62101
-2.1038
4.59167
2.7885
-1.23904
-1.83159
-3.47068
0.819532
3.76345
-1.37751
-2.2606
0.673083
4.55378
-2.36683
1.11035
-3.74183
1.41122
-1.92521
0.21607
-0.467543
-0.71108
1.49013
2.25409
-1.76713
-2.96832
-0.0762849
-5.27567
-0.484306
3.79737
-1.73944
-4.95039
1.37963
1.24604
1.95746
-2.18662
-3.44816
6.547
-4.40633
-2.40062
0.96648
-2.68127
-5.21961
-3.02361
-6.18103
-0.765357
6.21122
-8.59295
-4.48185
-5.70797
-1.77822
3.89912
0.244862
-5.40893
-1.73762
2.93027
0.12863
0.00799939
-0.843548
4.68726
-7.50211
0.250369
4.81911
-5.73294
1.11237
3.65401
1.25438
-7.10181
3.59206
3.12977
-0.777559
1.92925
4.91779
4.35714
3.79317
3.6772
-4.03611
3.07825
3.68208
2.29817
-0.983477
3.19712
7.61312
-1.49446
2.3868
0.557608
-5.12104
3.74111
-6.0701
2.4362
1.22554
-3.63294
2.68459
-0.537243
-0.826521
-6.29723
0.139162
5.2093
6.65621
1.25602
1.33127
9.89244
3.46413
1.22601
2.59354
0.872245
2.31739
10.2522
0.721725
3.03215
0.197425
0.341654
2.96935
5.75313
4.24457
-1.9816
-1.27776
-0.979501
3.51439
2.50127
1.47458
-1.37009
5.77931
6.62932
-0.0803876
-1.69922
3.95147
3.89854
6.16107
5.62206
3.80299
3.04757
4.3634
-0.108358
5.04654
-3.02026
-4.25611
1.90003
0.548646
-2.65237
0.771135
2.17567
1.82737
5.56857
-1.48884
0.435317
-1.45656
2.54263
4.14485
1.55088
3.86889
-0.839132
4.66648
5.66906
6.50361
-0.444451
-0.0313046
-2.246
-1.27779
-1.97074
3.52367
4.80161
10.9528
4.33827
-0.793899
0.0842017
0.308852
6.75559
1.93173
4.85354
2.46731
3.90389
-3.63061
3.82435
-3.39732
0.20858
2.60847
-8.93529
-0.532705
1.30611
5.50895
5.93301
5.21558
2.43411
-2.15688
-1.84572
1.21289
3.82438
-1.7609
5.41947
2.06264
7.13718
3.95356
0.295941
-3.03409
2.79621
3.91157
7.62666
2.20006
-1.89478
-0.69301
-0.274956
2.4681
1.28484
1.87399
3.60865
3.48253
0.574246
0.688571
1.46503
1.10266
-3.59674
-7.18569
4.18799
-3.00487
-3.7658
1.11954
3.56458
4.78602
-1.47796
-0.693221
1.52314
-6.56569
-0.426518
2.31315
2.89217
7.14175
-3.8441
4.84891
-3.0388
6.49986
1.39331
5.35038
1.59033
-2.09622
-0.719595
0.0144384
2.15729
-0.277401
-0.715245
0.347659
3.95389
-1.45276
5.33892
-0.709119
-9.66458
-1.43439
-2.66736
-1.229
-0.460056
6.90862
4.19516
1.45351
1.01376
-6.07074
5.36803
4.91244
1.95895
-3.79847
0.89934
0.374661
-0.326582
-2.40125
-3.52278
2.42129
2.32701
-2.49204
-4.90702
3.75153
1.44419
1.94247
-0.722394
5.81051
-2.63866
-1.68867
-5.01838
-8.23265
-2.07375
-2.02417
-1.48426
-4.98592
1.77668
0.127854
5.9333
-4.45451
0.495187
7.392
3.31166
1.82436
0.512044
5.56198
0.0294774
9.84897
5.04647
1.2664
-3.25571
-0.459264
-1.65691
1.05145
0.644724
-2.57366
-0.217915
-3.43731
-4.06972
-8.84776
0.779462
-1.19996
-0.516843
6.56813
0.0334101
6.22682
5.1456
2.9551
0.812379
-1.70411
1.37792
2.32137
4.8941
0.119909
1.64791
1.54202
6.59487
6.36098
2.06834
1.89091
1.26969
6.16965
1.59122
-5.78512
3.82887
6.49013
3.81033
2.56783
-0.782599
6.44607
3.0034
2.32594
-1.3939
0.665591
1.59083
2.58464
5.08118
-4.14224
-2.63532
1.47515
-2.84629
-1.96023
1.93892
0.159849
2.86112
0.241736
-2.41461
2.7369
-3.22678
2.6339
1.5852
-1.43129
3.35245
11.3782
-2.36229
1.96537
8.69329
4.77525
1.98579
5.90121
-5.55944
-3.81671
-0.51748
3.38323
3.54488
-0.385742
7.28315
1.29292
-2.00168
2.55881
3.88762
-4.41737
1.27135
4.08541
1.168
-0.0829566
2.74184
1.0182
1.52087
2.64152
4.58182
3.16312
2.24944
3.10328
4.89857
-5.47519
-3.46392
-2.33088
4.04169
2.7521
3.11298
3.49978
-0.899781
3.8527
3.08493
2.41449
7.17789
0.0561384
-0.567619
7.09634
-0.807994
-0.539393
1.60098
2.38677
4.05423
-1.37473
-1.44625
-4.11488
-2.69216
2.18277
2.81063
1.94808
4.70868
0.51384
1.06801
-0.850679
2.23227
-1.95964
4.90165
3.25048
-13.5911
-0.400505
-1.91317
6.87675
-4.29277
1.89893
2.73263
-2.22816
2.58932
1.22796
4.22579
1.56591
7.47708
0.763269
2.02558
6.73699
-3.66822
2.22085
0.649371
-4.92496
1.00063
2.30212
0.816701
4.62667
-4.40047
2.93757
0.139197
-2.68205
-1.95923
6.88711
2.11372
1.82051
-0.966348
-0.363009
-0.240031
3.5987
1.38698
0.994296
3.24778
2.70391
5.13104
7.02637
1.99202
0.856518
2.52365
1.92674
-0.516061
2.91125
-2.55422
0.315635
8.30355
-1.29214
-0.83081
-0.497542
10.9948
-0.86905
-5.84731
-0.142141
5.36834
0.482366
2.05142
0.228648
-0.508558
3.60655
-7.51565
-6.3066
0.622552
-4.017
9.41663
-1.84575
-6.83005
-0.880169
0.481019
0.304541
0.367239
3.47545
1.90368
3.75539
0.80836
4.72114
-5.55597
-1.20193
-4.75608
0.540881
1.99601
-2.28614
2.82534
-2.84525
-3.54677
-8.01636
-6.66152
1.26193
0.418608
4.22069
1.71673
-1.09472
-2.52939
-0.58579
2.95758
1.87067
-0.472384
-1.13729
0.835358
0.92983
0.756354
0.772763
-3.44122
2.45924
-3.12594
2.46421
-2.91646
-4.7259
-2.20167
-3.37668
-4.89896
-2.12419
-1.81715
1.0411
2.2677
0.125678
-5.52471
-0.475972
-4.40486
4.47233
1.17911
0.625302
-4.86338
-3.40956
-0.275491
-4.37942
4.25399
3.56466
2.74614
-0.936445
7.22448
6.36328
0.390333
1.61779
-2.16484
4.0022
-2.94051
-7.57348
4.1249
0.470034
-0.418584
3.43256
3.16924
-1.53054
-3.01144
-0.561121
0.636614
-0.861995
-6.39633
-3.4812
4.78941
3.19579
2.49784
0.509425
-0.658151
2.8552
4.42839
-2.6367
0.758823
0.155777
-1.72772
4.78091
6.3106
-0.865989
8.19102
0.837458
4.36687
-1.55241
-6.77901
7.90575
-0.713078
-0.994446
0.248
-7.55213
1.42423
0.11967
2.87354
0.944133
-3.25285
-0.814079
1.07752
2.05399
-2.8155
-1.31285
-0.802983
-0.390218
0.508637
4.31257
5.22332
-3.52191
-0.979358
-2.49114
-0.834872
-1.18039
-2.89419
1.7945
0.220207
0.717912
-9.27425
-5.70789
1.02643
-2.75481
0.198604
-3.38814
-5.36814
-0.622652
0.204125
2.14157
2.36984
-3.02929
2.03692
-3.05456
-0.787908
1.23215
2.64952
-0.910599
-0.512101
-7.90062
-3.26435
-4.22816
-0.248202
1.38992
2.35045
-4.5922
-4.45703
2.06523
0.312679
1.77679
-3.77943
-5.36338
0.414429
-2.81195
0.0491342
-5.19374
-1.65012
7.22912
-0.75951
4.95307
2.27296
0.360674
2.03644
1.63541
2.56702
-1.70975
1.45437
6.15843
-2.2023
-16.8813
-0.2435
-2.43421
2.81047
2.69663
3.34232
0.266403
5.19286
6.30257
0.412582
-0.817287
0.830382
1.64708
5.98528
-6.28922
4.26966
3.28608
3.28127
4.30363
3.28412
-3.88298
-3.66056
-1.98516
1.40037
-3.13643
6.61285
3.37581
7.44969
0.591527
2.5927
-5.73538
-0.351435
-5.25633
-6.44567
-2.60299
2.13982
-4.21333
-3.71611
3.68828
-3.347
-1.38082
-0.966157
0.114394
0.0560956
-0.865954
2.31217
2.71088
5.40059
1.66707
2.83472
-0.340091
5.53673
0.940895
0.767067
0.583711
1.85251
11.2397
-3.41745
-3.45309
-0.586713
1.59671
0.534365
-2.55116
4.42362
-2.32477
-4.56285
-1.6097
4.2246
-1.53754
-3.93895
0.589322
-6.01468
0.9541
-4.38853
-2.1307
-1.18024
-2.15056
-9.10214
-0.633125
-0.0426318
3.46328
-0.0731221
-5.19998
3.57106
3.28585
-0.606287
0.409865
-5.12738
3.87147
-6.38458
-2.45576
-2.7912
3.455
2.32274
-3.38131
-0.535462
1.38459
-6.28569
-2.90212
-3.23304
0.578583
-2.64792
1.04184
-11.0053
-2.25313
1.4029
-2.59328
-0.805688
-10.7703
-1.37405
2.07986
5.83006
-3.42677
2.27443
3.31378
-0.65974
-4.36376
3.21416
-2.72217
-2.51387
-5.59863
5.59915
-6.66159
-2.04655
0.84057
-0.127282
3.47943
-2.47093
-1.68921
-5.1815
-4.56074
-1.54086
4.12163
0.24268
-2.36045
-3.09403
2.48763
7.94334
-4.30077
0.791348
0.340228
1.01075
-2.37629
3.57221
-4.04054
1.98829
0.727694
-5.24188
-0.652637
1.2545
1.2458
1.16003
-4.4072
-1.47624
-1.53507
-4.56704
-3.26664
1.8138
-0.65679
0.427167
-2.96379
-4.09591
4.20911
-3.51838
4.1315
8.89045
5.09344
3.62973
-3.53986
4.2657
-0.819669
1.33624
0.0846595
-2.11118
-0.798895
-4.22534
-4.60841
-3.66277
0.316038
-1.23848
1.81806
3.27758
0.254862
3.05693
1.04013
-2.6697
2.49941
-7.99486
-3.44747
0.145864
4.88232
2.12365
-2.02335
-3.14921
-0.80309
0.263349
1.44975
-2.03363
3.4989
2.45101
-1.7106
-9.66058
-3.00868
4.5251
-3.44491
1.07829
3.44641
2.05023
1.67324
1.09669
4.08449
-2.82528
3.93446
0.545415
2.76213
-3.74056
-2.67672
-2.55025
-2.11088
0.197379
-1.69243
1.66286
2.9564
-0.588439
2.69398
-5.70031
5.3225
2.9695
2.51365
2.21983
-2.96223
-1.93535
-1.88476
2.05572
5.33737
-3.36962
1.18815
3.91622
0.185882
-0.259363
6.98824
0.362007
4.81643
3.88088
6.48924
-3.02519
3.51068
0.0780795
2.41307
-3.62458
3.00532
-2.29981
-2.64528
-5.23691
-4.28836
2.52322
-1.21508
0.105186
-5.62636
0.703286
2.94343
-4.40251
4.52357
4.53923
2.03819
0.505736
-2.81826
2.19273
3.71585
3.4937
2.11752
-9.56104
0.394351
3.16997
5.5658
-1.04256
-1.28208
-1.05864
2.82508
-1.25801
1.71962
-5.14603
-1.91131
1.2616
-1.82254
-4.46331
2.27587
-1.19653
2.47051
-0.896908
-7.42373
-2.09662
7.38048
-2.35322
0.646772
0.82896
-0.0831927
-5.4488
-8.43954
2.68572
1.55823
-6.48125
0.861163
-1.58058
-1.13847
-3.78034
-0.471743
-3.16138
-1.01977
1.10802
1.46145
-2.02423
1.47796
6.81752
-0.620476
