-0.330684
-0.358272
-0.478248
-0.416844
-0.350553
-0.351537
-0.234277
-0.248404
-0.150912
-0.149454
0.0444248
0.0810179
-0.111318
-0.109898
-0.0174856
0.0790428
-0.15681
-0.224986
-0.136376
-0.0136789
0.00509274
-0.0718573
-0.0140145
-0.195699
-0.334658
-0.248971
-0.1278
-0.0839648
0.0382971
0.131681
0.199815
0.327591
0.229303
0.139122
0.123474
0.38196
0.314709
0.238996
0.247093
0.0910148
0.0849337
0.245916
0.155475
0.0960416
0.0295371
-0.0128532
0.0387056
-0.0444366
-0.0422154
0.0682291
0.136579
0.0444314
-0.050797
-0.0151064
0.0574403
0.00525609
-0.042044
0.0582596
0.120633
-0.0152981
-0.0770216
-0.0552184
-0.0412836
0.0239402
0.00783937
-0.143447
-0.165431
-0.140068
-0.117575
-0.0550525
0.0303294
-0.0429406
-0.118405
-0.267681
-0.227226
-0.213429
-0.235024
-0.31536
-0.602297
-0.601702
-0.43018
-0.357758
-0.487438
-0.701175
-0.614768
-0.491453
-0.647311
-0.653408
-0.624707
-0.68182
-0.806229
-0.712691
-0.813349
-0.927306
-0.945631
-1.00312
-0.875363
-0.868945
-0.884067
-1.14619
-1.13985
-1.2488
-1.31706
-1.15571
-1.16969
-1.16838
-1.062
-1.00429
-1.04082
-0.899074
-0.854417
-0.73519
-0.6038
-0.517533
-0.62323
-0.736694
-0.622783
-0.555856
-0.589713
-0.5778
-0.56528
-0.355325
-0.196448
-0.266405
-0.302955
-0.386241
-0.309077
-0.41539
-0.583328
-0.657957
-0.73017
-0.534563
-0.452033
-0.34114
-0.375969
-0.363346
-0.36543
-0.506839
-0.587308
-0.567812
-0.658879
-0.73965
-0.819659
-0.811835
-0.804803
-0.909503
-0.761161
-0.765497
-0.786473
-0.910296
-0.877581
-0.924199
-0.952205
-0.897817
-0.808014
-0.918267
-0.846752
-0.987267
-0.784095
-0.792918
-0.899739
-0.900452
-0.863307
-0.63885
-0.599177
-0.763799
-0.611114
-0.690436
-0.511429
-0.553996
-0.463817
-0.510501
-0.480809
-0.634747
-0.559699
-0.737433
-0.661032
-0.446746
-0.433676
-0.310232
-0.32926
-0.256498
-0.354739
-0.225494
-0.408581
-0.466083
-0.595904
-0.717635
-0.692234
-0.861297
-0.922799
-1.08286
-1.18516
-1.20737
-1.29871
-1.22043
-1.20158
-1.22888
-1.24427
-1.14032
-1.24069
-1.12856
-1.22876
-1.12151
-1.07329
-1.16495
-1.18401
-1.23144
-1.08491
-1.05831
-1.00117
-0.754732
-0.786908
-0.524764
-0.285782
-0.267269
-0.327543
-0.338675
-0.238274
-0.181819
-0.105521
-0.186535
-0.261263
-0.282398
-0.284268
-0.335227
-0.294347
-0.228054
-0.19495
-0.0975771
-0.0542955
-0.193441
-0.384562
-0.488481
-0.516754
-0.62915
-0.826702
-0.756963
-0.625817
-0.482925
-0.457645
-0.561948
-0.744926
-0.859721
-0.978694
-1.31415
-1.26964
-1.05896
-1.03743
-1.0764
-1.11274
-0.939686
-0.594389
-0.855276
-0.764358
-0.738442
-0.869235
-0.759029
-0.670584
-0.791736
-0.742978
-0.638451
-0.641067
-0.507909
-0.570122
-0.389855
-0.360078
-0.253172
-0.340296
-0.386494
-0.208254
-0.14089
-0.230973
-0.270903
-0.177939
-0.182835
-0.151224
-0.161528
-0.197265
-0.165107
-0.357282
-0.355231
-0.339885
-0.47551
-0.421087
-0.555178
-0.504998
-0.670225
-0.70491
-0.33843
-0.438077
-0.57665
-0.652607
-0.605546
-0.794807
-0.661568
-0.417333
-0.550127
-0.3489
-0.257273
