3.54383
1.03767
-2.29755
-0.447521
4.08236
2.50816
4.72843
-0.0648925
-2.07631
1.1959
4.32268
-5.85698
-5.13939
2.80742
-1.60457
-1.25235
-6.91268
2.72501
2.64371
-1.72826
-0.0258544
-1.33566
-1.07362
1.48776
-4.3152
5.63773
-3.52583
2.91482
-1.18854
-1.06418
1.47321
0.636914
-5.85784
1.61122
1.31485
-4.14262
2.13501
1.63896
1.32931
-2.70205
6.02304
0.347126
-0.82964
-3.00284
-2.90774
-0.58456
-5.75073
1.11529
6.12627
5.01696
4.26437
-6.20445
0.47069
-3.76923
2.29509
-3.08996
-7.23486
-7.19095
-4.42981
-0.142895
1.68425
-2.63145
1.04077
-2.95366
3.97094
-1.651
3.75095
-3.62329
-5.60909
-3.47223
3.28789
-8.50464
-3.60246
1.07851
-3.00064
1.31757
-1.20498
-3.15592
-0.259443
1.1591
3.98184
-1.79714
-2.05508
-3.4961
-9.94088
1.07235
1.05784
-1.33355
0.152364
-6.69986
-0.257464
3.21795
-0.00630215
2.24007
-3.75622
-1.22979
-5.92582
-2.39709
1.88114
-3.97859
3.71516
-2.83683
-7.8553
2.8039
-0.753257
-0.535146
-4.02064
-5.12221
3.80692
2.57035
9.59997
4.63124
-2.59974
0.956442
-0.634079
0.9464
-2.31602
3.04336
-0.911344
1.26804
1.71991
0.922395
-2.84496
-0.449141
-1.51483
-4.41371
4.83964
2.12671
-3.99538
5.32586
-0.151859
-0.126711
3.6661
3.54192
1.2548
-4.34578
-5.46819
1.2789
2.37874
2.39752
2.84829
0.207697
2.27203
4.62227
-5.56949
3.8242
0.710184
4.14011
3.4749
-3.42346
-6.19441
-0.71263
4.32657
0.360116
0.671066
-3.17026
1.88901
-0.766123
-1.05108
2.63589
-1.18639
-5.12472
-0.415965
0.793161
-2.1637
0.569483
-0.052156
-0.0072879
-4.28637
0.753887
3.49939
2.22355
0.839403
-3.36491
-0.279762
5.81947
3.0274
-4.90232
-2.18229
3.9492
0.834686
-3.19949
-4.14527
-1.07875
-2.01128
-0.101812
-4.21198
-5.57652
0.931673
0.804153
-0.490762
0.814677
5.37266
0.913987
1.80168
-1.00923
1.9934
1.11371
-1.44096
1.69173
-1.29863
3.29415
1.47499
1.97682
1.93506
2.35947
2.10732
0.142062
-1.48023
-2.31122
1.93784
-0.131807
5.15938
4.73371
-0.735121
-4.21259
6.53264
-3.19734
0.108035
2.67608
0.742311
-0.343103
1.4518
0.691706
7.38194
5.52819
2.33933
-3.8208
4.24044
-1.35384
0.53687
-1.5372
-1.51804
3.06202
-0.912265
4.94338
-3.28864
2.41971
0.846261
0.113787
2.51692
-2.60767
-2.64295
-4.81601
0.278332
0.620244
-3.97591
-0.847814
0.115356
-1.26782
-2.72548
-1.56226
-4.71934
-0.137216
0.618422
0.854182
1.71724
-6.97843
-4.69337
7.2301
-1.70144
2.02496
4.19233
1.7646
2.09005
3.03496
-0.0702904
2.21706
-1.59901
4.91853
-6.14533
2.40281
1.36769
4.35981
1.62521
1.4371
4.04126
-2.98551
0.0570143
3.08322
2.99153
2.66651
5.98903
3.69152
-0.927185
1.67526
0.672194
2.46169
2.43144
-3.58877
-4.2484
5.03883
3.42293
-3.79906
-4.66469
-2.44796
-0.263995
-0.666849
2.52375
-0.438452
1.02398
-3.26534
1.95767
-0.917399
3.49209
0.540771
5.17428
1.75781
1.72756
0.537311
4.44724
1.21102
-2.42553
-3.41225
0.502977
0.43317
-1.35008
3.41219
-0.853024
-1.67887
-0.161128
0.578971
-1.60466
4.68524
4.3604
-1.82809
4.24231
2.91493
2.62132
3.85722
-1.92844
3.07362
4.52147
3.52182
-0.647814
-2.30592
0.776264
1.75077
-0.190927
3.322
1.16159
-0.178855
6.77173
1.0067
-4.08331
3.06841
1.40903
1.68589
5.12529
8.16266
-3.67399
0.518903
-8.74019
-0.358884
-0.759924
1.02681
2.56169
2.54389
-3.76462
3.95017
0.65367
0.474347
-3.48824
-2.18406
-3.35456
3.1441
-0.184537
-3.41799
1.38105
1.02535
-9.45297
1.12221
-0.366537
4.14223
0.107106
-3.05593
9.12681
-9.21351
-0.216419
-2.03892
-3.37998
4.98763
1.56184
2.80585
0.257969
0.0409425
2.21483
-5.37046
7.43447
-3.81382
2.63699
1.42092
-3.45205
2.80798
-2.93502
0.863376
2.07556
-3.08093
-2.24336
-5.2331
-5.74788
2.12532
4.103
-1.37152
4.29194
3.26373
5.64342
-2.53974
1.73998
0.083025
3.29288
5.69603
-0.341366
2.01358
-2.11475
-1.80068
-0.741574
-0.330102
4.06436
-1.2828
0.471805
3.88911
-1.4834
3.49321
1.00111
1.63435
-1.48817
4.08076
-0.774381
-6.66783
-5.72094
-5.82126
-1.68601
3.31353
-1.27149
2.52126
-2.38846
1.63123
-2.69074
-0.321217
1.0248
0.948859
-1.47815
4.83527
-0.229929
-0.770715
-2.11243
-0.454488
0.903239
8.96776
-1.13672
0.183863
0.717073
-0.851932
-0.310508
-0.542662
0.968218
3.90486
-0.892442
-3.13955
2.19558
-2.85299
0.354842
1.20298
-6.25655
-4.39619
-5.57183
2.2316
1.98706
1.44575
0.237796
4.40353
-3.41436
3.52836
-3.2692
0.211914
-0.962701
1.12393
-0.19771
1.80666
3.35645
0.181163
-0.507604
-2.8737
1.36009
3.99125
3.88662
-3.48218
1.39371
4.3587
-4.81304
-1.24682
-0.227373
2.17647
3.06943
-1.14555
-8.06457
-2.35176
-0.28806
-3.2688
2.11877
-3.24611
4.26212
-3.42117
0.893168
-7.77728
-1.20655
1.48649
4.64775
1.52502
2.61117
1.23462
-2.89717
0.123745
-0.44107
3.32406
-2.00523
0.641718
0.104367
3.39557
-1.40217
-0.831143
-7.11254
0.548808
2.55591
-2.81192
-1.60229
-1.63736
5.61465
0.532935
-0.710677
1.55961
-2.33661
0.346365
3.54329
-1.17253
2.18049
-2.52937
-1.42156
0.823623
-7.94809
-0.791846
-1.08505
3.30418
0.542364
2.49353
1.46821
1.71702
-2.09869
0.982079
1.97955
1.49591
6.88598
4.48745
-4.4038
2.41339
7.88135
-3.10174
1.42209
0.941434
-0.141198
2.66515
2.21718
5.86231
2.7629
1.03969
0.469403
1.16625
-0.296575
2.11167
0.65208
2.57738
-0.333786
4.50586
2.32899
-1.88983
5.25605
-7.48819
0.040509
2.3577
-0.204748
6.8642
0.88919
1.19956
4.42454
3.47538
-1.55178
4.89496
1.23874
2.45787
1.85599
3.87732
-5.94213
0.801613
-1.07792
3.14518
-1.33568
-4.39209
-7.06473
-3.11113
-4.33715
0.996391
3.21295
-8.62452
-2.11348
-0.602384
5.65575
2.40111
1.61409
7.77429
1.41009
5.23172
6.8009
2.48594
-1.97294
-0.114462
0.999651
1.7677
-0.0605613
2.22744
1.77854
0.881961
-3.01006
-6.6037
-1.47009
1.9668
0.460129
-1.66104
-1.46131
6.40416
-3.83971
2.26788
3.22077
-1.50162
2.25755
7.30382
4.89182
0.652908
2.12754
-0.0202165
3.79814
-7.49634
-2.08039
0.361042
2.73961
-3.15604
4.39767
-0.350482
-0.239224
-0.981659
-5.08778
0.0981767
7.42919
6.18303
-2.85264
-0.756616
2.04238
2.69429
1.40257
1.2178
-2.89774
4.10254
1.53004
-3.26446
-2.0667
0.398512
-2.86451
-3.56162
-0.487533
-6.30367
3.20659
5.86068
-1.76809
0.625419
-6.49418
-1.23467
-2.49603
1.27256
-3.37408
0.188102
2.11106
0.585393
-0.218423
0.10191
-1.85406
0.212636
-3.93151
-4.67639
-3.1832
-2.57019
-1.42416
5.77198
-3.47286
0.310012
1.04926
-1.10806
-2.19052
-2.95982
0.0472551
0.329558
2.48614
-0.607113
-0.145957
-0.705168
2.57646
-7.13671
0.997621
1.4099
-7.7951
-3.55676
-3.43091
0.0206613
2.37663
1.82111
-6.0954
4.13884
-0.846883
1.82317
1.01819
1.31235
4.86542
0.0346043
7.02676
2.10657
1.54633
-2.6812
-3.14681
-4.38873
-4.40717
-6.42325
-2.41202
0.874495
1.56591
-3.74168
-2.56651
-0.42743
1.48773
-4.04523
-3.4935
-1.03327
0.833835
-4.00969
1.52007
6.00759
6.88892
-3.46457
0.423939
6.42528
6.03379
0.0496915
-1.25445
-1.90465
-4.3225
1.16307
-0.101172
-1.0306
2.93623
-5.57318
0.533573
-1.42745
2.62557
3.83967
-1.87152
-2.11604
3.65006
-1.50111
-2.89037
-1.65005
-6.32272
6.11641
0.619317
0.780145
1.62022
2.52434
-1.60937
-7.74192
-0.592873
3.94317
4.34598
3.59364
2.23966
1.37959
7.04159
1.4232
0.82726
-1.81638
1.45324
2.41839
-1.02775
0.453312
3.34127
3.85702
-1.39312
-3.6319
3.00572
3.68449
-1.68125
2.1601
4.76551
0.299797
1.65658
-1.17267
-0.185978
-2.914
-5.08175
0.699881
-0.533703
1.31612
0.620502
-4.58597
-1.32398
-2.43579
6.45981
2.36392
4.67199
-0.825824
0.958222
-2.5849
-1.66376
1.71636
-2.67483
-1.76431
-3.14963
2.61666
-4.65774
5.63683
2.04297
-5.14193
0.887314
1.25327
-2.03819
3.19112
1.49821
0.209018
-6.73558
-2.00228
-0.915745
2.13394
-0.0209977
-2.65968
0.645366
0.732863
5.11576
0.0831087
0.390254
-4.65542
0.577435
0.940639
-4.38551
2.17342
2.92287
3.03783
4.50326
-1.96368
8.9257
-2.08498
5.63626
1.0635
5.84562
2.66443
0.343742
-0.593011
-0.590665
6.09125
-0.383861
-5.88641
-2.58199
2.5238
0.184002
3.61655
-0.394032
0.780319
5.40233
0.76631
1.08279
-2.70611
3.24074
-4.56607
1.0525
0.556687
3.11971
5.20743
3.123
6.20971
5.17137
1.0964
1.50162
-5.10164
4.10536
-2.19838
-5.69999
-0.0512474
1.66933
-2.3334
5.2999
1.06787
-4.9542
3.36154
-1.36872
-0.611127
7.03146
-1.59171
-0.356305
-1.09789
-2.04757
-1.15955
2.31705
4.6483
-5.45808
0.90478
-3.86087
1.03659
7.82154
-1.85225
-0.549975
0.96857
-1.21587
-2.38887
0.47828
-0.417944
-6.81467
0.0310898
-2.05105
5.44031
-1.08003
6.50164
3.43089
-3.0263
5.22498
2.49732
-2.43005
-1.45395
-1.17015
-0.221693
-0.486327
0.715619
-0.646536
-2.67505
-3.4187
-0.715034
3.34123
-5.80051
-1.84827
-1.96834
-2.17736
0.853074
7.30658
-2.79257
-6.86849
5.17807
-0.0588739
1.26921
1.43525
1.56839
-5.55219
2.64516
-6.42247
1.52514
-5.7664
-0.502661
5.61062
-3.71551
2.86206
-0.119458
-4.59821
-6.94809
-7.00295
-1.13038
-2.52071
2.82072
-3.60038
0.0423512
-3.10239
-3.67846
-1.42537
-3.73858
2.55978
-1.79426
3.66476
-1.07817
-3.06276
4.99158
-5.47652
6.48134
-2.45715
7.13312
4.27701
-0.0882509
-3.19261
-1.47105
-4.62991
-0.95932
3.3265
6.54335
3.25547
-3.17068
0.834619
4.10035
0.385518
0.561333
2.02003
4.11921
0.65062
-2.17004
-1.87836
0.71061
-0.144575
0.922493
1.96927
-1.8933
0.211996
-6.66499
3.75226
1.16853
4.97281
2.21051
-1.44942
-1.6566
2.97034
5.32342
1.81581
2.94646
2.09404
1.16084
2.28436
-2.73601
-1.01904
0.776931
3.21508
-2.25558
2.0886
1.80151
0.185955
3.00298
4.23655
1.27607
6.09284
-0.788243
3.56019
-3.91741
3.49173
3.01125
-1.70827
1.30119
-3.75941
4.19843
-0.507721
0.430596
-2.05706
2.02328
4.27042
2.85114
3.63968
5.67193
1.59936
-6.41427
3.88667
0.680956
1.32551
2.75452
-2.80659
-4.3387
0.747668
1.16749
3.4839
2.78459
5.16306
1.91565
3.7729
5.3601
2.33605
4.00152
1.72551
-0.580985
6.35797
5.46059
-6.20373
3.48827
2.88988
-1.07242
5.0072
-2.46627
-6.24154
-0.425437
6.04079
2.60087
2.48094
-0.844544
-3.00858
-3.20336
3.82271
-2.96023
-0.0529379
-0.505153
1.19893
4.1384
-4.7923
3.7507
-4.57474
-0.995398
-6.55632
-8.45376
0.405863
1.05222
-5.28814
0.596753
-1.31551
-3.79786
-1.38258
0.736988
-1.1007
0.900337
-3.00563
-0.0479216
-3.21604
-4.19989
2.05729
2.70388
4.88767
4.40954
3.99616
0.304809
-5.21168
2.57094
2.28247
-0.0178733
-0.920923
-0.880382
0.909016
-0.437295
6.98192
-4.65706
6.64621
-0.830319
-0.159309
1.82809
-0.474873
0.604235
1.2235
0.254676
3.38935
-0.987856
-7.86686
-3.51084
-0.734898
1.89038
-2.32986
0.790142
-3.14784
0.664167
-3.57614
-4.09657
-1.45166
-3.93591
-2.11838
-1.39043
3.58086
-0.150088
-7.34733
-3.90585
-2.8519
0.611497
1.69547
0.909697
-0.42277
2.74545
-7.66482
-2.17127
0.710561
0.650364
3.15062
0.233266
5.06993
-6.90444
2.51039
3.75324
-4.85862
2.58596
2.8307
-2.50137
3.41433
2.93345
5.66489
-0.544187
-4.53965
0.49538
-0.483441
-2.18713
2.53427
0.550295
2.44624
2.41172
5.29239
2.71423
2.08054
4.83584
-3.65358
2.39176
1.93951
6.41443
3.98646
-1.24196
0.209854
-1.0332
2.99889
3.20818
-0.117612
1.31696
0.0532735
4.49872
3.59071
-3.76512
-2.41088
0.406736
2.97232
0.974664
0.623708
-0.573808
-3.30337
1.53544
1.44516
-4.28725
-2.46429
-7.8423
0.535125
2.01466
0.449095
3.28268
-2.23185
0.456307
0.204744
-0.644528
-4.54372
-5.69402
-0.241489
1.96204
-4.02258
-1.31491
1.42134
-2.63244
-0.0788982
-3.79693
6.70637
-2.46315
2.16208
-1.2917
1.48822
1.8832
2.94896
0.0923637
-4.61533
-4.02437
-4.13422
5.85854
1.10934
0.952229
-0.832417
2.70448
-1.41435
-0.00306653
-6.02896
-3.43091
-1.14048
-1.1709
3.7336
3.17399
-1.91015
-1.72794
-4.76561
-4.42577
-1.86165
-0.796715
-2.37128
4.49268
0.528373
-0.00333396
0.320646
-1.6347
1.45286
-0.31637
-4.95558
5.01387
1.31888
-2.17329
0.347028
4.54699
5.43632
-0.186506
-1.51521
-5.14876
2.31536
1.3361
1.73297
2.39979
2.04139
1.17654
0.493589
-6.50262
3.55514
-0.683877
-0.134299
-4.9919
-2.68541
3.52692
-2.09181
-4.97371
4.44415
1.58317
-1.3221
-1.16375
0.982363
1.68184
1.03809
2.52611
-7.77196
1.55991
-2.50771
3.4694
0.793821
0.192713
1.32187
4.43585
2.24756
3.37169
-4.23457
-0.360411
-0.152026
4.55384
0.514203
2.61023
4.08701
-3.94421
-2.07369
2.54866
-7.1135
-5.11168
1.33288
1.72603
2.92816
-3.68825
-5.11562
2.52096
-0.356704
1.20937
0.957036
2.09424
1.42785
-3.29642
0.556324
1.11206
2.25861
0.786128
6.31708
5.38958
-5.05232
3.29889
-0.966382
-1.95219
0.501057
3.45317
-0.997004
-4.15533
2.6094
5.92518
3.53955
4.50051
-1.23036
-2.01732
4.31164
-2.72656
1.41804
0.413527
1.00396
-6.61725
4.05033
-3.22207
-1.09745
5.09797
-3.91369
1.79321
3.92258
-3.29141
2.95822
1.60024
2.26788
3.22847
2.86661
-2.58257
-9.35935
1.706
-5.26094
-1.15972
-1.04759
-4.33639
-0.857926
-2.10267
0.648057
0.0372911
-2.87342
-4.57087
4.13783
-10.3392
3.72463
-1.01061
-2.16278
0.843564
2.76422
1.08137
0.866538
1.11072
-1.44625
2.50757
2.38226
-2.10062
-0.856988
2.70067
-1.74629
3.64697
-1.17891
6.09697
-0.599239
2.09047
0.312862
0.959309
1.38546
3.6577
2.18358
-4.03325
7.17682
3.90593
1.69233
1.5667
-3.22449
-1.4142
1.77475
1.47836
-7.9956
0.899064
-1.06939
3.84159
1.80604
0.0743333
0.355001
1.59686
4.57628
4.42694
3.89013
1.6101
-6.00349
3.23271
3.99077
1.91196
-1.83731
-1.03689
5.66817
-1.04879
-4.56822
3.5741
2.57218
3.21074
1.64446
-4.79444
-5.18135
-3.77606
1.85887
-1.66481
-1.05793
3.54737
5.49766
0.863358
3.53097
0.0257045
0.111399
2.46651
4.5946
2.41397
-2.5957
2.19066
1.18462
1.78028
-3.40032
2.52508
1.8286
1.34146
-0.129344
-5.89185
1.00301
-0.161202
4.2325
5.52616
-1.20747
-4.69999
3.88066
-0.170971
3.25585
-1.60678
-3.29968
3.35361
5.24422
1.91367
0.13401
4.134
0.983511
2.61719
0.290184
-2.77358
-1.22553
5.96856
6.27863
1.13693
3.07967
4.03166
2.36668
-1.35036
1.04508
3.83241
-0.555042
-2.29761
1.40625
6.43751
7.19443
-2.36239
0.284979
2.49009
1.3448
3.1397
-3.35825
1.69472
0.415148
0.114822
1.44938
5.03868
-3.56327
8.55745
4.47443
0.609717
4.66793
-1.26048
7.4843
-0.33575
1.24992
2.66693
-0.300158
0.449733
3.39793
-1.26639
-2.18302
2.39235
3.43703
-0.158514
-0.110135
-2.291
-4.93423
-2.36112
-1.39012
1.88041
-0.583231
5.62195
4.72671
7.0215
3.21081
-2.53197
2.47329
1.97025
2.4007
-8.0666
-0.677865
1.13741
-0.893456
2.42569
-1.91222
-5.33514
-2.39203
-10.3932
6.55989
6.55574
6.06584
-0.72831
-4.97115
3.1824
2.33386
-2.52119
0.0170864
2.482
2.05676
-2.04734
0.33802
-1.6759
1.34861
2.38616
1.59702
0.738459
-0.447943
-1.41465
1.65193
-0.414403
-0.626359
-0.921166
3.72156
0.913182
-6.64075
4.18572
0.996624
-3.01111
-1.29584
0.405921
4.50261
3.55429
2.17177
-6.22529
0.299942
-5.35065
-1.10228
4.66513
-0.528439
-2.18129
3.26379
5.15123
1.48918
-1.98188
2.42741
1.16078
0.733202
-2.33829
-1.14204
-5.69269
2.576
-1.50032
3.32552
-4.96393
-0.593332
2.53329
0.849484
2.53904
-3.87875
2.64778
-4.03401
-0.141634
0.874276
0.859391
3.94195
5.88457
1.68381
-5.06401
2.69262
1.5913
6.03321
1.07841
6.69152
8.17263
5.31401
7.79509
3.42429
-1.4866
-1.9178
-2.1018
-2.55908
2.98034
0.532458
-0.587002
1.10986
-3.51821
2.64608
-4.9172
-0.275475
-3.75565
-0.937624
3.70583
1.69331
1.09717
1.31891
4.42873
1.01541
4.98914
4.09024
3.10552
0.143985
-0.906556
2.97253
-2.44879
0.359342
2.08324
-9.25377
-0.825012
2.80491
-1.92303
3.02632
1.22129
3.62197
3.90394
2.08818
4.54727
0.766273
-2.5492
-0.588513
1.03363
-0.785368
1.95607
0.71475
4.87248
-0.597457
-2.63361
-1.61469
-1.97876
0.075256
1.84744
3.06868
-2.34071
-5.74665
-4.57434
-1.70616
-0.069099
-0.679988
6.22957
-1.54631
1.06587
-5.44106
-1.08235
2.65159
-2.08107
1.67672
4.60515
3.13686
3.06912
-3.69713
1.07147
-2.72732
5.04823
3.22595
-0.55226
-1.19378
0.144337
-4.61517
-2.08807
2.95737
0.885363
-1.7765
-2.09771
-3.61279
4.68604
-1.27156
0.247822
1.69531
-1.3724
3.04226
-2.67673
0.189774
-3.15714
0.443543
-0.861458
5.91156
0.0179669
2.23351
0.0334901
4.14411
3.54934
2.01399
-0.134893
4.38451
4.49912
-0.0782962
2.48859
-3.20491
6.40214
-1.15281
-3.95136
0.109704
0.424485
2.20383
6.4562
-1.23974
-0.266208
1.85344
2.63374
-4.94619
1.60542
1.95159
-1.44276
4.29782
5.15177
0.548058
-2.9127
1.06139
-3.45059
-3.04898
0.714276
8.80952
-5.43161
0.744302
1.30487
5.05755
2.78896
2.28083
-5.50132
-5.57613
3.74269
-1.72012
-2.4408
1.65718
-2.62983
3.32969
2.14609
2.78532
5.55057
2.98235
5.6756
0.850655
-6.73242
1.20476
-1.33617
-2.44097
-0.149147
-4.88286
-4.88232
1.66469
-3.94975
0.354163
0.358023
4.75277
5.37312
5.79644
3.35042
5.75679
2.78771
1.63673
0.835505
2.99431
-2.12721
0.839026
1.73394
-1.20357
-1.10083
4.01679
0.338693
-5.23646
-2.67305
2.94393
2.00435
-5.16945
0.690701
-2.15928
3.98167
0.948937
-2.81861
3.50437
0.374749
-1.37351
3.90599
3.88557
2.37865
-3.51761
1.46144
2.35372
0.411423
1.97562
-0.152429
3.28388
-1.19676
8.56513
0.629872
-3.50371
3.26303
2.69075
6.69833
2.43251
0.833775
1.2648
-1.46262
1.58551
2.76925
0.319086
-0.829759
3.7812
0.199839
-2.52113
-0.381608
0.72275
4.32742
6.5517
2.86337
-2.57248
5.01603
0.00663511
-5.4074
1.86191
1.66621
3.9041
0.312065
-2.18166
1.55213
0.942378
-2.55311
4.71241
2.75034
3.46487
-2.00949
6.05467
0.221988
2.94559
-1.0967
1.60726
-2.51568
-0.367886
6.0761
5.57033
3.43872
3.87978
1.54481
1.77426
2.69173
-2.56274
3.93475
-5.06939
-3.96909
4.53359
1.83453
3.81601
-0.422975
5.13914
2.15887
-0.292296
-0.846308
-5.83906
3.49289
0.165764
-0.943998
3.42381
0.218649
-0.812898
-4.11989
0.614199
0.477402
-1.95866
2.54945
5.51073
9.55536
3.53453
-2.05474
0.617161
-7.22551
5.6814
4.19162
1.33973
1.26509
0.465898
3.77693
3.22567
-2.40802
-3.05085
1.32043
4.75968
6.69349
2.92228
0.702756
-0.770622
-1.26174
3.36968
0.92452
1.65084
1.34315
-2.1085
2.36525
1.50276
3.43597
2.37334
-1.69925
-4.13014
-0.485833
2.98399
-3.08748
-2.03247
-0.963164
3.03611
2.63994
0.0685347
1.36341
2.28909
-0.107719
4.21543
1.61133
-3.33553
0.0638907
2.62364
-3.75346
-1.84717
-0.565335
0.364424
-5.09349
7.11676
-0.983965
2.06469
3.70933
-2.01907
4.92139
0.928326
0.280767
-1.67131
2.08789
-1.50286
2.60473
