2.62745
1.09091
3.56178
4.71117
2.85505
3.93993
1.71135
0.616309
-0.29581
0.52966
-2.22379
-0.803813
-1.91115
-0.32086
-0.680918
-0.962176
-1.51335
1.42761
-7.0221
3.58655
2.41258
-0.879751
2.38282
1.11557
-8.89083
-3.22889
0.226307
-2.7846
2.92964
1.30684
2.7732
-0.227138
-0.61623
2.85516
3.16999
-0.0221477
2.11476
2.39196
0.769979
1.99365
1.55008
-0.362884
-0.937259
1.44004
-3.6401
5.28119
0.912749
0.881846
0.348774
-0.729583
4.26248
-1.33723
0.0198267
2.84622
-0.837654
-0.331331
-1.36629
6.27438
3.683
-2.32716
-0.130133
-0.344822
0.482263
2.48364
-0.22032
-1.32092
-0.145636
1.93935
0.498044
0.198511
0.440368
0.800891
0.477774
1.00737
-2.44453
3.12296
-3.5974
-2.66683
0.179007
-4.71861
0.090443
2.01635
1.39444
1.30882
-3.3055
-1.03093
0.327681
7.82522
4.01172
2.52978
-2.68157
0.116757
-3.40883
-2.13946
0.360136
-7.58209
-1.42491
0.589347
1.51144
4.12578
0.22128
-0.46159
-1.42181
3.17392
1.94623
0.121787
-0.0346904
-3.40883
1.86622
-0.64901
-2.34085
0.656154
4.06275
-5.26973
-2.08621
-2.54632
-0.641302
2.3191
-0.977163
1.83815
-1.86719
-2.57409
-2.96339
2.48739
-5.44631
0.707804
0.521147
2.57781
2.85944
-5.4972
2.24864
1.08838
-0.991898
-0.560361
1.84147
-1.1388
3.78597
0.387071
-0.204165
2.28514
-5.49549
5.69431
3.63526
-2.30051
-0.291566
3.03185
-0.795048
-2.20128
-1.18757
0.801021
2.28736
-2.31005
2.39662
-0.486188
1.79863
5.36673
-2.13129
3.03811
-1.30696
-5.86056
-2.00672
0.820993
-2.83027
0.6862
-7.18611
-3.17903
3.09946
-1.97805
-1.47492
1.37109
0.312957
3.10056
2.27888
-0.903163
4.62583
-4.706
-7.98121
4.22094
-0.247612
0.138141
1.43949
2.2457
-0.98595
-2.85559
0.0764864
3.23442
0.682631
1.32505
-1.37459
3.64416
4.57668
2.41026
-0.149131
1.5568
2.71498
0.634702
0.170341
-1.61133
4.17298
1.94131
-2.6949
1.65797
-1.2681
2.99516
-1.23095
1.43461
4.22042
1.34137
-2.69584
0.213789
4.87961
2.19752
-5.18679
1.78779
-1.82022
1.32906
-1.72152
-0.259849
0.193112
1.19311
0.557109
-1.66373
-0.717718
1.38371
0.187722
-1.93505
-2.31718
2.63978
-0.759763
1.35965
-4.81444
5.07616
-0.320954
1.85665
0.352384
-3.95766
4.97683
1.83783
-3.50899
0.287421
-1.09987
-0.993237
-2.783
3.6467
-3.09325
-0.528299
-0.804563
1.55965
1.95164
-2.68231
2.88953
6.02117
2.71951
2.07513
4.1595
1.06339
0.500265
1.06287
3.46599
-0.264527
0.849381
4.33446
1.28195
1.42322
0.146416
-0.534287
2.18997
4.71569
1.83538
2.54792
-2.50289
2.17097
3.60133
-2.57708
1.12629
-3.5754
1.27915
-4.67685
2.88367
-3.27295
0.256264
1.07389
-4.61176
-2.17981
-0.329695
1.00165
-3.88726
2.13571
0.180882
2.66868
1.03713
3.49116
-1.06181
-0.829096
-0.680783
-0.00153318
5.24832
1.01688
-0.238034
4.57303
-1.30807
3.28346
3.58513
1.07
-1.85391
-4.81507
0.889938
-6.13301
-1.57934
0.474817
-1.09186
-0.128042
0.200695
5.09093
2.7012
5.40707
0.52447
1.10647
1.49966
0.898972
3.21045
-0.261338
-2.00651
0.890091
2.27283
1.0334
-1.78884
1.33541
1.15551
-0.686372
-1.02455
-1.38181
-5.04228
3.75683
-0.306668
-2.05694
-1.41691
4.09165
-3.45607
-1.63162
-1.13344
0.730926
3.51675
3.57135
0.615496
4.80931
-4.17484
1.08226
-0.240775
4.56108
1.86332
2.15318
-0.456361
-3.54921
1.04204
-3.10472
-2.98775
-2.42592
5.68203
2.28399
2.41964
-1.72508
4.50362
-0.819875
0.134191
-1.09623
-1.03669
5.07571
0.807213
-1.94659
-0.251803
4.69808
-1.82241
-1.31658
-0.0532754
1.61228
2.17423
1.29819
5.08626
3.66592
-3.18401
3.39658
2.41515
3.52284
-0.812174
-6.25095
1.1713
-3.76541
-0.552455
-0.86187
1.29181
-6.61839
1.789
5.56171
-0.363058
0.483284
4.76801
-4.29034
-0.665354
2.33114
2.2205
5.86357
2.17209
-0.471175
-2.33391
-0.296383
0.311299
1.42291
0.0689125
0.576216
0.79705
-1.52745
-0.72167
-2.4692
4.9214
1.97836
0.259981
-3.4737
1.07375
-3.40915
-2.95442
-0.0653971
1.26152
-1.27898
0.37458
-1.6545
-0.758501
-0.555351
4.04663
-1.53235
0.587863
1.84728
0.453708
-0.412559
-1.42381
-0.663592
1.31391
0.153056
5.13173
1.96692
3.97121
2.09219
2.25603
1.09859
-0.092379
-0.87738
2.75302
1.07311
-1.98082
3.86486
2.90378
0.985762
4.04401
2.59335
0.935065
0.827645
2.82391
0.3879
-0.711999
0.576548
2.60875
-1.16343
-3.6777
-5.71035
1.80312
4.18153
2.86777
-1.27136
1.46018
1.65836
0.0913816
1.72128
3.41702
-0.931877
3.65174
-0.194797
4.32621
-0.0786806
1.32586
-1.97188
-2.89167
1.70408
3.30463
-1.37192
1.13675
0.415918
2.56021
2.63483
1.04562
3.22619
4.51787
0.251232
3.56869
0.54832
-0.511594
1.05609
2.55994
6.5713
-1.43029
4.32861
1.48223
3.80217
3.6216
0.658056
0.6979
-1.81226
0.318621
1.60843
1.95502
-1.19371
-4.29478
-1.46114
-2.31816
-0.387483
4.23189
2.16962
2.05063
1.99821
3.2454
1.93646
3.05834
1.28498
-1.67159
0.156637
0.833713
-4.37864
-7.57398
-2.40998
-1.00985
2.93151
-4.35661
3.33774
-0.596248
3.00031
4.58804
2.25593
-2.44019
0.697637
-1.82458
-0.0755288
0.224603
0.964835
-3.30546
1.95971
0.98887
-2.64505
0.535786
0.911545
2.27856
-1.9697
-6.37736
5.32682
2.721
-2.45107
-0.26522
4.81075
-4.0935
1.61949
1.85638
0.849249
0.970332
0.0220278
-1.08994
-0.792562
1.30491
1.70425
0.958171
-5.4254
-0.95565
7.12137
0.895252
-1.43565
4.95102
-1.33145
3.49026
2.7132
3.56449
1.05203
1.5297
-0.38723
-0.150306
0.538629
3.24955
-0.114522
-0.0936134
-0.80221
5.75355
-1.19578
3.1744
4.69684
-2.17943
0.156604
3.80834
3.34434
5.07775
5.07862
-0.459431
5.69521
0.960802
2.14014
-2.73702
-4.88184
2.08775
-3.82402
-2.80275
4.17116
0.748158
-5.91495
-1.03646
-1.79062
-1.31539
-1.79517
0.402996
-0.817378
-2.16509
-3.04172
3.7402
2.40029
-4.43622
1.35398
0.0988426
2.75906
1.20205
-1.87851
0.252568
2.92338
-5.97036
-0.433002
6.06254
0.62064
-1.76338
-0.658188
2.21873
-2.53582
2.94292
-0.285454
2.81096
-1.11568
0.741009
3.07576
2.49523
1.06634
-0.632867
-2.22393
-2.93883
0.0613943
0.549073
-1.36087
-0.653413
1.1173
2.2944
2.27046
-2.96131
2.98903
-4.63806
-2.08048
-1.03813
-2.84017
6.54569
0.593513
1.92127
-0.420743
-0.672739
-0.98409
0.660501
-7.77778
-2.19957
-2.48535
-4.21309
-0.842598
-0.417539
0.221993
-0.514174
-1.52875
-5.50659
1.56068
6.8343
-2.3921
-4.40341
-2.2875
-0.589865
-2.58343
-3.64216
-3.08466
-1.97788
5.51625
1.84578
-0.941945
0.542275
-1.40689
-1.9272
-1.83267
2.34794
0.0721818
-0.511761
-5.26712
-3.34722
-1.28444
3.98689
-1.83596
-1.0808
4.29068
-1.95703
2.71779
3.70119
-3.17466
2.62504
-2.66177
0.154819
-3.4965
3.26532
0.632511
5.4026
4.21047
-1.17997
1.32336
1.1014
-0.428211
-5.57421
2.05944
2.29671
-1.8553
2.89227
-3.67952
-2.90944
0.198905
4.65036
0.860492
-1.03983
-2.47242
-1.05608
1.40533
2.04922
1.47824
-3.85612
-0.741256
-1.54847
0.614707
0.733932
1.85583
0.175139
-0.544389
3.33668
0.430977
4.87942
2.0845
0.588648
2.33655
-0.808737
0.915042
2.98722
-1.27684
-1.19225
-2.91477
-3.27084
1.75277
-0.0352777
4.21882
5.09878
2.07662
3.91732
-0.375621
3.32586
-0.698184
1.99982
-2.86171
2.70739
-0.970249
-0.106017
2.31882
-5.36929
-1.4292
-3.54188
-2.17219
3.52761
5.83202
0.514378
0.297817
-0.94832
-3.18093
0.30976
2.59639
1.70619
1.61022
4.78454
0.59125
1.97774
-0.00942141
3.22068
-5.3759
6.60881
1.72903
-4.28616
-3.68018
1.16655
3.33101
-0.621061
-1.55488
-0.713298
0.924738
-0.613273
-2.82581
-0.612575
-5.58268
-3.28357
-0.706408
-0.524192
-4.3139
-0.449677
1.90079
1.575
3.98609
-2.17677
1.92959
0.801518
-3.27252
3.01577
2.22119
0.374147
0.580985
-1.89689
2.73358
-4.44718
-0.0909197
-2.75236
-2.2784
1.77757
2.48588
-0.954394
-5.66409
1.65021
-2.56639
2.86791
1.25555
-2.93641
1.43938
-2.47919
-3.53367
-1.86634
-2.22232
-0.383118
-1.37176
-0.0772617
2.62937
0.390388
-1.70164
2.87331
-3.39033
4.0227
1.41801
-0.475529
1.02078
8.14044
3.90409
3.08822
0.761919
4.76759
-0.393123
0.639189
-3.78262
-1.68797
-5.51088
-1.44298
-1.36667
0.238552
-0.0860488
2.73056
3.90807
5.06167
1.00012
3.92334
0.520085
4.88385
2.363
4.49222
3.83753
3.31412
4.5688
0.112902
3.72318
-0.388197
-0.398443
-0.0725978
-3.6329
-0.696912
2.97899
1.40892
-1.42099
2.45964
0.0793994
-5.49274
-2.62818
-0.210542
-0.438754
-1.92062
-7.76559
1.11497
0.53201
2.75527
-0.142716
-4.15638
-1.34037
0.241704
1.17019
1.99997
1.30338
0.477647
-3.07483
-2.89509
-3.14485
-1.99449
1.75905
1.94997
1.68
0.024662
2.23917
-1.59616
-0.117624
-0.319165
-1.81508
-1.74185
-2.31351
-1.70181
-2.73014
-2.71187
2.45233
1.18623
2.2062
0.640432
1.82553
2.64534
5.17599
-0.586137
-0.932372
-3.20424
-1.90019
-2.26384
1.61897
2.28519
5.61988
1.32165
3.86251
1.26897
0.0743202
4.37671
-0.815974
-0.400461
-2.28327
-2.3545
-5.50152
-1.59614
2.20687
-0.46165
-0.17758
-3.35735
5.2473
-3.73188
1.5336
0.0731107
-2.79815
-1.60794
-2.86671
0.86432
1.31226
3.99411
2.25282
4.62313
1.01921
-0.250566
-0.504492
-0.609337
2.6181
3.49351
-0.0502297
-0.185215
0.460156
-2.89442
-5.71552
1.48454
2.70089
-0.792107
-2.82021
2.10203
1.78441
-2.44825
-1.04772
-0.96258
0.0706727
-1.57679
-3.64142
7.14768
4.47816
-1.84123
-1.93897
-0.755324
-0.90095
3.206
1.16251
0.0423547
-2.12392
0.164186
-1.06305
2.56405
2.06093
-0.217633
4.53985
0.877952
-1.04153
3.95897
-1.07989
2.47579
-0.480148
4.52999
2.7916
6.00379
2.34317
0.516957
2.20342
0.10367
0.840059
2.56476
4.72792
2.14031
-0.25696
1.41689
2.51695
-1.53703
0.846227
-3.97387
-0.603472
-4.24392
1.78127
-3.56711
-3.47034
-2.14769
-0.918887
-7.21225
3.34726
3.3844
2.16575
1.13303
-4.63639
2.26987
-1.49224
3.11239
-0.294512
-7.14276
0.525021
1.81415
-2.91623
3.29764
-1.25877
2.80113
0.602033
3.2631
0.373983
-5.71429
1.56994
2.14693
2.00275
-0.0950841
1.15582
4.18082
6.86215
-0.3708
1.26209
1.31711
-3.96221
1.68931
3.92331
1.37592
-0.886566
-1.24172
-1.19128
1.02623
3.35868
3.48615
5.31165
-3.38292
1.23481
0.448948
5.2112
-1.81283
3.1371
2.98892
0.665368
3.4129
0.648005
0.397373
-1.82696
1.19515
4.64573
4.58319
2.69732
4.90753
2.41655
1.31177
3.50006
-5.19955
1.04002
-2.31123
-1.93627
3.55327
-0.901401
1.69311
0.779512
1.43571
-4.18113
-0.682262
3.98362
-1.10709
0.468553
0.891181
4.04073
-2.82384
-2.48201
0.665238
-1.91035
-1.40229
3.11166
-0.631292
1.91936
3.46823
-0.745154
-2.87118
-4.71813
0.289051
-1.25511
-4.2356
-0.605123
0.0120449
1.74135
-2.28604
-0.0679866
4.20882
3.21174
3.98585
-0.916228
-1.28426
2.13393
3.87714
4.0474
2.52292
1.75558
-1.09779
4.17319
1.66841
0.853067
3.06649
2.62537
1.37325
3.29651
0.607347
2.04443
3.98683
2.12814
3.16177
1.97874
-1.86501
1.44221
-1.22541
-2.04866
-0.558484
0.0125197
1.84289
-0.246116
1.42892
0.703518
2.65856
6.68614
0.757286
-0.287967
0.502396
-4.47391
1.93423
2.72131
2.13922
1.0985
-4.51443
2.70729
1.06213
2.89436
0.647075
2.47311
3.23602
-1.42109
1.46261
-0.169661
3.74276
0.569248
-0.173295
-2.41739
0.146218
0.325244
-5.78687
2.25845
3.01908
-0.321383
-1.1637
2.87189
0.146897
-1.14556
2.06646
-3.83766
-2.17757
2.97598
4.57723
-2.12472
-0.891208
1.53132
2.29791
5.6521
2.86604
4.10362
0.339779
-3.06474
3.88467
1.23761
-2.19322
-3.05098
-0.617758
0.760125
-2.62141
1.51811
-1.61972
-3.22757
-0.0911785
3.3873
1.96002
-0.501548
-1.9653
0.526649
-0.251166
0.156336
4.00209
0.556494
0.130147
-0.134625
-3.96648
-1.68363
-1.2318
-3.30816
-1.80558
1.87356
1.11195
0.44097
-4.13913
-2.53295
3.96624
3.94529
1.86626
-0.401939
2.27927
2.53505
-3.24138
2.17531
0.749481
3.67712
5.27685
4.31752
-2.41804
4.74059
0.206097
1.39373
4.12279
-0.809723
4.66531
0.20874
3.62216
7.53827
-0.312253
0.0257924
-1.73257
-4.76512
-7.95609
0.0792318
0.61398
-0.94172
-5.18215
-1.33922
2.19923
-3.96005
2.6708
-2.20463
1.19244
1.88687
-2.48071
0.499837
-0.503406
-1.24356
-0.169732
2.25229
-0.631072
2.32576
2.60974
0.911908
-1.1917
1.6915
-6.89789
4.64011
0.20775
-5.51369
-2.24901
1.91829
-1.14178
-1.90464
-0.554606
-1.65312
0.807574
0.137441
0.170726
1.3079
0.155229
-2.2905
1.54779
-4.00025
-0.564094
-2.37381
4.31285
1.26451
-3.0736
3.23044
-2.01122
-1.26573
0.628941
6.9807
2.71671
-0.417566
-1.49219
-2.1171
1.17674
-1.37577
-0.674739
1.40465
0.470133
3.0923
0.321097
4.80104
-1.72918
-1.16339
-2.34346
-1.17048
-0.398814
0.819034
4.03576
2.69804
4.91342
3.8387
-1.01521
4.24226
2.3252
1.64677
-1.54268
2.397
4.62349
3.99752
-4.59214
3.62466
-0.141013
5.25501
1.98794
1.1028
1.13938
-0.68595
1.85033
-3.36249
1.99238
2.64736
3.399
-0.662497
-0.0981332
-1.09673
8.252
0.544962
3.42034
-0.00562663
1.89507
4.08303
2.05279
0.37689
1.08336
1.44965
0.467652
-0.848125
1.3009
1.21128
0.443485
-0.933086
-1.85357
-2.30574
-2.31368
-0.266753
4.70794
-0.38542
0.947867
4.29426
-0.0796557
3.96358
-0.490389
3.33689
2.78641
-0.00879323
0.316414
0.211049
-0.913618
0.291666
-7.02749
2.92001
4.26049
5.34718
1.94676
0.674682
2.34337
4.29601
3.57
5.65611
0.254824
2.26421
3.12565
-7.60898
0.850239
0.202041
-3.68586
-0.156369
2.01043
1.40778
1.37046
6.04136
0.264547
-0.579909
-1.78137
3.31065
-2.61066
3.24546
1.06076
-1.13622
0.389808
1.19858
4.0217
2.90573
3.0768
1.63872
-2.42174
-4.43084
-4.37633
2.11932
-1.20527
1.6379
-2.93725
1.08172
-4.37076
2.50475
-7.05404
2.65502
-1.96763
6.40581
-0.754857
-2.52296
2.85613
2.28944
4.57154
2.58945
-2.29144
5.11471
4.05269
-0.353661
-0.148555
0.988928
-1.03729
-7.75655
0.527423
-1.12196
1.18939
0.230357
-1.47866
-5.22433
2.66198
1.93977
-0.73558
1.36204
-2.35139
-5.91823
3.91621
2.55306
-0.587691
-2.40741
-0.185016
1.57496
-0.271451
2.92723
-2.8834
-2.8094
3.09147
3.71083
1.69793
0.267304
0.979306
-3.31865
0.399078
0.356496
2.0127
0.507445
3.45221
-0.991399
4.41602
2.18607
1.43919
-1.30195
3.82845
2.13006
2.02231
-3.17726
-0.1237
-1.75548
-2.61853
1.72453
0.396444
6.94146
-0.518257
-3.73039
1.00382
2.30569
1.01772
1.45892
5.85119
0.911451
-6.43655
-0.566407
3.3748
0.146429
-1.47514
1.23917
-0.850099
2.13846
3.04202
-1.44856
-0.846903
5.19825
-2.5876
-0.821203
1.06081
2.2669
0.253552
4.13906
2.99132
2.64824
4.58006
0.286821
-2.8845
4.96797
2.73229
-2.52984
-1.21637
-1.74575
2.95998
-2.55378
3.76524
3.31521
3.8275
4.45781
2.68837
1.56518
3.17734
3.21821
-0.599924
0.0143654
-1.32362
-2.58657
-1.34241
-0.986833
2.47499
-1.11665
0.546372
2.54406
-0.626953
2.95226
2.01019
-0.466399
1.52387
-1.30851
-1.72415
-4.0755
1.23986
3.22176
-1.80882
6.91246
1.24346
3.02749
1.48686
1.17601
2.27222
-0.00187617
0.269871
1.75059
4.1352
0.0671798
0.53066
0.71564
-0.360903
1.59993
3.02155
2.596
-2.13284
4.43943
-0.648489
-0.482572
-2.15652
0.737574
0.412151
6.31349
0.0488701
2.02093
-1.50285
0.454469
-2.09613
-1.49944
4.36958
0.651905
-0.236992
3.78926
-0.128878
1.14005
1.37072
3.08255
-4.52964
-2.70212
1.68543
2.50785
-0.402054
0.540245
-2.47051
2.43266
-0.321052
4.14462
3.10876
-3.73833
-0.853805
0.67901
-0.0827752
4.07214
-1.09107
0.828523
1.0428
2.90557
-0.441366
2.52157
1.71589
6.39739
2.14225
1.67758
-1.69281
-0.50492
-1.75244
-1.3764
-6.33643
2.96069
3.74751
-8.45691
0.8574
-1.95961
-5.37782
2.93291
2.56492
1.16055
1.49683
-1.16675
2.25784
2.97634
-0.995
3.47863
5.51455
2.52467
0.00567338
2.11919
-2.52882
2.30539
-3.30005
-4.79754
4.35454
1.93307
-1.13242
-0.652818
4.99004
-1.043
-0.429295
0.34711
-0.428958
6.20441
0.462693
2.64677
0.836642
-3.30703
0.437672
0.25409
-0.825093
0.0447271
-0.00193201
5.29451
5.23419
0.512908
-1.2462
0.962635
-1.12703
0.81101
-0.788792
1.97842
1.09197
-1.46796
1.62347
0.761374
-4.57927
3.47853
-0.617825
2.29774
-11.7725
1.40448
-1.69317
-0.270447
1.97421
0.843288
-1.54712
-2.06373
4.05987
-0.657639
-0.313488
-1.77503
0.854765
1.83351
3.06328
0.936862
1.66062
5.90493
0.47033
0.262242
-1.16098
-4.19536
3.11906
4.86456
-1.18746
2.80693
-1.47013
2.41851
-2.42424
2.37964
-0.454635
-2.73335
0.679098
1.84989
0.326027
3.22797
6.22357
-0.951059
2.79925
0.633244
0.784125
-1.32437
-6.22366
3.26758
1.66593
0.549956
3.21605
-2.20479
-3.55133
0.539443
-0.257034
-0.771632
0.91894
-0.518435
-0.379818
-3.19715
-2.73351
-2.20767
-0.852444
0.133598
0.521913
4.52622
2.71434
-1.76407
6.51821
-0.457267
3.01292
3.13898
0.667079
1.58642
-5.41534
0.569319
2.40055
3.17373
-1.12785
-0.984426
-2.24146
1.79385
-2.43054
2.61815
-2.90105
-1.82921
-2.62869
-3.23768
-3.12199
0.300272
0.73358
2.08868
5.48031
-0.59041
-1.67328
-1.65433
3.0703
0.941611
-1.15315
-0.886316
-3.57248
-1.22105
-4.51762
2.35222
-3.14394
-3.38485
-1.08062
1.23214
0.404915
-4.7855
3.56653
5.47522
-0.403327
4.3358
-1.03848
5.96376
2.56572
-0.454127
2.3134
-2.5677
0.625493
-2.51913
4.1819
4.77815
0.218085
0.734464
-1.14725
-2.781
-0.512655
-3.60895
-4.99616
-0.88838
-0.431905
-6.63523
2.85818
-1.8982
3.26784
2.25438
-3.56667
0.719889
2.10434
1.53842
-4.91897
1.27796
0.553284
3.57424
-3.21276
-1.72713
-4.5313
-1.53278
0.598377
-2.28751
-4.11256
-0.48724
3.43868
-3.1175
0.784922
-1.77306
1.04294
5.5469
3.37429
-1.38668
2.70099
2.38199
0.44744
-0.319728
0.967235
5.00975
-0.948398
2.39084
-2.7721
-5.97231
-0.12808
-3.38407
-2.77586
-8.86772
2.51495
0.190197
0.636902
2.45224
2.99301
0.823957
-0.0567402
2.86477
-3.84041
-1.4222
-1.07101
-0.240034
-0.388737
1.70811
-4.14368
-0.816784
2.56026
-0.430963
0.489888
0.326563
-5.28179
-6.97093
-2.76251
3.36353
3.20502
-3.01535
2.59529
-0.0885963
-5.2843
-0.321139
-7.73405
-6.24373
-0.0708513
1.0136
0.852159
4.14602
0.390539
-3.01971
1.3924
3.18139
-2.96126
-0.820996
-1.60714
5.35605
5.59315
0.834182
1.12729
0.56922
-4.36494
2.21466
1.47017
4.60088
1.10014
-1.29365
-0.496082
-1.34331
2.89274
-1.09398
3.80175
3.90745
4.12704
2.50938
-0.0920669
0.46471
1.48231
-0.776098
-2.3081
2.12968
-2.6018
0.0375216
1.32042
-2.16612
1.01133
3.54914
2.36187
4.37941
0.795415
1.09317
1.01178
3.44135
-0.26385
-1.70848
-1.7572
0.962277
-4.47583
1.19478
1.79826
3.3161
1.24488
3.70301
0.592045
-3.21304
0.0724416
0.339848
-1.49013
3.02763
-0.992356
-7.29316
-0.976047
-5.06548
-1.31371
-3.49194
-1.27281
-2.65165
1.99369
5.05245
5.35063
2.30939
-0.090532
2.93693
0.199277
2.01256
1.86898
2.61283
