-2.08896
-0.141504
-0.496712
3.80021
2.08238
-0.643991
8.68108
-6.94639
0.916193
-8.44215
-1.47577
-1.08517
1.14408
0.378412
-3.6858
-3.75131
3.95489
2.309
5.8868
0.820058
0.694397
-0.833081
-6.53229
0.983749
-4.25722
-0.334578
-3.85973
2.39121
6.43581
-1.5496
-2.34832
3.73137
-1.2304
1.98741
-1.28303
0.787888
5.003
0.222829
1.67171
0.512343
4.1177
2.80968
6.41618
0.510502
-0.876388
3.44115
3.5661
0.914145
3.14853
4.68642
3.3572
-1.72428
2.75951
-2.64602
4.84736
0.467989
-3.98013
3.1793
0.66753
0.684348
4.19945
0.390254
4.00136
-2.00536
0.523735
-3.0485
3.04865
4.70955
-0.841305
-0.259944
-9.53258
-3.50391
1.23895
2.42224
-0.791965
-3.34963
0.630875
-2.19664
-2.4522
0.422589
4.35265
1.45211
3.31184
-3.53086
2.94393
1.60614
4.46851
-2.57831
2.79077
-0.578516
-0.3148
-4.79427
0.677322
-1.90337
6.12006
3.43252
3.24458
2.49265
-0.519602
-4.25789
-0.698196
7.06095
-4.41899
-5.12023
-1.71137
-0.024433
1.71538
3.05281
-1.19138
-2.6766
6.79311
-0.852517
0.324579
-1.95442
3.76016
2.6253
5.82988
0.281969
0.2557
3.43703
-0.14021
0.397331
0.773904
-4.68361
1.89527
-2.73406
3.48212
-1.08017
-0.77202
-1.40122
-2.56525
-2.78296
5.84058
5.35718
-2.27822
-0.787007
-1.51026
-0.322456
1.9753
-4.73214
3.04165
-1.92232
-1.12644
3.75101
-1.1306
1.39346
-6.36933
-2.21666
-3.02827
-6.78757
2.11047
-0.754714
-2.83669
2.13334
1.04606
-2.92626
-1.22045
-2.69641
4.19391
0.224331
2.6015
3.7576
-0.550214
2.63483
3.07361
-1.31498
2.19791
4.54263
0.0262798
1.12963
-1.38553
-3.34371
2.19156
-0.610896
-1.43779
1.47455
-0.376767
3.20668
3.93906
6.31204
-3.97979
-3.31754
2.05308
-0.392148
3.75488
-3.94436
4.28909
0.729899
0.652685
3.63002
-2.69525
4.38571
-3.23175
3.89684
0.828231
-7.15662
2.17012
2.24326
0.15451
1.35211
-4.87043
0.831808
-4.6956
-2.61085
3.5334
-9.26759
0.288419
3.92909
-2.14905
-3.86719
-5.08344
1.70389
-6.97984
-1.43376
4.23142
8.46339
6.07142
0.0804329
-2.4279
7.28125
-7.66154
2.16146
1.02031
1.09877
-0.251019
-5.12685
2.01624
0.589313
-1.03497
4.24754
-0.670561
1.22854
0.237332
0.759283
-4.78953
1.33811
-4.24922
-5.35751
-0.0890687
0.241369
4.3209
4.68395
0.216775
5.28092
-4.88959
3.56703
-5.55896
-2.46534
0.913584
2.02877
-4.36739
-3.02943
1.90918
-2.14944
-3.93522
0.760062
1.74464
0.973921
-2.22404
9.15286
0.934389
-0.526859
-4.02519
2.16834
-0.131742
2.13405
-3.25846
3.03847
3.605
1.38874
-5.64144
1.33819
-1.70692
-2.41981
-1.40918
-2.05623
-4.66496
2.91624
4.46585
-1.71063
0.998584
-4.68893
5.60355
-1.11609
-0.366721
-0.822619
0.951529
-0.469779
2.58706
3.8697
-0.579396
-4.8922
-0.148815
-0.722186
-0.0791623
-0.609408
3.29134
1.68191
3.34765
-2.41836
-4.09554
0.664135
4.31848
1.05241
1.26981
-3.50204
-3.25663
-2.49302
-3.17732
3.7671
-4.80903
2.20892
0.109955
-4.75208
3.83415
-4.91465
1.35948
4.32089
8.96042
-6.88261
-3.78538
-4.9054
-4.42975
6.41876
9.24676
7.27464
-0.724914
-0.697151
-2.46477
-0.872051
1.80621
-9.76021
1.33596
0.17163
-1.22934
-0.352777
6.47707
-3.67063
3.83751
1.82482
0.149613
1.25611
-5.00133
1.7296
-7.3787
2.48652
0.889132
-0.397766
-3.92002
-1.1465
0.217107
-6.25673
1.98527
-1.80184
-2.44327
-3.68417
-0.609936
-5.84842
0.619751
-2.81302
-4.47386
1.03812
-7.68619
0.702925
-2.08441
2.52832
-7.14594
-5.74611
-1.78078
0.434257
6.55739
1.99337
0.316151
-1.58584
3.95983
5.59511
-0.302801
-4.95485
-7.07588
-0.556751
1.85181
4.32935
4.40122
1.39702
5.09157
1.97499
-0.29032
-7.76525
1.47859
-1.52677
-0.0523084
6.87213
0.596058
-2.36081
-6.07969
0.832405
0.611988
3.20144
-1.86998
0.904443
2.47737
0.0405395
3.2671
0.816264
1.88356
6.46006
4.13768
1.21902
-0.718326
-2.86481
7.8201
-0.509437
-3.13261
1.39768
0.847081
4.37249
0.883717
-2.30654
2.67268
-4.25343
-0.541406
-3.03028
-1.30091
-1.43459
4.27428
5.02669
-1.02361
-0.948917
-1.58217
5.50025
6.72858
0.293264
0.777675
-2.56583
-0.0624008
-1.03847
-3.42402
1.40825
-1.15232
5.91371
3.55561
1.06233
3.25655
-0.327223
0.47493
-2.37646
4.78409
-6.3514
-3.95644
-0.974987
2.01568
-1.73558
-3.17284
-5.33413
5.11018
4.56696
-0.756074
-2.75671
5.70688
4.92509
1.8167
2.25092
-1.82294
1.83375
-0.646421
-1.94607
1.0655
3.6762
4.13925
3.71536
-1.13525
2.95089
0.89205
-1.75942
-0.824811
1.06671
-4.40752
-2.50581
-3.86987
-3.10247
2.49181
-0.927494
3.01973
-0.635855
-1.46519
-1.68285
2.63433
-5.04325
2.53213
-3.01151
1.49937
1.10507
1.8317
6.64978
2.04279
4.29752
-5.00762
-1.02667
-1.3226
-1.3965
1.95126
1.42172
2.68409
-6.04083
-1.32472
-8.54069
-0.467494
-2.82979
-0.0146318
-1.53495
1.3358
1.08531
-3.95376
-1.02478
7.10409
-7.2236
-3.22323
-0.131085
7.96886
-0.612874
0.990744
-4.80336
-2.3445
5.28717
-2.83513
2.95666
-2.80149
0.859265
1.74284
7.49369
4.60927
-0.502829
-5.23917
-2.80327
0.447124
6.72533
1.83476
7.67743
0.691399
-1.41443
0.338594
0.745821
1.09596
-0.377948
-6.27641
2.39775
6.96478
5.56941
-0.705565
3.6184
6.73227
4.27663
4.09604
-0.810203
-1.74333
2.5408
-5.74258
-2.55004
7.2943
3.68785
0.0188017
0.594407
3.78912
-3.61011
1.54364
2.12334
4.83019
-7.00378
-3.87428
1.49418
5.21854
-0.922304
3.03633
1.49437
2.7816
-3.80557
2.74145
2.4612
-4.20051
-1.92077
0.846626
4.09221
8.99808
4.81594
2.90986
-0.282514
8.07178
1.23956
5.36088
2.4328
-2.24034
0.473641
-5.15914
3.37544
5.85503
-1.02891
2.01561
6.5007
-1.5325
-3.38974
-1.66806
-1.00461
0.701812
-1.63434
4.11903
-4.1343
1.70465
-3.47277
4.35137
3.41946
0.929833
-1.82457
-1.63083
-8.40499
-5.50516
-1.43512
-0.876688
1.00666
-4.104
-4.54098
3.67298
-7.21285
-2.89366
-0.0327256
0.320676
-1.33022
1.73813
4.78453
-1.86285
4.92253
3.63912
-0.605951
1.78508
4.96631
-2.9076
-3.47955
1.83034
-1.11273
1.52671
-6.61441
3.31847
2.10808
1.94877
-0.833163
0.907992
-2.46269
7.73964
1.44939
3.12883
0.921684
-0.634235
5.25423
2.2654
-1.32341
0.586301
1.4421
3.26594
-4.46114
1.89997
0.87905
-1.32202
-1.17623
-0.990959
-1.15161
2.03543
7.91769
5.52216
2.98251
-2.33357
0.0188482
-0.376167
0.528709
-0.767392
2.59092
1.07368
2.98553
-0.720716
-0.463797
2.71042
-0.35131
-6.55777
-3.69514
-1.81775
-1.13889
2.47007
-7.11465
-4.81364
4.48516
4.37297
-3.00068
2.442
8.56869
-2.0044
-3.43003
-2.66214
1.91692
5.95916
-0.735073
3.83211
5.67389
-3.54016
-7.15395
2.81698
-1.61943
0.934512
-0.0770179
3.02349
-0.200776
-2.24284
2.25576
0.841219
-0.999612
-1.32188
-4.66513
6.43128
1.8752
-3.13192
-0.261075
-3.68483
0.970178
4.16647
8.33643
2.71706
-3.33254
-1.64262
5.68026
9.4068
4.53134
-0.0853195
3.42865
-0.431369
3.67641
-6.32248
2.13181
3.06405
-1.50629
2.7682
3.00718
-0.564128
-5.64064
2.43602
0.311724
-4.1611
3.92113
3.78809
6.75633
-1.66375
3.76608
4.87688
2.73121
-6.31045
-3.22744
-4.49301
-0.738461
-8.17274
-4.66972
-1.12432
-2.56831
3.56937
-1.06534
-4.96773
0.346419
-9.90356
3.63475
-0.961531
2.21715
-3.37551
8.68141
-1.36901
-1.28015
0.0500339
-2.78659
-2.74989
-0.360673
7.9536
-0.793256
2.82929
0.223971
6.48541
-3.81663
-0.295624
-0.999441
-0.507153
-0.119073
3.96258
0.92083
0.240507
-1.56526
4.09042
3.95981
3.1631
2.40482
3.16982
1.99526
2.45418
2.52998
4.68069
-3.01792
-0.440334
-4.19504
1.92818
0.339225
-1.73678
0.740599
-1.78554
-0.578837
3.27569
0.413089
2.59966
3.01962
-1.41654
-2.77906
-0.897485
-1.84509
-8.82062
-3.1779
-3.5473
3.30885
-4.1271
-3.19664
3.38897
-2.77421
3.48453
-4.2477
-1.71155
-4.19576
0.456516
4.94114
8.59793
2.60154
5.65869
1.94945
-4.04283
-2.01553
3.85633
1.63504
3.18994
0.195941
1.30345
1.86825
-2.11525
2.33842
6.56813
-0.791367
5.01841
2.02023
-2.37988
0.678465
-0.217284
-2.31531
4.2363
-1.39604
2.88769
1.77757
2.08353
-1.51624
-0.753772
1.9762
-0.601987
2.51547
4.07741
-4.51004
-0.215743
-1.49447
1.57641
2.29572
-6.06182
6.99995
-0.622868
4.98022
-5.57559
1.26699
-0.123127
-3.01168
-2.09885
9.90272
-1.41942
-10.1528
-2.89314
-3.75398
4.65299
1.65259
-4.00611
-0.305911
-1.50319
4.93283
3.33625
0.606551
3.10846
-1.1563
2.91468
0.541903
-1.67381
-4.52309
-0.321078
-7.55005
0.0353652
2.544
1.8211
-2.00259
0.400407
2.09794
1.40068
3.30276
5.7179
-2.34553
1.502
2.16894
-4.09754
2.76331
0.327171
3.87108
1.08465
-1.9981
3.04644
-4.15551
0.304198
9.28464
2.9316
-0.0582232
-4.42857
-0.0064765
4.85315
0.335727
-3.17766
0.957888
-3.23257
0.815727
4.27829
-4.58687
0.114903
4.26049
-5.3769
-0.111946
-3.50041
-3.29786
-1.59175
2.39089
0.77087
0.822737
4.0932
4.77546
-6.03394
-0.338287
-1.4419
0.441679
3.76091
1.86166
1.83154
-0.126039
0.718406
-4.81025
2.61259
5.09368
5.74193
-0.121628
0.473829
1.89235
-0.507638
4.68563
-0.135825
0.460411
-3.27166
7.70538
0.799843
-3.0963
3.83292
-5.46265
9.89448
-4.0436
2.06047
6.15824
-4.16246
0.357519
-0.811184
0.110642
-3.66799
-3.35867
0.662458
-2.94659
-4.51684
-0.841147
-2.40306
-0.792147
6.60819
2.15849
2.36442
0.621014
-2.73498
-7.88488
-1.9633
-0.00291982
-2.31462
-3.33506
3.09675
-0.566687
-4.58203
-5.91339
-4.74479
0.136804
3.88192
6.05259
-3.02907
-1.81424
-4.7027
-2.92488
0.545665
-7.12246
5.94992
-0.414454
-7.40556
0.832328
-3.12009
-3.8462
-2.89382
1.56605
1.46012
2.39722
0.745992
3.06022
1.86209
-5.01001
-0.764353
2.99894
-3.88464
-2.27057
-0.495998
1.36617
2.06726
2.69051
5.08298
-3.32641
0.21218
0.461037
-1.28022
-3.61034
1.44283
-0.793647
3.94826
-2.37126
-2.86996
-4.97036
-2.68229
-4.91607
-1.11184
2.52802
-1.92141
3.18495
-2.6344
-1.2876
-2.78753
-0.940107
-2.10828
-0.736535
3.00918
-3.48409
2.35979
3.00037
2.94503
0.508531
-4.38271
0.637118
-6.22084
4.77594
-1.46079
0.0346002
5.65795
-1.17832
1.92226
2.53249
-6.46595
0.979873
-1.81306
-1.7311
3.45766
0.285248
4.75505
1.54651
3.26884
2.03738
1.1643
-0.186045
-0.660879
-5.32547
-0.0777864
10.0285
-0.487222
0.0177576
4.06162
1.68411
3.22085
4.46385
-0.222675
3.50144
10.4574
5.49993
1.47711
1.64624
-1.08113
1.56598
-3.12252
0.891921
1.45063
6.39818
-1.4879
0.300577
1.15491
-0.359048
-3.42313
1.01541
8.19162
-6.15571
-5.45316
0.97151
-4.23881
-0.185908
2.87616
-1.3738
1.5757
3.87096
-0.425562
5.13229
-0.0825169
1.32264
1.51576
7.59663
6.68592
4.35806
4.7794
-2.00446
-3.42388
-1.85482
3.92711
-0.448447
-1.35239
-0.225862
4.54981
4.86683
5.96704
6.33695
1.8779
1.90567
2.08016
0.766912
2.4252
-0.493955
0.840019
6.04254
-2.16281
2.31957
9.25616
-0.234753
-1.69318
-0.399171
-0.208758
4.34904
3.51995
-3.98683
4.17169
3.08222
1.80316
-0.0292967
1.12557
0.295056
-0.548787
1.79989
-0.208621
-3.54678
-1.13232
4.92478
-4.09117
-10.267
-1.87954
-2.39983
-1.25038
2.73998
1.28328
3.3491
2.27206
-6.84511
2.32428
-2.18649
3.75692
3.0023
-0.483849
-0.805592
0.229826
4.09321
-3.19431
4.4462
0.500968
-1.69976
3.21567
-1.12095
-6.55553
0.0860069
-0.155752
-0.100747
5.09669
5.50114
4.17347
-6.40073
-2.81119
1.11755
-2.91652
0.726682
-3.85221
3.41747
-0.21685
5.65118
-5.4068
-3.02658
-0.138741
1.29225
-0.483646
0.278631
-3.76325
3.2498
1.56028
-3.93635
-4.52869
-1.69806
3.17673
0.542349
-3.43214
2.37758
-2.46388
-1.13643
0.900847
-1.16503
0.546855
7.45981
1.37478
0.588749
8.5332
0.691259
0.1638
-1.54238
-0.822582
-1.93741
1.07157
1.79665
-0.280236
4.66569
0.303608
-1.03889
0.620224
3.74512
-0.429757
2.49534
0.363091
1.53324
3.85573
6.34891
0.814191
4.80375
2.87413
4.0381
3.11431
5.61169
4.99324
6.45928
6.97685
-3.98548
0.479544
-0.776765
-1.98294
4.76821
1.60305
5.98198
6.69405
0.469663
10.0777
2.807
0.776679
4.55669
4.05006
-0.770435
-0.565295
-5.28185
-6.36699
2.60419
-5.90156
-3.87353
-2.32637
8.4813
-4.05238
-8.10748
3.37383
3.25411
2.51583
-1.23751
1.15188
-2.77236
2.44704
3.56389
5.54241
-0.604443
-5.5098
7.45284
0.649183
-4.00037
-1.54509
-2.78783
2.32319
-2.51626
0.915274
-3.08176
-2.27888
4.28944
-8.00792
6.21331
-3.51637
-4.74199
3.34667
-3.25911
2.56653
2.74918
-0.0103119
-2.41868
2.44771
-1.34298
4.22137
-2.72611
-1.06307
-1.74054
-2.58726
-1.27198
-0.156962
-0.976062
0.893653
2.26112
-2.34237
-5.94601
0.712909
4.20868
4.33745
0.960223
0.747984
1.94381
3.6274
-0.555228
6.09214
-1.92758
5.11482
-5.93555
3.39564
5.39371
3.87201
1.54328
3.10729
2.55859
-2.31858
-1.38624
-2.99163
-2.75707
-0.176972
-1.695
7.29268
4.43079
-1.86278
-3.38363
3.14601
-3.24514
4.53626
1.77594
5.33694
-3.19851
2.53424
0.158651
3.35127
2.06301
6.13503
1.85084
2.78873
6.3662
0.901942
-4.09139
3.70841
-0.604633
2.90222
0.906082
0.0979048
4.5024
-5.13366
-2.58061
-0.704819
0.806599
-1.68964
-2.95045
-0.101378
0.430565
-4.91501
-4.50398
4.95019
4.98511
-1.01723
6.42592
4.8921
5.88835
4.29569
2.08936
0.307585
-4.83291
2.27194
0.410065
0.273721
-3.08018
-8.62389
4.22658
-1.69961
2.01559
3.08477
-1.82419
0.653419
-1.49602
1.66238
2.9317
1.78039
-1.10683
2.89065
4.23832
1.25685
-1.29168
-0.860525
-0.375622
1.12216
3.02263
-4.68774
3.2542
3.84309
-1.12724
-1.85025
-6.90213
-2.74496
-0.44746
2.22849
2.67654
4.52791
-2.96831
-1.3201
4.5003
-0.657421
-2.21547
4.60539
1.92506
-0.804575
-1.13732
-7.85248
2.79361
6.72212
-1.9796
-0.931932
4.07239
-0.394707
-3.67361
-3.30076
7.40252
-6.76314
2.31498
-0.174669
2.81872
-4.99479
-0.70287
-0.817766
-1.21009
-2.62284
4.42601
-5.26394
1.26701
-1.14744
5.17666
-2.53268
-3.5092
-4.91463
0.910793
1.21162
-6.44747
-5.52058
4.91086
7.4813
5.88189
-8.73793
-0.597348
1.15919
-7.91494
1.46377
2.53316
2.7241
-3.01602
-2.49877
-0.974742
0.993781
5.97567
2.89154
-2.14135
-2.96473
2.75321
2.62719
4.30482e-05
3.51
7.48435
-1.79312
-3.00173
1.48875
1.37629
1.19411
6.54834
-3.17662
-0.106553
7.73792
3.59501
5.12283
-1.30554
4.68353
4.90313
4.31779
0.899493
-10.1691
4.41815
-2.56298
-0.422437
-0.877239
-1.63558
-3.92311
1.01299
-1.65065
-0.638018
-1.93136
-0.189775
2.82457
1.63391
5.61378
1.18044
-0.0499744
3.79238
2.84797
7.78237
1.54226
0.458128
2.64642
2.17282
2.08089
-5.30461
1.02977
-0.856316
-3.78508
-5.56513
-2.13025
1.07764
-1.7154
1.43694
-4.75595
-7.20178
-1.06518
1.73968
3.94517
-1.13709
4.33472
3.27834
-0.101848
-4.34141
1.35691
0.092644
3.12016
0.754479
2.93466
-0.468419
6.08909
1.0343
6.83677
2.71144
-4.94047
-7.41054
-1.84393
3.85268
-0.462574
0.376857
0.190346
-3.74576
2.6901
4.80699
3.51539
-0.751646
1.53378
-6.09484
-1.19433
-2.96544
2.86677
1.1034
4.43592
-1.17665
-3.42255
2.40299
3.20401
4.62314
4.62702
5.12399
-1.89403
-5.52719
-3.50903
5.01321
-2.44022
0.0560929
4.47263
3.64682
-4.06387
1.85308
3.13061
1.60413
4.26602
0.173542
-1.65912
4.00678
5.17473
-0.42095
2.93761
3.62225
-0.260216
1.68314
-3.457
-1.47163
-0.501383
2.83235
2.70535
4.61902
4.07772
-0.816332
1.08778
-2.33609
3.04635
0.983878
0.781855
5.29484
2.90539
-1.32345
1.18154
-4.01057
0.207063
-0.196418
1.90853
-6.686
-2.72048
3.02358
-4.69115
-2.61162
5.5766
3.99334
1.25632
4.54804
1.43099
-0.909343
5.0998
-3.75687
1.07189
1.34336
-1.31067
-3.00197
2.86034
2.08144
0.531661
-4.85984
-6.99783
2.00749
-0.229942
0.692675
5.18525
1.56286
2.43293
-2.60783
4.05918
0.307079
-4.97
-3.0543
3.39798
-0.0165886
-4.48599
0.479893
4.53688
0.180305
-1.56124
4.36182
-0.462078
6.54035
8.86638
4.57385
-0.323402
-4.03616
5.47134
-2.54724
-2.35292
-0.945654
2.147
0.851493
-2.61289
3.16267
-2.46819
3.00436
3.26342
2.34102
-0.0843459
-3.53734
-4.52569
-2.15995
-5.68471
0.887226
2.54334
-5.34052
0.160031
-1.01099
-1.28814
-1.32964
-1.66752
-4.17075
-0.344666
3.27556
-1.8959
-3.98559
-0.690646
-2.5789
0.79836
-1.44363
-1.39217
0.278114
-0.423789
5.64265
1.00759
3.01822
3.64765
-1.87173
2.54725
0.280578
5.02169
0.141726
1.08134
2.12969
-8.21933
2.83986
4.54056
1.06807
0.784551
-0.208224
-4.35837
-2.91327
-5.95166
1.69365
-0.979467
2.44762
-3.31045
-6.65749
-1.45748
-1.65566
-3.19777
3.51444
2.30522
5.32747
3.07789
8.2109
-0.706715
-2.27383
7.57068
1.12023
0.74699
-2.2553
0.0428506
-0.618972
4.46755
4.5834
0.299827
1.50675
1.65386
-1.82121
-1.59799
3.74055
0.350532
-2.62215
0.225992
2.69794
-0.327994
3.85021
-5.76666
0.935878
-0.501913
-0.471345
-0.133966
1.88187
-4.08971
5.19196
1.44516
4.60714
1.81103
3.0454
0.196661
-1.88903
-5.3484
-10.0466
4.50256
-7.20429
3.30235
-5.46732
1.53748
1.79478
-7.81275
3.41887
-3.91101
2.03149
0.211081
-8.29868
-1.58021
0.883425
6.53839
-1.23765
-2.93804
-3.25225
-3.61353
4.46888
-1.39708
4.48591
2.12726
-3.99453
0.73906
-0.266882
-1.31869
4.45857
-4.0634
0.237603
3.31242
0.750326
2.22843
-2.72284
0.390967
1.3461
-1.37947
0.235035
-11.3326
5.23695
-1.71925
1.8874
3.74867
2.73248
-2.60718
-2.34164
1.01776
4.47089
7.24168
3.41145
-1.80732
-7.83093
3.13403
-1.94163
1.92379
6.14951
3.62914
5.49045
-0.099059
-0.344954
1.62189
4.15027
-5.2808
6.93925
4.6044
5.70082
2.86901
2.43393
0.676744
6.84702
4.04095
-1.85695
8.01152
1.05719
0.52706
6.19134
6.1975
-0.93622
-2.35394
0.663419
1.43258
1.0656
3.01282
-1.5881
3.9166
-0.0879758
-4.95722
-4.94687
-3.37118
0.250944
5.03743
-7.31982
-5.00154
2.84948
1.28584
-1.31346
1.83176
-7.69324
1.07604
1.77178
1.93131
6.83473
1.85308
1.90758
7.59067
-2.85859
-3.00095
4.04786
5.44079
0.364975
6.40002
6.10533
-4.67897
3.88252
1.46173
3.46704
3.35741
3.25852
3.5031
0.633456
-0.806922
6.28658
4.2523
5.06252
-3.18482
-1.76861
2.7445
1.72047
1.49664
-0.900732
3.84916
0.639451
2.7937
-3.67961
-4.01079
5.62846
1.31692
-1.63109
-0.400257
3.53691
-0.745348
1.34773
-3.37206
-0.398838
4.74646
4.83909
5.26525
-6.40286
3.80656
-0.713913
-3.3741
-2.76243
-6.36555
2.7055
2.92496
-5.69736
4.86785
-3.64856
-2.23139
-4.82957
-5.18455
3.24957
0.995425
7.39325
-0.524033
0.0944074
0.951863
2.58615
0.373464
-1.64845
-9.56185
0.218007
-1.89358
-4.39517
-2.14534
-2.89534
2.17187
-1.90276
-0.0902154
-5.12803
-6.63762
-0.652951
0.128159
4.72847
-3.76568
5.61195
0.101415
4.37038
-8.05581
-0.494117
2.76921
-3.44281
4.93721
1.88293
-0.773559
-2.70696
-4.37776
2.09337
-0.592554
-0.000218822
-0.801523
-4.37551
-1.65257
2.08035
1.22688
-0.679705
6.0247
0.216712
2.80558
-3.0993
-2.6151
-1.67186
-2.70362
1.96469
3.94634
-7.89035
-2.24498
8.84936
5.11757
2.68009
4.24459
-1.73009
-3.1457
-3.78782
-3.81444
2.25541
4.06249
2.79928
3.745
-0.061494
6.41479
-1.58033
6.61267
5.45245
5.12984
3.75082
3.283
-2.56363
0.477919
4.69329
1.39706
4.93294
1.41708
4.41028
-4.19105
-0.497157
-8.10645
2.79312
1.88997
-1.77403
-6.07532
5.80878
1.11072
-4.73781
5.0067
-2.51584
3.59708
0.101037
-4.23532
-1.56685
2.89043
-2.90142
-4.68189
0.5056
3.5179
-1.88197
1.67296
-5.3772
1.9488
2.23406
1.36052
1.69845
-1.35131
2.91643
3.48137
-2.84357
-3.34177
-1.84775
0.972459
5.03649
-2.86867
0.80156
-2.63414
2.17353
-1.57504
6.67467
2.45812
0.00769775
-0.492935
4.23851
-0.795363
0.950113
2.14427
-7.68555
-1.41389
-0.423779
-3.55992
-4.7744
4.63435
-6.93052
1.65318
-4.03448
-5.94184
1.78399
4.59146
-5.7168
-0.0710255
1.56101
2.14425
0.238586
5.58863
0.431523
6.72044
4.0811
2.72387
-9.17832
4.20978
-2.09283
2.83391
-3.84202
-2.3615
6.2355
3.28753
8.8243
0.167204
1.7791
-8.70668
-3.17746
2.39704
-2.63731
-2.1425
-2.43826
-5.46882
-0.413882
0.0669007
-0.357627
2.74031
5.24145
4.25288
-0.726227
1.92413
2.72071
1.95873
0.0223795
-1.18052
1.55567
3.2097
-3.28464
3.70759
1.40565
3.49702
-6.88709
4.49071
3.53613
5.92615
7.97626
2.74566
-2.12789
1.04074
1.43976
-5.37648
8.94986
1.42477
-7.39645
4.1386
2.36619
-5.02659
-2.49448
3.20475
7.96631
7.13535
-4.41759
3.74773
3.62095
-0.997708
-2.64615
4.98162
0.295515
-2.20735
-8.66193
2.08312
-3.48466
0.312928
1.29123
-0.592884
-1.02098
1.27891
-5.34184
-2.4514
5.19858
-2.96281
9.28444
3.7233
1.01295
1.28926
-1.12022
-0.324487
3.388
4.32203
6.47531
-5.42639
-1.34637
0.031053
5.50268
-3.68491
-1.17279
2.32102
-3.17867
-4.52959
1.07254
4.40734
-2.15075
2.06325
0.466074
5.81479
0.976115
3.22405
5.65982
-1.36473
-0.25116
0.79236
-1.18913
-3.52191
5.65529
0.0151817
3.56951
1.58738
2.74109
0.445284
2.96818
-7.48533
4.29984
1.55701
1.29257
0.0377008
-3.06096
0.82759
-0.820534
-0.75476
0.372367
6.24387
-2.48845
-3.35891
2.20422
-3.76849
7.04874
7.11969
-2.33274
-0.0208967
0.67965
-3.2378
1.63681
2.9939
-9.14268
2.5639
5.84945
-0.906614
7.85302
3.42026
1.64364
-0.87726
4.24944
2.8754
2.15702
2.75352
8.09566
-0.475451
5.9388
2.89789
-0.00964346
1.79771
3.85104
-8.56615
0.205297
-10.0995
0.503241
-1.69765
1.64866
5.70406
0.320032
-5.20455
1.74944
1.54846
0.165323
2.7762
3.18227
-1.87342
-1.78962
2.81318
1.31243
6.38497
1.71812
-2.59784
7.78894
5.03229
0.860235
3.64625
1.05728
-8.94307
-4.38677
4.33209
-0.917388
1.08426
-2.7519
-2.02679
4.47549
-1.99495
5.03083
-1.11328
6.6583
-1.99772
-1.08028
-0.12168
4.52308
11.901
-2.0504
1.40303
-2.91361
5.03729
3.96122
3.63749
-0.0634331
1.3943
-2.20683
-1.16033
5.67586
-5.63676
4.49946
0.32416
0.450673
0.462225
2.93116
6.11202
-4.84629
-5.16968
1.18608
-1.09894
1.6399
2.8678
-0.606596
1.03183
0.129373
-0.493263
0.260717
0.228872
4.88802
-0.187319
-2.43872
1.87509
0.68871
1.69202
3.67745
-2.93266
0.0795359
5.56966
0.336732
6.26578
-2.74957
-3.1684
1.80938
4.308
1.48454
5.11121
5.74764
5.46006
5.32395
-3.29786
0.251301
0.741547
-4.14331
5.85133
1.38898
-1.36264
-3.93887
3.38457
0.839934
1.36516
4.35756
-0.616178
3.65241
-1.03227
2.12297
4.40954
-0.629565
0.667227
-0.0180873
1.34102
-3.02389
-1.72363
-2.7709
-3.72064
-2.09209
-1.19116
-2.60704
2.21109
-6.61056
0.952426
0.66272
0.596448
0.0318911
4.72817
-3.21419
-0.470302
-3.5913
-3.2322
-0.630643
0.823586
2.07969
-0.652271
0.317766
-2.10318
4.89196
1.58066
-0.0612495
-0.779356
-1.31587
1.63963
-0.55955
-10.1795
-1.49463
3.00784
-4.07074
3.7713
0.421043
2.48399
-4.35305
1.09043
-0.291335
0.270685
2.5649
-5.41562
-2.27135
6.62609
0.817233
-5.48542
5.0573
-0.113247
-8.73502
3.92735
-0.767647
1.10618
-1.83038
0.104024
1.41974
-2.67141
-6.34269
-5.24523
0.378528
3.87239
0.192689
-4.06052
-5.35023
-6.24202
-0.718789
-0.728295
-0.612631
6.82413
1.8606
4.65458
5.3357
3.30425
0.856632
-3.92792
3.8722
-5.41935
3.7955
6.28066
0.801004
2.40152
2.18394
2.5658
2.70952
2.27333
2.54447
2.94682
3.88702
7.93087
-0.499777
1.35775
0.422992
-2.58169
5.10328
2.74124
7.20757
3.44951
5.59959
-4.98118
4.28713
-1.90264
2.86809
-0.234878
2.07262
3.92065
-1.0222
2.42826
2.41059
3.60323
3.73133
5.3814
2.14578
5.40792
-1.76326
-2.85728
1.06035
4.2409
-1.15908
-4.15241
-0.624089
3.4939
6.45098
4.4976
2.53371
0.633961
2.46608
-4.13486
-7.21107
0.279628
-1.80794
-4.55494
-0.315589
-3.43217
1.86969
-2.5842
0.416294
6.61204
9.93455
-4.0427
-0.197379
-1.17657
2.67762
6.48078
2.52459
-0.685067
1.33668
4.33979
-4.74359
1.26866
0.348945
-1.20607
5.91855
5.34603
3.29108
3.05412
5.48848
-3.63076
0.560928
-4.42779
6.83476
0.793103
-3.79611
-1.49566
-3.16521
2.53698
7.29772
-2.51082
-0.924147
5.58649
3.96862
-3.43947
3.70193
0.371529
1.91142
3.37538
3.65243
4.15995
1.42305
4.80448
1.49464
-2.55011
-6.65568
3.25782
-6.41533
-3.29157
-3.97603
-3.11616
0.177328
-1.89699
5.03279
-2.8321
3.14336
-2.82476
0.949298
0.866113
3.01521
2.70497
-4.50819
5.20851
-1.65455
-3.54051
-2.61792
5.32693
7.57988
-0.712482
-1.56258
3.86025
2.17481
-0.614264
0.787131
2.2827
1.17072
1.26272
-1.62565
5.12015
-0.334089
-0.46929
4.03605
3.92048
2.60752
5.8192
2.59974
-3.23688
3.34317
4.49702
-2.29757
2.50691
-4.31058
-2.5788
3.72391
7.26959
0.417585
-2.03347
4.96063
1.44789
4.63788
-1.03475
0.216635
1.22949
2.71373
-0.464769
1.62943
-1.26952
-3.45442
5.50758
1.44099
2.86588
0.894965
1.72675
5.96792
1.11097
4.84904
0.820484
1.28752
0.68064
2.64444
1.44803
3.15995
-4.72655
9.17592
-4.50996
-0.641189
-4.02639
3.05585
2.37435
2.10244
6.65137
-1.36296
6.02488
6.4847
3.0937
5.40401
-1.48273
-3.44251
-0.223244
-3.4523
0.527616
5.85665
2.37413
3.57188
2.37392
-1.64576
-4.39578
6.19676
6.00937
0.169
-4.92143
-4.06316
-2.43456
-0.0736433
1.48401
-1.95077
-2.99397
-1.63565
4.65659
1.87618
1.49983
8.09652
6.311
-5.55098
0.863581
3.58945
5.48533
-6.08705
-5.54128
-1.98794
-2.39608
-4.34208
5.39755
-4.24407
3.52453
0.770697
1.81551
-6.25361
-1.88591
1.49102
4.72188
1.19275
4.21217
0.163318
-0.579513
-0.452375
-6.48544
2.8392
-5.7634
4.60858
-0.464524
4.56155
0.939095
5.86705
-1.10735
2.62575
2.32391
-3.60741
1.47837
6.1918
-1.23232
5.10862
1.58839
4.54978
-2.84736
-3.80377
-2.83666
0.961795
-1.83141
2.93374
0.68671
3.00049
5.72714
-0.865485
-0.514548
1.46523
7.27583
-0.0210219
3.69053
-2.22123
-1.14109
2.01682
1.05449
5.50977
-5.24401
2.88282
4.147
0.526064
4.036
2.63598
1.32732
0.929401
3.66421
2.55869
2.98569
4.61991
-2.94979
6.07967
-2.03817
-4.58211
5.94576
-6.73052
-3.35702
-3.0166
5.64529
5.41448
1.87694
2.62132
1.643
-3.09869
5.28623
2.59376
2.42391
1.37372
-3.49229
1.5995
0.860776
-0.67722
-1.65119
2.68319
-0.269263
-1.44246
3.11713
4.72153
-0.290454
4.04141
3.12114
-0.628224
2.27886
-4.3402
6.73874
4.88661
-3.44983
-0.983481
2.0772
-0.37569
4.27018
1.39175
2.44835
2.35341
3.36876
-0.330728
0.0749356
5.10818
-0.388863
2.16877
-1.61766
-2.88553
2.53296
6.07997
0.234028
3.44244
-6.08616
-1.19027
-3.43027
-1.55655
-2.51701
-2.04967
7.6873
1.48191
-7.39852
-0.48485
0.310334
4.17779
0.479809
-2.91114
4.2532
4.46137
0.73936
-0.994514
-1.03412
-4.67217
2.32814
0.838227
-0.793219
3.69468
1.45556
-2.32179
0.104532
3.88352
-2.69004
0.132745
-2.17098
-2.12195
6.59298
4.10192
-9.42266
-0.20719
-3.10237
-5.01998
1.36156
-4.0146
-0.260219
-3.87216
2.54993
4.50064
2.07769
5.68633
-1.13381
-0.578098
-3.94028
-0.38603
5.11737
-1.58257
0.224449
3.06633
-3.39217
2.5017
8.53382
-2.21741
5.37898
-7.15893
2.87726
3.90375
2.16665
0.658951
-3.19413
-1.48837
0.185728
4.71582
6.48443
3.31616
2.14259
-2.50337
0.675248
1.30489
-2.12122
7.09042
-3.24201
2.25189
-0.92342
-0.289706
-1.44413
-5.19008
1.4473
-7.46272
-5.59608
1.71041
3.43786
1.20637
1.53307
8.6351
-1.08881
-1.11813
2.97915
-6.26885
-1.77614
5.49531
-3.79146
0.394434
4.47853
-0.464503
2.6777
6.08697
-4.24585
-2.04882
6.31474
4.93533
-4.87744
2.6832
6.00214
-4.11783
0.188799
6.33186
-0.395446
-4.72482
1.90933
1.52896
-1.1772
1.38364
-0.268766
8.83222
1.10566
10.3014
2.16605
-1.69325
3.96372
4.06239
-0.981948
8.2878
3.24176
-2.53001
5.04658
-1.9416
3.4586
6.73682
4.63465
3.03061
3.26328
1.43243
2.5332
7.73207
2.10262
5.70675
1.4
3.33022
4.96988
-0.271895
6.63334
-1.76845
5.25341
3.81149
-1.2576
-3.22615
1.19502
-0.818033
2.81726
-2.46129
0.45125
-0.921073
2.59109
3.04572
-11.0372
-1.61515
2.86502
2.22008
0.645773
-0.869004
-3.47432
-0.663252
3.89779
1.02188
-3.75327
-1.35565
2.73444
3.48251
6.61977
-0.971998
-3.45332
-2.47415
-2.93273
3.74008
1.01258
2.15394
-3.22159
1.38758
-2.6958
3.15077
0.437656
-0.432515
