4.8766
-0.381354
-4.09914
-2.91335
0.799151
6.44486
1.2144
-3.53048
9.83351
1.57479
-1.13457
4.57233
-1.76207
1.32579
-1.71563
-1.95539
-2.46846
3.5704
0.791085
2.04651
-1.657
0.0628306
-1.58188
-0.754057
-2.47615
-3.36205
-1.9517
0.374813
-5.4046
2.46823
-1.47654
-1.59826
-1.56275
-1.23991
2.05185
6.08961
1.11444
-2.77317
-0.531008
-3.34454
0.326559
-2.53839
-1.69745
3.50592
0.944075
-0.109727
0.965147
1.66164
2.29959
0.599499
0.684688
-2.13482
-1.88865
-0.877361
2.57932
2.45081
-3.37279
7.62543
-3.06472
-2.00842
-5.91605
-1.90062
0.960116
0.179758
1.25857
3.87594
4.02488
0.815644
-0.745438
4.47933
-0.109359
-3.2009
-0.508542
-0.715446
0.189449
4.36874
1.07791
3.18926
-2.20146
0.641999
2.8367
-0.534163
0.0898664
1.83758
3.82937
1.30649
0.661568
0.13803
-0.348691
-6.95426
-2.85076
-1.99515
2.71972
-4.23959
-0.846621
-5.17485
7.21644
1.48793
-1.35705
-4.55057
-0.397322
0.205848
-0.583945
-2.83505
-0.547223
-2.9023
-1.08546
0.330482
2.87601
-1.34328
-3.04416
7.74804
3.60338
5.18176
-0.691223
-0.588657
0.199656
1.75774
0.789973
4.53888
-4.18399
1.64654
7.05937
-0.353192
-7.78634
2.87801
1.61424
-3.69284
-1.38589
2.19148
-3.47292
-1.88217
-1.09597
-0.893535
4.2333
5.50208
-0.198089
2.6353
4.44382
-3.80296
-4.46522
0.672926
4.4117
7.20842
3.58216
-0.644935
5.13369
0.0878497
-0.363993
-0.328112
0.989827
-1.39684
-2.73806
0.290879
-2.09071
-0.974417
0.929189
4.20924
1.33745
5.97172
0.422531
-3.0681
-4.36547
-1.8909
0.917504
3.73859
-1.51088
0.142712
0.101997
-0.75675
-1.84179
-0.818603
0.508659
-2.22158
-3.26785
-0.59147
1.46114
2.77702
-0.429559
0.762185
3.63554
0.143157
1.23811
2.26053
2.13941
2.67331
-0.859526
1.88873
1.33025
-3.75506
1.74957
-1.27136
2.44059
6.20735
0.895138
6.07142
0.164694
-1.33786
-1.97061
-3.3022
0.995432
1.19918
0.189657
1.69009
-1.70978
1.55371
-0.260863
-5.46913
-1.75637
-1.08728
0.812119
1.00841
-4.88843
-0.662825
5.71725
-1.9982
-1.132
2.36081
0.574109
3.86508
-0.149485
2.20632
2.48579
-3.9765
-0.225251
1.07369
0.780306
0.848993
1.25315
1.13028
-0.332059
3.41844
0.794093
0.261054
-3.01015
1.58633
2.05793
-2.46991
-3.23176
0.439318
0.063529
4.35718
-0.308354
3.65981
3.64858
-0.621428
5.21643
0.348295
2.25069
-3.0439
3.65436
-0.779157
-2.9191
2.41852
0.771636
4.33696
0.327922
-0.875204
4.19238
1.79947
7.01221
0.0673622
0.402761
2.19683
-1.75819
-3.49358
1.69837
0.10903
-0.607655
1.88408
4.18719
3.28811
1.44376
-3.14129
2.57166
0.234034
2.96369
1.33959
2.50246
-3.9158
2.12051
3.79456
-1.17064
3.14741
3.46509
6.81432
-0.698539
-4.04501
2.95219
0.922203
-0.465523
3.3071
0.842955
1.39697
-0.400002
-2.88005
-0.14109
3.0546
-7.75506
2.47486
7.55139
-3.15245
-1.33717
-0.555569
-12.8542
-8.8589
-2.93886
-0.131865
2.11497
3.91734
4.49302
1.99684
-3.78045
3.9836
4.85029
2.60938
0.517744
2.47365
-4.68361
4.28532
0.547484
2.94221
-1.5838
-3.13227
-1.6664
2.90552
2.68474
-0.9366
2.9151
3.77744
0.916073
0.232479
-2.21902
-2.13947
-4.52734
-4.51545
2.04588
2.36149
3.40471
3.39234
0.427201
-2.51578
3.62
-0.879962
-1.10615
-2.65873
1.41129
1.48222
-2.7229
-1.23585
0.363985
3.56421
-0.692897
-3.90809
1.72505
5.03466
2.96128
0.981711
0.333471
5.4487
4.92028
2.68555
1.02028
3.31828
-1.3512
4.85763
3.04944
-2.85038
-1.9334
2.31816
4.77483
-0.177529
4.33817
1.95969
-3.04817
-0.0864603
-0.0214308
2.75513
-1.47225
1.92863
-0.193355
3.25711
4.60291
-1.51077
-4.04766
-0.640366
2.59548
-2.80765
-1.76203
0.0220405
2.01996
0.775855
0.810242
1.26696
-0.568103
4.8314
0.876416
-1.16198
3.53816
2.01296
-0.346123
-0.207188
2.85505
-5.02077
2.39157
-0.140328
-0.312114
1.38963
3.18659
3.13039
-0.217407
3.61244
-1.03914
-3.03372
0.773942
-1.34855
0.996321
-3.14665
2.60582
0.563622
5.69539
1.16216
2.53756
2.55021
-0.229655
4.5115
1.18814
4.10426
5.08451
0.589893
1.10647
2.06983
-0.0196031
-2.79024
-4.0952
-1.13058
0.958657
1.75889
3.77126
5.02423
1.50924
-1.84824
-0.760494
0.00331819
1.00555
-3.3417
1.97981
-2.49509
2.32255
1.97151
-0.691238
2.99095
4.95399
2.55039
4.12383
1.65125
-0.597004
-1.45571
3.46436
-2.82951
-0.45017
3.88242
-1.89592
-2.13104
-0.501743
0.61529
-2.56948
2.47778
2.42084
-0.392467
-2.60909
-2.78094
0.0308913
0.836794
5.10075
5.52973
0.834586
1.72911
-0.895395
-2.71647
2.01342
1.69692
3.52425
-0.453967
-1.15849
-1.24901
-0.620561
2.18839
2.92251
-3.70186
0.87083
-1.62824
1.02382
-1.96431
2.38441
4.3733
0.47688
4.23161
3.48991
0.325121
-3.77154
1.45124
-2.18381
0.250947
3.38822
5.38952
4.14084
3.49323
1.9194
1.62905
-3.45826
-2.06638
-2.46975
-2.39438
5.41868
3.63564
-5.72577
-2.56364
-3.06547
-0.116456
-0.849301
-0.132251
-5.58298
3.69539
4.17999
0.527691
1.42335
-5.0817
-2.8524
3.79244
4.07334
5.47402
-2.12799
6.52105
0.83604
-0.207583
0.600474
-3.07212
1.88701
-2.35811
-1.13273
2.08507
0.408778
0.430964
2.33435
-0.351432
-0.54775
0.133318
1.29479
-2.4057
2.53126
5.01132
-2.24348
7.14841
3.71708
-1.26948
2.70648
-4.40372
0.871524
0.801479
-4.94593
-6.03192
1.44261
0.107318
-0.301399
-1.08624
-3.17555
2.67302
1.67635
-2.31287
5.31805
0.492711
3.24773
-0.137464
-2.27395
-2.13372
1.53058
-0.681913
-4.53716
4.50814
4.95793
0.401606
-0.244757
4.96736
-0.121175
3.53045
0.807866
2.93255
3.72645
-4.13221
2.31635
2.37967
-1.31212
-2.20103
0.113338
5.10611
-2.07713
-4.06885
-1.88268
3.51006
1.91219
-0.807515
2.70607
-0.757805
1.83407
-2.03504
-1.93382
1.84181
-0.580359
-6.30302
-7.29762
-1.17016
0.909469
5.25139
-4.1887
-0.473249
-1.26953
2.10838
-1.81434
0.163964
1.01876
2.3271
-1.274
-1.60224
2.94524
3.90154
0.571288
1.77972
1.27175
0.486012
0.237384
1.34957
-0.764697
-1.42648
1.02273
-0.390784
0.0216599
3.22034
-0.811427
0.107589
-3.08069
1.52309
-0.0985623
-2.01077
2.94273
3.58211
-1.92317
4.22962
-1.95844
-2.25932
-2.90419
3.07782
6.53153
-1.52269
-1.52116
0.0525555
-0.604162
2.63015
-0.270979
-1.75346
-1.65118
0.985948
2.60585
-6.14563
2.40668
-1.32034
-2.37186
1.33975
2.08673
0.575345
-0.0131853
-6.70956
0.41918
4.78476
1.56264
-0.0242271
-0.906958
-2.39513
0.292554
7.15495
-4.09778
0.482122
2.78397
0.02946
0.395333
2.56884
1.86137
2.84922
-2.38504
-5.39133
0.809081
4.74736
0.160096
-0.162217
-3.64767
-2.05272
4.82988
-2.45913
0.816649
-1.91981
0.881314
1.548
-3.54674
-5.93183
-0.0530082
0.420543
0.887524
0.941207
0.872766
0.763347
6.25077
-0.635041
-2.3884
-0.285816
1.9876
4.11551
-2.74249
3.22359
0.196363
-0.488434
4.29133
1.98393
0.637922
5.35975
4.15263
-0.646685
2.61312
-1.14186
-6.59766
1.90359
0.474776
-0.879659
1.6089
1.1891
2.62018
-2.89652
-4.94005
3.16537
2.20622
-3.98629
-0.582009
3.0138
-3.2758
-0.363868
1.92765
0.935099
-2.20616
1.56549
3.79027
3.56072
-1.32956
2.01525
0.0432061
2.27786
-4.4416
-1.61562
2.88263
-0.688319
-0.623012
-3.66231
-2.07621
-0.69741
1.53233
-4.85011
-3.57688
-2.68747
-0.136801
1.73455
-0.85358
-2.57453
2.79943
0.293598
1.7287
1.0067
-0.271714
2.0651
-1.11114
-3.40229
-1.29345
-0.430699
0.173994
2.41097
-2.9861
0.447622
0.809185
-0.940192
2.99368
-1.43341
-1.10242
-1.66423
-3.07163
1.84278
0.751925
1.80443
1.79548
1.60874
1.74175
0.570015
2.89632
-2.60239
-0.34703
-2.11167
5.75808
4.01479
-2.68201
-0.0850013
1.55497
1.95399
-1.76662
-0.35943
0.199423
6.70531
0.566346
-4.72052
1.89544
5.26444
2.06092
0.218713
0.883598
3.46451
4.9954
1.63796
1.52547
-1.80624
-0.689189
0.0732802
5.80648
-0.211324
-1.76419
-5.61105
2.4105
3.9306
5.91995
0.614618
-0.739349
-0.970008
-5.28972
-6.56136
2.91617
0.384341
1.03529
2.45295
2.62157
-2.87858
-0.640215
-1.95768
2.1158
0.214809
0.212119
-2.68753
3.21333
3.29623
-1.64341
1.98344
-2.0636
2.21831
-2.30847
-1.90909
-3.03253
0.212657
-0.463051
-6.65909
2.2229
-1.45057
0.546763
-3.66061
-2.28318
-2.96528
0.203223
3.96599
1.6471
0.515028
-2.21657
6.10023
-0.730746
0.209927
3.14949
0.0038111
-1.55714
-4.1006
2.38253
5.25214
1.51073
0.607629
4.03383
2.42999
-0.684048
-0.229784
-0.126004
-0.0782444
2.33036
-4.02052
-0.220188
0.253591
-3.28813
2.99301
0.957446
-0.156572
1.05484
1.49691
0.81169
2.76219
0.537551
0.204791
-1.3718
-3.28593
1.16229
1.62968
0.652016
2.40136
1.87808
0.196826
0.924709
2.50608
2.37273
6.30989
-3.55413
2.20598
-0.3794
2.05789
-1.13826
7.1774
-0.625068
-2.64178
-1.93228
-0.105944
0.660212
3.18675
-1.23095
1.45242
1.7339
2.83974
4.83585
-1.99121
-4.20503
0.305174
-3.31912
-3.09421
2.70045
5.73971
1.17594
-2.16714
-0.115402
-3.01664
-0.997929
-3.28473
1.48871
-1.48626
-1.93372
0.464361
0.756013
-1.17082
-2.84335
-0.61516
1.15769
-5.36155
-2.49325
0.62926
4.50875
0.1549
5.02102
-1.36411
4.75772
-0.268324
5.49589
-0.586193
5.74354
-1.60252
0.138217
1.74963
3.60313
-2.53943
1.9003
-2.50095
-1.41957
6.14265
3.4233
-2.57666
0.499243
-1.60993
4.93202
4.4603
3.10185
2.15546
1.30867
3.50563
0.719613
2.99733
4.73442
0.699809
-3.24761
-2.12307
0.699694
0.351683
1.5702
1.53362
3.18246
-2.59134
-0.706991
-1.33812
2.14235
4.30314
4.17725
2.02786
-1.78271
-0.0966664
-1.06068
-2.87756
0.678512
-1.0643
-0.700479
-3.94764
-2.79507
0.731292
-0.782316
-0.761591
8.2337
-1.96218
1.02632
-4.00777
4.0531
2.60546
0.880441
3.89116
0.0547727
-7.54506
-3.55285
-0.824071
4.07862
1.51509
-0.550268
-7.63572
5.69656
-0.246301
-2.25411
-1.99945
3.01552
1.6213
-2.26497
2.51418
-0.601795
2.04488
5.41856
3.26087
-1.97777
-2.3747
0.776673
2.07459
-0.683318
-3.01468
3.36528
-0.272013
1.18185
-0.340776
-2.53221
1.54072
-1.06672
2.12331
-5.29859
1.00534
-1.34393
0.679235
3.02498
-1.03756
-0.105794
-2.50961
1.94258
-1.76936
-2.43
3.16382
-1.0408
2.59423
2.56327
-2.61187
-2.09791
-0.133918
0.482356
1.43346
2.22515
-0.0963703
-4.76581
0.959162
-1.03779
-1.30787
-6.36624
0.865849
-1.65534
0.716158
-1.28191
-2.43207
4.51714
0.932253
3.41903
-0.903046
-7.28235
0.74275
0.831967
-1.87079
1.42029
2.27027
1.48396
0.428578
1.67429
3.4377
1.0466
5.09206
2.25234
2.335
1.5516
-0.145469
0.748693
-1.65166
1.96108
-1.79045
-1.47137
-1.08357
2.12402
2.57866
0.89977
5.01922
-1.02106
-0.900049
0.0950537
-2.1325
-1.05327
-3.13295
-1.81477
-0.701378
0.472755
4.46147
2.25417
2.17116
0.303286
1.41051
0.0528569
0.235916
0.922287
2.60073
0.255628
3.72924
0.479734
2.71497
1.55604
-5.33641
8.38301
3.12778
2.06289
-0.703887
1.45905
2.24479
4.72263
-0.437287
-1.29331
0.636808
-2.54166
1.95743
2.50692
-3.13977
1.63491
4.35481
-0.0991236
-4.23262
0.118836
3.15347
1.4629
-3.30356
-0.938626
1.18865
-1.45251
-1.36612
-1.91243
1.85971
-2.74465
0.0708793
4.40082
0.981279
-1.66969
-1.69122
-0.0438879
-2.3345
-4.48037
-0.256155
0.348231
1.06053
3.67239
-1.14252
-1.08205
-0.375399
-2.23675
1.87172
0.917035
1.06434
4.25634
-0.705157
-1.22986
-1.57478
1.1461
-2.31937
0.792194
-0.0771617
2.50117
2.97351
3.28634
-5.11152
2.24722
-1.77697
-0.677822
-2.07323
1.47795
3.02972
5.19178
-3.6026
-1.70928
-0.0689239
-1.18489
0.13269
2.94846
3.46294
3.48355
-2.73068
-1.3654
3.1237
-1.84888
-0.485804
-1.45052
4.45656
5.18321
0.901523
-0.934521
-0.932971
-0.724741
-1.53508
1.90179
-2.10646
2.20842
3.39868
-1.2272
0.284922
-1.19414
8.2243
-2.35514
2.92868
2.40085
6.70707
0.320522
5.569
-3.33631
-0.34668
1.24036
4.90023
0.759117
4.29591
-4.84398
1.7415
-0.391504
-0.292747
-2.21617
5.91388
-0.238855
0.459747
4.59152
2.32654
1.04318
-1.67192
4.5836
3.37837
1.52053
5.21676
-5.25342
-1.80819
3.32301
4.71885
0.173231
0.598485
3.35528
-4.37086
-2.49996
1.7228
0.687587
-3.65211
-0.945623
-2.81969
-1.94293
-4.35068
2.42538
2.2881
1.67406
0.448567
2.40729
0.051118
4.27077
2.40586
1.1975
6.00714
-1.4551
-4.72113
-1.70873
1.25175
0.711453
4.45125
3.03344
3.63137
-0.773962
4.46515
1.98409
6.30465
-3.99408
3.69051
-0.702712
5.36488
2.40424
-0.321201
-0.366662
1.35845
-0.454334
1.62325
-1.08098
-0.253126
5.39512
-1.38063
3.68424
0.441336
-1.72846
3.64416
-2.17895
0.4959
0.176018
-0.989169
1.03223
-1.58322
4.29308
-1.23047
4.28933
3.97225
-0.977785
-3.02785
-1.19589
4.67267
1.97673
2.97014
2.88569
3.58225
1.7728
1.34917
2.13327
4.51217
-1.62834
1.6647
4.73406
2.84031
1.00054
0.772642
0.860785
1.4365
1.91754
-2.4633
-0.191056
2.14178
1.67903
-0.435511
1.88764
0.876063
2.71387
-3.57845
-0.780057
-0.455909
-3.20066
1.27014
0.192763
-3.19405
2.13614
2.93099
2.6921
0.332407
1.68695
1.36051
1.42141
0.0803765
0.923185
-4.19156
3.89719
-3.74007
0.0787477
0.508651
3.19423
-0.659901
0.697368
0.0740182
-4.54201
-0.107016
-3.78366
1.87453
-3.62715
2.58856
-2.96423
0.781191
0.990398
1.66864
4.26669
5.87786
-1.34835
-1.62035
-0.893776
3.43202
-3.08637
0.241611
0.116551
-2.65489
2.97777
-5.71946
2.14993
1.81528
-0.902862
-3.13666
1.49087
-1.09474
2.06764
3.96133
-1.53275
4.67497
-0.928495
-3.59627
-1.96852
-0.122818
-1.15516
-0.715077
0.367036
-5.5858
1.83212
1.31988
0.976498
-2.21645
-1.31979
-0.477254
1.51697
3.16598
-2.16303
2.91783
1.66539
2.32449
-2.06509
1.92343
-0.959386
3.0821
3.34333
1.88889
2.25237
-0.232225
-0.160554
-0.209909
0.226633
3.40467
1.4513
1.50459
2.3289
4.73252
-4.74632
0.73517
-3.75891
-0.950379
-0.656092
4.8342
5.48913
3.18155
0.102306
2.47423
6.97679
-4.48069
2.317
2.62409
-1.30033
0.386813
-1.52016
-2.67351
-1.52325
0.323506
0.182436
-1.14343
3.89298
1.94433
-2.93611
1.9977
-1.6453
1.55286
-3.01368
2.26036
-0.624127
1.67292
3.50968
2.83746
0.419226
-0.404732
1.02554
-1.4557
1.79144
0.510245
-1.27138
0.458063
-0.538241
1.98355
-1.66729
3.40494
3.87194
-1.67184
2.23343
2.98585
0.467977
2.10004
-7.36683
-1.42969
0.177719
1.99998
5.64375
2.41425
5.40293
-1.36239
4.7363
0.380325
3.04754
-0.1688
0.969278
-2.9426
2.05304
1.43633
-4.96452
-1.44083
2.5648
-0.812718
2.18446
-0.385034
1.65722
2.91129
-3.75074
3.92587
0.972717
3.93107
3.39495
0.0540644
0.767224
-4.51697
2.36451
1.05409
3.46447
-0.733415
4.22372
4.64212
3.53148
-2.93155
-4.11457
4.53343
-1.1931
1.51239
3.77216
-2.26812
-0.731103
-2.05261
-0.174428
1.10612
-0.266341
6.43349
-1.04953
4.33949
0.134401
-1.93736
0.588603
2.47454
2.05768
4.10445
-4.47686
2.16302
2.39686
-3.87197
2.27898
-2.08444
-0.138972
-0.953503
2.10849
3.71434
3.61139
0.863427
-2.79333
-1.12984
-1.88882
-2.87648
-3.14044
-2.0016
3.26911
1.82666
0.339899
-0.533671
4.69096
-1.28561
-1.33462
-0.942452
-1.40509
0.0195928
3.33803
0.302728
-0.396961
-0.432532
3.08131
5.57644
-1.08224
-5.25687
1.4757
2.15941
-1.25498
1.07809
-0.922711
1.02566
-2.33994
1.59443
1.26807
-5.44359
4.15702
0.242775
1.32509
1.11137
0.538623
-2.71081
-0.642585
0.54054
0.221901
-0.462816
5.19432
-1.54694
-6.19798
2.18596
-2.56194
-1.92606
-1.99511
-4.30062
-1.43992
0.487535
-0.400547
-0.484869
-0.0715466
2.80708
-3.05968
-5.25358
5.25393
2.31274
2.47859
-3.32779
-0.728257
0.289163
-4.82329
-0.174621
0.217964
3.88248
-1.69546
0.277019
2.39939
-2.24352
0.275133
0.774754
-2.68302
-4.65587
1.49491
0.841331
0.669886
2.24233
6.69117
-1.4005
1.50927
-3.61091
0.946568
-1.25693
3.90545
3.03432
6.90514
-5.45847
1.43264
0.800592
5.21235
3.46339
0.962443
-1.86129
-4.59355
-4.64085
4.28937
0.49915
2.94358
-0.160015
-0.032653
-1.6615
-0.174254
-0.0276101
2.18709
-3.61465
0.669507
0.595147
-0.388024
2.67085
3.29118
2.57551
3.59113
0.706705
-3.10499
-1.09153
1.03579
1.90746
2.01641
0.82523
0.860389
0.430136
0.24187
5.60245
-1.46817
-2.53774
2.92691
-2.5392
0.588453
-1.70914
0.0585883
3.36409
2.21087
4.98758
-6.42649
7.5627
5.24811
-0.99117
0.589931
0.705236
-0.393505
-0.387721
1.22814
-7.73109
3.19734
-2.16471
-0.413321
5.22414
2.03959
-4.878
-0.0599529
1.82174
2.35995
0.428395
4.01564
-0.873161
1.08578
4.1663
-2.49517
3.54708
5.42741
1.078
5.61181
-3.09996
0.633135
-6.68321
-7.11452
0.542785
-2.89038
-2.70633
4.36525
1.96779
0.385433
5.10606
-0.229056
0.799297
-0.707493
1.49651
3.31806
0.872759
2.69804
3.67766
1.02234
1.96156
-2.21127
3.83372
3.25203
1.42676
1.12088
-1.62733
0.832995
-6.76259
0.217353
-1.62532
2.77037
3.86114
1.03568
4.08138
4.30615
-0.477786
3.24098
0.274231
-0.79864
3.44427
3.49193
3.19897
1.85047
3.49814
3.81505
-1.20865
-1.61355
6.80577
-2.67721
1.13253
-3.90515
-7.14146
0.248451
-1.26033
-1.79979
-0.47249
-2.61659
1.32594
3.25022
1.36713
0.273906
-2.66683
1.53561
-1.78925
0.925874
1.59489
3.97564
2.51036
2.02677
4.82099
-1.08859
3.17755
8.06801
0.48688
5.53537
-0.820557
0.170094
2.60194
4.4605
-1.07094
5.13419
1.81059
6.61421
5.14783
-1.02175
1.71311
0.664198
-0.0330143
1.0189
-0.882029
-1.25923
3.10744
3.35187
-3.21724
-2.92833
1.69078
0.106456
2.30209
5.39771
-1.40813
3.16379
-4.30291
4.9645
-1.26557
-0.648869
-1.12993
-2.77725
1.14898
0.931009
-0.269799
4.20097
3.72961
2.77023
3.95445
0.899243
-0.215277
-3.74239
-3.63672
5.97058
0.617597
2.04746
3.26236
5.2246
2.85381
1.83484
2.58808
2.82358
-0.561444
1.1794
2.41116
5.14903
-4.30714
5.65093
2.94638
-1.11975
-4.39622
1.98505
2.22538
2.05256
-2.75994
1.78926
-4.91283
-0.138053
1.29273
-0.601349
-0.942657
1.69841
-2.69533
2.60018
-1.54983
-0.914398
3.23447
1.75521
3.73404
4.0265
1.44961
-0.0436237
0.41711
4.96379
1.49622
6.95551
1.80484
1.48848
-5.90015
0.76233
5.42026
-1.53418
-1.07327
-1.12976
4.31585
0.230859
2.09902
3.82409
-4.20766
4.81775
-2.41012
3.65044
0.406544
5.88984
-1.97831
-1.42732
0.0961438
3.7695
-3.26955
7.08008
2.0661
0.279832
-2.03191
1.13052
-0.0695265
-2.06818
-4.59571
-2.91481
2.21772
2.14789
2.1935
0.793388
1.24628
4.16381
0.797239
-2.0211
-3.25673
4.78317
2.53727
5.60047
2.284
-2.30263
4.05976
1.18038
3.28947
-2.15553
-5.17451
0.634868
-0.69867
-0.620473
5.33614
-5.85704
-0.276793
1.44571
3.19444
0.0304636
-2.06899
2.12233
2.13526
1.57582
0.303961
2.08714
-5.68548
0.226681
-1.40842
0.365175
-0.366713
-4.80141
1.26711
-3.10999
0.831201
-1.05415
-4.17405
-0.257328
-0.0510358
5.08387
-1.87892
-0.519501
0.503624
-0.98045
-0.743235
-3.77425
-6.00453
5.16922
1.12815
6.12626
3.73334
2.03042
5.4521
-2.73817
-0.300107
1.1705
-2.45784
-5.16925
3.12812
2.64074
-3.32831
-2.65639
2.34637
3.19352
-1.07661
-0.351807
0.236851
1.86201
3.72264
3.85184
0.798113
-1.1332
-3.43155
-0.52067
3.51683
0.389605
2.43188
-3.5016
1.88798
2.48444
0.0499709
2.17274
-1.9682
1.04138
2.25107
0.365463
5.80699
3.47956
0.808434
2.31292
1.93834
0.387773
8.5478
0.11993
0.968155
3.85412
-0.4196
-3.01172
2.10114
2.18063
-0.0704999
-1.5249
3.95315
-2.42002
1.76734
-1.13617
3.16608
-2.05367
2.28207
1.49096
0.907994
-5.00163
1.24465
-1.68023
2.74896
3.00846
-2.82218
-3.91997
2.23888
3.71002
-0.16975
-0.460109
-4.0845
-1.55156
2.89598
2.65306
2.67837
3.86079
2.95013
0.487999
-2.65482
0.586707
0.137777
1.89592
5.60982
-0.17051
2.52079
-0.151594
3.48467
4.95479
6.20428
2.35357
1.28632
-0.918995
-0.327083
5.11885
-1.42724
1.03143
-1.71789
-1.95717
-4.23246
2.25404
-2.26117
2.7447
0.86542
-0.840161
2.96796
4.00214
-6.31098
-0.662241
-1.85838
2.72632
-0.528486
3.05777
-1.19632
1.62157
-1.28109
-1.04651
-0.510544
-4.52781
-2.91192
-3.01995
-4.33287
4.08459
1.12137
0.512727
3.24375
1.89982
4.32381
-0.76811
-1.80742
-2.44662
1.24531
0.6741
2.58714
1.01049
-1.94998
3.12977
3.44281
-0.154049
2.21289
-0.119297
0.881676
1.27617
-0.228559
-2.45087
0.752214
-0.994428
0.802848
-0.819868
-0.980452
0.104898
0.9934
0.60514
0.447858
0.128147
-6.45156
0.375575
4.47112
0.173631
-0.96888
1.15045
3.81403
4.45422
-1.14806
-2.67083
-1.46687
0.583496
1.5818
0.369479
-2.47639
-7.02462
-1.95114
-0.00309374
0.412412
1.09843
-0.533442
5.05759
3.05261
-8.37165
0.125485
1.32286
2.20744
-3.3188
-2.15322
-1.22012
0.303139
1.6488
1.41377
-0.389684
-1.22644
-1.85934
3.08118
-0.0282726
3.02984
-1.57104
1.90875
0.418491
10.2286
4.19909
-0.256248
-4.25472
2.47781
0.691514
-2.30321
-0.648659
-1.61576
-2.02074
0.61131
1.14944
1.67592
0.956288
2.48004
-0.0392333
0.40794
2.68201
2.91528
2.98351
-0.295089
2.37944
0.704362
0.968062
3.89506
-1.82432
5.06646
-0.146813
2.30019
0.339193
-0.634802
2.17485
3.69721
-1.83
2.69151
-0.0802079
3.72386
2.61971
0.909772
3.82205
1.16835
-1.18196
-2.9841
3.13278
-0.975171
-6.31531
-0.165564
-2.27293
-4.85387
-2.19261
-3.61459
2.62211
2.35434
4.10815
0.703332
1.52782
0.0504261
1.95316
-0.50261
-1.4328
2.23581
-1.2464
1.70312
-5.75438
0.395731
-2.25685
3.78178
-5.73084
1.31006
-0.155423
1.57265
-1.36578
3.42435
-0.177936
-0.384042
-0.305861
0.171567
2.00774
4.85805
0.412587
-6.12829
-0.0135152
2.99012
-5.71633
-3.08201
-1.22299
2.72632
-3.51471
-4.23753
-0.356775
-0.0173808
-1.76563
4.43168
-3.60854
1.89795
-4.53026
-1.86353
1.43698
1.34019
6.42743
-0.841996
4.29978
0.840629
-2.05214
0.0643147
-1.5199
1.2552
3.75602
-4.51108
0.528818
0.501264
-2.72983
2.05304
2.09391
0.821238
-2.39994
-4.29383
-0.372431
0.406968
1.78643
-3.90096
-4.14301
5.91377
-1.99822
-0.817728
1.07121
-3.34371
-1.66249
-0.317339
3.27075
4.10541
6.6681
6.52343
4.97205
1.26808
1.86428
-6.12676
1.1385
-7.31945
2.22698
0.630761
0.101506
-0.0862275
-6.79884
-0.272095
3.79327
3.29944
-0.065974
-2.9371
-0.0229494
-2.14143
-0.0717997
-5.18866
-0.810598
0.573635
-1.0827
4.9343
2.94565
5.69421
2.97818
4.20286
-0.371929
-0.292537
2.65411
3.62213
3.08676
4.03636
-1.81149
2.51845
-0.0542182
0.683431
-3.68782
3.40645
-1.26998
-0.352455
1.25342
-1.84935
-5.1149
-2.65845
0.998826
-2.08269
-1.68044
-2.01364
1.65988
-3.27587
1.11474
-5.4387
0.660342
-3.06512
-1.38113
1.34225
4.67137
4.26046
0.238097
1.2648
1.7461
1.39238
-2.29561
2.46665
2.22668
1.89971
-1.23281
-2.24467
1.02927
1.44277
4.74917
3.9772
0.447231
0.102993
3.11384
-4.49767
-0.255934
-2.20318
-3.03493
-2.11785
2.2932
-6.01445
1.08637
0.938578
5.76682
3.23162
-0.659786
1.09409
0.275845
2.90705
-3.67263
1.49521
-4.52744
1.09445
4.18746
-0.296821
-4.6065
3.25846
1.12967
5.00519
-4.37786
1.21668
4.97957
0.844127
-1.43218
3.42455
-0.52533
-0.802891
-3.36224
4.60925
-5.41297
-1.9694
-2.05213
3.59324
1.74001
-3.86347
0.70013
1.19585
5.99862
-3.03256
1.29046
1.01118
0.402854
6.86581
3.56295
2.10371
1.43399
-2.41383
2.16895
4.13638
3.78781
3.2708
-4.21111
2.86832
2.39222
0.686428
-0.0274329
-4.24778
1.70619
4.96457
3.46432
1.39005
3.71185
0.990406
-5.41642
-3.38144
-2.78648
-3.54625
1.13112
-1.96632
1.66311
3.27912
-1.07953
5.17761
1.97025
-0.837924
5.24864
2.04156
1.72359
5.37072
3.33923
0.546605
2.55689
1.26499
-4.61348
-0.470548
-1.36653
1.83172
-0.714532
-1.61101
1.68366
-7.00503
4.0908
-8.55082
5.70437
-2.07583
-0.447381
1.99563
-2.69541
6.68688
-0.0621332
-0.693813
-3.79335
-5.36831
-0.504329
-1.73417
0.913826
4.65201
0.541708
-2.91493
-0.556213
-1.5166
-2.63121
-0.682445
-1.4843
-0.814602
-0.984903
2.90221
6.2171
-0.398329
-4.25065
-3.45042
-1.47404
3.53119
2.09644
4.77035
0.185578
2.56324
-1.54613
1.79582
4.50473
2.4533
2.40043
1.97336
-2.03158
2.62069
2.69954
-3.27795
0.504087
1.06363
0.421565
2.70126
1.96154
0.0397169
4.50482
2.22475
-3.05758
-0.428861
-3.12612
-1.55846
4.78374
0.751899
0.280266
-4.03463
-1.05672
2.04246
5.92232
2.41561
1.3244
3.71733
0.576956
-3.6913
1.84355
0.29139
-1.68673
3.03137
-2.66585
-7.14364
-5.61056
-3.36507
2.03704
2.47885
-3.04811
-0.295327
-0.573704
1.57498
0.931313
2.15202
-1.33401
1.92998
-1.20445
0.473651
-1.03018
-1.80131
1.67342
-0.401293
4.9264
1.09288
3.87261
-2.60588
-1.66354
-0.329061
-0.330813
-0.0879703
3.39346
-4.20004
3.04045
2.61452
5.04895
1.36625
-2.59674
1.88028
2.05
0.623039
2.68652
6.63674
0.952708
1.25398
-5.15032
-1.17444
0.149046
-1.93816
-1.89588
-2.44781
4.09497
0.558329
4.06386
3.64738
4.31261
5.35759
0.189325
0.657031
1.80682
2.69624
0.88147
0.120882
0.528257
1.68565
4.35006
2.82175
0.884067
0.885925
2.76879
1.77615
-1.27692
-0.852922
-0.638892
-0.751238
3.79793
2.24846
1.73471
-3.09412
-4.45096
-9.40924
-0.36084
4.14012
0.500208
1.51004
-3.27863
-2.06523
-0.993319
0.814609
-2.23671
-0.0970082
5.94007
4.85404
-1.45561
0.564171
-0.465825
-2.14526
-3.47488
-2.55509
-1.86192
1.87319
-0.418765
0.290094
4.20388
0.508721
4.38473
1.24676
-0.524149
4.69733
-1.14373
0.749851
1.53568
0.423009
1.8659
5.43602
-1.99498
0.501025
4.66978
-1.69331
1.84858
1.30895
3.36164
-2.24883
-1.02747
0.657175
2.15408
1.0445
2.75132
2.56826
2.59768
4.78319
5.06427
0.365734
-3.91152
2.25027
2.30163
1.42787
-3.69287
-1.4883
1.58061
-3.72006
4.61521
-2.22601
-1.2666
-0.119402
4.22163
4.34883
2.03476
2.96528
0.157064
2.96156
-2.69501
3.2021
-3.07862
9.09518
2.14819
7.70555
1.08243
-2.77884
-1.78215
4.26853
-4.96638
0.714153
2.8923
-0.511029
2.84061
5.82759
0.47659
-2.42262
0.322585
-0.204257
-2.30592
-0.165222
0.433065
-5.24644
1.6793
0.832665
0.807514
-4.03456
-3.23553
3.28963
1.68303
4.74976
0.0951965
-2.96575
0.00280943
3.26733
6.41314
-2.98703
3.1982
-2.27574
-3.63037
1.73926
4.40082
2.89925
0.0924913
1.72716
-2.56987
0.441964
-4.03617
2.93124
-1.09278
-4.34978
1.5676
3.16462
-3.62465
-0.85977
1.92475
-2.63643
1.85426
5.97016
1.67512
3.10198
1.39655
-3.56326
2.03713
-2.57194
2.0051
3.23181
5.69031
-0.867007
0.975729
-1.31434
1.60979
-0.756638
-0.323048
-3.46617
4.82941
1.78475
4.09618
2.50616
4.18918
1.4527
0.423029
1.66199
0.362562
4.72701
2.97032
3.66591
-2.9162
0.0637137
-2.96709
-0.0565547
-0.121509
-1.58168
-2.3964
2.52854
2.99789
3.62282
5.32171
2.34574
0.587483
2.55093
0.750067
0.317296
5.27539
2.92002
0.189489
-2.88869
-1.75062
-1.20001
0.981326
2.12975
2.15056
1.54638
2.04334
-2.00332
2.85659
2.19344
-3.97918
-4.64805
0.53652
3.53867
-1.31443
2.50426
-2.62871
-2.14276
-1.71766
3.53279
-1.01126
2.74067
4.47177
-3.48434
6.39907
-4.79883
0.47832
3.0649
-2.84937
-0.839359
2.76815
-3.13258
2.40829
-1.49882
5.7363
1.35097
0.202473
0.470144
-4.01268
-0.490039
-0.198464
-0.883995
-2.77148
-7.38787
-2.73428
-4.22164
-4.20969
5.29624
0.431958
-2.23979
0.19934
-0.157662
3.14739
0.53145
-0.203261
3.52141
4.72347
-3.25557
1.02938
4.25658
3.81896
-0.695904
2.51967
1.41743
1.03232
-0.356313
-0.485421
-0.288509
-0.986662
-2.42745
-2.19804
-4.68869
-4.34094
-0.488464
3.44006
2.28826
2.32923
-1.00883
-1.35067
-3.25154
4.12582
-3.84222
-1.28979
0.870889
-3.25033
-0.026297
-6.28251
-3.43486
-2.67093
-2.80014
3.94371
-2.39812
2.33063
-7.99306
0.203087
-0.785283
2.31049
-2.84788
0.5886
4.75005
1.2799
5.02139
-0.119776
-2.01565
0.214792
4.61423
-0.0723883
3.18919
-3.94173
-1.94507
-0.664803
4.57706
4.20442
3.87613
4.21172
-0.343453
2.19699
-0.598125
-0.596861
3.30608
6.33875
-2.92439
-2.31645
0.229656
0.576812
-4.41952
-4.90647
-6.3723
-6.21241
0.650473
3.66137
1.90111
-2.23106
-0.056933
-5.02698
0.186577
2.42558
4.57361
-1.94441
3.82467
-3.28527
4.04549
0.052809
-1.36948
7.00758
-5.97349
5.67229
3.65654
-1.35202
1.12862
-1.21836
-2.44159
-4.94427
6.1541
0.52486
0.3551
-0.108075
2.91826
0.0987041
0.626126
1.14231
-0.101126
3.63572
-0.780033
-4.5975
2.18812
