-1.58551
1.38872
3.73653
-1.31119
-7.06664
-2.11772
-0.890579
0.0936795
1.58779
1.68072
-0.451187
2.94201
1.46963
-3.71681
1.46732
4.80833
-0.771411
-1.33857
2.00773
0.458953
0.409044
3.86915
-4.80563
0.611858
-3.73245
-4.97783
1.10396
3.12718
-3.15534
-1.40264
-1.33563
1.1798
3.46142
0.0146958
2.04098
0.0864104
-0.943825
-0.429173
0.0457482
1.69844
1.51267
1.03226
3.96213
4.79372
2.98929
-3.08577
2.30869
2.69409
0.860149
0.301831
-1.95718
-0.497498
-0.874496
0.597342
2.97096
0.013242
-0.821887
0.47071
-0.928659
4.13958
1.34216
-2.53162
-2.79407
-0.254664
-0.0197427
-2.10003
1.65812
3.43665
1.43709
-0.210557
1.73786
-2.04769
5.05055
2.3481
2.77345
3.12045
2.96838
-1.81136
3.99677
1.50458
-1.53028
1.00271
3.51776
-1.50238
-2.1892
4.45272
-0.314199
-1.48264
1.10094
0.485581
-1.21721
-3.33064
-2.87893
-2.29117
1.36704
-0.43322
3.27196
-1.03184
3.55479
1.38471
-0.270722
-0.302886
3.28848
1.92589
-2.26952
1.774
3.69501
0.718387
0.444666
-0.596628
-0.695317
0.717304
3.22805
2.70274
2.13325
0.33633
0.804598
-0.688551
-0.115339
-0.991395
-2.30776
5.37239
2.86591
-1.23743
1.05856
-1.09842
3.32814
-2.92415
2.58771
1.27782
2.81308
-1.9928
0.441451
4.02746
-5.88038
-0.933702
-2.62457
0.856356
3.75659
0.167866
1.2948
-1.02738
1.58451
1.43692
-0.739569
0.651033
-1.32449
3.759
1.50415
1.98946
-2.10012
4.70517
3.04795
-0.0643676
-2.81604
5.07826
2.23256
3.38397
2.63314
3.57996
-1.23291
1.91793
3.18204
6.52538
-0.70572
1.86868
1.44569
-2.71302
0.39249
0.904004
-2.83582
-2.13889
0.800074
0.802026
-2.37943
0.708506
-5.64055
4.64748
1.96303
-3.52011
3.34293
4.2299
-1.28104
-0.729739
-2.84742
-0.634749
-3.50508
0.570781
-0.581743
-2.29807
1.96353
4.84576
-1.1396
-5.17243
2.97287
-2.54021
0.953902
0.902178
0.00833165
1.44086
-4.88819
2.6252
0.382972
3.84588
-1.53114
-3.53557
3.35796
2.11958
0.630766
-1.00769
-6.34036
-3.21927
-3.35829
-2.03536
-1.67225
1.23375
1.88587
-1.8766
1.22339
-4.78631
3.21423
-3.49994
-0.303974
0.15998
-4.45117
-1.87028
0.158367
-2.00958
1.97135
-0.413226
4.19719
1.48374
-2.44375
-0.968784
-0.29974
-2.24553
4.29964
0.291005
-1.64354
0.127157
-0.116642
-2.71344
1.62909
0.493957
2.12339
4.71195
-1.08765
3.91626
2.53577
3.35599
1.68961
1.84869
-2.50745
-5.25149
-0.12521
0.0128821
-0.17363
-0.652784
0.313601
0.934146
-0.588792
-3.03323
2.8219
-0.738141
1.62373
-1.52535
0.855018
-1.15716
-3.70082
-1.79756
7.33217
1.53863
-2.51157
-0.982065
0.00954776
5.33138
0.177434
-1.51861
-0.635613
1.88204
-2.65893
-0.246781
-2.3579
0.43829
1.89101
-1.24549
-1.55889
-1.32916
-0.352037
1.03604
1.12507
2.58156
-5.63603
3.19869
6.48888
0.354807
-0.431887
3.77725
1.41343
0.699687
-2.16904
2.28947
-0.489033
-1.7101
0.522492
-1.48043
-0.0375507
1.06812
0.554363
2.06892
2.9671
1.46524
4.06699
3.28436
-0.307501
-1.44201
-1.20549
-0.291338
-0.3348
-3.35753
0.00960942
4.57944
4.87635
5.85066
4.65862
0.0489338
2.79063
1.98544
-4.02589
1.69401
1.3401
-0.493308
0.79536
5.47744
-0.915984
1.1756
-0.180631
-0.316792
-2.75498
-0.896226
-3.33021
0.465857
-3.56891
1.92948
1.21832
2.28886
4.68955
-2.18825
1.40903
4.71713
2.3196
4.14106
2.73658
-0.767503
2.34946
3.61559
0.951364
-1.15629
0.775982
5.57867
0.71112
-7.72145
1.37139
5.04261
-0.387917
1.37232
0.390159
-2.11671
1.72515
0.198571
-2.2638
-4.10473
1.44268
3.03266
1.05538
2.54713
3.00891
-3.48456
1.08172
-3.82835
0.913218
-3.77906
1.78224
-3.5472
1.7871
0.796763
3.57469
3.76943
2.02448
-0.584686
3.62597
3.58613
5.34502
-0.43973
3.75613
4.99903
1.97277
3.89637
-2.54267
3.49943
1.2376
4.07436
1.38804
2.68955
1.5845
0.815965
2.5051
-0.53133
2.18545
-0.200944
6.70768
0.449456
-1.90196
-2.02207
2.05842
0.835595
1.03228
2.04603
3.20141
5.13329
-1.5262
1.29412
0.826461
-0.906611
1.80723
1.9229
-0.739224
1.81384
0.742739
-3.63185
-0.974314
1.69633
1.6842
2.50615
3.36906
0.783809
4.97928
-5.24737
-0.110018
-0.51648
0.168163
-0.460384
2.25446
-4.49882
1.55584
-2.91291
3.14772
5.62893
-1.02169
-2.2259
4.49634
2.60641
-1.6666
-2.38134
1.42773
-1.92686
2.84664
1.25584
-1.33672
-1.80182
-0.220186
1.78719
2.19771
0.195512
1.76835
0.92637
-0.312537
6.30263
-0.934767
1.94723
5.85621
3.01618
3.2172
1.58282
5.65399
2.84079
4.44773
2.62458
-2.76582
0.724381
1.61682
-1.33267
0.852889
-0.97027
4.70423
-0.549947
-0.636709
1.79534
-1.26892
3.31487
-2.14257
0.662051
6.85486
-0.619698
2.2515
2.34849
-0.926052
0.0406912
-0.608658
-0.550188
-0.440107
-2.73369
-1.59387
-2.52975
1.49819
-4.41928
0.0556724
2.28668
-0.646006
2.82239
0.417452
-0.45554
-0.243063
0.026874
0.0627126
1.75761
-0.587865
0.674337
1.2409
-1.82501
2.98213
1.94371
1.14529
4.26982
-1.53583
0.594277
1.66321
2.16752
-3.65039
0.385253
4.64712
-1.5535
0.531335
1.59226
5.04932
3.42643
6.08843
5.81229
-0.736338
4.58778
3.25804
2.75771
1.06613
0.741727
0.875276
2.18528
0.150954
6.71243
2.97938
4.62642
0.527969
-3.848
0.509284
-0.776738
0.36325
-0.371102
0.0816375
3.19166
-0.170664
3.09131
2.73584
0.191345
0.114558
1.01758
-0.252945
-2.4248
-1.23017
-1.48887
3.22579
0.870849
-1.50979
0.443029
-0.0719924
-0.175543
2.56935
2.53839
-3.98596
-0.172393
-2.91661
-1.60191
4.60396
-0.581609
-0.0551875
1.10808
-2.21345
0.560984
-4.28573
0.164205
2.24545
-1.69433
-0.753212
0.219868
0.105342
3.34017
-1.60801
0.138187
1.40415
1.26364
1.2383
3.65839
2.75132
-2.3162
2.80362
0.196712
0.426324
-1.85573
2.14918
3.06264
1.30093
1.06413
0.678646
-0.992765
0.0290131
-2.39815
3.50427
4.38896
-6.82019
1.27577
1.03862
1.20545
2.8054
2.88244
-0.354303
2.20999
-3.24605
-1.17319
2.3147
1.68314
3.94616
5.64988
-2.24753
1.46435
-3.07604
-2.08267
3.13554
1.75202
-2.07407
-4.35451
-0.645828
0.914001
1.30798
0.760841
5.59893
-0.291385
1.41917
2.67724
3.4055
0.122635
3.72576
-1.96182
-3.59973
-3.9703
-2.99929
0.0436007
1.06734
0.621837
1.22284
-2.19079
-2.74665
-2.9211
1.49713
-0.0848851
-4.6795
3.21459
2.56954
1.13209
3.92859
1.94189
3.78299
4.17369
1.06414
2.51798
2.86565
0.806104
2.78409
0.854467
-0.830743
-1.20396
0.434317
-3.26477
1.35989
-2.27484
-0.31207
-2.79634
-2.2583
-2.68957
0.596561
0.826145
-3.11085
0.117678
-2.37236
1.58824
0.675852
3.32977
0.0290774
-3.10882
-1.47797
1.99555
3.42634
0.829498
2.72682
-3.0926
1.86918
-1.38839
-0.230031
0.580579
4.02217
-3.30175
1.48308
2.37793
1.21814
6.27827
1.89923
1.17665
0.947808
-1.7704
2.69308
-2.49476
-0.637949
-1.66619
1.37557
2.07188
2.29348
0.431836
0.363096
-0.956607
2.60737
2.16319
4.97555
2.58036
4.57612
4.9862
2.84296
0.790186
1.61725
1.18631
-0.664581
0.0253046
3.70524
2.90738
0.452239
1.088
3.93357
-0.106722
-0.597189
-2.04631
1.40796
1.09028
1.92397
1.64212
-5.52996
2.34213
2.56106
0.540856
1.32301
-3.13413
2.6038
-1.02929
1.40662
-1.30883
3.81508
-0.853181
1.99009
1.22237
-0.89473
-3.11481
0.537689
-1.39593
-2.31164
-2.22715
-1.50543
-6.82091
2.03935
1.77664
4.74506
0.028354
-0.17174
1.19112
5.45414
1.71677
3.48805
-0.998841
0.665042
0.527137
-0.913039
3.54775
-2.05056
0.68352
2.38834
0.454346
-0.700219
-4.25865
2.30079
-0.0891949
0.343733
-0.367187
5.11476
1.82995
-1.95801
2.71925
-0.396188
-1.54732
3.05749
4.73256
1.26782
-2.1626
-0.677219
-1.27546
2.03791
2.27695
-0.12914
0.914062
4.01442
-0.7273
3.24079
-0.872989
-2.6956
-2.14068
-5.61024
0.994211
2.12661
2.5286
1.52942
3.28587
0.981408
2.61277
2.10796
-0.906149
3.02964
0.828064
-0.838021
-0.310821
-1.47997
1.459
2.11056
2.51733
4.22182
1.19965
2.34741
0.143135
-2.34779
4.17112
2.07878
-2.5529
-0.11423
4.12503
-2.85073
-0.640445
3.88145
1.79973
3.43565
-0.754053
-2.31679
5.67404
0.0124966
3.17887
4.20615
0.0052658
1.96968
-0.204618
-2.65501
-1.11099
1.4224
-0.789699
-2.62715
1.63154
5.93713
0.537225
0.725209
-0.944217
0.62765
4.9152
-0.397328
-0.297316
-2.00478
-2.66378
1.38177
0.554913
0.294414
0.218924
-0.0713725
4.94694
0.415596
-0.845631
1.18176
-1.00592
0.199569
-0.336042
-6.65405
-3.32644
-0.254226
4.6456
4.13033
2.13156
-3.28615
-4.84906
-4.90466
-2.87194
-0.503141
4.09268
-2.69503
-3.73027
0.173962
3.44737
-0.728995
-0.966496
-2.22925
0.0492575
-0.142397
2.10493
-3.18022
-1.65097
1.13254
-0.319712
4.34243
1.41225
3.49984
-3.93658
1.20037
0.78914
0.659648
3.73495
2.2218
-5.105
-1.50834
0.442963
5.40436
4.43825
-1.65276
-0.571003
-1.15956
2.10522
-1.21662
5.40036
0.807421
-3.32499
-1.96292
2.10925
1.93331
1.73197
4.91721
-0.160318
-2.43969
3.27476
-0.995652
4.05601
2.45794
0.491892
-3.68984
-2.49857
-0.0441111
-4.71516
1.90121
2.23534
5.63104
1.51303
1.45532
1.01044
-2.91559
3.01521
1.61311
-1.57332
-0.619072
-1.15407
1.03466
-4.55207
0.412018
-0.812173
4.66454
2.01926
2.29463
2.75199
2.97287
3.00146
3.72425
5.6344
-2.2618
5.42325
1.25512
3.62247
2.69594
-4.35861
-0.858568
-0.513789
-2.34512
-0.236346
-0.639836
4.31886
-2.40521
-0.912578
-2.6267
4.42179
4.22579
-0.815713
3.18385
5.51899
0.860622
-0.837092
0.306457
-1.79772
2.54017
-3.80618
0.28486
3.26845
-1.19965
-5.7801
1.49282
-2.27122
-0.186736
0.287152
0.934659
-1.53133
0.042454
0.146844
-1.20386
-1.67896
1.56787
4.89226
-0.865805
0.12846
0.398023
1.72968
1.3154
-2.31557
3.72473
0.987884
-0.373743
2.26448
0.069646
3.1577
-3.72493
4.58969
-4.08885
-1.80152
1.8187
3.19656
0.241269
0.574291
1.27393
0.284723
-2.28314
1.63423
-5.39439
-4.40009
0.365554
3.10499
5.64079
-4.43516
-4.8027
2.80984
-0.41973
2.68355
0.968712
0.0992308
1.68707
2.22383
-0.0938924
4.87899
2.19869
-2.06234
5.04053
-0.105715
-0.40338
-0.697904
1.25858
-0.0661087
0.968373
1.91076
-2.11697
-0.352163
-0.896624
0.493469
1.27502
-0.683451
-0.599627
-2.02812
6.55483
1.23652
1.7995
5.08978
0.513121
-0.788877
-0.97086
1.30557
-1.69042
-5.14726
-0.643479
2.34394
-1.08559
-0.217042
-0.870589
1.8853
-3.72382
2.59003
3.0767
4.00857
-2.46626
-0.483851
-0.0999965
-1.86778
-3.11684
-0.621792
-0.299361
-7.25755
-4.41328
3.17046
1.86249
-3.26481
-0.321926
-0.822633
-3.35255
-3.77832
0.110017
0.689033
2.09988
1.74949
-0.00642505
-0.545456
-8.65814
1.89744
-4.73499
-4.13283
3.60255
6.39209
3.72535
1.48778
1.68342
2.09294
2.60709
-0.648077
1.71355
-0.0609619
-1.22504
-0.549245
-8.29992
-2.17679
0.0682995
4.01213
-8.96624
-1.09769
1.4052
-2.29593
1.19486
2.22372
3.18946
-4.81332
-5.49366
-0.281449
-0.923552
-1.90701
3.66416
1.30178
0.334013
1.20357
-2.17626
1.62664
-4.32557
3.17302
-0.490261
-0.0784646
0.295606
2.59662
2.5052
-1.28576
0.944363
-1.48637
-1.1193
4.15241
2.37227
-1.03967
2.24592
0.949354
-1.22556
-0.718023
-0.654901
-3.84477
-1.1254
-3.40692
-4.5897
3.04655
3.9481
-0.807562
1.36786
2.59426
0.405831
1.89043
1.24
-1.66682
1.52494
0.527355
4.40224
2.83127
-1.77253
5.67904
-1.42199
1.30841
-2.92974
-1.87969
-0.923194
-1.40513
0.41233
-1.25117
0.29583
-1.29335
-1.34567
-2.61098
-1.80418
-2.38816
0.789854
3.2226
-0.395449
-0.32748
4.86265
1.74634
4.86064
2.70475
1.98781
1.93794
-2.34205
5.85392
4.83523
0.194769
-1.91852
4.5947
-2.49896
1.00658
3.24726
2.63159
-1.72168
-4.23567
-2.35969
-0.0231786
5.67974
0.332285
2.64141
1.43914
-0.532876
-2.19072
1.60619
1.9554
-1.73442
2.96446
0.889784
4.2155
-4.1935
-1.5564
-0.638939
2.38195
6.64974
3.85435
2.42957
2.95807
2.61156
-0.970369
1.34475
3.49878
4.19082
4.50204
-1.08367
1.08883
2.54166
1.60882
-2.13314
-2.88567
-2.10891
-3.14758
3.47608
-1.97291
3.38822
1.52362
-3.32215
-0.869793
-4.34709
0.79958
1.6128
-2.15875
3.26873
-5.14723
-5.12029
-0.0789784
3.09218
1.05425
4.8149
2.5169
1.21046
4.91837
-2.8868
-6.12544
-2.43158
-0.454712
2.0773
1.73141
-0.180297
-0.307465
-0.797414
-3.10215
-0.358334
3.02444
-1.64754
-0.888297
1.94161
1.29228
-4.41089
2.98928
3.74154
0.597607
2.34606
1.75082
0.370779
-3.71148
1.99723
-0.226361
1.57612
3.78907
-0.57115
2.09844
-2.55799
-4.48127
1.60036
-1.35741
-1.48317
3.88399
-0.162558
-3.11945
-5.13103
0.407873
4.21265
1.43322
1.36582
-1.17637
4.79608
0.271153
3.61792
1.75837
-1.09934
1.66853
2.69626
4.21952
-1.40641
-0.244871
0.30155
1.73907
0.122491
2.74227
2.93381
-1.15635
4.83281
0.669178
0.977124
1.51848
4.39279
-0.557426
2.84963
2.6106
-3.18181
5.21617
4.56948
-1.53669
-0.272871
-0.57972
-0.411773
1.88516
2.30013
-2.15255
1.36068
1.66485
-1.63976
0.0226905
-0.666867
2.75001
-0.937583
-1.99441
-2.12082
-0.887139
-1.65192
5.60715
4.91468
0.85004
-1.00505
-1.1187
-2.51686
5.15985
6.30914
0.641467
-4.09704
-0.842272
-3.47024
-1.02082
3.00137
-1.33908
-2.91556
0.336755
-1.96216
2.85938
2.34101
2.46543
-2.94488
1.58261
0.753051
-5.91983
1.57553
1.84366
2.88169
-1.19647
-3.25255
0.733856
-2.48213
-0.382359
1.78889
-1.12153
-0.716383
1.6238
-2.33157
2.72838
-1.79187
-1.04042
-0.309457
-3.64343
2.10428
-1.56143
-0.586422
2.53365
0.518542
0.449135
4.71406
-0.428286
-6.49801
1.69808
1.53056
0.130037
-4.83722
0.471446
-2.69911
2.26847
-3.9367
0.521715
-2.63019
0.864026
1.33731
1.9012
-0.430769
-1.66267
3.76222
3.15774
-2.87356
1.34403
-0.76862
3.72937
2.05583
2.66171
2.78341
-2.90417
-0.803852
-3.04483
0.119331
4.13065
-1.26672
-5.24888
-3.62558
-3.25529
2.94802
2.65012
3.65987
1.38683
1.15338
-1.6172
-1.69368
-5.23824
0.254947
-1.43696
1.5599
-2.36981
0.667221
-1.95284
1.78177
-2.27594
2.82099
4.14068
-1.02636
1.07101
4.96134
4.57056
-3.8128
0.370514
-0.442399
-2.18341
2.91357
-3.52299
-1.17168
2.04068
5.59147
0.17413
-2.75101
0.288314
1.42388
0.467091
-0.885508
2.58319
-2.10623
3.13555
5.08935
-2.02273
0.819444
-6.45624
2.32806
2.47503
4.4749
-5.92737
-4.63465
1.32812
3.07674
-4.86582
1.18854
-1.87422
-0.366274
-1.75495
-1.25115
-2.14618
-0.19563
2.02612
6.07695
-0.467171
2.5312
1.46096
4.99412
1.9431
3.42787
-0.647911
2.37814
0.229138
-0.803874
-0.0865774
3.37002
-4.64127
-2.56271
1.96398
4.5491
0.109593
-1.11441
5.63777
1.2989
3.7325
1.93261
-7.17788
6.92149
-2.59943
2.4009
0.102716
3.40108
1.97453
-0.408608
1.97844
3.59227
4.12634
0.224552
2.50593
4.10208
-4.41861
-1.38342
-0.679856
0.308379
5.68689
-4.20704
1.6197
-4.81223
-0.56239
-3.4181
-1.15424
0.668809
3.20009
-1.83037
0.584037
1.57826
-2.2703
0.0640273
-3.72119
0.754798
-0.0662115
-0.528124
-0.0727896
1.91152
1.17201
-1.43107
-2.42411
2.10477
-1.63156
-0.0705846
3.1629
1.45685
0.146055
-1.02301
-3.09518
3.55278
-4.34519
-4.43633
2.08538
0.455847
-3.59618
-0.722379
-3.37279
2.50823
4.18847
-2.51256
-0.743863
-2.91745
2.78572
0.38977
2.16742
0.526549
2.60992
2.38369
-5.33576
4.24753
-2.18073
3.17061
1.19171
0.200204
-1.43434
0.854724
3.58336
-1.36953
-0.706161
6.02406
2.32702
0.178675
1.64521
0.188901
0.571958
1.37402
-1.50185
6.55238
-0.238592
-1.19163
0.530169
-5.17761
-1.88753
2.91533
0.317066
2.88434
3.24974
0.0346815
1.65022
0.535345
-1.63422
-0.779763
-2.68078
2.28771
1.19258
-3.32223
1.52618
4.22569
0.128533
-1.00186
1.19577
4.4449
0.904441
-1.15627
1.63639
-0.751914
1.68669
2.62652
4.6338
-2.68248
-1.55688
0.482032
-0.493599
-0.859257
0.200914
2.38921
2.9542
4.1146
-3.96924
-0.552653
-5.52076
0.229173
1.7563
1.31909
2.10538
1.94023
-2.0583
1.6281
-1.31269
1.2357
2.9852
2.65997
-4.8216
-0.201733
-4.72039
1.19448
-3.11682
4.31368
1.93397
-1.02724
4.96415
-0.95958
2.91632
2.67488
1.85459
0.972945
3.84002
-6.21591
-1.84066
1.10428
0.248447
6.11803
-0.272692
-0.479567
-1.01102
1.22484
1.01767
2.24721
4.93203
-4.26271
2.13168
1.99031
0.513485
0.597382
2.12398
-6.41129
3.80554
2.5823
5.39187
2.4585
0.587339
0.509041
0.0423848
-1.15051
0.759149
1.54428
-3.06857
1.83546
5.0683
1.00982
-1.18922
-8.16715
-0.224722
2.59835
-1.14254
-0.348374
0.37976
4.41865
-0.289336
1.78519
5.8605
3.69724
0.849072
0.480483
1.31736
1.95867
1.83708
-3.69338
2.34742
-1.18216
-2.58918
-1.11774
1.66942
-0.581984
0.221042
-2.56613
3.53387
-2.79261
3.58916
0.589074
-3.86408
-1.36067
2.74396
-1.69395
-1.13094
2.50496
2.13
-6.79677
1.31697
-2.47076
-1.80813
2.58807
0.159936
2.55326
-0.403776
1.67809
0.139815
2.29626
-2.21503
3.03307
2.94511
3.62905
-2.64152
1.48687
-1.67451
1.15111
0.939753
1.45059
0.0746515
6.2587
-0.0652356
3.51144
-2.41664
3.99227
0.739458
3.44213
0.423143
-2.10961
0.1332
0.750467
-0.731252
5.78298
0.221492
3.1179
3.17872
-1.06897
-2.44103
3.70148
1.01865
4.52693
4.84285
2.74234
0.845574
-2.47952
2.13957
2.40338
2.29635
0.154451
0.997821
-1.7485
-0.052613
0.608924
-2.00058
3.09932
3.41135
2.61973
2.95854
-0.475964
4.48514
2.15183
2.45456
-0.308807
0.798277
4.67544
5.03562
0.081163
-2.06743
-0.635603
5.34757
4.96918
0.947029
0.598559
-1.88117
5.56705
-0.0707782
3.76661
3.01217
-2.69499
1.1073
4.35802
2.51195
-1.80924
-0.102387
-5.11409
3.51277
0.725471
0.726053
0.886901
-0.876106
1.37874
4.39406
0.256724
1.5895
-1.31764
-0.347558
6.78624
2.98413
3.57641
3.91413
3.66143
-0.0524166
-2.49817
2.22747
1.04667
-1.40592
2.27943
-3.57896
-0.909902
-0.515465
1.7155
-6.78068
-1.19695
0.723188
-2.91819
1.94963
2.94334
-4.45851
0.66895
-1.38643
-0.4791
-1.8358
1.55644
-0.608376
1.1302
0.912588
2.44215
-1.67636
-4.83533
-2.25096
-2.67382
2.67485
1.4981
-1.89865
2.42836
-3.16939
0.0903218
1.63641
-2.13448
-3.53092
-1.38619
0.40899
-0.065006
0.134853
2.16486
-3.85554
0.7923
5.66338
-1.08944
-0.803106
-1.68318
-0.843266
-0.119594
-2.66046
2.04238
2.90984
0.502953
3.09679
1.72062
-5.32186
3.63926
-0.379525
0.825867
3.71888
2.23842
3.7491
-2.05757
0.361416
-5.08148
1.90411
-1.98794
3.33233
-2.28322
-0.701621
4.34644
-0.0169291
2.64615
-4.3121
3.57419
3.88727
-0.85907
0.287658
1.35466
0.960152
-2.60661
-1.05782
1.82454
0.192868
-0.203255
3.75076
1.97293
1.6239
-2.1925
6.00186
0.873543
1.4332
-1.89089
1.21801
0.629211
4.95314
-1.79824
2.12502
-2.56952
1.1906
8.03907
-1.69778
1.8137
0.835597
2.86298
-1.90592
0.582408
1.56909
1.19966
-0.0987197
-0.0885245
-1.85236
-2.92309
2.89626
3.36464
-2.21305
5.72397
-1.66565
1.45599
3.63872
-1.02273
1.12466
2.19544
0.393585
2.66379
-2.24964
2.51876
0.612895
0.642036
2.7668
-0.48785
3.06284
-0.792491
-1.30058
-0.100612
2.15088
-2.54879
3.94325
2.82168
0.275736
-6.04924
1.21622
-1.85583
1.17327
-1.37707
-0.648922
-1.89238
3.41791
2.34221
2.06406
0.565937
3.25196
-3.89066
-2.4161
2.95986
1.2417
-0.368451
1.71589
2.56015
3.30324
0.339089
-1.57221
3.16288
2.3182
0.296965
-2.81994
0.542345
1.38761
-3.40758
0.737443
-0.446997
0.647936
5.12932
1.3587
-1.0963
2.83396
-1.98064
-0.128786
-0.65859
-3.24171
1.14291
-0.0317889
1.55349
2.93411
-0.212512
-1.90265
-3.26573
-1.25314
2.23841
-0.196593
-1.74689
3.50864
-3.17159
3.22998
1.43899
-1.44174
0.405942
4.30382
-4.23925
-1.27702
4.05695
0.195051
-2.45878
-0.736606
1.59958
0.956416
-0.0451479
-0.675049
3.87232
-4.17836
-3.73698
-0.731171
0.923249
-1.27899
-0.0491821
2.37689
-2.6387
-4.71798
1.87957
-0.945929
-1.09821
2.40487
1.70117
4.61646
-1.87203
1.48407
1.82593
0.087262
4.59191
1.33819
-2.33512
2.06132
4.70537
-0.96591
0.0529481
0.562427
0.280908
-1.56102
-3.96993
3.1744
3.12367
-0.401608
1.53401
-2.37797
-1.23903
2.07601
-2.30363
1.05237
1.13723
-0.244862
0.269598
-1.22539
-0.210328
-1.70764
-0.505742
0.712974
-0.762413
1.0917
-5.27116
1.15465
1.89127
1.50933
-0.0377514
2.30493
4.25567
2.3147
-2.27978
-0.627309
3.0063
4.66852
-1.44002
1.5253
0.207596
1.96218
1.43237
3.00168
-2.8917
2.83242
-1.69986
1.35308
-1.04034
-1.86844
-1.37622
5.34637
1.25404
1.55984
2.42762
7.0564
-10.4998
-1.40176
2.04609
-1.05924
4.58406
4.85206
-3.69339
3.51997
2.08137
4.08891
2.70223
4.09851
3.02002
0.0952487
1.93429
0.309571
1.16195
1.84175
5.09223
0.742832
2.34316
0.10237
0.271318
-0.763258
-1.05533
-3.08578
-2.22712
2.71288
1.0863
-3.27427
1.85771
1.83778
-2.16243
-0.705673
4.33119
-1.7035
4.53483
-0.0967717
6.08426
-2.3185
1.06874
-0.265647
-0.752217
0.75301
2.25305
-1.02702
0.350046
1.32578
0.550374
-0.569321
-0.0547118
0.534276
-2.06123
3.01827
3.629
-1.41294
3.17733
-1.71239
5.18717
-1.57789
1.51194
3.41586
1.44979
-1.69548
0.916983
-0.716754
0.132473
-0.219067
-1.11289
0.826244
3.18904
0.856055
2.70638
0.788444
3.10176
-3.61533
-2.67544
1.38349
-1.97012
-2.21987
5.62013
0.0598035
0.704204
2.62043
-0.352225
2.15617
3.56873
-1.45615
-0.0773738
0.057999
1.63029
2.37681
3.44173
4.71548
3.23794
2.9627
4.74822
2.04598
-0.175213
0.858995
-1.27204
1.42638
-0.205624
0.189307
1.30582
0.378914
-0.00603561
-1.50822
-2.19017
7.67132
-2.18021
-0.0446637
-0.0441997
1.11872
0.176766
1.52835
2.81195
-6.37304
0.957603
1.81826
-2.85456
4.78243
5.63499
-0.502854
-2.61889
4.65767
-2.8334
2.32175
0.863214
-1.85853
3.91308
2.04815
-3.22712
-0.462911
4.30566
0.108124
-0.1876
3.0805
-2.49921
3.89111
2.22506
-1.58603
1.9521
2.6597
2.53308
3.08281
4.33693
1.20069
1.29406
0.331559
1.38638
-1.07907
0.351071
-0.355334
0.827581
2.06543
-1.39375
3.81075
0.840887
-1.28312
-2.13765
-1.50202
-1.53924
3.07773
-2.85386
-4.53999
1.53448
-0.829918
4.13359
0.890384
-1.82079
1.28299
-5.19357
2.89182
3.91656
-3.40547
2.22966
1.58795
3.38884
5.02312
0.767304
1.78439
0.254749
-1.8352
5.58166
-0.159202
2.57904
-0.947412
1.22139
2.43243
3.10411
3.08638
0.396675
-1.81793
-0.205408
5.83298
-0.580226
-1.89703
4.35675
-1.77847
0.468991
1.53677
4.17754
0.310813
0.342712
1.14671
-3.05486
-1.19096
0.120659
-3.99596
3.27833
0.710264
-3.51084
0.996507
1.23053
0.499304
1.01651
1.46258
6.62413
0.195478
1.15174
1.19269
1.09133
1.22587
-2.05788
-6.25493
-2.56536
1.08181
-1.70926
0.00202716
-3.77607
-1.95953
3.07426
2.45915
2.09552
0.275648
1.55412
-1.87696
-0.302469
4.86521
-2.91296
3.78415
3.59023
1.83908
-0.577714
0.310257
4.43762
4.4721
2.4483
2.18175
3.85185
4.23235
-1.42378
2.28008
-0.408207
-1.42561
-1.32131
-2.10536
-3.82054
-0.888273
2.71521
-0.592299
5.32128
4.22935
0.218911
0.172483
0.195607
-0.118708
1.6472
1.1403
-3.36483
3.81455
-0.0660445
1.57252
-0.712212
0.574211
1.12494
4.37379
-0.992047
0.762215
3.61932
-3.30637
1.02244
5.17801
4.66509
3.90606
-3.96338
0.0200793
-1.24701
-2.343
1.84579
-1.06256
1.32564
-1.67327
4.65853
0.790896
-3.65944
2.30841
1.45552
3.77816
-0.214423
-6.61774
2.29578
0.0341095
4.27579
-0.424727
0.937278
-0.479527
1.17116
1.49888
3.45238
-0.924556
-1.76657
1.26245
-3.09137
1.90759
0.618604
4.07639
-0.58452
2.64839
1.11815
0.681786
-0.668433
2.74535
2.24805
-2.06556
-0.112859
0.296298
1.8368
2.85438
0.384676
2.24553
2.62445
-0.985547
-1.01558
-2.03134
0.385058
3.02601
4.38689
-4.05964
1.00706
1.70583
1.18472
-1.36931
-4.43547
1.50996
-0.274605
1.68106
0.138412
1.39039
3.21548
4.20129
-1.29545
1.73149
2.11361
-2.55541
0.610281
-2.82637
1.82657
-0.0496387
-1.31934
-1.88177
-1.31766
3.02088
-0.364138
-1.84531
2.1726
3.56214
2.82297
3.52715
-0.172694
-0.720118
-1.934
0.82532
-3.35662
0.407144
3.74934
1.73755
-1.44119
-2.44596
3.77762
4.21069
0.492154
1.98101
-3.57635
1.28297
-4.28208
-0.451423
-0.705174
-0.558167
-2.36571
-3.37146
-0.66107
1.91528
0.231701
-0.110495
-1.78367
0.925987
-1.86238
2.1514
-0.217702
-0.0237569
4.99821
-1.51983
3.13397
-0.744708
-2.81085
-0.277369
3.95797
-3.46366
1.93307
-0.515963
-1.30201
0.417169
-2.49621
4.62802
-0.486046
5.23283
0.52009
-3.54466
3.79807
-1.40978
-1.26614
-3.89953
1.20336
0.627036
0.330824
0.189417
2.9419
1.56962
0.484238
-1.56736
0.208033
-0.00362728
3.37836
3.56911
0.757949
2.00342
6.6266
0.162972
-4.19609
-1.18677
-0.315116
-2.25184
-0.340979
1.33741
1.03117
0.628016
4.82546
1.20379
1.3405
-4.11991
-4.13808
-0.615837
-0.349006
1.03267
-1.35177
-1.574
-3.00263
-3.18255
-1.43195
-1.8352
1.14826
-3.0279
3.79659
-3.89873
0.719935
-1.63743
4.71829
-1.06704
4.37816
-2.05325
1.28818
1.88093
-5.97347
-1.75103
0.026765
0.22829
-1.56657
0.720721
3.43079
1.25076
3.10851
1.59842
4.15323
3.72679
6.79307
2.01951
3.7189
4.16453
-1.44746
3.42665
0.721623
2.67393
-2.28698
-2.38711
-6.98053
-4.00632
3.3709
-0.5378
-2.82969
0.44103
3.94002
-0.60131
-0.124699
1.21765
3.47875
1.2097
-2.06017
-0.638131
-6.9371
-2.50311
0.411865
0.358263
2.67014
-1.20986
-3.12053
1.57272
0.941788
3.49561
-5.12446
-3.62189
2.47865
0.874079
1.39689
-4.72207
-1.07795
2.48855
-2.2997
-0.058417
0.752775
-1.05808
1.16753
1.90168
0.0775114
-0.669301
-0.165163
-2.28929
0.936503
-0.626905
4.56808
-2.52535
1.57617
3.66191
3.74543
1.51816
-2.54665
5.5349
3.85375
1.93771
3.08439
2.28483
0.206921
4.59376
3.07317
-5.39802
1.10816
-0.670244
-3.51399
-2.37965
-0.354448
3.48155
-1.72443
1.57246
2.18458
2.44524
-2.06801
4.57461
2.72972
-2.57227
-0.78249
0.899171
-2.90147
4.13326
2.5766
-2.67431
3.48864
-4.69037
-0.919382
-5.0871
3.46738
-2.27085
-2.25907
-3.51245
4.9072
-2.56348
-2.51146
1.15711
1.18153
-2.3554
1.22381
2.67358
3.6538
-6.39375
0.296049
2.84057
-2.88527
-0.279337
0.721311
0.221795
-2.40417
-0.417663
-1.08907
-0.115807
-3.37004
-3.90554
-3.45236
1.40646
3.96562
2.31253
1.53068
4.79777
0.46849
-0.0707247
0.271051
3.49513
-0.28527
-0.9457
-0.0875962
1.16269
-1.2533
-2.91623
2.02039
3.16956
-0.64639
2.61819
1.15368
2.28204
-4.36713
-5.36504
-2.4097
-1.51928
4.5125
1.96711
-1.07545
3.42548
-1.33638
1.04204
0.531681
0.856586
4.64829
1.50187
3.27004
-0.755955
3.69027
2.28683
-3.48948
-1.85243
0.169916
-3.20145
2.02909
2.15026
4.32991
3.06496
2.492
0.193203
0.541212
-1.10994
-1.21997
1.3457
-2.42849
0.529381
-5.72184
-3.31328
-1.66896
1.96836
-3.49331
0.988153
0.863544
1.46943
1.42205
2.09336
0.273934
-2.29113
5.01311
-3.69349
-0.928271
2.78184
1.8208
3.03196
2.86723
-0.322036
1.64273
2.5396
-2.36122
2.80696
2.90877
-5.08699
1.73783
2.67089
-1.96831
-1.61556
-0.652611
-1.84044
-2.82745
-2.63617
0.271188
-6.16199
-0.496177
-4.41527
0.49552
0.914246
3.5847
0.199557
-3.19896
0.117264
0.809031
4.35713
3.85045
-1.13599
2.3887
-1.10467
-0.348454
3.08757
0.66623
0.461831
-3.02377
-2.85448
2.73304
-0.599661
-1.82501
4.00168
-1.47689
-1.56647
-3.47539
0.868277
-1.76946
-2.72229
-2.26236
4.22432
1.07941
4.12806
-1.96289
0.430184
0.666723
3.41871
3.87592
-1.02332
1.9536
-4.47627
-0.271874
-1.0579
-1.28666
3.90799
2.93247
0.725021
1.50682
2.53604
3.24904
-4.34549
3.88387
-1.96432
0.515803
-0.14246
-3.51517
3.34092
-3.78832
-1.7573
2.46075
2.17943
6.88069
2.12087
0.553688
0.436076
0.429331
0.830761
1.7852
-0.589599
-0.0672706
0.903804
4.44552
0.602885
-2.98576
-3.15444
5.06357
-2.45218
-0.00618533
-1.44658
2.95966
2.36381
-0.241038
-1.1843
-1.32737
-0.780256
-0.581577
-0.613546
-1.03158
1.37481
2.3323
-0.792109
-0.901116
0.124086
0.473047
0.759591
3.96186
2.11722
-4.92602
-2.66696
-2.4335
1.90257
1.02388
-7.52437
1.30436
-4.39962
1.24553
1.79061
2.98945
1.88464
2.16684
-1.22405
2.8919
0.51576
0.0697712
8.20467
-3.33237
-2.39062
3.326
-4.55547
-0.473549
-5.19012
5.8655
3.97146
3.984
-1.31217
-4.59735
-2.37633
3.60617
1.12377
2.44315
3.39517
2.86571
2.19739
-1.57564
-0.0924938
-3.90462
0.271937
