1.3118
0.174465
0.558605
0.155463
0.60728
0.515916
-0.124431
1.40959
-0.777508
1.12334
0.973945
-1.21584
-1.46649
0.407241
0.364777
1.62038
0.780659
1.20347
0.980053
1.24669
0.828308
1.0807
-0.0271285
1.4558
-0.635704
0.745461
1.42287
0.695091
0.166289
0.12787
0.502825
-0.772556
1.3505
-0.864185
0.448656
0.892042
1.20641
0.554317
1.28855
0.458974
0.769319
0.860707
0.826322
0.674207
1.33261
0.529199
1.62491
1.31127
0.214409
1.26337
1.82426
0.869793
1.46977
0.550841
0.194363
0.779198
-0.647309
1.12973
0.728085
0.493077
1.17226
0.470656
0.267767
0.808047
-0.0856055
1.96374
0.791314
1.20138
1.55715
-0.385495
0.855888
0.586649
0.412459
-0.300258
0.409595
1.11711
0.539477
-0.690932
1.51429
0.373941
0.881831
-0.31257
0.501073
0.364721
0.738989
1.49594
0.589632
-0.650229
0.0647707
0.90528
0.675206
0.867925
-0.0378223
1.12103
0.7727
0.658333
1.9974
0.487555
-0.0624228
0.482566
