0.638816
0.173727
0.248739
1.63705
0.930075
-0.110057
1.62259
1.13632
1.14621
-0.744063
2.26046
-0.547119
0.48962
1.22115
0.367785
0.457696
0.463457
-1.16992
-0.281839
-0.587223
0.729616
3.11854
1.51042
1.20187
0.578368
-0.909696
1.17132
1.10277
1.24494
2.59898
2.82004
1.98806
0.509739
-0.856747
-0.127184
0.746192
1.02427
1.13523
0.402256
0.408501
1.11249
1.56809
-1.7484
-0.00282287
0.17532
1.61105
1.25326
2.61574
0.175102
1.15278
0.713681
1.21719
-0.273508
1.83281
1.10083
1.78435
-1.34246
0.8291
0.536657
2.07436
0.523095
-0.473201
-1.07011
-0.00187087
2.1016
1.26943
-0.281568
1.87585
2.6683
1.24146
0.116524
1.00871
1.65404
0.000211281
1.14142
0.210556
0.360233
0.496645
0.759977
1.4372
1.51338
0.433226
1.79008
1.14505
1.90366
-0.333802
0.858148
1.15126
0.821152
1.906
1.22241
0.634711
1.2045
1.80184
1.08953
0.613653
-1.15214
-0.179518
2.02572
0.207847
1.79201
0.978643
0.87343
-0.301967
-0.51016
0.809891
1.62789
0.349391
-1.34537
1.60178
-0.672377
-0.307568
1.2575
0.437598
0.526209
-0.58901
2.46937
0.649633
1.05171
1.66547
0.52278
1.64635
0.741852
0.706776
-1.37818
1
0.758451
0.276089
-1.07345
1.025
-0.790663
0.306034
0.11222
0.352325
1.55689
1.49111
0.0888434
1.16913
1.09836
0.720126
-0.291347
0.369053
0.977595
-0.515295
-0.504672
-3.6251
-0.617151
0.975612
-0.244906
0.997192
-0.610044
-1.16285
0.0836077
-1.06397
1.95695
0.486355
2.23851
0.811657
1.53577
1.00324
0.203762
0.60701
1.6213
1.28193
0.629216
-1.83665
-1.32108
1.27047
1.8576
-0.561186
0.705426
1.43689
-0.679804
1.94092
1.96908
-2.27204
-0.20158
-0.267067
0.442479
0.849881
1.12091
-0.0508657
0.868201
-0.64051
0.513741
1.13113
-0.409133
1.96457
0.00487744
1.15049
-0.308436
0.00794098
1.05394
1.38382
-1.32477
1.22653
0.210188
-1.13689
-0.0529867
1.9155
-0.3447
1.23401
1.93502
1.55122
1.70905
0.869681
-0.27805
2.60399
-0.169969
1.37789
1.49599
-0.682895
1.20486
0.328963
0.459687
0.494771
2.08378
0.616627
1.0099
0.694256
1.61538
-0.816571
1.90472
-1.60475
0.128606
-0.0255739
-0.252958
0.422198
0.924682
1.10711
-1.33872
1.07703
-0.647399
-0.0604676
-0.654554
1.78159
1.20247
1.96412
0.923853
0.92394
0.89008
0.30583
0.663984
0.729813
-0.708671
-0.133301
2.0117
1.70513
1.95626
0.445008
0.0124355
-2.40712
1.20912
-0.388855
-0.76991
1.27661
-0.744313
1.07134
1.63171
-0.741559
0.863904
-0.13102
1.56047
-1.02653
0.243438
1.89719
0.402005
-0.358706
0.231166
-0.966572
0.1164
2.32571
1.47506
0.8013
0.762076
1.61483
0.474389
1.0776
0.531025
0.458821
-2.38678
0.0633934
-0.834794
-0.22838
-0.117724
-0.267822
1.16831
-0.757853
0.232635
0.56212
0.737533
0.779651
-0.626977
0.618989
-1.60912
-0.183833
-0.837708
1.21519
0.458356
0.326818
1.04935
0.663702
1.15992
0.267448
0.657078
0.882673
0.551243
0.974559
-1.5191
0.564312
-0.0911355
-0.0231686
-0.156607
0.111209
1.02487
-0.0773925
0.517247
2.35727
1.16543
-1.44877
-0.196334
0.156772
1.14764
0.738895
-2.74307
0.596866
1.88434
-0.648368
0.692793
-1.10638
-0.410472
1.38835
-0.21123
1.09366
-0.612782
1.24855
1.57819
1.25536
-0.455743
0.965271
1.40267
0.215286
0.424984
0.563337
0.237718
0.154962
-0.994859
1.43607
1.84251
-0.668833
0.585998
-1.2297
1.6467
1.16888
1.58699
0.0206085
1.03711
-0.291817
0.834889
2.57016
-0.184111
-2.17807
0.807306
1.69374
-1.33017
1.79847
-0.775781
0.189553
0.511613
1.78185
-0.637869
0.0992907
-1.10077
-0.253049
-1.86154
0.106952
1.05729
-0.29922
0.12401
2.09403
1.03086
0.775062
0.419584
0.99483
0.170203
0.452484
-1.46268
0.520087
1.53459
2.84149
0.310675
0.909817
0.72948
-0.683889
0.52834
0.25612
0.414515
1.64235
0.675698
1.35724
-1.93689
-0.917984
1.75227
1.06355
1.11773
0.63973
0.518721
0.30631
0.667166
-0.0590931
2.05368
0.683569
0.161355
0.809162
-1.66767
-0.943602
1.14034
0.422502
-1.81816
0.30085
-0.647121
-2.07175
0.55712
0.737683
1.32517
1.05777
1.54018
0.59431
0.81423
1.11921
0.727394
0.652171
-0.975732
1.20166
-0.209636
-0.236319
0.297202
-1.20787
0.967072
1.38083
0.160678
-1.36976
0.805808
0.678067
2.49208
1.57492
0.678494
0.442564
1.00803
-0.313807
1.77656
1.86245
-0.543887
1.82179
-0.209661
0.46689
-0.105458
0.960698
1.51341
1.19257
0.418979
-0.440425
0.272081
0.618145
1.17584
-0.0310995
0.0964665
1.35293
0.493256
-7.11234e-05
0.351962
1.93228
1.88652
1.11089
2.11016
0.853663
0.407012
-1.55577
0.464944
1.34286
0.726704
-0.538514
0.927102
1.20747
0.837935
-1.63437
1.35376
-0.647592
0.111824
2.00575
1.473
1.23219
-1.59154
2.23087
-0.213311
-0.355383
1.88327
0.621234
0.0526248
0.814477
0.431052
1.66812
0.907711
0.568743
0.471511
-0.0544766
0.0443847
0.990098
-0.0152189
-0.722576
-0.468187
0.670315
0.300102
0.53349
0.73212
1.49926
1.04262
0.429801
-0.0608659
0.485021
0.980828
0.431593
0.927284
0.867347
-1.32892
0.721607
0.975426
1.83085
1.37551
0.624169
-0.541478
1.12166
0.441513
0.675801
-2.47085
1.47399
1.47554
1.41489
-0.952599
1.56773
1.31365
2.17887
1.94394
2.00572
1.41392
1.15934
0.989023
3.161
1.35012
1.13142
0.156392
2.51306
2.56377
-0.907992
0.27381
-0.776621
0.73512
-1.35492
-0.340067
0.274502
2.4449
2.08953
1.42108
2.21677
0.778179
0.384761
1.31857
0.0998115
1.40308
-1.12207
0.300467
-0.520295
1.40178
0.494072
0.805452
0.851346
1.12507
2.29437
3.01474
2.04914
1.39142
1.61845
3.01274
2.12954
1.67345
2.4367
2.736
0.885185
-0.0620959
0.746269
2.94328
2.56835
-1.93571
0.451868
1.09804
1.36637
0.960954
0.667738
-0.278408
1.3186
0.0476729
1.2897
-1.12706
0.678316
-1.61672
2.0571
0.421933
0.201906
0.338939
0.196537
1.95234
0.600186
0.439203
-0.284593
2.13918
-1.99088
0.755402
2.61956
-2.59116
-0.757857
0.0321752
0.316117
-2.0983
2.03035
-0.224138
2.17091
1.07163
0.855648
-0.313344
1.31919
0.0887152
-0.0835707
0.52994
1.71356
-0.471204
0.978665
0.337373
1.1866
0.694479
1.06771
0.365777
-1.06348
-1.50301
-0.34848
1.82711
1.2848
0.772514
0.452455
0.899617
-0.163162
0.0521951
0.191887
0.145003
-0.0217992
1.66876
0.59828
-0.164766
-1.69221
0.245179
-0.316377
-2.05945
1.19807
-0.872432
-0.944677
0.616561
-0.0166151
0.163542
1.29667
-1.27509
-0.449946
1.47645
1.62088
1.08451
-0.0635546
0.996722
0.088949
-1.65008
1.49234
-0.378347
1.01206
0.336898
-0.634385
-0.746282
-0.186827
1.84351
2.02496
-1.75312
1.69626
1.7468
0.45377
0.894115
-0.986654
2.43906
0.0833374
0.538322
-0.208835
1.22197
1.06776
2.03255
-0.985038
0.0605303
0.311738
2.91218
-0.182949
1.07843
1.27825
1.31349
2.40576
1.47527
1.22145
1.45331
-1.58473
1.46315
0.863462
-0.698975
-0.325025
-0.671676
1.33352
0.524013
0.297232
1.75745
0.456992
0.836442
1.65986
0.605168
-1.17432
-0.719868
1.50912
0.277268
1.41412
-0.301813
-0.758898
0.22743
-3.52443
1.13711
-0.236979
1.44837
1.05241
-0.308973
-1.95262
-2.04414
0.214914
-1.12229
0.736835
0.679807
1.74096
-2.02668
1.80428
0.570553
1.63095
0.450455
-0.779518
-1.26238
-0.133132
-0.00770508
1.18585
-1.02648
0.290251
1.26723
0.551615
-0.70177
0.148861
1.38271
-1.4091
1.40471
0.750244
1.36144
-0.0740378
-0.48634
-0.727772
-0.0109955
0.753222
1.20612
2.19013
-0.452245
0.613918
0.746937
0.434448
1.20929
0.461205
1.83046
-1.16078
0.384181
0.550293
-0.307451
-0.463104
-0.770669
-0.411166
0.902306
2.12301
0.830514
0.628961
0.0436926
1.54051
1.76046
-0.0141821
1.55032
0.248817
-0.562811
-1.3898
0.646993
1.4043
1.26796
-1.08518
0.250992
1.16607
0.381975
0.478628
0.281665
1.55188
2.21542
-1.01577
0.0722273
1.44357
-0.0632799
2.24866
0.551619
-0.0521235
-0.6624
-1.94251
0.0282615
1.35795
1.0044
1.33302
0.139015
1.85019
1.29401
0.979568
1.22686
-1.46402
2.36459
0.736701
0.830405
0.230075
-0.338653
1.5921
0.491444
-1.1176
-0.646148
1.56478
-0.981609
0.3286
1.13811
1.27542
-0.412188
-0.127235
1.05674
0.979174
0.992054
-0.158933
-1.35088
1.35205
1.34215
0.151653
1.43674
-1.06552
0.883276
1.53713
1.08794
-0.769662
-1.47093
-0.238257
1.44537
-0.728067
-1.24659
-0.788987
0.222422
0.281434
0.514653
1.16123
-0.26825
1.75304
1.16184
1.99225
-0.114358
1.13217
1.54493
1.96231
1.15747
0.0359566
-0.0675564
-0.53042
2.68685
1.17029
1.50151
0.858978
-2.11653
0.645567
-0.615099
0.437117
0.425219
-1.4599
1.33008
0.126872
2.31066
2.09863
2.11678
-0.503245
-0.628625
-0.35386
0.291371
0.676767
-0.0372999
1.00977
0.827575
-0.627189
0.16094
-0.869245
0.124263
-0.312927
0.848503
1.26287
-0.425544
-0.510124
1.6314
1.22057
0.828945
-1.01601
1.20321
0.75273
-0.0361094
2.1114
-0.506535
0.716014
1.02859
0.14766
-0.512195
0.64051
1.17924
0.751056
-0.718795
1.25006
0.330923
-0.483749
0.058699
-0.693457
-0.401812
-1.00436
0.97259
1.89495
1.84493
-1.56823
0.785796
0.513156
1.80883
1.51909
-1.12791
2.50422
1.96857
1.19378
0.174914
0.102606
-0.300454
-0.852533
1.01263
-0.0448239
1.44765
1.45617
-0.0933451
0.255467
0.992536
0.849288
-0.236346
1.95261
-0.749873
1.03912
1.68828
1.44923
0.760187
1.46926
2.14974
2.14379
-0.000247622
0.236818
1.3145
1.43141
1.61045
0.153118
3.05655
0.0785827
-1.10351
0.979674
0.922143
2.07115
1.11433
0.594892
-0.240531
-1.11315
2.16101
-0.675376
1.82464
1.62627
0.97943
1.01298
1.34521
0.953704
1.38272
1.40903
2.83029
-0.401503
1.94118
0.66083
1.84456
-1.61853
2.84863
3.17831
0.747458
0.278411
-0.426052
0.0806784
0.443789
-0.271266
1.14733
0.784058
0.257866
-1.52094
0.423069
-0.757819
-0.161975
1.35701
2.23935
1.59102
1.07217
0.411225
-0.815351
-1.19202
0.783531
0.90074
0.365791
1.25817
0.426811
0.639393
0.53256
-1.68941
0.273259
-0.421433
1.21233
-1.08562
0.336447
-1.39357
3.22072
-1.63644
0.570158
1.72493
0.650861
0.1381
-0.0340338
-0.488035
0.433099
2.99632
1.51816
-0.407721
0.84016
0.240385
0.826199
2.04282
0.728771
1.29266
0.190314
0.601606
0.998075
-0.985296
0.852958
0.859122
-0.516217
0.200832
1.06779
0.727413
1.52369
0.896259
2.08396
-1.68639
0.542926
1.55598
1.30873
1.11653
-0.529992
-0.0778502
1.05286
-0.703655
-3.2265
0.199261
-1.3361
-0.871186
-0.440578
-0.883438
-0.525065
1.88053
-0.658537
1.16163
1.69564
0.301241
0.890131
0.768394
1.03633
0.961692
-0.547505
0.54295
-1.04126
1.05017
-0.681188
0.277808
0.898857
-0.300969
0.9926
-0.053361
1.93143
-0.428467
1.01477
0.819853
1.026
-0.196042
-0.787894
-0.251075
0.60048
2.04386
0.887526
1.24776
0.981182
-0.266479
0.558739
0.00933756
0.789506
2.00947
-0.737056
2.66092
-0.354696
1.00595
1.80854
1.45207
1.89947
-2.26583
1.31778
0.963406
1.28366
-0.0857577
-0.137928
1.51397
1.41914
-0.468331
1.38307
-0.135221
0.61259
1.32596
1.31533
0.0123982
-0.119742
-0.18551
1.74946
1.49346
1.04347
-0.226234
-1.00299
2.46243
2.4093
1.22191
1.97962
0.814084
0.671123
1.88553
-0.830021
1.40187
-0.292686
0.432235
1.14119
-1.26358
-1.30612
1.1717
-0.317325
-0.855074
0.826193
-1.18716
0.937959
-0.141061
-1.63276
0.162822
-0.487107
2.18847
0.829987
0.627056
1.64542
0.360213
0.385093
-0.381763
-0.596825
1.0026
0.909385
1.00892
0.222243
-0.0112859
1.3195
0.368461
-1.05412
1.37855
2.31017
1.48351
1.61408
2.19552
-0.222261
0.826217
1.72932
-0.525613
0.502342
0.374871
-0.360923
0.772153
-0.789578
0.195379
2.3125
0.212413
0.676177
-0.59412
1.24514
0.811555
0.618717
0.953724
-0.72102
1.21611
1.12137
0.442263
0.812999
0.688978
0.991609
0.470789
2.02263
1.99785
1.22203
0.927974
1.08091
1.88915
-0.805755
1.72607
-0.848009
2.66888
0.822839
0.309845
0.891328
-1.85509
-0.380137
1.67824
1.68927
2.31103
-0.913776
-0.838909
0.339328
2.10918
1.27429
0.953482
0.890865
2.0338
-1.47546
-2.3092
-0.592441
0.36823
0.879327
1.04679
-0.807463
-0.225119
0.423676
1.9919
0.955056
0.156838
-0.852648
-1.53916
0.709877
1.09725
1.54371
0.0816427
2.2317
-1.89283
1.26003
-0.495933
0.434279
0.84334
-0.118525
-1.33723
2.42962
1.14525
0.604645
-1.13152
0.492299
-0.830419
-0.644224
1.31774
-0.0981479
-1.15068
0.951102
0.159905
-1.34506
0.804032
-1.24422
0.738594
0.568123
0.759449
0.134726
-0.0114324
-1.09804
1.93637
0.469058
1.52736
0.221507
-1.36456
0.0295428
1.23059
-0.302372
-0.792463
0.218153
0.898881
1.51243
-0.28191
1.10494
1.80413
0.736959
0.73696
-2.54978
0.975408
0.67757
2.64859
2.54827
-0.340104
0.952641
2.29009
0.153157
0.924506
-0.0530166
0.875066
1.79129
-0.417698
0.497992
1.70399
-0.854174
0.643177
-0.558319
2.82767
1.06635
0.459403
0.958716
2.19714
1.63482
-0.911632
1.43213
0.223295
1.56504
0.131734
1.13823
-0.62554
0.550142
2.99041
-0.368876
0.590217
1.24826
0.908391
1.16037
-1.18232
0.47268
1.25171
-1.77809
0.32072
1.3384
1.86287
-0.946615
0.361369
1.49226
0.337125
-0.6778
0.833968
0.84003
1.43731
-2.20765
0.349184
1.60006
1.23704
-1.86275
-0.28762
-0.973227
0.745588
-0.862422
1.33365
1.32185
0.135932
2.66082
-1.85852
1.11486
0.679454
1.73182
1.23975
1.75935
0.631636
0.206792
0.166954
0.70354
0.392215
2.07568
-0.245731
1.24301
0.677811
-0.0150534
-2.07334
0.515162
1.34483
2.29372
1.8214
0.845661
1.4547
-1.03
0.322879
1.89207
1.55751
1.04857
0.830542
-0.911946
0.470897
-0.41825
0.17261
-0.177717
0.807387
0.0220906
1.47781
0.861224
0.498779
0.943259
0.630268
0.683958
0.600873
2.57709
2.41564
0.130889
-0.772333
0.606816
-1.22881
0.176766
0.901911
0.777032
0.721764
0.956137
0.415702
-0.168308
-2.01106
-0.755489
0.957804
0.806135
1.41795
0.916891
1.81321
0.430708
1.40898
0.377808
1.54086
0.162584
0.659622
2.1691
0.738857
0.298255
-0.791386
1.81211
1.3692
1.62676
0.862265
-1.16258
-2.37727
1.15247
0.134368
-0.43547
1.73639
1.32753
-0.227249
0.370611
1.22397
0.662239
-0.408578
-0.271499
-0.438957
1.62658
0.463156
0.877298
0.0181768
1.33868
-0.989754
-0.354119
0.171216
-1.23208
1.25519
-0.0230968
1.23492
1.12046
0.669792
2.02203
-0.517019
-0.738455
-3.01228
-1.01093
-0.203306
0.856028
1.52057
-0.492407
-0.647977
1.30088
0.86569
1.63551
1.00381
0.128162
-0.299763
2.37002
0.0964981
-0.710614
2.00738
1.50278
1.59147
1.86516
1.64426
-0.23491
-1.07722
0.924514
-0.773745
0.529577
-0.930733
-0.39305
1.10296
-0.761936
-1.31629
-0.228367
0.890706
0.619222
-0.064437
2.02596
-0.126638
-1.28312
1.04362
-0.79603
1.68445
-0.595896
-3.32492
-1.43378
0.548433
0.0761291
1.48562
-0.0614356
0.301252
1.47476
0.436268
0.615765
0.681495
0.0506617
-0.145322
-0.659762
0.618991
0.719158
1.15595
-0.0231091
0.512014
0.771716
-1.01675
0.0841678
0.0632372
2.12345
1.10313
1.05506
2.16375
2.37234
-1.88843
1.01289
0.268742
2.37275
-0.592708
2.03143
1.00732
-1.55155
-0.306006
0.768408
-2.26037
0.71531
0.448299
2.03717
-0.77386
1.45854
-0.452236
-0.944997
1.73731
1.89779
0.640633
-0.766381
0.600563
0.774534
0.0193181
0.327212
0.0581628
-2.50321
1.38215
1.96975
1.96629
0.588129
1.09015
1.80384
1.74064
1.55319
1.15537
-0.115223
-0.334065
1.36499
1.66244
-0.911305
1.10836
-0.197503
1.394
2.17645
1.3217
-0.994076
1.784
1.18734
2.39189
-0.110668
-1.11848
0.841852
0.477191
1.42701
-0.142736
0.0807454
0.724398
-0.503372
0.697718
1.13515
-1.4901
0.465105
0.276726
1.31406
0.590695
1.08105
1.01659
-0.447962
0.810463
2.66162
-0.773871
-0.414769
-0.225533
-0.957461
0.197819
1.73316
0.743504
0.137067
1.04716
1.90896
-0.21211
1.89105
0.150975
0.15101
-1.4171
0.0884331
-0.862803
1.24845
0.829514
-0.90389
-0.551296
1.3191
2.50035
1.24152
1.71919
0.255377
-0.980503
0.727704
0.616879
2.44152
-3.63441
2.69149
0.644939
1.88228
0.598095
-0.290378
0.926699
1.87234
1.17403
-0.418825
1.10956
1.22368
2.1055
-0.479062
0.637609
-1.41032
1.40189
0.515378
0.618896
2.10382
1.42727
-0.360189
-0.577635
1.61475
0.497959
2.10121
-0.7918
1.56119
0.139711
0.351142
0.237298
0.401345
-0.053268
2.50821
-0.556684
0.433191
1.64887
-0.443034
-1.314
-1.22218
1.81401
-0.0969472
1.38285
-0.987089
0.53812
0.460329
-2.46296
-0.664511
0.686796
-0.320273
0.929215
2.37277
0.786715
-0.561966
1.40329
1.64342
-0.528554
0.450477
1.32324
0.978394
0.710466
2.18036
0.155595
1.24902
1.04852
-0.672905
-0.537537
0.951291
0.807253
-0.809755
-0.250334
-2.44435
-0.0506282
-0.765468
0.462717
-0.0191614
1.32536
-0.243869
-1.11419
0.247596
0.645863
-0.0916925
0.884746
-0.796764
1.26163
0.355916
-0.917402
2.28166
-0.293519
-0.741065
2.84171
0.653819
-0.705444
0.717232
-0.300844
1.84208
1.07925
-0.0795388
-1.2771
0.478428
-0.879375
0.985738
1.00445
0.413751
0.118766
1.59269
-0.162223
-0.0713313
-0.719199
-0.0018277
1.26838
0.273589
-0.949947
-1.63928
0.0922789
0.766774
1.26407
1.64314
1.54599
0.889367
0.60347
0.460376
-0.312336
-1.44442
-0.241463
-3.54255
1.29129
-0.17196
2.08463
-0.251259
1.17604
-1.15697
1.66166
1.656
0.410892
1.28978
3.07504
0.263557
1.13684
1.37164
0.592401
-0.840787
1.3795
0.88183
1.9835
0.0751601
1.23079
0.376061
1.35734
-0.845005
0.78044
1.05212
1.04516
1.53656
1.19093
0.0660972
-0.719657
-0.889565
1.43819
-0.185097
0.654625
-0.4375
0.202342
1.25119
-0.674614
1.5369
2.41529
-0.826152
0.640402
0.866445
3.12202
0.623062
0.639455
0.297281
-1.84844
-1.4024
2.86179
1.45443
-0.132752
-0.208126
1.35506
1.83674
0.701609
0.932876
-1.01962
1.46001
-0.168548
0.174392
-0.193172
1.21007
-0.0336459
0.444702
0.0019935
2.18307
-0.877148
-0.331205
0.921646
-0.0116135
0.0724363
0.658996
-0.197545
1.17835
0.494656
-0.565657
1.24796
2.35334
0.931566
1.69947
2.38192
1.30002
1.16757
-0.274727
1.008
-1.52578
0.666504
1.63612
-0.295959
2.13759
0.523841
1.03981
2.24236
0.925388
0.753714
0.602027
0.613892
0.573136
0.514354
0.0957499
1.13263
1.38338
0.819337
-0.568148
0.505102
0.879373
-1.67598
-0.275517
0.0648305
-0.627262
-0.0432424
0.33681
-0.501688
-0.862579
1.20392
-1.02041
1.41336
-2.0938
1.53102
-0.13692
1.58536
0.447897
-0.211725
-0.346118
0.615898
1.78118
-1.61511
0.590434
-0.989881
1.06208
0.355892
0.927502
-0.384336
1.25278
-0.0289936
1.37506
2.6661
1.19725
-0.529256
1.85685
1.37989
0.790456
-1.22903
0.921692
1.184
0.94528
-0.173573
0.778834
-0.474054
1.40672
1.44163
-0.0968958
-0.0609571
-2.72874
0.723601
0.448544
0.380882
0.624517
0.268878
1.58671
0.920045
-0.315074
0.317962
-0.696266
0.325142
-1.74572
0.463952
0.269885
-1.61717
-0.271212
0.736473
0.932385
-0.559502
0.181901
-0.650033
-0.412188
1.49162
0.862003
0.611666
-0.0104181
2.2839
2.12402
0.718291
-0.00431514
0.685647
1.56546
1.60808
0.224781
-0.583855
-0.0421811
0.982659
1.77845
1.57455
-0.0380987
-0.189831
1.89737
0.808526
-0.498939
0.463502
2.42007
0.923378
-0.382307
-0.612691
0.592854
0.988708
1.08381
-0.364189
-0.98202
0.739243
1.4315
2.61868
