1.74241
1.80916
0.0968309
-0.474631
-1.41643
-4.85637
1.83721
-0.12995
-2.87917
-3.75041
1.50879
0.285041
-1.87929
2.40471
0.234859
0.542262
2.45517
0.890646
-3.48556
0.856866
-0.638194
2.18855
4.49533
0.179006
4.85341
-2.1045
1.74071
3.51865
3.22954
-2.28563
1.18413
-3.88196
0.860596
1.18518
1.37434
2.18764
7.70367
2.63179
1.02763
3.68404
-0.140231
5.39754
3.44507
-2.75256
-1.10471
0.795111
0.189961
-2.033
-2.91795
1.46526
1.78625
0.977043
3.90857
-1.5935
-1.45121
-2.71826
0.479479
2.29954
-0.0466968
-0.301356
0.825327
-3.23788
-1.63662
3.44987
3.46245
4.41355
-1.21173
2.59916
-0.540168
-4.34658
0.971688
-5.63713
-4.73056
0.291468
1.81889
5.66007
3.12113
3.30422
-2.72043
-4.08945
0.15861
-0.0794264
-1.69115
-3.01249
2.74219
1.59591
-0.437272
-3.45449
4.1515
-4.42752
1.85201
-3.43392
6.21683
4.2512
-2.14061
-0.800963
-0.308004
0.499196
0.207737
4.12354
-1.75671
-3.09925
-2.6824
2.01344
-1.82076
-0.181131
-4.02721
-3.7975
-2.48348
0.215588
7.41388
-3.65371
6.06784
-1.31117
-1.35758
0.382203
3.1545
4.35606
1.13135
1.46271
-10.7754
1.67738
4.67957
-4.48026
4.30478
3.41125
-7.23831
2.01116
3.00852
-4.58864
3.01839
1.08185
0.9044
-0.388121
2.15016
5.29286
0.215452
1.58173
4.0901
-1.93003
0.935455
-3.90214
1.31921
-2.04194
3.47162
4.82174
6.26423
-1.73105
-3.54512
0.0158456
-3.107
0.723167
2.38743
-1.16831
-4.1759
1.59094
-3.91149
-3.96836
4.34746
6.8154
7.0645
-0.171109
-0.837323
0.520203
-3.43891
2.90756
-5.05623
2.06549
2.50384
1.62734
4.17777
0.808261
6.47159
-1.10561
2.529
-4.99388
2.56149
1.05292
-4.46137
-3.37866
-2.89973
-0.180903
-1.1366
4.96952
2.74037
-1.72734
0.947331
0.616869
-0.712136
-0.98607
1.25223
-5.44736
-2.46842
-2.07887
2.50843
3.20231
-1.13421
2.9874
1.48388
3.10522
-1.82885
0.509918
-2.60042
-2.21042
3.96686
-0.367922
-5.66474
0.261358
1.75894
-0.381034
4.81705
5.50802
4.45892
-2.22481
-2.57175
-0.409854
1.91793
4.29074
-2.75624
5.55365
0.361049
1.10429
0.646307
-1.03967
-0.904168
-2.88507
0.957419
-2.92599
-4.46565
2.3301
2.41878
-0.24881
2.57215
1.07411
3.93358
-6.05565
4.18208
3.34913
-0.256999
1.17343
-0.895482
1.17431
-0.402326
2.9398
1.46298
1.75414
-5.07519
-0.067407
-1.7209
-1.69569
-3.98633
-2.69841
-0.616568
-4.74249
-1.69485
3.83203
-0.664475
-4.66426
6.39398
1.08479
0.617584
3.45179
3.49932
1.48721
-1.27788
-1.38159
-0.0412968
-1.37807
0.737307
-3.64248
0.174413
1.80557
2.68518
-2.1455
4.70213
-0.0952258
1.36411
5.69158
-0.466126
4.61929
-3.21811
1.25923
0.964723
0.540377
-0.879322
-1.69481
-0.0187234
-0.232898
5.22876
4.03163
2.29686
3.18501
-1.51205
-2.15451
-1.43044
-7.11363
1.72059
5.00643
0.637139
5.78122
2.02838
-1.39619
1.97787
2.10593
-2.08243
2.90292
-2.33322
-0.396929
3.28344
1.40689
3.89079
-1.73914
-4.88051
3.5516
1.69293
0.600393
1.42904
-2.73002
6.1156
1.02522
7.26915
4.1491
4.33107
2.52876
-3.35319
-0.932716
-1.14121
-1.02579
1.26366
4.16137
-4.03572
4.86403
-0.92864
-2.88936
2.75449
-0.921219
4.15411
-0.867108
-4.84476
3.81954
6.99754
1.59319
-4.03506
0.942609
3.45455
4.96387
0.378383
3.153
-4.56218
2.27525
0.0638055
2.09053
-0.355005
-4.50974
-3.57634
6.71406
-0.887479
1.99738
2.49005
2.25954
-2.02657
4.85004
-2.39583
3.18518
-1.86815
1.684
4.57934
3.40599
4.49499
-0.0545754
-2.51308
4.36157
0.815613
-4.1492
-6.4147
1.01155
0.794002
-0.634961
-0.37771
3.43253
-1.1925
-1.35629
3.69824
-0.203231
2.17943
-2.66353
-1.32486
-0.361167
2.8535
0.119649
4.95257
3.06792
0.850928
2.29477
5.21138
-0.697696
6.07228
-3.71622
1.34396
7.13526
7.95851
2.66381
-2.67638
4.63863
-2.7861
-1.57848
0.0685136
3.48115
1.93487
2.26418
4.38084
-1.20865
-2.45862
-3.78105
0.486078
-5.56335
-1.7383
-1.43828
3.13231
1.11287
-2.32081
1.55043
-0.96118
-1.78138
-3.66367
-0.743031
0.548257
6.76555
2.19519
9.72032
4.00921
-0.0519995
-0.722034
1.25764
-1.95052
0.0366056
3.63892
3.15892
4.24983
7.89775
5.47377
-1.318
0.776702
-0.244076
0.522918
2.62178
3.67947
-1.84254
-1.37135
1.10686
-3.89068
0.573282
-3.14372
-4.9033
-0.231884
0.0302351
-4.87381
0.670074
0.588781
7.81814
-3.61391
0.625555
-6.49407
2.90255
6.84414
1.36535
2.18857
2.88296
3.71497
-0.875998
2.85693
1.75117
-3.77531
0.159697
1.40045
0.345184
-4.99228
-0.203942
-2.24815
0.15348
-2.42935
-3.58942
0.443748
-2.13435
2.06372
1.53457
3.62381
-6.59379
0.0230384
1.87623
-0.849463
2.23055
-1.85391
3.38986
8.31603
1.03819
-1.01107
-0.830375
1.44603
-2.06816
-0.267719
-1.95801
-2.41464
0.774659
2.46751
-4.62984
-4.22369
1.87086
-0.0466104
-1.57656
9.11901
-0.750588
-0.0300189
3.20342
-4.20015
-0.767574
-6.32488
0.0203927
-1.74773
-1.22678
-2.63336
4.00747
-0.631952
3.81116
-0.803809
-0.871235
1.76105
-5.4322
-1.11344
2.33503
2.46689
-4.41457
0.752041
0.038675
4.7228
1.06955
-3.7041
-2.45569
1.3016
0.430474
-0.230599
-6.57501
-0.472494
2.6581
0.698169
-3.43223
0.269363
-3.50812
-4.13601
-5.30582
-1.84748
-1.27128
-5.37144
1.52391
-2.35829
6.18565
-1.09202
-2.24217
4.23711
-3.18508
0.763218
4.56654
1.0783
-0.524982
-4.39206
-1.11583
-0.449011
1.35662
3.9569
-0.187437
3.12289
-8.8962
4.99174
-0.923931
1.39969
3.1272
-2.46049
-1.1204
0.0883532
3.60817
-1.77926
-1.40616
3.52077
-3.78115
-3.96933
1.68363
-1.73523
2.808
-0.245105
-0.699284
-2.21884
-2.94646
-5.73678
0.261765
-1.61371
0.525564
2.70955
-0.508002
3.11692
0.390082
-0.332508
0.119379
-2.53701
0.896924
2.70712
5.49131
1.99824
1.06237
2.20151
0.701105
5.07004
-8.26647
0.04472
-0.749419
2.64315
3.54471
-1.99066
4.7273
-3.66796
-2.00568
-1.11792
2.6998
1.47335
-1.74381
0.578253
2.21857
0.832274
1.91363
0.271349
-3.64456
-6.93467
-0.749092
-0.852588
-3.81785
0.332151
0.277808
-1.21786
-0.731873
-1.28255
-9.59148
-4.79715
-1.06359
-3.70473
-5.52861
-4.15691
-0.106783
1.90305
-0.484794
3.65879
7.35507
0.312295
3.91529
2.09763
-3.23102
5.24262
4.77194
-0.833229
0.442525
0.0884813
0.968102
-5.92833
2.27902
2.75322
2.30508
2.23169
4.24531
-2.19471
0.446469
-1.12114
1.15473
-3.99882
-2.58088
-3.59752
-0.624556
-1.80509
-3.1606
-0.0746196
0.997109
2.49837
-3.34872
3.2663
4.00838
5.66298
3.54816
6.93897
1.50974
3.51447
0.403346
-5.88713
3.34313
-2.15942
-3.04003
2.70188
-1.47455
1.58006
-0.650863
-1.50531
3.32888
-0.961351
1.17163
-4.4214
2.94704
3.67921
0.46122
1.13751
-5.65227
2.75604
0.65758
3.05114
-2.37373
4.0997
-3.89581
0.737208
3.35068
3.62185
2.93422
0.472013
-1.03053
-3.06497
-1.77815
1.34866
-0.382497
2.99416
4.73729
4.9409
2.66153
0.754801
-3.6165
-0.118422
-4.25871
-2.18065
2.19525
-0.844042
2.95946
1.55479
-1.7485
-0.728015
-0.396854
-0.946576
-2.77302
0.374268
-1.08351
-2.9701
3.33549
1.45634
3.1634
2.20468
1.83421
1.89377
7.26803
4.22963
6.46528
5.58332
0.0252998
-4.54327
3.64341
-3.98244
1.40544
1.94096
0.052676
4.99458
2.92881
2.27057
4.13352
-2.93948
-1.82333
-4.42532
1.00178
1.13603
0.453488
1.55026
-6.85812
3.41779
-2.86524
-0.724226
2.96036
0.799423
-0.879228
-0.485516
-1.30822
-2.1841
4.07743
2.20597
4.11944
1.46276
1.81798
-0.174933
4.17047
-2.29723
3.53786
4.15571
1.63681
-0.369885
-2.58162
-1.3807
-2.51354
-1.19457
-10.0707
-2.89046
-0.24899
-1.78887
4.42971
-6.01324
-0.673288
0.0225493
-0.691523
3.22275
-4.5982
-3.59631
-2.02535
2.9768
-0.530822
3.38458
0.12512
3.17251
-2.02464
-0.509111
-4.20506
-4.3943
-1.57083
-0.981413
1.81003
1.37312
-1.42147
2.06113
-1.04341
0.992304
3.1955
1.86297
-1.21718
-1.00994
4.25521
-0.411232
2.70108
2.78986
-0.945826
4.67078
-4.123
3.31972
2.78069
-2.66313
-0.217588
-3.36136
-1.45654
3.56466
1.92301
0.913713
-0.898691
1.39944
5.51038
1.18157
-0.545379
0.502077
-0.0700904
3.21734
5.60328
2.18762
-4.97089
3.16662
-3.25967
0.586352
0.192268
1.99125
-0.987144
-1.6606
0.659156
1.87225
3.78439
0.314139
3.42424
2.45163
-3.04913
0.143735
7.20409
3.81078
5.42861
-1.83324
-2.70429
1.71064
-1.05901
-1.03041
-3.25255
-0.0656405
0.240834
-3.9975
-0.676545
0.736732
2.52547
-0.214237
4.01743
-8.4436
-0.593152
1.13143
7.25117
2.40022
-1.46829
1.93897
8.45299
-1.67485
1.22771
-4.95165
-3.62082
1.47638
2.27987
0.0250275
-1.08092
-0.0625475
-1.25749
-0.713239
-1.66809
-2.87831
2.00094
-6.53281
3.29764
-0.976354
4.708
-3.19841
4.88448
-1.10115
3.81851
-1.25024
4.20133
1.63755
1.6356
1.64475
1.32818
-3.76393
-1.9468
-2.34883
-3.41996
6.78715
4.36657
1.80861
-0.456589
0.529399
0.258405
1.73547
2.89451
0.936868
6.78214
0.00618414
1.70208
3.87746
-3.85192
-3.95512
4.42029
-1.57088
1.67208
-1.372
3.55886
3.92229
4.33152
0.845143
2.61355
2.95235
-0.928209
3.28371
-0.110619
2.65155
4.68237
-1.19695
3.97127
-2.39138
2.53255
1.08047
2.66253
-1.55033
2.75879
2.07788
-4.3162
-1.58612
0.761271
1.42631
-0.465673
-3.58479
2.23829
-4.34159
-1.92239
-0.122822
-2.70416
-0.232392
2.25038
-1.6942
-3.62757
0.298125
-7.37721
3.50234
1.69484
-4.62504
3.04164
6.68273
4.56279
4.30794
3.53921
-0.157173
5.88545
6.28412
5.85723
-0.156655
-10.701
-3.9357
-6.93831
-1.0666
-1.51174
2.57662
-2.50574
0.583956
6.61522
5.23043
-2.0308
-8.33937
3.78078
-0.500892
0.797079
-0.133676
3.37405
-2.28213
4.53959
-3.63465
5.384
-0.750717
0.589855
0.839702
4.2664
2.85848
2.48904
5.7361
1.40572
-1.87895
0.965806
0.0938234
-1.2233
-0.393691
-0.438197
0.633942
-5.3992
-4.25899
2.3882
2.89582
7.17843
0.932144
-0.51262
-2.41311
-1.82318
3.01026
-4.87869
-1.64361
8.2561
3.65304
-2.81625
1.87242
4.3522
-2.89121
-0.39872
-1.40332
1.76254
0.982097
3.54352
-2.82856
5.13913
-1.47968
0.680351
3.07774
6.68997
-0.669285
0.370448
1.83771
1.69819
0.796606
2.20707
-3.08245
-2.54568
-0.0220512
-1.53644
3.82467
3.15967
3.01343
-2.36548
1.36979
2.0596
0.556433
-1.05109
-0.0946114
-4.25219
1.66214
0.897468
3.4849
3.5122
3.9059
0.997854
4.17398
0.308124
-1.96363
-0.430071
-2.28473
-0.261135
-3.35721
-2.56775
1.17781
-0.292782
