0.0784137
0.138639
0.179449
0.23947
0.253277
0.11506
-0.0135967
-0.337598
-0.367757
-0.543732
-0.550506
-0.65134
-0.752629
-0.933944
-0.869314
-0.890425
-0.86211
-0.988209
-1.08812
-0.877486
-0.82973
-0.690478
-0.500797
-0.368358
-0.418325
-0.632786
-0.597761
-0.679638
-0.709908
-0.574296
-0.44848
-0.545888
-0.470387
-0.587041
-0.393674
-0.283346
-0.409174
-0.469949
-0.44899
-0.38766
-0.420429
-0.476646
-0.350061
-0.479384
-0.552396
-0.603357
-0.564982
-0.578972
-0.573815
-0.363953
-0.39601
-0.554831
-0.623295
-0.506258
-0.41756
-0.466251
-0.566635
-0.452369
-0.540011
-0.401723
-0.308829
-0.610903
-0.494442
-0.278456
-0.392064
-0.538072
-0.702848
-0.741271
-0.827946
-0.817671
-0.807653
-0.743503
-0.707518
-0.72915
-0.570452
-0.435475
-0.56307
-0.562003
-0.591148
-0.773473
-0.774572
-0.748344
-0.638393
-0.513879
-0.562187
-0.712419
-0.796377
-0.945265
-1.08531
-1.07331
-1.1136
-1.22778
-1.36492
-1.33395
-1.47205
-1.41774
-1.19972
-0.966874
-1.16019
-1.15314
-1.16449
-0.93915
-0.983972
-0.921073
-0.971627
-0.87234
-0.801419
-0.834257
-0.99094
-0.986194
-0.856506
-0.891144
-0.939309
-0.970158
-1.07953
-0.978235
-0.983529
-0.954597
-0.885832
-0.864622
-0.986574
-1.16936
-1.15281
-1.09588
-1.06072
-0.899519
-0.900826
-0.899266
-0.882638
-0.929924
-0.876545
-0.808164
-0.881188
-0.877798
-0.725662
-0.559723
-0.554625
-0.530044
-0.540983
-0.445092
-0.379165
-0.629793
-0.751467
-0.96216
-0.876482
-0.785372
-0.687039
-0.621294
-0.689153
-0.479131
-0.489148
-0.349916
-0.44278
-0.647142
-0.687738
-0.581088
-0.751795
-0.739563
-0.827771
-0.993512
-0.948084
-0.832093
-0.668904
-0.680487
-0.622639
-0.733031
-0.58705
-0.466453
-0.507011
-0.582136
-0.488262
-0.366758
-0.394269
-0.381685
-0.414772
-0.485014
-0.481671
-0.636514
-0.628855
-0.735328
-0.708681
-0.821155
-0.748847
-0.645404
-0.456392
-0.32767
-0.365213
-0.603482
-0.678655
-0.683099
-0.767736
-1.02415
-1.14642
-1.04813
-0.991237
-1.01358
-1.11949
-0.910711
-0.969805
-0.896123
-0.950821
-0.771196
-0.93871
-1.12568
-1.01951
-1.03555
-1.104
-1.18747
-1.40675
-1.4558
-1.33043
-1.36012
-1.25911
-1.2348
-1.22741
-1.21381
-1.27384
-1.31401
-1.22971
-0.907561
-0.984063
-1.00082
-1.09419
-0.890717
-0.728157
-0.744166
-0.784238
-0.83547
-0.970136
-0.830961
-0.867678
-0.923137
-0.877038
-0.963635
-1.08072
-1.11802
-1.23506
-1.26499
-1.18369
-1.17638
-1.1482
-1.18292
-1.15729
-1.18388
-1.16507
-1.1724
-1.29499
-1.16629
-1.2183
-1.03777
-1.01801
-0.860792
-0.82384
-0.901069
-0.883907
-0.843244
-0.776906
-0.865167
-0.576364
-0.590383
-0.545242
-0.506739
-0.547742
-0.362859
-0.431658
-0.270729
-0.279471
-0.150049
-0.0346765
-0.0923083
-0.274616
-0.299693
-0.305316
-0.132488
-0.07997
0.026395
-0.102078
0.097484
0.226086
0.322181
0.00170595
0.0960782
0.0396594
0.0880501
0.0280944
0.0929512
0.115374
0.186641
0.241375
0.399861
0.558364
0.394804
0.504315
0.440702
0.34767
0.153954
0.407645
0.291345
0.527448
0.321725
0.401413
0.373865
0.437433
0.479303
0.272027
0.412194
0.135802
0.182247
0.251973
0.248479
0.336958
0.3982
0.423148
0.507245
0.480836
0.499876
0.52389
0.573733
0.583502
0.57643
0.391549
0.500763
0.492862
0.51649
0.570912
0.337391
0.173786
0.242888
0.253018
0.397629
0.388095
0.230298
0.332045
0.247624
0.0702228
0.0812422
0.0994368
0.322871
0.303811
0.188376
