1.21605
1.18869
1.27221
1.33325
1.30284
1.11187
1.15946
1.16068
1.30662
1.08442
1.02914
1.11614
1.19778
1.10315
0.958464
0.919124
1.19861
1.04245
0.935649
0.881247
1.01778
0.685464
0.625475
0.695022
0.635711
0.429973
0.425232
0.255419
0.5222
0.712287
0.738399
0.757067
0.872132
1.00626
0.901826
0.948554
0.823007
0.751245
0.796785
0.856049
0.607603
0.375006
0.143204
0.095984
-0.0759937
-0.1197
-0.190547
-0.215596
-0.222927
-0.470279
-0.506362
-0.451599
-0.728294
-0.672091
-0.69501
-0.879558
-0.945924
-0.874788
-0.835909
-0.92353
-1.07421
-0.921338
-0.850596
-0.807437
-0.862025
-1.3143
-1.07333
-1.08474
-1.20064
-1.02279
-0.876234
-0.723883
-0.602798
-0.667757
-0.435377
-0.575127
-0.964069
-1.04675
-1.26714
-1.31585
-1.24987
-1.37452
-1.09466
-0.850187
-0.703681
-0.771527
-0.630845
-0.28634
-0.408253
-0.500664
-0.653487
-0.894836
-0.777847
-0.862281
-1.16585
-1.25471
-1.11552
-1.10312
-0.863334
-0.574383
-0.525752
-0.332031
-0.276222
-0.234886
-0.232786
-0.530668
-0.483394
-0.676772
-0.336007
-0.409178
-0.423588
-0.587689
-0.518916
-0.518466
-0.577292
-0.339789
-0.254199
-0.188583
-0.126862
-0.0799966
0.0926023
0.252616
0.167352
-0.0244153
-0.0641872
-0.256389
-0.206847
-0.125046
-0.0757357
-0.279062
-0.476837
-0.597427
-0.61941
-0.42613
-0.461469
-0.877877
-0.8003
-1.00726
-1.09248
-1.03639
-1.08662
-0.890916
-0.947276
-1.13771
-0.618405
-0.585071
-0.423699
-0.341331
-0.0482426
0.0220673
0.162374
0.225197
0.308301
0.49142
0.738702
0.817963
1.13398
1.21109
1.19523
1.32192
