-1.47812
0.282649
2.70443
0.578385
-0.876932
1.98383
2.45113
0.421451
-4.44582
-4.72325
0.783786
-0.992496
1.56735
-3.00309
1.17261
-2.71673
0.346949
1.50648
-1.8783
-0.233835
3.66794
0.997035
0.163979
-3.18217
-0.94963
2.02167
-0.318942
2.84421
-0.103648
2.17872
3.55862
1.29191
-1.16903
-3.73965
0.0474603
2.15653
1.215
1.14629
-1.62105
4.47283
-0.0690996
-0.831432
4.82765
-0.979011
4.40898
1.77286
1.1443
3.28544
-1.22304
2.84709
-0.201983
-1.80879
3.03393
1.90554
2.34432
1.57315
-0.149015
1.21886
3.33728
-1.2087
-3.98061
-0.753509
3.0777
1.09646
-1.31723
0.548272
2.56095
0.912074
-0.618275
0.240215
0.712995
0.491243
-4.05757
2.00672
-0.539686
1.13673
4.62325
-3.43614
-5.45422
1.91322
-1.3862
2.6155
-1.05954
0.801719
-1.4272
0.665548
-1.64901
1.42479
3.26146
1.54749
-1.72284
-0.604306
1.8448
2.6477
2.69104
1.3497
-0.586123
0.433788
3.92487
-0.268999
0.507277
6.10567
1.79907
0.723244
-2.62587
-2.44024
-2.35079
2.21249
-1.53561
4.12156
1.82879
-3.3132
-0.360388
1.48568
1.57724
-0.400817
6.77421
-3.05507
-0.0646439
2.87327
2.56271
0.669088
-0.108133
-2.73012
0.870862
0.98502
1.27954
2.32859
1.31999
-1.55814
4.61053
-1.04115
0.793977
2.28767
1.74036
0.523055
2.06168
1.52951
3.31021
1.8576
-2.5432
-1.04353
-0.116359
-0.520107
-4.28722
2.41241
0.471068
-0.584161
-1.04763
-0.618518
3.80108
0.227913
0.673804
-0.847209
-0.0946349
5.59232
2.67889
-0.32548
3.58368
-0.76454
2.95761
0.110762
1.74168
1.43503
-2.83313
0.511929
1.38024
-2.45647
0.927537
-0.721566
0.446152
1.93927
-1.13654
0.223708
0.91994
-2.44335
2.35595
0.765664
-2.48502
-0.386536
2.39569
1.80945
1.49723
2.59037
-0.926315
0.291102
1.05834
-1.47395
-0.722485
-2.51054
0.741333
0.997053
-0.994054
-2.2754
-0.78725
-0.0547229
2.06154
1.69766
-0.800894
1.60117
0.424305
-0.0202583
-1.68148
2.78126
0.592884
3.60916
1.54259
-0.350886
2.49497
-2.7412
3.90319
-2.58802
3.34444
-0.781304
1.63802
0.255366
5.19496
0.671074
-4.04607
0.0138061
-2.73323
1.03049
1.26841
0.304034
-0.494854
0.437964
5.51914
0.0869515
1.08467
1.98894
-1.7234
-1.87164
-0.597698
-2.14526
-2.88289
-1.23357
0.0377779
-0.809418
0.857571
4.04015
0.787485
3.67295
-0.419581
0.0991584
-7.3116
2.59053
-0.104061
0.210279
1.32152
-1.14514
2.52475
3.44497
-0.78319
1.12476
-0.169444
0.579012
-1.93517
-4.31665
1.15746
2.24694
-3.99488
0.171651
0.282718
0.630498
0.756099
-0.181788
2.22643
-3.01975
3.14687
1.15472
3.67386
-1.20682
-2.87452
-1.01554
2.18599
1.90972
0.609912
-0.300762
-4.16319
-5.8803
2.44094
0.672761
-8.34677
-0.556376
-4.8079
-1.4192
0.0365915
-0.416946
0.253652
-1.91547
-4.7459
1.09885
-0.0939417
-1.2421
-0.119087
-3.41012
-5.34457
-1.73253
2.09738
-3.16698
0.419321
1.8026
2.54916
0.566281
3.53839
-3.56324
-1.48498
0.960088
4.41729
3.18751
-0.997126
0.500651
-3.38393
-2.14673
-0.290799
1.52164
3.11508
1.01459
-3.46153
1.76283
0.410499
3.19311
0.267492
-1.18317
-4.14225
0.0894869
-0.492333
-1.76158
-1.32857
-1.34355
1.31253
4.77688
-1.65043
-2.24781
4.2375
1.15599
-3.44204
3.41394
0.235763
-1.71279
0.132885
0.911768
3.83855
-0.287241
1.07103
2.71727
-2.11228
-0.205109
-0.739332
-1.3685
-2.04744
2.00079
-0.627237
-0.315647
-1.85325
4.92176
3.56185
0.633199
0.6213
1.83466
0.757817
2.9315
2.12965
-1.62945
-0.380076
-0.332577
0.865401
1.07946
-0.824722
5.07858
5.23534
0.642839
-0.403754
-0.201707
4.09833
-1.24423
-1.18887
-3.15038
-1.88845
-0.432218
3.36602
-0.267945
-2.59751
3.33832
0.233599
0.703435
0.8812
0.605658
-0.555926
-3.83874
-3.63975
5.51482
3.58224
1.61898
1.1697
5.31814
-2.28227
0.417894
-4.66838
-1.0565
-0.962175
1.86885
0.907609
-2.23333
-3.41422
0.619015
-5.57351
1.384
1.20415
-1.6724
-3.08149
-1.99947
0.473501
0.00546767
-1.76051
1.82933
3.293
1.11996
-2.31027
3.02523
-3.28341
-0.289307
-0.951177
1.00942
-1.41681
1.6395
0.935883
1.66815
3.42682
-1.23801
-2.86054
0.866397
1.7071
3.30019
0.147266
-0.248518
-2.37312
3.01592
2.96857
-1.09173
-0.21864
0.849845
1.19404
2.57041
0.192742
-0.236237
1.09724
0.150081
-0.890532
0.403737
-1.70711
-0.11244
2.80434
-1.43414
0.758627
-2.45789
-0.826102
1.44764
2.69942
0.547192
-0.0995153
2.85516
3.12729
-2.01445
2.16004
1.02507
-0.502974
-1.75152
5.11739
-0.123553
0.171461
1.32805
-0.319149
0.446118
0.930345
-2.09693
0.137213
1.01503
-0.35028
-0.910446
0.0133488
3.1255
1.40734
-2.12343
2.90185
1.79744
1.56521
3.63203
-2.60978
0.806345
0.0531709
2.37366
2.45106
1.3677
2.05015
-0.846536
-0.144774
-0.888718
3.19925
0.940262
3.31534
-1.83774
-1.96296
-1.24334
-0.427638
2.65339
4.33564
-1.1124
-2.39568
0.416329
-1.37748
0.905141
-0.372251
2.21501
-0.612198
0.484387
1.16466
0.333533
0.882591
3.52471
4.11255
-1.95391
-2.24731
3.64921
2.16637
-1.14015
2.20904
1.44933
-1.06659
1.29529
1.17523
-1.53617
-3.14
3.11066
-0.535479
3.48116
-1.29394
1.89403
-0.454866
-0.587544
-1.93878
2.56799
0.25425
0.389665
-2.01055
3.45446
-0.88513
-1.69492
-1.85739
-5.28778
1.1123
-1.63282
-1.95925
-1.74081
-0.0211693
-2.23981
-1.31646
-0.20212
2.18375
0.378315
1.41292
-0.0687104
0.0772982
1.0356
3.33552
1.74619
2.47283
4.6469
1.43003
2.29409
0.790949
-0.4271
0.921865
-1.20688
3.84627
2.43947
-1.21325
1.54256
-1.18175
-2.00527
1.34882
0.859775
-2.96869
-1.95425
-1.6268
-1.86388
2.20484
0.148934
3.28142
1.67109
-1.28129
1.10061
-3.42915
-2.56667
-2.47832
-0.519571
-2.8979
2.06826
-1.33678
-0.795706
-0.956484
2.52699
3.06655
-1.69559
0.645319
-1.60055
-2.22167
-2.04277
2.28708
2.83162
-1.94962
0.732516
-0.4223
0.426788
2.8912
-2.02501
2.65218
-6.22162
2.57226
-1.50855
-3.45081
-1.62412
1.86455
1.16604
-3.76798
-0.758655
3.37576
-0.673097
-2.10641
1.07541
1.14799
-1.66944
2.02687
-1.46555
-0.441798
-2.75056
0.804298
0.291999
2.53342
-0.627723
-2.23948
-2.01984
0.195452
2.0387
0.178416
1.5975
0.0450238
-1.89472
-1.25844
0.43215
0.174922
0.46299
2.79312
1.42581
5.46517
-3.00672
3.73213
2.91245
1.95751
0.759868
0.188127
2.18939
0.636821
1.9098
2.53359
0.96772
2.98318
1.19255
0.53453
-0.190005
3.60891
-2.17817
-7.39683
2.73918
-0.242946
-0.624373
0.99055
2.31751
-1.25517
-0.982063
4.51182
-2.54968
1.04473
-1.22053
0.516797
1.15441
1.75667
1.06047
-0.895977
0.268053
0.834871
0.80838
2.04765
-0.0402364
3.9868
-0.0458159
0.435922
1.32084
1.62217
-3.15505
-2.72571
0.444151
1.36783
0.515629
0.0155136
0.552424
1.84279
0.157929
2.10012
-0.734527
2.96441
2.278
2.04093
0.759519
-0.896988
2.61984
-0.188963
4.09869
0.337927
0.63507
-0.455539
2.04682
-3.0297
0.81678
0.0340526
0.909947
-0.252897
-0.0244759
-2.86394
-2.56672
-0.525694
2.52212
-0.959679
-3.26736
-1.61548
-0.0779792
-1.75859
-0.0759029
-0.129552
-1.74266
0.708794
-3.43353
-2.66891
-3.47053
-3.2563
-1.32775
-3.05973
2.08223
1.90229
-0.75921
-0.679435
1.27639
-0.874331
0.31904
-0.651803
1.10747
0.496446
2.08184
2.32232
1.67032
-0.941461
0.0295185
3.23456
-1.03734
-0.22917
0.157974
-0.0129347
3.57474
-0.49731
0.420311
0.481999
0.345981
1.28101
-3.03091
-1.15209
1.21022
2.9438
-2.16879
1.19282
1.28351
-2.28121
-1.69692
0.287886
-1.56545
4.51421
-0.219428
2.41137
2.87154
2.52041
2.62474
-0.0644737
0.574274
1.0346
1.95293
-1.70794
4.88126
0.616565
4.065
1.67373
4.32122
2.40876
2.74185
2.67687
1.87238
-2.81156
-1.4668
1.25224
3.55682
-0.439714
0.168406
-0.515657
3.40161
0.664186
2.46557
-1.00958
1.37257
-1.19524
1.9721
-0.50196
-1.13466
2.60685
-0.0444171
3.37278
-0.678899
-2.15659
-1.3062
-2.02759
2.72093
2.8363
1.0135
0.53466
0.467701
-0.893933
0.0192588
1.02889
1.64086
-0.74826
5.2482
-1.67854
5.09951
-1.42177
-0.993921
0.594321
-0.755145
2.5051
1.1436
2.28472
-2.77756
0.567012
-1.60522
-0.776554
3.29161
-1.59435
4.61989
-2.84206
-2.6333
0.588066
1.23623
-2.99565
-3.12442
1.86542
2.46329
1.65581
2.29267
0.447326
-2.32238
-2.37406
-4.15124
-0.0748812
-0.87392
2.13181
-0.125026
1.88103
3.67257
3.77175
-2.86714
1.81496
1.39097
1.47925
-2.12935
-0.974323
1.66538
4.40539
0.262875
1.09727
-2.13145
2.33472
0.440437
1.23626
0.762786
-2.41149
0.900045
4.48855
-0.864024
-1.1503
-2.30656
0.515206
0.714971
1.63465
3.15922
2.80786
0.282693
0.0981866
2.3065
4.60926
4.82305
-2.2741
-2.11179
-1.74541
3.35676
3.99671
2.53698
2.00647
4.61142
0.0849107
-0.725705
-1.29079
4.46589
0.692964
-0.200907
2.40548
2.40015
0.730706
1.55028
-0.605301
-0.218104
2.59372
4.22977
2.69897
2.00614
4.99759
-0.458884
1.37705
-1.25944
-2.82506
0.0508136
-0.798119
3.33986
1.28242
-1.51542
0.711707
-0.492682
-2.25819
4.45369
-2.46
-1.65011
3.95298
0.0645088
-0.339341
3.35093
-0.566597
0.971622
2.07642
-0.823047
3.44182
3.49525
0.390351
2.4601
4.2552
-0.373016
3.69315
2.75876
4.1261
0.631839
1.16791
0.680173
1.742
2.67408
1.73417
0.80524
-4.57809
2.28551
-5.60244
-2.99075
5.67216
-0.00381862
0.703122
-1.61694
-0.464363
-0.883224
0.383195
2.18848
1.41237
1.12039
-0.973009
2.55389
2.33629
2.60115
3.67453
1.43555
-2.59385
2.30054
1.53849
-2.04221
0.990642
-1.7406
0.650103
-1.44933
1.68792
2.16821
-0.444816
0.373871
-0.987383
0.796931
2.85858
-2.00571
1.39943
-0.674786
-3.10391
1.00928
3.84104
1.07129
2.34826
1.76073
0.517616
2.29718
-2.04651
1.82237
2.93454
-1.12947
3.38264
-3.82081
2.51901
-1.56192
0.635377
-1.70278
1.04042
-1.72007
0.828702
-1.17729
-4.07252
-2.38203
1.17509
-1.1995
-1.04281
-1.33033
1.21729
3.84865
-1.43021
1.60508
-3.59167
-2.21678
-6.20621
2.47008
0.778452
-3.30989
3.08852
0.527349
-1.70163
1.99689
-0.0417715
0.865045
-3.57459
2.10211
3.74735
2.02508
2.21192
-0.0429274
0.494958
-0.461052
1.44866
-0.959714
-2.594
0.136577
-0.952629
-0.222674
0.0710831
-2.8082
-1.08489
-1.87273
2.3349
1.85861
0.440877
-0.124023
1.85294
-0.833624
0.0941492
1.61864
3.87013
-0.166102
1.36912
-1.30281
1.74069
-5.00314
-1.22993
-2.1506
1.58118
-1.58183
-0.280008
0.837483
0.465778
-2.16966
-1.24747
-0.858255
1.4198
0.945508
0.119357
-0.401176
-3.09105
-3.46244
3.07765
1.79883
1.43786
2.04693
3.24069
4.87951
4.83788
2.2701
-3.99812
2.72435
-2.4935
-3.22783
-0.14967
2.82418
0.487524
0.505066
6.47417
1.09763
3.50294
0.161539
6.6283
3.59039
0.659547
4.321
0.118059
2.90252
-1.89935
0.305652
1.48575
4.58766
-2.23998
-0.617953
0.737508
-4.93154
-0.301248
-1.67281
-0.549334
1.48445
1.781
0.0186144
1.63048
0.22768
2.07832
-0.651327
-0.071298
-3.74939
0.99535
-1.41759
1.75914
0.547522
-0.615738
-5.21947
3.18148
3.07225
-0.883058
1.94867
0.693446
-8.82361e-06
0.525281
0.679517
1.19506
2.79035
3.81608
-0.955351
-0.959475
-2.40231
-2.51985
0.435314
0.982363
1.26418
-0.856066
1.58756
4.14159
3.12761
2.14817
-1.60917
-1.85336
2.09148
-0.388716
-0.960351
1.77115
0.44244
1.91216
3.41324
2.87623
3.69565
1.37292
-0.9162
0.582347
0.935087
1.1484
-0.167714
1.28071
1.23016
2.00674
-0.0783487
0.929579
0.251605
-4.51312
-6.05017
3.38074
-0.109071
-0.745696
1.28789
2.42818
2.041
-0.640393
-0.162075
-0.623139
2.20742
1.85062
3.35273
1.09261
1.11992
-1.84533
1.00907
1.43135
-1.62416
0.0649522
-3.31611
2.04369
0.6304
2.43419
3.6066
-0.996776
0.560829
-0.643071
-0.858742
-1.42344
2.60972
0.394724
1.76961
-0.149461
1.4615
-1.61764
-2.87044
2.79223
0.156495
-2.24221
0.426339
2.62901
1.70749
2.01536
3.17874
0.410025
-2.27234
-3.38791
-1.07162
5.18882
0.738599
1.01285
-0.0521283
-4.87017
1.66507
0.869981
-6.38208
0.557367
3.28415
-2.8847
-0.649479
0.429052
-0.203111
-0.849528
-1.2735
0.810865
2.8032
0.947918
-0.0310192
-0.0408243
0.011244
-0.739695
-1.75834
1.35964
0.820392
0.419464
3.81293
0.806039
-2.44816
-0.473571
0.654514
3.17458
2.35469
3.32219
3.08588
-1.66563
0.844373
-2.52107
-5.66264
0.201726
-1.33248
2.25778
0.884951
0.0382351
3.34705
-2.03299
-0.26187
0.59307
-0.148977
1.27865
0.0197173
-0.489689
4.15693
1.36853
0.608409
-0.10416
-2.68774
-0.767859
-0.901328
-1.43517
2.4371
2.87218
0.225674
-3.3864
1.57911
4.33847
-0.218269
-0.0664812
-3.19874
-2.33129
2.66202
-2.39133
0.0442864
-0.788554
0.995809
2.19019
2.64853
5.20056
6.17927
3.74628
-1.61945
5.15303
1.64049
0.995912
3.47238
0.273874
0.745289
-1.64606
5.44692
3.28676
-2.7023
-0.716351
0.29914
-2.35338
0.769896
3.8377
1.33787
0.528535
-4.47275
-0.837329
3.53458
-0.467885
-3.5913
1.45257
-2.59956
-0.610627
-0.853434
4.10603
-2.82239
-1.21695
2.87431
0.708686
3.2474
0.981537
1.09318
-2.40998
1.22591
-3.20171
-0.546132
2.79035
3.55889
0.877906
4.25909
1.39583
4.98779
-6.23273
-0.508643
-2.20384
-2.83234
2.39663
-1.2862
-0.684176
2.18863
-1.9365
-1.26789
1.56691
-1.15767
0.329163
-1.5107
1.37068
-2.44104
1.4683
-2.05234
2.01226
1.48536
-0.628257
-1.60961
0.534173
2.38412
-0.00995016
-2.82784
-0.0420123
-1.77487
-0.0985414
1.46179
0.97776
-0.829187
3.88955
1.83816
0.517918
-3.95528
0.6702
3.48275
0.719554
3.24811
-3.52867
1.81963
-0.750481
-0.96732
0.925597
-0.308113
2.33491
-2.88031
-0.549679
3.72501
0.837093
3.03343
-4.88135
1.47636
3.27646
1.20732
-3.37511
0.274579
-3.00273
-1.72084
1.16405
-1.60163
2.11251
-0.569635
3.23476
-3.36408
0.313111
0.377906
1.37817
0.69603
0.52216
-2.56955
3.22026
3.73703
2.20273
0.30483
-1.49742
2.02969
2.32101
-2.51583
2.43687
-1.39152
-1.72049
1.08845
-2.72604
1.74728
3.04136
2.56459
-1.22241
0.324469
-6.74475
0.147068
-4.30092
-1.79881
-3.64674
2.00982
0.18642
-0.748485
-0.691606
2.32854
-3.29807
1.0219
3.41819
3.73356
-4.6149
-0.953253
0.220803
4.62922
1.35176
1.55436
-0.056211
2.58114
-0.196791
0.272396
0.335481
0.0939724
3.47854
2.79544
-1.05611
1.12782
2.81133
1.59728
2.3649
-2.51758
-0.614807
1.29632
0.604249
0.996968
-3.2114
1.74772
-1.80581
-0.484129
0.3685
-1.54022
2.162
-1.68755
3.13185
-2.62857
1.80343
1.35658
1.03366
2.81821
-2.01943
-4.11648
-1.2882
2.11449
-0.506007
0.233564
-5.46749
0.507012
-0.673142
2.74982
-0.0378518
-0.389901
1.99375
1.46884
-2.0835
1.01841
-0.148054
1.57728
-1.01982
3.0552
2.60344
-0.636408
0.940335
2.39891
-0.0365484
2.45225
-3.17883
-0.514674
-1.7653
2.72074
1.61493
1.66132
3.30219
1.02705
1.47679
-1.88046
-0.885876
3.31037
1.52288
1.22576
-3.00178
2.72593
2.02329
-0.611194
-2.49839
0.493972
-3.26166
-0.0674125
2.3106
1.48304
4.22961
0.67711
-1.42695
0.902556
-0.11617
-1.43989
1.57714
2.49248
0.294847
-2.55373
3.56261
-2.3296
2.16045
2.29026
0.579133
3.93134
3.97857
-0.920201
1.25356
3.16188
-0.299048
-0.258841
1.10519
0.147463
1.15807
-1.57576
0.423273
2.74561
-0.833082
1.44138
0.682579
2.38978
-0.798759
0.598355
-1.35015
1.69397
0.667694
-3.40848
-1.39867
-5.17119
1.0615
0.701955
-0.258779
-1.10737
-0.693204
-3.66238
-1.30209
0.235788
2.01573
1.88436
-1.46379
2.28216
-0.970374
3.96918
0.87487
2.38431
-3.09428
2.57108
-0.800913
-1.06653
-1.07041
0.182411
2.47435
0.838095
1.86427
-0.340188
2.83566
0.358835
-0.525564
-0.924074
-3.21979
-3.90616
0.465724
2.87775
4.67797
-1.88534
-3.26779
2.25531
2.00675
3.91196
-0.72476
1.38332
2.42801
-0.0479711
-2.78379
-3.51104
1.81509
-0.343135
-2.16559
-4.16329
-0.21287
-1.12796
-2.77207
-3.799
-0.692021
2.7936
1.75882
1.65959
5.1346
-3.07926
1.39935
3.35673
-2.02564
-0.955407
1.76095
-3.21134
1.62857
-0.134726
1.28466
0.179156
1.51251
1.02165
1.01975
0.155238
2.18178
3.04281
-2.7076
1.19056
-2.12281
-0.7621
-1.9823
0.398001
1.20026
0.445493
3.70101
1.43516
2.12401
0.90949
2.39115
-0.243562
0.317281
3.43662
1.05144
0.742682
-3.40178
-0.528938
0.410405
0.664743
0.0984486
0.965726
0.321567
0.836888
1.40794
-3.93681
-1.01327
-0.654333
-0.833879
2.91996
2.93764
1.38404
0.784904
3.33299
-0.282301
2.38664
1.15193
-2.15585
-0.981241
-0.912788
0.977711
2.55857
-0.079222
1.7808
0.251928
3.19882
-4.84717
-4.98296
2.66849
1.43545
0.811016
-0.470741
-1.34403
-0.804247
1.64859
-1.10867
0.205271
2.06603
-0.279261
1.25312
0.131351
0.307058
1.93924
1.98141
0.656111
1.2056
2.17031
-1.98057
2.6393
1.92883
4.19451
1.16771
0.775093
-0.0768791
0.44227
0.279047
-2.03052
0.892281
0.8
0.998144
-0.861811
1.43121
-1.43919
0.340688
1.24167
-1.64272
-0.0901506
2.92732
-1.30228
-0.180904
0.494653
2.39789
-0.335567
4.48596
2.30595
-3.82213
-0.649081
-0.188961
3.16341
1.18548
-1.07584
3.0877
0.424516
1.64947
3.05494
1.34133
2.03677
-3.28669
-2.841
-1.1125
-1.12224
1.50311
-0.597204
1.39377
1.66335
2.2998
0.0432034
0.0249222
-0.458668
-1.64635
1.43147
5.49867
-1.04887
0.0497578
-1.36413
1.13646
-0.937195
1.63114
3.25739
-4.04859
3.33111
3.08998
0.55045
1.89445
2.12976
4.0612
2.61963
-1.0949
1.28266
5.27957
2.12614
2.47768
-3.92892
1.31463
0.375928
-3.59756
-0.227621
-0.25351
3.03812
0.677106
5.19033
-0.585985
-1.78979
1.92445
2.35033
2.06915
-2.03515
0.108227
0.739214
0.454531
-0.957762
1.79905
-2.86036
0.706683
0.992169
-0.106498
1.25447
-1.35958
0.0229077
2.15246
2.49465
-1.58311
0.709849
-0.255192
1.61404
-5.67383
-1.27463
-2.93399
4.19052
-0.842689
3.55729
1.91596
-1.72889
1.88478
2.29413
4.96599
0.993843
-0.250099
1.2568
-2.16874
3.12162
2.13148
-0.225825
0.200982
-0.648852
2.86621
1.35801
-1.09842
2.48369
0.184329
-0.6887
3.28147
-2.08065
-2.59824
0.8038
-0.872046
-3.72153
4.00236
-3.30232
-1.07599
0.26431
-0.535427
0.742638
0.89588
-1.52148
-1.82216
0.863631
0.178316
0.832559
2.33252
-0.256386
1.58042
2.81303
0.738258
0.570916
1.32412
0.669551
1.28702
-3.01391
2.49484
3.17464
-1.63152
2.90818
3.19626
-2.39975
-1.3461
2.44532
-1.99292
-0.0658016
1.26131
-1.17874
-0.497672
-1.0316
-5.39143
-0.180453
0.29583
0.505628
-0.704978
-1.52222
1.18649
-0.542149
0.137835
2.83943
-2.0396
1.78323
0.245755
0.0423698
0.465737
2.30758
-0.602096
2.30444
-0.528427
-0.553498
2.41907
0.693848
-1.39631
-0.0185815
3.10006
-1.45968
3.37931
1.25441
1.04247
-1.43226
-1.84866
2.66365
-1.13271
-2.49134
-0.41274
-1.96611
-0.882622
1.40017
1.0102
1.66029
-1.6378
-2.23159
-3.96089
-4.09927
0.727773
-1.54573
-0.0762601
2.22139
-0.27963
-4.52372
3.31761
0.765681
0.931433
-1.36989
1.63273
-0.76896
0.281168
3.60385
-3.90653
-7.14188
2.56683
1.44055
-0.280637
-1.31434
-0.218733
0.853702
3.4442
2.03823
0.849019
-2.11956
-0.487522
-2.12855
-0.506888
