-0.061062
0.151747
0.205744
0.385809
0.300708
0.455537
0.585882
0.20802
0.0555266
-0.0135949
-0.00215117
0.101294
0.151527
0.213541
-0.0164407
-0.119068
-0.00552383
-0.118774
-0.128319
0.00228142
0.266252
0.105531
0.0272056
-0.0143549
0.299369
0.294454
0.413472
0.399776
0.499485
0.512646
0.67476
0.658871
0.75831
0.885311
0.832478
1.12851
1.274
1.59014
1.78503
1.8007
1.81787
1.65214
1.58318
1.37466
1.31109
1.21561
1.17633
0.894791
1.02986
1.00577
1.17294
1.23664
1.34371
1.22908
1.11014
1.15449
1.24747
1.35518
1.25359
1.37356
1.24215
0.847978
0.636568
0.527803
0.554338
0.312801
0.419562
0.478262
0.579186
0.533286
0.603965
0.588868
0.841496
0.899078
1.02683
0.772224
1.02443
1.22314
1.28321
1.3557
1.24116
1.05032
1.22375
1.25888
1.01423
1.25115
1.30687
1.03354
1.36252
1.02543
1.09613
1.09331
1.21419
1.14261
1.29899
1.24719
1.36528
1.40515
1.45453
1.6376
1.52369
1.54364
1.57152
1.36322
1.38279
1.46956
1.29873
1.24366
1.09841
1.20233
1.08866
0.78288
0.717165
0.603552
0.365691
0.410993
0.519441
0.291382
0.182242
0.267673
0.0901825
0.251072
0.284093
0.292622
0.318318
0.37274
0.227477
0.128339
0.0326729
-0.0612898
-0.040288
0.00424195
-0.167002
-0.0963908
0.110449
0.0331396
-0.116317
-0.302218
-0.573995
-0.487975
-0.634151
-0.584859
-0.360112
-0.42746
-0.345573
-0.217813
-0.26113
-0.497227
-0.352766
-0.452875
-0.466385
-0.399555
-0.33764
-0.21753
-0.225984
-0.0832957
-0.289358
-0.162609
-0.254113
-0.133542
-0.12596
-0.0279067
-0.0401962
-0.0548028
-0.145109
-0.130206
0.0286658
-0.22648
-0.14981
-0.0805875
-0.0311426
-0.0427598
0.139337
-0.0940908
-0.0320657
0.00120371
0.130323
-0.0521275
0.074881
-0.120262
