0.691555
0.701772
0.928035
0.757812
0.742587
0.682861
0.797265
0.923155
0.948855
0.945375
0.90109
1.03966
0.999361
0.900066
0.845002
0.745744
0.838424
0.760455
0.698022
0.591313
0.761583
0.903197
0.636057
0.615602
0.558831
0.549871
0.78724
0.614681
0.706113
0.65186
0.731817
0.626487
0.571276
0.717196
0.696206
0.642652
0.652015
0.755962
0.631698
0.513613
0.431609
0.493338
0.427525
0.615145
0.6649
0.541431
0.421567
0.415846
0.486202
0.456816
0.477455
0.259303
-0.0782253
-0.0216745
0.0268064
0.0266676
0.115007
0.0709018
0.208388
0.0362947
-0.0257291
-0.154287
-0.415141
-0.258978
-0.379702
-0.324428
-0.36635
-0.378663
-0.141556
-0.130904
-0.0362218
0.115812
0.0494383
-0.126592
-0.315329
-0.420519
-0.471016
-0.535737
-0.638113
-0.619536
-0.426948
-0.572508
-0.602003
-0.731325
-0.921906
-0.661592
-0.417226
-0.36254
-0.522554
-0.525909
-0.411344
-0.382628
-0.19369
-0.0391249
-0.0615951
0.0242902
0.0938981
-0.0130884
0.0936165
-0.0301962
0.00670683
-0.0813296
-0.0708354
-0.0600979
-0.0820304
0.0584028
0.148632
0.208209
0.131075
0.248309
0.237675
0.165036
-0.00191779
-0.102845
-0.0875059
-0.0245545
0.191861
0.218889
0.114974
0.30381
0.418495
0.398983
0.421909
0.540665
0.60213
0.552244
0.763117
0.76798
0.769854
0.763181
0.850867
0.891666
0.980045
1.0299
1.07553
0.870436
0.71535
0.6851
0.695596
0.842505
0.957843
1.04995
1.04483
1.21143
1.37048
1.30767
1.25795
1.18172
1.12975
1.22359
1.19345
1.0537
0.912652
0.903647
0.810313
0.818831
0.889159
0.745588
0.865849
1.03838
0.95236
1.03013
0.985227
0.911005
0.805255
0.721554
0.682672
0.684019
0.883279
0.767479
0.832129
0.721965
0.618076
0.410702
0.252823
0.198977
0.114486
0.251529
0.0536239
-0.150431
-0.166449
-0.092022
-0.0371018
0.0100881
0.156297
0.194302
0.161824
0.162867
0.292099
0.181259
0.100008
0.126062
0.234786
0.31172
0.224373
0.362929
0.35108
0.342099
0.37133
0.351928
0.470012
0.413135
0.555715
0.551051
0.692577
0.638185
0.593752
0.548114
0.377095
0.489443
0.668351
0.780679
0.530045
0.462776
0.523814
0.373244
0.316335
0.337535
0.123412
-0.0317062
0.0497892
0.0975891
0.0654708
0.108805
0.201206
0.0348879
-0.000832142
0.041546
-0.140613
-0.0787278
0.0484127
0.0521789
0.270767
0.105552
-0.0287244
0.0227506
0.156432
0.139609
0.0526807
0.0471481
0.12102
-0.092341
-0.116997
-0.280229
-0.340872
-0.31539
-0.430256
-0.359403
-0.382421
-0.326412
-0.376459
-0.40238
-0.253116
-0.266356
-0.401386
-0.427084
-0.484568
-0.40754
-0.390854
-0.315997
-0.494446
-0.449816
-0.523387
-0.671612
-0.73394
-0.702947
-0.558076
-0.657584
-0.698385
-0.673203
-0.820149
-0.744447
-0.796995
-0.950626
-0.879821
-0.933757
-0.813906
-0.858889
-0.924182
-0.895788
-0.735517
-0.895469
-0.826571
-0.733549
-0.749875
-0.552637
-0.51425
-0.417846
-0.35876
-0.430048
-0.400224
-0.35781
-0.197868
-0.287411
-0.273665
-0.374819
-0.33553
-0.458227
-0.437187
-0.515391
-0.569945
-0.643765
-0.729682
-0.843172
-0.857499
-0.792028
-0.605731
-0.709722
-0.702366
-0.908652
-0.989984
-1.01586
-1.06329
-0.871424
-1.01419
-0.902709
-0.836627
-0.711832
-0.76986
-0.888409
-0.894183
-0.963538
-1.01657
-1.09142
-1.08745
-0.98184
-0.983602
-0.892114
-0.829865
-0.849055
-0.536291
-0.308017
-0.230724
-0.217179
-0.170935
-0.169079
0.0381601
0.0326696
0.168335
0.154053
0.206635
0.236725
0.285417
0.316362
0.222796
0.285014
0.35245
0.446181
0.480132
0.466906
0.586984
0.608121
0.534075
0.571184
0.63768
0.710908
0.907072
0.786613
0.682672
0.755339
