0.472372
0.461355
0.346852
0.474667
0.396847
0.551014
0.630827
0.516864
0.452064
0.357808
0.304635
0.436908
0.583871
0.611908
0.760164
0.722636
0.782402
0.775321
0.815054
0.813502
0.720802
0.875062
0.786905
0.770436
0.68524
0.682123
0.629231
0.56024
0.621355
0.507062
0.409183
0.460735
0.506743
0.525232
0.558448
0.598401
0.511413
0.445862
0.580923
0.593668
0.624048
0.495486
0.244943
0.458935
0.346297
0.383669
0.416376
0.368293
0.382557
0.393756
0.278344
0.0484215
0.199881
0.15407
0.258059
0.263846
0.425752
0.549127
0.514109
0.567161
0.557079
0.70936
0.696022
0.823564
0.611167
0.60869
0.614793
0.556972
0.492906
0.522254
0.643892
0.354744
0.247116
0.261321
0.156829
0.0196011
0.189354
0.17237
0.400519
0.5283
0.553398
0.392394
0.377846
0.348216
0.187669
0.155793
0.153886
0.263557
0.483404
0.368474
0.421889
0.569573
0.709885
0.83895
0.527947
0.61684
0.520072
0.480143
0.420978
0.546207
0.511932
0.547433
0.298431
0.347301
0.328682
0.386226
0.532738
0.673026
0.383103
0.302472
0.215673
0.339661
0.343262
0.133201
-0.0227115
-0.0230741
-0.0532544
0.0994267
0.133565
0.0930976
0.153393
0.192033
0.175705
0.182742
0.0844897
0.14014
0.158825
0.107432
0.124272
0.065266
0.121385
0.0802064
-0.0408632
-0.201408
-0.251992
-0.225414
-0.286503
-0.205027
-0.207541
-0.246157
-0.211788
-0.12705
-0.068656
0.152528
0.222479
0.213413
0.098302
0.0498397
0.210717
0.217457
0.364035
0.293639
0.252493
0.153281
0.0496365
0.2122
0.115552
0.278479
0.350552
0.368038
0.20368
0.149913
0.340245
0.145772
0.142353
0.219793
0.330858
0.354262
0.471313
0.448113
0.426877
0.541223
0.580321
0.47741
0.458232
0.527091
0.550705
0.569561
0.540186
0.482715
0.445419
0.545502
0.359928
0.379948
0.409273
0.360962
0.320403
0.132574
0.103057
0.16169
0.184613
0.127684
0.198666
0.270608
0.256621
0.283627
0.330452
0.266635
0.236788
0.307383
0.387752
0.354869
0.395422
0.586442
0.586772
0.596981
0.559213
0.464802
0.427331
0.588549
0.645371
0.595329
0.569726
0.555905
0.517208
0.470564
0.595624
0.740921
0.567172
0.558184
0.685986
0.773902
0.79184
0.732052
0.665564
0.743284
0.607547
0.441063
0.262745
0.180271
0.0747255
0.0187433
0.00904373
-0.0237272
-0.0734668
-0.171029
-0.110464
-0.1277
-0.106154
-0.193212
0.0613878
0.0600027
0.0908073
0.112898
0.151215
0.0647784
0.240364
0.220624
0.386928
0.409831
0.332603
0.394129
0.429241
0.414098
0.586329
0.792361
0.784174
0.687372
0.84832
0.79695
0.892913
0.796808
0.524549
0.322764
0.450723
0.390415
0.296256
0.213462
0.342505
0.29396
0.401134
0.407148
0.3198
0.306012
0.32447
0.450541
0.49897
0.420953
0.479105
0.510293
0.419218
0.234457
0.110991
0.240283
0.316253
0.378872
0.352915
0.350472
0.555079
0.734642
0.592194
0.387483
0.491896
0.367985
0.473181
0.357421
0.279884
0.183964
0.198741
0.0120599
-0.0384114
-0.156308
0.0185477
0.0582999
-0.0619868
-0.187307
-0.271792
-0.344862
-0.427869
-0.373175
-0.123523
-0.0692481
-0.153579
-0.162263
0.0574803
0.134883
0.392417
0.114135
0.406838
0.476555
