0.889798
0.871183
0.884995
0.747761
0.67838
0.369372
0.303152
0.212314
0.376105
0.466318
0.480427
0.643337
0.778735
0.728664
0.640834
0.483917
0.241284
0.269857
0.269257
0.205018
0.270951
0.33354
0.454671
0.390978
0.323346
0.141049
-0.105222
-0.063836
-0.189665
-0.0410562
-0.140525
-0.0807822
-0.0938557
-0.117331
-0.177354
-0.30033
-0.360143
-0.0517114
0.106154
-0.141768
0.0188275
0.0629486
-0.0996552
0.118297
0.318802
0.37128
0.30364
0.192893
0.240037
0.220693
0.428651
0.262612
0.273543
0.108988
0.0669831
0.150113
0.0646182
-0.280777
-0.363583
-0.56066
-0.703225
-0.925521
-0.795065
-0.898277
-0.869437
-0.726573
-0.773569
-0.785859
-0.458002
-0.267015
-0.413529
-0.245811
-0.20899
-0.383833
-0.549662
-0.424189
-0.550165
-0.507864
-0.741716
-0.683464
-0.536768
-0.452481
-0.520144
-0.531655
-0.607769
-0.587639
-0.465911
-0.296949
-0.229435
-0.215792
-0.24984
-0.0874352
0.233296
0.210563
0.321816
0.444161
0.497361
0.560562
0.387822
0.684942
0.687168
0.811985
0.805369
0.836345
1.00572
0.930142
0.718194
0.705748
0.868959
0.830617
0.73141
0.834382
0.786428
0.723735
0.618301
0.496706
0.533846
0.733097
0.848916
0.764637
0.50014
0.39287
0.376523
0.36487
0.445063
0.287247
0.316901
0.209957
0.310556
0.028315
-0.280074
-0.0060783
-0.0973613
-0.147409
-0.366289
-0.256994
-0.288476
-0.0352236
-0.168527
-0.250683
-0.525
-0.376098
-0.276808
-0.131744
-0.345452
-0.265551
-0.331087
-0.427822
-0.536528
-0.656275
-0.509099
-0.272326
-0.0645118
0.0217651
0.153398
0.0226847
-0.0614648
0.0526084
0.134947
-0.291252
-0.210841
-0.365951
-0.401148
-0.184866
-0.310695
-0.166727
-0.360353
-0.271203
-0.249704
-0.132251
0.092149
0.143426
0.0979833
0.0627541
0.20036
0.151435
0.33384
0.429125
0.391595
0.363128
0.489647
0.533153
0.479478
0.436163
0.329478
0.433573
0.584905
0.686766
0.913042
0.868522
0.742543
0.691025
0.717269
0.599371
0.707167
0.524769
0.572194
0.834575
0.933006
1.10461
