-1.59682
-3.66992
1.03485
3.72658
1.59031
-0.605187
0.0451805
1.62103
4.24091
0.12386
-5.77643
3.12664
5.34967
2.80089
1.38551
2.94742
2.66992
-1.0215
0.0325082
2.30867
-3.52097
-1.57915
1.63908
0.524601
-0.652074
1.61748
1.73154
0.918323
2.06555
-0.125089
-2.24167
-0.706125
-0.808448
-3.26311
1.19786
2.74469
0.472922
-0.46891
-3.85345
-0.583437
0.286043
4.3324
3.79703
1.38038
1.8491
1.87137
3.12327
3.30225
0.412089
-3.22121
-1.29924
3.38413
3.30212
-2.03595
6.00854
1.43103
1.54294
-1.07015
-4.12087
1.52216
-3.05314
-1.40347
-0.63747
-1.09879
0.779225
1.06674
1.45644
2.41808
1.23391
0.290377
7.73579
5.34143
-0.796136
3.33147
3.253
1.61422
2.00746
-0.873874
2.57339
-0.281125
1.0821
0.936981
0.651914
-0.883987
-0.500451
-2.30973
-1.17469
1.51316
2.67384
-0.762416
3.54815
-0.733783
3.09654
-0.518887
3.16354
-4.19033
1.99542
-3.10042
2.55012
-2.30855
-3.54766
-2.51565
1.42199
3.42131
0.737181
2.06931
-0.350975
4.68301
2.73582
-1.88813
-1.20325
-3.55675
0.524791
1.18991
1.76623
-0.198718
-0.155001
1.41952
1.94561
0.475504
1.91558
-2.29284
3.67772
2.59203
2.87564
5.62578
3.98678
0.428565
-2.16311
1.99387
3.66099
-3.183
2.20779
1.32895
2.20522
-6.14439
-2.77396
1.35789
0.338168
4.2304
2.10113
0.442956
-4.89462
1.09751
-1.64766
5.14638
-2.34906
-0.238015
1.0154
3.53292
-0.960209
-0.436692
0.195566
3.36835
-1.0365
1.16928
0.501541
0.972568
1.20289
-2.07882
0.438026
-1.39387
-0.144393
0.362973
4.14819
0.0787765
5.13145
1.53416
-6.16136
-2.94384
0.989808
-0.234463
-1.55011
0.0181046
-2.78509
-1.63796
3.89387
-2.4916
1.42474
-1.36533
-3.79573
-0.128414
-2.84297
-2.87444
-1.25411
3.03145
-1.88054
0.418594
0.427673
4.44557
1.75835
1.94837
1.11063
0.12062
-3.64925
-0.506422
-0.150664
-0.264871
2.66768
-0.639889
0.895131
0.0832914
-4.89318
-3.64949
0.735402
2.76168
1.95999
0.040102
0.888491
-1.20319
-1.6825
-5.95039
2.43116
-0.513945
3.73851
-0.51441
3.40809
-0.89646
-2.20905
-4.23219
-1.05687
5.35333
-0.407438
1.81228
-0.696542
1.74826
-0.764232
1.7188
-0.735539
2.91955
-3.98489
-5.28666
0.968822
-1.78373
0.460432
0.158959
2.74581
1.10343
0.623693
-5.84004
0.560703
1.98323
2.2888
3.47146
-3.40242
-0.478145
0.692924
1.10791
0.794237
5.37751
3.53339
-2.71675
6.01294
5.09688
-3.1535
1.82227
1.33014
-1.62104
-2.66176
-0.332941
-0.532067
3.30305
1.6995
0.653848
1.2466
-1.66309
0.346996
4.22482
0.574926
1.76807
0.990302
2.50428
1.99385
-1.76055
-0.768716
3.80073
-1.0894
3.09236
1.5626
3.57427
-1.39499
3.30732
3.1803
3.21712
-0.722986
2.93683
-0.839026
-1.57556
-1.82688
0.942686
2.28925
-3.03739
2.86666
2.55398
0.394856
3.30902
0.706535
1.6371
-0.577124
1.00574
3.78595
0.099173
4.2121
-1.68598
1.98741
-1.74407
-4.1201
2.80746
-1.29543
2.53471
0.340652
-4.56008
3.59182
-2.25604
0.733416
1.92178
1.79759
-1.71835
-1.71763
-1.9792
-2.49807
2.08507
-4.98974
3.12499
-4.52072
3.61555
1.168
0.715127
-0.459893
-2.25039
1.35042
-0.235735
4.01672
1.08112
-0.261501
-3.16089
-1.52352
2.83695
-0.565223
-0.301533
-3.32214
-1.49143
1.03357
5.1793
6.08264
0.821825
1.65489
5.92822
4.7886
2.25485
4.19523
-0.193684
-0.637254
-0.332987
-0.582604
-4.59537
2.27586
2.62983
0.491373
5.51148
-1.07764
1.05989
-2.46543
1.0639
3.7096
5.19735
-1.46779
1.12793
2.47294
3.39195
0.529696
-2.94633
-4.40927
0.658544
-1.44116
2.28685
4.82409
2.92017
-1.25991
-0.478773
3.74263
-1.50168
-1.02314
-2.59951
-0.766544
-1.02902
2.80213
-1.06232
1.30334
0.821097
0.54436
-1.23523
4.7649
-2.18898
-1.07315
-1.66406
2.8135
-1.73606
1.33105
6.17623
-2.13611
1.54014
0.677742
-2.24191
1.36097
0.181577
0.63031
-0.947099
1.67082
3.40614
1.90715
-2.50376
0.518476
4.59343
0.115421
-3.06279
-1.92637
-1.59041
1.10461
-1.96935
0.0807758
0.095857
-0.0416194
-0.407257
-2.96244
-0.126712
0.976166
-1.50476
-0.341345
0.0769156
4.40018
2.56455
1.58618
-0.497488
-0.413778
4.16221
2.47324
2.98972
0.845137
5.9624
-0.407991
3.45151
1.4518
1.08162
-2.53485
0.967177
-2.15324
0.01597
1.90316
2.92699
-0.299696
0.543754
-0.611356
-1.24246
-1.46122
-2.49759
2.71845
0.19883
-3.0697
-5.57791
-0.150436
-1.4779
2.4285
-1.29167
-2.37582
1.1496
2.22881
0.81817
-3.79902
-1.80641
-1.69937
5.77298
-1.05405
1.76465
-3.44168
1.65224
-1.53779
3.76713
0.499697
0.673314
-2.96021
1.87419
-3.72723
2.47961
0.36989
-4.03654
-2.66701
-1.94584
-5.82667
-1.07847
-0.00193332
-1.23943
-0.994309
-0.256159
1.22298
0.54226
2.04013
3.8523
1.2534
3.93826
1.15352
4.12778
-0.720601
3.00315
0.459346
1.77926
0.573332
1.57442
6.66027
-0.594522
3.93534
3.58794
-0.701609
3.38107
2.46782
-5.36249
-0.734017
1.59581
-1.59673
0.892906
3.09381
-2.81034
3.7955
1.8054
0.806816
-2.14691
4.58221
-2.52623
0.00206853
-2.06291
0.238779
0.52279
1.6083
5.87088
-2.39238
1.18574
5.27654
-3.55456
0.494352
-0.135175
0.808142
-1.14663
-3.5316
0.908988
-1.69932
2.5836
-1.53254
3.6672
2.94502
3.04472
-5.63409
0.0233836
2.10698
1.39712
-2.4147
-0.742404
3.12867
-0.812432
0.265477
0.679957
1.1232
0.23459
1.31026
0.943758
1.86967
0.0395273
-1.77094
-0.202261
3.70254
0.809445
1.0848
1.72971
2.94511
3.3364
-1.4405
-1.06843
1.14348
2.35865
-2.6232
2.68567
0.777651
-0.644731
3.0606
3.40508
-0.25204
2.81916
3.19783
2.53108
-0.663396
6.99957
-0.420705
-0.494029
2.72893
4.73118
1.40141
-2.95864
3.40516
1.90594
-0.397319
-1.61719
-1.1637
1.33842
-1.95189
2.79751
-4.43245
0.257041
1.71133
-0.904993
2.69141
-2.27749
-2.43557
1.40168
2.7684
2.70107
-2.06074
4.66745
-0.14599
0.882306
-1.03182
0.348562
-3.5748
4.56942
-0.708467
-0.463434
-1.21696
2.53145
4.09104
2.29064
-5.12306
-0.812378
2.12495
-0.767405
0.929489
-3.71462
1.13132
-1.19875
0.624792
4.24499
0.469393
-0.683718
1.09207
-1.92372
1.14283
2.98803
1.95616
1.05048
-2.60526
1.31774
-0.015169
0.763312
-2.92062
3.03191
-2.00547
-1.13935
2.24424
0.935866
-1.69753
2.76502
1.08853
0.720713
1.60543
0.302809
-0.575912
2.13689
3.17734
-0.574771
-2.41892
-0.139036
1.00482
5.19235
1.43128
-0.561765
3.03338
-1.00242
1.40279
-3.40581
2.66664
-0.728784
-0.813544
0.731024
1.40786
-1.44162
-2.57471
-1.4081
0.530318
-0.797044
0.0664496
-0.835629
2.07078
-1.24927
1.19216
4.25341
2.38478
-0.0809302
5.11243
-3.60206
0.248331
-0.37072
-2.13821
2.18068
2.16203
1.17889
2.60771
-1.48462
-0.621735
-4.66026
4.59603
3.1339
-0.0934194
3.34716
2.13078
2.34556
3.05675
-2.36602
0.230224
1.02878
1.44504
-6.15842
0.672627
1.8793
-2.66211
1.42673
-1.36001
-0.0290766
0.762833
-0.710679
1.36613
0.942019
3.12086
-0.027588
2.10429
-3.33599
3.80356
0.227368
-0.243776
0.299251
1.8597
1.84441
3.62156
3.11517
1.96795
3.49442
-3.4957
3.09686
-1.39694
-3.67557
-2.9731
0.0859259
-0.817748
-1.01697
-0.546641
-0.706777
-0.268157
0.316898
-3.48819
0.585461
6.11722
0.232511
0.722565
3.76532
-3.56343
-0.861092
1.826
0.704105
3.38741
3.0938
-2.51125
-1.31731
0.392464
0.64133
-2.69455
1.19896
2.38444
0.969937
-2.09155
-0.767783
2.78843
2.03403
-0.778467
4.21707
-0.253828
-3.12603
3.74114
-0.348082
5.15071
0.995117
-1.59826
1.26575
0.314119
2.6243
-2.67579
0.104572
-1.04507
-1.384
1.15386
-2.24547
1.95001
0.345408
0.512751
1.39598
0.295316
-1.50949
2.25615
-0.677743
1.68276
0.133673
3.14409
-3.76301
-2.95355
1.77445
-2.98869
-3.12281
0.624966
1.25356
3.94859
0.505001
-3.72893
1.78513
-1.73595
-0.506128
2.65423
-0.528553
-0.0561656
-0.326304
4.75613
-0.0970147
-1.40608
-2.78196
-1.02098
-0.392289
0.00754189
-0.192944
0.784082
0.232862
-2.01144
-0.0497482
1.23833
3.06577
-0.140418
2.00031
0.831567
0.965988
5.11812
-0.998548
-1.36944
-1.7735
-3.34672
-6.13327
-2.4543
-2.4313
-2.00524
0.0017775
-1.58759
-0.360822
-1.5744
1.5324
-0.24067
0.491402
-1.38889
-0.0775586
-1.07819
6.88548
2.08864
2.79884
2.65555
1.50745
1.38584
4.87908
-2.09913
-0.447368
-1.03931
-0.360769
4.94837
-1.40352
-2.14431
0.445735
2.33994
1.4349
4.20601
-2.00129
-0.0582607
1.52915
2.07962
1.24386
0.0832348
1.65009
-0.885654
0.034436
1.85702
4.40738
0.0112265
3.04645
2.59734
1.8656
-1.80133
-3.05684
-0.732655
-3.00521
-3.38189
1.28989
1.7464
-1.85265
4.04059
-0.97952
5.5863
-2.75789
2.59934
1.85343
2.39364
0.879139
-1.07029
5.09219
-3.27005
4.35625
2.34273
0.0176401
-2.27565
1.19862
0.210633
-1.75108
1.87523
-3.25258
2.58479
2.06645
1.05649
-1.69574
-2.8742
3.0353
1.06686
-0.279106
1.51412
-0.490095
-2.8053
0.403524
-0.942417
2.48679
-1.40002
-1.50799
-2.22096
-2.83061
-1.01216
-4.09158
-0.0321034
-1.60172
1.29793
-2.2636
3.63111
0.0884247
-0.758811
-1.31599
1.73144
-3.0685
-4.70498
-1.40728
5.30932
-4.43601
0.468665
0.148261
5.4823
2.35611
0.881283
2.4084
1.91442
-1.58347
0.486541
0.834573
-1.73399
0.755257
2.65771
1.42399
1.88003
4.32186
2.91668
-1.17673
-1.4012
-4.83411
-1.86675
-1.15045
-4.4991
-1.16025
-0.201356
-0.369796
-3.55234
1.76497
-2.7803
-0.226989
0.354817
0.310683
-1.1004
2.26614
1.58304
1.99271
3.66615
-1.49349
-2.24004
-3.21188
0.170874
0.467323
-2.88469
-1.83439
-5.82898
0.661294
-0.894595
1.82515
2.5291
-2.19116
-2.8065
-2.99593
-1.3289
0.705038
1.28863
-1.18802
3.13073
1.48936
5.01983
-3.44195
6.96075
-2.18365
-3.14611
-2.6346
1.34345
-2.77666
4.67018
0.151455
-2.26462
-0.555185
-0.22878
2.03369
-2.68587
0.464145
-2.01615
5.45952
2.00511
1.68332
2.80967
7.39219
3.47214
1.47786
-3.32107
-2.27071
2.8828
-2.50889
5.90514
-2.20332
4.9964
0.00010956
4.01876
-0.0495434
2.98416
-1.55331
2.76448
-1.37888
-1.72554
-0.607677
4.02061
5.21771
2.21204
0.11577
5.63871
1.74936
5.37197
-0.972412
0.113822
-1.98283
-1.49743
1.1504
0.596127
6.06947
2.5776
1.62649
-1.10167
-1.91094
-0.246527
-0.203803
0.19486
0.881422
1.03012
2.02203
2.63302
0.718965
0.82315
-2.21567
-1.68978
-4.02696
0.776227
2.50032
-3.99537
-3.09776
-4.36489
-3.80637
-1.4834
1.15682
1.63966
2.81321
1.04918
1.76642
2.58067
1.20329
-0.287782
1.2284
0.0803976
3.8401
-3.15467
0.114712
1.05355
2.65804
-3.48345
-0.605249
-4.34149
0.792041
1.70596
-1.39568
3.05833
-0.242409
-0.342512
1.41701
2.74881
-3.80715
-0.213663
-5.39238
-4.36754
2.20943
-4.02324
0.018817
-4.12088
-4.07801
-0.0750974
0.337121
-3.62262
-3.50629
-3.88593
-5.95789
-2.23883
2.45034
-0.0916896
2.54202
0.108769
-3.64218
2.46818
-1.27641
-0.442844
-5.42686
5.25417
0.61894
-1.21247
2.35992
1.22062
1.4678
-0.0932517
1.94819
1.19908
-2.2044
0.332365
1.3321
-0.534415
-1.38842
-4.04013
-0.632171
-6.05055
-4.47693
-1.73549
-0.421362
-4.73731
0.971932
0.0750235
-0.497329
4.73854
-0.811212
2.89572
-1.4318
1.09461
-1.074
0.165936
-2.46126
3.03595
5.66837
1.18932
2.66973
3.70063
-0.682792
3.21862
2.11142
-3.10142
2.16714
1.19649
2.92245
0.044647
-5.154
0.934967
-5.61517
-0.307112
-1.98821
1.90576
1.00806
-0.0919228
1.67729
-2.69316
4.30506
1.14752
-2.12436
2.13142
6.39882
-1.45806
0.626489
1.68511
2.91042
-1.13868
1.51309
3.31102
3.52073
-4.16014
2.98846
-0.678853
0.572644
2.91601
-0.631471
-0.156017
0.558183
-1.10152
-1.8187
1.92524
0.350778
2.10988
2.16762
-2.31926
3.1963
0.846377
2.43706
0.799961
-2.57314
0.907081
-0.175621
0.804761
2.42004
2.31457
3.97715
0.694305
4.81593
4.91134
3.6928
-0.470331
-1.82477
-1.3986
2.49652
2.20796
0.17557
-3.17938
0.539074
0.085915
0.799609
0.416126
5.34533
-1.74656
0.447464
0.893604
0.301197
-1.54051
0.719451
0.44122
0.122526
-1.53509
3.30925
-0.551929
-1.82769
0.714817
-0.962052
3.59633
3.15843
-0.761699
4.15812
-3.77218
4.15773
0.573938
-0.472232
4.80808
0.842034
-1.25846
4.19091
2.1339
-6.22775
-2.81348
-1.74851
1.85938
-1.12309
-4.68687
2.27304
2.21509
0.63597
-1.01377
-2.86872
2.93913
2.80158
-3.29735
0.329483
0.789952
1.23245
2.21637
2.37386
-0.499663
-1.552
1.57027
-1.23735
3.44505
-0.205655
0.989618
-0.943831
-1.68168
3.60182
1.43293
-1.32785
3.18937
3.92115
2.02209
1.60123
-0.0953864
-1.82326
-0.963293
-0.442327
5.7563
1.13918
3.97233
6.12263
-4.9917
2.1998
4.91265
1.85605
1.98136
-0.285452
0.107766
1.60342
3.23922
4.51144
1.41023
-1.31224
-2.81249
1.80475
-1.85579
-0.911053
-0.0815244
0.851658
-1.46044
1.82247
2.80311
-2.25696
0.102126
0.213536
3.26178
-2.05616
1.15662
-0.629867
2.876
1.93131
-3.20774
-1.67843
3.81656
1.56739
-3.19319
1.37957
0.192496
3.44009
4.27674
0.188722
-3.66938
3.2011
-1.52948
-0.411735
-2.37249
-0.600009
-0.397898
-1.56929
1.6656
3.95584
-0.390035
-1.52019
1.40429
-0.67992
3.79205
-0.514213
1.22161
-0.626542
0.18816
3.94326
0.256909
1.88724
2.10286
3.55148
0.312962
-2.43299
-1.09225
-1.45521
4.06436
-4.34094
0.212625
0.920849
-1.70208
-0.896579
2.30241
2.06858
2.56127
4.22254
2.18274
-3.66011
-0.629897
-4.30734
-0.430768
2.60128
4.81993
2.61771
0.512633
4.4014
1.38131
4.37868
0.604853
1.94562
-0.862851
-0.278014
0.712349
-1.99479
-1.77983
1.40408
2.70133
-0.588398
4.0613
1.52907
1.06725
-1.24251
1.90457
2.76843
0.114696
1.65878
5.73442
2.93499
5.71722
1.09987
1.56027
5.73788
0.683736
1.30136
2.35127
0.690069
3.67012
3.2941
1.35824
-0.390841
0.512452
-0.782354
0.710935
2.7282
-0.303072
-2.09957
-0.0719741
4.04609
1.40001
-2.58619
3.60738
3.69406
3.49229
1.41423
3.36365
3.29563
-0.40043
1.2372
0.646053
0.598848
-0.473257
1.04612
3.07099
3.16169
-1.03851
4.06448
1.37666
-0.511834
3.6509
-3.23181
2.525
6.48006
0.765627
1.61183
-2.49428
2.13534
3.03025
4.0076
2.34647
-0.0153212
3.80409
5.08114
-0.637856
-2.53201
-2.53971
3.53972
3.42672
5.57839
-0.907945
1.73067
2.15347
-1.00405
2.1913
0.802699
1.43921
-2.11142
2.75708
3.46983
0.498619
-0.352909
1.18044
-1.58112
1.76366
-0.719515
1.92098
2.15222
1.12334
6.34295
-0.133558
6.49935
1.29725
-0.781977
-0.0261373
2.39555
3.52224
2.54859
2.24011
1.02268
4.46564
0.791221
-0.0790989
-2.70679
0.163728
-1.111
1.17262
-0.779863
-3.17227
2.10034
0.565835
0.225985
1.34388
-1.71907
-0.0391309
4.0383
-2.22114
-3.29671
3.85666
2.65243
3.40596
2.49589
-4.55579
-1.29588
1.13527
3.65401
-2.62808
-2.26364
-4.61682
-1.70574
-0.881879
-1.66585
-2.50767
0.708395
1.41778
1.0784
1.96017
2.47196
1.15964
4.60974
0.912678
2.93068
-3.17161
0.745363
3.61391
4.57252
0.430541
0.402731
3.47299
2.95807
-0.711532
2.77066
1.88536
3.12146
0.804048
1.56283
2.0508
1.59637
3.16116
0.584204
-0.611491
5.14833
2.20822
0.681613
-3.80993
1.00235
0.604236
-0.188085
-5.56112
0.545877
2.81454
0.865032
1.39486
0.586002
-0.496903
-1.8314
2.19095
-2.94146
-0.30845
1.63805
-0.657035
-1.21932
0.184247
1.3765
-0.405075
0.991679
-1.25145
1.02314
3.19033
-3.66178
-3.88026
-2.68325
1.84053
-0.846297
2.55719
-2.28698
-1.99653
1.67895
0.727827
0.276549
1.09901
-0.56458
0.958101
0.107828
-1.52862
-0.395979
-2.6373
2.32418
-0.0945831
1.31207
1.16062
1.04364
3.70066
0.285454
-0.904709
2.45223
-4.60161
1.3125
2.37216
4.11402
1.85946
-5.44775
-0.489901
5.49031
1.65043
1.83744
-2.28914
-1.29052
-1.61355
-4.26039
-0.102322
4.02442
-0.738287
2.93076
0.597294
0.442713
-5.03801
1.93865
0.76248
0.612953
0.524272
-3.06243
0.917317
0.284395
-2.45647
4.58406
-2.20322
-0.865791
3.80323
5.2942
2.09637
0.995923
0.0769079
3.61823
-1.0169
0.79438
0.354941
2.42371
1.32546
2.8106
3.06022
2.17806
-1.50541
-1.42226
-2.83101
-1.42992
-7.296
5.04644
2.07409
2.2798
-1.25468
-0.457305
-0.428866
2.3523
-1.50743
3.42416
-0.611803
2.11799
6.22454
1.83271
0.718612
6.44204
2.323
2.0825
4.84773
-6.38725
2.21652
-0.184864
2.00632
0.340113
1.77177
-0.228429
2.4617
3.20935
5.03589
1.62402
0.0260359
2.18021
-2.24004
-2.34109
1.78651
-2.45642
3.03456
1.64396
-2.97778
-0.126041
-0.53905
0.665419
3.01626
-0.595773
-0.243059
-0.489325
1.04347
-0.277258
5.14406
1.65453
-0.260336
1.89035
1.949
4.40559
-0.617647
3.48823
-0.00393736
-3.42003
3.08161
3.96878
0.955352
2.82227
0.023153
1.47233
1.66422
-5.04373
1.39291
2.90751
1.54611
1.81102
1.60535
2.71106
0.268976
2.58688
-2.94752
3.19443
0.756765
-1.79713
2.71508
0.396833
-1.40298
-3.26538
1.27306
1.05065
1.67258
4.89728
1.89104
2.64896
-2.33196
2.00295
1.31551
5.8828
1.56465
1.05856
1.48231
-0.42267
0.157012
-0.0315419
0.86886
3.64316
-0.0894402
0.499495
2.51291
2.90696
-0.512996
-1.31494
1.31675
-0.374047
1.39797
-1.38005
-0.325216
0.148073
3.58435
0.99651
-0.57132
2.61079
1.57736
2.37407
1.86113
1.92603
-4.34221
2.28899
2.64199
0.565776
4.83293
2.8188
-2.04583
-3.62182
0.280145
0.987739
4.01166
3.21499
-0.64921
2.48186
1.42065
0.29769
-2.64393
7.17672
2.04383
0.593755
-1.77896
-3.82236
-0.0252406
-2.30927
2.31663
-1.23229
3.1968
3.85978
-0.352062
-3.21505
1.13267
-2.80622
4.63836
-1.69865
-0.801535
-0.918984
1.72835
4.11161
3.7438
0.865669
-0.114529
0.728324
0.296244
0.0469503
-0.561699
-1.17066
0.746044
2.04549
1.02734
-4.12245
-2.08518
-1.6513
-1.4418
1.98513
-3.13469
-2.01288
0.386665
-3.63188
0.755048
-2.06541
0.841745
1.22868
-5.66627
3.30973
-4.39002
-1.01291
3.11734
-3.05378
1.97736
-0.0613357
-1.49239
2.40233
-0.400552
-1.47511
-5.10996
0.865804
2.95544
-1.41862
4.05243
-3.41733
1.85462
3.82128
2.97573
1.81134
0.178524
1.00835
0.352749
-4.86723
0.563678
-0.920921
-1.41927
1.59405
4.97897
0.224641
0.512607
2.00926
3.17326
3.21408
-2.49914
4.11358
-4.20207
2.66828
3.2675
2.16669
-3.03916
-1.03557
-0.450916
-1.643
-1.76326
1.7463
1.58938
2.63958
4.50069
1.56431
3.09916
1.53291
-0.890966
1.4084
1.26009
-1.17704
1.49633
-3.4397
-0.40168
-0.372472
0.820942
3.02004
-2.35857
-0.260567
-0.395284
-2.65946
3.31739
2.24284
2.49785
4.12597
-1.30283
0.506365
-4.38557
3.13461
-0.107013
3.96484
2.21331
0.954891
0.234517
3.16989
0.342115
1.30165
-0.0989751
-2.77846
1.01737
-0.076699
3.34201
-0.704152
-1.37363
4.10742
0.130659
1.35052
-0.29851
-1.77338
5.34195
-1.57636
1.1518
2.83255
-3.88104
-0.499504
0.434828
2.16987
0.332307
-0.705761
-2.98652
-5.82601
0.249729
3.89604
4.70466
2.53927
2.39315
-5.57769
2.30411
-1.39966
1.88688
0.654836
2.49854
2.37999
-2.11629
-0.622338
-1.05231
-2.60647
-0.371569
2.21565
-1.28482
-4.1839
-2.82288
0.0453486
