-2.4095
3.8222
6.44785
-3.97324
2.44259
3.94738
-0.45418
2.54385
4.98414
0.281212
3.18204
2.31442
-2.84758
-2.47271
-3.42575
-2.08243
-0.274594
-0.447067
0.778587
2.21824
-2.84694
1.89738
1.50553
1.60519
2.78244
4.27031
0.472698
-4.09807
-1.28651
-6.45135
1.73528
-5.2486
0.318067
-4.56557
5.96881
-4.51633
3.6754
4.25447
-0.344802
5.35794
2.03429
3.6446
-1.10571
11.4339
-4.22849
5.80952
2.22257
4.33567
-5.83048
-1.47111
2.85808
-0.806521
2.61593
4.85392
3.90592
-1.62273
-0.623677
2.10734
1.32095
-0.69847
4.87429
-4.82477
-3.31815
1.96954
2.62623
1.0702
-0.439167
0.636395
2.49003
-2.07987
-0.375601
3.58907
-1.60942
-0.402598
1.40546
2.28364
0.186323
0.30715
-3.24372
4.40453
9.47297
1.72909
-2.52092
2.69428
4.83957
3.61158
-3.67205
-1.99131
-2.50586
0.68063
-0.295665
3.33668
0.0215515
5.03518
5.26667
-2.50809
3.33827
4.81781
-0.248416
1.8944
0.797438
-2.78498
3.58347
-2.56924
-7.71487
2.34212
-1.59899
1.95689
0.945605
4.73976
2.86922
-1.12269
0.716817
1.81762
-4.21783
3.81354
-1.94675
1.65479
0.592055
4.44151
0.900884
5.12217
-6.34368
6.89633
-1.629
7.64287
-2.08799
4.91468
-5.85152
4.48428
-3.13772
-9.08393
-2.96945
0.792191
-0.435492
3.78257
-2.05951
-1.11421
-0.783574
-3.92258
2.46242
0.834524
3.11061
-0.842429
2.04877
1.15277
2.73761
4.46557
2.73426
-2.40845
-0.421919
1.34899
4.64228
-0.775045
1.8419
0.976914
0.0617201
1.04966
7.23372
-3.66623
2.02235
-0.169452
4.43826
-4.50094
3.42963
1.6976
1.79537
-3.58312
9.1329
5.93297
1.56309
4.93621
-3.38388
-2.38983
-5.06503
-2.0478
-2.18588
-1.38527
2.77462
-2.49459
4.15951
4.70427
0.445282
-0.495879
3.02536
-1.64535
0.417735
1.89094
0.231849
-0.229958
-3.8315
-1.43778
-0.352703
-1.26132
1.27262
-0.986115
7.29232
-2.01379
3.79642
2.12452
2.13291
-1.98291
-3.6327
1.47689
-1.81399
4.77121
-1.93431
2.2172
5.13755
-0.760272
-1.0867
4.39305
3.65996
5.85914
-1.24178
-9.17616
3.08154
-4.79972
5.89673
0.873709
3.06746
0.167251
7.46597
-3.99866
6.38723
5.04005
2.66538
0.296853
-2.44799
-0.493657
3.93427
-6.23121
-5.14291
0.638985
3.18333
-0.898982
0.864577
-0.00608644
2.079
0.157566
2.09054
1.06372
3.5938
2.27291
6.52215
-2.80824
-1.94439
-2.79051
1.22456
0.177026
0.300601
5.50389
-3.33405
-5.71739
-1.46364
2.22677
-1.0885
1.22921
3.01124
-2.75878
6.69773
2.14881
-1.65147
-0.0699491
-7.32488
7.03841
-0.324938
-0.290562
-1.35072
-6.72368
11.6317
0.968113
-0.683363
-2.50484
-3.32724
0.563637
0.28245
2.80946
0.444982
-2.83368
3.24289
0.556471
-2.92224
0.407095
-0.965604
2.26047
2.79664
2.85043
-2.6757
1.74343
3.65369
0.143915
0.149515
-2.48599
3.38259
-5.75443
-1.39177
2.31182
4.00346
-3.89612
2.87325
3.21333
3.86636
4.49972
2.99268
5.33195
2.32919
-0.956413
1.09256
1.44492
3.07909
-0.795537
4.99033
0.491219
-2.60332
4.22947
-1.31084
1.92462
-4.47893
1.77648
-5.38947
-1.89067
2.19592
2.06369
3.76994
3.51493
2.37516
-4.47375
-3.31205
0.624981
-1.54152
-4.09304
7.39925
-0.440418
-0.0874001
6.17134
1.29523
-4.37866
2.84922
1.07167
1.11577
-1.14843
-0.946244
-2.23761
-0.826868
3.14613
5.36785
-4.29134
2.76071
-2.61028
-2.1339
5.62699
-0.800295
0.856805
0.0127832
1.31638
-4.60132
-1.57962
3.1232
-2.1969
0.765559
1.98848
8.78598
-3.15378
0.115031
4.63784
4.75221
3.18784
4.14666
3.74718
-1.80856
5.63621
2.53054
-5.65546
1.67759
-3.82391
-10.6066
-3.24764
0.6464
3.73103
0.639576
4.92772
0.594297
1.74487
0.0884196
0.168836
-3.76694
-3.48125
-6.19677
-0.353148
3.88794
0.728773
-5.9086
-0.977461
-3.09599
5.19513
5.94012
-4.65822
0.557014
-2.75881
-2.26015
1.9726
1.38266
1.12348
3.33602
5.77326
1.94709
2.24499
-3.21825
-3.81406
-2.05913
-3.54568
0.518612
5.09485
4.38834
-0.888893
4.82759
0.224695
-3.95521
-2.66094
6.36282
0.321626
1.9173
-2.34123
2.70558
2.38405
-2.16349
2.05649
-1.125
0.603149
3.84481
0.562011
2.1531
-0.86562
4.03832
7.06991
1.72894
3.84757
1.34232
3.0636
5.93544
1.47164
-1.28635
3.00547
-3.1612
4.1338
3.88261
0.152466
-2.8553
-2.12775
-0.482207
-2.09699
-0.635277
0.397604
-0.181495
4.42752
1.70764
-0.501818
-0.744562
-1.43009
7.24732
0.171686
4.44131
1.67322
1.05217
5.25337
-1.3974
-1.74321
0.805556
2.71709
2.60297
-3.11745
3.84696
-0.62488
-6.14448
3.35771
0.317348
4.8114
4.09694
0.618669
-3.82547
3.29103
1.18226
0.974217
-4.56427
-3.53269
3.7929
1.33819
-1.37675
6.76089
-0.861453
1.53094
-5.03874
-0.56294
3.23128
-1.62275
0.498635
1.66732
2.13563
2.71157
5.42357
2.49274
-2.40119
0.80788
-0.390037
3.85691
-1.65776
5.98404
-4.88297
3.28829
-0.750184
-3.85341
-0.0193136
2.88897
3.36074
-1.45688
-2.00842
-1.14162
5.23889
0.0873878
1.04067
-0.454055
1.91258
-0.124981
-0.136991
0.268493
-6.01819
6.08952
-1.40189
3.85819
1.26751
-4.92878
0.913135
3.87229
2.48992
3.95613
3.44976
-1.05801
-2.93291
4.1885
3.79203
0.297298
0.453695
2.10191
2.17901
3.72913
-6.67901
0.530893
0.565568
1.09711
3.7669
1.94098
-2.65515
1.88804
0.602385
-1.47324
0.349259
-5.14991
-1.51774
-4.68581
1.25434
1.81059
-1.41633
-2.80177
1.14217
3.18687
-1.88548
2.39418
2.22029
3.4472
-1.77474
0.953908
1.23085
-1.40177
-2.36471
-1.50677
0.220583
2.41582
-2.48613
-2.28958
-5.42167
6.39187
-4.56769
4.4297
6.7605
1.70125
3.90993
-3.01544
5.5635
1.27466
-3.2269
-0.372795
0.7788
0.0964113
5.56378
-4.11753
-1.88271
0.780386
5.20296
-1.98092
5.48189
1.6964
5.24952
0.0656909
2.37941
2.62904
-3.71918
1.58362
-4.33433
-4.15938
5.74278
-0.586701
6.43903
-0.126122
-2.0491
-1.97087
-3.80548
-8.58544
-1.0003
-1.30107
-1.08423
-0.863307
-5.37878
-1.80345
2.3119
1.12823
2.97788
-4.24092
4.50061
7.19937
-2.07364
-1.46215
3.04935
-2.3645
-5.08283
0.208247
-3.78681
-5.54729
-2.40642
-2.8263
3.95567
2.6681
3.11129
8.00888
-1.69397
-2.57281
-2.3285
8.71862
0.997013
7.66887
1.31682
0.885849
-1.33069
3.20666
3.39791
4.98291
2.15929
5.6533
1.97953
-3.61657
-5.31465
-0.00438766
-2.43241
4.85707
3.16709
-2.58327
-1.71822
-3.41873
-0.384348
-6.22196
-4.6258
-0.228256
3.68053
-0.23385
8.0831
1.50718
-2.55402
0.0101135
4.99927
-4.02747
6.30033
3.4532
0.887226
0.748663
3.95122
0.430802
2.01998
-0.65978
2.5626
-0.894063
1.0686
2.60541
2.29124
0.765056
0.389589
0.110157
-5.39825
-1.6179
3.7839
2.12772
4.42253
1.01455
-3.41574
-3.74076
1.68221
1.0543
0.594469
2.10665
1.42041
-2.24631
-2.72352
-1.71952
-2.91012
-0.830207
-1.34136
-0.150121
-8.3417
0.0298711
-1.54171
1.97975
3.18934
3.06491
-0.437127
4.46993
-0.524551
5.3949
6.3603
-3.67542
5.12274
-3.9101
4.57056
0.185211
1.60526
0.638938
8.36568
1.74272
1.50564
0.684098
5.70551
-2.40332
-0.347909
2.37812
3.10047
2.85677
-0.364199
-3.7508
0.145345
-6.27435
1.63762
2.21145
2.47105
4.9305
0.753918
3.46968
-1.65173
-1.14488
0.477858
7.01858
1.13193
2.30592
0.275534
-0.955952
-1.54526
4.18907
2.60042
3.66415
7.44199
3.69456
2.47066
-2.60401
-3.61274
-0.25127
4.43772
-1.5637
-3.34758
-2.84663
-1.07509
3.62371
1.87946
0.878116
0.143978
-0.922036
3.19247
-0.925568
-1.66406
1.27909
-1.45158
-1.33683
-1.60679
-0.640853
1.88824
-3.90743
-3.30354
-7.88269
0.665767
0.563901
-0.00431672
1.61748
-6.77298
0.0243039
1.13806
0.213621
-5.56503
1.52907
8.10668
-0.664666
0.896106
0.143015
1.19555
-1.93322
-2.79952
1.38549
3.12321
-1.26401
-5.97262
-3.58733
-1.0147
2.89723
9.80878
2.65732
1.26411
-3.80393
-2.82427
-0.973131
-0.35345
0.90658
0.0715979
3.63304
-4.08135
-1.12143
0.43463
-6.65977
4.27624
-2.85948
2.19891
-5.96026
-1.94288
-2.40932
0.349012
-0.823066
-3.42601
-3.856
0.15273
3.29957
-1.63837
0.884998
-7.17232
-0.99854
6.41008
4.411
2.28884
-5.62598
4.15739
6.45581
6.23066
-0.106015
-8.07623
-5.58076
-7.79913
-6.54104
3.16531
1.47545
-2.17831
2.40491
5.99639
-2.29035
3.11108
4.11128
-2.90776
1.73868
2.82355
3.89351
1.1889
8.16142
2.07491
0.359609
2.63337
1.08872
6.31387
-1.25699
4.59462
1.12482
3.30694
4.79916
0.190972
-8.15655
3.2805
1.26215
-2.00126
1.70108
3.60113
-1.41345
2.18214
-3.85203
-1.2193
-0.151841
-4.04284
0.457666
0.293873
4.13588
3.92077
2.44725
1.37789
-4.56856
-3.60065
1.30239
-1.7552
-5.37287
1.91019
3.18424
-0.310617
1.18298
4.11338
-1.03374
0.290442
-1.69678
-5.87252
6.71823
-2.48055
-0.617396
1.16408
-0.538433
1.81323
-2.93511
1.76692
-2.44558
0.250548
-1.61539
2.46431
3.30736
-1.92354
1.55532
0.18577
3.32713
-5.87871
-4.41326
-1.00834
4.48831
-1.28269
-5.53876
4.47294
1.63999
-5.54565
0.236581
1.72586
2.10122
-4.77604
-1.65363
-0.948982
-2.66489
0.127941
-3.59422
6.06988
-1.12823
0.460027
0.960738
1.55814
-0.0863707
6.89388
-0.627201
-1.02957
8.31673
5.35854
2.41736
-0.66261
-0.107641
-3.65344
-1.23238
3.59861
1.09074
-0.335292
4.01989
2.47159
-1.21243
3.01745
-1.20968
-5.35418
-0.185553
-2.76849
1.23686
-2.39105
-1.33532
1.95633
-1.95282
-4.83801
-2.36032
1.47399
-0.859179
1.93592
1.41859
2.69293
0.274052
3.42577
2.11074
1.50068
2.98527
-1.58948
1.20964
0.430054
-0.2328
-0.621051
1.58556
0.0461184
5.62779
2.44251
-1.63641
2.19124
1.48493
3.60417
1.555
5.48195
-6.54568
4.27299
-1.24627
-3.48269
1.4046
-1.83824
-0.652926
2.85443
-0.127997
0.494436
-4.4199
-3.07167
-1.82141
0.901393
0.285356
5.01889
2.35843
3.86527
-4.40328
0.140409
-1.76019
0.0553874
-6.98723
-1.72427
4.52745
5.5996
-3.05567
6.90542
-1.16579
-2.48299
1.09261
0.0805496
-3.41944
0.735124
-5.38032
-1.67212
4.42129
3.91994
1.22787
-8.42676
5.88842
1.88482
2.01029
2.30507
-2.26816
-4.26685
3.56407
2.7606
-1.87019
1.59636
-2.54419
-2.27604
1.27224
5.73633
3.32053
-4.12713
5.61192
-4.24146
2.46952
-1.08362
2.55882
-0.331684
-1.1385
3.6027
0.635562
4.36789
1.73131
3.55453
4.55524
0.701348
0.672248
4.63034
1.57414
-1.28323
-3.76004
-1.78842
2.88495
4.39546
2.12046
2.18285
2.41095
-2.7125
-0.607196
-0.219744
-5.33243
-0.161963
4.00316
5.71185
-0.0827986
