-3.47623
2.13082
0.83378
-0.130429
-5.12436
8.21173
0.128849
3.21056
-2.92008
1.92976
4.29188
1.22637
7.36175
5.02656
-2.3514
-1.01232
-2.75911
-2.8392
-2.84636
4.90906
-4.33051
4.98592
2.26602
2.85861
-5.41981
2.52918
-1.60751
0.764408
1.82787
-4.77507
-5.945
4.2772
3.85199
3.22257
-1.32117
-2.52872
-4.13658
-6.73059
0.880107
-3.76213
-2.02314
-2.72816
-7.27569
-4.68664
0.805202
-0.631224
7.34584
1.5198
3.52579
-2.63357
-0.182652
2.01872
1.39862
3.31527
-10.3592
-4.28
-5.49948
-4.03136
1.75197
-4.27181
-1.96867
-2.53902
2.49398
-6.32475
-5.99467
1.74828
0.111992
-4.90104
1.9107
2.1394
-6.14351
1.00513
5.96482
-6.87356
-0.820533
-3.67385
0.35009
6.5648
-3.43403
1.54848
8.49071
4.39632
-4.35986
-3.94702
1.92548
1.34317
-1.80638
-5.52407
0.159425
-4.45641
2.48433
7.48598
-5.38619
-3.813
4.1477
1.36982
4.17375
1.16353
-1.08985
0.934934
1.65902
2.6555
2.01452
0.039521
-1.84185
-3.71588
2.24833
-2.32539
-5.81334
-6.4965
4.1776
0.978616
-5.03175
-6.52969
3.15632
-8.45032
-6.12466
-4.89116
3.54802
-3.66649
2.9913
6.27659
-3.63668
-9.59727
-1.48963
-0.129226
0.750691
3.52233
-1.19506
-9.00812
1.19411
-4.52657
-0.826994
-1.96467
-3.17874
-2.19309
2.69033
-1.6513
-3.24533
8.33065
4.25476
1.07453
-4.45695
-4.49574
-2.98388
-1.00276
-2.61845
-1.57225
0.358207
3.50968
1.62174
8.47128
6.68223
8.13135
3.87951
2.22365
4.56156
3.03608
3.56404
6.46069
5.95823
7.62849
6.36231
2.7478
-0.00144398
-1.20499
4.78846
0.643604
3.29368
-5.22574
-3.03101
2.56949
0.100716
-1.4031
-0.898916
8.69669
10.4783
1.02927
-7.18815
1.72156
-2.16044
-5.60113
-2.51899
-2.36127
-1.4263
4.90212
4.38757
4.16282
0.830502
-4.80049
4.34645
1.86685
-6.94301
-1.67675
1.22367
0.348118
1.29287
-1.19945
-2.24115
5.36802
-1.69122
6.71657
0.188739
-3.72107
2.75032
-3.64715
-1.68067
3.20375
-5.49139
3.96348
0.250958
4.54499
2.9972
6.44878
-1.05248
2.41152
1.88677
6.42881
-8.87317
2.57425
5.39952
-0.676614
9.31458
-2.26143
3.49578
-6.07425
3.77947
-2.27738
-1.43392
-2.51792
0.874333
3.15543
0.191059
-4.30429
4.63373
-1.81887
-0.967488
1.93391
7.72942
-3.08531
-0.0315232
0.0203514
-1.08593
2.1388
-5.3555
3.75436
5.64779
5.48355
1.8169
4.49582
4.83791
5.06121
-2.71559
-1.92699
3.87472
1.97179
5.90104
-1.17676
3.91511
-1.99699
-1.72444
-2.35132
2.85442
5.62334
-0.104486
8.073
-3.18709
4.11152
-0.465339
5.59396
0.898934
5.14687
-0.060016
-1.18838
3.30297
7.59823
11.8089
5.20459
-4.57954
2.12337
0.801692
0.115134
2.5054
1.22682
3.92851
-1.23785
2.07119
4.6372
-1.92696
-0.0333497
-1.38343
-0.176856
-2.98029
-2.58265
1.92366
-3.65798
4.71969
1.58488
0.998793
-0.433219
5.53475
1.73663
6.55825
1.3302
2.06301
-6.18305
2.92574
0.628679
-8.40271
-2.29693
-2.03812
-1.85409
-2.56704
2.02031
5.51538
-1.98834
-2.92343
7.11173
-2.13916
3.02886
-1.36295
2.66675
-1.70417
4.51415
4.93991
2.56116
0.217237
5.6664
-1.37679
2.9204
0.549981
-1.746
-7.98278
3.91073
-4.23447
1.32955
-10.0856
1.11397
3.49944
0.40052
1.61617
-6.71357
-2.75051
-2.11816
4.66418
3.40216
2.80127
-0.632822
-5.36661
3.76941
-5.2662
0.516007
0.546303
-0.386916
8.32475
-4.63691
-3.60978
3.44412
4.32887
0.16832
-5.55273
5.31862
2.72642
6.26276
-6.53535
-4.60218
-0.892212
4.89501
-1.97803
2.9206
1.83635
3.09277
6.18357
0.720764
-1.84557
-2.43952
-1.10439
4.8569
1.17642
0.83403
-1.87521
-1.20916
-4.84459
-4.10433
2.36816
-3.52265
-2.88424
0.635437
1.35244
-2.73003
-0.0327324
-3.89259
-2.69742
-0.867598
-2.75607
-1.15963
-6.73003
-3.92906
2.5363
1.94624
6.0545
-2.95525
2.13329
-7.32009
4.12199
6.24301
4.63626
7.6543
-3.76929
5.83347
1.70844
2.88558
0.0106661
-1.05003
3.41984
-0.0385511
5.58761
7.70547
-6.23116
-4.03284
3.2352
3.14688
1.35352
0.578722
-1.03535
0.882289
7.99888
8.99155
-2.09825
0.163356
9.43993
1.02218
-0.0197456
2.06876
-1.86321
-1.80666
-4.66065
-2.12927
-4.16943
3.8001
-2.12829
-3.21984
2.12111
5.33495
-0.411328
-4.24531
7.60087
3.41747
1.59231
5.02176
-6.51605
-3.33293
-0.334111
-1.54968
0.678622
7.43165
1.30883
-1.67328
-0.305434
-2.38026
2.82407
1.69408
3.0737
2.55533
1.05216
0.573019
-0.0331208
8.81782
0.239224
0.137389
6.58172
2.9102
-2.565
5.13964
1.41548
-3.53815
4.27922
-3.17579
-0.161525
-4.01811
-1.92995
-1.49096
3.66108
1.54852
4.3483
-1.13542
1.22779
-1.17847
1.65154
2.95146
-6.47776
-8.849
5.28298
0.648328
4.13876
-4.90224
2.82505
-5.58379
4.14247
-3.59932
5.83794
3.49619
1.3246
5.60201
3.8719
0.461431
5.85952
-2.13886
0.637998
-2.06736
1.17172
9.43412
1.62866
2.68553
-1.99245
-4.08513
9.54378
3.88905
4.30371
4.50412
-0.0731899
2.10625
4.3876
-2.14265
9.20224
5.08845
0.582377
1.09451
2.80598
4.16143
3.15691
4.06755
-3.5071
-2.01814
-6.7202
-2.23223
5.58745
-0.293459
-1.02673
1.40871
-6.28256
3.39235
-3.99083
4.83509
0.438895
-5.80109
-6.34544
6.46059
1.51416
3.5195
3.96071
0.253984
4.34742
3.76102
0.973987
-3.81895
7.27714
2.63765
1.87303
-5.93604
0.286394
-5.18293
2.52633
-1.70672
-0.256782
-1.88684
-2.58678
-4.11698
-1.92974
2.51728
2.35645
3.68265
-0.141192
-3.90495
-3.38726
-2.68365
-5.18359
6.70804
0.309029
-6.45267
4.82135
5.92501
-4.47401
5.64111
1.89239
-1.40658
2.86918
4.7127
-11.3949
-2.6432
-0.697491
-0.246121
0.815086
-1.69857
3.3473
0.354556
-1.33458
0.926451
5.33124
4.47047
-1.99872
-1.87696
2.5221
3.21115
2.50132
-1.30109
6.18637
7.19172
-0.391542
6.70567
-0.0174951
5.9349
0.177985
3.73296
4.53699
-0.496982
1.80844
-1.13517
-3.74311
1.36231
5.6992
6.41814
4.17302
0.163447
1.20373
0.796047
0.613564
1.86253
2.83627
7.49023
4.98211
1.54493
0.0484801
1.9546
10.8827
9.02456
6.37558
-1.87169
-3.72088
2.26428
-3.61478
-0.735289
-1.33037
3.20854
4.80985
1.84803
5.73134
3.78204
8.31745
-2.7154
-1.46432
5.48421
1.40564
2.1593
6.52651
-0.453776
-4.60436
-1.20647
-2.04353
-3.26825
0.752583
-1.79414
-2.45507
-0.134711
0.309945
-3.1302
-5.93524
-0.150591
0.090713
-7.12644
-1.74531
-0.19173
-1.31741
1.34595
-1.89218
0.396637
5.62207
1.8661
2.45899
7.67957
4.30888
-4.92355
-0.356098
-0.301576
2.83365
-1.28429
-4.28797
-1.40656
1.93347
6.66038
-4.61964
-0.81341
-4.81335
-1.43664
3.31523
-2.93079
7.21571
4.32639
-1.14683
-2.49079
0.658055
3.65529
0.286122
3.58053
6.80361
6.17157
2.53328
1.50626
2.00081
1.45127
-0.703889
0.332055
-1.61009
5.83065
9.47917
3.05259
-1.95625
-3.56415
0.422249
-6.21879
-1.80044
-2.17328
1.0247
7.68778
-1.043
-0.498279
1.28296
0.241986
3.47396
4.41994
2.19032
3.39722
6.38922
-0.364283
4.38794
0.360217
5.06447
3.42621
1.36806
2.40469
-2.49566
5.20799
3.49803
2.29633
-3.84093
4.08117
6.72646
1.73035
4.44388
3.14262
7.6686
-2.76748
-0.326114
5.11445
3.79435
0.837756
2.95935
2.50068
1.67494
1.81836
-0.571026
-5.2468
5.85921
-1.56701
3.60688
-0.852396
5.52539
1.90262
-1.59059
0.451783
-1.81353
5.84755
1.079
-5.21536
-4.08431
4.2464
4.51216
-2.91116
0.589394
3.21751
2.86431
-2.89782
3.46283
2.66634
0.822434
-0.0634622
-2.60247
9.3966
-5.41833
-1.67363
-0.834397
2.0995
2.3072
3.55167
2.12903
-2.43256
3.48395
6.44122
0.834738
1.04514
9.00596
3.74472
3.30289
1.61931
-5.85814
-0.580054
1.1598
-10.0969
-3.17377
-0.751005
-1.2716
-6.49151
4.5102
2.72425
7.49723
6.20086
3.0405
3.2719
-0.355812
6.42863
5.83019
-1.54472
1.22731
-0.593661
2.19171
5.33694
2.56033
-0.874874
-3.31451
-3.35034
-8.31708
4.11964
-3.18281
4.57353
7.55792
0.961547
-5.76781
-1.22265
-2.63191
6.32081
-7.98004
-2.0767
2.57575
7.5004
-6.21695
-2.84232
-1.55851
7.22901
-1.63092
0.889964
5.62044
2.92444
6.27949
-5.18543
-0.664221
2.67594
-4.27849
6.01878
1.38022
-1.93137
-6.46184
-2.37879
0.421819
-5.04876
-2.98189
-0.91924
-1.36878
1.55728
6.40781
-0.862307
1.50975
2.86642
-2.68204
-0.903999
3.50892
5.76176
7.10729
1.53073
-1.29236
6.33474
-3.85624
2.97749
3.14018
-0.077378
2.1774
4.33992
2.17328
-13.4765
0.843909
3.31061
0.624889
7.27977
-0.619342
5.30119
2.43091
2.55928
-3.53057
4.56392
0.294348
2.56518
-3.28103
10.0183
3.92085
0.857594
6.4332
-8.38661
0.253751
0.433382
-4.94582
1.06776
6.756
-2.54769
-11.8451
-0.739396
-7.70035
2.65818
7.32075
5.46851
-2.89577
0.368206
-1.11734
-0.335038
-0.974887
-1.21928
6.51679
1.90493
4.13395
3.15459
-0.328616
0.816299
1.88987
5.9084
-3.17549
-0.920517
-0.916304
-0.442831
6.77242
4.46103
-0.998409
5.66276
1.00332
-0.729943
2.79987
3.43778
2.06603
3.19327
1.18091
-4.43649
-2.41698
3.39507
1.38897
-2.42419
-3.45762
0.594375
-0.342115
1.18988
4.24887
-0.685334
-3.19739
-10.4882
2.87592
-8.48515
3.21128
2.36347
5.18332
0.601204
-1.84286
-3.92202
3.66183
-1.35815
-5.82556
4.83162
3.13326
-0.256078
-0.78599
0.298899
0.725947
4.18318
-2.60997
-0.601273
-8.12546
-4.68473
1.06477
-10.9751
2.62403
-1.37203
4.17662
8.29585
-4.0747
3.97933
-2.21141
11.0659
1.63091
2.18411
-1.75308
-7.37279
0.0994045
-3.02989
1.84555
1.73255
-0.687235
3.08078
4.87999
6.2333
2.70798
3.26193
4.05529
3.07592
-5.09473
-4.20986
-3.12763
7.80168
0.0217925
3.44478
8.14861
-2.83649
2.16233
-1.0774
4.52527
6.4913
5.55858
4.4464
-1.42867
-1.69592
3.23512
-11.2239
-0.467463
-5.92884
-4.53662
-6.40725
2.0784
-2.12649
4.11873
7.49276
0.380745
4.19472
3.13893
2.65288
2.92987
2.24758
3.41247
1.74112
5.94997
10.4564
3.10952
-4.01727
-2.60182
-1.54862
2.39966
-5.66489
2.75306
5.29501
-0.720685
1.93399
1.57652
4.40971
1.78483
2.1056
0.986219
8.34508
-0.30826
-4.2377
3.46627
-7.07292
-0.180773
4.61511
-4.31124
-4.11922
1.90538
1.45053
0.492038
5.41467
-4.11278
-0.984967
-5.44114
1.16996
2.91159
5.17855
0.381657
-1.9606
0.373001
-3.73896
-0.756314
-3.16115
-3.29113
-1.73082
2.01924
2.35472
3.26073
4.84487
-0.649966
0.220235
-4.01839
4.46134
8.28635
-3.56537
3.80857
2.09519
-0.343642
-4.04867
9.44644
3.44943
8.20564
5.26994
-3.78729
-2.51242
2.05932
7.5157
2.24589
3.95715
-1.12989
0.488582
0.275166
4.38801
-1.17587
4.10686
3.4375
-1.00836
2.86677
2.19226
-7.89235
0.6193
-3.51715
-5.746
-5.66717
-0.30008
5.39853
-4.64553
-6.69277
1.23887
4.12775
2.70766
-1.07894
2.48291
5.67624
1.98911
1.43793
5.55694
1.20736
0.0112173
-5.04409
4.91069
-6.53845
-2.18928
5.62831
2.06708
6.37091
3.12528
-3.2067
-5.35608
-1.95882
-1.83321
0.249928
4.41921
1.46303
7.46465
-0.630953
-6.5985
2.26101
13.8971
4.33601
0.749532
1.94466
0.48465
2.43221
-1.37776
2.13553
2.15619
-0.375406
-1.52694
5.94848
1.48808
-7.79999
-6.42926
0.653752
3.09441
7.75804
-0.183827
8.05316
-6.49031
-3.9981
2.80413
1.80946
1.13966
4.71576
-0.76369
-1.13919
2.699
5.69055
2.21595
4.83541
-1.05118
-4.81282
-3.29734
1.89904
-3.21393
1.94803
0.885731
7.66732
0.111876
2.67459
2.25304
0.040022
3.07466
-0.745621
3.53572
1.54803
-3.08247
-0.132642
-2.29113
7.8947
2.92305
3.43549
-0.188469
0.648424
-4.08926
-2.52669
5.27249
3.21068
-0.913493
6.38691
0.457703
4.28737
-5.40326
-4.6259
2.11553
1.03823
1.30632
2.76107
1.99144
1.02436
-1.57671
-8.55824
-2.1772
3.05097
2.39314
-5.54961
3.3954
7.10968
-2.55405
-6.28514
0.447152
-9.7334
2.75626
3.65803
-0.126811
-0.691748
2.5198
-13.981
-1.06467
-1.35938
2.93288
1.3479
0.151823
2.27619
-6.47155
5.00545
8.76799
2.99927
2.97995
1.88593
2.58501
0.0841472
7.25722
2.32676
-0.734573
-0.84479
-6.69511
-0.814408
2.06707
-0.514131
-0.173823
-8.67863
0.630798
-1.13074
4.41325
2.18431
-0.523762
2.23632
1.46067
3.13564
-0.851811
-2.8678
3.92748
1.2065
3.06409
1.60196
0.0181114
-1.3919
-1.86023
-3.37011
-2.14851
0.359325
-6.64724
2.40558
4.20291
3.44644
0.691373
5.55195
6.09446
-0.365756
1.02088
-3.81628
8.11423
-3.58352
-5.3205
-0.587463
-1.31575
1.00479
-0.931528
8.29769
0.331504
-0.466676
2.89134
-5.93425
-2.19106
1.75944
6.16393
-5.57343
-1.99929
5.36543
-9.17091
1.01639
-0.675555
3.42669
2.39322
4.36876
1.12812
0.0630655
-4.00499
-1.55354
1.10468
2.36917
-2.74125
-6.60549
0.242189
1.75865
-3.4644
1.90884
-0.206417
1.09205
-8.85162
-5.09293
1.24645
-1.84063
-0.00431296
3.02158
4.25971
-0.366671
1.9025
1.58621
7.42209
3.18688
3.88981
-2.47174
-5.41448
2.94209
5.15897
-0.326277
-3.21201
-8.14444
-3.96586
-11.8819
-0.613498
6.29487
4.56491
5.76824
9.89035
0.611433
3.65804
-2.19991
-0.652644
5.80863
-1.33102
-0.0861302
3.64744
-0.481769
2.98128
-0.0601387
-0.904926
4.97644
2.21822
0.0980701
-4.73383
-0.164364
-1.05355
7.51118
6.78956
-0.399283
4.89947
2.84485
2.64501
-2.36981
-1.9077
1.66246
-2.92019
-4.39152
-10.3499
-0.563686
1.51698
-0.811157
-3.60153
5.05631
1.55584
-6.17188
-10.7543
-2.79453
1.22129
2.30757
-10.9181
-2.78957
0.132876
5.08264
7.0496
-6.00584
-0.160989
-2.26634
6.15279
2.61863
4.49814
5.01022
-6.20892
-3.8186
-0.562532
-0.0396337
-1.69863
1.94515
7.76535
10.1021
3.10989
-1.22165
-2.49263
1.18345
4.88433
0.506636
-0.318225
-1.49466
1.85275
3.3845
-1.18573
-5.74427
7.08467
-1.03945
0.9392
2.33925
-7.08463
3.93805
3.76626
-0.512621
-3.99798
0.895903
-0.0170497
-0.705268
-2.50785
8.33984
4.67375
-2.71109
-1.39039
2.77137
2.07788
3.36656
-5.25007
-3.53152
3.8805
4.50875
-3.19154
1.12853
1.75478
2.6558
5.61048
-0.142161
-4.01255
-1.49679
-3.44204
3.74334
3.04126
-1.8617
1.3335
-0.380207
2.26596
-1.30987
9.7136
3.47029
5.88358
3.85701
2.04428
1.64946
3.27061
-2.69306
-4.81204
0.267852
-2.23205
-0.00907601
-2.19002
4.31118
1.05393
7.02834
-2.6945
-2.79552
2.19637
-0.963357
0.377104
3.23694
1.80657
7.65065
-1.53301
0.40955
5.45795
-1.3207
-0.0690935
-6.18512
5.75317
-1.96211
-0.0381835
4.07327
0.225051
-0.0718658
-5.80937
4.46124
-1.74191
3.41801
-3.75011
3.62101
-2.37399
1.32766
3.17949
0.57706
3.94176
-1.64992
-1.4687
2.80695
-7.69117
1.01204
-4.71506
-3.75352
-2.12137
-0.917155
1.39009
6.4344
0.888738
1.3068
0.381921
3.4264
0.106116
1.78867
4.83631
7.80655
2.32278
-3.13053
-1.65973
-6.0454
-0.225797
1.23304
-1.94449
4.06978
-0.44259
1.98663
-2.61962
4.02128
-3.09127
-4.05818
0.873259
-1.42103
5.08338
2.28076
9.02748
4.62655
8.07269
-2.71372
-3.87132
4.26256
5.48678
-2.52832
1.15268
-1.57102
-0.599877
-8.1949
2.14839
-2.88554
4.47764
-0.760107
2.53982
0.507585
0.650543
-0.777193
0.614981
-1.8015
6.37512
-2.49756
3.22099
3.29521
3.93673
2.78497
0.705072
-4.98281
-0.220866
8.63846
-3.7177
6.82519
2.18354
4.39985
-1.47885
3.68119
-0.801929
1.68576
6.36888
3.94057
5.317
2.82081
8.01061
3.42045
7.56414
1.26407
-1.78083
-9.0161
0.497774
6.34705
0.399747
1.56607
-4.91376
-5.79866
7.08177
1.9296
-1.76671
1.02752
-10.7973
2.63321
-5.18109
4.87679
-3.13786
0.0418834
-0.338358
4.25223
5.0933
2.19104
-1.01556
7.18037
1.26541
-6.44824
0.226062
4.04231
5.81679
9.50892
-1.34721
1.10334
8.15987
1.54455
4.81237
4.46523
-7.09087
3.04661
0.634956
2.95577
-6.26984
3.06708
1.23218
-1.39296
4.79566
0.971675
1.65691
-3.11237
-5.90839
-1.04754
-1.19718
3.1478
3.91162
-1.95934
-5.11178
-4.72831
1.74711
-5.85236
-0.130926
0.6519
-1.98157
-8.37961
-2.8481
1.20633
-4.30216
1.21548
-5.33387
-2.57591
1.5177
3.2415
-4.56138
4.72302
-2.58346
-2.1401
-0.688121
2.13051
0.989349
-1.99067
3.28185
-1.50249
-5.07872
-0.869217
1.74297
2.0798
1.32564
-1.9265
-6.37427
1.30402
1.32496
1.69325
-5.66838
2.21372
-5.87158
4.05297
2.75863
0.402798
-5.87319
-2.23074
0.812516
-0.231579
-2.10869
-2.3287
-5.50723
-6.1226
-2.54536
-3.46735
-0.836434
0.23705
1.04624
-4.81457
0.547178
-3.75378
1.94049
0.122864
-0.831131
5.17782
2.74743
10.9072
-1.23545
-5.20521
-1.58887
2.86456
-7.5358
-1.03477
-6.72685
-8.25241
-5.01786
-8.19481
-1.89956
-7.51777
-1.67768
-5.20033
-10.6353
-4.6175
1.16499
-7.93254
-1.51648
1.86154
5.09962
1.27618
-6.55961
4.76092
0.383711
1.87734
-2.11777
-4.04703
-1.59715
5.873
2.30144
-6.5493
3.21667
3.60505
2.64214
1.46761
-6.10512
-5.31828
0.660179
-1.45186
0.0671995
-0.104191
2.56874
-3.4667
1.07352
5.5302
-3.21434
1.48558
0.559696
1.50085
-0.882852
-2.20399
4.15974
-0.110692
0.364666
-2.05416
-3.42159
3.41327
1.89676
5.83051
3.86064
1.9622
-3.45859
-3.2978
1.23736
-1.79993
5.07891
0.25404
2.84176
-4.80796
3.18012
-1.81807
1.33149
-2.59329
5.49147
2.67923
4.71648
7.59596
2.87386
-1.58267
-5.05994
-3.94315
1.4035
1.18759
5.74101
-4.19572
-2.96363
-2.882
-1.62117
-4.41879
-0.00308192
3.36305
5.0389
2.35995
3.9613
1.76749
7.44072
-3.74918
-5.928
-3.11009
-2.21798
-0.331516
1.80617
-0.373088
0.418033
-0.578893
-5.41185
3.82541
-2.03012
-2.02696
-6.09404
0.529525
10.6777
0.442218
-1.57227
-0.314161
4.1785
5.59623
2.88139
0.838462
-1.61315
-3.57458
0.430406
-4.04949
0.276515
0.875321
-11.9335
-0.400326
4.87813
5.85391
-3.06539
-0.256914
-7.45099
2.48336
4.88921
0.00609688
1.25471
-4.46384
-7.00976
-1.41783
1.67153
-0.603348
-7.59098
4.64651
-3.23969
2.53357
-3.21196
1.98784
9.05469
4.76716
0.2694
-0.805474
3.75317
0.532158
0.890532
7.69479
4.5707
-3.24038
-6.3908
-2.99302
0.247768
2.60546
4.3557
3.40621
2.03471
0.30997
5.41992
0.369319
-0.317151
2.08611
5.86641
0.682259
3.58353
2.66119
1.02259
-3.09246
2.70747
2.04149
2.50868
3.34918
1.75269
-0.840756
-1.24629
5.76284
-1.93844
-4.73784
7.54556
1.78115
6.17846
1.11187
-2.854
3.66481
4.75619
-0.980579
0.350645
-2.92532
2.59256
1.38435
0.589674
1.78751
-0.583098
-0.27944
-1.29671
4.25272
-6.52349
1.49184
3.32659
0.294262
-1.89472
0.930508
8.20908
-0.811884
-0.350482
-3.06617
-1.21556
6.61548
2.48525
-3.30102
1.12293
-1.57392
-6.04927
2.52985
6.07933
-2.32726
1.77222
-0.887636
-2.70287
-6.84189
-3.37275
-6.04641
1.36758
-2.55208
-0.623647
2.99608
-6.61061
5.67967
-3.6061
-4.17177
-9.24863
-0.912817
-1.46989
5.6111
-2.7267
-1.76699
2.54741
-0.958164
7.12561
-10.6962
5.99479
-1.22297
-2.01838
16.4609
6.57943
-0.388157
4.92533
2.13779
-3.45457
3.26912
-0.363916
-1.48407
2.31181
-0.97253
-2.23587
4.33944
-1.92185
1.5515
0.52132
-1.12831
2.64116
4.11886
-4.61366
4.98043
-3.78839
4.44204
-3.60361
-0.386367
1.4194
6.65943
-4.9336
-0.0110698
2.20185
0.440684
-2.37656
-8.66008
3.07132
2.37469
0.663073
-8.27133
4.63277
1.27349
-0.720327
-5.12287
-9.05403
-3.09031
2.90018
2.18019
6.12776
2.97215
2.77446
0.0704367
-9.16911
0.888743
1.47961
4.46613
2.01176
2.40135
-0.56178
-3.26011
-0.480311
2.59997
1.99431
-4.8086
-0.516114
5.119
11.5195
1.20931
-2.51853
-4.46549
-5.67273
-0.482653
3.10283
1.64895
1.85845
2.65968
4.42062
7.7355
-5.0707
-0.362363
-0.182119
1.13894
-6.02213
-0.401335
0.362959
5.64002
-0.706057
1.15955
-2.46088
-2.53674
-7.59273
3.2732
-0.954765
5.90966
-4.63878
-1.97749
1.29183
7.13928
6.6805
3.07686
2.69674
5.35017
3.23552
2.31959
0.406056
-2.37578
-2.82053
1.18451
-1.02447
-0.207584
-2.91322
3.60014
-0.196772
4.16524
-7.77439
0.388437
11.0795
-4.05147
-0.290517
-3.15673
4.98635
5.13282
-0.405841
0.154717
0.545367
5.14549
2.12027
1.23076
-0.448176
2.27955
5.96174
0.965562
-6.55475
-2.08833
1.6387
2.02056
-3.24136
-1.37314
2.67114
1.19963
1.17537
4.84367
0.88874
-2.71584
-2.10433
4.41544
2.48015
1.67088
-0.0372376
-1.19609
4.5743
5.04207
1.50241
-0.952591
1.41177
4.55749
-1.34687
6.31032
-2.29036
5.34634
-5.37046
-3.28112
1.46663
1.06279
-0.397953
4.94689
1.37651
-9.43955
4.43321
2.14397
-3.47673
-6.70243
6.77882
-4.99472
-1.62815
0.295993
1.02026
1.59972
-0.847656
-0.965806
-0.63809
6.64258
4.32359
0.725688
-0.0482064
5.75315
3.83482
3.82072
-0.058632
-4.21369
5.4706
-1.18433
5.6025
3.35781
5.57778
0.681417
2.61372
3.67246
-1.15027
1.88879
1.08041
3.35055
1.24414
-3.51265
4.46136
0.197186
-0.757954
-3.16833
4.20387
1.44005
2.18118
0.556033
7.77527
-1.28658
-3.27177
4.32713
-8.18696
5.83553
7.41599
1.20574
-2.07804
2.14928
-1.64452
-6.88583
5.90288
3.022
2.32925
-6.83657
2.5495
0.277068
3.70111
-0.669443
2.64425
8.19462
2.26566
5.88239
-4.55409
-0.454745
0.605339
-0.804352
1.8516
-1.03322
10.1545
-0.947534
-3.43446
3.96634
0.444309
9.73252
5.44624
-5.67205
-3.62428
-0.569133
3.18864
-1.22502
-5.75818
-0.232425
0.26929
-2.84435
2.59815
-7.29023
2.51886
-4.13965
-3.91868
-2.02383
-8.11879
0.589819
-1.89482
3.43948
-0.530773
0.83197
-0.0626245
1.62382
-13.8359
-0.632512
2.54635
-0.641532
3.3913
3.79657
2.13464
-4.34083
-8.33146
3.73158
4.43866
1.76843
2.84029
-0.859213
-0.0257301
-2.15034
5.85105
1.24692
2.04135
-2.15398
2.13079
4.66797
1.48324
0.957029
0.839259
-0.116388
4.19106
0.638627
-2.86077
-1.81222
-6.4363
-0.109
4.12662
0.128789
6.36737
0.157377
2.37073
0.0283545
1.35112
4.86642
5.81847
4.44929
-2.79408
2.88684
-2.76951
0.152701
-1.32112
8.82248
1.84491
0.227606
6.33337
-4.52549
-1.26124
4.33131
4.66474
8.31335
-7.0003
0.182514
3.24344
2.15021
4.67928
5.45408
7.20699
-1.75678
2.28794
7.13091
-7.03046
3.62911
-2.37312
-1.23458
0.497172
-0.325243
6.80135
-1.20273
2.43235
-2.33265
-1.63168
1.40709
10.0199
6.78949
6.46451
7.51206
0.38287
-2.59654
0.172344
5.01985
11.4371
3.91685
9.35405
-2.03527
4.75534
-1.68023
7.99818
4.25881
-2.68433
3.40397
-1.4668
-2.83122
2.23711
1.11201
1.92133
-4.43866
-4.09771
-2.47802
3.39262
0.200084
4.08378
-1.14411
-2.09492
3.84181
7.1992
3.03303
-3.37666
3.01785
1.26108
-1.62915
3.48333
1.48583
5.06908
3.20152
2.00318
-5.19146
5.49865
5.26255
0.837972
2.54308
0.96358
3.04181
0.747798
4.6726
0.292272
-2.00674
3.04493
1.95775
6.0825
8.53587
5.8851
0.181746
1.29912
-2.17423
7.88613
-5.85461
4.22987
1.79066
0.431895
-2.48031
-2.45088
2.35018
-0.205215
0.158724
4.27958
3.40397
3.58715
7.43848
-1.94569
6.62646
-1.36168
-0.924032
3.25162
-7.59132
0.691015
-11.5653
0.766557
-0.834576
8.50533
1.77343
2.88852
-3.4819
4.42735
6.3169
1.98216
3.11113
3.41833
0.16552
-2.26255
-2.12795
-5.67164
5.08216
2.13266
-5.01666
-11.1341
4.9639
-0.517005
-1.32584
-3.44245
0.7833
2.47261
3.60851
-2.72303
5.24796
1.58851
0.811517
0.49775
0.491694
4.79567
7.89625
6.35698
3.39569
0.516255
3.4649
0.278932
-1.94862
-0.647878
5.44239
6.91742
-0.310654
4.34576
-1.80118
-5.02495
6.87946
-2.74597
4.80868
4.90339
2.7515
-5.4504
6.16417
-0.432737
4.29147
0.696976
3.48666
9.87727
2.70365
-3.71575
3.30042
-4.00822
4.13421
1.12258
-1.99569
5.06545
-1.51374
3.82891
-4.19269
-10.5847
5.44407
2.92617
-1.65717
1.26835
4.68235
-3.45768
-6.13469
-2.62985
-6.72625
-2.12149
4.35673
8.33288
0.703599
3.10722
-5.99967
4.5885
3.16367
-2.42364
4.53788
-4.79126
1.05072
3.09437
4.47032
-1.84333
5.00048
5.47574
3.46205
-4.22856
-0.649828
6.99448
-0.897921
3.97411
3.09634
3.18785
2.28646
8.76997
3.83144
-1.84566
-2.21527
0.102489
4.39858
9.71737
-1.79451
1.18698
-3.47674
1.23772
2.84548
1.08132
5.13965
4.22289
-3.78554
2.93931
1.53872
2.28694
7.35219
1.48773
8.84669
4.749
4.95116
2.69511
4.96455
-1.19839
-2.59423
-5.2823
0.86208
4.18152
4.27837
4.14418
-3.42501
-0.515882
6.76349
-3.49386
6.87785
2.97904
-4.97291
-1.68086
2.56184
6.01412
-1.32321
3.82421
2.6392
3.15996
5.56169
1.0301
-4.842
-1.10821
-5.78673
2.21678
-4.91445
5.55605
2.21623
-6.06494
1.95764
5.53523
2.93856
-0.670891
2.17749
4.27933
5.94703
4.90523
4.76449
-3.19081
5.77864
3.5542
-0.502434
-3.03879
5.94168
-5.06863
3.59399
2.17479
0.747132
7.78264
3.77856
6.13301
0.163454
4.30249
2.88452
6.97136
-2.05476
1.39856
-1.41505
3.19093
-1.24325
-2.52623
-1.75033
1.87717
4.39277
3.60293
3.57696
4.42109
0.536871
6.41043
8.42047
-0.384051
-3.5259
-6.17613
0.250045
3.7507
-0.0385627
0.282647
3.40699
-7.23384
-2.44047
0.907585
5.49471
2.27448
0.675177
1.50007
1.99534
10.5867
12.9345
4.9912
2.20486
6.10759
-1.42027
-4.63447
-2.42516
1.87449
3.77705
-5.41413
9.6562
-0.354327
3.26734
-2.66678
4.92142
2.1692
8.18785
4.04899
0.581042
10.3102
0.855467
-5.70715
4.16656
7.97126
4.14039
7.62424
2.82173
5.70363
3.66688
1.23472
0.00942483
-3.10196
-3.65611
1.60825
-0.449905
4.529
3.92096
-1.4693
3.90003
-1.37881
-1.23515
0.540929
0.562014
1.82129
6.14354
-5.06378
-0.703117
3.72046
3.85908
2.50862
-10.3208
-1.77304
9.4303
-1.11341
-0.0801562
-0.0318103
4.30003
1.65502
4.51848
1.12888
0.393311
7.45918
3.97225
6.5662
3.8595
-1.13104
1.35082
-4.87371
1.82662
-1.66679
-5.0941
10.7115
4.25654
0.459895
2.98986
4.67357
2.09166
4.41404
10.4302
-0.339739
12.7805
-2.81944
-5.03085
2.6659
-1.21256
4.62426
2.8995
-9.00009
1.86021
1.15072
1.3573
7.79239
0.805109
8.9872
-1.04705
9.2039
5.6437
1.57883
2.83903
4.11267
9.01315
10.9728
1.7624
0.078806
2.89895
2.62485
3.20484
0.46218
3.72697
-3.49712
0.318556
-11.1023
-3.87753
1.79914
2.52419
0.798326
3.79694
-6.81482
-4.3274
-2.68623
5.53282
-2.51729
0.472177
0.00668651
-0.625244
-0.952576
3.20808
0.597144
5.00562
3.42178
0.535207
-4.85229
0.316468
-0.682287
-2.54745
-2.17086
4.83587
-4.76246
0.1164
1.46756
4.06182
-1.09596
3.18043
6.72797
-1.63084
1.65169
-2.22787
-2.73949
-2.07631
5.02848
7.68526
4.35179
7.11554
2.44214
-2.28331
4.54944
8.76796
4.71522
-5.8383
0.243664
7.23214
0.539216
-4.12557
-1.1062
3.82444
-0.33005
-5.00542
1.81816
2.79623
4.3414
2.76865
6.41308
-3.96467
1.30151
2.52905
-1.0045
2.89337
2.95724
-4.15506
3.91529
-2.6733
3.40629
0.057319
0.769381
1.69284
-6.25824
0.371478
1.4137
0.0370799
4.22964
8.32246
3.55667
3.87898
0.00629069
-3.72355
-1.49975
-3.67709
1.69649
7.92692
0.542316
-1.49785
2.22421
-1.65946
-0.693031
-0.95451
-3.96623
5.03208
6.66468
-4.59911
2.20455
0.915442
-6.97573
-0.695362
3.6326
-0.780541
-2.49128
3.14666
-3.62706
-0.463198
-2.24111
-2.3663
2.91114
5.12536
4.21549
-3.59705
4.22436
5.42553
4.13254
-2.90546
-8.88114
-0.4445
5.60535
-2.85911
6.0195
6.61866
2.49088
1.87212
8.98876
1.77335
1.96884
-5.13549
-4.75393
1.95815
-2.02776
-6.4149
0.379923
-5.18937
0.350488
-0.682142
-0.388679
-2.31574
-3.87786
2.48423
6.14475
1.94777
0.353048
-3.31503
7.54431
-0.836862
6.65033
0.581085
1.82124
7.61296
-4.78893
-9.12956
-3.23552
1.19016
-0.792508
-5.91137
0.373482
2.57145
0.562155
3.74229
0.162699
-8.74118
3.84617
-0.801152
-3.27263
-8.75901
10.938
4.36508
2.91595
8.1145
3.0114
0.40856
0.00146586
1.50415
3.06193
0.0191312
5.57097
2.97976
-2.52023
-3.82825
3.12042
0.225235
9.0471
3.68555
-1.23961
7.36541
-1.45048
5.78496
3.54571
2.30359
6.12177
5.77765
0.858292
0.948303
-2.32978
1.03849
-4.64985
-8.79737
2.40117
-0.581055
1.58376
1.54614
-1.67839
0.74437
2.29308
-3.34299
2.49241
2.64503
3.13629
1.14153
1.46757
0.320828
1.32379
2.80058
-1.62343
-4.34387
1.52614
-0.859534
8.17507
-3.90777
1.68711
-7.67368
-1.07043
2.98478
2.26097
-2.8049
-4.02746
10.8037
1.38137
0.483673
2.53891
-0.318619
-6.87397
-1.30586
-3.36394
-4.98044
-1.32231
6.27581
-0.0656749
-0.857774
3.39152
0.209547
3.41959
-0.555358
1.99145
1.76175
2.3435
1.54077
9.13655
7.72726
3.17595
-1.02351
-2.64848
