0.625172
0.65927
0.699361
0.808319
0.800453
0.730998
0.825601
0.662749
0.692039
0.744004
0.761997
0.645686
0.682586
0.551724
0.590962
0.640699
0.576034
0.518109
0.527739
0.38752
0.418381
0.439231
0.496313
0.427893
0.511939
0.505619
0.762542
0.62153
0.695674
0.607848
0.556847
0.502705
0.311542
0.280789
0.161691
0.144465
0.431834
0.543683
0.499594
0.450526
0.75247
0.727498
0.699547
0.612122
0.688327
0.891342
1.00377
0.947302
0.919711
0.681521
0.643404
0.777339
0.741188
0.838852
0.690456
0.563254
0.508809
0.458645
0.597898
0.626997
0.607939
0.526223
0.435903
0.26837
0.129607
0.156005
0.0387789
-0.0169019
-0.0311028
-0.103473
-0.182034
-0.0934978
-0.0220352
-0.0356173
-0.302316
-0.37867
-0.474934
-0.483475
-0.220922
-0.120707
-0.168216
0.00755108
-0.0412551
-0.256301
-0.240942
-0.184987
-0.287862
-0.425499
-0.232964
-0.241256
-0.163218
0.0585943
0.119618
0.139396
0.144297
0.274955
0.384741
0.379134
0.380966
0.102246
0.0689895
-0.0284357
-0.251423
-0.262493
-0.315613
-0.174068
-0.263161
-0.262371
-0.264414
-0.134546
-0.125415
-0.00804933
0.0893831
0.147784
0.199279
0.391397
0.238918
0.00380099
0.105363
-0.0538664
-0.157753
-0.159988
0.155991
0.25456
0.0526359
0.190859
0.00171224
0.112689
0.0988845
0.165076
0.231975
0.129788
0.00862455
-0.0578043
-0.0309906
-0.178646
0.164672
0.212239
0.303977
0.405739
0.350979
0.443128
0.453698
0.565389
0.588935
0.579222
0.608132
0.454847
0.417393
0.533192
0.473226
0.418334
0.674906
0.710243
0.925574
1.13784
1.08878
0.854075
0.627476
0.490274
0.340465
0.29989
0.186041
-0.0230923
-0.027623
0.0559127
0.213218
-0.0345337
-0.0644213
0.0707702
0.187452
0.309326
0.364629
0.368816
0.294844
0.177597
0.290869
0.187836
0.168323
0.17941
-0.0045701
-0.133675
-0.317391
-0.128118
-0.0788639
0.137414
0.0650941
0.133305
0.277826
0.270885
0.514686
0.459584
0.389206
0.510056
0.388755
0.41803
0.517818
0.596329
0.572505
0.669465
0.365918
0.202296
0.00131133
0.208254
-0.0254715
-0.0266947
-0.117804
-0.0672069
0.0556028
-0.0546611
-0.18342
-0.0650033
-0.3257
-0.24959
-0.425396
-0.36674
-0.500733
-0.402383
-0.491614
-0.49289
-0.469516
-0.393717
-0.435819
-0.572873
-0.578018
-0.63009
-0.556416
-0.261245
-0.151732
-0.02833
-0.0292938
-0.0177213
0.050314
0.0774073
0.00871911
0.189111
0.243773
0.357237
0.45539
0.526305
