2.15718
2.22837
-0.0106106
1.57661
0.0533717
1.52841
-0.164725
0.190099
-0.962351
-0.187154
-1.14868
0.920627
-0.20169
1.51512
0.888117
-1.6916
0.733598
-0.0549401
-0.146248
0.933157
0.224554
0.0500656
2.43208
-2.98394
1.76469
2.19741
-0.0241304
0.53299
1.02743
1.26466
3.1039
1.32373
-0.233804
1.22518
0.656888
0.361462
2.22074
0.0643951
0.871812
0.754822
-0.489061
1.44026
0.118629
0.63331
-0.619051
-0.914044
0.251854
0.583173
1.82809
0.191796
0.0366916
1.48627
-1.65253
0.681047
-0.72346
-0.688339
2.76627
0.637877
0.989649
0.360652
-0.433809
-0.987219
2.13429
-1.96281
2.29755
1.28244
-0.381701
0.998811
1.56511
-0.126848
-0.992803
-1.39227
1.07307
2.28753
-0.536112
1.0633
-0.575864
0.267888
0.65625
1.37243
-1.65503
1.67196
0.646061
-1.58037
1.20623
1.62557
0.507453
-1.75445
3.32129
0.387311
-2.27286
2.47415
-0.0340314
0.0517116
-1.42316
2.02304
1.24938
1.43064
2.46854
1.51439
-1.66089
0.788941
0.586884
1.52182
-2.6166
0.110033
1.29628
1.39282
1.05584
1.22143
0.922485
2.09438
1.14468
0.149023
0.994897
-1.48686
0.367014
-1.38069
0.917676
2.43051
2.03691
0.745
-0.156053
0.774256
2.44967
1.95192
2.24372
1.51349
-0.468603
0.206127
1.33972
0.178179
-1.74868
-0.430978
1.99096
0.16075
2.59353
0.298077
1.934
-0.457219
1.2598
0.884247
0.392582
1.61814
1.43659
1.53701
0.861216
1.50866
2.0087
2.58984
0.364741
1.44775
-2.25443
-1.42128
1.51693
-1.94105
0.283411
-1.03439
1.54444
0.725949
-0.999664
0.116189
1.87324
1.4025
-0.701102
-2.54038
-0.723627
-1.06338
-0.731812
-1.94286
0.64459
-2.66619
0.905426
-0.673
-0.432292
-0.995624
-1.08465
2.89207
0.351898
1.47122
0.554941
2.33671
0.156891
1.72177
0.403911
1.77194
0.736794
1.59533
1.36986
0.958728
-0.698895
1.31636
-0.213532
-0.499727
2.30991
-0.474075
2.04766
-0.989197
0.116356
-0.236777
1.75393
-0.592681
-1.52438
0.250564
-0.272481
0.476026
-0.623249
0.870231
1.13868
-0.83768
1.8849
-0.830662
0.171496
0.766995
0.0676075
2.12575
0.830433
1.0224
2.51002
1.27046
-2.6862
2.13754
-0.23769
0.345997
1.81782
-0.309534
0.657614
1.91613
-0.18778
1.52748
0.596816
1.3328
0.571768
-1.79927
-2.20927
1.14145
0.524477
-0.24383
0.404396
1.55632
2.61964
1.10933
-0.0965357
-3.02138
2.03207
-1.95311
-0.0604477
-1.13391
0.302817
1.63168
-0.714315
-0.295972
0.819113
0.9597
1.02608
1.16911
1.59221
-2.69957
0.365607
2.62533
0.772608
0.413295
-0.280226
1.37936
1.06776
1.34229
-1.22228
-0.0465023
-0.59475
0.545706
-1.95617
2.44711
-0.353461
3.30794
0.94243
0.0340151
1.60175
1.17106
-0.919194
0.536296
-1.59636
0.568924
0.916067
-0.667522
1.02694
-0.14912
1.66814
1.32776
1.22796
1.14036
0.822265
-1.65234
1.03121
2.33819
-0.337908
-1.81117
-1.94904
1.65891
0.105665
1.04635
-0.950916
0.140705
0.120023
-2.44539
-1.16789
0.581158
0.61978
-0.526191
1.74891
0.299327
-1.16823
0.561605
0.486713
0.120664
-0.523728
-0.339326
2.72818
1.18012
1.80419
-0.482313
1.07716
-0.538433
0.0281901
1.31296
0.446009
1.29103
-0.712775
0.68437
-3.03141
2.67696
2.11944
2.40171
0.244919
-0.333925
0.707303
0.08948
0.0544752
-0.0209702
-0.78334
-0.232445
0.913109
1.61036
0.0821781
1.22329
2.224
1.3918
1.72355
-1.31663
-1.1416
0.280848
-1.22523
-2.76373
1.38578
0.32472
2.89252
2.02452
2.14999
2.54114
2.95005
0.32451
-0.507823
0.21931
-0.77657
0.281634
-0.997627
0.478028
1.17148
-0.0710271
1.41648
-0.331219
0.238135
2.38328
-0.36796
1.74984
2.24042
-0.00153756
-2.75872
-1.01976
-0.723703
1.11467
-4.0543
-0.339949
1.34532
1.42369
0.986425
-0.227995
1.44513
-2.07765
3.13466
1.80549
0.259836
2.26099
-1.0577
1.99764
2.3835
0.679579
2.06084
1.0918
2.32332
-1.3103
-1.08256
1.81888
2.82987
1.17654
0.865855
-1.98732
0.254597
-1.20322
-0.0393888
0.239401
-3.28167
2.40468
0.486632
0.994739
0.357242
0.816783
1.97753
0.980793
0.26673
0.3366
1.35486
-0.217144
-2.34205
2.99709
0.837025
1.39632
1.15773
-0.892495
-0.65156
0.971052
1.34597
0.656463
-0.30624
0.220875
2.31482
1.85148
0.418718
-0.502462
1.43085
0.677966
-0.826307
-0.0311974
0.643674
2.50993
1.92566
-0.378421
0.920027
-0.910062
0.95124
-1.92252
0.377627
1.18334
1.55728
-1.22452
-2.21504
-0.59741
1.25271
1.58488
0.953278
0.0550923
-0.694043
1.06296
0.708664
2.68953
2.46598
0.562195
-0.894222
-0.0806109
0.980323
-0.935902
1.16471
1.13731
2.12773
1.05388
1.09051
-2.32334
-0.00134589
0.180705
0.905465
2.48289
0.491226
-0.544368
4.15376
1.87216
-0.212692
0.176991
0.614253
3.67531
-0.295677
1.33972
0.205855
-1.76671
-1.50439
0.67243
-0.68088
0.392422
1.9851
1.32197
-0.595917
0.151508
1.14723
1.2452
1.86398
-0.761069
-1.02785
-0.369899
0.0797946
-1.72288
0.29339
-0.452006
1.85236
-0.844702
0.208502
1.82454
1.63275
-0.810752
1.19416
1.09209
-0.0378857
0.90331
3.40014
0.722996
0.807065
2.78643
0.607632
-0.691399
0.87635
0.797502
-0.373038
1.56593
1.0529
-0.153119
-0.795087
0.0603469
0.93911
1.21136
1.13382
-0.952209
1.15805
-0.920399
1.0747
0.393927
-2.00531
-1.48022
0.13009
1.36709
1.1151
1.01258
0.0223562
-0.745246
-0.660658
2.71043
-1.9267
0.93209
0.279264
-0.000942149
1.38498
-1.35135
0.345338
1.25468
1.19538
-0.208236
-0.185751
1.0713
-2.16962
-0.503109
-0.302422
-0.701615
-0.568826
0.0737296
-1.24235
-1.10978
-0.55593
2.87458
-0.758072
-0.331151
-1.38181
-1.53843
1.74132
2.01258
-0.726102
1.48629
0.866155
0.396141
1.77232
0.757093
-0.282642
0.894486
1.32611
-0.156112
0.707678
0.419161
0.868455
1.27805
-1.22518
0.329519
0.958084
-0.692797
-0.473584
-1.28896
-0.680249
0.188695
-1.86942
2.12863
0.469333
0.421479
-0.335826
0.0811969
-2.94714
0.909468
0.470839
0.282909
0.349968
1.96704
0.872114
-0.823894
-0.216225
1.06262
-0.464056
-1.86218
-0.81987
0.750711
-0.820431
0.906801
0.701043
0.0998239
0.290907
-0.759577
-2.0831
0.0416071
1.83456
0.882719
-2.77268
0.451361
0.296465
0.271602
-1.89135
2.56208
0.206434
1.67072
1.21584
1.37536
1.29758
-0.82911
0.224848
-2.72016
1.59326
1.06133
0.384019
1.79441
-1.65026
-0.0655148
1.55802
1.76327
1.28769
-0.403028
0.694291
1.44746
0.302418
-0.308703
0.725481
1.26733
-1.80841
0.752763
-0.377111
0.298116
1.28824
-1.21204
-1.65717
1.07392
0.976481
1.75983
-0.381004
3.09754
0.976089
-1.35745
1.4584
1.399
0.892868
2.63588
-3.16846
0.300527
0.921184
1.54852
1.95191
2.24968
0.46258
-0.264329
-1.80881
1.0687
2.00901
1.31244
-0.959581
1.3058
2.19061
1.46642
0.399532
0.259426
-0.677151
-0.646284
0.875534
-0.100713
0.520175
0.604833
-0.348797
-0.527508
-0.136431
1.2375
-0.341522
2.43235
1.10152
3.53177
1.7362
2.3323
3.36563
-0.181155
-0.413413
1.11255
1.99281
-0.433052
-1.66217
1.1192
0.952054
2.58608
2.38205
1.02638
2.80821
1.47822
1.24975
-1.3285
-0.893604
0.58052
1.67177
0.623247
-0.673747
-0.647078
0.568563
1.34137
2.41874
0.690133
-0.03812
0.191684
0.502664
0.537249
2.09588
1.36879
1.17758
-1.27878
3.76209
-4.16219
2.11723
-0.497759
0.837602
2.17995
1.32142
0.726185
-0.282705
0.0492111
1.48958
1.30733
-0.126478
0.142005
-2.93762
2.72412
1.38822
2.82275
0.757046
-1.88134
-3.31146
-1.68474
0.746181
1.56088
0.0164218
-0.565165
-3.0583
0.640826
-0.476241
0.911379
2.24924
-1.29683
0.194342
0.336731
-2.30826
2.05062
0.0731881
1.67279
0.181715
1.51337
0.555422
1.07701
0.576875
-0.785303
-1.42255
1.45306
-0.975351
2.3269
-0.630819
3.59683
2.66066
-0.46857
0.120385
0.671934
0.463259
0.383296
0.287654
1.17712
0.340725
-0.485965
0.761938
-0.785957
-1.68809
0.705421
-0.981656
0.831058
1.99491
1.87097
-0.526605
0.822107
0.914498
1.02637
1.23541
0.511047
1.87895
-1.06344
-1.74226
-1.82701
0.891628
1.03489
1.01431
0.8698
0.783498
1.52053
-0.547713
0.17885
-0.815207
-0.576057
-0.115651
2.43714
0.911516
0.856205
0.426994
-0.29522
1.2438
1.15863
-0.449838
2.22351
1.56177
0.112915
2.18489
0.372492
-1.06385
0.251829
-1.13529
0.0224021
2.8183
-1.21102
-0.118048
0.0791591
1.42365
0.528372
0.520185
3.20744
-2.28565
-2.74018
0.916979
1.68589
-1.46124
1.02533
-0.591977
1.24939
0.37796
-1.40922
1.34994
0.328862
0.546925
-0.401055
-2.48197
0.0563755
1.08811
-0.263992
1.13897
-2.68105
2.74351
0.753657
-1.35254
1.18041
2.05724
-0.47197
0.244514
1.66794
1.93085
0.128187
-1.28123
1.27776
2.13298
-0.433413
-0.348971
-0.611789
-1.58706
0.692387
-1.08096
-0.291147
-1.5823
0.364089
2.02324
0.491501
1.19162
-1.15345
1.18844
-1.49638
-0.811513
-0.218024
-0.260843
0.575411
-0.376889
-0.00713182
1.72839
1.20493
-0.146237
0.249385
-1.8545
0.367847
1.16647
0.785337
0.946706
-0.845671
1.10344
0.819421
2.9353
1.55205
-0.814518
1.94341
1.95692
0.0321884
0.995028
-0.732519
1.84743
2.80495
0.0243992
-2.63711
0.963899
-0.632455
0.827718
-0.169051
-2.2962
0.914602
-0.686452
-2.31314
1.97685
1.65126
1.25388
-0.181298
2.76605
1.27538
0.359007
1.37506
3.15734
2.7694
2.42296
0.851819
1.86629
0.621598
1.0848
-0.0709816
1.57252
1.44327
0.570304
0.960256
0.636609
0.548742
3.1013
2.03606
-0.111131
2.70315
2.64847
0.0413421
-0.368828
0.443045
0.800301
-1.09808
1.53711
2.29766
-0.608425
-2.15572
1.02009
-2.98133
1.42224
-0.0422316
-0.0174595
0.191528
-0.994296
0.761309
-1.12762
-0.199728
-0.462141
0.406614
0.182475
-0.85857
-0.098063
1.75583
-1.48301
0.444623
0.272863
-0.295585
0.3744
0.644423
1.20392
-1.84442
-1.09008
-0.307319
1.88132
-1.88516
0.297126
1.55944
-1.8669
0.850385
1.94113
-0.963217
2.80301
-0.458109
-1.6097
-0.222515
1.36513
0.0626547
0.0663109
2.49886
-0.466646
-0.883578
0.3794
2.51618
1.0664
0.788057
0.251371
-0.154569
0.593602
0.351435
-0.990415
0.277435
1.00946
3.14214
-0.659764
-0.346131
2.21104
-0.330346
1.0632
0.202871
1.93377
0.819753
2.33076
-0.382252
0.993409
0.316845
1.74831
0.801008
1.20101
-1.74894
1.06513
-0.0673257
-4.2108
2.60876
0.949329
1.63722
0.400194
-0.785399
3.21199
3.61382
0.0763151
-0.522684
1.64276
1.94991
-0.395749
-1.31676
-0.836027
1.67044
-1.85276
1.61158
1.1118
0.241877
0.501079
2.94872
0.403117
2.24759
2.21834
0.175334
1.42984
1.91412
-2.12486
1.77798
1.10248
0.562987
0.639222
-0.0201095
1.94351
1.20507
-0.68869
0.395178
-1.32038
2.30985
1.91383
0.274897
0.228637
1.78245
1.28117
-0.373585
1.05669
-3.64779
1.16273
-0.0847036
1.81692
-2.91655
0.735261
-1.01759
-2.35036
1.04299
-0.0921959
1.39305
1.09179
1.92725
0.537687
1.55362
1.98501
-0.578578
0.160677
-0.697692
0.924267
1.62677
-1.64867
2.18827
1.10349
0.45515
0.00193986
0.0646319
0.800769
0.342593
-0.757894
1.63274
2.08079
1.80505
0.049538
0.425957
-0.343772
0.434951
1.34694
1.41834
1.32796
-0.466242
1.15516
0.74882
-0.115643
0.0113872
-0.231305
1.44446
1.43654
0.462495
0.184439
2.3952
0.419812
-0.542241
2.00413
1.7474
0.0936999
0.376658
-0.777855
-1.17953
1.23137
2.695
2.94427
-1.44521
2.07267
1.50266
0.555577
0.488732
0.482034
-2.88577
-1.52518
1.44558
-0.278508
-0.103918
0.706216
1.06732
-1.5361
-0.272156
0.632603
0.688468
-0.169163
2.06852
1.42788
2.67253
1.47474
-0.18423
0.269327
2.12667
-0.530783
0.106277
-0.656946
2.26475
0.255117
1.44518
1.7639
0.454638
1.18184
-1.03877
0.844245
-0.641753
-0.319105
0.751125
-0.357151
0.046142
-2.55043
0.620393
-3.20929
1.62196
-2.23044
-0.146091
1.18328
-1.76355
-0.393208
2.89191
-0.100829
0.419391
-0.171857
-0.244386
-0.473113
2.12062
-1.28257
0.9979
3.76782
0.824842
0.14175
1.04226
0.874722
-1.92764
-0.977659
0.806865
-3.82694
-0.118278
-1.14523
-1.29749
0.694349
1.06379
0.685897
0.589598
2.78282
-0.189796
2.16946
1.71435
-0.00958816
1.12836
-1.00039
0.876159
0.977141
0.87306
-2.93587
0.788138
1.81885
2.20723
3.86605
2.57229
2.73935
2.46376
-0.482473
-4.03237
1.56866
1.53329
1.08989
0.776463
2.56075
-0.561989
-3.52212
-0.712635
0.727199
-1.25374
1.88994
0.270769
0.696824
-0.702228
0.498894
-2.3012
1.87236
1.91076
-1.06684
-0.836481
1.55136
-0.0464692
2.01675
1.79607
-1.76487
0.279102
0.6192
1.05322
-0.0765763
-1.97834
0.0407594
-0.121002
-1.04215
1.13381
1.54787
0.595039
0.0319075
2.56511
1.35485
1.37395
0.785929
-0.567546
-0.886702
0.145618
0.125329
-0.283247
-1.20447
0.824502
0.228255
0.801912
0.214855
0.10778
0.844165
0.163463
1.44328
-1.15283
0.41374
1.135
-2.31157
1.38262
-1.62126
2.16038
1.58544
1.93654
0.934929
2.63079
2.65536
0.742577
-2.72906
-0.051601
0.326718
0.642765
1.57782
-1.37464
-0.932352
0.155599
1.45056
0.0487966
0.927084
-0.617681
1.32702
1.15336
1.39328
0.157358
1.37058
2.17894
1.47069
1.84249
-1.04884
-0.0256816
-0.0836422
1.07221
0.669311
-1.92082
-0.0713937
-0.5803
-1.02481
0.587975
1.07427
2.13968
1.36133
2.10848
2.73605
2.73114
1.47006
1.92058
2.50409
3.11482
2.18597
1.64714
1.02934
-1.41386
-0.200762
2.40272
0.450644
1.07919
0.622163
1.24557
1.39804
-0.176722
1.88906
2.83576
1.31587
-0.715728
-1.16096
0.84925
1.4851
-0.102526
1.17831
0.159758
2.02058
0.98541
-2.21166
0.47582
1.52046
2.16235
-1.65044
1.06816
2.09494
1.85521
-0.648965
1.26559
1.568
0.997786
0.554683
-1.37312
2.29843
-0.875756
3.00951
2.24432
0.973885
1.17899
0.655203
2.24856
1.56663
-0.0697879
-0.661862
-1.2027
0.908128
-1.49988
2.61605
0.855719
0.939215
-0.143619
3.75326
-0.203524
2.31335
-0.596593
-1.10038
0.180274
-0.407495
1.10493
0.914283
1.42025
1.05281
1.19412
0.141009
-0.991085
2.46958
-0.124398
2.00987
-1.62877
0.529637
0.495294
-1.67575
1.286
-0.665564
0.160456
-0.20706
1.30529
-0.66594
1.41669
1.31173
1.12211
-0.78806
2.10945
0.975312
3.14233
-1.91331
-1.9567
0.136364
1.55378
0.328764
0.489882
0.125147
2.24014
0.036309
-0.418697
2.66403
-0.0204102
1.86178
-0.7889
0.866188
-0.634007
-2.24581
-0.634445
2.40239
1.46315
1.23287
-3.60224
-0.985206
1.17721
-0.60374
-0.29406
-0.0318397
-2.61822
-0.033975
1.2726
1.24034
1.28127
1.95831
1.05736
1.02078
-0.943406
-1.19399
1.21582
0.0654791
0.8582
0.862844
0.412826
-1.16198
0.200145
1.83685
-4.2198
1.3272
1.41768
-0.127499
1.15159
2.79076
1.32509
-0.357333
-0.315565
-0.941499
-3.30929
-1.90786
1.33247
0.208443
-0.763159
-2.00135
0.628503
1.38312
-0.525179
0.758855
-2.18383
0.152902
-0.0179222
0.819918
1.77328
0.892222
0.739783
-0.716116
-0.75495
-0.124027
-0.239541
0.325163
0.941824
0.906975
1.72639
-3.38276
1.38334
-0.014881
2.34391
3.24889
1.26679
0.445627
-0.418559
1.37247
-0.428992
1.53989
1.04987
-1.7929
-0.828054
2.61395
1.63668
1.09573
0.539113
0.403423
-3.98829
2.74358
0.0435331
0.288872
0.997428
1.55327
1.8333
-1.92353
1.05985
0.32391
0.503875
0.498341
-0.876841
1.63851
3.22837
-0.453297
1.03634
-0.539976
0.278818
-0.558982
2.36745
2.06014
-1.56102
-1.73687
-1.89641
-0.168821
0.970887
-0.224494
-0.251823
1.79442
0.173451
0.854965
0.750151
0.26426
0.689015
2.86579
1.73405
2.28153
-1.99307
-1.24425
2.85313
1.83602
-1.23831
0.915408
-0.831361
-1.00438
1.61003
-0.936958
2.68209
1.08337
1.51418
-0.278997
0.504424
1.18382
1.40077
2.05415
3.00706
1.32498
1.21104
-0.0682239
0.0110571
0.396916
1.26163
0.567843
-2.92552
0.125436
1.2763
3.24677
0.463333
-1.18672
0.0119175
0.0463753
1.06912
0.00483145
-1.63147
0.100452
1.3949
0.720454
0.85406
1.27681
-0.267305
2.66321
-1.5146
-3.26174
-0.85546
0.818497
0.148318
1.2527
1.48582
-0.902293
-0.855395
1.85493
-1.2497
-1.7132
0.199079
0.71899
0.943175
0.536679
-0.641752
0.34576
-2.43712
2.28764
-0.170672
2.27308
-1.27398
2.03706
2.92613
0.309881
-0.30463
3.26688
1.47628
2.83705
-0.23824
-0.809076
-0.497307
-1.3292
0.951779
-1.35916
1.26013
1.25824
-0.450832
1.50587
-0.134805
-1.10954
1.61579
1.83489
0.715797
1.043
3.59839
-0.579178
1.44391
0.436311
-0.425239
1.20506
0.504362
1.82322
0.288038
-0.421543
-0.916155
0.70891
0.611957
0.506143
1.46577
0.265695
-0.312773
0.620686
-1.28355
-0.885161
0.329839
1.98626
0.363973
-0.568906
-0.901085
0.976631
-2.0345
1.34441
0.652628
0.718182
0.323462
1.11969
0.471036
0.57304
2.60398
2.48101
0.573505
-1.60531
-0.0993862
0.00769045
0.050369
1.21437
0.350347
2.80456
3.57986
-2.11614
1.39029
-2.69129
-2.08567
0.158436
-0.412538
-0.115385
-0.36956
0.00253794
-0.593519
0.873801
-1.58765
-2.02322
0.946947
2.87485
-1.14876
3.18957
-0.745521
0.75718
1.32179
1.71675
1.19344
0.315219
-0.979662
0.121383
2.29196
1.39595
1.03913
0.707525
2.3021
-1.24685
-1.3181
0.099976
0.438931
-2.3965
1.69478
0.887345
0.065909
1.3432
0.510075
-0.0941565
-0.569415
-0.114396
1.58825
0.108492
-0.3325
1.03365
1.79883
-1.37072
-0.380042
0.956326
0.735868
2.26668
1.98551
-0.0526889
0.733282
0.801506
1.63757
0.452757
-0.497093
-0.49973
2.07878
1.29368
-0.877149
1.33888
0.505919
-1.44342
-0.69635
0.730866
0.606367
1.37019
0.766367
-0.445078
-0.331303
0.196384
1.57673
1.24329
2.34254
0.426895
1.65784
0.541325
1.34792
1.07973
0.803169
1.39167
0.0885296
0.0748107
-1.44917
-1.42876
1.90657
0.351129
-0.0526379
1.95365
1.24085
-0.0465753
-0.589768
0.49853
2.3365
-0.705025
2.0212
0.201282
0.769143
-0.380145
2.88782
2.63481
2.69915
0.873659
-0.0555271
0.343907
1.78807
1.14714
1.97771
2.97154
-1.41635
-0.9926
1.61912
1.67767
-0.0994455
0.77696
1.23375
0.237497
0.776298
-0.309437
-1.67455
0.37648
-0.527068
0.334509
1.26711
-0.792668
-0.119577
-1.01803
-0.411999
0.665302
1.45824
-1.14961
0.413265
0.837891
2.37878
2.26903
1.17263
1.67755
1.33483
0.486499
1.38418
1.53713
0.774202
2.21454
1.2975
1.33726
0.92445
1.02292
3.08943
1.06407
2.2524
1.97457
3.28217
1.56186
2.33791
2.73008
3.05176
-0.0940041
0.298351
-0.416224
0.951203
1.59626
1.6438
-2.72078
2.0639
-1.12514
-1.86148
-0.416697
-0.535877
1.07703
0.0413549
-0.616202
-0.400121
0.215038
-0.200145
-1.70274
-3.05617
2.74616
0.55434
1.53257
-2.73712
0.303911
-0.766738
1.04005
1.88295
-1.05168
0.0481166
-0.97344
1.24808
-0.548885
0.53023
0.758291
2.37426
1.68434
1.73329
0.833691
-0.604704
0.871465
1.79651
1.90048
3.27136
-2.07129
-0.27346
1.13496
1.51554
1.9223
0.446129
1.00501
3.10954
3.18232
2.11061
1.00667
1.29832
0.676299
0.286239
-2.33572
0.905611
-0.0839142
-0.29205
-0.388862
-1.38571
0.465999
0.786414
0.93047
-0.476999
1.69181
1.92063
1.81084
1.15763
2.17095
2.49178
-0.410212
0.121915
-0.724406
2.20066
1.39755
1.97295
-1.81875
0.994347
0.526436
-0.240032
1.03793
1.5937
0.483185
-0.867278
-0.857812
-0.0256264
2.36643
-0.971085
-3.328
0.201315
1.59748
0.202587
0.776046
-0.103642
0.0427837
-1.45992
0.148065
0.295851
1.24183
-1.47207
0.846563
1.3752
2.21997
2.69482
0.392302
-1.08707
1.05668
0.561602
1.27684
-0.768057
0.0264421
1.30887
0.172839
2.3615
0.764165
-1.09832
-0.550877
1.23314
2.80923
1.49303
1.20293
2.4184
3.00862
0.663599
-0.847311
-0.142135
-1.23321
-0.584963
-1.11839
0.30418
-0.721171
-0.955507
-0.725814
-1.25276
1.09368
-0.380357
0.753929
-2.47485
-0.465748
1.48541
1.01413
1.97417
1.48173
-2.26441
-1.58222
-1.93576
1.37625
0.611703
1.82095
-0.593963
-0.187011
0.672476
1.05534
0.106028
1.45151
-0.133277
0.733756
0.193559
1.55486
-0.789851
-3.38671
2.37952
0.695014
-0.0957261
1.66064
0.501013
0.474292
-3.65388
0.395384
-0.56119
-2.92772
0.0683917
2.95998
-0.0234723
0.589079
2.25371
0.74342
1.21338
1.36582
1.27634
0.101595
2.72346
0.641994
0.183869
1.33698
2.14896
1.13418
0.83862
1.15648
-0.707599
0.0254877
0.592134
0.291093
1.3274
1.63069
0.990775
-1.04419
1.11121
0.20148
0.813218
1.84977
-0.209906
0.062249
1.29599
1.31653
-3.35752
1.82098
0.835961
0.590089
-1.43937
1.85853
0.154889
2.17021
1.53811
0.560186
2.40252
1.04061
1.12659
0.104405
2.41519
-1.68518
0.128192
0.296215
-1.63507
1.13452
0.309975
1.95163
-0.0867798
1.27856
0.466339
1.73336
2.06243
-1.31752
0.824194
1.22467
0.670737
-1.39776
-1.57812
-0.638591
2.10132
0.238613
-0.767938
0.464941
-0.229345
2.10434
0.918098
0.749903
2.90365
2.06323
2.89533
-0.854024
-1.57579
1.06466
-0.62232
-2.68564
1.04428
-1.44756
0.989084
-0.253535
0.631149
2.55012
1.3933
1.26163
1.0691
2.69608
1.87331
0.646677
0.849648
1.07141
1.31061
0.619099
0.515516
1.04806
-0.363077
0.19138
-0.730124
0.999781
0.505222
0.608243
1.9958
-1.5602
1.3388
1.04177
1.5626
0.994614
0.341981
0.80104
0.439082
0.526315
-1.97381
0.778376
1.98453
2.18821
0.600215
-0.104448
0.33761
1.0249
0.805529
0.701041
0.171748
-1.47997
2.39841
2.42225
2.08962
-0.0935006
0.880234
-1.36972
1.48129
1.08547
1.3681
1.55326
1.61635
-0.732385
0.908154
-1.26946
1.51977
2.19389
-2.00973
-0.289059
1.53522
1.27223
1.45597
0.592296
3.64328
0.0289151
-2.15967
-0.329004
1.82228
1.137
-1.77966
0.100557
-0.254939
-3.18134
1.01425
3.35155
1.80888
1.52491
1.25137
1.98946
-3.53591
1.20106
0.448738
2.80242
1.25642
-0.879256
0.909926
-0.267466
-0.931341
-0.232542
1.53496
2.02897
2.14364
-0.0136462
1.51213
2.28991
1.60091
2.09449
-0.610766
1.23184
-0.484499
-0.598751
0.733199
0.112745
0.403847
1.13051
2.38176
2.05678
-0.585296
1.74174
0.784379
0.0441253
0.767986
2.82932
0.236234
0.682661
0.875784
1.74812
2.41573
1.73236
0.00801755
-0.682333
-2.53958
1.14527
-1.62115
0.612303
2.67427
0.442167
-1.29811
1.21179
0.560451
0.319388
-0.0038885
0.910049
0.489909
0.849531
-1.02194
2.11339
0.836329
1.0652
-0.929431
0.448121
0.934284
1.45407
3.69135
2.18392
-0.993963
0.0780424
-0.00687066
-3.63622
-1.63295
-0.243137
1.13074
-2.02262
0.731724
-1.12453
1.75755
-1.71572
2.64977
3.33613
-1.10411
2.05989
0.870951
3.16299
1.51089
1.72099
-1.43283
-0.046955
0.562182
1.58487
0.538448
0.366595
0.169709
0.42648
-0.05049
0.260147
2.11799
-1.13252
0.9939
0.227187
1.33263
0.884329
1.29511
1.22321
0.424745
-0.37648
0.501981
0.335794
0.0824653
3.13257
0.45318
-1.5077
0.174555
-1.5577
-0.242879
0.739686
-1.40064
2.10664
-1.26911
-0.343155
-3.05993
-0.486995
0.682853
2.46625
2.23326
0.281389
0.342684
0.199518
0.919305
-1.45655
0.558291
0.701495
1.69455
0.866047
-1.56414
-0.55402
-1.49475
-0.384975
-0.662734
-0.840303
1.03004
-0.964111
1.83549
2.41455
2.24393
-0.595666
-0.769756
-0.85112
1.26156
0.673735
2.08785
-0.809056
1.49644
1.5004
2.08364
0.931829
1.06533
0.523336
-0.392145
0.508305
-0.511491
1.09695
2.39329
1.01957
-0.0744676
1.77594
0.859796
-2.49768
-1.36257
2.38045
0.138177
-1.17698
0.992222
1.09578
-0.537314
2.35654
-1.95741
-0.713009
0.947675
-0.119058
-1.85638
0.503231
0.834015
-0.524039
0.674057
1.75838
-0.277092
-0.299584
0.456941
1.63845
1.56155
0.340881
-1.26314
1.22408
-1.69209
-0.811879
1.86953
-0.634981
1.93963
0.730828
0.351048
1.98043
-0.455597
-0.960821
1.08058
0.0814068
0.775378
-1.44222
-2.98304
2.09313
1.40324
0.78917
0.174535
0.334944
0.226944
1.63598
1.9295
2.2211
0.407216
-1.27467
-1.27748
1.22784
1.13127
2.0285
-1.79361
-0.853878
1.76915
3.528
0.235838
0.893501
1.33268
-1.5213
1.56673
1.40228
1.59528
1.5943
1.85199
2.08425
1.35785
1.53363
0.78745
-0.524135
2.18613
0.558218
-0.310159
0.736781
3.52973
1.00927
-0.206415
1.88064
0.921271
1.60081
0.575742
0.0890367
3.58115
0.485103
1.8262
-0.0991368
1.12602
-1.11531
0.779968
-0.882467
-1.52356
-0.226575
1.74886
-2.14318
0.706209
0.965444
-0.645308
0.299405
-2.56711
-0.267039
1.77216
-0.996729
-0.244179
2.38013
1.67969
1.49078
2.04803
-1.78526
1.60341
0.370693
2.76375
-0.00734417
-1.1401
0.313742
-0.0143117
2.09155
3.45381
2.02398
1.07021
-2.06204
1.34291
-1.01585
1.53363
0.38729
0.436267
0.954347
-0.036695
2.72969
0.160546
1.43562
0.183317
-1.95279
-1.59253
-0.66973
0.605972
0.484188
0.565091
0.90742
1.78194
1.33453
-0.284815
-3.0408
1.76842
-1.90459
-0.814011
0.422077
0.774425
0.0803137
0.716781
2.36633
1.41078
-2.12541
1.18778
0.125171
-1.36951
1.59981
0.756362
-2.68829
-0.0492652
0.534129
0.581652
-0.31629
-0.202781
1.77023
-0.566548
1.62668
1.95232
0.951888
2.28015
-0.638525
0.74712
-1.34959
2.53879
0.819414
1.20271
-0.706497
0.52258
0.804963
1.85035
-0.897227
-0.141416
2.77177
1.54111
1.52082
2.33437
3.43597
1.91602
1.29503
-1.36368
0.440968
-0.137649
0.695863
1.27788
1.91473
0.745126
-1.27941
0.112938
-0.892709
0.277269
0.685445
1.72505
-1.14694
-1.95227
-1.6542
-0.491194
2.19702
-1.5257
-0.104054
1.27921
1.5953
-0.40421
1.23599
1.12506
-0.441672
0.293733
1.84524
2.42383
2.24205
-2.1496
1.14125
2.17018
-0.443614
0.83936
1.25849
0.445331
0.547571
-0.558782
1.06787
0.685897
1.89565
1.5377
1.15435
-0.148273
-0.398377
0.16165
-1.42859
0.0603167
-1.02546
0.902109
2.08746
0.564676
-1.33912
-1.73609
-0.379253
1.18333
2.50533
-0.31521
-1.44954
-0.888561
-0.226304
0.188914
-0.255523
0.418167
1.34377
0.438504
0.771457
0.789028
0.762631
0.239146
2.0842
0.634089
-0.300391
0.102264
2.0868
1.73948
0.874909
-1.35516
0.552443
-0.486895
-1.64671
-1.18391
-0.5259
0.484733
2.15153
2.38036
-3.75625
-0.0671623
0.200958
-0.789537
-1.94239
1.62694
-0.535643
-2.33841
2.27509
1.8416
2.47772
2.5058
0.623602
1.44637
0.651679
-1.99149
3.40408
-0.0229607
0.852742
-0.0600831
1.75129
0.0790149
-1.6131
-0.198902
-1.4136
-0.676157
-0.891725
1.12769
2.05872
1.56099
1.8174
-1.3317
0.798458
-1.62841
1.90455
1.15548
0.9767
0.280924
-0.309119
1.27304
1.4917
1.62157
-0.474076
3.01614
-0.35783
0.373753
0.404416
0.767092
2.72949
1.5999
0.640739
-0.760358
2.2606
1.41966
2.26926
-0.315257
-1.32826
1.56624
0.870769
0.0866052
1.15405
-0.425694
0.964211
1.23489
1.87324
-2.38928
-0.858703
1.94839
-1.18007
0.82823
1.37879
1.56782
-0.986098
-0.516208
-0.144739
-0.714639
1.49277
-0.314373
-0.297767
-0.148543
0.784194
-3.72198
-2.12973
1.92588
0.110371
0.446544
2.11694
0.638457
2.9035
0.0876335
0.174549
0.987934
2.28947
-0.744126
0.388076
-1.20779
0.876542
-0.314086
2.24871
1.99062
0.600299
1.11358
1.152
1.42891
-0.261725
-0.0515291
-0.480742
-0.0188446
-0.606372
3.09719
-0.211221
1.90321
-0.23631
1.64532
-0.838902
-0.741186
-0.421226
0.332004
1.12078
0.535918
1.69043
0.0541196
0.45464
1.02227
-1.86255
-1.04663
1.2917
-0.0473751
0.479613
-0.0322658
0.784951
-1.26985
0.926165
1.29441
-2.65985
-1.43966
-1.48542
-0.180408
3.21777
-2.24784
0.9834
-0.24026
0.269926
-2.71515
0.759786
0.797627
-2.09371
-1.43171
-1.0655
-1.27712
2.84981
0.439289
2.21241
1.8238
-0.977555
1.33777
3.52812
-1.54548
-2.46283
2.49566
2.09743
2.93567
0.0991883
-0.997579
-1.46343
-1.76716
-0.256992
3.38548
0.851609
0.988137
0.0396238
0.588607
1.67932
0.29166
-0.942067
-0.77286
1.88488
0.159071
-1.14484
-0.0855387
0.169022
2.27531
0.489691
2.62117
-0.11672
1.05532
-0.609687
0.253424
-0.918303
2.26569
0.0658748
0.761754
3.17852
1.17911
2.27652
2.25583
1.84718
0.67136
0.42817
2.6143
3.11974
1.07644
2.56061
1.93492
0.573139
1.18666
-0.574931
-0.194018
-0.29531
0.992898
-1.06904
-0.539451
0.278839
2.74788
0.575012
-1.5346
-1.33552
-1.14823
1.35223
1.4253
0.377127
0.28854
3.41599
0.184266
-0.20491
0.922232
1.29216
3.4092
1.35845
-2.44436
-0.990076
1.08442
0.518041
0.789521
2.68659
3.45098
0.55716
2.02527
-2.66126
2.43692
-0.0736681
-4.3366
0.935299
0.846632
1.94071
2.38504
0.0337422
-0.263278
0.561273
2.12887
0.80687
-0.212667
-0.257462
-0.67546
1.19797
-0.756622
0.0918963
0.159697
0.568871
0.907317
0.19364
0.497576
0.915204
0.301213
0.111753
0.407297
-2.34116
1.80813
0.981698
-1.06227
1.13005
2.13011
1.33071
0.00706608
0.480371
-1.16535
-0.998086
1.96676
2.36027
1.15708
2.81231
0.520972
0.833174
-1.1116
0.904172
1.12544
-0.261979
-0.070078
0.140821
1.43596
0.928645
-0.729307
-1.15905
1.46034
-1.4632
-1.96924
0.540228
2.31086
-1.65907
1.22693
-0.574995
1.49903
2.35538
-0.200084
-0.759378
0.816639
0.895434
0.88479
1.45346
-1.81557
1.52045
1.80414
2.04154
1.09481
-0.884252
1.00394
-0.668888
-0.0837163
