-0.391106
-0.387655
-0.434696
-0.601437
-0.584647
-0.585175
-0.505095
-0.7024
-0.590931
-0.445915
-0.536974
-0.623846
-0.510792
-0.596221
-0.662122
-0.856281
-0.82125
-0.701652
-0.672572
-0.606254
-0.605461
-0.493999
-0.576279
-0.625844
-0.686665
-0.717674
-0.398813
-0.291825
-0.353963
-0.219759
-0.22616
-0.269336
-0.134893
-0.0987179
-0.175206
-0.151361
0.0869046
-0.0139884
-0.08418
-0.100253
-0.02261
0.0237835
-0.00780693
-0.203684
-0.389895
-0.241644
-0.274961
-0.365083
-0.301435
-0.14077
-0.240597
-0.0725191
-0.0526367
-0.02158
-0.0681801
0.045256
0.13884
-0.040424
-0.207
-0.178092
-0.144056
0.0550191
0.0861956
-0.0379061
-0.0976306
-0.17205
0.0693461
0.0449377
0.032994
0.195098
0.0516138
0.0820503
0.0762496
0.156143
0.270557
0.215977
0.0353662
0.0920109
0.0498441
0.0669676
0.0883337
0.0813787
0.193078
0.133878
0.163835
0.155393
0.129181
0.0550723
-0.00664523
-0.0192964
0.152673
0.234727
0.245334
0.239404
0.217526
0.430554
0.282289
0.194662
0.0526615
0.0452511
0.185299
0.0953436
0.107158
0.202107
0.239571
0.078041
0.149099
0.165087
0.0939159
0.248238
0.0212638
0.0137108
0.0991092
0.131456
0.347239
0.368242
0.230366
0.263479
0.387035
0.50113
0.51702
0.609386
0.459312
0.433315
0.490231
0.585045
0.811763
0.965917
1.03728
0.889023
0.888103
0.771376
0.746042
0.8072
0.793538
0.825379
0.820483
0.826646
0.768503
0.748244
0.799329
0.802205
0.895801
0.817937
0.971419
0.908951
0.898889
0.88638
0.718943
0.766483
0.742272
0.799662
0.790064
0.851646
0.973587
0.828397
0.709885
0.680027
0.698736
0.596081
0.722294
0.66075
0.673157
0.645757
0.418226
0.546275
0.610968
0.549443
0.699818
0.68843
0.62203
0.672816
0.749062
0.601619
0.590106
0.455811
0.532111
0.541681
0.585304
0.553541
0.674933
0.857288
0.747983
0.609508
0.633083
0.658213
0.722855
0.602205
0.741593
0.692703
0.731158
0.739197
0.77344
0.862462
0.741546
0.906166
0.737845
0.742381
0.653417
0.735057
0.845998
1.05649
0.936807
1.02047
1.06728
0.953975
0.884051
0.851563
0.794202
0.781763
0.861448
0.918053
0.747292
0.84978
0.742195
0.473259
0.337531
0.408968
0.384295
0.506616
0.50331
0.583073
0.713941
0.878512
1.09274
1.12343
1.21129
1.22
1.19382
1.19607
1.20656
1.1327
0.988456
0.965144
1.02665
0.985479
0.94689
0.973351
0.944936
0.949347
1.17813
1.22347
1.31983
1.48341
1.50428
1.40426
1.31794
1.09534
1.2477
1.25365
1.31048
1.3941
1.51159
1.38933
1.19368
1.18483
1.0161
1.08084
1.11996
1.12478
1.12248
1.18477
1.22731
1.17428
1.06317
1.19088
1.0745
1.1129
1.00088
1.03112
0.924123
1.12063
1.14852
1.09585
1.24457
1.22698
1.17035
1.11319
1.03444
0.942744
1.01455
0.982326
0.971958
1.10002
0.989628
0.982368
0.766349
0.705919
0.62939
0.638102
0.735714
0.800273
0.797598
0.817032
0.783414
0.638717
0.736892
0.763465
0.705657
0.71159
0.767777
0.775595
0.841431
0.797385
0.693098
0.578018
0.486697
0.543091
0.504178
0.456456
0.312707
0.108575
0.051815
0.112642
0.0499696
0.245799
0.245338
0.301456
0.168938
0.208839
0.271239
0.351304
0.432148
0.464327
0.429416
0.528646
0.565082
0.571709
0.555466
0.844237
1.00748
1.05472
0.952485
0.760081
0.784322
0.743254
0.544794
0.456156
0.482809
0.436695
0.430072
0.60471
0.58549
0.422136
0.492907
0.44374
0.47489
0.342676
0.23178
0.181982
0.252431
0.25861
0.26152
0.276009
0.173444
0.18339
0.044767
-0.00958213
-0.116877
-0.0187482
-0.0539053
-0.100773
-0.3159
-0.225441
-0.116603
-0.158736
-0.210575
-0.0637781
-0.175932
-0.364745
-0.499555
-0.4789
-0.579488
-0.454951
-0.554216
-0.519585
-0.426404
-0.525025
-0.509523
-0.578215
-0.445429
-0.535418
-0.435928
-0.50416
-0.631692
-0.703764
-0.73352
-0.816724
-0.783025
-0.798134
-0.817836
-0.83354
-0.701528
-0.596446
-0.576654
-0.54636
-0.634535
-0.458095
-0.341178
-0.357256
