-0.00676049
1.64005
3.12584
2.04755
1.7982
-0.241886
-2.71055
2.54305
1.95393
2.34075
0.167295
-1.38888
-2.85988
-0.0362138
-0.234065
1.30167
2.01414
0.959213
-1.83955
1.66794
0.588015
-3.32572
-4.26193
0.0696981
-0.129861
1.08187
0.628428
-0.0414385
-0.492707
-0.279884
0.197444
-0.65108
-1.16954
-0.513457
0.712169
1.20234
2.6741
0.565923
0.636936
2.01088
0.752301
1.83841
0.985263
0.370944
0.204277
-0.311217
1.23205
-3.45246
-0.338328
3.04462
2.46669
-1.04718
2.23449
1.76285
0.513913
0.630843
1.93832
2.21739
1.50742
0.887554
0.989755
0.325217
-1.81028
0.940801
0.874147
1.79549
-0.227585
0.155478
1.57363
0.694787
-0.987261
-0.271583
-1.89561
1.33913
-1.14179
-0.877632
-0.90649
-0.806761
-0.936678
-1.3382
-0.165207
-0.770649
1.81762
-1.62341
-2.1104
-1.25332
-0.437776
-0.269324
2.01899
0.155111
2.09063
0.892436
2.36668
0.46566
0.608832
1.80269
0.612351
2.46688
0.710463
0.129216
1.31193
2.13366
2.11523
0.478963
2.82662
2.96165
-0.131502
1.06441
1.9628
-2.56456
-0.631363
0.551271
3.57308
0.741292
0.124688
3.28126
1.04984
1.10518
0.707497
1.39438
0.493438
0.34941
-1.17873
0.91293
-1.39152
0.211479
-0.0288623
-1.48432
-2.10991
0.621857
1.4138
1.23936
4.52986e-05
2.28173
0.522215
0.73662
2.64832
-0.615046
-1.7977
1.5833
-2.4277
0.287366
2.14538
2.14339
1.99222
0.631104
-0.223683
-1.43282
1.15127
1.10609
0.226345
-1.01802
0.174416
-0.598496
0.246203
-0.796967
-0.873197
-3.21037
0.557347
2.64463
0.877379
3.6146
2.38589
2.79698
0.267039
2.45552
2.4424
-0.875656
-0.750993
-1.36641
-2.91465
2.54941
1.18679
1.13651
-1.89623
1.05704
-0.244406
0.753158
0.814025
1.48356
-0.294526
1.6625
-0.332827
1.29756
-1.26343
0.575952
-0.992083
-0.335236
-0.912488
1.52497
0.870792
0.460172
1.55921
-1.20521
0.353101
-1.77223
1.29592
0.52691
-1.52651
1.04524
0.509194
1.10576
-2.8574
1.50022
1.09925
-0.358222
-2.38345
-0.824135
-1.16576
1.43332
2.39719
-0.812652
-0.931483
1.65785
-1.6264
0.183514
-0.869271
2.29669
-0.422581
3.62187
0.829055
1.319
-0.233319
0.683268
0.90793
1.87712
-0.623966
0.883719
0.189862
1.4106
3.11591
-1.47537
-0.643386
1.99009
-2.59204
1.56894
-0.127541
1.31508
1.25196
2.66007
3.81534
1.17384
3.81422
2.83013
1.17172
0.319387
1.76509
1.11194
1.5883
1.20401
-1.24566
0.210207
1.5743
3.05699
-0.178245
-2.23024
0.0636453
-2.89869
1.28826
2.15687
0.362594
3.94002
-0.281822
0.822854
0.227258
0.339091
1.70378
1.30838
3.75347
0.592815
-3.72041
1.0858
-3.37838
1.59255
-2.25832
1.09304
0.9049
0.869128
0.555615
-0.0253051
1.14057
0.780117
1.98855
2.2297
2.1125
2.49806
-0.0689861
3.10031
-0.0349557
-1.13707
3.53391
0.977064
-0.680239
1.66579
-0.530877
-1.11188
-1.47209
-0.799172
0.535297
-1.72623
1.0327
2.03514
-0.798977
2.62912
2.38548
-0.514603
2.88158
1.21634
0.974241
0.82678
3.47425
-0.346193
0.944012
1.33509
0.501317
-1.01629
-2.99376
-1.30559
0.127996
0.915292
1.3242
2.20289
0.158369
0.972973
2.72197
-1.76915
0.92367
1.00472
1.76739
-1.22082
-0.232754
-2.41363
0.778993
4.25621
1.17069
-1.68428
-2.49964
1.12184
-0.384453
0.230737
3.00071
0.465882
-1.07887
-2.23242
1.34077
0.3622
-0.808712
-0.155358
0.740516
1.14772
1.23702
2.00466
0.368695
0.846476
2.94676
0.93446
3.39813
2.77578
0.303008
0.644415
-0.282858
1.32327
1.14769
2.59032
2.11123
2.68814
0.979481
1.44644
-1.18566
-0.0488964
1.11838
1.43543
-1.10743
-1.18175
0.852389
4.51565
-0.326972
1.37658
0.356605
-0.710017
-1.12874
-0.462501
-1.46374
1.19395
-0.597303
2.0481
2.05755
0.210512
2.38697
0.0177246
-0.903764
-2.51933
-0.21043
1.91068
-1.96881
0.258491
1.82407
3.51424
-1.11041
3.01897
-1.3754
2.76338
-1.4498
-0.992183
1.06746
-0.516751
-1.02059
-2.32021
1.38637
1.44932
1.61182
2.14221
-2.42402
0.692737
1.6168
-2.55334
1.12776
0.886634
-0.0637379
2.52714
1.97877
-0.432574
2.33775
-1.30792
-0.620978
-0.552095
-1.92089
0.657429
0.743435
-2.35923
1.135
0.467585
-1.76784
0.0979124
0.374619
0.85171
1.03011
-0.118002
1.10835
-0.638618
0.206418
0.984998
1.11622
-2.54167
2.88127
3.57482
-0.382508
-1.24375
0.156
-1.24834
1.25949
-1.39697
1.97631
3.28449
0.300908
-0.90387
2.24713
-2.29955
1.40853
0.96764
-1.03108
0.221214
-0.71173
2.58216
1.73532
0.930863
0.90207
0.507088
0.493296
0.36199
0.705402
-0.3271
-0.0184256
-1.97705
-2.53369
0.940472
0.0839834
0.895128
-0.262837
0.609067
-0.236192
-3.81166
-1.77634
-0.553173
0.990785
-3.11388
1.38425
-1.78852
0.647369
0.510244
-0.501385
0.332702
-1.33306
0.998522
0.199844
1.13957
1.42363
2.75952
2.70479
-0.354389
-1.34068
-0.837485
-0.746105
1.4601
-0.620409
-0.0675
-0.614177
2.48516
2.28621
0.757494
-0.515039
0.233883
0.737573
1.61297
1.3442
-2.90092
-1.5537
2.19534
1.48788
0.236249
0.00774618
1.43404
-0.921463
1.53296
1.21406
-1.42512
1.30759
-2.2253
-1.08132
2.43089
1.39498
1.16478
-0.367599
3.04354
0.0226179
0.730303
-0.41194
2.32007
2.94105
2.19707
-0.625248
-1.2976
2.68904
0.469398
-2.04708
0.414174
-0.364434
2.17233
-1.95383
-0.878461
-3.00094
0.45356
-0.994847
0.119421
-0.941305
2.33804
-0.0271751
0.739141
2.67242
0.637652
1.61397
-0.471855
1.37111
0.459381
0.896847
1.42288
0.964602
1.60372
-2.10978
-0.349112
2.38082
0.444397
4.32
1.67009
-0.151458
0.198832
1.50969
-4.60183
1.16849
0.471737
-3.17458
0.0604193
2.08813
0.660949
1.89985
-0.460843
1.83658
0.216333
0.061323
2.4066
-0.723819
-0.057233
-0.0850925
2.5702
-0.77482
2.0956
-0.889771
1.86868
0.978395
-1.04242
-0.830009
1.04502
0.566639
1.43064
2.98973
-1.66043
2.67088
-1.64441
0.951613
2.18427
-0.117153
-2.03184
0.894506
1.31618
2.1557
-2.47314
0.00922933
0.630353
1.09373
-0.755148
0.364054
1.41769
-0.0370669
1.46914
1.22401
0.632559
0.75872
1.0499
0.273653
-0.0108435
0.100487
1.74689
-0.201958
-0.194959
0.862475
-0.192487
-0.664395
0.637297
0.182838
2.41138
-0.110513
-2.56434
-1.9865
-2.33816
-2.94497
2.00595
1.97477
-2.16438
1.00893
2.22339
0.46922
0.795658
0.235628
-3.57886
1.62656
-0.298549
1.40404
-2.3123
3.73894
0.380526
0.897198
0.747351
-0.137026
1.56322
-0.342338
-2.48985
0.742223
2.51611
-2.71461
-1.11926
1.10002
2.54204
2.55304
1.59057
-1.31046
1.05961
-1.30414
1.63965
-1.15969
-0.110309
1.17145
-0.957026
0.489833
0.384558
0.548327
1.65632
-1.09679
-2.88513
0.968856
-0.597568
-1.31055
-0.73918
-0.00750321
-1.34072
-0.366684
0.338667
-0.638764
-0.550103
2.05479
-0.0508827
0.151385
0.764616
-0.373743
2.95176
2.33564
1.35442
0.633567
-0.638784
1.90567
-0.0302783
-0.133292
0.919218
-0.181198
-1.47023
0.743878
-0.242062
-1.04155
1.21969
-0.715935
0.295788
0.649622
-0.510907
1.36573
1.38669
0.510994
0.270896
-0.796397
1.36552
2.04044
0.367009
-3.7752
-1.00266
-0.878853
0.848028
-1.6089
0.83699
0.324145
2.14182
1.55653
-1.27633
-2.03915
-1.48254
1.23629
-0.71914
0.866378
0.189041
1.00176
0.355264
-2.56944
2.10539
0.584957
-1.01524
-0.950475
1.24805
-0.913681
0.900793
2.94609
-0.751582
-0.175495
2.53947
0.0866031
-0.448863
1.42713
1.57108
-0.255207
0.580635
-1.0001
-1.18907
2.31839
2.38507
0.281442
0.0288878
-0.0988859
-0.287825
-1.37963
0.643586
3.01181
0.570927
-1.37662
0.096625
1.29578
0.917504
1.13923
0.629214
1.01051
2.54769
0.153063
1.81396
1.21815
1.81955
2.13449
3.28033
-1.50606
-1.79188
-1.02812
0.261826
-2.90174
0.583256
-0.212205
0.746146
1.21013
0.0768094
-0.586251
0.19989
0.835359
0.830212
-2.42398
0.801207
1.07437
0.373403
-3.77122
0.998783
0.616803
0.0319968
0.163507
1.67414
1.38836
-1.08207
1.96134
-3.26619
-0.0113921
1.16159
-0.736436
0.773906
0.875056
2.92916
-0.654882
-0.455804
-0.859892
-3.1356
-1.67241
-0.563582
-0.14501
-1.86831
-1.5445
-0.052395
1.52165
3.93307
-1.18741
2.98333
1.71498
-0.102125
2.20944
2.26877
2.41828
1.98789
2.76014
1.47736
-1.82575
0.150075
0.966816
1.28879
0.763691
-0.284771
1.69358
1.90595
2.47264
-1.35469
-0.773056
1.72352
-0.69708
1.26628
-1.69965
1.10649
-1.75715
-0.142433
-0.764497
-0.0954159
2.32552
-2.16522
-0.400366
3.77316
-0.108256
1.60713
1.02019
2.18912
-4.57415
-2.43784
-0.813792
-0.233857
1.18509
0.859929
2.23463
3.76692
0.818017
0.156031
-0.337299
-0.353462
-3.28337
0.699398
2.79542
1.42253
1.16759
-1.44134
0.886961
-0.203376
0.966927
-0.583992
0.246525
-0.662087
-3.95845
-0.373445
0.902139
1.8559
2.30129
1.86541
1.51095
0.623409
0.164371
-3.65931
-0.729152
1.03835
1.73929
-1.17129
0.14481
-0.316375
0.249634
3.15232
-0.205091
1.94218
0.00786634
-0.164722
-0.201752
-1.12369
1.69924
1.66566
1.98235
2.23111
0.282911
0.22578
-1.12305
1.26282
-0.873123
0.815034
1.72299
2.03557
-0.838908
-0.991887
-0.243282
-0.443537
-1.79928
0.0360119
-1.38988
-2.38138
0.710122
-0.0523365
1.22486
0.0473153
3.29351
2.40837
0.854751
1.16184
-0.267272
0.348046
-1.49877
-0.292071
2.06131
2.51358
1.12655
2.44838
3.75527
2.40352
0.704346
0.958253
0.59057
0.343692
0.917856
2.99639
-2.77863
0.681726
0.332732
1.6135
2.0447
1.10385
-0.600151
2.01051
0.606037
1.40817
1.67167
-1.53547
-0.0189062
1.05843
2.69951
1.15134
2.09584
-0.776514
2.0379
1.24166
-1.01201
2.66077
0.230591
-1.15288
-2.26828
-0.501623
-0.781591
1.87466
0.611543
2.74502
0.949087
-0.804789
1.66678
0.0998108
-0.689442
2.93091
0.990685
-0.412905
2.12866
0.128567
0.234331
1.67386
0.804506
1.76256
0.43913
1.58725
0.19719
0.400082
1.83982
1.26804
0.378037
0.962945
3.71257
-0.452983
1.15812
1.16203
1.3599
0.680914
1.50922
-0.139859
-1.76812
-1.20969
-0.0148264
1.89553
0.34659
2.37341
2.2236
0.703758
2.08289
0.479989
0.280385
2.05844
-0.20335
0.479792
-1.29778
0.284613
0.194225
0.661234
1.55657
-0.715247
0.450538
0.99832
-1.63577
-1.48877
1.65158
3.18372
0.124342
0.116254
1.23348
0.357596
0.666815
-1.41016
0.715669
-0.703339
1.10033
-0.992234
0.0307421
0.913674
1.33798
-3.13828
1.1719
1.93982
-0.552984
-1.55055
2.62325
0.419119
1.28012
2.61011
-0.105109
-0.13158
0.782106
1.63347
0.805656
0.750592
-0.800885
3.20844
1.81749
1.91961
-1.27942
0.152206
0.0707281
1.60738
-0.572399
-1.3028
0.856689
-0.985078
1.66
1.49762
-1.23518
0.52399
0.732432
1.79895
1.22708
1.84116
1.79382
1.38307
-1.4515
0.957878
1.98295
0.745407
0.865842
1.73363
0.661407
0.389291
-0.548225
1.03872
3.38503
3.54048
-1.24551
-0.487653
-0.739738
0.458867
-1.75705
1.63893
0.952751
0.989958
0.128129
2.47759
1.06613
0.73557
0.00536884
1.13092
2.48242
0.83771
-0.37509
1.74973
0.368369
-1.68455
0.140645
1.23229
1.57004
2.42901
3.55778
0.393187
-0.6987
2.41218
0.296342
0.0839545
2.00198
3.35929
1.32315
1.24395
0.594556
0.22836
-0.744623
-1.66669
2.56417
0.834313
-0.496671
-0.147738
-0.192006
0.0550315
2.63968
-1.48641
-1.29189
2.09893
-0.680301
-1.33261
-1.6694
0.762625
-0.0138091
0.638065
1.06404
2.61102
2.10958
1.04511
2.23931
2.11859
1.4524
-1.91351
0.684104
-1.15272
1.84921
1.81043
2.0247
1.01768
1.22208
0.138066
1.39508
3.29328
-2.33346
0.179793
0.044691
2.05918
-0.640509
2.77224
0.167706
-0.980678
0.877232
-1.72199
1.40817
-0.392014
-0.14284
2.6895
1.62418
-2.25065
1.1787
-1.45661
0.288213
-1.14973
2.64515
-1.00846
-1.11114
0.346485
2.39612
-1.42565
-0.961952
-0.295423
0.831944
2.09162
0.192474
0.491653
0.427384
-0.414408
-1.61154
1.70695
0.050756
-0.849395
0.908547
3.72998
1.73221
0.502589
-0.0815304
2.16697
1.57446
1.48964
-0.715438
1.30246
1.51571
-1.11933
-0.20882
0.151652
0.608017
1.30023
0.822146
-3.67168
1.98072
1.12119
0.90173
-1.54498
0.0763911
-1.28649
0.454379
3.45755
-1.18747
0.0894838
-1.93931
0.113107
2.13869
0.3222
0.248598
1.83207
-0.352875
0.472377
-0.424447
-1.68141
1.29394
0.485092
1.08549
-2.75743
0.0940581
-1.85086
-0.00326279
-2.21358
2.8447
3.89051
1.32126
2.6574
0.722578
2.8793
-0.438062
-0.143648
-4.53982
-1.63322
1.77196
0.156105
0.732637
-0.246895
1.61143
-1.31293
0.852653
0.239338
0.164814
1.96829
1.7388
-0.345225
0.475868
1.06358
2.53683
0.954848
2.87219
-2.65516
1.87037
0.670057
0.492483
1.96709
2.634
-1.60097
-1.2297
0.135185
-0.252521
0.793651
-0.908274
-1.76235
1.05911
1.10805
-0.157321
0.272887
1.11361
-0.0108382
1.50674
0.93604
-0.377331
0.011609
-1.8971
0.33536
-0.302643
-0.252841
0.306743
1.73057
4.14404
-2.06641
0.0953404
1.36839
0.872457
1.50825
-0.345504
-2.14772
1.08441
0.609098
0.828244
2.19299
2.04798
-4.34186
0.765697
-1.83164
1.10827
1.50349
0.606896
0.473434
0.0900519
-1.45996
1.13046
-0.338845
2.20815
2.4735
-1.37037
-2.35982
-2.49341
2.36862
-2.02981
0.656072
1.67585
1.35982
0.737771
0.372722
-0.318675
2.1627
-1.57928
-0.0334054
-0.160355
0.163852
0.365676
1.16741
2.51821
-0.801982
2.3252
0.546614
1.8324
1.80152
0.8911
-0.305918
1.65209
0.166786
3.33302
-0.682558
-0.0888376
-0.31683
0.901002
1.65435
-1.65476
-1.38695
0.750999
0.672709
-3.07469
0.788851
-0.520317
-4.36501
-1.53285
-0.92735
2.02338
2.5511
2.19587
-0.924078
0.445416
0.0773866
-0.820038
-0.226296
-0.24798
1.20114
-1.34591
3.85337
3.25333
-0.325839
-0.275344
1.82652
-1.04875
1.55029
1.12012
2.32333
0.257972
1.15152
-1.44532
2.92677
-2.19146
-1.36442
2.09335
1.79563
2.93714
-0.454235
0.266912
0.106239
1.20657
1.90686
1.41932
2.15231
1.01362
-0.873645
2.59317
3.03652
0.979816
1.44562
2.06593
0.999996
-0.0815128
0.0474111
-0.0788076
-2.03712
-0.390389
3.31004
-0.154867
-0.599302
-1.76399
-1.16133
-1.08524
3.26118
-1.79649
-0.444283
1.08346
-0.676956
-1.24245
-0.896649
0.144929
1.56921
-4.56588
-0.36463
-2.98024
-0.783833
-0.012607
-1.85462
-1.67948
-0.460633
-1.63502
-0.253026
1.0743
2.44672
1.24443
0.0471981
0.41385
0.225787
-1.04935
2.68698
0.0526455
0.987522
0.593307
-0.134704
-1.36437
-0.396334
3.5311
2.4652
1.1371
1.50928
-0.39884
1.6301
-4.56712
1.03505
2.73517
0.451655
3.52208
0.166037
-0.0605043
1.72465
3.45656
1.91645
0.794607
-0.138767
2.18943
-0.277632
1.5238
3.68974
0.990314
1.29744
-1.36602
1.02131
1.60071
1.20119
1.21081
1.61266
-1.859
-0.560596
0.720624
1.32673
1.9219
2.0929
0.381126
2.40919
-2.12356
0.546487
0.814032
-0.282699
4.31675
0.647413
-0.121025
2.51042
1.76825
0.097597
-1.05801
0.383945
0.00546123
-0.334092
1.32027
-0.307308
-0.517357
1.68237
-0.345967
-2.07204
-3.17545
-0.294518
-0.631459
1.68322
0.990591
1.7233
-0.400967
-1.79121
-0.630303
-0.662667
-1.95618
0.815328
0.371232
0.882528
3.32035
1.17464
1.88329
1.43349
1.40375
1.24768
-1.60136
2.23737
1.40423
1.01663
1.53357
2.30157
1.68216
-0.425395
0.229938
-2.89181
-0.633946
0.305792
4.06284
-1.3329
0.0979283
1.4297
1.62753
0.73249
1.19225
0.202255
1.05742
0.785683
-0.432547
2.05956
1.04753
1.16624
1.72463
-2.06887
0.445788
-0.733893
0.745493
1.02476
1.61416
2.0338
0.320519
1.50277
1.19866
-0.962189
-0.40365
2.40804
0.333182
-1.59523
1.2695
-0.324126
-0.0196357
1.67092
0.934132
3.19165
1.89784
1.66506
-0.534634
-0.464173
-2.17873
2.44568
0.768586
1.17305
0.105964
2.21089
-1.25675
-0.164086
0.0371432
2.33732
-0.645931
2.7544
2.62529
1.14568
-0.0908176
-1.32122
2.71776
0.602168
1.33298
-0.853371
-1.58949
0.931185
0.65659
1.98369
-1.65907
-0.465218
0.99303
-1.21107
0.857119
-0.26618
-0.22399
0.528861
0.847056
0.767737
1.89459
1.07485
-1.67747
-2.06195
-2.0873
1.03327
-1.5568
-1.96482
0.925788
-1.26339
0.0216382
1.18559
1.19185
0.703521
0.0119184
-1.99184
1.2931
-1.56989
0.314397
1.41672
-1.81556
-1.04927
1.30742
1.58375
0.785631
1.83344
0.683005
1.47532
-1.99167
2.74678
-0.181057
3.58168
-0.87005
-1.63097
-1.95451
0.708728
3.26411
-0.0808006
1.84347
-1.19788
3.10876
-0.481769
1.61977
-1.41654
1.63318
2.49247
1.81177
-0.821057
0.0843536
4.32763
0.0923356
0.497769
-0.227475
1.56191
1.77313
0.890345
-2.59048
1.64262
1.95442
3.35526
0.103382
-2.28089
-0.496927
-0.140083
3.03548
2.56972
1.07145
0.143983
2.47069
0.966649
1.42055
2.24628
0.765535
1.38407
-3.73219
-0.0961748
2.4455
-0.915696
2.38834
-0.58478
0.397621
0.663934
1.903
0.0509902
1.29179
-0.541399
-0.0477525
1.98959
0.44153
2.19352
0.766064
-0.729166
0.474964
0.859117
0.812755
2.49364
-0.467609
-3.62815
-2.95698
0.163122
-1.54895
2.91278
-3.11115
-0.298582
2.62137
-0.389614
0.0275974
1.45643
0.568346
2.16145
1.80644
1.27917
0.393688
1.53409
0.332191
-3.15023
1.97406
-0.177286
0.00941308
0.725313
0.0668863
1.58124
1.31457
-0.319391
1.47535
2.19545
-1.96284
-3.34592
-0.488167
1.83928
-0.440035
-4.54751
-0.624008
-1.1262
-1.19247
1.73336
0.298247
-1.09874
1.15771
0.958815
-1.78933
1.39323
-4.44508
2.50492
-0.0926199
-3.38438
1.31162
1.98458
1.37648
2.79627
1.77263
0.0395396
0.267899
2.43335
3.85263
-0.370141
-3.13247
-3.76847
0.532382
-1.92955
2.72173
-2.30173
-0.0727164
1.48671
2.41104
1.00709
0.759253
1.34375
-1.70869
3.43386
-1.15517
1.11308
1.40146
-0.811708
1.77731
-0.0594369
-1.47697
1.27212
3.35638
-2.71939
0.885314
-1.63836
1.25353
1.90228
-0.508029
1.87033
-0.0698589
-1.81546
0.0364023
0.0268665
-1.44884
2.86312
1.96674
1.10598
0.797944
2.51745
-0.381041
0.974215
1.2196
2.56324
-3.06168
-0.444288
-0.949493
2.17494
0.909664
2.09948
-0.766364
-1.59759
3.38619
-0.995018
1.22743
-0.516352
-2.00153
-2.38301
-2.17271
1.92308
-4.31625
1.50435
2.8092
1.22803
-1.23868
0.0238226
-0.892617
-0.494143
-1.22331
-0.99719
3.43612
0.846132
-0.174398
2.84877
2.37067
0.0132315
3.02562
-3.97983
0.142703
-0.651915
0.501252
0.899995
1.5024
-0.582797
-0.942264
-2.13201
0.676144
1.2193
-0.888025
1.03307
1.7234
1.58799
-2.23437
2.05479
-0.430912
0.898219
-1.24905
-1.11619
0.134228
0.705971
2.19936
4.05342
1.34469
2.82769
-0.0255579
2.34816
0.641654
0.26268
1.63921
1.43877
-0.63619
1.29202
2.56922
2.8914
-0.658254
-1.56287
0.248627
3.13994
2.47211
2.5832
-4.63958
0.374613
-1.56676
2.84857
-0.122767
0.0197513
1.2136
-1.44862
1.79243
1.41076
3.12306
-0.770407
-0.581331
-0.333304
-0.795113
0.683062
2.93242
2.16561
0.506099
2.40574
-2.25602
0.0143187
2.2606
-0.694996
-1.52752
-0.182698
-0.986265
-1.17492
4.03006
3.86523
4.14328
0.912623
-2.17409
1.76923
0.323769
1.89182
-0.0435947
1.21235
0.375103
0.239016
-0.646491
-1.01418
-3.55054
-0.0941835
2.80046
2.50348
1.89192
-0.548081
1.87151
1.81829
1.74908
-0.460667
3.52927
-2.39866
0.57429
0.81069
0.534177
-0.653758
1.58161
-1.14195
1.41148
1.90412
-0.392433
0.823018
1.21282
1.10169
-0.568878
0.274689
1.87862
0.00654028
-2.14509
-0.080481
-0.279423
4.2378
