-0.729493
-0.85722
-0.597366
-0.968082
-0.975013
-0.264062
-0.317442
-0.245312
-0.0298056
0.0945863
0.0111932
0.062085
-0.137695
-0.129309
-0.0226765
0.020105
0.207543
0.0420496
0.295876
0.66792
0.663628
0.678996
0.40351
0.224091
-0.234642
-0.610719
-0.677425
-0.23758
-0.104032
-0.00069463
0.0522269
-0.121997
-0.409614
-0.156737
-0.45822
-0.282585
-0.0405781
-0.0775487
-0.217598
-0.277444
-0.268245
-0.202828
-0.2517
-0.0609691
-0.46018
-0.407417
-0.202824
-0.318833
-0.576804
-0.310669
-0.291849
-0.588499
-0.7206
-0.762249
-0.808875
-1.07357
-1.2959
-0.843084
-1.06542
-0.643475
