0.70692
1.06979
-3.91984
3.58878
-1.58966
2.2641
-6.42341
0.324959
-1.85755
-3.5274
1.6471
0.607967
-2.21056
2.64805
2.41114
7.2098
2.06343
-2.799
-3.83345
4.21918
-2.30159
1.64722
-0.116589
-3.37596
-0.445704
1.83146
-3.74083
-0.56198
-0.54337
5.85826
-3.81397
-2.15939
-0.334941
-3.00809
0.227052
-0.884225
-4.9125
0.981174
-2.72075
-3.12857
0.25414
0.270159
-1.70795
0.47578
-1.79748
4.00897
-1.78574
-3.22539
-0.286801
-3.91171
-2.406
-1.68126
2.5268
-0.900832
-1.03199
-0.359115
0.855261
2.83264
-3.16996
7.49466
-3.65933
-0.0918582
-0.816833
3.02342
3.04857
-4.06737
3.67725
2.52974
-4.09951
2.70225
3.70184
-1.65369
2.75396
-2.11805
-5.02931
-3.54646
3.56814
-2.83345
-2.36385
1.5926
-0.0711433
6.09867
-0.585863
1.20457
-1.99699
1.23471
0.89932
3.04614
-1.75557
-1.63424
-3.80891
5.08532
2.00042
7.85965
-2.18987
-0.630313
2.64616
-1.16632
2.63433
-0.525129
