-0.849596
-0.972564
-0.752722
-0.996028
-0.83108
-0.843334
-0.867459
-0.969489
-1.37364
-1.24176
-1.34123
-1.16088
-1.24719
-1.04045
-0.822304
-0.488161
-0.463186
-0.427856
-0.367979
-0.0131535
-0.166705
-0.326031
0.185046
0.272202
0.522693
0.781481
0.820783
0.793405
0.630951
0.808097
1.00216
0.871385
0.623037
0.447805
0.60483
0.684359
0.682906
0.625044
0.646134
0.457242
0.57762
0.627539
0.560613
0.906145
1.12899
0.833008
0.613313
0.467726
0.568864
0.463731
0.512886
0.390761
0.361735
0.169473
0.129171
-0.208843
-0.325205
-0.448603
-0.371806
-0.58643
-0.254614
-0.224703
-0.173326
-0.120709
-0.0317491
0.315631
0.511818
0.578706
0.167567
0.273719
0.148552
0.170587
0.241167
0.218406
0.433743
0.279353
0.195393
-0.118374
-0.112415
-0.0853786
-0.109459
0.0963787
0.0605136
-0.0444476
-0.294329
-0.367633
-0.211725
0.0378656
0.0759339
0.0118467
-0.252892
-0.314292
-0.516182
-0.657015
-0.910012
-0.862033
-0.602615
-0.263214
-0.224789
-0.22168
-0.332458
-0.324413
-0.295698
-0.30076
-0.556632
-0.630982
-0.495744
-0.567989
-0.56213
-0.309779
-0.33486
-0.445705
-0.312087
-0.398631
-0.494584
-0.586414
-0.693827
-0.926911
-0.839361
-0.952929
