6.31061
4.96751
4.36791
2.55694
-0.0222946
-1.76836
0.938652
-0.118676
-5.85963
-6.93712
-0.874059
2.24243
-9.58262
3.68703
-9.02722
4.85131
5.13273
-5.27207
-1.79123
-4.41462
-9.64909
3.17383
7.54993
-2.1613
4.60345
-1.78101
-0.815398
3.97016
-5.27052
2.34207
0.507635
-8.78887
-1.17727
-3.01052
-0.217934
2.76667
6.98819
-0.833732
1.32352
-2.86124
3.29584
6.99622
6.90849
-4.5863
-7.48926
7.99198
7.82295
2.66663
-3.30804
3.57466
-2.98093
4.07042
2.58644
0.870101
6.5492
-2.84508
-9.89943
-1.40416
9.26362
-2.52673
-9.09326
-0.606694
-1.25751
6.15936
10.763
6.26067
-4.61858
7.80706
-5.32102
-7.05939
-5.71943
-9.11633
-0.658742
6.76397
5.76284
6.37959
0.299568
2.16304
-3.38225
-4.50367
3.56603
9.11872
0.696486
-15.534
13.1625
9.62697
3.71991
-1.44102
0.339023
-9.85591
-0.492991
-1.7129
4.71451
8.92525
-8.61413
-1.94763
1.38964
-1.75025
-0.521595
6.61518
-5.46537
-5.19771
-8.84613
-1.82818
-0.240739
1.35847
-2.61656
-11.2339
-8.97578
0.66301
9.35549
-8.57619
9.79792
-3.13474
1.94792
-3.20428
6.4368
2.67658
2.36466
-1.69948
-5.07973
-0.866712
-2.45892
-10.2837
10.3966
1.17653
-7.97155
-1.06954
1.86152
-3.8076
3.49046
0.397217
3.3933
4.21209
4.34495
10.9538
-7.52246
3.47658
7.67129
-5.80518
-8.59947
-5.47982
-0.301951
-4.04249
-0.183318
3.28663
7.22171
0.459976
-4.24295
-0.0914035
-4.63938
-1.10699
2.39745
-8.24008
-8.20179
1.1387
-15.737
-17.7306
9.67157
2.12297
12.172
3.42034
-8.26428
4.23916
-2.95163
-3.97166
-14.4639
1.01537
4.34823
3.47128
1.74467
3.41782
12.4485
-8.02254
4.37779
-5.94665
3.28458
1.9682
-3.60242
-6.93063
-7.14996
-2.90556
2.06125
7.01806
1.94944
-3.63861
-3.05213
3.90836
-2.97252
-3.6325
5.4482
-4.24194
-8.62625
-8.94614
1.8324
2.16384
6.67
-0.800101
0.832047
4.54513
-11.6457
1.69101
-0.066337
-5.49773
5.66027
-5.06001
-3.03202
-0.503071
5.56274
4.46665
1.83019
2.35687
4.80259
-8.19274
-2.59064
-1.62996
0.871908
7.90846
-3.62863
6.13581
-1.38414
-0.250591
-6.87816
4.74445
-4.11282
-5.50614
-3.91104
-6.84655
0.395799
-1.34665
0.725844
-3.71328
13.1815
-0.151223
2.07403
-6.21254
7.22463
-6.45464
5.62573
7.09985
-7.51812
3.26969
1.74609
0.964748
10.0143
5.92037
-11.1526
8.46967
-1.16307
-6.15061
-1.95377
-3.03919
-1.65331
-8.79917
0.0817623
6.24101
1.37387
-7.82752
8.8382
6.87848
1.05182
3.52219
11.8347
-2.47265
4.80549
1.7336
2.28157
-6.07398
1.5792
-3.34079
1.71303
1.60838
2.26627
-0.0811006
10.3567
-4.06227
3.15872
10.4706
-1.26639
1.62793
-9.06511
-4.68359
-1.99573
0.946761
-7.18311
1.89081
2.25138
4.33304
10.4472
5.8822
-2.32852
6.53435
-12.5947
-9.79416
-8.61531
-6.75802
3.43933
2.74098
-0.971124
11.1363
3.10508
-9.56663
-2.37013
-2.90046
-2.84169
5.04453
-5.01733
-3.15426
4.30247
2.86157
-5.97675
1.22489
-4.78706
4.56086
12.7193
5.89874
-7.77502
-3.09965
8.34409
3.75191
13.5625
7.28614
5.63591
0.529106
-1.92923
-0.863061
3.87704
-2.74904
3.58004
8.21799
-1.37411
9.66672
-2.29899
-9.76736
9.9969
1.45592
2.29148
-4.74369
-9.57598
5.98368
4.0883
0.375533
-8.19794
5.14053
-1.67994
5.65295
-0.779697
8.64193
-1.34599
3.15267
-9.34593
-2.66318
2.94043
-12.9346
1.93083
12.9668
-8.61298
4.98892
0.760758
4.49845
-0.678804
5.1406
0.437497
2.25955
-0.793979
2.39885
10.5684
8.6842
7.19529
3.97628
-4.09246
7.03587
2.77497
-4.77801
-8.40681
5.10731
-1.01673
-2.31108
-5.05893
3.69635
-2.59903
-0.574003
2.29464
3.5728
2.41617
-4.02723
1.7626
-0.547882
10.2277
2.78098
9.25551
2.30173
-4.91272
-2.22176
3.74839
0.635575
4.31683
-7.22349
-3.36591
8.14073
17.5648
8.73893
0.465878
11.399
-8.97906
0.0650887
2.9262
8.4066
3.16783
1.60789
2.55296
-4.01626
-9.17028
-8.67211
-4.01511
-8.99838
-6.39462
-12.2295
4.4062
-3.07858
-7.47037
-2.65584
1.89198
-1.66525
-5.67826
1.35821
10.3974
16.8654
4.9315
12.8491
7.96146
-2.93334
-1.7017
6.41694
-1.6588
-5.82463
4.94936
5.55738
3.1436
8.73845
11.0481
-6.8525
7.76789
-3.06396
6.65774
11.1652
3.17368
-0.0764368
-4.73294
-2.51681
-6.8081
5.01042
-12.5406
-5.1137
6.77975
1.49423
-8.38548
4.81484
-1.99816
11.0752
-11.2003
0.0602609
-14.2793
0.593024
14.138
-7.41139
3.04509
6.37485
7.26609
-4.83493
3.80383
3.77468
-7.31627
9.70351
5.81951
3.34017
-6.52021
-7.26457
-1.35726
7.0238
-0.424987
-1.86914
2.21961
-2.31343
11.9506
1.91596
7.31456
-6.9395
5.16772
4.24498
3.98179
5.20648
-1.26108
9.98882
9.6201
4.6716
-0.110764
-2.83478
-1.564
1.11281
-3.93888
-4.88401
-4.49298
5.54263
1.73304
-6.60638
-6.23482
-1.03117
0.524257
6.17564
13.9825
-3.37882
-8.03208
7.85062
-7.45114
-4.59115
-9.57659
3.88195
1.25595
-3.82853
-1.37385
10.9467
-10.2187
5.02905
5.07891
2.50496
2.88754
1.1827
-1.79371
6.47653
-7.13523
-3.16446
-9.6573
-1.09997
2.00417
3.42659
-0.495558
-6.64204
-0.556944
-2.3338
-1.98288
-9.77452
1.06486
2.09007
3.44635
-11.6488
1.59383
-8.7174
-3.02354
-15.6416
-2.42767
-5.15284
-15.6331
-1.4604
-8.53658
14.1761
-1.09758
-12.3253
12.0865
-6.98102
5.22005
11.3238
-5.58571
5.30552
-2.84459
0.992692
2.18883
2.36487
3.05637
1.51544
-0.654865
-8.77075
1.48612
-3.51124
-2.76797
-0.508238
-3.70796
-1.10685
-0.5721
1.33289
-2.67664
-1.53994
0.0335878
-4.58525
-2.62657
2.13633
-2.9185
-1.04824
-6.80529
-7.66674
-1.82307
-3.70934
-9.11643
1.85423
-4.78665
1.3788
6.4433
-2.12673
0.697557
2.53993
-3.46883
-6.71719
-9.94606
8.46015
5.59429
13.4414
10.3043
-0.905385
-0.0801886
3.7798
9.6222
-16.0937
-1.1824
5.96535
-0.607685
0.591786
-1.27431
3.54104
-3.22732
-2.70829
-2.94905
0.914317
-4.89123
-6.74544
2.70112
2.19114
-3.90486
-0.0848135
-2.41099
0.290789
-18.0809
0.178232
-0.219046
-9.05078
3.76123
1.77076
-0.289735
-0.965023
-2.87268
-17.9163
-21.4589
-2.56048
-5.82274
-4.2896
2.049
-2.75461
4.47189
-8.68935
-0.0333655
10.0087
-5.6161
1.33234
3.16451
-5.83955
13.8519
4.48728
-7.54249
6.52468
3.0371
0.312138
0.20568
2.72952
4.62544
3.14822
8.29782
8.56456
3.85002
-1.9965
-2.17029
2.72582
-12.6749
-5.86897
-4.48279
-3.07927
-7.60163
-4.62351
-1.04826
-2.59928
11.0773
-5.87737
8.11355
5.3873
6.87002
7.37851
13.1725
9.34079
5.91193
1.92534
-8.34819
1.06218
-5.30454
2.06649
9.17136
-1.90271
-1.06993
-9.97967
2.48439
9.05354
3.30302
6.48629
-6.36372
7.96832
3.60871
3.81767
1.29656
-15.2368
-0.437222
-9.34594
7.45433
-6.00586
0.190187
-10.9154
4.17482
0.142356
5.55127
4.09637
-0.116648
-4.64572
-7.71339
-12.7505
4.99715
-0.972057
7.96581
2.1434
2.99788
2.42873
5.38794
-11.0412
2.07707
-6.6534
0.736288
-1.63945
1.29115
1.08535
2.86635
2.72957
-5.60764
-5.9966
-4.90697
-13.3463
2.83456
3.66737
-8.13486
8.32179
0.187308
1.13639
2.76224
0.819502
2.33575
12.9471
1.96867
5.32806
0.655407
2.77188
-5.6627
2.67256
-3.62476
-1.12613
-2.9731
0.607096
11.7964
2.45603
-0.187191
2.1017
-3.11092
-7.83976
-2.47756
-3.88317
0.578795
-0.932284
8.91868
-2.73378
1.18178
0.423226
2.70755
8.05901
-2.56554
-1.8333
-0.141653
1.9967
2.08729
6.89294
3.90798
4.4776
4.96472
-3.31237
-9.02632
6.08997
-5.33003
4.76467
4.66487
4.30447
1.72476
4.98187
-5.81433
5.39298
-4.84054
-3.52336
1.28427
8.00278
-1.77692
2.58017
-11.9915
-3.09478
-2.17909
1.04135
3.413
-2.57236
-4.4593
-2.05762
8.22176
5.95924
9.56958
-4.21692
-1.49455
-3.59836
-2.76859
-8.50199
-3.40703
-4.60636
2.34764
2.36524
4.91502
7.96855
7.04196
-2.60448
1.58721
9.08427
12.5361
1.12071
0.367095
8.92093
0.492984
2.20467
9.85518
-3.2569
7.63901
-3.16073
11.1481
-5.46317
-3.83264
2.9716
-0.0275702
-4.44856
6.41495
1.35088
10.6592
2.80184
5.0144
2.69425
2.38225
2.71282
-1.44209
6.76909
10.168
5.88561
-4.42865
-6.78153
4.33164
-12.3291
3.43903
3.27321
-0.499619
8.02642
-5.95352
3.03663
-1.11977
6.23227
-5.68683
9.18497
7.44646
-3.53463
5.56946
17.5927
6.85459
5.71237
-4.47354
-12.5037
7.00615
-1.10396
-9.9264
-0.964155
-4.22027
-5.87324
-6.43106
4.14658
-2.83234
7.02799
0.75717
6.36083
-13.2459
-6.24859
1.84451
10.6968
7.0478
0.146287
-1.83258
10.5143
-4.78345
-1.91198
-10.7006
-3.54957
6.76751
6.63321
-0.137382
-4.34982
4.14553
-3.03352
-5.06083
-4.40563
-6.56784
1.25744
-11.7043
5.06242
1.53984
13.3195
-4.90722
4.39631
-6.70624
7.87465
1.06941
6.38692
1.74784
6.05414
-2.20462
4.36805
-10.0055
-12.9769
-6.17038
-5.88889
5.70802
-1.25263
0.373785
0.199353
-1.3222
5.66442
2.59816
3.34731
-1.2811
7.99362
-1.05209
3.44729
4.83261
-0.569121
-5.87981
5.47068
-6.35256
5.4592
-2.59674
4.8968
-1.52104
5.72313
6.07986
6.16855
6.53336
-7.67929
3.72885
3.69082
9.92376
1.86611
-7.97268
10.6473
-5.65285
7.05247
0.76935
1.83462
-8.77245
7.67577
-7.31609
-4.21462
-3.92555
0.794777
-1.63286
-1.2612
-12.3654
5.22526
-10.8647
0.0329443
-1.44835
-6.31094
1.49615
2.58193
-10.1884
-4.42665
1.66437
-15.6435
6.2608
5.80614
-12.5349
6.56533
10.4058
12.9898
10.4887
1.22018
-6.34362
11.4136
6.67515
8.05787
-1.7251
-14.4671
-2.53144
-12.014
1.46966
-3.51131
2.4886
-0.817101
-2.17788
13.0518
12.2621
-4.64062
-14.9204
0.965102
-6.73704
0.253643
1.61594
3.62449
-7.88882
5.2028
-11.8914
12.1322
-1.51051
5.48458
0.0834439
4.22591
-3.3194
0.202484
5.79722
1.17652
0.0809775
-2.04288
4.10598
-0.963009
-1.21833
0.886508
-2.11917
-15.6579
-11.9551
2.22905
8.88223
2.75115
5.27742
5.49765
-6.13659
-0.0140161
0.572232
-11.625
-3.06712
15.3599
8.35753
-1.88198
4.5062
4.40383
-1.25825
-0.221125
-3.71736
6.05393
3.86859
0.954912
0.605684
13.3475
-5.5109
2.97955
6.80376
9.34143
1.26604
4.79567
7.29818
-1.00297
-0.297346
1.15303
-2.88373
-0.973958
-5.22466
-1.90793
7.82173
-3.01235
5.49386
-5.5168
-0.752571
1.59992
-0.621423
0.081207
3.35749
-3.91701
3.44578
0.58581
8.44817
10.7799
5.47604
5.88621
-5.0152
-1.18066
5.18798
-4.42007
-2.79794
-6.15911
-6.37768
-1.43418
-0.317342
3.25539
0.560838
-4.62749
5.48945
4.72647
0.276887
-11.4553
-9.99255
1.75264
10.7896
1.19633
-5.55381
-1.56118
1.70892
-1.94456
9.20505
-6.58276
-3.26866
-8.53612
-2.32774
8.28876
-0.21298
-0.28094
8.22073
0.0288105
6.48366
-3.89483
12.5179
12.2397
-3.74909
2.89576
-14.2463
0.268466
-3.46559
1.19689
-6.2499
-3.58811
3.84998
6.12751
5.88481
4.42049
3.93645
9.76311
-7.06025
-5.48175
4.74534
1.46268
1.56604
10.3644
-4.39571
6.46572
4.88314
13.6545
0.0967779
14.3044
1.64661
0.995141
0.91009
8.4551
-4.02822
-1.19322
-1.94234
-3.39731
-12.9388
4.31152
3.41855
7.07936
-5.47578
12.3746
-0.532195
7.47032
-15.2224
3.07995
1.06158
4.76907
-10.3186
0.904939
8.47002
-4.71263
-1.80377
1.46574
-9.91792
4.5072
7.0402
9.39419
4.95545
-0.386779
10.2558
-2.78849
4.95793
1.90815
3.15322
-0.209386
-4.61355
8.8696
-1.79829
-8.75811
9.77362
4.76463
-3.03595
17.1063
5.35684
2.81844
0.372438
8.72735
11.0829
-11.5831
3.60556
-1.53563
-0.315244
8.14234
8.31461
-6.79071
-0.776621
-10.3013
-2.38999
1.46732
4.59923
3.6801
2.85536
-1.6762
-3.18419
-2.97499
6.38388
-2.57342
9.91846
-0.428734
-2.41605
15.0368
0.918913
-3.54611
7.09839
1.42834
10.2773
8.38835
11.7515
1.6279
6.59533
4.48553
-7.83973
-4.06831
-2.08093
-2.58743
9.54246
1.59153
-1.15445
-0.911674
-3.81343
-6.17383
-4.13143
-7.21905
6.20956
-1.98736
7.86698
4.1088
-3.83402
2.44431
2.0169
4.35197
6.03083
-4.94439
7.64105
4.9214
17.2044
4.51847
-6.65917
6.37087
9.32768
7.19463
-11.24
1.08348
1.83274
-5.87373
-1.58587
5.23753
13.2252
-2.32618
-4.85369
2.12003
6.12976
-15.5295
-4.00142
-0.871592
-11.3278
3.14338
-0.955743
1.53986
-8.42533
8.37557
-1.4196
-6.45385
-10.304
-3.97874
9.84614
0.615776
9.45021
-2.93351
7.378
-11.1812
3.11027
-10.6569
3.51065
-9.33208
-3.4501
-4.25676
3.54789
-11.7286
6.71448
-6.37081
-5.52831
7.87289
-1.37995
10.5505
-4.53167
-0.966401
2.79211
8.31998
5.98545
0.711841
-1.89947
1.18107
7.43503
-2.25781
-6.17152
-1.00698
7.7543
7.12568
-0.299465
14.6363
6.7399
12.8557
2.78257
3.55128
3.47471
4.45553
0.901075
2.42291
-10.9781
-7.48062
15.2883
0.358223
0.0716861
3.74692
3.44486
-3.01283
-1.02077
-2.36997
3.76728
-0.313353
-1.77371
-0.780725
-1.93126
-6.26121
7.70064
7.50493
-1.5548
3.77115
-3.23007
5.00543
6.09573
1.93684
1.65427
1.99693
8.79113
10.1848
3.66785
5.11633
-2.7748
-4.1577
3.88781
-4.93442
0.2525
3.76609
-1.04413
11.7896
-3.96049
-2.83565
-1.73033
8.35377
2.38873
10.6725
3.88562
4.68654
6.80755
3.44773
-4.25673
-5.37521
9.53691
6.26108
-3.5655
-6.289
11.7914
-1.86458
8.43299
-2.28663
1.05724
2.38342
-2.19796
-7.48143
-3.15057
-8.46692
-4.2572
-4.88272
0.724681
-3.908
5.1146
-9.77997
-10.2899
-13.6953
2.14313
-13.6144
7.03008
6.65131
2.20765
-1.65633
9.15418
-3.35367
1.13765
6.26541
6.64528
4.69004
7.15561
3.03258
3.57083
-0.142236
3.86775
-5.6866
-1.04018
-2.11645
10.539
7.07882
7.76029
3.54191
2.28044
5.62918
5.42956
9.30397
0.12111
-2.95369
4.15893
-10.1066
11.3708
3.17509
-11.1923
-0.908597
-1.36861
4.89075
-1.52102
5.03419
6.80698
0.324255
4.29492
-8.17745
8.77671
7.29118
-1.56289
-3.5884
7.05315
-1.34967
2.38221
0.731034
-1.8471
-3.87079
-9.57
-4.80483
-2.48641
6.10056
-1.30926
1.22707
12.7975
1.00611
-7.78701
5.17042
-8.66009
6.42769
-12.4229
5.40555
-6.65655
1.86867
-4.00327
9.42744
-1.44318
-11.7762
7.2198
7.51106
-1.48444
5.96292
10.8788
1.36063
-2.83692
-2.44422
6.18662
-5.80342
-1.01706
-4.06518
-13.2151
-11.6285
-1.14277
-11.3263
-6.00529
3.51422
5.65712
0.343125
2.10725
2.99331
-4.79965
-3.49855
0.348872
3.43107
-14.7895
-3.65918
-3.23502
-11.2595
-0.930876
-2.16257
2.9481
1.42235
0.0074391
0.606297
-0.383288
-2.20964
3.95572
-1.3459
1.18265
-2.62552
1.66585
0.419045
8.50864
1.46757
-3.09507
-0.362131
-1.10675
-4.5181
5.12378
9.77762
4.55349
-0.0167412
-4.85199
8.8996
-7.21135
5.66986
-1.7982
-5.33652
2.11045
-3.33552
3.39343
-0.391488
6.68621
15.4803
7.25877
-0.873558
4.36273
-2.40829
-3.92203
4.60654
-0.0162819
13.3875
0.76703
-3.00221
-4.24956
8.35792
-9.45574
0.944996
-1.4111
-9.31974
6.37631
3.73165
5.69497
-11.0131
3.47722
6.36046
4.24417
7.78355
8.72904
-9.55994
12.4399
2.72617
-5.647
8.15718
-4.05045
1.51595
3.94847
-8.4498
0.0508847
4.85318
-4.68488
4.95849
-2.44852
-1.2813
-4.29617
10.1705
2.2988
3.69314
1.70726
5.33995
4.75485
5.0639
-0.602419
5.30854
-7.4407
3.40825
6.00754
4.00221
5.23318
-5.9313
1.82761
4.55155
12.95
7.02043
1.59603
4.74058
2.09044
1.92311
-1.92909
8.22626
8.45055
-3.69486
-5.58079
-2.00758
1.76104
0.952857
3.52602
-3.67146
-5.85175
13.1068
6.14024
3.42304
0.536509
12.2651
2.89693
4.27804
10.523
-2.78714
-1.75837
-1.72159
3.42458
3.55404
3.4483
3.57855
7.35554
5.74667
1.86782
6.64224
-8.92857
14.051
10.3182
-2.33364
-5.29894
6.8037
3.81986
-3.47979
-6.09037
3.10275
1.85318
-7.85831
12.1436
0.949817
2.14689
2.21947
3.80924
-1.02537
-3.66218
-2.68265
6.18322
5.95838
-7.56921
6.73636
10.1906
0.85805
2.27553
-11.2869
4.37653
0.243968
1.51115
2.09047
-2.07712
1.74665
-3.05916
10.9409
13.0501
5.80031
0.343534
1.56487
12.2912
5.45128
-10.9288
-2.6462
-2.68936
2.51017
15.2269
-0.190351
8.58564
-3.72579
-4.4338
8.16027
18.5889
-9.97653
14.2874
-3.23448
3.886
4.64397
5.99239
-2.68119
-1.75286
8.21666
16.526
-0.0202129
-4.73539
-15.7055
4.76326
-6.36312
0.274751
4.80703
-1.35052
0.218136
-0.494514
-8.81069
5.35768
-11.0203
2.25806
8.01683
3.3399
-4.70065
-6.17087
-6.96707
10.3104
-1.83494
4.44797
-18.0517
-6.08832
-4.71598
-10.2579
11.04
4.71591
3.77605
3.36615
-8.29976
-2.12952
3.40385
4.09157
-6.24924
3.66972
-4.91239
4.13186
-11.9819
6.28249
1.44367
-4.46039
-21.9424
2.80131
10.7751
13.9395
7.76087
8.2324
2.78027
-5.91524
2.69572
-2.07999
3.93388
-3.5008
0.418257
5.80034
-5.19427
12.672
-0.62545
-1.76762
13.6421
-1.43346
11.2883
6.14055
-0.652175
-0.283953
3.27003
3.69089
10.4191
11.8151
1.73661
4.90168
-1.78962
-0.371866
-2.58747
8.79045
-1.94131
7.3401
2.25573
10.9926
5.40628
9.73012
0.323619
17.1236
9.82963
-4.74836
9.3661
0.99927
4.26105
7.2203
-2.89779
11.1836
8.31384
0.411239
-4.07686
-3.27569
1.95695
-2.1259
0.283191
1.93692
0.733196
-2.8745
8.91827
-3.05153
7.65489
-0.690172
5.98463
-0.897367
-5.05789
6.20818
1.53849
1.90298
14.1885
0.553814
10.8617
-0.0815588
5.66477
-11.5416
-16.2724
3.89845
-5.3796
1.355
-3.2842
-2.3637
-0.197566
0.595255
-1.37768
4.7149
3.30581
0.741898
-8.1981
-5.01684
1.45508
-2.56821
-3.82244
-1.60249
1.98039
2.46785
-8.05264
-1.34495
0.0221365
-4.6692
-5.67665
-3.31411
-0.0388441
2.8952
1.78757
0.59556
-1.9643
6.91465
8.9229
-4.26191
-3.40209
5.85155
3.44557
4.27603
10.2809
-1.8867
-2.02277
5.50569
10.9265
-3.00283
-6.51138
7.54007
-4.58729
-7.25215
7.22195
4.33782
-0.237428
1.58562
4.89817
6.42444
-2.31904
-6.3046
4.02312
6.78941
1.01266
-2.72834
18.3238
-2.34385
0.816537
5.8385
-0.0574734
4.01333
-9.80499
13.0066
6.53199
-1.32401
-0.741046
7.05517
3.65145
0.553349
-7.08016
5.32301
-0.966177
5.16654
2.05269
5.24622
15.4547
5.67797
9.28001
5.39031
-7.14667
0.766883
-8.52602
-10.8632
-9.78312
13.4379
4.33562
0.0207036
3.01057
1.45945
5.63784
12.1977
-3.36557
3.19831
9.35673
8.71875
4.06121
4.80932
3.85429
-3.89222
-4.08253
10.2884
-2.16204
-4.63362
4.42044
4.62483
-3.04625
-5.58783
-1.95042
-1.05467
-2.43581
-1.97118
-3.76349
-5.9112
-0.314071
2.29117
0.64172
3.09896
-0.107901
-4.00639
8.24684
-3.87146
-1.62237
3.25213
-4.47169
4.59658
5.27698
-11.568
-6.60628
-1.41969
-3.15678
-0.524562
-5.06333
-1.80487
-1.21269
1.73022
-9.56669
4.52714
0.986176
-1.92312
-9.64526
8.73031
1.71325
3.91881
-8.52811
3.52088
-12.9651
7.21337
4.85946
-8.68472
-0.926159
-9.72696
1.33662
7.11953
9.39923
-10.9563
-4.92032
-0.0265264
-3.84501
5.41601
10.0818
1.02368
12.128
-0.164889
1.0665
-2.76752
-6.52754
5.70298
0.844276
3.35377
14.1516
-15.1303
13.2594
-7.68303
7.25261
-11.8587
4.58265
6.99041
-1.18081
-0.140767
1.38452
-11.0973
-9.56867
7.4844
-1.12309
-8.38062
3.48462
4.55472
-4.57846
6.36049
-1.60859
1.32295
-1.38898
-1.28161
1.5047
1.4424
2.17401
-4.45984
-2.23387
4.9304
9.67267
0.901689
3.47468
1.20994
-7.6251
0.73185
10.0242
-0.219566
0.337102
3.69629
7.86633
4.10372
-4.9064
2.10364
-1.0718
0.56603
3.16392
-14.5943
-3.2686
-8.80159
-2.16038
-3.51702
-2.81212
-0.997032
4.63795
-2.83474
5.0712
-3.75159
-3.94659
-0.73411
6.35184
5.04853
-4.11628
10.9707
3.73814
6.42941
-3.72293
4.48351
0.223471
0.375414
4.83463
3.52575
0.899284
-11.8001
-7.11937
1.67822
-7.77744
9.80223
-14.6766
-4.16359
-3.61926
-3.58132
8.06261
8.24847
-1.7268
5.49024
-2.33762
8.29351
5.6887
-3.49417
-2.21948
-3.3078
-6.79666
7.75588
-7.9717
6.98127
-2.83976
-2.94787
-2.04427
5.83045
5.00177
2.61628
2.0436
1.50071
-0.0202357
1.43356
8.17973
-2.66382
-3.01756
1.03326
-8.14012
-1.33995
9.17725
8.9395
-1.08737
6.13725
1.15712
17.1992
8.47948
0.830368
14.4294
-4.44296
-9.32676
-14.6095
-1.06326
-8.48968
-1.11346
4.44711
-0.484971
1.72757
9.57334
-7.63016
0.697856
0.692684
4.55105
-1.05216
8.54012
9.66716
-6.54
-7.44851
-2.18698
10.1511
16.9238
-8.70062
-6.70485
-1.477
-4.84175
6.22512
12.4861
-2.79997
-5.75068
-4.45997
3.68338
5.41878
0.321058
-8.08017
-0.78485
5.34962
-2.04861
5.35381
-4.17373
0.995697
2.04768
-0.804882
8.1092
13.0542
2.12533
1.2079
-1.29119
1.42191
6.83913
12.1742
-0.494813
10.0352
10.5044
1.66443
6.7392
-3.31263
-5.41409
0.421586
-4.1149
-4.57465
4.08011
-17.0675
-0.487326
6.0999
-2.1946
4.30708
9.54085
6.04109
-2.68335
11.2562
7.36496
-1.35705
3.60555
1.93755
-0.645183
-2.06942
-5.86069
7.28616
-4.63396
-14.4646
-1.85691
0.551486
-3.72657
2.20176
-0.0613137
10.029
8.87821
-1.48234
-3.90698
-1.35881
10.3284
-4.19444
12.7506
1.99311
8.46041
-1.98445
-4.89037
8.32508
3.65806
9.78398
-5.61896
3.14145
6.36641
7.20862
-11.2657
-0.232044
-3.08114
-0.786268
-1.53506
-0.251337
5.01417
-9.75473
-1.87755
0.942672
-3.08306
8.95042
5.79536
14.0911
-6.46166
-4.14992
9.29829
0.212911
0.129724
1.56229
-1.41192
6.84554
2.7415
-2.07195
1.07325
-10.4548
-4.40498
-1.09488
-0.921888
-4.25772
-10.7459
-0.428021
-3.00173
0.602018
8.32097
9.11396
3.47252
-7.98073
1.96685
-10.547
5.23295
-2.75817
2.62164
4.91542
-5.45798
-14.7352
-5.54635
-1.50979
1.15891
9.8744
2.89384
7.20259
-1.81658
4.79532
9.06161
5.16057
-2.81114
-7.98079
-8.54215
12.0527
7.30202
5.95993
-5.79999
12.4918
3.84019
-0.56016
6.10693
11.3301
1.25293
1.82097
4.15233
-5.97155
-0.295659
9.23567
4.08462
-8.09741
-2.9752
-6.13893
3.49581
1.3811
-3.757
-1.38886
-0.804019
-5.68034
3.94115
-0.659314
6.07306
9.53177
-7.15528
-0.862047
5.98153
6.14229
4.69745
7.91639
2.88863
-9.92882
0.673228
1.46954
-9.07365
7.62734
3.267
-1.88654
2.05352
7.6508
-8.2974
10.0298
-2.54661
-1.72426
4.60517
6.13679
-7.95381
2.65152
8.14506
2.85384
-13.0153
-4.09096
10.0457
4.90696
6.04825
1.29332
7.06804
6.88197
0.920674
-1.90403
-6.10087
-10.4674
11.2203
-6.69079
8.05818
1.13575
5.39232
3.08106
4.16442
6.18808
0.52926
-8.12513
6.08778
-8.34437
14.346
-3.1309
4.84194
10.4248
-0.348459
4.54192
-7.29834
5.77464
1.31639
5.00645
3.08934
4.72248
-10.8892
-6.21249
-1.07635
6.25259
5.05539
9.76317
0.354058
-1.15837
9.89072
2.12914
-10.6561
-11.2678
6.99846
6.34636
15.0207
1.1514
7.26334
-9.92059
1.85548
-11.4116
0.0272741
5.22898
-1.32099
8.34707
-5.39306
0.254045
-0.754094
1.17784
4.50468
3.77728
7.55819
-3.91151
-9.46118
2.58046
-17.7611
1.83407
-14.8309
-1.62479
1.96872
0.165384
-13.7369
8.38883
4.42089
5.16434
2.14049
7.72449
-0.22451
-2.69204
-0.136422
-3.62347
3.2421
-2.80336
5.60659
-0.698552
0.0882144
1.36646
4.73831
3.43655
-0.818049
-8.40796
-6.31425
9.41935
2.37241
-4.46203
-5.58244
5.08705
8.21736
10.2711
2.43166
-0.448816
-19.6034
8.60085
0.0864115
-2.87075
2.9205
-5.14967
0.720296
-10.0494
-9.3115
1.43422
-1.86393
7.39134
-0.159215
10.6479
0.425215
4.94709
-11.9733
-7.79075
5.37653
-0.0730747
5.1259
12.1587
-3.356
0.269791
6.13024
12.4538
6.07082
-0.91321
3.72365
-8.65943
7.36831
-3.34347
-2.32151
1.4923
6.19809
2.74481
2.62247
-3.0638
0.0877843
-0.495565
-3.58865
-0.154297
-1.32647
1.16079
0.093266
4.27747
-1.59417
-3.92807
1.80596
4.07614
-3.9142
-4.78647
-8.52534
2.82006
6.0169
-2.22945
10.7849
17.0401
-0.9419
4.33136
14.7483
-8.21117
0.117639
2.85805
5.88743
-8.16584
-7.88391
14.0214
4.12537
4.11114
-5.87214
-1.69381
-3.52949
-4.10368
-6.1695
-3.5692
-2.9067
-0.14024
-4.81126
6.27937
-1.24004
1.35765
-1.59168
0.371465
3.20216
1.01436
1.34924
9.41048
-1.32339
4.31256
6.40848
-4.29979
10.2333
4.77941
-0.996532
1.8491
6.44494
-3.56241
-2.03798
2.09266
-0.85132
-5.38568
-4.5562
7.41355
6.76429
12.2129
-2.82311
-4.6522
1.59751
9.54948
7.94414
-1.92622
-0.128621
-0.992964
3.47076
-0.162944
-2.08247
-4.62273
4.53881
9.78245
4.20553
-9.17458
-0.228841
-4.45246
-8.65101
11.8161
3.29281
5.65643
-7.28618
-13.4595
10.575
0.419836
16.309
-2.72394
3.46754
-3.32716
-2.02177
-1.7451
2.87013
-8.25535
-4.13997
-0.468269
9.5482
4.50235
-0.953394
5.72216
3.63053
-0.419292
-0.128745
7.78939
7.28017
-1.64352
2.56821
-2.46488
2.60317
-2.99911
2.86597
2.39883
-4.28958
1.50724
6.51254
6.05028
-4.78142
-4.84864
-4.13977
-3.10058
-3.63316
-2.42788
5.39394
-2.44241
-11.0788
-1.4854
1.43982
-6.12442
0.5079
8.17853
-2.84856
8.18919
2.58391
-1.60281
4.23479
0.45943
2.36685
-2.88891
4.52472
-3.35544
-2.58428
-3.80761
8.13755
-2.1811
-4.18872
-1.49484
-2.62113
-0.49038
4.86468
2.47942
10.3758
-2.59189
-2.1711
2.44844
-3.37888
6.32315
5.83516
-2.04033
-1.02147
-10.449
-4.04943
-0.792182
-4.82077
8.5754
10.2864
-3.34841
-4.33646
-9.05781
-0.194825
1.08222
0.298735
6.45323
10.2057
-8.13769
7.22327
-4.16235
5.05894
-3.78368
-10.1592
2.71976
-2.50354
5.58349
-1.99587
-2.89769
-1.93009
-15.7021
-4.81315
-14.0552
1.03691
-3.94374
9.51535
-3.58899
-6.92542
5.48996
4.56705
1.166
1.7107
6.98709
-3.48848
-3.844
-0.950942
1.26863
-5.11612
-5.92694
-3.01985
-3.34969
-2.29543
10.684
-9.17166
12.7104
-3.63716
2.09466
6.40903
-3.63967
6.40193
1.33151
0.299756
13.9529
6.99631
6.61099
-0.513564
4.93123
8.37215
1.03886
11.079
6.49019
3.65646
5.14288
3.38856
11.4621
10.4943
7.62829
-2.83682
-0.888971
-0.638886
0.990717
4.38415
4.59698
-6.26603
5.36769
2.88807
-13.2713
-5.14644
-10.8993
1.34568
5.61386
6.41692
-3.79222
2.44948
12.3597
-5.72798
-4.72728
3.23315
-5.33224
-1.01213
-6.47753
-8.06071
4.68772
1.73378
5.48989
0.748875
-1.4925
-7.71847
-4.91517
-2.95076
-11.5711
-0.3723
7.55476
-4.82526
5.60822
-1.30299
-7.37964
-1.9736
-0.378852
3.95199
-0.222414
1.15384
5.42036
-1.2651
3.98965
-0.265417
-8.51452
3.22824
5.84135
-4.36617
1.2388
-3.2756
0.0209634
-2.13601
-7.66407
-5.42292
1.75718
1.47669
-15.027
10.6942
-9.22419
8.58635
6.45152
4.16237
3.26468
4.93509
-3.31235
-2.30382
1.31873
2.23045
0.566987
1.4739
2.20647
4.29015
6.90991
3.36492
5.63088
0.905465
4.53131
6.47818
0.588198
0.624246
-17.3996
-5.10563
-7.35767
16.3104
-0.0903539
6.97686
-6.237
10.7104
-1.00969
8.02442
-0.615157
-1.03589
4.65601
10.4591
5.6831
-0.0580747
10.2908
10.5595
-3.70427
0.299935
5.39888
0.357572
0.951553
-5.59288
3.1801
3.54366
-0.97245
3.4347
6.97366
2.63213
3.5783
-16.5038
-5.72759
9.14266
-7.38191
-4.87354
-0.927833
-3.30829
5.54451
-7.48841
4.69264
6.22591
1.16426
7.95066
-14.0821
0.827173
-3.76254
-0.222312
1.94815
-9.24275
6.1673
-3.41781
0.302618
-1.21352
4.09189
-2.82589
-4.93199
-9.17314
-3.22575
-0.395366
-8.37058
-3.04266
-0.912711
1.76047
3.18002
-4.59773
2.81804
-3.78447
-0.39951
-1.28144
0.896743
0.0501122
1.31269
-10.37
-9.44517
4.44078
-1.51436
-2.02116
-9.04525
-0.626439
-0.602693
-2.13587
-0.306317
-6.38718
-3.96819
-6.22758
0.170068
-12.7627
0.728646
5.67015
-1.50873
2.2786
-7.58581
7.11895
-9.05342
-3.37988
1.62612
5.6274
12.6117
0.933759
2.66249
6.31009
-6.48238
-7.63802
1.0611
0.0157338
-1.31566
-0.458959
0.455031
3.79589
-1.15428
2.49759
-3.19602
5.32197
0.101691
8.75926
4.5866
-5.37072
4.63637
7.36689
2.35911
5.74271
-7.10293
5.4607
-5.61041
11.3909
-4.73625
8.38905
-1.809
-2.44082
0.744787
4.7428
1.16763
-5.50217
-10.0633
7.72949
-4.96873
-10.6759
2.26929
-6.77946
8.7398
6.15799
-5.70002
-9.58492
0.588239
0.00854969
0.0125675
7.27084
-11.7426
2.65629
6.73063
0.495563
-7.04501
-11.1903
-2.43985
-7.52218
-2.71692
-0.0379158
-4.21363
-10.3634
0.779
-5.7497
6.07819
3.17689
3.52271
2.9447
-3.7701
-1.59862
2.8555
-1.22878
1.44117
6.91984
-7.60423
-2.82887
-11.7722
5.32241
-1.21767
0.297295
-0.128404
-3.34636
0.0409944
2.20349
1.56088
-2.23474
-0.281491
5.18968
-1.39434
-7.68245
7.1496
5.58872
-4.92005
-5.34129
-3.02371
-3.86222
6.01829
-0.142819
5.29886
-4.6094
-3.88965
-1.97069
7.98419
6.05676
-10.2052
-5.36539
-9.54083
-7.10626
1.20308
0.375352
-1.81162
-20.215
-11.9172
-1.1324
-8.17424
6.81615
1.3905
-6.82499
-10.8534
-21.5993
-4.09083
1.60608
-7.00917
-11.4592
4.21472
-12.1869
4.81258
-2.04604
0.975017
-2.23842
-7.26923
-8.97229
-6.42222
-1.69386
-5.14803
4.49665
13.0303
-4.52026
-3.67738
-8.65625
-3.26854
-1.60968
-9.36247
5.85546
4.3286
-1.34118
8.8374
-3.56904
-10.6312
-6.94079
3.48421
-4.56331
-1.10526
-0.11452
2.04923
2.18934
-11.8119
2.48269
7.48669
-2.08512
-6.11283
-3.00951
7.80956
-3.8454
-5.15227
7.31261
5.89507
-1.22878
1.22545
5.58232
-2.07913
-1.1422
5.26146
11.7163
1.04696
7.95414
5.48747
4.57104
0.714126
9.99235
-3.12311
8.80594
-2.23591
-2.14456
1.82889
9.56185
5.11654
-5.84784
-7.15484
-9.99547
-2.08412
-17.4772
-7.17728
-11.4736
0.426824
-6.31665
-4.17179
1.26736
-5.2733
1.16225
-8.89499
-1.87244
1.22785
-1.93264
-1.96527
-1.2887
5.28836
3.22476
5.40386
-0.18109
-3.20708
8.82113
-3.54155
4.47992
4.87684
-1.3387
-6.27943
5.62082
-6.28115
0.241306
-2.47249
13.3641
-9.197
-8.86947
2.73612
-3.77121
-1.32766
-1.5523
1.7561
-1.31594
-1.73603
-5.15245
-2.25416
10.5853
1.38627
5.77929
5.98041
-0.353381
2.56222
10.0312
5.39728
-2.29712
1.41434
0.965338
7.39785
-0.486235
-5.70388
5.28131
5.91097
5.21274
5.5013
-3.15657
8.35546
0.964734
-3.66694
-4.93594
-4.03758
-9.04199
12.8634
0.385741
5.55951
-6.63393
-3.74191
-6.21528
4.32212
-11.0892
2.43993
-9.97926
8.08819
2.20655
4.39196
2.77086
0.356976
2.31807
5.19975
1.18399
5.17197
-0.110045
2.20004
-0.678957
5.35821
-13.433
0.796846
1.37976
6.23081
-8.49768
1.02772
-13.2968
-4.83592
-4.4251
-1.18059
-1.81019
5.50663
3.67926
-12.4167
6.70226
12.2315
3.78825
10.5527
1.88528
2.20638
4.1921
4.78723
-5.61501
9.04062
7.94393
-0.290166
-8.24232
-7.3969
2.87254
-4.07261
0.184481
-11.4279
-7.66717
-13.6075
-9.17291
-1.36483
1.10083
3.09542
9.86268
16.9612
-13.2761
-1.64426
-2.71382
-1.21965
-6.48675
-7.09804
1.54444
3.54772
-6.69276
2.24257
4.49826
7.28199
-2.79628
9.04351
-2.64454
2.75088
3.71805
-2.39231
-2.39679
6.82533
-2.87332
9.32819
-0.985921
3.33187
-5.78439
12.2124
-4.81748
-1.07508
-4.31251
-3.87154
-4.10274
-3.37022
9.4115
5.01251
3.09879
4.69466
-1.00876
-0.485834
2.39327
0.194071
-10.2548
-0.420718
0.803204
14.1954
3.4593
-7.45917
2.13778
-2.04958
9.84113
2.72663
-18.2549
3.02898
-7.25596
8.93381
-5.78212
2.24099
1.38758
-13.2891
3.88038
5.33751
-6.50517
-1.56455
-5.12298
3.1775
3.42017
6.95486
11.1631
2.8409
-1.19555
2.76432
-0.10375
-6.54154
6.40613
2.13909
8.71758
-1.07208
4.92575
-0.970078
6.04358
-7.63244
10.4173
-1.57432
2.42013
2.41271
-8.45589
-1.16289
12.8178
-2.89805
2.65387
-9.28818
1.21486
-5.14497
-5.99759
6.72585
-7.23586
5.21344
-5.08973
2.873
-0.488864
10.5458
0.117345
2.67971
-3.44513
10.4194
-0.202129
1.68471
0.230312
7.89089
-5.47808
-5.60618
0.0551303
-1.21553
0.165708
-3.35802
9.39017
1.76168
5.45783
6.55599
8.56957
-8.70614
-4.38169
3.31915
4.11549
-7.03256
-6.95626
-4.29414
-6.50878
-2.51563
-0.127887
3.31266
3.54549
-0.314453
1.00395
0.886351
1.17027
14.2483
4.26348
0.779833
7.1727
-4.13764
12.2502
-0.643078
-1.49434
14.0714
-7.55145
4.96217
-0.90863
-2.25692
3.16158
-0.571539
3.18388
-12.8782
-4.12219
3.41722
-1.37381
7.26666
10.0266
1.76109
2.6704
-4.03125
0.132985
-1.39022
1.13189
3.76148
6.11842
-8.2423
-6.77625
3.71589
9.62683
-5.49619
10.0871
-4.41142
7.03027
8.11605
0.122232
5.62414
-2.31593
-7.80912
-1.04044
-4.31428
2.95667
2.79293
9.5485
-3.88221
2.98228
11.3438
7.12117
-8.30599
11.6985
-8.41867
0.392776
-8.20891
14.0817
-6.9217
10.8329
1.86584
6.95564
-3.15246
-9.09649
-2.46489
11.2983
9.16298
-2.1261
7.60214
-7.7009
1.11833
5.00132
1.0378
-0.952448
3.88102
6.20475
2.61117
-0.0557049
-4.84265
4.31126
-0.0727299
-3.86493
-5.78189
-5.70199
8.78936
3.0877
2.23931
4.83083
-4.62785
5.60642
0.414181
-0.500383
-0.502147
10.516
5.48748
6.89339
10.1091
-2.45998
-9.59144
-8.87221
-2.06478
4.32668
2.10267
-11.2897
-3.14811
-0.764535
-4.09175
-0.272145
4.21842
1.12174
16.1297
5.21125
2.3696
-5.81601
0.71639
-0.398635
-1.72381
-5.96736
-5.45662
2.4442
-0.986243
4.16318
11.582
11.8587
-7.64506
4.48487
-2.6013
4.81998
-8.04912
-5.62906
-3.01296
5.53314
15.4047
5.46053
-1.86445
1.8024
-4.73833
-6.53325
-1.51121
-5.62511
2.76737
-6.12606
-0.449182
1.78063
7.70994
-8.5859
9.89637
-2.87524
-8.82252
11.7048
-1.39207
8.95072
-4.94009
-1.67752
-1.2707
-4.60332
7.76571
4.40794
7.09291
-4.99892
4.56786
-0.416123
5.3276
0.829026
2.96978
-1.89455
4.3132
13.6938
2.21922
1.03357
-0.740925
-7.03509
-12.5873
0.0728139
10.7397
-1.81176
-8.19236
2.55748
-1.98361
9.10331
2.0626
5.40975
3.29854
2.16286
-2.7017
2.04047
5.13675
-0.116744
-6.17831
-2.51739
-1.73959
-5.09414
7.2931
10.6163
3.00239
-2.35939
-4.25903
-2.96284
0.870796
-2.95544
5.77721
-15.8217
4.75524
-3.05163
3.89275
0.146553
4.19898
10.3148
6.9088
-1.82262
-7.12486
-4.20873
1.03579
0.645213
-0.0860734
2.58747
-3.9047
5.04139
4.13063
-7.65904
-1.03579
-0.221398
-0.858746
-6.43021
3.22537
2.44149
16.5645
2.87322
7.59633
6.56293
0.598476
-3.73112
-4.18691
3.10675
1.16057
3.36262
-0.0246953
1.30678
-2.84248
14.9613
6.52569
2.89113
1.67668
12.1451
2.4713
-0.0650845
1.10674
6.6506
9.77907
6.72423
1.92352
-4.16115
9.46907
-8.00449
5.12463
-3.72355
3.25955
-3.42104
-2.9005
1.42336
14.022
3.87532
-0.947667
4.14235
-1.28037
-1.0259
2.61773
-8.24627
2.85846
4.38518
-13.3056
4.4529
0.73379
19.0366
-4.49667
6.43561
-5.79024
-10.0611
-13.3496
-0.579082
1.58957
-0.915356
-0.558522
3.48248
-7.16104
0.698191
0.335856
-0.228931
2.27547
-5.65559
-6.91108
-1.19688
-0.267374
-3.96517
-7.59454
-0.0329969
-1.19474
3.16404
-2.1532
2.80356
-4.98587
-4.8563
6.22856
-2.23566
4.64863
-0.39365
6.31896
-11.467
10.4686
-4.02531
-4.31726
3.59381
1.95497
-2.69145
7.41172
12.2209
-5.53332
9.01531
6.53081
-4.96433
-6.70163
1.0681
1.36593
4.4665
-4.32661
1.22412
-2.25202
0.500156
-8.48952
1.24932
-2.14952
-5.67536
-5.76518
9.74079
0.505647
0.938333
-8.71442
-9.69166
-1.65399
-0.0703684
7.18096
4.91946
9.97029
1.34559
1.69229
0.612374
-5.31989
-2.28089
-10.3358
-3.83441
3.26721
9.58803
-2.10318
-6.61716
0.335689
-0.0792865
1.14437
6.2041
5.28724
9.1123
-1.53132
12.0002
-2.17047
4.7303
-12.0837
-13.0669
-6.33313
-3.40331
-5.04133
3.93101
-0.977848
10.7905
-12.263
-6.99451
-0.572869
-3.05762
0.608825
7.71442
-11.5318
-0.789825
-6.39177
4.79792
0.378572
2.42259
-3.77708
6.54839
-2.05346
-1.10039
-12.4534
8.24133
7.05066
-6.64659
11.1264
-2.56676
4.30775
7.08816
12.2082
0.580829
2.81163
-1.66944
6.56395
-3.24984
9.19967
-15.7308
-17.1365
1.83462
0.32049
2.62512
1.69817
2.53037
-0.303746
-0.149585
3.87415
16.115
2.5631
-3.95628
0.751179
2.04828
-6.35836
-1.45244
6.48621
6.80861
3.97739
11.4611
3.17621
-10.1926
-0.717568
-13.2437
2.27448
-19.9568
1.97144
-3.65629
2.44186
0.447644
-1.12903
-3.97389
0.585434
-7.64273
11.9793
3.99279
-4.42022
-7.14246
2.21237
-0.543908
-5.49954
-0.474878
11.7602
6.15387
-12.3542
5.33835
5.66023
-12.4265
5.64995
5.22589
8.57652
-5.0436
5.64447
-5.21022
3.6448
-4.83587
6.77845
2.45141
1.10356
0.293351
0.301486
-3.39389
-7.03946
12.7959
3.15254
-1.37192
-4.11009
-6.19459
0.710266
-1.0824
-3.95206
-2.47843
13.9212
4.23203
4.89985
-3.26569
-8.32524
-0.421095
3.51268
0.377294
-7.01258
-5.89625
6.12082
-1.48385
0.711396
-2.60963
-4.45889
5.16908
-8.02942
4.50923
-4.4967
-1.88767
-4.44343
1.78499
4.8784
7.38812
-5.97131
-10.6147
8.51215
11.2211
-0.133377
-4.81634
-2.85785
-3.0287
-1.22098
-9.44626
-20.2256
3.62466
-8.32945
-7.16593
-9.08622
-12.7447
-11.4051
-3.0258
-5.51889
-4.40987
0.0445449
3.45871
4.87956
-11.8837
0.66904
-3.72374
4.38449
-5.30284
-15.164
-5.28063
-6.55349
-6.08918
7.82738
6.70729
-8.46547
-14.1069
3.57779
7.60729
9.10874
-2.45254
1.69857
-2.48112
-3.21785
-14.4283
-7.06058
-3.83171
2.09069
-21.8543
2.82085
-3.38747
4.54223
10.684
11.2484
-3.73027
-10.7583
11.7018
-4.35244
-2.7848
1.65508
1.64131
6.67898
6.43486
-0.356308
-7.05611
-3.53717
2.75003
3.03566
3.62961
-0.397522
-7.54664
-6.98848
0.0107773
-1.33092
6.64609
2.79252
-1.58831
8.98568
0.934108
0.203383
16.4356
3.05476
-16.887
0.655256
3.74157
-2.37393
-7.96979
-2.33942
0.177246
-2.67624
0.486604
2.34812
-9.28548
5.08431
-4.26679
7.08355
3.81444
-1.58259
0.0660794
1.3319
-0.545503
2.245
-3.83978
3.68764
2.16215
2.77121
0.21695
0.818256
-6.09676
-15.0052
-4.49278
0.637623
7.68414
4.69677
1.75956
0.878208
-8.60904
8.58494
-1.97621
-0.408146
-1.77523
-1.93999
-12.2832
10.3386
3.52163
4.91175
-13.8536
15.5826
-0.708761
-1.68926
-6.76838
7.32953
-1.99799
-5.02671
-8.09837
1.24412
-2.43864
5.98627
-2.29176
-0.382171
-0.134811
5.47173
6.72128
-2.09982
5.06629
14.1326
4.72989
2.25454
-4.3072
-5.16129
6.42411
5.05464
-1.52054
0.230795
-0.491303
-1.4522
-2.80413
2.76513
-5.64396
-1.57621
6.11527
2.20685
1.45411
-2.52078
5.70154
6.33698
-7.69483
-0.484882
1.43389
7.90851
-0.753373
-11.3207
0.250658
-5.97928
-8.61771
3.91376
0.944675
3.58126
-3.11852
9.0208
-7.57122
7.85967
-0.933876
16.049
-8.12196
15.0993
11.6441
8.09384
2.53255
6.46684
-4.67803
4.64105
-13.0694
-1.27485
-1.5414
0.679203
-1.37039
-9.2027
-1.62171
-5.85962
9.33064
3.69313
2.39778
-0.0931029
-4.54491
-0.37114
-3.5491
3.56099
5.44694
-4.85725
8.675
6.12234
-2.28842
-3.32027
-2.29203
6.18656
3.30897
1.3065
-8.81584
-8.52557
1.5571
4.35557
-9.99476
1.56171
2.78832
-11.8268
1.78718
-0.539007
2.44503
8.94778
1.10991
0.411137
-5.91305
6.026
8.28242
9.96803
4.30663
2.9926
-1.14075
-5.8633
2.5185
-7.65176
14.9363
-1.50918
2.61522
1.23612
-2.42491
-3.06417
-4.74975
0.626776
4.89541
0.561626
-3.67134
4.02157
-5.75874
5.46084
7.15618
5.25326
-5.36172
13.0858
-4.63828
-3.62158
-1.48621
-1.98862
2.69688
-10.8379
-0.301887
-1.12062
3.99139
3.54367
-5.64935
-2.81113
-8.6738
8.66854
5.07821
4.64673
7.43178
-9.13107
8.16727
-1.21933
2.19474
-7.59863
8.11143
4.43003
8.05602
1.77734
-5.45524
-0.34664
2.71556
0.620303
6.24555
4.86613
1.19088
4.48945
6.26784
-9.75766
11.6025
-5.26919
-0.42848
9.99573
12.6703
-5.2552
-3.07985
7.86954
12.2965
1.61817
9.39331
-6.87957
-8.31977
2.34531
-2.87456
9.74156
3.82587
3.71046
8.71868
2.22476
-4.4369
-8.23592
5.44389
4.99484
-0.163596
-1.61624
3.46703
7.62152
-1.45756
7.81522
-0.156321
-4.32825
0.464732
4.41931
-1.76545
1.09184
4.05497
4.29372
-0.38299
8.12541
-2.23366
-1.34099
4.79582
-2.15852
-4.45102
-2.46732
1.37864
-5.83194
-6.15189
1.6641
4.25389
4.02022
3.83934
-3.30261
-1.38051
-12.4882
-9.53912
7.01852
-4.14374
8.40062
-2.85195
-4.99505
-14.2821
2.79525
3.67767
0.497326
-0.77452
3.62525
-0.23073
-8.77574
3.8641
-2.14594
-7.11851
-7.73796
10.0194
11.8231
4.11578
12.4069
3.18537
-1.67824
3.4475
-5.71728
4.23891
8.78761
-8.41307
-4.71657
2.24011
14.6278
2.39895
4.1959
5.95202
9.5627
-12.2162
-3.9897
2.54913
-0.246254
4.33043
14.031
-0.26169
-5.6787
-2.59239
11.636
-4.36785
4.17922
7.20272
9.73267
7.78084
3.80706
2.82145
-6.8706
2.30815
-0.849626
3.67683
6.58486
-6.83546
3.18842
2.29465
2.29225
2.25405
-6.51163
12.3928
6.07277
5.83804
3.66111
1.84332
7.94122
-7.91951
-1.46231
9.04644
6.60293
6.91141
-7.3834
-2.25587
-6.15759
-12.1586
-4.65934
1.88307
7.20065
0.162144
6.6911
-7.28179
-6.98939
3.39345
4.92988
-10.8094
5.16097
-3.78262
-23.1547
2.56587
1.92301
-2.33908
-4.58367
6.64092
-2.20234
-2.58158
-2.43293
11.3549
-9.17947
6.71387
-8.58735
-11.0984
2.88118
3.44393
-2.53048
4.20881
-4.97263
-7.85434
-3.49155
-5.70917
3.0347
0.180746
6.40997
5.92811
-10.0438
-1.67963
-1.54786
-0.560012
-5.85677
2.21409
2.44524
6.08937
-0.80332
11.9894
3.20432
10.2426
5.54443
-5.08051
-0.527794
15.1964
-2.74363
7.74268
1.74741
11.3066
3.55351
3.8896
8.87757
-6.96576
4.5584
9.34258
3.09852
12.1052
9.20944
3.26734
9.9989
4.6986
-0.00930142
9.61757
1.95341
-3.74079
-4.44653
7.34976
-1.03591
-1.88731
6.49469
-0.520238
0.990085
-0.957276
-0.148011
2.57339
1.65412
4.82117
8.05025
-8.64297
7.56688
-2.4508
1.405
1.37045
12.8925
-0.480546
-4.8871
15.1179
9.41847
8.24825
12.8113
11.7193
4.72601
3.1934
-8.23398
-5.73087
10.0303
7.94436
9.53728
8.12276
10.6534
6.92787
8.27779
6.56582
-1.36643
-2.4578
-13.2478
-13.6006
-3.90046
1.79734
7.42768
-2.50623
6.1345
9.45361
0.28761
2.05253
0.21654
-5.09238
1.2724
0.571803
9.69051
1.26298
9.19707
-2.97549
-4.73312
0.847688
2.84744
0.546227
5.61354
-3.50026
1.63583
-0.0539078
-0.424391
-5.07662
-4.34061
6.8461
8.63718
-8.11922
-3.71914
-3.80449
2.33581
-3.48393
1.51159
-4.03565
-7.72957
5.47879
3.13346
-5.88456
-5.8854
7.37448
3.57324
10.7673
-5.35739
0.929375
-4.20169
3.27202
1.81973
2.42574
2.46762
-5.26553
6.40138
-0.605244
0.938623
4.07171
-8.13023
0.529018
2.12914
3.21722
-5.92992
-0.432965
3.43287
8.35931
-9.21028
-0.32603
2.39755
-16.0569
-0.706046
-6.10078
4.09259
-5.38956
-1.12679
-10.7566
2.40797
-4.81554
-3.90463
2.1613
5.89584
-7.25444
11.4601
3.08517
-7.23475
9.67377
3.06219
-3.33867
0.899088
5.63031
0.350579
11.9862
-9.32319
-1.41184
-7.12201
9.76847
-3.5115
4.79406
2.04396
7.519
-1.20278
-0.601934
11.3378
8.22407
-2.06206
-4.87824
3.4997
10.3484
-6.55714
-7.16406
5.68467
6.38902
-11.3879
0.3903
-5.25762
6.97871
2.31348
3.51245
6.64704
3.18413
4.8538
5.52025
-5.63686
9.53706
-2.51435
8.17072
3.09594
6.53136
1.8983
2.10305
9.31861
2.64382
4.14079
5.27156
6.10822
4.89737
12.7379
2.1205
-14.7087
-1.06933
9.03765
1.93265
0.463314
2.41982
-7.18151
0.600575
1.40666
9.73172
-6.38433
2.67258
0.69015
7.51369
-1.59383
-5.65995
-1.47257
8.35945
9.12165
-7.50995
0.88398
-1.87747
1.37609
-3.58275
-0.842281
-2.67799
6.1243
-9.17044
-3.53986
4.89946
5.64292
0.17076
0.0440858
0.168187
-0.122582
6.4831
-2.23552
0.0413872
-2.41188
3.74564
4.83281
-0.535266
12.0997
-1.10565
0.928265
4.37781
-4.86794
5.67565
2.35068
8.39404
-6.10094
-5.62785
-2.2276
-7.03052
-4.43282
-5.59667
11.1648
-3.26965
4.51103
1.61564
-6.88851
-2.92904
4.03148
0.799899
2.27115
10.0432
-1.14355
3.74985
-4.43452
-0.636911
8.27458
-0.461511
-0.374962
-9.53745
8.80113
-1.6409
-2.44105
-0.951402
-7.03622
-8.33888
-5.33541
-5.11869
2.4139
2.42065
3.87093
5.39565
-0.855379
-6.95779
-1.54013
2.08355
-4.52614
1.6106
2.85758
-2.88463
8.63246
8.61076
-8.26393
0.261905
-9.41354
1.05798
-3.57364
-11.9038
-3.61703
-0.730309
-2.33492
3.51251
6.52236
1.64615
9.76212
-2.33015
4.29802
-2.11844
-3.85396
3.92414
10.1931
-8.25614
4.3929
-8.62615
0.92961
7.73378
5.30535
-4.66304
-13.8554
-3.02204
3.36051
4.51679
0.40232
12.7334
-2.91477
-1.43775
0.278651
1.32305
-2.38212
5.42321
0.258217
-0.869714
2.28848
-7.30149
4.70945
-4.45356
9.58627
1.04558
4.32591
-7.37594
1.77103
7.4504
8.02103
-1.67835
3.91783
4.99083
-4.06717
3.73007
0.766017
1.49321
16.8446
-5.81557
5.67723
1.33829
-1.62138
11.1081
-2.8956
6.53476
3.42977
5.47624
-6.74504
2.25697
2.07188
-1.36331
6.54389
-0.850519
3.7859
3.58661
-2.71538
5.355
3.63272
-0.667376
-8.3069
2.22366
5.60249
8.44529
7.69624
-0.649354
5.15876
-4.88857
-2.17184
5.92103
1.81335
-5.42828
-0.154245
5.10842
-4.85987
-2.85091
6.82055
11.5821
3.90333
3.86402
-3.10801
14.9326
4.42522
5.90897
1.73292
4.95057
3.79624
-1.43255
-11.5166
-2.20436
-3.1887
1.63823
4.6218
-0.0329343
10.4083
-12.0358
-0.345031
8.9306
-6.61381
-1.51362
2.83298
12.2318
9.03495
-5.83626
0.228444
-6.7093
5.42409
-0.289344
9.83373
2.39265
3.32645
-0.317736
3.98738
-0.225143
13.5915
14.13
-5.677
15.731
3.45679
3.33063
-2.97563
-3.22203
6.11898
8.06119
7.70016
0.35544
0.414558
2.01076
-4.99989
-0.63531
7.09157
5.49133
4.28884
-6.53218
-5.47102
-1.56644
-2.70616
-9.03913
-10.0226
3.08768
1.13363
-7.50321
-1.15039
-9.91434
0.618106
0.61129
-5.75134
-2.68701
8.54857
-3.30295
-4.44126
-3.27951
1.85504
1.85547
-5.61953
-7.32846
2.5646
-2.61596
2.66594
-1.831
3.57031
-0.983321
7.58813
12.7735
-6.48998
-8.03944
7.12139
8.41737
2.69681
-2.55897
0.361597
0.597373
3.84038
-0.0593797
1.48611
4.25398
-1.13967
1.71817
-2.96877
2.13898
5.66976
-4.8738
1.84624
11.967
-0.10518
-3.7802
-2.00413
-5.0049
-4.19104
1.48756
3.8151
16.196
-2.56838
-3.76802
6.95967
13.8089
-6.08221
-6.65941
-5.48473
1.85765
4.18772
-9.98607
6.70751
-3.42943
3.30835
-0.736486
-1.73276
3.25109
-5.55025
-7.61874
11.1712
5.49269
9.1792
-7.64881
-5.69617
-2.01612
7.8645
-7.84033
-4.62298
3.12899
15.9832
-7.01695
3.90868
1.485
16.0372
12.3843
4.0407
0.318354
-0.97782
8.27018
1.8636
1.10385
-5.94019
6.8671
8.00732
4.98621
0.400929
6.28808
-9.07442
-5.49853
-1.64164
4.12258
7.53274
-7.58812
1.50729
-3.47577
-11.6246
1.37408
11.9821
4.16492
-6.55897
-3.33742
2.25567
4.56289
2.63445
0.678676
-4.33567
-1.60726
10.5277
1.64484
-0.40695
-1.52818
9.02079
-0.0921602
-0.516066
8.5563
1.54953
4.03998
-0.694224
-2.92758
1.06362
3.51089
2.88261
1.55911
-1.00532
-0.205997
-8.01952
-0.878483
7.59561
10.6733
4.07702
-3.50331
-1.03037
-4.30612
4.57398
7.64492
5.07571
6.89465
-0.333011
10.3704
0.182771
13.3255
3.00208
9.21156
5.26665
5.53817
9.98346
-8.80292
-0.0652141
-14.1105
3.94411
6.16049
5.74058
5.56978
5.69732
2.15796
19.577
3.14467
10.1946
11.5981
9.66167
-5.00698
2.50207
-7.76524
9.73078
-10.994
-4.6779
-3.92487
-4.75353
4.15884
-8.71753
8.75488
-14.6637
13.3255
1.36434
1.67849
1.88344
11.6078
5.01868
8.77334
-3.90862
7.87085
-1.03111
4.02399
7.01903
-8.60458
-0.802165
-2.60411
-3.17133
-1.10359
5.05363
-3.58229
0.694081
-3.38231
-3.24438
-0.321572
2.76602
-6.76779
6.71529
-5.35671
-3.30684
5.93774
8.21368
3.46085
8.71397
2.40203
12.8097
-6.42705
3.26783
-1.59474
-10.6409
1.2127
7.4079
7.51351
13.456
-6.21517
2.34503
-5.44702
1.53586
5.94507
-0.0646976
11.0177
-2.93458
12.2901
-3.75202
7.93767
-3.52948
11.1684
-1.71905
7.40607
-2.37094
1.01169
1.96764
-2.33463
-1.04871
-3.62727
4.20835
-2.78512
4.52251
6.75606
4.72991
-0.533191
11.7273
7.78024
9.38281
-0.4057
0.305473
0.962418
7.88685
7.00518
10.6258
2.65883
4.23974
-8.0382
4.60652
10.7642
-10.4029
9.30042
1.71599
4.89074
-1.87297
-1.65283
4.28521
-0.0843699
-5.76517
7.03398
6.137
-5.30666
-4.56668
-8.63671
-1.3109
11.2549
-6.38907
4.25609
5.8825
-7.66758
5.01465
4.68129
19.0093
4.43626
-3.1005
12.5403
-0.566233
6.1875
12.0706
0.72596
-1.49626
-0.227012
-10.9039
6.07941
0.323897
2.64112
-0.149212
-1.3543
-5.23338
-6.02581
-1.61834
1.42614
-11.8948
5.35251
3.3046
-12.643
-2.56814
1.70735
-4.66469
1.12748
-9.49263
-9.88093
-2.8992
0.543144
1.41445
7.13362
-5.8305
8.39343
5.48818
-5.3396
11.1745
12.0468
-8.69419
-10.8496
-5.59296
-1.44069
9.22027
6.18713
-7.55198
9.39337
-2.09587
-3.94255
-12.7435
0.647811
8.78056
-4.3136
-1.20218
2.60926
3.64263
-8.04516
-5.23779
-2.39525
0.309183
1.52051
1.91481
2.50326
5.01832
-1.88557
2.38355
-2.18405
-4.37264
-9.36644
5.38889
13.2879
-1.30024
-2.46143
4.80844
1.45627
7.22105
8.05422
-9.9584
0.263216
7.51884
1.77345
1.67206
1.36961
5.89008
-4.32152
7.04977
4.50227
1.86493
8.44058
-0.819524
-1.26272
8.69786
-0.466055
1.48807
13.1565
2.55382
1.7827
8.17576
7.62827
4.79247
7.40974
4.62179
-0.239485
-10.6694
4.7145
10.9972
6.38617
0.880119
4.0281
-2.40051
-10.5228
-5.67778
-1.69239
-0.936198
9.47876
2.27216
-5.22912
1.58463
1.87631
-4.61096
-7.26773
5.68144
4.95819
-0.68847
-4.39829
8.13423
-0.759129
8.53864
-7.67735
-1.36755
-4.76676
-1.20292
-4.58691
-6.54969
-1.40581
-2.00263
2.51086
-5.2402
-11.2003
3.42001
8.91999
5.1974
-4.93012
-10.1081
4.9517
-5.62495
-0.358581
-7.04592
-3.73783
-6.51888
-13.172
2.424
-3.27115
-1.82323
6.35933
0.246875
-5.52742
2.27779
1.55777
5.63031
2.46112
-0.509886
0.598625
0.490558
-4.0683
-10.2988
1.14058
4.24967
7.8256
-3.9177
1.1171
-1.40307
-1.71132
7.30667
-0.472633
-0.0142091
-1.1062
1.44747
-3.62455
5.86589
0.612809
6.04543
5.59341
-6.28059
-3.09711
-3.98687
-0.221333
6.57835
2.37512
3.60648
1.07792
-5.52672
2.85119
-2.72024
9.34792
2.93895
-5.544
-2.85689
-4.69712
0.643079
-3.16824
1.49878
-7.43689
0.88581
-5.94744
0.751355
-2.51891
-3.51145
2.25183
-10.2189
-12.8031
-7.29787
-1.10711
1.97388
-9.02772
-0.599406
-0.0701318
-9.68722
-10.4909
-7.41618
-6.38292
-5.68305
-4.92558
-11.1519
1.9676
3.48088
6.5143
-5.62452
0.443083
2.97008
1.85792
-8.36352
5.83903
0.667053
-9.61733
1.41577
-12.0671
-3.43807
3.4299
-12.6939
2.13213
-2.78311
5.57899
-15.3449
-6.97428
-4.3667
5.35924
-4.81257
-9.62774
2.74553
8.04455
1.19772
-1.72249
2.39886
2.9891
-3.4926
5.53731
13.5366
-3.5251
-3.1124
-6.30701
6.08527
4.07889
-6.29785
1.8882
-4.16663
2.11906
-1.71072
4.9957
-11.7877
-1.94195
-0.21424
8.36314
14.2887
-0.467309
3.67323
12.5883
3.86203
5.92892
-1.7895
-1.11833
-6.09944
-6.26949
-1.95245
0.259257
4.4709
5.77252
3.93913
4.49143
-3.03795
-5.89152
2.82672
-4.86736
-4.57291
-11.4759
-1.13498
-3.99713
-2.75491
-7.55426
-1.19761
-2.03869
1.65956
-0.232244
3.14667
7.237
-5.26218
-0.99998
-4.49871
-1.66405
-6.48339
2.99649
2.837
2.77005
-2.87344
1.03808
-16.3517
-4.43552
-13.0372
-0.648183
-5.43818
-2.74833
5.69528
1.40298
4.6257
-6.93138
-0.808935
0.276322
0.524832
-11.8093
-9.87924
-2.87414
0.068495
-3.83245
0.288165
6.08445
8.24486
6.59689
5.75785
6.51921
0.467161
-1.30037
-3.95066
-2.28702
0.634056
1.40502
4.64482
6.91667
-4.30032
-5.79176
9.90485
-1.86204
4.50507
-8.35128
10.2218
4.98463
0.689271
-7.84668
-0.0733769
-5.14998
1.33856
4.71584
-2.12972
-4.77085
-0.609741
-2.21645
9.43085
-3.12708
-3.76794
-5.77145
-4.11981
0.816397
-10.0458
-4.02236
0.869051
-7.65904
-8.64369
-5.77255
5.68879
5.17093
-3.57215
-0.930543
5.6043
-5.30435
8.83317
-12.956
-8.20599
2.65439
-15.5103
-2.35156
7.99137
4.70341
5.17542
3.58544
5.26687
-4.49549
-9.93164
-0.832558
-4.04068
-4.00395
4.75094
10.1454
6.34095
-10.4922
3.38554
0.988764
-4.84053
10.5339
11.4948
-10.007
-6.53251
-5.46386
8.88035
-1.34198
-10.2949
1.68612
0.953877
-9.47483
-5.3512
7.7717
-17.1855
-7.22554
5.86533
5.59151
-3.74838
11.2141
-7.94752
-14.8916
4.51673
-1.05811
-0.59972
2.30157
2.71455
6.65529
-0.885338
8.78328
-14.0623
-3.10654
1.94044
1.26303
-7.70286
3.82943
-10.3933
5.03259
2.3352
0.225881
-2.68133
-0.507355
2.27678
4.2179
3.22166
-1.22838
1.81916
8.03071
5.14437
-4.80582
-9.09237
2.5776
7.72841
-2.60094
3.61132
-6.20044
-3.84096
0.642358
-8.69732
14.2078
-9.13834
6.78415
-2.87021
1.15333
-5.65699
-8.13274
1.42509
4.42987
-0.237302
-1.26496
10.4275
8.07926
-5.92415
0.673035
2.64069
-12.3066
0.276387
-3.15589
3.80786
3.66202
-4.74842
-4.93931
-0.248973
-2.33253
7.98754
8.7418
-13.5408
-16.3802
-5.15604
-0.454094
-6.9415
6.16611
-1.88544
8.06459
10.1174
-2.0099
-1.16661
9.69776
4.68411
-2.46962
-7.40013
2.85027
3.08156
-12.5544
-9.02344
-11.642
3.43931
5.04899
0.0797546
4.63385
-6.29261
-5.36349
6.62398
11.4596
-2.10035
5.87103
-7.07756
-13.4501
3.73781
-3.83686
2.84414
3.7666
-0.843371
7.06018
0.624303
-6.20991
-2.05111
6.13282
3.82332
4.17995
-11.2999
-1.23496
3.1521
-11.6959
2.48525
-6.51272
8.12866
5.24865
4.17952
9.04252
4.33826
11.7451
3.91372
5.07042
-2.13162
-5.32559
3.53958
0.931677
8.22811
-5.45977
0.474675
2.1281
14.4006
-1.6979
0.278967
-4.05386
-8.48365
5.79857
0.321635
6.65598
-0.399128
9.54658
-6.26022
8.37403
-2.89534
2.82959
2.39676
7.33689
2.24915
5.22536
-2.61831
4.56077
6.7355
8.13268
12.7066
6.9092
2.67053
-2.2574
4.48817
0.306435
-2.83912
8.57923
-2.52109
1.1812
5.17492
5.73055
0.381576
6.95407
5.53208
5.34239
3.65664
-1.81779
21.1119
5.4654
-0.238083
4.61688
-5.21905
2.58652
-2.43214
-6.81743
1.37899
0.127233
7.09937
4.65619
0.08482
2.50633
-2.26459
-3.98231
11.7201
10.7827
-8.70215
-2.05765
2.95447
0.867101
-6.33625
-4.73437
-9.95204
-0.49532
-8.09903
6.05925
-5.89143
-9.14996
6.62105
-3.8577
3.89671
0.350974
-3.49527
-0.161113
-4.07258
-2.64352
-3.16394
-4.30673
2.96792
-6.29371
-0.158978
-1.64137
-6.00129
-0.897927
3.65623
3.3509
-6.08825
-0.616802
0.51824
-5.43084
-4.41426
3.87678
-7.59705
-6.46975
-7.30977
6.22775
3.67354
2.92654
-2.80805
-1.7714
-1.44319
-8.78412
-6.1352
-3.63276
-6.57436
4.85491
8.56648
-3.37433
-3.00574
-1.21055
5.91833
11.5751
8.62784
3.8558
-0.463536
5.09164
3.26833
4.28211
-9.84717
5.01037
1.25044
10.9667
0.209058
4.25883
2.31423
8.22888
-5.68952
-5.38624
9.29194
-0.256262
-7.19317
-0.0657718
5.66637
2.8677
5.47185
-6.91068
-5.94899
-5.36829
-6.92928
5.03461
7.9044
15.1242
-6.83392
-2.78298
-2.74542
-4.63227
1.33714
-9.42909
-18.105
-6.23133
-5.88267
-3.42662
-10.9839
-12.5609
-10.335
3.63046
-0.936843
-11.9715
-2.28281
5.95857
-8.90752
11.6512
1.86959
2.33121
10.985
-2.05871
4.21588
-4.12688
12.6946
-2.89499
-0.748971
-0.710648
-3.29741
8.40976
8.50534
0.925077
6.37983
3.13457
5.05861
5.32272
0.145346
-2.12036
-0.635408
-0.840147
6.54278
1.38003
6.6652
-0.53688
-8.468
16.0552
4.50806
10.9402
-6.20334
0.674821
-0.896417
-0.0383185
-1.4083
7.53199
0.387959
5.67019
-6.14914
-0.975412
8.25908
-17.513
-4.95574
-3.98537
-0.855194
-1.96984
-3.93128
6.49387
-7.13497
-2.61077
-3.51231
-3.6699
3.5256
2.69144
-2.59295
6.57607
4.31694
-1.74739
1.91987
9.77655
-6.67662
9.22247
-3.4531
-3.296
5.33959
3.9619
3.06554
-2.25761
6.30478
-0.840986
3.11743
-4.54018
1.78571
1.03583
9.50144
8.78874
4.84718
4.40217
0.69797
4.65259
-1.80781
7.48015
-14.8858
1.2943
6.21305
-10.6665
3.27996
9.2433
1.78794
1.03592
7.76196
10.0908
-9.41837
1.36085
8.66582
4.67933
8.81737
-8.27026
2.99592
-3.99807
-9.61812
8.20552
-2.66976
6.38885
12.4777
6.92831
11.3541
8.55742
-1.14826
1.31704
2.27312
-3.23327
-2.72633
2.26304
-2.52562
-8.45768
-1.84478
-6.96346
5.29192
-1.62138
3.27382
6.06807
-0.58397
-0.507738
3.57743
3.7589
-4.84687
-2.07138
-2.27259
-0.209386
-0.771766
-2.35771
1.06481
11.1332
-0.101418
8.13887
5.56035
2.39372
-2.20795
-7.31696
-9.52221
-2.76006
-0.657011
11.0802
7.30101
-9.02253
3.21795
1.27179
0.968547
7.5217
1.07829
-1.09953
2.81873
10.023
8.11577
8.17752
-3.01592
-4.11976
2.64401
0.349107
2.48216
-2.36191
1.60163
-13.0825
-6.25662
12.3803
13.8629
-4.73219
1.58034
5.39363
4.40614
-0.828919
-6.60036
-3.54694
0.30577
-3.62695
3.76315
-6.85259
2.31324
13.8078
5.78945
1.76497
-8.53748
-4.27786
1.4783
-0.298397
-7.92007
6.89617
0.705178
-3.27342
-1.60699
1.19053
-1.75966
-2.74548
-0.994672
6.19403
8.78968
-7.74087
1.76598
10.5353
3.06764
8.00976
-6.00292
7.68315
-2.32324
1.76886
3.48035
9.11869
-2.65123
-9.80586
-9.52365
2.25881
5.70714
6.57844
8.27219
5.07148
10.1269
4.08232
5.68355
-3.77151
2.86663
-11.215
6.58541
13.211
-13.2243
4.84918
6.79078
-7.15683
-4.13043
-9.0578
1.30214
1.52058
0.952124
-5.32469
-12.7319
0.399048
8.82282
3.71205
-1.57281
-1.76913
-3.77839
-2.34358
11.5862
7.06182
5.39835
9.39781
3.41589
6.0078
1.9836
0.590502
2.08992
-0.178271
2.04389
4.11928
-4.21803
-0.66689
15.16
2.14342
-5.44172
8.49994
-5.86249
5.17861
7.64318
-8.16559
-4.23245
-11.0876
-8.40728
-7.29403
8.87772
6.20131
-7.82469
-0.690772
-1.05486
0.0689699
-14.509
-4.99496
3.90546
5.63957
-7.00146
11.6864
-3.71916
-6.56731
-1.09916
8.27455
3.23837
2.29439
-5.52654
1.34887
4.60783
-12.9013
5.06669
1.29643
5.58232
7.21816
0.231263
-6.20782
-12.4418
-3.16919
-11.2343
-12.9427
-4.68641
-6.78084
-1.77475
-3.51233
1.11148
-9.72481
-7.56494
-4.08058
-3.97798
5.04042
4.34214
3.92087
3.5038
9.11051
-0.187271
2.63621
0.673066
-3.8569
-5.2503
6.053
-4.74067
-14.3293
-3.58628
5.32873
3.88701
13.7961
13.7683
-4.32923
-10.2732
6.11919
-9.09157
-4.8336
6.97875
-3.46726
8.02186
-10.7138
4.3839
-6.79832
9.21106
-13.3577
7.66678
-0.718596
-4.67931
-8.08329
0.594318
-8.02872
-8.21896
10.0558
-0.176479
1.04751
7.15964
-7.95692
-2.84026
-11.8314
-9.52112
-1.58622
2.0486
3.26685
7.49908
-4.20058
-0.504568
4.82545
9.60128
13.2977
-3.99751
3.57212
6.5291
-7.93338
1.53415
-10.9873
3.19734
9.59952
10.2114
9.04268
2.51357
-6.09296
2.35302
-2.11083
5.58305
-4.97605
-0.586414
3.96081
-17.103
-4.37747
-3.52656
1.93913
-2.41752
1.49407
6.65294
-12.8764
-7.86512
-1.92494
9.21149
1.76943
4.08299
4.74895
2.48529
-8.69749
-1.76704
-4.23066
-8.76638
-0.776782
11.7057
2.02852
-4.21378
-4.86582
-1.07081
4.98892
-18.1971
-11.7683
-4.80611
-0.664136
4.60702
-5.3622
4.70429
7.81847
0.357124
4.84828
4.21131
7.24294
0.03559
-0.348949
1.60915
7.21325
6.14403
-3.25612
3.34077
-10.1055
3.96836
-1.80046
9.01262
-2.46022
1.65655
8.52631
-7.54773
-1.84702
-5.88172
12.9312
-4.55634
-1.95037
2.62503
7.49962
-6.11593
-8.51397
3.57199
1.6069
-4.80729
-0.816882
-5.54787
1.03299
-5.2977
5.83855
-2.37863
8.51464
9.28221
18.3679
3.35893
-2.74604
3.63786
-5.32147
7.01584
5.91111
-4.51081
-11.1363
-3.96442
0.522198
-2.60118
1.3623
6.77489
-8.66268
9.41693
1.19371
1.38408
-7.00094
3.81218
2.09133
7.82744
-5.21655
-1.48882
-1.28317
-1.58807
3.20987
-13.8479
-1.2556
7.26002
0.304111
0.554322
-4.77977
1.38668
-0.277613
0.291485
9.10031
5.51262
-5.65353
1.44078
-6.67289
-12.5245
-4.56362
13.9338
-4.38667
-5.07577
6.43402
7.71726
-3.69693
8.0863
1.90327
-8.28609
2.13881
-0.369506
1.97978
9.05106
4.51374
2.06502
-1.68481
0.530619
-4.24128
5.33158
-1.33147
0.00692172
6.52356
-1.7112
0.608726
2.95369
0.0675125
3.21058
-2.04755
1.54993
3.00532
-1.60414
6.98816
0.643737
-2.79895
4.25113
-12.4078
2.6329
0.602707
0.596908
4.26773
-0.574282
0.328963
2.35809
10.2217
6.61057
2.57222
-2.69952
-2.14959
-5.69351
3.57154
-6.31328
1.21206
-8.67479
5.41253
1.1469
8.57038
-2.58724
13.6094
5.26177
-3.54806
-1.71505
-0.9277
3.8735
12.5706
4.18923
-4.70824
-3.87456
4.46351
4.49617
6.06282
11.8448
0.473708
-11.089
3.17764
1.68236
2.79152
-0.960252
7.61722
12.0305
-2.82331
0.865652
-12.5749
9.48863
-4.2748
12.7557
6.52262
7.20636
-1.96297
3.73586
-5.48001
-0.125406
7.65071
-5.51802
-4.22494
7.33449
7.09956
4.98388
3.65597
-6.88727
-7.91797
-0.977977
8.27371
7.09696
-2.88955
7.36687
-4.43295
8.68091
6.49779
0.132437
0.270683
-0.954783
0.819853
-0.750371
3.59812
-7.07932
1.3246
6.24832
-6.80314
1.56365
8.24519
-8.76322
2.5336
0.606383
6.18714
3.85628
6.37395
-0.544728
3.60475
0.418423
-4.33332
-6.81493
7.23761
-4.16841
-6.21824
4.44566
3.81669
7.05237
5.85224
-4.70241
4.59818
3.75267
8.25998
8.44341
3.65832
-4.23741
7.85403
-5.74998
4.94431
7.09474
1.48331
-2.10721
1.5891
-3.80099
3.42525
-5.57869
2.73474
1.9244
-2.14435
4.0813
8.0375
3.22326
4.46153
7.55607
1.67595
-5.10471
-8.26348
7.60839
1.70824
2.54205
6.52526
7.34574
7.14879
7.31462
-1.34707
6.69066
3.94439
1.27824
-0.967243
-6.46376
7.27251
2.85526
1.50488
-2.1672
-5.68316
-8.6514
10.3286
16.5621
0.551763
10.9863
-8.87544
-1.43349
-13.6271
1.53612
2.66301
-8.64805
-1.45923
4.96658
-0.605916
5.26744
5.68756
-4.67619
4.42699
-0.506288
2.51963
1.96762
0.507531
-2.52838
-5.1504
2.11298
9.0868
-0.460615
-7.96871
1.91007
6.67494
7.81326
2.03277
1.40918
-0.474483
-4.12565
6.46681
-6.66716
7.06966
-1.79993
-4.22244
12.641
11.5938
-0.711084
1.98189
-11.2486
-4.3819
4.18
9.98274
-14.1755
-7.06866
7.96235
-2.42222
7.45915
5.11787
16.274
5.05601
9.05827
-1.45046
-2.20357
-0.56615
-1.8715
-6.92757
1.09534
2.8853
2.07074
-8.20117
5.94858
0.15768
-12.6348
0.687536
3.13084
-11.2891
2.20538
7.47022
6.33785
3.60815
3.31375
0.0207857
5.87951
-6.0639
0.969894
3.11064
2.10527
-16.4278
9.00664
6.46466
-5.24298
-0.54373
1.70337
-0.629586
1.03085
-7.41222
3.16642
1.47236
3.96227
10.1403
5.558
4.06674
-0.035686
1.86504
-0.735452
0.960133
15.4026
5.7515
8.32795
14.0345
-0.998745
-8.87844
0.27043
5.97285
5.76413
-2.64276
7.39287
2.59122
3.66625
0.120027
4.11127
2.48762
6.17202
-1.29302
0.15822
7.87895
1.48404
-6.42619
-6.25283
-1.20866
-3.48475
10.4531
-9.61495
10.8395
-6.20228
7.77016
-3.25577
5.07224
3.48652
1.08741
-10.0675
2.20873
-2.58071
-0.0261581
4.61342
6.71996
0.780449
-6.82535
7.15453
-0.806421
-2.44625
4.67611
-2.59288
-4.01064
-0.295759
4.43414
5.99284
5.82707
6.72034
9.94064
6.35286
2.04972
0.267073
-2.13582
-9.43962
1.3985
4.86329
0.361537
0.212111
-6.05667
-4.77386
6.68181
-0.229905
7.81748
-1.66358
-4.78675
6.98154
10.6827
6.26174
8.92383
1.821
11.4675
-8.8221
1.08661
-8.78703
4.4338
8.60608
1.98823
-1.1984
4.81784
3.46768
9.43132
1.33715
1.87763
-1.93573
6.11186
8.14987
11.0187
12.342
0.531283
9.01681
-0.317995
-0.0630862
2.2847
-6.34911
9.61753
5.27757
-2.10006
0.399984
5.12492
6.39282
-3.12752
0.659263
8.9703
-6.22478
-1.20607
-2.1595
5.78524
1.61115
-5.58653
-12.114
-5.68966
-7.12723
3.88778
-9.09707
-1.85449
6.0064
-2.02465
-2.91373
0.961442
5.83195
-0.801958
-7.8232
-3.49768
-2.77784
-11.2782
3.82844
2.20536
0.756252
-8.67371
6.00192
1.28355
-7.97143
-2.43662
-6.42988
-1.02086
-6.85671
-3.53065
-3.64081
8.15856
-0.300876
3.49176
-9.79638
1.24627
2.08377
9.94625
-13.3552
6.94892
13.9338
-5.58957
5.22698
4.52788
-0.707549
-0.195783
6.23911
16.7
2.2285
5.07813
-1.63536
0.771108
-9.54421
7.58698
-4.19537
2.3281
5.43714
-9.20308
0.133954
7.00817
6.7192
0.897451
-2.09229
6.66159
0.785891
7.25182
4.90856
1.43563
0.404621
-0.270082
0.186146
-2.82528
-2.17979
-1.87588
-2.97705
-4.7959
-19.8726
1.19742
-3.45939
0.355418
11.3625
-1.71936
0.286377
1.06248
5.03644
-5.54659
-6.23756
-2.52174
-5.95414
-7.30668
2.00592
5.39934
-7.73278
1.42887
0.372192
-2.81026
-1.42535
0.104946
8.41425
6.30889
1.06815
6.19117
-1.13896
4.23518
5.04976
-3.97259
1.88573
-3.47278
-0.72857
3.07065
1.2268
2.49911
-3.53431
5.34568
-5.77362
2.80509
1.93062
-13.5868
-7.32202
-12.4864
7.0576
11.8099
-1.00886
5.25187
6.39711
0.513425
-0.597391
7.12752
14.6948
0.677464
6.7736
6.15683
1.08939
-11.2719
-1.00298
6.30384
10.7347
6.59662
5.90485
5.3416
-5.32093
-2.29129
-1.52518
-6.54675
-4.82744
-13.8424
2.17004
1.9676
0.990544
-0.762504
0.81863
4.25779
-7.84582
0.840419
5.51885
6.62755
-2.29236
8.22263
-3.09341
8.29888
-10.1525
8.75159
-5.27942
6.93576
-8.06575
-3.41661
6.78678
0.807658
-5.5804
-2.1404
3.72977
13.5683
-0.941272
-4.44928
5.41279
-6.91954
3.90643
-0.63082
-2.70517
-0.167735
-4.28681
-7.17163
-1.72631
-6.7492
0.725631
4.75193
4.73129
-0.60345
5.65284
-1.47849
-3.27657
-3.17324
1.42186
0.742299
11.7865
-1.90216
8.2431
0.968753
-14.8392
10.3434
-0.875057
8.06359
-1.06645
5.82726
3.13154
3.76311
0.0552675
-1.4673
7.39149
-3.66658
-13.871
-4.25924
-3.2355
5.3259
8.02652
7.87107
10.889
14.4919
-18.6981
6.19241
-0.342281
5.30675
6.39671
5.68648
-6.75949
6.6747
11.8715
0.855903
-5.04955
-4.77391
3.2412
14.3154
-1.11206
2.64333
5.29608
3.96639
10.0093
7.92632
6.15247
-6.02435
9.48714
-8.13381
-4.8743
-6.65921
-8.02203
-2.53486
10.6352
4.44887
2.80275
-3.71985
4.51817
-2.86386
-11.949
-1.68039
2.96241
-6.76677
-9.5873
-5.29643
-7.52377
-5.52929
2.48719
-1.11487
0.222034
-0.815873
2.10841
0.992017
-1.56968
7.21614
-7.06354
1.17591
-2.28451
-1.08321
-2.24472
9.89916
-0.986292
-1.03624
9.12692
8.87816
5.03124
4.56603
-2.61933
-12.9025
0.65201
0.0131595
-3.32605
1.79408
-5.79542
13.1007
3.16511
1.14613
-0.744786
5.15815
1.34116
6.96558
-0.23856
8.39491
5.72886
5.44577
2.35624
-8.7243
2.42783
1.42272
4.00556
-11.1541
2.02688
-8.28771
-0.592928
-2.6486
1.74732
-4.0744
4.85017
4.55531
3.38823
9.79853
16.8114
1.68882
-2.76303
-11.13
-1.40675
2.35988
0.305345
-2.97648
4.39923
6.67305
4.55311
-2.93143
-1.29497
3.14052
1.59065
0.33305
8.80049
4.84622
-0.771643
-8.58474
-1.91613
1.95251
-0.557219
-2.07286
-3.89601
-7.81562
2.32899
-2.07141
2.72859
-3.78035
-4.6511
6.97677
13.4215
9.35211
9.48847
4.9354
8.11878
4.38902
-0.267338
2.20081
-5.71354
7.04627
-1.32018
-6.02533
0.890461
-3.52165
-14.2516
-2.48153
-6.00698
-3.29233
-14.6419
9.16512
1.5251
5.90473
-5.95319
5.9332
-6.87915
-8.03458
2.20749
10.2301
12.2275
6.97697
5.6764
0.806121
-1.74843
-3.74191
4.25417
1.2795
1.42195
-2.21336
7.82642
5.84512
7.53013
12.0327
5.44032
5.8105
9.16697
14.3215
-3.43108
8.03627
9.3217
11.7942
1.36206
6.18991
-6.09054
-2.91459
-4.66982
1.53001
-15.4138
1.02151
-1.62486
-2.70164
2.15421
1.15314
-0.47964
2.59457
-2.61932
-0.147343
5.77452
1.6715
-2.70268
5.79727
-7.82132
2.86281
4.02844
1.32955
0.371016
2.70752
5.45643
0.712688
-5.30686
2.3918
2.92106
13.5901
0.718883
-3.13537
-12.1793
-11.4368
-0.555667
1.08369
-2.61155
-11.381
-6.95352
4.44388
-5.32081
-7.8295
-9.32363
5.251
-2.1532
-3.68833
2.96502
-3.05276
-15.6696
-4.6517
-7.54908
-10.4671
4.41665
6.4112
-5.46709
-0.423666
-2.28113
-0.640415
-4.6907
-9.87896
-3.77628
-0.552588
7.2693
-6.96084
-6.25577
-1.26446
8.42301
2.78766
2.51619
2.72875
-0.774138
3.36807
-9.18258
-4.64553
6.91345
3.78145
-7.77677
5.61089
-2.30066
-3.84527
-4.20825
-0.524896
7.54591
-8.74849
0.651437
1.92354
-7.59214
-1.21417
-4.0369
3.22517
-12.5788
2.78194
-0.102962
-12.3754
-0.330719
-9.00169
5.78774
-5.39197
0.249762
-2.44029
-3.79665
-7.1416
-7.93369
-2.5768
3.80081
-2.04733
-5.8328
4.00359
5.47276
5.17832
6.70078
1.88341
6.30617
1.30341
-1.62451
8.67135
3.86069
-7.21213
12.3728
-4.78095
-6.42253
2.17062
-3.97522
-3.04445
-1.85579
-0.236075
6.0889
10.2004
1.72368
-2.96224
-1.37497
0.557589
10.2583
4.72525
1.56123
-3.35414
-0.316224
10.4764
8.31375
-4.87415
-9.74755
-3.41723
0.730892
11.2379
12.8167
-12.0447
-16.7193
4.459
-0.988077
-1.81901
-6.62987
-7.27325
3.59138
12.0179
3.65067
-8.16607
2.00991
6.47367
5.12285
-5.6291
-19.443
-1.97652
-7.61971
4.00405
0.886725
5.9709
-1.96848
-7.13202
5.71646
9.24425
-2.9386
-12.7156
-6.31213
1.07128
-2.477
1.65908
0.684684
-1.71008
4.44585
2.84383
6.82116
-8.07746
1.27199
-16.3414
-4.99067
-23.9159
-3.18721
-8.08513
0.00483687
2.12025
-0.618681
3.88121
-4.31809
-4.14379
4.86201
4.17947
5.35578
-1.74605
-5.04062
-4.43831
-2.0405
2.82784
9.68729
6.69393
4.80832
11.2628
3.80372
-7.27659
1.10857
-5.91736
-5.36998
-2.44076
6.61042
-4.34201
2.86159
-4.84218
-1.67448
3.06774
-4.27769
2.85774
-3.15258
-7.1116
-0.121417
6.86701
0.884792
-0.0222088
-3.36254
-3.93705
17.6451
1.37452
-6.94912
0.815683
-7.21555
0.197183
10.1596
3.36034
-0.851037
-0.0947294
-6.74006
-8.64545
8.70549
-8.24419
-13.0246
1.02572
0.0912443
-2.83148
-4.40464
-13.9698
0.459051
7.13593
5.81442
0.0949526
-12.6167
-6.97234
-4.35831
7.99733
-5.57859
-4.08364
1.42293
2.80101
-6.22083
2.23349
9.75918
10.1203
-9.27076
-3.64479
2.98743
5.18238
-6.95727
-2.6842
-1.06437
7.55841
-4.52911
2.48481
5.86727
3.96326
3.17361
0.562752
3.45682
5.14649
7.04449
6.3372
-9.87701
-0.846832
-15.6421
-9.6403
2.91952
4.681
11.7849
11.232
9.7963
11.9323
0.382612
4.04215
7.91673
7.95279
-8.67646
14.5516
0.738482
-4.72131
10.5816
-0.847936
16.8175
-3.10598
-1.27021
-9.66338
2.89012
-8.19709
-1.81721
-0.675392
4.97987
-4.71468
-6.84099
-9.80725
4.86776
3.541
1.69651
0.17979
-1.28827
-10.1637
9.35265
2.73519
-0.596875
-1.98653
1.60431
-5.13728
5.75834
3.58538
3.89935
0.467125
-2.83282
-0.330253
-6.53505
-12.8935
2.27276
-4.0474
-5.3796
-1.54526
-4.25421
-4.58293
0.097819
-10.2709
-5.5645
4.6753
0.967657
-7.68104
11.1619
-2.48257
4.81429
-8.71302
1.6123
8.75085
-2.20764
-1.1912
-8.8052
-4.78859
-3.80058
5.24579
7.50034
5.04812
-0.499762
-3.29368
2.60383
-2.11315
-3.27186
-2.57048
-4.47779
7.00625
6.30422
0.812265
-5.22387
15.4235
7.3322
-6.04643
6.97561
-5.22233
9.91226
5.96741
9.90219
4.37037
8.47449
2.24346
4.28463
0.378088
2.3723
1.93278
-2.55055
-1.96248
0.903259
5.69528
1.28487
-8.36768
5.93186
1.95759
-3.53025
4.42966
-2.07882
4.69329
-6.61622
5.19046
3.29621
-0.230131
-0.658805
7.14647
5.34726
10.8202
-0.625919
7.58053
-2.12978
-1.90212
3.14886
7.39749
-0.287663
6.20839
3.73437
-0.188118
2.08195
5.2274
0.68622
4.57144
0.790823
5.06756
3.97505
-4.26982
2.11053
-11.8571
-6.72109
3.23508
-2.32651
-1.64651
-6.51581
-7.74102
0.564678
3.82478
-1.17782
4.75664
-0.238954
15.7781
-3.91933
5.77445
-8.02569
2.08245
6.98644
-1.59874
-13.8372
5.08993
6.0855
3.26998
-11.7261
0.682896
-6.50921
-4.04107
7.80691
3.17868
1.93342
4.8422
4.16386
-5.38956
5.78723
-1.36545
-2.38552
0.56194
2.05606
3.34877
0.104586
4.44131
-6.60013
-4.07545
15.589
-3.29278
7.3634
-7.82522
-13.4338
6.44846
4.08372
3.76919
3.12112
-0.181922
2.85724
-5.53787
0.318236
-7.84735
5.32041
13.8895
-5.04712
-4.74858
1.09928
-1.46899
4.39479
-1.62839
-10.5961
-2.24096
0.927425
-6.28572
5.94525
1.22451
4.06359
11.6193
-2.7035
1.4993
-1.38496
-3.13668
3.26627
1.77759
3.09475
0.394451
2.13971
-3.94518
-10.8018
-1.76473
-6.32935
-0.985527
13.7578
-1.22019
0.386945
10.7315
-1.44413
-5.37597
4.52165
3.36076
-0.0376194
-12.4989
4.68121
0.952708
-13.7211
1.36368
5.3737
1.33403
-6.7521
-8.69747
4.1476
7.36338
-3.16989
4.13666
-6.52066
-4.85156
-4.54225
2.24028
6.36386
7.36878
-2.28863
-2.51113
2.0571
3.30064
-0.346881
-13.3404
6.83455
10.945
8.92071
6.78332
-1.56513
-5.62039
-2.73249
-7.30147
5.77796
-2.13003
3.42659
-1.24202
-1.47665
-0.310502
-6.63697
3.51779
-11.547
-5.40873
-3.09701
11.3455
-5.21949
2.64765
-7.41972
4.71879
-3.10122
6.35784
-3.22434
-0.265604
2.60667
5.68645
-10.593
6.01316
2.52169
13.8619
6.31562
-3.33528
4.21119
4.96804
19.3534
6.76889
-8.45422
0.634125
-3.55753
-0.635345
-3.75107
-7.03426
-4.70492
-9.72413
-5.55436
-3.91141
-1.56941
2.90236
2.74854
-19.9141
1.24319
-1.85618
-4.99861
-4.13226
2.99407
-6.70094
9.45516
0.266337
5.13191
-9.33389
-5.1816
-6.14841
-5.49626
5.13976
6.71857
6.98011
0.268388
2.60311
2.84089
1.38471
-6.09203
-11.0228
-7.25518
-0.828072
-1.24333
9.0234
-0.731788
4.62063
7.86606
-13.2822
8.0975
-1.6141
-2.62546
1.93857
3.80426
-1.4508
-0.79521
5.20004
-2.62382
13.5703
-3.80355
-0.712639
-4.33038
12.3833
-2.80277
-0.803036
11.462
-5.5196
-6.24362
4.77814
6.13134
3.10971
3.64525
-3.57888
3.39165
6.41568
-0.929886
10.8816
-6.25874
0.259214
1.08468
-2.1555
9.91854
11.2014
-3.70973
12.4839
-5.67699
6.69269
-0.967514
-0.106949
-1.61796
3.73154
4.4554
4.27404
-6.49036
6.14712
-2.30995
-7.73708
8.79463
-0.718178
5.88389
-5.73506
6.26561
-1.83965
-5.13561
1.31155
-1.34319
-4.23636
-12.5701
-12.2761
-9.19935
-4.5449
-5.13427
0.668115
-3.63437
-2.91857
-10.9312
-6.85974
2.69307
-3.64909
3.61827
-7.18172
-1.37663
1.31741
1.73383
2.25827
-2.13072
6.49485
-2.3431
-4.83872
-5.20162
-2.68988
6.31506
-3.54847
-13.0688
-3.31247
-0.685938
8.08546
4.49213
-8.48274
-3.9284
3.50639
-3.00051
-3.38211
5.65528
0.362553
-1.6337
-4.844
6.0749
-1.14538
-5.63584
1.80796
-6.03111
-1.10472
5.48619
1.65101
-4.13489
7.88415
-0.929604
4.1405
2.44782
3.46215
4.95328
-5.01513
0.824872
0.879168
12.9512
2.56588
12.7227
-6.46779
-7.29584
3.00757
0.151587
-6.53294
7.26489
0.913183
-2.45851
-19.5579
-7.78073
0.620816
6.68359
-4.88454
-0.362968
-4.62583
2.7942
1.44396
-5.01895
-6.57595
-6.57284
8.07027
1.07863
-14.1257
1.03884
-0.0924828
4.50583
-2.29396
-5.34186
-9.93586
-10.8106
2.60882
-3.48897
-0.344633
0.934754
-11.1067
0.772874
-0.378064
-11.2172
0.92693
-4.90838
-5.88555
3.53529
4.66399
0.97931
-2.56595
2.05815
0.670285
9.4126
-3.87179
3.71253
2.95521
-8.14382
0.0367721
5.56366
-6.72083
7.27089
5.99976
11.4107
2.2166
-4.30345
1.24784
-0.993404
7.96904
-5.47827
10.7656
3.76041
0.342313
1.10881
-0.958038
-2.02095
-0.546206
2.90261
-1.18681
0.236454
-1.69396
-2.04296
1.29251
-10.8476
-15.0186
1.17349
12.2674
8.26759
-0.717991
2.90957
0.375644
-3.77729
-0.229932
-1.74485
-1.84849
5.69781
1.32835
-8.79481
-7.00846
10.2032
3.63716
-3.70669
1.04462
-1.96578
-7.61158
-4.88622
-3.87972
1.72547
-0.75576
-2.70874
-0.963183
-2.04137
2.48494
-3.6897
4.15606
-1.38732
-4.49426
1.16101
1.89755
-0.325477
-15.1049
2.79996
8.214
8.00857
8.9463
-4.93018
5.99769
-5.53998
-13.8064
-22.2865
-7.73846
6.83355
-1.22346
15.1335
5.28134
1.34826
-9.34153
7.51994
15.6477
6.32414
6.41813
5.80831
0.651276
3.20879
-3.14333
2.10108
5.59674
1.36405
11.4295
7.55493
-0.524629
1.11398
-0.689724
-4.00782
7.47612
-2.78959
-1.77276
-6.86592
1.64285
-11.9085
10.6789
-7.48086
1.19978
-3.90667
-5.43954
0.553609
-5.8511
-5.56539
5.50797
-0.765626
-5.20221
8.66448
8.27627
-2.734
-3.89139
4.67182
-3.99811
-6.60947
-5.48726
-2.66413
3.50858
-10.6412
-2.40259
-1.78807
0.410913
-4.89987
-2.10081
-3.754
-3.10736
-3.02279
6.09892
-0.371341
6.01078
-2.2042
8.57632
-2.65675
8.55734
15.4417
0.265472
-9.84169
-1.63835
4.79822
3.23985
3.7454
3.1193
-7.71827
-10.7689
6.21812
3.27832
0.828418
-10.1084
-2.84644
-10.963
2.06074
3.42261
2.62691
6.88529
-1.59139
5.94413
9.79781
-7.38947
5.64289
0.979531
15.3445
4.56277
-7.28069
1.15169
3.76552
1.68949
5.95121
2.77745
-6.84606
-7.10551
11.6225
-2.61633
6.77746
-0.965196
0.570414
-3.84346
-4.13512
-0.908439
2.60849
5.85558
3.33601
10.1819
9.5645
1.1772
-7.64762
0.988755
-8.37163
2.24079
1.83635
0.470081
7.54329
-8.9261
4.08015
3.32372
-0.34638
6.54473
-3.27803
7.49657
-3.51286
-0.500527
-8.66215
-3.33316
14.1766
4.7369
1.13848
5.75353
12.5267
5.03527
8.69132
3.86389
10.1028
-1.72552
0.406019
1.51445
-0.131573
-5.29244
7.11662
0.344051
-0.541392
0.0384454
1.14066
7.87442
4.7818
16.3254
2.48145
3.9173
4.12874
-10.6844
-4.01704
-1.16227
0.41789
-1.30584
-2.03844
0.0840382
-3.99919
0.472257
1.93563
8.3359
-5.55858
-4.41862
4.48401
-7.76757
-6.72561
-1.52075
-0.70678
-11.5291
-3.71753
2.57804
-2.66848
11.2947
3.47459
4.10547
0.19441
-5.23984
0.203147
3.90545
13.8522
4.31449
1.36861
4.68839
7.59235
-14.2799
-1.45617
-3.83485
-10.438
-4.30513
4.10516
0.308791
-1.29735
-7.15007
4.73522
-0.829617
-1.57285
2.23857
-8.36834
3.85317
-0.451555
6.61695
-4.55955
5.87428
-4.24341
12.5517
3.1726
4.36143
0.638273
-3.39561
-0.828597
2.83043
-8.92705
-11.0491
-3.37985
-2.98685
-0.46734
-4.17347
-6.24359
2.82642
-8.65052
-5.48523
5.30301
3.36782
7.68931
3.30916
-2.96006
-2.07721
-4.63872
7.83775
11.0552
9.85406
5.23849
-4.93365
9.81074
10.4302
-5.68624
-3.57181
2.33334
-0.195749
-1.34339
4.52255
-3.32451
-6.22604
-1.381
0.914999
7.63434
-7.64141
4.36264
6.48628
5.53204
10.5175
-1.14657
3.82212
-6.40637
2.21423
0.980049
11.8404
-1.85186
-13.8497
-10.1983
11.1154
-2.86058
4.43464
-12.8061
-4.63707
7.39379
1.77654
-4.89894
-3.24151
7.46813
8.74973
-1.21945
-5.20754
-4.72324
4.36865
-4.66927
-4.94043
-0.766191
-3.72223
5.19351
-0.643993
6.41602
-7.98643
-5.9769
-8.61725
3.1569
-0.917141
1.01793
4.33436
1.62501
7.27247
4.87348
-2.60563
2.34968
-0.771085
-3.03626
-3.60769
-6.00455
2.54506
3.0079
-7.29411
-0.510318
19.5988
4.80789
-3.75584
4.19406
1.49352
-1.34011
-7.14188
0.607664
7.01448
-20.1283
-2.2024
-0.131627
6.98663
-0.648266
-3.62137
-9.83198
5.841
-0.159948
6.79309
-4.81111
-8.22594
-2.51308
5.7265
-4.37373
-1.70257
-14.3056
1.72871
-4.66648
-5.33501
-0.0504712
-3.98985
2.97299
1.68726
-10.0461
0.0991539
-5.93944
-0.327834
5.64895
-2.05051
-8.94868
-6.04307
3.42127
-0.571578
-0.720381
-1.10289
-2.2243
-1.98697
5.46492
-11.667
8.9446
7.91824
1.74825
-5.4342
-0.128075
1.49158
9.88933
-0.260439
-2.10487
-0.44057
-3.47571
2.94032
-4.10379
1.91081
7.79021
1.65818
3.27705
-1.57623
-3.52116
5.48446
6.10098
-12.2133
-14.4675
-6.18676
9.05941
-2.56
1.93287
-4.56394
4.90885
5.98054
4.23482
-0.685653
-0.924172
12.618
2.02084
12.7729
-3.68982
6.25702
9.62732
3.90727
2.3711
4.38518
-4.89182
-4.78356
-0.429169
0.45555
-4.11554
-3.13437
-3.74466
0.808783
1.78832
-2.66816
8.13579
-6.79161
3.13716
-5.16049
-0.129706
-1.04934
-1.9897
0.451087
-2.86549
-5.47293
4.43506
-6.11659
-0.917932
11.919
2.72075
3.13696
-1.89295
-4.78407
-3.62811
1.23555
-8.3754
-13.1548
11.9015
-14.7485
-0.268772
-16.165
4.77541
-12.3836
1.71754
8.18722
2.42263
-1.27904
-10.2895
-0.064184
-6.97651
-0.409726
0.13892
8.89672
-5.70254
-2.46467
-11.3271
-3.45001
-4.06529
6.80362
-7.63141
-2.28051
9.69367
-3.49678
2.60833
4.39249
-4.92376
-2.49446
4.93335
-8.31213
10.3389
-2.97546
-0.680448
-9.58989
-1.51636
-0.569274
-1.29592
-5.11455
-1.01287
-8.15452
-4.86393
-10.3313
1.80645
1.66391
-5.12914
1.25801
-8.78568
1.0204
7.90887
2.18821
4.25402
3.92201
1.46488
-2.35199
0.980423
-0.847428
3.5424
7.06858
-1.97019
-4.30722
1.32302
7.9419
-1.1728
-8.91987
1.89076
-2.5838
-6.80871
4.25227
-10.574
-2.55009
1.11137
5.02897
12.3017
-4.40983
6.23485
-0.709742
-4.11008
5.13239
5.93799
10.228
2.67333
10.0951
-3.20733
8.0373
1.94753
2.81793
2.4749
-0.342172
4.04554
7.39816
4.50917
1.29371
-4.771
7.36527
5.06687
-0.961182
-2.70583
-11.6314
7.12232
-5.16627
-0.869171
-7.34936
-2.14378
-2.20413
-9.14766
10.4432
11.4774
-1.0083
10.6501
-1.26042
1.26268
8.26125
-3.96906
-2.33817
-10.717
2.90629
-4.63556
0.355699
-10.2931
-16.0474
7.79864
8.65119
-8.49536
-1.59549
-5.4472
-5.18194
-4.44897
-10.291
3.67692
5.16487
1.06251
1.37617
-2.58982
-6.24485
-1.03154
4.95603
0.638696
-3.81086
-0.460852
-3.26778
-1.44211
-3.5652
-5.92865
-14.2658
-5.3273
-3.11502
2.74438
4.71017
11.9729
2.74079
0.17679
-2.767
-5.11354
-7.35882
4.89885
-5.73596
-8.04164
-5.49014
6.18595
3.93946
8.97452
-1.7162
-10.4762
-8.43452
-4.29971
6.1683
10.1489
5.17135
2.1158
-0.644602
0.575135
-2.40254
-5.94645
-2.64333
-0.927763
7.16571
7.99716
2.67681
4.56699
-4.17214
-2.29406
-10.9898
1.52019
-1.57274
2.10603
1.38244
-16.4007
-3.31577
7.13793
2.07631
0.766676
7.87117
-6.16668
-2.01345
-0.172156
-10.2163
-9.50086
-1.10888
1.77256
0.998149
9.72279
1.9009
5.74868
-0.767716
2.40969
3.87042
1.25144
7.39456
1.42746
16.6022
-2.72951
1.12438
6.01351
-0.91561
-3.69651
10.0465
1.59249
-2.62764
-0.619697
-1.59238
0.156889
-4.8441
-0.664062
2.46731
-5.44798
9.79549
2.79182
4.71717
-3.77515
8.09429
7.39454
-5.19995
1.9513
10.5174
11.339
1.7861
-3.24092
0.295924
-5.27633
-2.75871
3.44982
-4.27966
8.13928
7.95999
-6.61123
-14.8711
6.90956
-4.574
4.47561
3.52403
3.29667
-8.65621
3.06307
-2.86507
0.277319
7.78134
2.26946
0.68905
-0.71929
-5.0968
-11.9839
4.93541
-7.40542
1.91977
-0.794452
-2.08363
5.52467
1.67689
-2.84414
0.552134
1.90565
4.155
-6.32807
-18.2473
0.181325
-1.63421
-9.30041
-0.565371
1.40673
-10.4742
-0.658778
-3.05869
10.3255
-0.254235
2.78663
-5.70121
-6.25526
3.55191
-6.56861
3.61735
6.78751
-7.44791
8.84927
1.98964
0.0283825
-11.1175
0.546055
-4.05356
-0.0975462
2.04978
6.69371
1.93536
-6.95211
-1.58597
-8.11889
-15.0236
12.5451
4.14913
4.89929
-0.134501
-7.91276
6.46765
10.3787
7.78992
-3.16751
-7.03932
-2.92893
-5.61643
3.08384
6.44614
0.00957136
3.56474
1.29674
16.1212
-17.241
0.629992
-5.89887
-7.637
8.03633
0.349687
5.22831
9.16018
10.272
2.24854
6.24882
-7.89645
-0.327175
0.543733
-2.98665
-5.77987
0.276032
6.93179
14.0759
-3.75955
-1.80292
2.56537
2.77905
0.339602
2.97315
5.04322
-8.61519
-5.37295
10.6577
-2.70087
12.6401
-6.5866
-8.07844
-12.8118
2.11393
-6.90745
3.02023
1.40991
4.03404
-0.808644
4.41737
9.87895
2.5633
-1.96598
-5.93295
-7.03869
-3.51285
0.113
6.20616
1.83366
1.33903
1.56479
-0.171052
-12.0565
-2.57854
3.99573
1.20913
3.80476
2.18476
-2.34506
-3.13448
-2.60774
12.1828
-8.08509
6.58902
-5.16793
-0.678554
3.38181
5.15923
0.653935
-4.16974
-0.573939
-0.591767
-11.6561
-12.3589
-7.39584
-6.33611
-3.1868
-9.22061
5.30186
2.57079
0.189268
-2.19497
3.71865
5.53005
-0.605907
5.99534
6.8769
0.786584
1.95989
1.92762
-3.5428
1.09838
6.56832
3.40935
-7.20531
-5.84463
8.56154
7.84094
1.63087
-3.40014
-3.8762
-1.70007
-0.925771
1.62051
-11.9444
-5.95051
0.168718
-8.06356
-1.4633
6.80263
0.0824979
1.09608
-2.8526
-3.953
3.01247
3.53525
4.66923
5.29588
1.73676
-0.535965
0.880276
-6.03564
5.47269
-0.18675
4.88268
-6.14263
4.97782
5.87544
3.88398
3.00019
-1.20961
-0.180288
5.85267
5.36568
-4.59296
-0.517694
7.72517
2.54828
8.594
3.14508
-7.66481
-2.74416
-4.39805
-11.0112
6.07123
-0.920681
10.244
-7.20115
-7.79664
-1.38922
-4.20522
-2.25909
-4.61002
-6.09207
-17.9968
-6.72576
1.26976
-0.632725
-8.97466
-2.94695
4.39823
-3.47206
-1.62381
4.18161
5.39374
2.8263
3.51422
-3.41956
7.97597
-1.41535
4.64372
-4.02567
6.01401
4.52351
8.02569
-3.46934
13.5469
3.7314
2.14889
-4.56434
2.15267
2.54506
-2.09126
0.15782
0.93363
1.8621
-6.43989
-4.09688
-5.47357
9.66934
11.2392
8.28553
0.996059
-4.42684
5.6646
8.01667
-3.12939
5.5915
-1.33479
-1.45228
-0.82725
-3.98338
1.65406
-5.11661
4.8603
11.456
4.86622
-2.31157
1.8033
3.0698
7.08245
-5.47199
9.73771
11.3367
4.61149
-2.04335
5.20228
17.7254
-0.94225
0.246736
0.552099
8.39392
14.8743
0.964875
16.0829
-2.78427
5.96036
1.04409
12.0938
1.46137
-5.04682
-2.10312
4.47749
4.84968
0.171349
-0.303819
15.8944
2.18317
-9.10694
2.64195
3.13148
6.66524
-0.321866
-5.86719
2.46667
-10.7978
2.53029
6.59249
2.80819
-2.12464
-4.14009
4.01877
-12.325
-5.19049
6.61304
0.0833225
0.218808
-9.63119
-3.15542
6.88836
-0.796261
-2.45582
-12.5602
-7.58498
-3.80046
2.5577
-2.27528
5.27759
-4.67568
1.1722
-0.0387026
-3.76948
4.91821
2.73553
0.0843186
12.9454
-9.77686
-0.938078
13.5022
4.36036
3.72119
5.96622
-1.66447
5.2643
-0.0679943
2.39725
4.15185
-1.56618
-5.23804
9.12297
6.48375
1.0672
5.00852
0.973694
-3.62472
4.97617
-5.16357
0.702979
3.92845
2.60073
-10.0297
-10.0048
-4.45778
-8.70498
4.60312
0.122795
5.58401
6.05701
-7.06144
4.56323
3.74901
8.16468
-5.84427
-1.41531
-1.32548
-4.66306
8.4309
2.06496
-9.01547
-1.76809
5.57386
4.48206
-0.160296
-9.19572
1.65193
8.66275
4.10738
-1.63963
3.19575
-1.03356
1.78846
4.36949
-8.27866
-4.68981
1.83758
-3.53435
-0.483173
-6.62061
0.542366
-0.79371
-6.7331
-0.0849293
-8.74199
7.20377
3.27943
0.780572
-5.17181
-0.929325
1.92971
4.74999
5.51484
-7.62344
0.865533
-5.14978
-4.12134
7.07708
-0.656113
1.6488
-3.5771
-0.611979
4.62933
-1.34002
-1.59234
-2.20517
8.81397
4.18665
2.51508
1.84768
-8.75157
-3.02307
-0.622225
-3.50121
9.89049
7.67153
6.12213
-14.228
-1.44773
-0.383859
0.243153
0.630941
0.672102
-2.85426
-4.63227
-4.60612
-8.83956
-8.33274
3.20636
8.59957
-4.19634
10.9362
9.7267
-2.14468
0.72023
4.14407
-2.18874
1.1399
4.39891
6.47396
5.84516
-0.144935
-3.81424
0.186729
1.35062
-10.1424
5.05458
8.92704
6.35539
5.62842
3.61289
9.38754
-5.6451
-2.538
-2.9888
2.94716
-3.2716
-0.769314
-12.2763
0.999574
-1.15675
-5.42499
8.14705
8.70081
4.03724
7.18942
2.68007
0.306278
0.307105
-3.01626
-7.39045
0.00883392
-1.70311
2.63114
2.93039
1.00748
-6.34334
2.46531
-4.92004
-3.88994
-6.24224
-0.618803
6.42017
2.59065
11.8599
-7.08598
2.41636
0.41216
11.06
0.181721
1.12018
-4.28168
-0.894251
-1.90852
1.35321
7.63219
-5.98273
3.33699
0.630555
3.77107
3.67286
11.5397
-1.2597
8.2738
2.03257
-3.88947
-8.26418
3.16133
-5.97382
0.235992
5.64082
1.87401
-4.85473
2.54212
7.96685
-0.0485045
11.4922
5.74499
-1.9139
7.21357
1.67429
-1.431
-2.4019
4.49119
3.39879
6.57135
9.05675
-2.4207
8.58927
-2.85663
6.80972
4.88618
2.34321
15.271
11.0445
-2.56022
-6.38593
-1.69802
-11.1289
3.93991
-5.53272
-5.21249
-0.641482
5.68632
3.12854
-7.9309
-3.18612
0.829536
6.26824
4.50721
6.52151
6.32455
10.0234
-2.11607
1.8177
-1.46013
9.4884
-0.155918
-7.75651
1.58228
9.86901
-2.34304
9.34953
-1.16769
14.7248
6.90938
-1.97527
1.70669
0.555929
-0.0915467
6.24584
6.69107
7.54161
-10.3599
8.97262
4.64157
-0.176036
3.24094
1.48643
4.16055
-6.04807
-0.454191
4.23757
6.45487
8.13842
8.70114
11.2393
-0.111613
-6.3302
5.70247
3.10633
0.271612
2.78574
6.80545
6.67384
12.9831
1.09435
4.72844
4.72259
8.25285
3.44632
4.92871
3.30091
3.83246
-13.2947
7.21838
7.12237
3.49724
4.95875
0.399702
-10.6145
19.986
-5.10937
-3.19813
-4.22554
-1.14014
15.6894
5.35346
10.6007
1.38398
11.9372
-2.22864
3.45967
3.62615
11.0068
-3.33507
-2.8271
-1.96194
-3.90503
2.55146
3.24122
-0.149708
-0.330575
3.62615
-3.09008
-4.93045
0.761921
1.82656
3.99723
-2.77741
7.50473
1.2435
14.0152
-4.73126
6.53371
4.01123
0.567755
6.10351
1.22951
-4.64856
6.59459
7.96303
7.28679
1.02612
6.72322
2.59574
-1.60902
3.36429
9.35604
4.97655
1.97351
7.10904
7.07816
0.528337
2.00621
-3.99662
0.0214983
2.77122
0.890195
1.33678
0.255132
1.04484
-7.04665
-3.11487
-8.73399
2.55336
-3.97255
-9.99182
4.50428
-7.3579
-2.82815
2.73734
6.18747
7.68797
-11.5512
7.54678
-3.8841
1.20899
-11.8529
4.99316
3.90281
-11.7378
6.24238
0.711553
0.576022
-0.710678
-1.8145
10.7492
3.4009
-8.91492
-5.48589
-5.20468
4.36971
-8.75571
5.41587
2.28462
1.07994
0.400958
4.77314
-2.38677
-1.66023
3.18823
7.65723
1.21651
-2.14038
-8.9513
6.91089
9.77731
2.55923
-0.0438056
4.60372
4.04514
16.5984
-9.89735
5.76245
3.79752
-1.5957
4.49009
7.7736
4.40919
7.10384
0.947277
-9.35631
-0.725094
-2.76323
1.28067
-0.98201
-0.303681
-1.56579
5.60944
2.62784
10.0836
-11.0397
-5.25312
3.78408
1.5234
-2.37176
1.08636
4.98553
0.472375
-1.01902
6.79126
-2.64958
9.24669
4.79707
14.5051
3.88916
-14.7803
-12.8026
7.00008
2.29777
-9.67016
8.44972
1.42881
3.71261
7.25603
7.071
3.12526
-13.6753
-0.370784
-3.11017
-1.29464
9.29083
0.337204
1.87621
-2.01776
1.59533
2.54509
0.177169
7.18214
-2.01202
7.81664
-2.85668
-5.58163
5.41526
2.929
2.31366
0.941179
2.9812
-7.85966
1.5427
6.52068
-0.650076
4.63895
4.49684
-2.55873
-2.84149
7.73659
-1.50216
2.65238
-0.351426
5.35899
-1.53651
-5.26419
1.04291
-11.2426
-10.3011
-4.43316
-1.91498
-1.46199
10.796
-10.1882
-0.24658
3.02974
2.67038
-11.5227
5.14413
-17.5458
-2.12284
-6.7827
-2.83557
0.532211
-6.3547
-2.31326
6.62934
-7.35347
2.98326
-3.18834
3.46003
7.84215
15.345
8.47854
6.7721
8.11175
5.04923
13.6112
1.58956
5.15936
5.03386
13.9185
4.46464
0.656865
-2.55838
3.90608
-7.3222
-2.56228
4.21311
5.69435
0.756231
3.78328
8.67592
-5.84405
-7.97146
1.01954
1.10753
7.64683
5.4786
-11.0594
0.0596016
6.98966
7.84796
-1.60259
-1.11688
-4.63403
-7.16937
2.60057
6.66496
-1.27807
-1.16038
-14.1562
-0.892999
4.29409
-6.94347
5.2875
-2.89908
-1.59466
6.13656
12.5169
3.05913
1.59787
-2.01749
-0.259489
-2.04613
-17.7137
3.42361
-2.02506
-6.79849
4.46948
-14.0642
6.4656
-0.757268
-6.7444
7.97359
1.59962
-4.97966
1.42785
-3.86294
0.180646
5.32317
2.17535
1.81308
-3.64814
1.99218
-5.15928
-3.54605
-9.43052
6.79747
6.46661
-3.69554
17.4314
3.88287
1.34327
5.02201
-1.67078
1.34924
-4.18322
5.78511
-1.50341
4.75099
1.61378
4.61014
5.22163
0.194836
2.47209
-10.0668
5.82136
1.05865
7.40074
1.62051
6.03163
3.43113
6.87649
-9.52387
-1.64226
3.9869
-8.07286
-20.2526
-4.29587
-4.38272
2.24018
-4.67849
5.99638
4.07272
1.83004
-1.14167
-9.65788
5.1638
-1.09403
9.95958
-3.33608
8.64314
-12.0473
2.05894
-5.60998
1.32225
2.89102
-0.772621
10.3152
9.09936
-4.89039
-1.34652
-0.907808
0.164691
10.1716
-3.63547
1.69825
4.51065
-1.69573
-2.30031
0.768831
4.27253
-1.66047
0.816264
6.60041
1.22374
0.713694
6.12687
1.52957
-4.26208
3.81474
7.10308
-6.27083
-17.2045
11.3745
10.6171
-9.75516
-0.375999
7.09523
-6.64992
-2.84391
-8.59714
4.62487
2.78824
2.31725
-0.80186
6.60289
-0.592178
-4.08334
2.21961
-4.13373
-1.44036
-1.9303
-7.32355
-4.38235
1.68153
10.7969
-12.3929
6.08845
-12.7292
-7.69317
4.00914
8.72362
-1.16512
-6.6227
-7.50844
1.83093
1.81494
1.66368
-10.1141
-9.54927
-7.62474
-7.26191
10.3909
9.19051
4.56569
-3.76117
6.10327
-7.0643
-6.66814
-6.80863
-1.55651
-8.27668
-6.8875
1.49715
-12.4959
-4.29175
0.366882
2.17954
-7.36636
-2.18893
7.4749
7.63757
2.67129
-1.89182
-13.3797
2.95723
-5.74133
7.18879
1.45432
13.5668
-2.83798
2.67869
2.27114
4.31637
0.0495964
4.54611
-0.10823
-4.04352
0.647642
-6.00253
5.51859
3.17701
8.90649
7.5842
7.24912
-3.91661
6.59108
-3.1982
10.0467
7.64649
-7.53282
6.99382
5.85084
-0.923401
5.19513
-1.26198
-8.35116
-7.12646
5.80724
-5.22509
-6.79453
4.57546
-4.09661
-6.319
-2.55468
-7.21363
0.375848
8.61503
3.80384
2.20877
4.86769
5.20263
-5.74106
-0.286261
-0.576992
-8.48467
3.66217
6.14191
1.20008
3.69131
-2.07231
-4.85725
2.97076
-1.95097
-10.6606
-10.3619
-4.32298
-7.08761
-7.79734
-11.2863
-0.249217
1.91287
7.26802
0.925431
1.68928
-8.09235
12.0265
-4.60583
5.87034
-13.4694
-2.6972
-1.22066
6.61508
-4.72218
11.6766
8.11359
-1.52963
1.82367
-6.68653
-2.36912
1.22985
0.793344
5.29361
9.4186
6.92257
7.63803
6.67991
-2.39163
10.1158
-3.29438
0.342574
8.82603
9.8622
-10.0243
7.09215
4.32832
-3.21555
-2.73162
-0.0582388
-8.91858
-5.68963
10.0696
-9.50618
2.38156
-0.00204343
-2.28153
-5.78077
-2.92178
-1.25329
0.182804
-6.3067
1.78293
-2.34525
3.72739
-3.71683
-5.73851
2.66888
-6.05878
2.5446
5.67126
-1.56677
7.65018
5.27224
-3.27491
-1.75347
0.0281432
5.70611
5.09625
-10.2067
-1.93887
4.84507
3.31515
1.09132
6.62069
9.62792
7.08255
1.57586
-7.94327
-3.55244
-1.07094
1.55154
-3.40279
0.768232
-1.10813
-0.121891
-0.0792772
-4.30496
-4.74182
-1.62823
4.90876
8.54323
-5.67003
-7.64647
-11.32
0.509109
2.4929
-8.30085
-6.98632
2.26385
1.78363
8.04981
-1.9959
8.74317
5.6081
3.61526
1.00716
-3.09754
0.0449189
-1.43511
-1.55224
1.14506
2.93053
6.45438
1.41232
-1.54296
11.3127
1.4551
-1.34165
-2.36412
1.24826
0.00541602
-5.67496
9.2912
-3.57839
-9.57182
3.11853
2.84926
-2.38557
0.259786
1.27104
-4.39465
-2.77364
-4.28282
-8.861
0.319772
3.61343
-11.2066
7.09613
3.9802
-3.41321
2.46708
-4.02464
0.0808785
-7.36124
-7.07873
1.49513
2.43001
-8.49758
-10.9612
-4.8566
2.85457
3.4775
-4.49529
-8.11667
-1.14155
-4.39834
-1.02566
-4.45223
1.09259
-10.5459
-9.21133
7.79589
5.4083
-0.52266
5.40263
-12.4945
5.71816
-0.622666
5.96487
0.340742
-0.409352
3.46218
0.147748
-0.451465
5.95852
1.64557
5.37241
-0.404106
3.43954
-1.5077
-2.81638
-3.67314
-1.2532
0.709496
12.9709
2.67213
-4.44616
-3.4204
10.7357
-1.94942
9.17231
3.82368
7.44682
0.213214
1.91049
