-1.71528
-7.06099
-4.23246
8.7855
6.31338
3.18168
-2.6205
1.94471
7.41594
-0.0239011
-11.8361
4.1919
10.563
4.89471
3.9526
4.84932
2.22641
-6.12955
1.13117
0.095177
-8.59114
-5.21247
1.64987
-4.17327
-7.74912
1.14373
1.70101
-3.90246
1.60564
-2.18048
-5.38302
-5.65344
3.87679
-10.2122
2.23338
3.61426
5.64836
-3.85998
-8.46941
-2.03241
-2.33654
9.76704
1.7282
3.86625
5.4644
2.74127
4.72338
7.76285
-2.07058
-4.74724
-4.64374
4.3036
4.69758
-7.4771
9.03211
1.8785
3.42232
-7.07777
-7.40279
-2.59278
-3.75099
-0.196863
-5.07406
-0.963413
-2.67754
0.163762
2.55048
2.9654
2.21722
-2.5337
8.9635
7.62806
-3.97602
4.2313
3.34733
2.44208
-1.3216
-5.47764
1.93575
-4.5339
1.04686
-3.6125
2.78364
-5.81167
-3.34466
-4.00143
-3.82839
0.300081
8.74854
-5.7472
3.70624
-1.66708
3.61419
1.64017
3.63512
-7.63489
6.22052
-6.939
4.89713
-5.66319
-0.778789
-1.32997
4.52996
5.68768
1.27542
5.09757
3.2009
6.80182
2.71489
-2.76857
-5.20347
-10.8869
-0.232804
-0.465698
2.70971
-0.993371
2.73154
0.499194
2.40636
1.09651
7.12917
-2.90376
7.15032
6.32403
4.79038
9.41084
6.19697
-1.33635
-0.0514599
3.8402
5.54237
-1.85964
7.08467
3.83899
4.18299
-13.6119
-7.23443
0.945716
0.438605
7.48289
5.01846
4.03423
-10.6911
0.860878
-2.01631
12.666
-0.985564
-2.94069
3.29854
5.08312
-0.421656
-0.33226
2.33191
4.0284
-2.85966
0.174568
-1.68187
0.494225
-0.227512
-5.01097
1.04984
-2.75015
-3.1885
3.2764
7.51057
1.88762
8.28269
0.0995557
-9.30482
-8.2553
0.586961
0.703381
-3.82383
-0.428527
-4.29282
-8.33783
3.84672
-5.04562
1.83647
-1.74001
-7.22025
-1.43787
-0.975393
-5.67971
-2.04761
7.36839
-2.25164
-0.691245
0.816897
4.74547
2.30415
6.22716
-0.841655
-3.01958
-6.84979
1.90985
-4.02754
-3.10451
2.83951
2.03759
-1.80502
0.562877
-9.65203
-5.56805
3.23525
-0.834539
1.20662
-3.19812
1.21129
-3.13335
-3.83934
-10.6639
4.14762
-1.96959
5.05009
-1.65957
5.0949
-2.58297
-7.02504
-13.4604
-5.11956
8.34383
1.26995
2.77455
-3.29643
6.79567
0.0806742
0.941848
-7.51636
8.06389
-8.83866
-12.5307
-5.29893
-8.52978
2.24474
-2.03728
5.03074
3.27079
0.43714
-5.95089
-1.32654
2.37697
2.78096
0.231327
-4.38307
-5.64345
1.82339
-3.68326
3.22127
5.70509
5.46527
-2.87114
7.40201
5.27445
-7.6631
1.68175
1.27631
-1.53295
-10.9547
-0.0978416
-0.929774
3.70426
4.19407
0.368254
7.49381
-1.38886
2.19069
7.01631
-1.87761
2.80024
0.109433
1.7692
2.14769
-6.41749
-0.0611528
9.36152
-4.83059
5.15314
0.120044
6.85298
-2.2207
5.16838
3.3422
9.11351
-6.12378
4.30514
-3.76808
-3.87737
-2.87155
1.70034
9.41079
-7.05671
2.00254
5.31764
-2.7691
6.41998
1.66145
0.742212
-0.0467662
-1.40805
5.21782
1.13627
5.54251
-1.12516
2.59603
-3.95827
-9.57902
6.19885
-3.22724
2.67954
-1.14497
-8.08925
9.64
-2.25435
1.18508
9.24099
4.76802
0.638239
-2.10693
-8.30813
-6.59648
4.1446
-9.61197
4.63911
-10.1179
7.29232
2.03228
2.5782
-4.57353
-7.8249
-0.826396
-0.383205
3.77874
3.62528
-3.87657
-3.00127
-3.60467
3.78712
-6.23498
-3.52906
-5.3449
-3.28581
3.25219
8.41735
9.77322
1.11768
2.69506
9.70005
9.62075
4.88927
2.10573
1.15983
0.394697
-2.4816
-0.588185
-3.2857
0.534253
2.85369
-0.338309
9.3314
-2.92632
2.83763
-2.20823
2.05862
3.33286
9.12039
-1.83039
7.50743
7.44471
3.0547
-0.566995
-4.22088
-9.21192
1.55091
2.24095
2.28856
7.01145
6.29261
2.86801
0.030186
9.29755
-5.47218
2.54822
-5.87938
-2.43676
-2.1556
4.06223
-1.80349
3.42484
0.565796
-0.562026
0.0245169
7.71615
-4.89455
-1.69509
-4.73917
2.78248
-5.08353
0.139164
8.54337
-7.71398
7.45077
-5.73985
-4.96528
2.21765
4.09938
0.880045
1.9559
6.21371
6.2583
1.87313
-3.83205
1.22871
5.11444
3.37921
-9.51927
-5.17504
-4.27784
2.12643
-4.89518
0.871781
1.3574
1.11291
-3.41204
-5.38632
-1.40525
1.75241
-0.915095
-1.51965
-1.65437
6.74108
4.24732
1.43395
-0.0948135
2.24893
9.83743
2.1803
2.06266
1.76532
9.56903
-1.78741
3.11588
1.91161
1.43132
-9.31052
6.68045
-4.40956
-4.71443
4.06228
3.8624
-2.88927
-2.14633
1.68242
-0.392753
-2.26708
-2.59305
3.10853
-2.00896
-4.00089
-12.02
-2.99048
-2.49275
5.08392
-4.44414
-8.88797
-3.89075
3.34947
2.20109
-8.72468
-4.21619
-4.20574
10.5305
-0.399003
3.9855
-2.8602
2.00393
-5.35677
5.51153
0.739923
-3.12242
-6.56782
2.44597
-10.1178
7.4382
-0.0960169
-11.9958
-6.54869
-2.02716
-18.5256
-4.86797
-3.5277
-3.94018
-2.10767
-1.5338
4.54552
4.97761
2.13581
4.11548
-1.69025
6.78347
2.89483
5.45736
-4.44549
4.89421
0.425675
2.59451
-3.64086
2.58158
8.7403
-0.681668
4.16604
5.00098
0.520774
5.55954
0.331445
-12.548
-1.0032
6.17471
0.660467
1.88899
2.21915
-8.47269
9.97555
1.20882
4.2969
-5.21099
8.53349
-2.16248
-3.57272
0.0283194
1.33008
1.2814
1.33447
7.81106
-2.7967
-1.39977
13.1142
-4.17978
0.705374
-3.50345
1.36856
0.792572
-4.49423
4.49522
-3.23383
1.8517
-7.39639
7.9197
1.11829
2.33085
-7.95693
2.41958
3.6198
-0.436815
-3.33662
-4.70485
7.85174
-0.297377
-0.299483
0.0534069
4.55192
-0.347919
-0.0833242
1.61426
7.79234
0.741695
-3.92988
4.20839
7.05864
-1.62265
0.402845
4.37265
2.54104
2.9847
0.41086
-0.21231
1.39909
0.544542
-3.90526
3.76698
0.665279
-2.686
4.37251
4.28052
1.10194
3.92576
1.85654
4.71618
0.482952
11.9055
-2.76014
-0.0671896
4.23796
9.0699
4.90148
-6.41456
10.4262
0.658317
0.942575
-2.60643
-8.12397
-0.643708
-4.22409
4.60113
-4.59131
-3.04079
4.86338
-2.54412
6.25278
-2.52873
-9.20028
1.84126
7.62154
2.35995
-3.65797
4.71685
1.85784
-2.33406
-1.30386
0.784592
-7.9358
3.51982
-0.229941
-2.68231
-8.19506
0.350978
9.5568
3.55746
-15.8636
-2.26101
-2.01877
-1.70626
3.48892
-4.10306
0.134444
-2.35853
-0.0994592
5.17263
3.22123
0.977947
4.44355
2.26461
-0.137401
3.14753
-1.25657
2.3348
-4.61741
3.55312
-0.567391
1.82158
-5.71985
6.68539
-8.03734
-3.57386
5.72939
1.34921
-2.75147
3.17152
0.274611
0.17273
2.91135
-1.04952
-6.2097
7.43542
7.52348
-0.154658
-4.28718
-0.808413
-0.957617
10.4349
-0.821567
-0.742767
7.92621
-0.505099
-4.10003
-9.512
7.34743
-0.0797081
1.70822
-1.90664
0.948408
-3.54468
-4.70092
-1.54188
9.23227
-2.38291
-4.14913
-5.80855
3.60279
-1.0693
3.09038
8.56272
3.96589
-3.19428
11.3949
-8.49005
3.70625
-0.273687
-1.66368
5.39322
1.66477
3.07564
5.1213
2.56348
-0.672213
-2.07868
11.2648
2.65002
-0.684805
3.33755
6.38125
0.852658
7.08386
-1.19703
3.48859
2.73361
0.337961
-10.9767
-2.45243
-3.00014
-5.23448
3.11591
-0.926752
3.44431
-1.65457
-0.783679
-1.3749
4.00182
6.77451
-0.271768
5.33695
-4.22118
6.84511
-3.31539
-0.664364
0.102946
7.65233
1.51394
4.2075
3.52409
1.03001
2.09891
-7.42009
3.98217
-0.0604481
-7.63973
-5.3755
2.27012
-0.338954
-1.53309
-2.34053
-6.31408
-1.74644
1.85056
-5.3839
0.427588
13.6082
-3.79157
-0.191072
7.5504
-3.01148
-1.22456
4.48609
3.64427
9.19771
3.98399
-5.65525
-1.81473
0.742971
1.15442
-3.11169
3.97191
2.11547
4.13364
-3.59819
-3.63184
2.84721
5.4257
-1.56633
6.56097
2.46974
-2.7438
4.62293
-3.4867
4.98536
0.57443
-2.90436
4.58087
2.87844
3.27471
-5.8331
-4.73307
-2.8797
-4.22639
4.41245
-4.8854
2.39192
2.09714
5.06374
1.81619
-4.14886
-4.27943
4.15992
-1.36516
1.60856
-6.14298
5.54481
-8.49476
-0.202225
1.1111
-4.18469
-4.50374
1.1872
5.91718
3.54672
4.31936
-8.57195
3.19685
-2.62184
-0.505828
8.33983
-1.0137
-0.551697
4.28437
8.203
-2.60676
1.29757
-4.47334
0.902303
-3.66217
-0.670073
-1.27933
1.42114
-0.386693
-10.814
-0.29696
0.129337
5.75361
-0.448351
2.1873
2.64715
0.747759
8.39484
-2.87316
-1.35054
-4.49155
-5.16792
-13.7519
-4.3586
-4.54781
-2.71328
-0.325466
-1.9231
-1.70491
-7.59434
-2.10325
-1.88476
-2.51616
-2.4415
-1.19431
1.64657
8.35836
-0.483828
4.1438
1.77628
3.92271
0.99942
5.42757
-5.35372
-1.63033
-2.63971
-0.67643
8.46581
-4.04756
-5.47043
1.96973
4.89994
1.1064
6.90309
-4.715
-3.86629
-0.0614102
5.12529
0.667339
-0.622613
4.86661
0.418974
2.00082
3.87588
7.58261
2.55193
9.32111
8.24485
3.70987
-2.68209
-8.97089
-4.38065
-9.07644
-8.02219
0.976471
4.54471
-10.2602
6.2193
-0.321601
3.47174
-11.1853
1.71108
-0.69993
-2.86576
5.69391
-1.00339
5.93594
-13.0679
5.43469
-5.26143
0.927786
-2.06526
2.86942
-6.78861
-1.37721
3.29174
-6.69318
4.04451
3.90564
1.90844
-7.7439
-5.6477
6.71015
3.15645
-0.399689
4.04962
0.664472
-1.2523
-2.22425
-1.47509
3.48748
-5.3432
0.208815
-5.35417
-4.70279
-1.91801
-4.10809
-1.3447
-2.25495
1.32085
0.334481
3.64232
-2.45674
-2.69367
0.840889
0.308277
-3.62345
-9.11243
-0.967295
6.56731
-10.8173
1.41511
0.836987
12.9458
2.1158
-4.03915
4.28179
1.8865
-2.58802
-0.667556
-0.666497
-5.52013
4.21879
7.06167
2.86134
5.19239
6.35291
4.44538
-5.04428
-0.957106
-5.18935
-5.02243
-0.995773
-5.36369
1.50963
1.11721
-1.15057
-7.9223
4.33203
-4.79559
-4.42843
-4.54733
0.488089
-0.0978398
0.104895
-0.152132
1.32114
7.26381
0.0531996
-8.07009
-4.89384
-0.438181
0.0726951
-0.794957
-2.96441
-9.0724
-0.728098
-1.10456
5.62071
4.44063
-5.82947
-3.08827
-6.79297
-0.783347
-0.464363
0.944863
-1.93153
6.36708
7.83562
5.35288
-12.8733
10.1173
-3.24983
-4.63393
-4.05142
0.279918
-8.88827
10.1496
-3.03978
-4.12732
-1.28689
-2.45212
1.65955
-1.73909
0.408683
-1.19769
7.73102
-0.136955
0.0363986
4.99087
8.49696
4.23825
0.450262
-7.74546
-5.57272
5.09818
-5.61323
10.5945
-7.26631
4.99067
-1.53999
9.80654
0.514048
2.9124
-3.44437
6.886
-1.06812
1.34292
-0.933458
3.85938
7.03416
2.37397
0.305599
9.32423
6.34229
9.12089
-2.23284
0.311201
-7.37995
-5.89606
3.4963
3.64154
10.3513
3.8879
0.64136
-5.28422
-0.8117
0.581212
-1.49611
0.96383
0.601335
-0.624793
1.34211
-0.957445
-1.42485
-5.72525
-9.58358
-4.51707
-6.94529
-0.142685
3.04519
0.698595
-2.92879
-10.4252
-3.76278
-2.76109
-2.93396
5.6532
2.94225
3.30717
-2.28071
-3.41419
-0.913481
1.80312
1.08356
4.68472
6.3741
-7.23464
1.82262
3.27925
2.87475
-10.4156
-3.47171
-10.5914
-0.37532
5.27756
-6.96183
6.28855
0.614664
1.24497
3.01908
5.24865
-3.32295
-2.93789
-11.1976
-10.7209
2.65423
-9.61068
3.37026
-9.53628
-8.75825
-2.52695
-2.31044
-10.1536
0.698431
-7.80039
-7.41966
-7.51194
4.89086
-0.163019
5.16096
-3.10585
-7.45765
6.17786
-4.94081
1.26567
-8.51358
4.66112
-2.50114
-1.97531
4.48551
2.73883
2.37534
0.0159939
4.75365
-7.27251
-7.55268
2.51515
0.297225
2.58536
-0.311124
-3.80342
-5.1483
-9.71326
-11.6891
-2.3738
-3.05482
-6.37757
4.65427
0.609104
-0.233293
7.52654
-2.32345
8.12426
-5.30308
0.350628
-2.0095
-1.00667
-3.38388
4.94223
8.80357
-0.443468
3.28082
5.95237
-0.165194
5.07204
4.33669
-3.49623
-0.058624
2.73255
7.45321
-0.111337
-8.24111
1.09089
-7.23853
-1.93267
-0.796879
7.51559
-0.0714005
3.56374
5.03681
-9.25465
8.23306
-1.39982
0.544121
0.522525
10.9958
-5.75546
2.41659
4.69328
4.554
1.80107
3.32162
12.4665
5.05437
-6.61075
5.7451
-2.46503
1.86513
-0.11413
1.38444
1.07057
4.06621
1.12147
-5.30782
6.73156
-0.661979
4.24439
4.24713
-7.03277
6.34389
-0.415901
6.23001
0.360829
-7.12347
5.02932
1.70379
-4.85685
3.87386
3.04045
7.93489
0.25705
6.42205
10.6307
6.95665
-0.337901
-3.61142
-2.34369
4.30513
3.2962
-0.702349
-4.76526
0.667021
-1.02037
6.9603
-0.517142
10.5596
-0.641245
4.47635
-2.80792
-1.65213
0.337072
-0.367956
1.11123
-0.580355
-0.686222
6.20797
-2.95888
-3.58232
0.665487
0.94135
5.75631
2.88322
-0.351176
7.41232
-7.86094
8.91369
0.122188
-4.59886
9.12721
1.95514
-2.4317
8.38333
-4.21661
-9.23472
-6.77533
-6.06178
0.897815
-1.16257
-10.3879
2.69799
4.25768
-3.11088
-1.39129
-7.46123
7.6731
4.31831
-7.26481
-0.730568
-1.49618
-1.06663
5.61496
4.08863
1.19523
-6.41606
3.89309
-0.700612
4.57577
-0.813527
-5.37545
-3.20897
-2.65577
3.25277
3.40653
-4.22472
5.26386
1.63973
6.06701
4.41341
-1.84165
-1.42471
-0.960002
0.192691
4.48494
6.23821
5.42582
10.6773
-10.3878
5.25767
8.89013
0.575647
4.9339
1.1574
-2.38143
6.96864
0.621486
13.3441
-0.634812
-2.18248
-3.01503
0.844735
-7.05981
-3.3725
-0.706924
-1.74778
-3.1471
4.91679
6.77999
-7.49019
3.56053
-1.72154
6.52416
-1.00845
1.12522
-2.65493
3.35186
-2.23327
-6.62684
-0.746047
4.01085
0.375835
-6.81311
3.09377
-1.66198
3.82187
7.3894
-1.49389
-7.0789
5.24545
-3.0248
0.31096
-2.119
-0.899311
-0.551463
0.688495
1.07095
9.139
-1.45365
-3.2423
1.66834
-3.17786
1.50781
-2.50945
0.39258
0.474669
-1.00797
8.87996
-1.56252
3.65175
5.26071
6.05721
-0.242936
-6.0539
-5.64494
-4.58519
6.79332
-6.91043
-0.426228
0.37918
0.00498425
-6.1862
5.85399
4.37942
-1.61579
7.80697
3.37149
-8.41681
-4.74757
-14.7525
-7.82518
0.834671
9.55721
4.59028
1.33996
8.30066
1.93655
9.23483
-0.0899812
-0.369927
0.339607
-0.0478315
2.55969
-7.56249
-8.77525
2.42537
2.90113
-2.27628
4.83063
0.65187
-0.133663
-9.57523
0.560562
6.42202
-3.20722
1.31726
7.73245
-0.606009
11.984
0.0291003
0.803405
7.78866
2.34539
-3.20431
-0.400283
2.76961
3.63766
9.50752
4.73693
-4.98866
4.02507
-2.70047
-1.91531
7.72639
-5.40501
-5.70596
3.6615
2.84001
1.52571
-2.45896
1.97342
0.525
-2.84765
-3.50278
5.1404
3.585
-5.40955
2.98441
-0.480216
-0.944852
-0.0982012
-0.00410092
4.77284
5.10654
-7.29239
5.3356
-2.17154
-1.4553
1.58422
-4.99402
4.59414
9.82267
1.53299
1.96668
-13.0054
1.66587
2.97781
6.89131
-1.59248
-0.193436
5.15951
4.06231
-3.87812
-5.73413
-3.64616
-0.376269
6.88089
6.19151
0.713564
1.13945
0.378953
-3.39529
0.300645
-2.23083
-1.69786
-1.39249
7.9892
5.39151
-0.908527
-6.79883
-2.22459
-6.68781
6.83606
-3.83401
-3.86789
2.41525
-3.3255
8.05935
-3.9645
7.5742
1.55381
-2.92862
5.91599
0.649428
3.44029
6.44655
0.201773
-2.02903
8.1206
0.01472
-5.24705
-6.21682
-3.60849
-5.02373
-0.586136
-5.14989
-9.69176
3.87485
0.073042
-3.02681
-1.39047
-1.39024
-2.72241
4.87242
-1.87186
-5.48234
7.3195
4.7807
4.59302
7.78273
-8.3794
2.58369
2.56142
7.76665
-5.29735
-8.30125
-11.4416
-1.5853
-2.43031
-5.11389
-5.68795
2.19351
-2.32323
-1.46214
1.30105
-0.146084
2.32757
10.6112
-1.86459
2.23329
-8.54653
-2.13912
3.40214
5.97872
1.93599
3.94844
9.66937
1.91439
-2.04018
2.14155
0.661122
7.18262
1.8078
3.70197
2.67874
1.77085
3.33262
-0.348403
-3.67525
9.46903
-0.335113
0.427988
-1.70649
-3.06091
-0.176339
-2.18941
-6.96231
1.2694
6.6487
6.62679
3.8153
3.3838
4.37065
3.97365
3.41332
-5.75242
1.83921
6.1851
-5.10689
0.375171
1.6523
1.69305
-1.58599
3.5972
-2.57093
-0.783785
9.42042
-1.7031
-6.3457
-4.81703
4.24852
-4.78214
2.11779
-5.72906
-6.01797
-2.01688
1.27134
2.09687
4.82524
-2.53385
2.59571
0.732574
2.14142
2.34994
-5.82223
6.86438
-1.01916
1.03389
3.83281
4.05288
8.17753
3.81458
-0.728921
9.82755
-5.23012
7.56659
2.28258
8.15617
4.4299
-9.49887
-2.37106
9.54988
2.38444
3.18644
-5.1969
2.82043
-1.42457
-5.65463
-1.11916
8.85271
-4.59144
2.86503
-2.28314
0.0980516
-14.17
3.52337
-0.534311
-2.36843
-0.32972
-6.27955
-6.04046
-5.04561
-4.04951
9.75126
-10.9812
1.20456
6.46461
6.88975
4.62481
2.13735
-0.445113
8.75185
-4.39735
1.71643
-7.10795
2.62197
-3.45433
5.21029
4.26568
3.06628
-4.41986
-2.41384
-7.75505
-6.91613
-15.6477
5.5848
1.3734
8.41201
-5.67793
3.47634
1.32983
5.50643
-1.76314
6.26639
2.78676
1.29764
14.1942
3.43954
-0.501254
10.5022
3.49946
5.49105
7.40537
-11.3858
2.07244
-4.8323
4.94298
1.94784
-0.63524
1.71521
3.57343
8.67432
8.38057
0.850461
-1.4816
2.47489
-2.47009
-1.03764
1.07106
-2.66073
4.81261
5.34853
-8.07682
1.1468
-3.42849
-0.126656
4.30721
-2.36517
4.87889
0.352045
5.03762
0.29986
11.5558
0.653304
-0.629745
-0.131362
7.29833
9.02024
0.452607
4.72454
2.82146
-3.5114
6.19424
6.91473
1.71329
6.24081
-0.682483
-0.229773
0.46815
-10.3886
1.09232
-0.704996
6.60712
5.35299
3.23955
1.91902
-1.49061
2.24703
-1.90642
3.61987
0.883432
-3.91066
2.04219
1.05471
0.255003
-6.06964
2.46383
-3.50637
-1.79095
5.52295
5.28858
6.53258
-0.714354
5.0611
-2.30943
5.85496
2.71854
-2.68436
3.18613
-0.106578
-0.172322
-4.59186
1.71714
6.74247
-4.67992
-0.941959
3.24986
1.98108
-2.10992
-2.10955
-1.82014
-1.04308
2.54537
-2.96512
0.911241
-1.30539
2.16586
0.42573
-2.75926
3.71703
1.70849
4.86118
-0.734565
0.549593
-8.22798
3.95331
6.09057
7.33887
10.4889
6.2483
-5.48267
-7.62781
1.60953
3.24006
4.90127
3.27316
-5.86859
2.18657
1.38329
0.562137
-4.48545
14.272
3.11473
-6.00636
-2.28619
-7.83201
0.444103
-2.55207
2.37531
-4.98111
2.08974
6.54277
0.847846
-6.54168
2.78222
-1.62538
10.3901
-0.0562287
-1.37372
-3.75545
1.60013
5.90367
9.2399
3.17735
-3.44782
6.30934
3.52208
-3.5084
-0.860393
2.32519
-1.54374
2.08225
2.36845
-10.6034
-3.84383
-0.987709
-2.36202
4.42825
-4.97657
-3.25865
3.46937
-8.69989
4.92005
-4.39949
-0.203168
-0.893358
-6.87188
8.28698
-6.54937
-2.07842
3.25801
-5.00365
0.825476
1.46605
-5.15464
1.84556
0.580152
-4.31354
-9.22828
-1.4836
8.08926
-0.903028
1.71125
-1.50937
3.76442
5.81405
2.2409
4.54494
2.20182
1.77453
-1.40105
-9.49292
0.560793
-3.86414
1.09805
3.50635
11.0038
0.909031
1.64195
2.28473
1.83758
7.30275
-5.92317
3.48634
-5.45598
2.07056
4.93311
2.84783
-6.37018
-5.43675
1.0374
-8.92804
-7.97518
2.39078
6.10358
5.27918
7.69088
0.327443
8.28884
5.49459
-1.49058
3.98383
2.24004
-6.03922
7.97676
-6.9083
-10.3087
-5.46859
2.25056
1.88861
-4.74111
-1.80906
-0.580667
-4.75697
4.54205
7.92203
7.5171
9.88997
-4.94405
-2.75681
-8.0364
6.34939
-5.61423
4.51132
2.31884
-0.848953
-2.70457
10.8042
2.67354
2.46322
0.231938
-7.82109
1.42815
-0.687493
9.86984
-2.07778
-5.31974
7.72638
-0.447551
1.92137
6.09513
-4.11031
9.7449
-1.09443
1.09418
2.22573
-6.42981
-0.0206624
2.00432
2.60904
1.11387
-1.93629
-4.61512
-10.3951
-0.783279
6.34987
6.78243
7.36965
3.01635
-14.1261
5.6493
-3.54596
3.04591
2.43595
5.83438
3.64849
-6.12787
-1.16903
-1.07077
-10.9735
-1.04472
4.93511
-6.55492
-5.39003
-10.851
-1.92618
