-5.31612
3.64127
3.63908
0.776946
3.93987
1.80218
-9.21767
8.9429
12.7648
1.29509
2.80388
-5.53129
-0.836123
1.88256
-2.15263
-4.51491
3.11418
-9.98413
2.91342
-3.62144
-5.32352
-7.25809
11.383
5.68937
-2.15597
-3.08508
-0.901411
-1.22188
5.92465
-13.5859
10.2337
-10.0214
6.92823
-9.72701
4.4821
-8.87233
5.0418
9.21929
2.26579
0.898057
9.77107
1.88387
-6.47246
11.8357
-4.0875
2.56956
8.44947
-2.16325
-0.771718
2.61724
-11.2405
2.65307
8.19434
1.1149
6.54758
-3.89718
-0.213144
6.56326
5.40814
-8.02012
16.1044
-19.9698
0.963695
2.29254
11.5221
0.960061
3.35128
2.76735
9.30763
-3.22193
4.29396
9.66696
-0.230021
-1.27953
-2.31044
4.97441
0.46124
3.31702
-10.9201
3.4526
20.8451
5.15006
-17.0581
2.29349
4.71312
-2.17358
1.25552
-0.320421
-8.37765
-2.2895
2.41101
-7.44911
-11.9348
4.33074
3.60342
-5.53792
-2.99479
1.80275
-1.25628
-1.70878
-3.48307
-2.01073
21.1627
-11.1504
-12.7356
3.77754
2.39201
1.93524
-1.07115
2.94649
10.5965
11.8747
3.08023
2.73499
-6.57183
11.1252
-8.38012
-0.211015
-3.13588
-2.47088
-3.3865
12.7195
-18.7308
12.4207
-7.49374
2.91157
-0.856581
2.55004
-18.7644
5.94618
-6.11581
-14.5743
-11.2107
9.02281
-8.5772
0.216211
0.192625
1.5837
6.46905
-1.95661
6.51077
0.756251
0.579649
-2.94849
-1.34024
-2.75627
6.4881
7.40459
3.40768
-5.03533
-2.7257
7.48104
11.9608
-8.05213
-1.15912
3.98505
6.33845
-5.4668
2.46143
-9.46189
0.503568
-3.61878
2.48513
-9.8914
2.78797
3.1732
-1.18539
-1.14315
11.1199
3.94598
10.0409
9.85941
-13.1973
-9.51152
-13.8257
-4.70938
-2.76053
-2.34981
-4.66032
-5.1666
8.55271
2.00745
-5.12771
2.57027
0.117123
-1.30833
-0.677015
-6.1714
-4.94212
1.40769
-12.836
14.9326
-4.36603
1.07875
-1.74429
-14.5337
14.4571
0.729181
6.36554
3.86383
4.05671
-1.95707
-1.63738
8.19863
-3.64668
5.04465
1.18464
-0.627681
6.32941
1.03723
-8.87514
7.19068
9.86118
-1.79398
6.83605
-7.70693
2.34964
-1.75907
8.7111
-4.95301
-0.219748
0.582876
0.457593
-14.713
-1.54604
11.1212
-0.892476
5.05909
0.920568
1.28706
5.87284
-9.88928
-14.3292
0.29986
4.49172
1.92821
-0.305505
-9.67142
-2.90307
2.02341
3.73041
1.24935
7.43827
8.6287
8.0825
3.23932
-2.40552
-2.66875
-3.82618
4.90813
3.72648
9.86712
2.53187
-2.8961
-0.731922
-2.91261
0.619861
2.28147
4.62603
0.80008
7.96979
2.71704
1.30567
10.1152
-8.41916
4.75585
-2.68082
-5.15316
-1.83744
-11.7939
19.1706
7.46991
-0.814705
-6.01554
-10.0418
3.69062
0.140164
1.92329
-1.24476
-3.29416
-7.67358
-2.85503
-4.08827
4.6166
0.279432
12.538
3.7709
0.421005
-9.98653
-2.63656
4.11663
-5.81697
-3.28772
-5.81432
-3.64722
-7.38874
0.314356
8.56924
4.69272
-15.4635
6.23335
-6.84235
8.43345
7.96896
-2.07014
1.74972
-2.45409
-5.30262
-4.04117
-2.23629
-1.00735
-2.68102
15.3766
6.63181
-3.66381
5.08307
-7.76338
0.640884
-8.35975
2.57597
-10.3157
2.67539
2.00767
9.29461
1.28989
0.319665
1.47883
0.757113
-1.22342
-3.62556
2.56786
-12.4152
14.1312
-1.94465
5.24609
11.4164
4.19078
-2.26692
1.19201
0.247579
6.71931
-7.9423
7.28019
-1.22825
-2.42548
4.09515
5.85701
-11.3804
-2.99547
-2.96762
-1.89288
8.65535
-3.30879
-1.12766
-8.58142
5.31975
-1.50976
4.37821
-2.11437
-2.5123
-8.98904
1.12391
18.5222
-12.2229
4.91016
0.312879
4.37955
9.03002
-1.4526
4.74449
-7.04956
7.64892
1.62987
-6.14195
8.1983
-0.440362
-15.7876
-6.32126
7.91251
4.66087
-5.92768
0.307075
0.622873
5.79087
0.196731
1.1891
-2.96405
-3.54509
-8.38459
3.40826
2.7588
4.26499
-7.19228
-4.57629
-7.22618
12.1451
5.91473
-11.3046
9.42361
4.35089
-4.67985
-1.20915
6.1116
-0.754461
3.99087
11.831
6.96717
11.1564
-4.74771
-4.57467
-8.27554
-9.75195
7.2783
5.43042
10.6015
3.16253
6.25543
-0.0805583
-5.21978
1.89208
18.5257
-7.20887
3.13804
0.482051
7.32966
-1.7731
-2.12377
-4.90854
-13.1401
-1.38219
7.03747
7.10515
9.25134
-2.07295
11.0531
10.2564
1.32834
-0.0032765
2.84674
-0.15682
5.16135
5.46166
-4.20822
5.2482
2.60308
7.8266
4.52743
5.17808
-3.41278
0.194348
1.06699
-4.11486
2.28047
5.62605
-2.51673
4.4564
12.1759
-0.573609
-6.53283
1.90812
10.0956
4.66544
4.31394
-2.58091
8.05486
1.34886
-13.6933
-1.79582
6.33873
-5.32662
3.68301
1.77932
7.14455
7.56224
-9.59463
0.875518
8.85285
-2.45709
5.60392
0.175262
-2.49705
6.02602
2.1164
0.975821
-4.92577
-1.5904
6.53222
9.07553
-5.44433
9.91764
3.73955
-5.18289
0.532176
-21.4328
8.53943
-2.95132
-0.626187
-2.26874
-4.06543
-8.99026
8.50052
5.40044
-4.27382
-9.53388
2.73445
2.14462
-9.24855
12.0931
-11.2342
9.96768
-2.96519
3.11047
4.27599
4.992
-0.138286
-5.6971
-0.700523
-1.27421
3.36489
2.24438
-1.15078
1.78559
4.21846
7.83743
-4.97402
-1.62735
-7.57932
7.50842
-1.30333
-7.16545
2.74916
-16.8486
0.0892678
4.9295
13.4497
5.53335
8.2082
-7.2117
0.795044
13.2658
11.1448
2.98335
4.60839
7.52416
-3.9334
0.992275
-15.5639
-2.4342
13.7644
4.62867
4.50133
3.95454
-1.34441
5.84618
1.90409
-10.3929
-2.89096
-12.9593
-0.704622
-6.1459
-5.9182
-4.66653
-0.312082
-10.5997
-6.42654
12.7494
-6.21549
0.251549
2.15496
5.03751
-5.92557
3.63381
-5.14398
4.28585
-6.78373
-12.9127
0.860495
2.47614
-8.5001
-3.05296
-6.40291
6.95295
-5.41309
-5.17726
10.4644
2.00078
6.65871
-2.57744
9.10125
-1.41486
-1.76593
-1.0909
-7.44948
3.26647
4.17775
-10.7759
-3.8188
4.63307
3.57911
-6.70364
9.85531
1.65143
7.38222
6.14217
-1.3263
2.0872
-8.71055
3.55029
-13.2367
-12.2456
12.6955
5.51934
12.4882
3.37691
0.836219
-5.85893
-6.62389
-23.8388
-4.52686
-4.98278
-2.60069
-2.10231
-5.63743
-5.49987
5.15305
-7.51521
2.29786
-2.35352
8.16955
10.5909
1.97055
-4.28667
-0.288034
-7.99228
1.80766
3.34112
-7.71329
-7.84225
0.419086
-10.4351
3.77614
4.07408
-0.182667
11.9253
-1.55367
-3.9917
-3.78624
13.4215
5.00052
8.43086
11.4806
7.20589
-0.83666
7.50249
5.64203
10.9025
1.51866
5.66539
1.32678
-14.6824
-5.28921
-0.387144
-12.1602
5.48944
4.93046
-14.1395
2.53735
8.32419
-1.60808
-1.21069
-1.56398
1.64845
-1.60092
2.57432
14.4558
4.21506
-0.788946
0.312028
-3.92082
-4.76572
9.23759
13.4359
-0.0728188
1.48923
0.816593
-0.16648
-2.35687
-7.80787
3.028
3.27773
-6.41352
-0.905299
4.01971
-2.6529
-5.22818
-0.129198
-14.9669
-3.42675
-5.71034
-0.364246
3.13142
2.14505
-5.39306
-5.81069
3.45898
10.1883
-12.5642
1.86032
1.87904
-7.59166
-5.96006
0.0125838
-0.0825067
6.71266
-0.753185
-2.77606
-5.89935
2.04052
0.278606
1.37423
0.64044
3.27549
3.17596
5.78614
-8.52665
9.50474
5.66649
-1.01922
7.75249
-2.22532
0.74639
9.47602
1.58117
-1.10378
12.6089
11.2531
0.888842
1.63169
9.04389
2.39626
-1.50975
4.77247
3.86039
9.51068
1.24414
-6.05612
2.28623
-6.61007
3.05234
0.661653
-0.446679
17.6175
0.00253842
4.69218
10.6542
2.99502
-1.45616
17.3012
5.25174
5.26109
-2.19744
2.57597
-2.91775
5.657
0.303737
5.35372
5.65529
0.155442
1.60448
-4.42628
-6.44432
2.68324
4.38611
-1.3212
-9.42902
-7.44481
-7.24804
-0.068264
-5.62709
4.0692
-1.89748
2.79169
5.79196
-4.13653
-5.53743
-2.31464
-2.10161
0.871345
-5.76318
-4.70595
1.3099
-4.38015
-1.09239
-10.0467
-7.42975
-5.64761
6.6229
-1.61905
-17.7945
3.27412
3.65855
-3.2881
-18.3489
10.1787
13.4989
-6.86068
0.207485
-1.63807
-4.95619
-1.59417
-8.72664
-2.24261
7.93689
-2.18345
-4.44273
8.98104
2.89618
1.21026
15.4574
8.46715
-0.963065
0.307853
-2.57052
-3.49863
-6.1792
0.789666
-4.61629
5.99601
-12.5332
-4.67374
-3.58804
-6.88579
0.906544
-10.6508
9.38103
-9.56379
-0.848562
-8.85836
5.28546
-7.29605
-8.00626
-11.8019
-3.02337
5.84386
-0.882468
-6.60827
-11.4799
11.4673
10.7025
4.22492
12.9557
-2.14763
2.61372
11.2685
11.9928
-3.24171
-13.8609
-6.81649
-4.60885
-9.11975
5.70298
2.45086
0.889784
-1.81175
5.37277
-6.64492
3.2367
-1.52528
-4.03898
-12.0318
5.49677
4.96952
9.85597
10.4732
-0.897637
6.82196
8.1635
1.36992
11.2529
-3.03139
0.137329
3.53244
7.39187
9.09634
-4.25592
-9.67768
1.34551
6.0481
-7.84297
-5.66687
10.912
4.55566
0.433423
-5.91898
-3.8685
-3.01391
-9.57747
3.00219
2.26518
4.91336
5.08073
5.40633
2.29676
-5.32734
-8.51918
5.51419
-11.5313
-8.49576
-0.539927
0.578495
3.86383
-2.32092
7.76013
-5.41981
-0.759508
1.6907
-5.05965
4.7381
2.08977
8.38266
4.33498
4.97423
2.1177
-10.345
4.54871
-8.50741
6.88221
-6.82042
4.21624
3.44678
-6.21574
1.70068
-8.69167
3.59316
-4.66947
-2.05476
4.42736
4.17164
-12.4641
-10.9414
1.48127
-1.25618
5.03644
-4.49647
5.66675
1.0518
-12.0363
1.92122
-2.77315
-16.3966
-1.42262
-7.7231
10.6221
-4.23093
-0.040901
0.568963
3.54739
-1.88015
11.2495
-5.48947
-2.09981
8.15034
0.541449
0.553863
-3.99343
-6.67521
-5.57017
0.92859
3.20556
4.43527
0.251513
11.4375
6.14725
-2.02007
-4.70648
-7.94513
-15.6963
-0.714564
-5.78945
10.4685
0.503907
-1.55025
3.71971
-2.66859
-5.15898
-0.138315
2.18143
-6.20431
7.30402
0.0623249
8.45934
-3.97953
4.0936
0.572382
-1.13766
0.476197
5.23262
-2.02085
1.50499
-6.52926
-0.95625
3.93242
8.8054
15.2034
8.14774
0.349451
-1.68596
2.76992
8.86031
-3.53741
5.2682
-18.4445
-5.63635
0.438445
-0.0452531
1.19283
-0.264201
-3.59178
4.27188
-4.7958
-0.767361
-5.70513
-6.25549
-9.41965
3.56828
-1.48158
0.637121
1.92153
11.7683
-5.05084
1.06715
-10.1844
3.51826
-9.8012
-11.7184
7.20938
13.3509
-1.63283
9.68253
-6.34494
-7.75737
0.0152258
-1.23561
-2.78051
4.56381
-7.86406
-1.87842
11.4583
9.30188
2.52746
-16.4912
9.52496
1.89895
-5.95191
-5.39351
-2.7333
-6.46128
16.627
4.87623
-3.40658
3.11292
-6.25039
-1.21796
-2.96823
10.6061
8.65696
-4.92999
9.29035
-1.65817
13.1615
-1.05093
3.32889
-1.8429
-6.75456
6.01952
-1.49811
9.67319
-1.02562
8.36703
6.06861
-5.32443
6.0503
9.47256
-7.93383
-8.03356
-16.2979
-3.03129
7.98605
7.98772
-5.84286
3.69005
3.61386
-0.816396
-0.433884
2.41451
-8.40697
0.656333
8.08784
3.68824
-3.96341
2.44694
11.5401
-5.70979
5.87448
3.52617
10.1091
-0.884982
-7.95676
-11.5977
-3.58112
1.66277
10.8193
8.15261
1.1604
9.5533
-2.22899
-1.45164
1.08588
1.9251
-0.18719
-2.2195
0.62306
1.00974
7.13995
-16.6801
0.305569
3.19832
7.19425
-3.392
-1.16179
5.744
10.1184
0.741874
4.99862
2.21776
-8.65205
4.89453
2.88315
9.85947
0.960018
-4.90415
-3.99523
-3.92411
-2.81913
-16.7734
-2.61135
-4.38908
-2.92015
-5.84478
4.18166
1.14064
-1.84435
13.1762
2.14236
-1.35606
-12.4827
-3.01397
1.64446
-6.11063
-10.3365
-8.92236
-0.728233
-4.35617
1.37804
5.79781
-3.1454
-0.624583
-5.07952
-1.37447
2.99859
-3.8212
6.62424
3.97072
-12.5914
4.77584
-17.011
7.05905
5.80853
7.28742
5.62515
-4.54805
-2.87932
-8.83048
-11.2636
0.00104584
-0.662162
10.2481
8.11161
10.2399
4.85021
-0.501101
-4.62211
-2.02915
-2.79543
-1.25787
0.996362
-2.14497
-1.71627
-16.6383
-15.0162
-3.69222
-7.90288
0.0964951
7.34868
5.89171
4.30928
5.58108
-3.76169
-2.34497
-11.7369
0.844379
-2.01875
9.85879
4.33664
-2.95731
-3.32255
0.958895
5.86297
1.24672
2.07866
-0.687711
9.69402
2.17145
8.77287
-7.67266
4.88463
4.94346
0.00300921
1.87521
3.44175
12.7053
9.68757
15.1874
1.41312
9.46999
-7.31821
2.44851
-1.7839
-13.1375
2.62379
0.307517
-1.51236
-4.19808
0.407383
7.63181
3.47629
6.19338
2.91886
-8.45531
-2.86498
4.67451
-10.0865
7.70764
7.30741
8.29921
-5.8485
-6.6514
-2.08546
2.16979
-2.98037
6.24472
3.77383
1.54012
10.3856
5.80868
-9.76358
4.30994
-11.1282
-14.11
-7.59483
-4.3885
0.132777
-3.31821
-0.0568632
-4.87476
13.3956
13.0882
8.97472
-3.6403
1.8118
2.1202
-1.55013
0.620994
-5.05979
3.55613
-9.13499
1.24934
1.3891
8.77578
12.454
7.19227
-1.8256
-2.35838
-4.37022
6.38899
8.42528
3.57563
-0.072264
-3.23248
-3.46384
-3.51704
4.54442
6.32854
5.83713
-8.3126
-0.336333
0.958234
-1.46639
-3.64986
7.6586
-1.21198
2.35767
8.5359
-3.73749
-1.86958
3.01475
10.9228
13.9636
11.7693
-28.4134
9.79455
4.36444
5.43075
3.13907
8.8859
6.15336
1.21153
-3.09511
1.85697
-2.54133
9.08274
-2.68844
5.75434
-0.72942
7.27963
-0.602836
-4.5489
8.32627
4.16641
0.883578
6.32476
13.4636
9.28272
4.08029
1.55181
-1.54774
4.72304
-3.48096
-11.1762
1.18356
10.7556
3.27482
13.499
-8.73749
8.04021
-2.19113
-4.85605
-1.64294
4.73153
-20.9922
7.11302
-10.5069
8.46888
-5.63405
3.18397
3.276
8.45437
3.33322
-0.538104
-18.6345
5.50665
4.70011
4.45683
-7.15193
-4.25505
9.97616
-4.93127
-13.9054
-4.41653
-14.6505
8.82313
-2.88453
2.46093
6.12915
-4.12824
-7.88587
-0.966401
12.7222
2.79089
-0.266253
1.19917
2.3279
1.23202
5.6344
12.4583
1.51071
1.2494
-0.460653
9.04942
2.33457
11.2858
2.4921
4.66515
2.52382
-3.52155
3.21078
7.1788
0.0455587
-2.99189
4.34183
-22.9645
9.07008
3.44548
0.549189
9.96007
5.15783
0.228785
-10.365
-1.79575
8.15053
3.11539
-9.78856
-3.00602
2.6624
6.91791
-4.19997
6.59537
10.8922
-0.0537915
-9.33484
0.672865
6.06543
-6.70584
-4.70001
8.62513
5.18765
-10.1647
-3.87097
6.84537
-9.3677
-0.494888
-5.98158
0.341371
-1.87738
0.322564
8.49292
-10.5888
7.28203
1.06407
5.5378
-9.39067
-2.67343
3.14787
-6.96322
-1.10347
8.45835
-5.95808
6.90263
10.877
7.07567
2.83439
-9.56461
-6.20172
-7.36817
-0.0337657
-1.82527
7.92306
2.09066
-1.10749
4.32739
7.48145
4.67591
11.9277
6.99539
-1.02837
0.817696
-4.30224
0.651319
5.61969
5.80815
-6.43941
-10.995
0.6512
-0.878211
-0.851682
-4.91495
-6.83492
4.02524
8.89478
1.82168
8.37052
5.33252
0.721129
-5.25385
2.54481
-5.33544
0.0189631
-5.11766
-5.72887
-2.92892
2.48698
-5.69879
-1.949
3.20172
9.34607
5.46772
3.40529
6.04524
4.40798
-10.0586
1.51341
-5.07711
4.36243
11.1945
6.07128
1.0163
0.0650487
11.1852
10.708
2.5767
-9.38105
-1.70478
2.90846
2.61751
9.24709
-1.65237
-5.02619
23.9676
-0.417389
3.50125
0.310841
-8.28051
-3.10573
5.57782
-3.86505
-0.76771
5.03541
14.8193
11.2874
14.6102
3.73639
0.319265
11.1617
0.98888
6.53615
-10.4374
-2.09633
1.55967
-1.88514
-1.70408
-0.463377
5.92835
5.21095
3.81771
11.5871
-7.87305
10.657
-1.16199
4.58453
5.42797
0.499689
13.837
10.4706
8.04728
0.368856
-1.89099
0.265847
10.143
-2.47792
7.85374
0.176387
-5.96854
-1.41457
-8.21195
-8.84183
8.25548
9.48108
-6.39501
-0.988355
-0.562398
-0.69837
-0.745624
-0.186526
-7.61504
12.3882
-0.789231
17.8681
6.72835
-6.76821
4.87605
9.28485
2.34519
2.78181
0.739356
1.55653
2.23676
-16.9604
7.30606
-6.02404
3.65815
-1.37881
-6.65192
2.28138
1.75853
10.0663
0.78577
2.4678
13.7727
-3.13234
0.940837
11.2167
-8.56082
-2.36665
7.01289
7.21107
-2.81518
-2.48371
-6.20375
5.21764
1.85264
6.13511
-1.14218
5.61269
7.19743
12.5279
1.04849
0.810167
2.91984
3.3848
-4.72644
-4.13351
-0.888363
0.94328
-7.10137
4.22212
9.07194
2.85665
0.505285
-2.5321
0.348162
-3.73657
-1.25882
8.36655
8.3913
12.5184
2.63839
-5.03096
0.799049
-0.983092
5.92701
3.71659
4.87762
5.40527
-4.79901
-4.23225
5.10364
-0.828082
-1.75754
6.11632
-5.90661
4.41228
-2.23906
-10.5808
-8.63669
0.832169
-3.539
-6.41439
-15.0701
-4.79286
-6.4358
1.30285
8.16645
-0.705363
-5.61934
-6.48776
-14.9023
6.04576
-9.90245
-7.3729
3.25727
7.06068
24.46
-8.9218
6.19536
2.01891
2.36495
-4.14433
-6.85785
10.2917
-6.9927
-0.382771
-3.54737
7.44023
6.32417
10.1012
-2.09412
-7.00078
1.0205
4.47006
10.1484
6.37645
-2.19084
-5.76938
-22.092
-4.78677
-4.48644
1.99085
-0.902006
-2.1198
-5.89758
-1.09554
12.034
2.57368
1.93602
-2.09169
3.12624
-6.01209
0.597847
2.6826
-13.0261
-3.45368
5.28714
13.2003
4.56614
8.76587
-2.23213
2.39908
6.01178
-2.20615
0.431066
17.0128
-5.70303
1.53411
-6.15478
-1.8552
2.86699
-3.52699
-5.99449
2.60288
-0.411309
6.56812
7.47714
9.29572
2.31263
12.473
-6.05233
2.86335
2.98929
-4.47094
-5.18009
-9.88744
-5.29791
1.4116
-10.1135
-15.551
-2.9352
0.0460763
-1.40536
-0.654961
1.28407
5.76893
-5.81777
-7.40118
-9.5132
-5.7539
-6.13507
-1.74848
10.5715
-3.46058
-0.595844
-4.91882
20.0778
3.27318
-0.10539
-2.53321
2.20914
-6.9368
-4.1581
5.78921
-22.4744
7.35634
8.80129
7.80192
1.87748
1.65072
-15.5873
-2.73913
3.73461
4.35532
6.87946
4.84189
8.52431
-10.869
1.32777
-2.43644
9.04891
1.92754
-6.01982
6.11145
-5.07867
6.71539
5.69463
1.16205
8.49545
-1.48273
-1.57252
2.11774
4.35414
4.73755
5.89304
6.35828
-0.980237
3.72931
2.06809
-1.57389
3.33058
-10.2279
10.0103
5.95778
4.49739
-3.23344
1.23299
-2.40073
2.20079
-21.4261
5.0514
10.2763
-9.63531
-5.02319
2.78217
7.81656
2.14512
-2.82726
7.50271
-5.79186
11.355
1.4295
-8.45886
3.95398
-6.61382
-9.29089
-9.26841
-8.04117
-10.5479
0.813394
2.21677
11.5361
-6.29442
6.21319
-0.215396
-11.9867
1.39947
7.47852
1.47708
-4.89922
13.3178
1.45949
-4.42467
-2.93558
13.7568
-23.3575
-10.117
2.72194
6.80146
2.68611
4.5378
-3.37075
-1.22127
-2.82396
0.432055
-3.65418
-5.24712
-0.839358
7.83819
-0.260651
4.80358
-11.3995
-5.09177
0.0619672
-2.24496
2.30846
2.58031
3.2129
0.105399
10.3832
4.30883
-2.20408
-15.7523
-2.79312
-7.1717
12.7634
4.43566
1.93308
-4.88464
-5.77891
1.6042
8.01679
2.53143
-4.82717
5.85932
-4.98637
6.33679
-3.45846
-6.92756
3.75036
0.301663
-10.3799
1.86122
-2.46338
-11.2868
-17.9256
4.53339
-2.0953
-6.81595
0.177736
-5.43665
-8.30502
9.59718
6.01603
0.279954
7.61697
3.85484
-0.52807
-2.69673
0.631314
1.15832
9.31328
10.5423
-5.9515
5.93687
-1.31308
-13.2506
10.1229
4.07251
-0.692059
5.88632
-0.931574
-3.81225
-3.0429
-0.0875406
2.50852
1.03908
-9.04508
-1.91015
-8.78185
-7.12933
-0.945142
1.52295
4.57882
5.55455
-17.4424
-8.47961
7.39498
-0.503994
9.93057
1.19425
2.38565
-6.77034
1.21851
-1.26124
2.72064
-0.740627
7.96617
-7.90469
0.384378
-4.01161
-4.16719
-5.74266
-10.2585
-3.22129
1.22813
8.64798
-5.12482
-6.78817
-3.12027
10.5736
1.43088
0.0517537
-0.451123
1.36905
2.15488
7.80329
6.98701
-3.63534
5.75999
6.79593
17.5105
-5.38715
-5.4171
6.24826
0.33613
-9.2249
6.92974
4.04115
-0.774612
6.95159
-6.06755
1.36879
2.16446
-5.807
13.9654
-7.6849
4.78561
2.86367
2.7071
0.947112
-7.05826
-2.06196
-14.3419
-4.44571
2.67034
-0.587935
-8.42832
10.9133
-7.16869
3.85813
3.10919
-8.2255
-8.30933
7.15845
-0.146759
-1.66839
-3.84951
-4.64688
7.28648
6.08205
0.0738234
-5.89924
-1.00318
0.655076
-4.02295
3.55195
7.3944
11.9411
-5.40721
-1.44654
-5.19524
8.40985
12.4241
4.0741
-8.87598
-5.42299
7.00372
-1.11424
3.93846
-2.54233
-0.359277
-0.25285
7.35415
-5.58157
0.104582
6.84261
-2.30016
9.74119
-3.73223
-2.46981
6.57876
7.61527
-4.89718
6.04472
6.89548
-5.74263
-15.8182
0.575397
9.24187
-8.65381
-3.55966
-9.62618
-0.251332
-10.5147
7.99301
-3.33526
2.15046
9.47856
2.52229
-1.46225
-6.08185
-14.897
3.55097
-7.41626
-10.6344
3.09863
-1.40046
6.47599
12.8597
11.3794
-2.79595
3.49648
3.56748
5.32371
-2.19764
3.61144
4.27074
-7.87584
-8.82358
-11.2997
-11.3375
0.257993
-8.31262
4.7604
-15.3746
-1.57174
-2.3092
-11.2579
0.323898
-8.23316
4.03746
6.72804
0.791593
7.39616
1.38737
2.23264
7.21699
-1.10844
-8.34737
12.2357
1.93099
0.165257
-3.45376
5.44265
7.65023
9.14733
9.65567
-1.08761
-1.14812
-4.56972
3.28435
8.86919
3.19645
9.75085
1.34211
8.35675
-12.9962
-3.61217
7.93974
6.17385
10.3347
-1.24697
-0.548371
4.266
2.56226
-4.84623
-6.9149
3.70818
9.5791
2.05067
-2.34857
9.20165
-1.24062
-4.35598
-0.574928
2.46465
5.89881
7.98577
-6.55068
9.28498
-2.58401
-11.5318
4.60491
1.22108
10.4539
0.424983
1.52478
2.85923
1.23017
6.52166
-4.72864
-1.07601
1.5686
-4.30056
2.7574
-3.52394
-9.78568
-9.20463
-2.5115
-7.2865
4.91991
-0.972186
3.61161
-0.657314
2.13901
-1.04364
3.72519
0.118548
8.08655
5.38979
1.33714
-0.871102
5.66877
12.3627
4.96811
-6.29627
-6.2737
-12.5823
-1.63404
4.53748
-11.6278
-6.29644
8.68517
0.622573
-2.12809
-0.314827
7.29632
3.70537
-1.17138
9.20502
-8.78913
-6.57035
-1.06778
12.8452
11.8727
-4.177
2.8437
7.20634
8.41586
-2.9043
-6.7986
-2.20097
3.46912
-10.1456
-0.0205119
4.56072
3.4574
-1.70602
7.00552
-1.30682
-2.89085
2.24768
-11.7033
-18.6024
5.48757
1.00497
0.716566
-10.3667
-3.81977
1.75241
-6.66797
-7.29698
-6.59536
5.44036
9.9301
-6.7607
0.833642
8.57471
-3.3561
0.22899
-0.379661
-15.7115
-1.53695
11.6617
12.3459
-5.04357
5.96178
0.0673202
-12.7363
12.0268
-1.0312
3.39096
-2.87208
-9.41432
-15.3556
1.50574
11.1219
11.2934
5.60972
-6.08392
-4.29741
4.21771
-3.03256
-4.66632
1.90132
10.7836
-16.8039
7.22676
-5.70872
3.89772
2.74695
-0.262192
-3.02596
-1.31871
4.66219
5.65787
4.71975
16.1355
-5.13803
10.737
-1.42001
0.526739
5.40474
4.63794
17.8001
5.24036
2.3811
9.541
-3.271
8.13477
-11.1814
4.99902
4.0216
-0.316144
5.99402
2.3239
11.1729
0.0570066
3.20169
-3.19205
-7.06447
2.3818
12.1642
-0.389294
5.91596
2.77911
-2.68516
6.54454
-6.2289
5.32814
0.0856054
3.84907
6.25958
-15.5861
4.25121
11.228
-6.86537
2.1623
-3.97055
-6.43747
4.29788
3.9985
-7.99067
12.0777
6.7157
12.0921
-1.26725
-1.22232
1.78116
-7.39631
15.7729
-6.80442
-7.28636
9.07048
-9.14429
-3.12952
6.37745
-10.5093
-5.78222
8.35486
7.66449
12.3323
4.82082
4.35169
6.3195
-3.14047
8.82306
-3.84608
1.88248
-0.892083
0.742265
2.71172
8.99155
1.28358
-6.81196
1.82197
8.48602
13.0196
-9.57943
-3.07597
-6.94559
3.71063
-0.153174
6.83681
2.76529
-9.02484
4.05675
-1.49899
-6.97989
22.2467
0.757252
3.58294
-3.01539
4.05673
0.360476
3.02953
-4.77667
2.72266
6.42194
10.1599
-1.29679
7.06673
0.618658
2.18616
9.61437
-10.9339
-6.44942
-9.10209
7.52746
-14.8986
-4.10452
-8.1623
0.312794
8.94216
10.0589
3.71233
-13.8903
-3.71569
-2.30146
-7.57586
4.30698
0.796214
8.74611
-1.29968
3.77825
8.3082
5.13366
5.5594
4.66652
1.90641
4.1649
-5.69151
1.62613
-12.0217
0.0954936
-0.308503
-3.84395
14.4418
-3.88744
7.2033
-5.35766
-1.83825
-0.471489
0.963757
3.75633
8.8745
-1.17109
11.9546
-5.37262
15.836
1.71151
-3.45901
-7.97882
-2.22474
-5.37377
6.14555
-4.17493
-1.02725
-1.96912
2.48126
8.6775
13.2566
13.2929
5.42795
6.81737
4.38741
-7.49893
7.93083
5.96783
11.8567
-0.65023
6.90461
1.80455
2.57895
7.40967
8.70363
-6.14568
1.59789
13.0562
-6.44442
3.11514
-14.4107
-4.52499
3.07723
8.44058
-4.19073
6.10059
-7.12404
-1.05165
0.965558
3.24072
-8.73291
9.71533
7.29012
8.15195
5.31643
1.65833
-0.0341685
-5.76247
7.67661
-1.04603
-0.2513
9.44131
6.96425
3.81823
11.3018
-3.0146
3.39703
6.6691
-5.47103
-1.44303
8.01434
-0.26774
-7.41003
0.0605265
-7.49295
5.57638
1.73781
-1.0234
-7.43977
-2.33494
5.33308
0.648566
-9.3389
-5.18064
1.52974
9.82098
-2.11833
-7.35035
4.33131
-12.9313
5.60748
-4.40869
-5.44374
-0.507309
8.51143
-12.8854
-1.83783
-0.467602
2.25521
-7.51
-13.0778
-16.0981
-0.865333
-7.8531
-12.7837
2.21485
-0.471041
-2.22655
7.39064
5.24263
-0.434936
-0.474641
-2.31726
-5.2279
3.40527
1.21182
5.8187
-5.16394
11.5298
8.60972
-0.985862
4.49317
2.30083
9.93154
8.55867
1.15849
-9.58825
-5.30071
-10.8857
-2.44453
-2.95699
-11.6419
1.59299
-5.88333
-10.2981
6.18606
4.42911
4.13298
0.900062
-9.43653
3.50386
-4.6976
4.60612
6.60894
-1.05433
5.45709
1.78291
1.26884
8.23973
15.2071
7.7557
-0.0355658
-0.914436
-13.6174
-4.59744
7.16813
-8.74291
5.02132
1.04353
6.70816
-6.09791
1.55387
-4.82103
7.29205
5.79768
-2.90207
8.70954
1.84535
-7.90873
-3.31478
-2.85686
2.37643
-6.23967
4.57411
4.97158
-17.5145
3.90258
0.984795
-8.5425
7.16676
-2.35976
9.00995
-5.82953
-8.30938
7.56091
-5.07804
4.14886
-15.8346
4.31381
12.2072
0.220018
12.8761
-2.52306
3.78617
8.97355
-3.70188
-3.27591
-2.75712
-1.60434
-11.3827
-0.753783
-0.104386
-3.4816
-12.1413
1.34596
-1.78706
1.82013
-9.21376
7.97338
4.29551
6.09229
12.2139
7.72543
7.44134
-4.33918
-5.90633
-20.018
-2.48652
9.26299
-4.11311
-4.95236
-0.39925
-0.0767165
-14.3912
1.6588
1.86116
-2.77211
0.473327
4.92388
2.13171
3.84764
-21.154
9.75361
-5.98149
9.54668
-9.1019
14.2747
-4.76094
-2.20194
3.76098
11.7256
5.95191
2.81136
5.75175
1.85109
-14.0719
9.13614
5.48618
2.17218
4.36575
12.4762
-0.88893
6.40916
-18.2814
3.04659
5.12209
-1.39319
-5.68031
4.97034
1.39616
3.22347
-5.16365
-0.803619
-6.89771
-4.78785
-6.89651
5.65101
5.72985
-9.96915
-1.63739
-13.2874
-0.739828
-0.838852
6.25241
-8.82084
2.65125
-13.2854
-10.3065
-6.75026
-5.9948
1.51931
-10.6
-5.89833
-9.74696
-6.37137
-9.69806
-6.07278
-8.48034
-2.77193
5.10503
6.4935
-5.52409
-0.345912
2.33983
-1.12896
-8.56145
-0.167083
-6.89436
4.97327
-12.882
-15.9448
0.182269
0.77246
8.05853
9.13626
1.91477
5.3847
4.70718
5.67261
-2.63865
-0.209447
-4.3261
-2.69787
3.7765
-5.79569
-8.13412
-6.93591
-1.5889
-1.19634
5.22098
-1.50777
-6.44762
-0.177871
-5.50641
7.19007
-5.50154
3.30006
14.5224
9.82303
2.12099
0.668877
1.17103
0.61568
-3.27547
-7.5032
-0.766315
-0.744807
1.47694
-7.28276
-2.98994
-1.8707
-1.3677
-9.14402
-1.61347
-1.66112
-6.85734
4.89134
-1.19847
5.8031
1.08097
-7.49728
-6.29193
7.16418
-4.57312
2.34983
-1.64067
0.583768
2.53366
1.9934
10.7052
-2.34649
-13.8309
2.71422
12.2209
-2.58525
-6.03943
1.65171
-12.5081
-11.1116
5.8842
6.36945
14.6973
6.01529
13.0719
-4.12772
0.545959
-15.8476
2.20739
-7.45187
2.7433
-1.68249
8.5153
8.25429
-2.03426
7.06019
8.82755
-5.85295
4.33476
-0.16009
1.72446
1.21224
7.54343
10.5507
3.89048
4.44186
13.524
4.58586
1.81819
-0.395081
11.226
-10.6343
9.55623
28.1741
-2.36916
-7.94308
1.75147
-1.62978
0.238783
-6.90855
2.44116
-7.705
4.47132
2.6912
7.33387
-5.22828
6.08656
3.59127
-2.42754
-9.74191
4.45047
3.65819
0.348157
5.30604
-5.3154
-6.99348
-14.4873
-0.836729
6.04104
3.42917
0.378645
-2.64612
17.0171
-6.71297
1.78329
-10.1211
8.90563
10.0893
1.59117
4.64285
0.619632
-0.44815
-0.607356
-4.28206
13.6838
-4.90781
6.13794
8.83725
-3.62816
-1.95646
-5.57878
4.30708
5.45832
0.109354
-2.49498
3.97953
-8.92318
-4.39168
-1.75452
5.14274
11.3401
13.6935
3.79407
-0.402139
-2.34138
7.69535
-4.71233
-0.38856
-6.34267
6.20253
-1.51067
-14.629
8.32646
-6.45251
6.83244
-1.04345
1.21559
14.549
1.5322
-0.235971
4.75569
-6.76005
8.5435
5.34322
-3.82286
5.21484
-5.95903
-1.38955
-3.51673
10.5351
-1.48561
-0.311083
-1.5325
-2.26399
-6.11431
4.00277
8.07569
3.36092
8.5812
5.1829
10.0376
2.89551
0.792082
7.62769
-2.86386
-4.71612
-1.34173
1.51718
2.77508
3.49485
0.608136
3.38369
-8.85408
-7.01061
-7.19389
5.65855
5.80794
0.645218
-6.24564
2.59538
5.17627
-9.73418
1.46781
5.81495
-0.400194
-0.287075
2.72663
-0.807437
14.3479
-3.84084
7.75462
-16.7965
5.0275
-1.46478
9.62973
12.4499
-2.52547
-1.48411
5.06858
-3.85216
-1.16493
3.9616
-8.88285
6.44317
4.01774
5.1561
-11.1166
-5.72908
5.01659
-3.67333
3.09171
-0.252811
-0.535984
-2.80455
7.18322
12.4908
-0.839051
20.6891
2.339
0.545202
4.85309
-3.94845
-0.0352149
5.05676
10.4961
2.8023
6.51936
9.73884
7.26975
-0.832123
9.68995
-1.04931
3.26947
2.99371
