-6.39649
5.9863
-2.29319
3.24596
-10.5043
2.33299
3.65793
8.91913
-9.40785
8.54721
0.527219
-3.88863
0.785854
1.23507
4.82386
7.16766
-4.92028
4.06965
-2.0222
-0.833704
20.0849
4.11283
-6.66861
-8.74329
2.30633
-1.80276
-3.93676
-10.4803
-6.81047
-6.52542
-0.023559
-9.82978
3.05512
3.41148
-9.02523
-7.11229
-5.72378
-11.2779
4.8878
11.1095
-1.16926
8.51728
-13.2561
-20.132
-8.04053
-4.82847
0.948846
7.49965
-1.77992
-13.8068
-6.00995
-2.0308
5.56273
15.5729
0.772368
-8.38344
10.3773
4.98234
1.09262
6.36085
4.2024
-5.71039
-2.63603
13.7828
-4.13596
-5.33431
-3.90402
1.26503
-6.18035
9.7228
1.53719
0.0555397
21.2917
-4.65988
2.44622
17.4423
-10.7352
-5.52863
4.2313
-6.70415
1.55499
5.92804
13.4489
2.74225
-4.57741
17.6905
3.16139
8.04269
-2.7548
-11.5197
5.7206
11.8681
-4.20571
4.22349
-0.953537
-10.5383
-3.04887
10.2916
-0.645722
-7.66605
