-0.771095
-0.739024
-0.735191
-0.699289
-0.810926
-0.853851
-0.87159
-0.827892
-0.802753
-0.640343
-0.695575
-0.785553
-0.774148
-0.809649
-0.700917
-0.605887
-0.609433
-0.671254
-0.633885
-0.750263
-0.707567
-0.704357
-0.705788
-0.655071
-0.460925
-0.438862
-0.439277
-0.525633
-0.567821
-0.653467
-0.48254
-0.544335
-0.536583
-0.625494
-0.594394
-0.606234
-0.630651
-0.557256
-0.596719
-0.625494
-0.506862
-0.544925
-0.57698
-0.529702
-0.452827
-0.498792
-0.500106
-0.48481
-0.376856
-0.296546
-0.346806
-0.292894
-0.22827
-0.293526
-0.33387
-0.366887
-0.441995
-0.491505
-0.403523
-0.481822
-0.437655
-0.381794
-0.357894
-0.41842
-0.317184
-0.178169
-0.0824216
-0.0241517
-0.0115346
0.106162
0.121409
0.129568
0.223731
0.113642
0.186142
0.227442
0.293205
0.300907
0.19534
0.235298
0.203812
0.306108
0.249897
0.243276
0.153345
0.238281
0.25204
0.129499
0.166718
0.136763
0.0690756
0.112392
0.174326
0.108807
0.0219381
0.0188442
0.0604555
0.100135
-4.58809e-05
0.0357709
0.0017447
0.0429821
0.0681242
0.0373688
0.0302949
0.0955177
0.114466
0.0141056
-0.00658091
-0.0327722
0.0315458
0.0667046
0.0169922
0.0021593
-0.00554129
-0.0600785
-0.0404721
0.0529532
0.0911706
-0.00330929
0.0308804
0.0282812
0.0736575
0.172474
0.193212
0.270459
0.260301
0.276247
0.179992
0.165665
0.220269
0.301245
0.189707
0.226635
0.0918777
-0.00186801
-0.0695631
-0.0448377
-0.134226
-0.206297
-0.0975517
-0.137575
-0.0396632
-0.0364014
0.0302149
-0.0185403
-0.0437191
0.0931907
0.011717
0.0456392
0.0135806
0.132308
0.145562
0.132368
0.0928233
0.00244715
0.0683559
-0.00166014
0.0585219
0.114718
-0.00721952
0.0279856
-0.0171651
-0.0309154
-0.0946937
-0.0502058
-0.0573288
-0.107589
-0.0407037
0.0193116
-0.0258565
0.0205653
-0.000418433
0.00202816
0.07358
0.0746734
0.0618361
0.083193
0.0582489
0.143694
0.139411
0.0727754
0.204131
0.142905
0.0500997
0.116744
0.13528
0.125351
0.178631
0.10745
-0.0397889
-0.0521362
-0.0473695
-0.0517128
-0.0554281
-0.0243892
-0.0431996
-0.0608929
-0.100556
-0.041863
-0.0705819
-0.0890895
-0.181811
-0.238961
-0.267015
-0.413717
-0.338041
-0.292694
-0.385489
-0.383766
-0.435918
-0.504604
-0.44646
-0.36637
-0.303485
-0.401025
-0.462807
-0.469077
-0.601625
-0.454245
-0.420183
-0.49436
-0.538087
-0.570295
-0.502412
-0.516452
-0.513831
-0.537669
-0.555153
-0.484488
-0.477003
-0.45295
-0.507135
-0.613697
-0.623325
-0.494408
-0.397042
-0.488415
-0.356788
-0.367917
-0.418361
-0.441988
-0.545948
-0.631679
-0.647273
-0.708336
-0.764641
-0.738635
-0.723892
-0.700142
-0.780421
-0.93933
-0.835371
-0.813498
-0.792309
-0.875261
-0.927516
-0.905746
-0.941656
-0.893724
-0.924551
-0.964209
-0.92491
-1.04051
-1.09994
-1.09893
-1.19808
-1.11804
-1.12204
-1.12623
-1.17632
-1.05503
-0.939736
-0.99402
-0.927182
-1.11005
-1.07881
-1.15535
-1.15997
-1.18128
-1.16462
-1.18928
-1.14436
-1.1877
-1.23834
-1.20708
-1.1216
-1.14136
-0.998395
-0.881607
-0.924555
-0.950807
-0.883471
-0.885749
-0.950525
-0.829212
-0.783304
-0.887551
-0.918717
-0.927029
-1.08109
-1.01046
-1.12109
-1.16693
-1.2171
-1.29104
-1.31347
-1.37373
-1.47684
-1.48528
-1.43108
-1.34667
-1.40805
-1.43822
-1.36762
-1.38814
-1.27162
-1.21884
-1.18704
-1.13298
-1.09843
-1.12559
-1.01174
-0.935779
-0.971782
-0.944063
-0.828102
-0.785106
-0.827978
-0.863672
-0.833128
-0.638104
-0.760835
-0.718708
-0.844167
-0.798627
-0.753418
-0.862727
-0.987884
-1.06406
-1.14002
-1.20765
-1.17604
-1.13889
-1.06997
-1.13649
-1.1152
-1.13943
-1.18274
-1.19256
-1.15292
-1.20608
-1.13824
-1.23334
-1.16727
-1.13281
-1.06014
-1.11063
-1.07374
-0.994166
-0.975377
-1.01566
-0.998283
-1.06649
-1.07551
-0.958764
-0.997425
-1.07708
-1.10954
-1.23331
-1.04409
-1.05557
-1.01068
-1.03554
-1.07687
-1.10431
-1.13586
-1.15206
-1.12544
-1.09469
-0.909257
-0.888539
-0.918117
-0.887748
-0.93181
-0.874231
-0.781884
-0.727563
-0.749316
-0.769899
-0.791489
-0.708684
-0.7546
-0.67944
-0.646522
-0.766462
-0.722296
-0.761945
-0.775371
-0.674054
-0.587943
-0.577403
-0.531666
-0.594339
-0.657368
-0.890199
-0.878428
-0.791032
-0.734777
-0.851024
-0.84774
-0.978818
-1.01908
-1.02725
-0.988193
-0.901224
-0.849904
-0.772413
-0.710038
-0.73477
