-5.55834
-0.087292
0.625337
1.89701
3.48999
-0.23456
-1.12571
3.5701
1.57715
-2.02809
4.83657
-2.79228
-0.609271
-8.22065
0.745613
-3.45911
-3.15405
0.0127637
-5.06815
0.249579
2.19825
-2.30891
-2.60713
4.26722
-5.8769
3.86008
5.36849
-8.56775
-2.26381
-3.51827
1.58271
6.95957
0.193434
1.25406
-1.23945
-5.97751
4.24519
7.11825
-3.77498
2.07874
4.0828
0.992164
7.08322
3.86045
3.35636
-0.135581
2.06248
-3.08066
-3.3813
10.7553
0.705224
-0.0507597
6.66931
-3.33291
-2.7434
7.73481
-0.915798
5.23663
7.33241
0.232045
4.18183
-0.969613
-7.20485
1.38744
-5.00226
1.61613
4.13824
-0.787466
4.0455
-0.307383
-2.10952
1.17056
2.62513
-0.312033
-7.57243
0.882023
-3.43914
0.0815011
-4.83752
1.85174
4.09723
3.07365
5.18962
-0.190156
4.48257
0.0481417
2.20925
1.28129
-1.44971
0.235595
2.46065
-0.0789592
-4.17322
1.95061
1.3889
0.539654
2.3671
-4.80093
5.78477
-2.02512
5.23649
3.78942
-0.299171
-3.77714
4.60292
3.30216
-1.14416
0.579727
4.73725
8.51481
-1.5174
-5.45508
2.1754
8.16058
7.85515
3.64282
-8.74539
4.09444
6.11058
-3.46225
4.28219
-0.997549
2.3369
-2.49323
3.10486
2.87858
1.62419
3.53673
8.22633
5.4216
2.63765
0.0611111
2.32464
3.13332
3.25389
-1.04637
6.94394
8.65078
-8.16063
-0.0444762
1.21393
-5.21733
-1.89461
0.183799
5.24876
1.22946
4.30546
4.12854
1.24463
2.3663
6.32101
3.5321
4.70481
1.77241
1.74098
4.36076
-7.06328
1.26317
-1.75474
-3.68602
-4.08144
-5.64187
-5.69731
9.79442
3.08231
-0.0907502
4.99595
1.53631
-2.86611
-0.932565
-1.66487
-1.98814
2.5724
-5.46498
-0.250207
-6.3242
6.3886
0.025008
10.1215
-0.120147
5.18989
-7.49827
1.72662
-1.17692
8.65351
1.97586
3.4367
-2.33536
-2.31237
11.3952
3.31593
8.14514
-8.61828
-0.964398
3.97719
-3.48555
-6.09124
-1.72116
-1.96033
-1.0143
7.53279
-2.19746
-5.52106
-5.87067
3.12264
-1.61065
4.0009
1.31832
1.81348
-0.307453
3.98814
6.03551
-2.1171
4.70037
-1.20518
3.78302
0.808524
-6.22046
1.06256
-1.685
-1.40672
-5.09926
-6.23446
5.50103
-3.75393
-1.27071
4.18599
0.846935
2.44298
1.95402
-0.272235
-4.62955
-0.790249
-0.141823
4.52531
-2.11532
-7.57961
-7.89881
2.79041
5.35123
4.83736
-0.364268
0.151936
-1.44356
-0.568933
-4.24369
5.68037
1.49522
1.52637
2.07954
-0.140004
-5.26237
-0.540333
5.74632
2.60171
1.07958
8.13304
-1.49383
6.46607
6.48368
2.35715
-3.25307
-0.526009
-0.1545
1.4793
4.65887
-1.55932
-5.4357
3.34939
11.8815
2.38201
-9.59271
1.37979
-2.16978
-0.346682
3.54364
1.9622
0.66913
0.664813
1.68352
4.78793
11.5445
-6.14445
4.64708
-2.57095
2.96857
-4.85758
3.32837
6.37242
-1.40662
0.298352
3.60583
-4.88587
8.71707
2.53837
-2.24706
-2.32026
-0.377507
-3.73364
-6.36528
-8.35185
2.20658
-7.30008
-1.74315
-3.33043
4.56877
-0.526161
4.68528
-2.73892
2.21964
-5.91378
4.38142
0.0858473
-3.22452
-1.79035
-2.21029
-1.46845
0.0538943
-0.595938
-2.57939
0.923593
3.62881
3.16795
-1.7997
-4.15848
0.446734
2.05424
2.07671
-0.419134
-9.40407
-3.62509
2.21818
5.43093
3.64994
0.138634
-2.82725
3.26844
2.31949
0.899036
-3.8648
6.73445
1.22188
3.29918
-6.03815
0.914594
1.91886
-5.88155
0.79462
-1.45311
2.0699
-7.48946
-1.19597
6.58621
1.57416
1.48609
-2.57503
-3.35803
0.884878
4.82001
-1.42136
-3.14576
1.72816
-2.01265
-2.49834
-2.56652
8.66526
1.17379
-3.47026
-4.42528
1.26055
-1.37794
3.56411
1.17408
0.875748
-1.27506
0.161957
0.0278376
2.98625
0.52865
-0.75253
5.69135
-0.175481
0.996334
-5.92702
4.48791
0.504909
3.27756
3.95238
-2.59907
0.732197
-0.245041
-1.33612
-0.247709
3.34956
4.32437
-4.59834
-5.3137
0.725113
-2.36193
6.19861
1.51371
-3.90033
-2.56933
1.98088
5.51748
2.88173
2.49702
-6.17452
1.63277
-3.18701
2.5579
1.2943
-7.53522
-0.649903
0.678596
0.467178
-1.34963
3.00415
0.431807
0.491869
0.102339
4.63514
0.74452
4.92683
2.41197
-5.45872
2.62608
-2.41826
-0.557341
-3.99949
1.41328
-1.87337
5.96956
-0.196458
-1.96702
-0.921496
3.54423
1.24742
-1.93627
-1.1586
3.22278
0.192784
4.25122
-2.09454
2.58842
-5.19911
7.27561
5.3479
-4.89411
1.02623
6.18135
-7.41328
7.05357
-2.1783
0.85825
-2.01631
5.33302
4.43759
-6.4798
-0.36749
-5.60957
-1.0642
-1.01402
-4.34469
-3.53265
5.30921
-3.07513
-5.07124
-0.729908
2.08197
-0.307528
5.14205
0.190986
-4.61828
2.03344
-0.113319
-0.38761
-2.11139
6.60854
-3.62913
-1.84083
-1.00726
8.57677
-6.10791
5.40744
-5.30908
-1.87082
-4.66706
-1.06978
-2.29153
-3.57501
1.08392
2.04071
5.14159
-5.9575
-8.45122
2.40724
-7.58064
8.42615
-3.77798
-4.81163
0.119835
-2.49538
-0.595809
-0.33281
-0.271376
7.07964
-0.347865
0.518629
6.07997
0.59807
-2.63444
2.2853
2.667
0.748036
3.34638
-7.2736
-2.37675
0.0178899
4.12283
-0.750823
4.36366
1.20515
0.471193
0.642356
-5.4913
6.75942
3.92284
5.44755
4.50959
1.31885
3.03176
3.88493
-6.59987
-0.0762322
-2.19657
-2.40083
4.60129
0.690813
2.68825
1.07743
2.9067
6.38224
1.07498
-8.47925
2.45732
1.93526
8.54227
-0.542828
3.74102
3.90677
2.27469
-5.91096
-2.13586
-5.99421
-2.36667
1.08964
0.965681
-2.48383
-4.6169
4.26975
-4.44415
5.52304
-1.6804
-1.02507
-3.6627
1.3065
5.06088
-0.145275
-0.789696
1.27864
0.869823
4.498
-2.75512
-1.15167
4.73253
4.76994
-4.28064
4.91631
7.22853
8.03339
3.95642
7.80841
-2.70979
7.96979
3.07627
-5.86518
4.17576
4.69241
3.73048
3.00271
2.43453
-5.89567
6.72636
0.0195454
-3.28118
3.54571
-3.26835
4.71453
4.2558
6.95099
-2.35986
3.84027
1.74073
4.38969
-0.543263
-4.01785
6.1358
-2.15329
-1.36143
2.35659
-6.70229
1.95568
-3.65563
1.13355
-0.67087
-0.621371
-2.87216
6.41676
-6.02269
-2.39305
-7.49372
-11.4159
-2.12017
-7.85543
3.4371
1.78667
1.61243
-5.25558
-1.85379
-0.254712
-1.37734
1.61335
2.16556
4.07697
8.71337
6.10028
-4.54857
4.48187
-8.06337
-8.79318
1.07369
2.93925
2.53497
-0.866161
-9.72373
-1.00674
-1.14182
-2.18805
0.325067
-5.97016
3.98166
-0.648985
0.485635
4.03858
-3.63584
-2.04869
-3.61215
3.43931
0.611795
-4.28342
5.83556
6.05404
7.93173
3.98449
2.39486
5.36097
-7.08719
-3.47202
2.54079
1.4091
-2.75603
2.99571
2.0128
-0.795123
7.66423
4.70171
-1.48706
-9.90915
6.64401
0.598362
1.98945
5.16016
0.746452
6.53649
-0.541685
4.18462
-2.67037
-0.329768
4.19403
-0.244979
1.19903
5.09971
-2.14457
0.012023
-0.613214
-7.74351
-3.69427
-0.837559
-5.90016
-6.63749
0.118125
2.58159
0.934768
-5.15476
-1.79437
-2.15886
-10.3777
-1.47974
1.29835
3.87373
1.751
-0.401801
-5.88971
-1.97963
6.37334
-1.89918
-5.33918
-0.552574
-0.311249
-1.59763
-3.04054
-0.202772
-5.2544
-2.56218
3.50278
-2.41115
4.17425
-0.619081
-10.2272
-6.39432
-5.26088
4.33444
-4.95125
3.03555
6.88351
3.81622
-6.729
-9.18574
3.20937
-2.06058
-2.31875
-2.73962
-3.88259
3.4237
-4.55208
2.38349
1.59068
-2.61122
-1.64874
5.94657
-2.55741
1.74855
-3.18691
6.71745
0.1116
-0.834836
4.989
0.504599
7.21707
4.50229
6.98022
-5.35237
-5.425
-0.895772
1.28122
0.0440162
1.93957
-0.6863
5.15151
-3.58162
1.72878
7.41492
7.48998
-2.39915
6.64714
2.11678
-4.21755
5.28237
5.31245
2.0543
4.00061
2.95518
3.68906
-2.64621
3.91745
-0.472063
2.21297
1.21018
2.66885
1.04966
-3.68712
-1.00115
1.461
-8.20833
-4.92333
4.17244
-7.02549
-1.26954
4.91215
-3.8183
1.77886
-4.6777
-1.52344
-2.08613
1.09169
7.27079
-2.983
0.757935
5.36562
-1.73227
-0.375612
8.5465
-0.300494
-4.88827
2.20729
6.07762
2.18597
-2.7008
4.71597
-1.62494
5.12945
0.0815024
-0.496533
-0.0961688
-0.0338622
-2.78854
1.54138
8.29639
-6.82495
2.29494
-0.738987
3.89666
-3.87221
0.547995
-2.64184
-2.86787
4.157
3.24911
-9.03163
-3.93127
1.35486
-2.6658
3.53048
3.54412
-2.61076
2.76476
4.19546
1.75885
4.28455
2.32233
-1.95869
-4.15252
1.69627
3.53791
1.31664
-4.87183
-0.514785
1.86876
-2.91218
-1.09636
-0.944316
-1.0181
1.82101
0.851015
0.230263
-0.294283
-4.19015
-5.12828
1.78666
-5.25526
3.16519
0.854448
-1.96627
0.634088
-10.3169
3.36682
-0.480549
4.98164
-2.17893
-7.80699
-1.62031
-0.488679
2.79454
-3.03285
-6.16618
6.93348
-0.773092
3.09093
7.30228
1.01248
6.67155
4.89995
-6.73619
0.874176
2.43965
3.05165
6.49281
-3.19002
-3.13853
3.94115
6.34646
2.19901
0.474654
-4.23435
1.58863
1.88218
1.72998
1.68033
1.67216
-7.33369
-2.64822
-0.386356
-0.78746
2.22241
7.09757
3.45114
-2.29333
-0.365209
-2.6292
-0.485903
-0.294542
7.99847
9.15664
4.93256
1.33175
-0.662978
3.71621
0.678127
6.23047
1.33043
2.30942
0.141853
4.82028
5.19351
-0.00556665
-0.610229
0.639699
-1.59563
6.1677
1.4028
2.29223
1.65543
1.57596
-0.937765
2.73632
-1.72865
-0.598805
0.506237
1.6138
1.84452
-7.94579
0.22316
-1.9124
2.75798
-4.59822
-1.84832
-0.32122
0.87937
5.44828
-5.36125
4.4559
-3.36431
-2.08053
6.12863
-7.16049
-7.32252
-0.196468
0.076452
-1.1663
-1.19166
9.05564
-4.69067
-5.8523
-2.34475
-1.04549
-4.96006
-12.5747
-1.55942
-3.19313
2.38106
5.27086
-1.11678
6.68648
0.257702
-9.3655
-2.37978
7.77688
2.29081
-0.241383
1.16621
-2.57284
-2.68227
4.66379
-0.100828
5.0186
-4.98095
-2.14376
5.51376
2.67918
5.08105
2.53103
2.22397
3.73915
-3.73727
-1.54275
2.89592
1.03256
2.56497
2.53698
4.46758
-0.218252
2.47132
1.82956
11.1821
-0.139273
6.40267
2.24606
0.130896
-1.67854
1.97102
5.67011
1.88909
-9.63884
-1.15725
-4.829
-5.47774
-2.72075
0.957781
1.78842
0.233745
6.41293
0.917307
11.1433
0.965654
-3.38407
0.149943
3.19647
0.951724
0.967428
1.87786
-2.65013
3.88477
5.48661
-4.75436
4.22434
11.9055
0.758284
4.89201
3.78506
4.60469
-4.85091
1.85541
0.757119
2.15815
-3.63248
2.11207
-4.66441
-2.17836
3.0733
-4.66884
11.0569
0.592795
2.47799
9.88097
2.24066
4.63231
7.14034
-0.538807
-1.06702
-2.56262
-0.640598
2.61033
5.7619
7.69614
-5.16328
-4.79542
-0.911487
-1.4387
0.047687
-10.9228
-9.95979
3.97737
1.15973
-8.48224
-3.06736
1.27398
-2.00212
-2.6895
0.762539
1.58317
-3.17421
6.3324
9.06019
3.63135
4.02377
-0.820741
-7.10774
-1.21694
-4.32861
0.660238
-10.376
-4.43833
-2.81868
-7.17122
2.33316
-0.365493
-11.2369
7.57028
-9.58712
-0.192516
-1.85611
-0.820191
-3.23826
10.1505
-0.0822187
-0.871992
6.45414
-2.12593
-1.92247
-0.428634
0.0186925
3.18477
-5.40404
-0.0727688
-2.47409
0.978348
4.41675
6.47594
5.18366
0.298242
3.53837
-6.76342
0.307328
-0.410169
5.75262
-3.51503
-1.28292
2.39214
3.90431
6.35936
-2.96029
3.6139
-3.13169
2.00663
-1.23543
2.93483
-0.508989
4.80835
-0.956837
0.948045
-2.55393
2.18798
0.144704
6.01599
-0.756921
2.35479
5.3778
-3.01732
-1.31032
3.80083
1.11028
-5.94497
-13.7462
3.06969
-2.48427
-0.816337
3.45354
-1.95796
5.3538
0.900077
-2.07887
1.58625
1.32516
4.41329
0.280444
-2.59139
2.33004
0.852862
-4.00344
-1.41397
-0.606311
2.59498
-3.27288
1.14441
0.9561
-1.09926
-2.03116
-5.8701
2.46179
-3.20133
-1.63842
2.5974
-4.59897
-3.49186
-12.5054
-3.04875
8.05258
2.92487
-5.77177
5.01158
-1.04574
-3.13014
-3.21321
0.162345
-2.17468
-0.917768
-4.51292
1.19609
2.05804
-3.94297
6.72227
0.815515
-5.50679
-4.00803
6.45958
4.13817
-11.1593
4.00715
4.43481
9.39687
5.4543
6.40923
1.44746
-0.198861
3.76785
0.209631
8.95899
-2.7751
-0.940229
-1.847
1.57262
4.48838
2.83094
-1.549
0.698507
7.13198
5.96832
-4.0339
7.88661
0.173969
3.81724
-6.07327
-4.91807
2.70255
5.41229
-0.14798
0.63075
4.4148
-2.06252
0.695451
-6.45891
-1.34357
-8.54021
0.675599
-2.05349
2.25083
2.82187
0.933272
7.61505
4.40034
-0.47703
6.31219
-3.10216
-4.38945
1.37888
3.08475
-4.95639
4.82856
1.25397
1.02784
5.6173
4.96569
-10.4348
4.90019
1.91399
1.82286
-0.129007
2.28671
-0.363055
-2.57038
-1.83671
-6.56614
0.312417
3.84973
-1.44132
0.0998296
-3.13819
0.752745
6.47995
-0.59451
-7.59934
8.35487
-3.72956
2.39885
-4.21364
4.53021
2.89698
-10.1269
3.67184
-1.62276
0.882023
1.80894
-1.05119
-2.9747
0.389246
-11.254
4.19955
6.05939
5.11377
0.430759
-3.52645
-2.56274
5.2703
2.0596
1.04257
-4.95503
-7.29463
-3.19672
1.41143
4.28619
-0.658081
-2.65578
-5.04871
-4.11679
-7.01456
-8.32323
1.30201
1.87312
-3.78156
-0.458766
5.65928
3.97652
-1.89991
1.02535
-3.83892
1.30606
-0.369175
2.90086
-0.943996
-2.51171
-6.27439
-0.693359
2.74726
1.24872
-3.61025
5.31866
-0.0495501
0.575749
-4.75895
4.58811
-1.10376
2.59465
6.19048
-0.9384
4.22542
0.067785
0.656216
-12.8368
-5.97177
0.294234
-4.68197
0.62152
0.452536
3.42062
0.894463
3.27485
-9.33464
0.295339
-10.647
2.39197
0.26195
-2.53206
0.592728
3.86975
0.61282
-1.01475
-8.18938
4.0097
-3.54146
-2.87076
-1.10828
1.16305
0.484185
-3.45505
-1.64106
3.60949
-3.52736
-3.46855
-2.61492
3.12282
-1.17537
2.52456
1.55144
-1.77565
4.75706
2.67872
2.7496
-15.9584
4.0687
-1.10253
1.82899
2.54387
8.34134
0.948192
-7.19138
2.13813
-1.97886
-0.371313
0.588308
-0.889163
3.407
-2.45941
-4.18801
1.38529
3.17323
1.96504
5.47978
6.08388
-1.81658
5.66764
11.7417
2.76015
-3.46076
3.54076
5.30237
2.70111
4.4771
2.78294
1.54132
2.74163
0.569876
1.32206
7.45902
3.81376
-0.74328
3.03616
9.06405
-3.22069
4.34294
3.02804
-0.81248
0.682476
5.22134
-2.03086
-3.46425
6.59419
-1.97206
-0.274426
-2.63511
0.463582
4.91425
3.34628
-2.56051
5.24914
0.493631
1.94523
-1.88809
6.97388
-8.32864
-2.82621
7.23114
0.960131
-0.0552153
-1.06348
-2.54393
0.925874
0.0840436
-4.08115
-0.686691
1.29826
2.35543
0.722271
4.37084
2.65815
-0.118
3.97879
2.80279
7.72512
1.76255
5.05935
1.46668
2.01777
-5.34395
-1.5024
2.4711
0.507135
4.10899
-1.95276
2.96802
4.96149
-4.30444
-1.1967
1.44473
1.07244
6.20146
-5.60748
-0.469902
-2.22966
-7.11789
3.48198
-0.88352
-2.84451
-1.11668
6.11989
2.322
-2.46567
0.473526
-2.9751
4.17318
0.799174
4.32669
4.62814
7.52833
5.86458
-6.91226
-0.421772
-1.26084
-10.8088
0.214859
-2.29772
-1.24002
1.46495
-2.2515
-4.07644
-0.766619
0.632781
-3.03423
2.61458
2.54754
0.35197
0.846859
-0.948442
-1.20563
0.935039
1.10567
3.77173
2.67412
1.70312
6.02459
-1.72803
-1.42072
4.6676
-1.80105
-1.6682
2.48248
-7.62187
-1.79373
-0.0981224
4.58199
0.999417
7.02141
-0.374921
2.0898
-1.83558
-0.481925
-1.85528
8.84372
7.57938
6.02588
1.9722
3.868
-5.60087
1.87216
1.7788
3.76494
-1.25335
6.55091
1.76885
2.05789
0.338028
2.34022
0.554248
-1.17151
-0.617101
1.39883
-1.30183
5.17508
1.50714
5.5288
4.27281
7.92862
5.73828
6.70074
-3.35825
9.198
1.70024
-2.61863
8.3465
0.413606
5.49004
3.45601
-2.788
8.5979
-0.883943
2.55892
-0.744622
0.470634
3.55477
0.204437
-3.10072
-0.621931
-1.83684
-7.37877
10.0007
0.381798
4.68001
3.87311
-1.43128
0.751391
-3.75741
-0.294669
0.382035
-5.45228
-0.480943
-1.1299
3.67148
-11.038
-2.8247
0.669842
8.14121
-2.85399
-0.360236
-0.811549
1.48711
1.95738
2.79122
5.12402
-2.13101
-3.67187
7.12071
4.39441
1.52207
-1.19825
-5.98798
6.96787
-7.55583
1.13579
0.413732
2.50859
6.26176
1.42749
-1.17144
1.78611
-4.60986
6.77373
-0.855041
1.22969
3.50034
0.42657
-3.0638
-7.16102
-2.87333
-1.1712
1.26782
-3.75409
-5.34114
-3.14787
2.46139
-2.85923
9.6982
0.438302
3.78816
-3.43758
-3.27378
3.69133
-2.06959
1.33525
8.36559
6.67904
0.401935
3.10456
2.7739
-0.204495
4.77217
-2.53345
3.06875
1.22746
-6.67356
-2.66557
-9.75239
2.22248
-0.265633
6.51164
4.84394
3.34276
1.51535
6.73264
5.02564
-2.13923
2.82046
6.40083
-3.83366
-1.84595
3.95137
0.788831
1.21656
-1.50997
-0.737644
-0.641728
-6.94749
-7.72743
7.86805
-1.86104
6.60861
2.0156
4.67231
9.51068
2.69109
-1.72771
4.01305
5.2144
6.58771
4.24816
5.12503
4.22824
5.30147
3.40972
-8.36467
7.1404
0.639001
-8.79652
4.56791
6.41242
-2.23446
1.01422
-0.871606
4.46783
-0.0787851
0.606031
1.06206
-0.41773
5.22905
2.61583
-2.92532
1.37685
-9.60515
-2.13223
4.49766
-1.55646
-1.21761
-7.42321
-3.81897
-0.635276
1.92819
2.93793
1.61867
-3.83088
-5.62251
3.26081
-1.59722
-0.516661
-5.9435
-0.491734
5.19324
0.496054
4.1289
8.06033
2.22161
6.90672
-0.892683
2.24784
4.40062
-1.94207
-1.34303
-1.12552
4.29819
4.97016
-2.70485
-2.10713
-1.49901
3.56146
3.76556
1.43648
-0.570567
5.15146
-3.34163
3.46467
-2.68146
9.78333
1.94763
-1.11262
3.89119
0.793401
4.21018
-2.49016
-2.27585
0.525668
0.876545
1.65956
-3.51177
-3.31201
-0.403696
4.18704
3.25053
-1.92466
5.77601
4.01147
-5.01315
-0.118873
0.163412
9.25147
-3.34928
-2.66749
3.8636
6.16851
-4.20069
-0.482922
3.9171
-1.04977
2.48119
8.78913
1.85448
-4.99018
-1.31973
2.58387
8.46201
-5.88846
2.6332
1.28067
3.55857
0.241678
-0.608021
3.61441
7.22294
-0.519427
6.56104
-0.0518512
0.153195
-1.2957
0.587988
2.65452
-0.329703
4.79082
-8.26841
-0.689536
0.0641146
-4.76348
8.42839
1.81125
3.13264
-1.42911
-0.89686
4.03966
-0.125231
2.13985
-3.44834
3.12028
-6.29422
8.19152
1.13517
-1.31702
-3.06326
4.10598
-2.28696
1.04616
-0.923705
-0.760009
0.978667
0.54365
-3.88207
2.82078
1.08143
1.07745
-3.42115
-1.51711
-0.126491
0.712019
5.13655
7.06629
-0.750427
-2.57731
5.73607
4.8934
3.73616
0.933786
0.27761
-1.05936
7.53901
2.71275
6.48865
-5.35545
-1.05567
-5.56261
-0.0154076
1.8694
1.97165
4.31059
6.44725
5.32426
2.19068
4.60716
0.229936
6.1865
4.62144
1.14757
0.759631
3.27874
-7.45884
1.6715
1.53112
3.89011
0.259506
-2.01404
-0.674662
-1.29434
-0.206196
0.176514
2.00732
-4.73767
-4.57784
-4.89769
6.42943
-0.056311
-2.15243
0.945084
-1.18142
2.23939
1.49453
2.93562
2.68661
2.85937
5.11166
-1.1047
-0.612578
-10.1426
1.53874
-4.95339
4.66025
6.21108
-2.85907
-1.43427
-5.62654
6.69699
3.63952
-0.791804
-0.962591
1.19838
1.13436
-1.54705
-0.492701
-2.5269
5.81692
-2.05427
-2.57527
-2.5366
0.237215
7.24438
-1.45822
0.422829
4.25772
-1.28962
-3.8086
-1.15111
7.17157
-1.69108
2.0467
-7.74141
1.32745
0.80709
-4.25164
0.154022
-2.97848
4.48295
-5.32582
1.52238
2.29588
2.93562
0.815543
-8.0846
-0.463229
-2.28279
0.585332
-0.153914
0.845822
-9.25217
2.19178
-3.69027
1.43116
2.38692
-3.18464
0.662758
-2.14719
-6.74144
-2.31548
4.65282
-11.8178
-9.25201
-2.98303
-4.66453
-5.90653
0.613946
1.31782
1.4734
3.22804
6.36212
-0.60753
4.21412
-0.109413
-1.30324
0.647959
3.70617
-0.81906
-0.541853
2.54981
-0.788218
-8.41313
-3.18531
8.0474
2.72453
4.00077
-8.59954
-3.27399
3.90318
2.71781
-4.75073
-0.0721826
-0.466241
-2.10041
-5.84444
3.96356
-4.90796
-3.5159
5.22538
5.50638
0.924928
0.978974
4.64424
-0.293745
5.29931
0.336591
7.77356
1.7202
4.50728
-3.15702
4.98659
-2.60483
3.31347
5.01051
-0.881805
-5.79318
-4.75787
-2.04624
-0.97276
-5.43859
-1.39839
0.892358
-2.30218
-0.841104
-0.716607
-5.93858
2.53098
-1.13657
1.56463
-4.67774
4.08753
-10.6314
-0.734468
3.13546
-6.14872
-4.3575
0.877474
3.5063
1.14378
2.0438
0.277162
-4.82382
-3.94847
-11.5838
5.00559
1.87493
0.752854
-11.0607
3.11289
2.14265
-6.63907
-0.623184
0.998847
-5.08055
2.72893
3.24846
-1.76794
-3.90121
-0.710441
-0.901663
-2.22205
-1.85188
-5.64244
4.75822
6.26488
-1.77328
7.86796
0.151494
9.75054
0.529381
8.15052
5.40076
7.01915
-1.91147
2.8992
4.23319
-2.62556
2.59844
11.1537
-4.36119
0.172821
6.53066
-2.27831
-0.170652
-0.612814
3.13234
5.83693
-0.856031
5.89667
5.74131
-1.05634
2.88452
-1.87877
-1.2255
0.68099
-0.127153
-3.08329
5.6938
1.41898
-1.99337
6.20991
2.02899
3.69788
-2.19703
-1.44837
4.8898
3.76422
5.5726
2.43214
6.64708
5.38603
-4.4376
-0.365973
5.63682
-2.40449
5.34911
-1.05672
9.87672
0.11563
2.9707
-1.79228
-2.83519
-3.11139
-1.82218
2.20549
6.95318
5.29279
-7.05837
8.05721
-0.235148
-6.4617
5.6162
5.07966
1.58577
0.592042
6.68948
7.12837
6.63793
8.30935
-0.647398
0.507668
1.32487
1.47094
-6.94014
0.289322
-1.7367
-0.248807
3.77764
2.0809
-3.04384
-1.87657
-1.14547
5.31364
5.2725
-3.59236
3.45323
-0.788588
-2.75839
3.70967
2.90405
-0.68107
2.11397
5.62394
-3.72994
-2.678
-2.57084
1.13859
0.395591
-5.48017
-17.6587
4.19324
1.49643
5.40627
0.287686
0.0314498
-3.03036
2.24018
-6.90477
2.0458
2.64225
-0.453016
-4.40048
-1.79915
6.39092
2.64972
0.405834
4.62619
7.04735
5.73339
1.425
1.44349
-4.32723
5.18597
4.46133
-5.03858
2.10629
0.834789
-2.32188
4.49607
1.66763
-1.18175
7.78322
12.9709
4.83799
-1.40403
-2.07135
-0.856427
-2.93783
-1.54243
3.38664
-2.01139
0.562916
0.79995
-0.915646
4.09074
1.42735
-2.43291
-5.02102
2.80497
-1.21927
-1.6113
0.0834432
2.72315
-4.06104
-13.5839
-4.4694
-4.5814
1.09051
3.75629
-0.291858
2.91689
-7.35585
2.07151
5.2571
-1.15168
2.27488
-5.21697
-0.579881
-7.08378
1.00518
0.364513
2.1907
1.58166
4.35543
-2.24513
-1.53487
-4.90497
1.49301
3.00481
5.81636
5.60433
-1.99703
0.0100237
3.40693
3.72198
6.54865
3.06607
2.04133
-2.32021
-1.14976
0.152872
4.57765
4.85487
1.54938
2.72659
11.0697
2.67246
-0.705785
6.36177
-7.16158
0.397145
-0.684785
-2.93417
-1.72693
1.05741
-6.31488
-2.41535
0.748602
-2.17928
0.347036
1.5612
-5.83364
6.63579
-1.66486
-0.716727
3.27992
0.371599
2.53432
-0.19947
5.8657
5.05699
0.505256
2.81929
6.66349
6.77135
-1.30282
4.18627
0.0969727
-3.89298
-4.21263
-0.248006
1.86826
-6.66762
8.84704
-0.511547
-0.247612
0.592536
7.2678
-0.0160998
2.86258
5.50213
-2.46983
-5.0701
4.20725
-3.73664
-1.39891
-5.09742
1.61069
-2.51097
1.69825
1.14092
6.08395
-3.55159
7.93133
-5.07924
-4.23303
6.66072
-4.68099
-2.4693
1.95759
-1.96825
-2.69957
7.30719
5.38203
5.96387
-1.36177
-0.142503
1.73157
2.36259
1.04161
-4.65555
-0.707826
4.4389
-4.56133
7.5559
-2.71385
-0.104661
8.14827
4.61504
6.09051
1.05735
0.195443
5.27253
-0.683172
-0.713589
3.10989
0.14121
5.73298
-0.22542
-8.98227
6.54128
-1.86017
-11.7909
-3.84299
-3.72178
6.53495
-2.68702
-0.401345
-1.67435
2.55892
6.94828
6.39608
1.69866
-5.31425
0.583653
1.87403
7.49916
-2.03674
5.05321
3.68509
11.5932
-0.286245
-1.06249
6.19815
2.6281
3.10785
-4.0282
3.14298
1.00443
-0.376087
3.26674
-10.2218
2.7059
-0.174646
-4.7205
-4.32303
-1.06926
-1.99838
2.89003
6.40249
-3.44896
-2.197
5.62142
4.53964
6.07226
3.10546
0.0375752
2.96381
1.75353
-0.657226
-0.122525
-4.27633
6.68497
-1.42634
-6.68
-4.58471
-3.77836
8.73596
3.43816
0.571525
-2.2129
2.91248
6.78563
-5.02615
1.63558
-0.94949
-10.7496
3.70478
6.76653
4.60028
4.34619
-9.0113
-3.24973
-1.62445
-1.19208
-7.00583
0.0466146
-2.62634
0.0521308
-5.02154
-11.0685
-0.178408
-9.30554
-3.15941
-1.40892
2.14493
1.84832
5.35117
1.83498
2.59111
8.38816
3.05956
-4.60847
-3.02324
-0.968147
4.9363
1.24782
0.903328
-2.39392
4.93425
3.96716
-1.63255
-8.37874
-1.21324
8.13358
3.66804
0.117251
1.97632
7.11188
-6.09481
3.56615
6.41682
5.43054
-7.11529
-2.06365
0.147398
5.09972
-0.84709
9.89955
1.75844
6.7737
3.87642
3.27136
0.00134023
-2.51664
0.266322
-2.84181
-1.24668
-0.833189
9.12438
-1.14862
2.54866
-0.0957902
-2.45332
1.10186
-0.680722
1.38036
3.57819
2.81632
5.96931
-0.0464937
-2.01087
3.23087
3.66219
4.01984
5.41297
3.52339
4.78213
-1.28889
4.29298
5.70943
-0.556524
2.12858
0.278535
-4.74318
6.3104
1.89878
3.02242
1.78995
-10.9153
-0.233622
2.7463
2.47338
1.6743
2.79317
5.72967
2.19074
-0.509447
-2.92932
3.64271
1.06785
1.25131
5.47938
1.08477
-0.277703
4.09021
-1.29229
4.03829
4.91795
3.49835
9.75048
0.847128
-3.95064
-1.46369
2.46494
0.559196
4.72509
5.78734
4.06474
4.57387
-2.01259
2.90934
5.45372
6.32251
-1.49627
2.90321
4.976
0.889021
-0.95144
4.34334
-5.75224
1.95808
2.01864
5.32008
4.54199
4.07167
-0.911872
-1.72318
2.65993
-1.05857
1.69011
3.88915
0.182853
3.71284
8.90737
7.34739
4.67995
1.40745
2.20293
1.76271
-6.07063
1.31447
8.00112
7.26528
0.0111786
5.23598
-0.356894
1.93197
5.82034
3.87233
4.74784
0.510218
-0.474012
-2.50312
1.24547
-0.834311
4.91014
1.2991
1.39237
0.218579
1.34137
0.971713
-3.17563
1.79981
-3.04909
4.68982
6.03606
5.0209
-3.64773
-3.39444
-5.15787
-4.70477
0.284718
-3.26192
-5.16958
1.47859
6.45237
5.48254
-0.608813
-0.816108
-0.847729
0.591403
-1.29917
3.61274
-0.00729719
-4.38825
1.58358
-1.15416
-0.550188
4.36102
0.982601
2.42529
-5.02222
-0.589402
-0.208113
-2.46526
-4.98265
4.20785
9.54569
7.39263
3.6877
2.43853
6.27947
-7.68032
0.237414
2.56023
7.97519
-1.99019
0.0759288
2.82414
-3.69366
0.313242
-1.90596
-3.16955
4.9247
5.14584
4.34581
-1.25742
-4.93296
-5.72487
4.14193
8.30694
-0.397106
-3.26227
-0.477701
4.40269
1.20756
-3.92901
-6.56138
-1.3656
3.39884
0.0182853
-4.8671
0.338592
1.47688
1.04034
2.447
0.61971
1.94012
4.0628
9.17436
5.08421
10.0198
-0.857998
6.54845
0.749112
1.14662
-3.54141
-0.578352
-4.86101
3.60492
5.2673
3.92084
2.25469
-2.11081
-3.81228
3.40045
-1.61575
-9.82577
4.71792
6.9619
3.27768
0.424239
-5.13915
4.4756
2.33535
1.62875
-1.40829
4.14415
4.26763
-2.76674
-5.48462
-0.504709
0.635938
0.294108
-1.13711
2.73151
8.96054
3.50274
1.63218
-2.47261
-5.95493
8.11651
-2.39199
1.77479
-6.36346
0.607047
8.64268
3.5538
5.61366
-2.03968
1.68549
-2.73507
2.73569
0.770918
-5.00081
2.11697
0.77649
2.19446
7.22407
6.2905
1.83063
4.57536
1.95579
-1.92869
-7.72338
-4.20693
4.11765
-1.68589
5.43334
5.01268
3.36446
4.51439
3.66257
3.14698
0.992875
1.07118
0.864623
2.05023
-1.13477
-4.5167
3.10641
7.66771
1.88888
-3.58927
1.83861
7.15201
7.06595
6.90876
11.319
2.62438
0.884332
4.70827
-0.396433
-5.04713
0.928433
0.578628
1.74461
-7.33893
3.16966
1.8372
3.09616
-1.55345
0.434519
0.47665
0.101043
5.32226
-11.2734
-1.6628
6.03436
2.55763
0.0527952
3.06076
-0.0453215
1.44675
5.05026
5.0179
-3.51418
-0.797444
-1.18285
3.2588
8.59805
4.00547
0.335814
6.45216
-8.30442
4.44988
3.27493
-1.06043
-2.50865
-4.9217
7.42477
-4.98641
2.08598
-0.0161291
-0.152255
-9.59456
0.887637
1.85966
-0.729768
-0.51797
-2.49271
-8.3382
-1.64607
-2.0935
1.19243
2.21074
6.113
-1.83328
8.45826
-2.33897
0.260194
9.53022
0.050728
6.30562
-0.0769374
1.11238
-6.04915
7.82989
5.18012
-3.44066
-4.8084
3.40207
4.56794
-0.196511
-1.9906
4.08628
3.03542
2.35589
6.10416
-8.87174
-4.89071
-0.155783
-5.38763
-6.39328
0.40864
2.40435
7.27262
0.781002
-6.55094
-4.41616
1.55302
2.70908
7.82572
-1.98815
0.805334
-1.194
0.00732391
-1.91608
1.66348
4.28159
-9.42439
-2.94082
8.40169
4.78455
-7.32902
-10.4183
1.60845
-2.05867
1.24218
0.949482
0.663828
3.70179
-1.41257
-6.89476
5.42701
3.37594
7.15099
-0.344637
6.38152
2.47181
1.32868
1.45311
-1.68368
1.32197
-0.512461
4.02309
-1.42279
-2.52593
0.272611
-0.655133
-5.19448
1.52606
4.53639
4.98267
-4.40915
0.870954
0.322539
1.80861
3.3839
-0.682999
3.11623
-1.61445
0.782015
-2.18799
-2.30643
-0.325843
0.809842
5.83581
1.70037
-3.28487
-0.349455
-4.24985
-5.16592
5.78031
3.11992
5.1941
1.0981
5.81065
7.48059
4.10668
3.55486
-1.78352
-1.84472
-3.9106
-2.5645
-7.09554
-7.31571
4.60846
6.33981
-0.0509872
2.69372
2.39693
3.22618
-1.58409
0.981495
-1.81883
2.73504
-3.35361
-6.4622
-1.9141
-1.89029
2.67535
-5.41017
1.46623
1.34288
-0.217975
6.76972
3.16546
-1.41394
1.20539
5.53064
-14.1325
7.3222
-2.05384
6.13888
-2.90138
-3.74293
3.10208
0.616778
-6.25566
-9.08952
-0.631448
-2.13103
2.88533
-0.244284
3.34481
5.73341
4.35979
5.26324
1.9694
11.166
-0.943012
-4.38229
4.94988
-4.58783
0.781932
1.28061
-1.75522
2.50626
1.04049
-6.52212
4.4221
5.32326
-2.47814
3.05404
2.64239
-5.82942
-1.7745
10.3996
4.6597
-6.6933
7.50557
-3.42624
3.36761
-2.44834
-1.64872
6.43714
-1.35425
-0.729322
4.73453
-0.0833336
1.81276
3.79086
1.23355
-3.24944
4.74392
8.03198
2.89101
-1.31527
-1.80158
6.57813
6.18057
3.11804
0.970069
4.70643
1.4827
-4.20053
1.14164
-4.46303
-8.19694
-2.97876
1.52599
5.34464
-2.74362
-10.1282
5.11251
3.8121
-0.331707
-4.33013
-1.24459
1.69752
-0.492842
2.05653
-2.2805
1.24736
-3.07212
-0.198682
4.68863
-2.62169
-5.50163
3.71688
-0.776522
-5.01809
3.53425
-0.128483
6.81894
-1.27253
-4.75874
1.48087
5.96616
1.07309
-0.0292258
2.19101
0.811731
3.15067
0.199371
-0.0416683
-3.40669
-7.19772
-0.137094
5.16953
-3.46588
2.65192
0.946899
2.87367
-1.35554
-8.90815
0.0883165
2.05361
2.16465
1.43138
-3.79447
-1.87947
-6.60482
1.34068
0.944798
1.00328
-1.72271
-1.40932
1.16387
-3.15973
-11.3762
-1.63195
0.425139
-4.02261
-1.66385
0.657388
1.26822
2.75705
-3.23324
4.68601
-1.04693
3.63955
6.55368
-0.878484
-2.31813
-1.69885
-9.10217
1.32041
2.75897
1.83454
-3.81021
6.10991
0.530139
4.58358
0.108667
-2.1941
0.799531
2.95572
-3.70917
-7.36594
2.68272
-3.72116
5.61174
-2.4523
-6.84815
5.67972
-6.38293
5.92209
2.7931
-9.46492
-3.63483
-1.08367
-3.42472
-1.94936
-2.15969
0.409965
-1.0043
3.57324
4.44343
0.341721
0.703679
-1.92771
1.27114
2.0536
11.023
-4.15544
5.58211
0.00866324
-6.77479
0.906933
-6.50147
2.32947
4.84586
-3.18268
-1.19196
-1.44943
-0.681385
2.79872
4.45466
1.28119
1.17719
-0.554008
0.782243
3.42174
-11.233
0.375487
-1.20703
5.15676
1.42712
4.90134
-0.932635
-2.02209
-1.2614
3.89722
0.382545
0.519293
0.698718
0.988974
0.277495
-4.953
0.0746248
0.163795
-2.50567
2.12688
-0.756822
2.12435
2.35852
2.94503
0.189242
-4.7108
-7.54688
2.34458
5.57198
-1.55423
3.2285
1.87127
-4.78998
-4.89457
-3.82162
4.09955
3.29726
2.60978
0.20358
-5.32176
1.50414
-3.05244
0.146627
0.211456
2.00378
3.24622
1.83483
-8.71321
-4.6714
6.16665
-6.00702
1.18685
7.25685
-0.696265
0.854556
-4.75304
1.68475
8.54626
1.29735
2.1384
4.37619
-1.50115
-0.462578
-2.12155
2.15285
-4.64821
0.677481
4.64358
4.86148
-12.2791
4.30096
0.911149
3.9836
1.27953
0.660127
-4.56531
-3.45492
6.69616
-2.66595
5.84046
1.07268
-6.41852
-5.08459
2.64189
2.55542
3.62464
-1.90095
-6.60328
9.95445
-0.888704
1.57349
-1.85954
-1.43793
-2.13144
-7.12147
2.22886
-0.0696121
0.905544
0.816558
4.23887
-1.62462
-6.07069
-5.49465
2.47215
-2.55013
-1.98995
-0.443132
-1.65086
4.13431
0.141446
1.20221
-1.51052
3.54492
-4.90306
-11.7499
-1.28235
1.51795
-2.8706
-1.4042
7.18644
-5.3747
5.37569
-10.3195
-6.40318
-5.51921
-2.62401
-3.86676
8.23239
-2.30561
5.82166
0.921106
4.62741
5.33868
5.6579
3.11434
3.41083
0.426079
2.23179
0.785795
2.64505
-8.55811
-2.68871
3.44029
8.45289
-2.02378
3.35573
5.7118
-4.77113
-6.53122
7.87474
2.988
-10.8818
-3.30988
4.12599
-1.62508
0.935164
-3.10414
2.44018
-2.47191
0.756206
-4.31395
2.00648
-4.00619
0.261823
-5.35719
-6.05117
-5.80262
1.63418
1.9797
4.20733
-3.82553
7.32162
-3.20639
-5.10666
-0.140177
-2.1209
3.24836
2.67511
-1.44644
-4.48313
4.42199
0.63162
2.16763
8.43656
0.0642098
2.24211
-3.56989
2.04001
1.3561
1.92105
2.19109
-4.72063
2.27436
7.12269
-1.22972
2.2637
-6.59517
-2.67116
2.00299
1.30173
4.63575
-1.90389
-4.00225
2.32513
2.30219
-2.33828
7.41579
-2.15937
3.04518
0.54427
-2.72188
1.96389
-5.25928
-1.21091
0.438115
2.1302
5.58002
4.13684
-2.62567
-1.48
-0.123612
7.48603
-1.90953
-0.00280803
-1.01672
-1.49782
4.06207
1.58703
-1.70232
1.0918
-2.02878
3.95196
4.14971
5.12143
5.03011
-0.477946
-6.91449
1.65793
-0.553747
2.38897
-2.1162
3.84981
2.02726
4.64816
-0.900528
7.6104
5.26187
3.52738
-4.13429
-1.59657
1.51784
-1.8743
0.507282
9.88774
2.76682
2.37911
3.33358
8.00706
1.95833
4.51243
-2.05011
-3.14211
0.309985
-1.40801
4.08447
3.67414
-0.0193285
6.71111
7.72913
-2.75575
-1.35335
1.18647
0.255666
-2.69026
3.31917
-1.19945
-0.695895
3.27245
0.641509
-0.954969
5.10501
-0.89195
0.404279
2.92196
0.605675
0.072892
-2.0576
-3.96955
0.725489
1.61034
-2.47738
1.98617
4.47371
7.20625
-4.5832
4.09922
2.64067
1.16278
0.147865
-1.13834
4.6821
-4.92068
5.31305
2.54744
4.64004
1.00425
4.32661
3.93428
7.3058
0.14042
-4.05849
0.308831
1.39933
3.14469
4.64354
5.10644
0.0917249
3.6637
4.51708
0.318104
-4.32664
0.908341
2.7278
-0.421051
7.25071
-0.610538
4.52369
9.07123
-2.62117
0.638243
0.942442
2.14924
-2.90272
0.463115
0.431504
0.851574
-0.663248
-6.68409
6.85064
-5.26581
-1.73054
2.01541
0.434473
-3.75499
1.35893
-1.29308
0.753551
-4.50304
-4.14295
6.98499
-5.72331
6.24157
-0.345859
7.3954
0.38596
0.0558371
1.01392
2.26781
4.71915
0.95603
1.16491
4.61976
3.49794
2.44657
-1.25815
-0.930267
-2.18281
0.0901567
-4.59366
0.514029
-0.888678
-5.45647
-9.90983
-2.44976
1.54226
0.598996
-6.57985
-7.6745
-3.29352
-4.77975
-5.21455
3.44155
-9.90058
2.58275
-4.53312
4.73239
4.10431
-0.713538
2.71416
-1.70025
3.19397
9.10432
-0.774965
-0.480721
3.74498
-3.35735
-3.0263
8.01355
-0.506571
-0.179146
-8.69218
2.06325
7.09055
2.51608
9.46441
-9.22733
6.7193
5.84878
-2.5996
-2.92858
5.96178
-0.379309
7.74275
2.96858
-0.269746
-1.30437
2.28091
-5.38938
-2.24157
5.52036
9.3762
-1.20212
5.98018
-2.77265
3.26076
-5.66942
7.92366
-0.151158
-4.35749
-6.01569
2.42429
2.91758
5.32772
-1.05684
7.04623
4.12666
6.00815
6.53988
3.83447
0.539111
3.07871
2.54651
-2.7918
4.61659
-0.711884
6.37082
-3.61084
3.07102
5.69834
-3.26103
3.99226
3.83333
2.59234
7.39923
3.49457
3.23274
2.92943
7.46763
9.02007
6.02271
2.67288
8.07217
3.20169
-2.63226
-1.35561
5.83023
2.0633
-1.35815
2.98401
4.71717
-3.01643
5.65334
10.5711
6.69466
13.2925
-7.5375
3.65271
-1.01478
0.246625
8.76304
1.20614
2.04509
-2.06486
-1.71544
-0.994333
-3.56325
-4.31797
3.91715
-1.715
-2.42436
1.42844
4.1913
3.57741
4.97082
2.69292
4.06234
1.10731
-0.831113
-10.7704
2.00254
1.23521
4.10905
2.08476
1.87526
6.49336
6.40987
3.09288
4.01302
2.76853
-2.59876
5.62747
-2.96616
-5.52321
-1.48862
1.10138
-0.0143052
-5.56711
1.29054
4.42175
2.68977
1.62907
-3.08781
4.89972
4.62136
-2.89819
2.55053
7.12758
-12.9606
6.80006
-6.14891
-3.95577
5.33001
3.94588
-1.88079
2.94154
3.59307
2.29896
3.26721
1.88078
-2.11738
3.84
-0.853099
0.441737
0.947892
6.27349
6.50622
0.245065
-0.68704
-4.53411
-1.59435
6.03218
2.92614
0.647874
5.10769
2.6556
6.84204
2.96481
-3.50059
5.33434
0.46548
1.25233
7.2217
-3.09495
5.54286
1.77981
-0.446685
1.32518
-7.24914
2.39877
4.72035
-2.29634
5.70177
1.505
1.92356
4.07004
-7.1785
-1.58035
0.958533
-1.38192
1.71483
2.66522
5.05433
-0.566031
2.66604
-6.55464
0.103029
-3.20089
2.16122
-0.00283282
-3.88996
1.60737
5.00614
-4.59872
1.35364
-5.29909
5.15358
0.293022
-4.23291
-6.85457
-8.19491
3.48184
5.32697
-2.46156
7.18006
2.4362
4.3145
-0.610225
0.974657
6.66354
-5.03063
3.40067
0.807169
2.93202
-2.91677
-0.692985
3.59375
-0.438388
-0.0531295
3.88905
6.32774
1.38456
2.16534
7.24951
0.19292
0.468127
-0.721163
4.64937
-5.42905
-3.45163
1.89786
0.517399
1.2438
1.87763
4.18867
3.27376
-7.163
-0.726843
-2.46654
-0.206532
-0.368051
0.847868
-9.2948
8.8467
6.63121
-0.24601
2.2313
2.54132
8.40724
2.23857
6.30725
-2.61564
6.13844
2.97844
4.05155
4.41376
-3.05108
6.81794
-0.431341
-4.80083
2.25712
2.15983
4.3212
0.233029
-6.88851
7.49302
0.954049
1.61135
3.12732
5.18277
5.69107
0.0550034
-1.10703
2.82413
0.936579
-2.15515
7.84145
4.05329
-8.4134
0.145561
-0.297464
3.96389
6.0992
0.366906
0.179506
-3.57809
2.16578
-3.85452
3.90636
-2.31781
-6.71305
1.598
3.85963
-3.68853
8.32323
2.92675
3.91546
2.06086
-1.3232
0.48421
5.18577
4.89431
2.54141
-2.40173
-2.07094
6.88049
3.61442
4.04616
7.16625
5.15927
-2.18805
-1.67804
-0.700715
0.888026
2.10484
3.60753
-0.534988
2.60615
0.347487
-3.42678
1.59407
-0.191677
0.547121
0.776235
2.35361
-1.22424
-6.08817
-7.15052
-2.35398
-5.04747
2.87411
6.05553
-2.50325
-1.39215
-3.50627
-2.47154
-3.37783
7.45502
1.79671
2.14101
-2.08036
-3.7192
0.576123
-6.08389
1.25162
-5.23245
7.81413
2.80925
9.85415
5.15384
-2.67338
1.98318
5.14557
-5.81357
4.59217
-4.35156
2.49026
-7.21447
-1.42681
12.1996
8.78774
4.80223
10.0154
5.8007
-5.48382
0.115281
0.495617
3.23459
-5.16993
-1.41077
0.345638
2.58892
0.546095
0.0939297
-3.70546
6.78555
2.61933
-3.60405
-0.215187
2.73065
1.39805
5.41022
6.1739
-0.919041
-1.47673
7.1956
-1.73075
-0.366897
-5.8839
-1.30032
-8.09532
6.06495
6.27468
6.81836
-3.28528
-2.01553
0.901626
3.62639
-1.72836
-0.0545392
2.44398
-1.01496
-5.51702
2.24058
-1.71386
-1.34421
-0.0977035
-7.85176
-0.202587
5.46932
2.34079
-3.22299
0.4259
-2.00747
-4.56125
8.69333
11.4061
-6.62646
-1.85398
-3.55369
-0.173541
-2.1841
3.09674
1.57997
1.46973
-0.748506
5.84488
-2.391
-2.86552
2.9861
2.39991
-0.699697
1.70236
5.48906
-0.472297
-0.164598
0.158255
0.967857
0.537767
-3.49149
5.99825
-1.79932
1.36687
1.2719
2.51655
3.85344
-1.57607
2.12289
0.333795
8.64849
0.771411
-0.944254
1.35531
2.96033
-5.06951
4.38014
2.51275
0.429345
-6.75363
3.4489
5.10547
-2.31573
3.6483
-2.05982
1.43658
-5.20861
-6.59803
4.28577
1.65698
8.78108
-2.23496
7.92002
-0.538224
5.92121
4.7359
0.228894
3.1268
-4.37994
7.08205
0.204332
6.97461
-5.78525
0.930601
-4.62405
2.97682
-4.39508
7.47194
5.99413
-2.52351
-1.03789
-1.03436
-5.2639
3.83937
-1.1912
-0.842742
7.41669
2.54428
-5.18388
1.70915
2.76126
1.46329
5.31116
3.26028
3.6794
4.20349
3.32758
-4.08417
-0.259276
-2.48737
-0.480007
-2.4314
-6.81607
0.955575
-1.18128
-0.559448
-1.18358
6.19049
2.25666
-3.6929
-0.574953
2.16747
3.3292
-9.20936
-1.60275
-0.721712
1.08584
-8.13832
5.40625
1.65162
-4.41112
-4.67854
-11.3441
2.19235
-14.0378
5.18874
1.38081
1.01625
3.82033
1.05628
-4.16845
5.68492
9.78773
-7.48098
-0.130164
-1.68565
4.01377
-0.389846
3.39542
0.905222
-2.19353
7.11737
3.51322
3.18101
-5.18459
4.27706
9.32785
4.28544
-3.34639
1.84607
1.98055
3.16615
6.12567
-3.15157
1.71852
-1.03921
-7.22746
-4.97023
-5.99695
2.43866
5.47015
4.49188
2.38213
9.22792
4.1758
-2.14027
0.0388398
2.78471
-1.6368
-5.47142
-6.4118
2.14319
-0.374562
-2.81789
3.57831
1.51886
8.55589
1.80512
0.630862
1.12466
1.10719
0.101699
-1.52005
0.532305
-6.88272
1.35681
-2.12719
0.678934
7.50926
-2.46591
-4.3943
-1.03562
1.09324
-2.4124
4.96594
6.47964
2.83857
1.57077
5.21482
-0.603343
-2.17062
0.745512
-2.43333
5.61792
-7.92662
-1.99439
-2.01676
2.26436
-4.88726
1.10905
1.14635
3.12364
4.32659
5.02388
3.95655
0.792238
-4.81059
-4.94121
-2.93742
-2.3522
-3.15215
-2.74531
-3.07928
8.71384
1.73045
2.06704
1.25094
2.42827
-0.0455351
-9.17109
2.50544
3.9802
2.81061
4.70498
1.25864
-2.06683
2.98176
-2.49981
-4.20902
-0.049844
0.0477531
2.58426
2.23907
5.26576
1.0346
0.734087
0.0289484
5.50435
-7.822
-2.56888
-5.87289
-4.06536
3.62801
-7.97095
-3.86631
8.27445
0.162703
0.616337
-2.21459
4.30338
2.37616
1.41513
-4.3555
-8.34516
3.02241
-5.41269
4.73927
-3.41917
-5.40214
-1.59944
-5.00671
9.65424
4.06088
6.54016
6.22199
-2.64139
0.155379
0.418175
-3.23344
2.58604
8.09857
-0.603232
3.95951
5.46809
0.0542976
3.91648
-6.69108
0.482913
6.07256
-2.93108
1.73852
-4.20031
-4.63546
2.05815
-2.22459
0.54775
3.86599
6.25758
-3.1952
-0.16788
6.31274
-0.391142
-3.65158
-4.19919
7.2562
5.18532
-2.80752
-5.89353
2.86344
-1.57572
-0.479835
-1.63868
-2.42711
-7.87072
-1.7215
-0.422716
-6.2804
2.4504
-1.49437
-8.27497
-6.33814
-4.18876
-1.53772
0.746643
1.96654
-0.0537357
-5.62264
-5.28438
0.339996
2.27601
4.21107
-3.8969
3.21091
-0.101985
-1.35365
-3.75321
-0.297785
-2.69067
-2.09925
3.2959
1.92323
-4.24606
-9.94709
-0.638248
-6.11074
-0.0205616
0.549014
6.14976
2.26006
-1.2457
8.5377
8.1021
5.7579
-2.26154
5.20619
-5.69257
6.93911
5.24531
0.364126
1.34177
-14.7198
4.35243
-0.355681
-10.6053
6.25848
3.51441
1.18529
1.35639
0.331278
-11.2047
-2.01532
0.0693433
-7.71351
3.33267
-3.08173
2.15075
0.0466067
4.68706
1.25449
1.39458
-3.77355
1.96946
0.220916
5.81727
-2.985
2.63047
-1.85398
0.623583
-6.0177
2.05287
-7.42068
-4.52397
-5.6643
1.30471
8.22453
1.26859
1.75729
-1.01085
-3.23036
5.93886
7.43058
1.33384
-1.79014
3.28457
-7.30659
1.53334
0.91869
0.220523
-1.89254
7.57286
-8.32382
1.74771
6.10321
-3.19406
2.70894
1.95077
-3.11372
-0.816219
-0.399511
-1.94859
-2.0966
-4.58466
9.0854
-0.610786
-2.60779
-4.57626
-0.860282
1.61992
-8.38742
2.0236
-0.46903
-6.00334
-2.79295
-0.208763
-5.48092
-2.68382
2.23767
7.90229
-2.48487
8.16076
-4.78986
-3.25303
6.91806
6.93047
10.8457
-7.19509
0.086519
-3.02748
6.77453
-2.87067
-4.67799
-4.03545
-9.81686
6.66915
-5.48302
0.431841
7.56087
-1.39678
-0.742685
4.60177
-0.202803
3.12466
-4.81976
-11.4387
-3.19089
-2.08455
2.79501
5.37435
-1.98555
3.38468
-4.58235
1.69625
4.12126
5.61706
7.62286
4.36652
-5.69809
0.367547
1.08544
0.451161
-3.10067
4.88747
7.25446
-2.09447
-0.863271
-6.88794
3.78504
-3.46017
-1.90639
-3.66182
7.20233
7.47604
0.748958
8.05471
0.00930698
-3.64779
-4.70072
3.7555
3.54647
0.00654231
0.717031
0.91385
4.15524
3.19465
0.448783
-2.03288
-10.6207
-1.10041
-1.00743
-0.32499
2.49532
2.31454
6.67666
-5.40154
2.3776
4.82087
3.71677
-0.665558
2.07857
6.13827
-3.28146
5.26256
-6.8577
-2.41515
3.5484
-1.34478
9.01348
3.13455
4.34329
-2.93147
2.03398
-3.07625
-1.4513
4.64063
0.882553
0.00514171
2.47755
-1.61555
-0.886225
-1.32652
-4.51037
-6.25963
-1.52374
4.03912
7.1299
-2.92738
-2.81706
0.833009
1.01113
-4.97092
-5.02746
-3.32036
0.633969
1.78863
4.2724
2.88474
-3.72193
-6.94375
0.0699979
-1.24341
-6.52674
-2.65761
5.5168
-8.9892
0.340432
2.00924
-10.7532
0.443523
4.42895
-3.47084
-0.737597
-1.72049
-1.20439
4.38636
-6.42888
1.67929
7.61131
6.47065
-8.37188
1.78329
-1.61645
2.53309
1.53302
3.36042
3.59358
-3.97987
-0.966561
4.66642
2.34761
-4.5259
2.16369
0.969524
-3.53168
2.19735
-8.09043
-0.0416763
5.18664
1.55404
-6.99335
6.62052
-4.78122
-1.88612
6.25166
3.39237
6.59984
-2.70853
-5.5355
0.180321
5.78757
-2.77305
0.178107
1.73259
2.35059
-0.673409
1.07665
7.04398
-0.0303764
1.41546
6.75734
-3.70119
-0.885532
6.38714
3.14365
7.5767
2.89554
0.880673
4.54125
-3.40994
3.43886
0.911737
5.75323
1.05178
0.355942
4.80332
-0.307223
-1.48447
1.44208
-4.96598
2.12443
-5.83271
-7.59506
2.51247
1.64292
2.00167
4.46102
7.38799
5.05121
0.112266
-0.984588
-2.25276
5.82036
4.07127
-1.17081
8.34984
4.84351
0.871547
-0.86423
2.35894
3.23354
-12.5699
-1.04597
5.20534
-0.295121
2.28108
-1.84191
8.01827
7.43951
-8.97984
5.28314
8.11513
-1.13961
3.90787
6.36367
-2.01146
4.83834
-4.66669
-0.628019
-3.90732
2.7586
-0.946006
-4.83834
4.09364
8.11658
4.12967
7.01202
-5.45212
4.28247
0.630163
-10.1341
2.48019
0.311381
2.07263
-0.587617
-3.61376
3.02066
-7.37058
2.00881
4.14267
-6.4709
-4.13024
7.73363
5.16974
3.14819
2.97561
8.95791
2.52216
6.1574
2.75378
7.54022
2.35251
3.30555
1.34601
-2.08333
3.76324
5.11474
2.01598
2.42294
-17.6783
-7.07799
-2.09896
0.215452
0.356033
0.853699
-2.36861
5.75274
-3.58392
7.22547
0.669729
-0.0177007
-9.76575
1.77588
12.7193
-2.44676
-1.70274
-0.288652
-1.16538
5.65776
-4.38894
1.64091
1.14395
-7.3036
-5.24948
3.50802
3.55298
-3.87051
0.931253
3.81749
3.31871
2.91558
-4.919
-5.18971
-4.64188
-10.8098
-3.3127
4.5227
-0.906912
3.93553
-6.30322
-4.78004
-3.0245
-0.869237
-1.08344
-1.27064
-1.26345
-0.294639
3.01452
1.88586
-2.79402
-1.69772
2.71676
-6.85027
-0.500106
2.64378
-10.2414
-0.267285
-1.004
0.110573
6.73162
-4.86526
3.73174
6.10161
-4.49344
-0.360302
5.93388
-0.794746
-4.2875
-0.184255
0.273876
-7.25824
2.87219
-0.61702
1.83504
7.78601
11.3928
2.61557
1.8922
2.325
-2.19978
-8.01895
-3.71012
-1.18451
7.9146
5.5454
-0.304695
3.48142
1.13137
-3.80701
1.12629
-1.11652
4.22876
2.28995
7.30249
4.26726
-0.156328
10.6901
-1.74045
0.879669
-2.38941
4.07152
-8.34295
5.76932
-6.37225
-1.60797
-2.10362
5.87502
4.01439
-5.08233
-0.081992
-5.29405
-2.24856
8.82553
-1.56525
-0.501527
2.82126
-4.44005
4.89939
6.72925
1.72483
-0.0836485
-0.537536
-4.87313
-1.43473
-0.506026
-6.57191
-2.84338
-4.17269
-1.40798
2.92001
-6.46587
1.31049
-1.51517
-6.75168
3.63266
-1.77811
-1.52164
-4.22967
1.95977
2.37935
1.29377
-0.512245
-0.626875
-0.226766
-9.55822
2.81442
6.67405
0.997897
5.92765
1.0978
-4.08807
-2.39881
-0.366821
-1.57133
-5.97734
0.568883
1.95977
-1.76149
0.280654
6.27449
-0.102108
4.16173
1.50363
5.54685
6.27409
8.50719
1.94736
0.733971
-4.6267
-0.849533
-0.799441
-6.96788
-1.65224
-0.948159
2.36937
3.58995
2.31171
1.22445
8.83037
2.44575
4.1394
4.05619
-3.79365
-13.4608
-8.27015
2.3562
-4.80191
-8.05923
2.10941
-0.737688
3.72543
-2.65243
5.59228
-1.57519
-4.40058
-1.06547
1.11823
-0.0231306
-1.24131
-3.20392
-1.00668
-8.8933
1.30043
2.2933
3.68859
7.08267
6.96843
1.28847
-1.84297
2.55888
4.07212
-3.5757
-8.26234
3.15398
-9.15878
-0.78463
-9.57238
-4.01853
5.30265
-0.344992
5.48234
-0.0248591
7.09406
2.98534
5.01639
3.88887
1.55781
5.10179
5.53332
0.567019
2.45016
-0.52006
-5.60535
0.629588
-5.87529
3.44219
-9.68471
-0.507364
1.15009
-1.5983
4.3303
-4.4211
-5.51087
-0.997537
0.403
3.15343
-1.32164
2.58656
5.31417
5.91844
1.57487
-3.72865
-6.11074
-0.778909
-5.72055
3.58166
1.40373
-0.277882
-2.68625
-3.64703
5.80415
-0.6203
1.07177
8.18571
-0.428918
3.49487
0.651636
5.04154
0.516294
5.51552
2.96443
-5.02439
8.67706
3.63503
-3.99561
-0.168289
2.31709
1.78283
-2.47006
6.56321
0.778254
1.43062
-4.25336
0.848646
1.39695
-5.61262
-1.07011
6.95673
3.64597
9.45953
0.758566
3.91634
8.5078
6.77337
7.57501
7.28454
2.24854
3.98564
9.2733
-1.58402
-4.65133
2.88221
-4.83936
8.95408
-3.21063
6.47065
-6.03839
-8.49222
-1.56033
2.85271
-5.65734
1.69387
-2.07649
-3.69807
1.06332
3.78379
3.46873
2.80806
3.58966
-0.187516
4.20454
-5.47324
-2.57038
-1.92398
0.831265
-2.95474
-3.93928
0.919663
0.0338823
0.131556
6.17953
-2.53211
4.75344
5.70555
-0.054568
-5.39125
0.683624
-7.23308
6.15821
-0.952569
1.3919
0.125684
-0.313612
-1.54635
-0.273193
-3.17024
-0.533604
2.98366
0.308891
-2.96828
4.03249
-0.646963
-8.59927
8.53803
-2.02224
-0.98508
2.11219
-6.17563
-3.14449
-9.33677
-0.28319
1.038
-4.67389
3.85044
6.10159
-5.36369
-2.70413
1.80676
8.23165
3.36158
-2.07774
2.87483
-2.87676
-2.79123
6.5389
-4.48462
-5.68767
-1.56648
-1.26097
-2.53501
4.27534
1.00169
-0.397692
1.48704
3.54168
0.0686766
2.2286
2.90561
4.01261
0.746232
1.06788
-2.19453
4.19329
2.86913
2.93438
4.45727
1.61018
0.223138
-8.45098
-0.481991
7.29072
-0.361268
3.22849
-3.87533
1.73021
-6.74062
-6.29571
-10.7157
6.47276
-2.07834
-0.292636
-5.55247
-2.41763
-0.22286
7.15116
1.66924
2.99408
2.59258
-2.76053
2.7675
3.18922
1.34605
-1.30707
-5.16399
-6.57843
4.25737
0.303577
-1.44009
-5.31854
-4.94597
2.55985
6.80999
4.43099
-1.48581
-0.684584
-1.29216
7.68264
7.67569
-1.82634
3.18709
-0.282283
1.82536
6.52716
4.8847
-2.10092
7.10475
2.25559
-4.10542
4.81047
-7.26052
3.36189
9.67891
1.94915
6.61455
-1.90421
-1.14646
0.732706
2.82059
1.63516
2.99431
4.19479
-3.26192
9.31681
8.19256
-1.20046
-10.8787
-3.52134
-1.08992
4.91704
1.28215
-2.12391
-6.60668
-1.35447
-1.77119
-6.1804
4.62118
-2.48063
-1.30366
-4.71685
-3.31671
-0.334878
-6.72891
-1.71099
-1.54754
-6.39093
1.05198
3.60522
-1.55939
3.74993
6.29217
4.97882
5.45565
0.163368
-1.30174
1.91028
1.10351
3.80466
10.5739
4.10703
-3.16782
7.31547
-4.03904
6.54818
-6.45637
-2.54143
-1.45084
-7.28017
-1.60226
-5.45483
1.56167
1.98589
-3.8505
1.41289
3.63086
5.58092
-2.84538
2.41159
5.92545
-4.41317
-6.37609
-0.192884
6.4522
7.30958
0.214916
-2.68061
-7.26238
3.54679
-7.25247
1.66742
-2.54741
-0.73097
2.44868
3.45239
0.194174
4.81411
-1.92632
1.99047
-0.82132
-5.05627
-4.15301
11.9456
-1.58944
5.65814
2.57915
3.09414
-0.179141
-1.39495
3.61515
8.97701
5.14998
5.82311
2.09338
-3.46333
4.48927
-5.58587
-1.88998
6.03771
-5.28538
-2.92179
11.6193
-1.7089
3.37616
2.50153
1.45594
2.9378
6.78061
-0.939932
0.631716
4.7191
-2.76418
1.36441
-4.15178
2.68532
0.707002
0.22509
-4.63144
-1.68925
1.2717
-6.23413
2.27842
3.06836
2.8939
-1.97693
-4.12187
1.27633
-3.61142
-1.06872
-0.340166
5.34576
-1.20626
1.43244
5.42662
2.11628
-3.18075
6.29364
-1.71015
5.50514
1.60865
-0.848822
0.131884
-1.87588
4.47732
2.33725
0.059106
-2.9936
-1.76961
2.99348
2.94659
-4.33303
5.88687
3.54699
5.23931
3.91355
1.92918
3.9962
4.85481
0.344034
-1.92465
0.641399
4.42762
-4.29769
-3.81411
-3.40801
1.0188
-3.03765
1.33057
2.80002
5.02471
-5.2845
-4.244
-0.933427
-1.04587
-0.126404
-4.53182
8.96734
-0.637633
-0.838363
-1.81979
-1.92824
1.35808
-1.09905
5.9098
-3.76272
0.87841
2.09372
2.40321
0.285565
4.20192
-5.99585
5.9514
-8.90013
-6.45698
-0.686716
-5.15787
-7.64856
-2.35862
-3.74106
4.04601
5.46149
-0.244394
6.00334
3.07534
-1.66299
1.20007
4.24612
3.93048
0.752266
2.97873
0.137959
-9.94141
-3.91132
1.25883
-5.31206
2.28457
4.04277
2.84191
-0.34622
-9.18538
4.05226
-0.476051
3.9464
5.33172
-3.72358
-1.46237
-4.73635
3.57507
0.260897
2.32326
-3.605
3.5037
-0.649642
-9.04504
0.169444
-6.90217
-6.72475
-8.44002
9.95709
3.52936
-4.34701
-4.67548
-0.954755
1.64642
2.8304
-3.7449
1.38303
1.84503
-2.12364
1.24688
-1.73345
-0.936345
-4.46981
-4.08762
-3.71246
-0.0709868
-7.50854
-4.46582
1.74777
0.222511
4.79021
0.129328
5.37856
-3.10356
-5.64001
-1.56887
-3.59383
-2.0872
-2.06577
6.20129
-0.0465296
1.91801
8.17269
-7.05775
-9.7189
1.99722
1.96045
0.0789968
3.43082
-0.882104
2.36315
0.310549
8.18398
0.670047
-0.814167
2.44455
6.76439
0.881286
-4.65587
0.453169
-0.108499
0.112855
3.17723
-3.09181
-5.79362
-0.473374
3.77011
4.4829
-5.19922
2.62862
-0.200095
4.64581
10.9181
-1.38287
4.02231
-1.67861
-2.97253
6.24037
-3.07322
-0.430534
4.09219
-5.92166
0.891857
7.13126
5.38271
0.841174
-2.52282
-2.41631
5.82591
4.06359
0.705406
-1.16552
-2.34479
-0.288074
3.02354
-0.0604843
4.49032
-0.89237
5.0369
0.82936
-2.24255
3.02268
3.92794
1.685
3.48011
-7.94988
-1.71739
0.0330548
-5.06611
-5.10462
-2.6915
4.37509
2.98999
-1.15849
12.5359
9.8501
-0.729032
5.4694
-0.515979
2.91342
-9.38337
9.4131
-5.29129
10.1981
0.482808
1.03685
1.84943
7.19739
7.0666
-2.53375
0.163454
2.63465
10.6164
1.12155
4.3202
1.25934
3.52342
-8.57364
-3.96274
-8.98879
-2.21172
11.6191
0.559786
3.45647
6.19528
8.22409
-1.30471
-0.581997
4.07884
-1.30518
1.92926
6.68245
-0.881686
1.77184
4.93144
-5.89028
2.69936
-0.434331
2.14864
0.370643
3.95625
5.91053
-1.78824
3.22535
3.0524
4.27253
7.57718
4.14474
-0.396203
9.47029
0.719146
1.10256
-6.15512
6.25182
-4.22738
2.56191
1.37542
-0.775303
3.60202
-1.3632
8.75403
1.05026
-3.00841
-0.256632
4.68728
1.37787
-0.53893
-8.6887
5.21231
-7.31618
-7.80244
-0.210477
-2.51049
-4.00823
8.22357
6.48579
-3.26599
-0.236991
2.4319
1.07224
1.62138
-0.654176
1.2269
6.76172
2.9129
4.32708
1.78066
-1.81443
5.60841
-3.99257
-0.406312
-5.7376
2.68439
2.95846
-3.71837
9.61213
-1.50965
-5.20892
2.98503
1.14934
-3.86805
5.13469
6.17114
1.92755
-2.00967
7.6043
6.48136
-2.16724
7.07264
0.854409
-2.8719
0.103644
5.17353
10.427
0.655913
3.46535
-3.41852
5.43019
4.05578
-2.49822
0.189566
3.85061
3.93065
4.25325
10.0767
1.46781
0.656508
1.82124
4.07218
5.31909
0.461784
-0.346161
0.198527
0.713479
5.07966
1.71517
8.95261
0.204707
1.75957
3.82597
-14.6185
-1.2835
5.37559
2.44513
-4.62773
-1.69341
2.66105
1.30569
-1.91487
4.63591
5.1616
-3.27226
2.69327
-0.325104
3.28919
1.99612
2.26488
-4.04069
1.94587
7.61107
3.05002
5.90033
4.03525
8.50452
1.56233
3.70054
-1.89715
-4.39675
5.76815
1.04916
4.9012
5.93925
-1.40936
0.495177
-4.4267
7.58596
-6.64658
-0.952871
-2.02436
-1.49037
2.00602
-8.811
-5.85811
-1.22976
-7.83789
-4.985
13.3364
-0.482008
8.66203
3.04759
0.243094
3.10579
5.24682
-1.19785
6.10013
1.87301
0.337127
-0.6239
1.11249
-3.99374
-5.60119
-1.4849
-2.49789
-2.12294
1.51477
3.82886
1.13461
5.89443
-1.52647
4.26359
2.53194
-1.22574
-3.39259
10.2652
0.763892
4.07383
-0.33547
-0.400272
-0.248046
-1.99087
1.37657
-3.50808
-3.68643
-5.29508
-1.44669
1.1064
4.52136
3.80503
-6.43882
3.06278
-0.0236627
7.45999
5.52056
-1.4663
5.2857
-4.47848
2.37912
0.376784
-0.203843
-3.56235
0.557983
-3.27493
2.92194
-1.70931
3.32717
3.42707
-0.439111
-5.3172
6.64317
2.63764
4.04015
2.87071
6.20837
5.94721
-2.56706
-6.81173
0.0985391
5.77142
-2.49114
6.38948
4.37902
-0.0984824
4.69397
7.77696
-1.7952
4.8886
-3.35382
0.29905
0.734483
-0.545608
10.593
-1.1966
-1.73179
5.49204
2.20577
9.9594
8.08408
6.98495
3.69606
1.34889
3.82711
9.30737
2.6027
-1.43519
3.02406
-7.64315
1.00109
-1.68249
3.98218
-0.919675
7.522
1.92371
-2.21625
-1.63158
-1.90942
3.46724
1.2593
7.22497
-5.51484
6.02638
1.18164
2.17779
2.39643
-6.45068
1.35585
-6.91269
0.0550836
-6.09969
7.24674
5.12847
1.63171
8.56166
-3.48771
2.24606
-4.72695
3.28937
2.55442
0.451338
3.50238
2.41103
-3.85055
2.98974
1.11288
-0.844393
-16.3475
4.30128
5.74795
1.1533
0.419044
2.55107
3.36653
6.86812
-2.67622
4.31389
-3.96789
5.59075
2.31002
-3.54867
0.0895775
4.13537
2.64458
4.85331
2.1175
-2.08505
6.12761
2.75348
0.907476
1.73418
5.3595
11.6485
6.29637
5.78436
2.93038
7.36857
-0.327775
3.07323
3.90923
0.121103
-4.41425
0.660266
0.691982
-2.63041
5.47082
3.5283
2.1461
3.06858
1.40883
2.10704
4.77536
4.92427
9.1327
-1.4959
4.17909
6.34462
-2.00158
2.51469
5.03788
2.72634
4.65328
1.25572
2.56369
1.6598
3.3122
2.57424
-4.07204
2.28225
-0.228521
3.89552
1.83041
10.0072
11.2683
1.08548
1.74782
-1.52734
2.48051
-1.14854
-4.73776
-4.98114
-1.24455
3.21176
-1.92257
1.74145
6.23638
1.94731
9.6035
2.0077
0.504386
4.22634
-3.48709
4.04607
6.1863
-3.34247
0.24661
5.69852
1.49621
2.94882
6.58291
-0.870245
2.90593
6.21633
1.87905
-7.69561
-1.74074
3.01909
1.59303
-5.07123
4.36518
2.41053
3.46362
1.16542
9.69768
7.93365
-2.04516
5.88809
-0.302322
5.94216
6.89835
3.19532
-1.40016
-14.977
1.73421
1.40467
-1.49564
2.57532
-3.82371
-3.65559
4.50414
5.37244
1.49201
4.48842
-3.2476
1.25169
-2.6563
3.16512
1.71407
7.19644
6.92062
7.2336
5.62461
9.38418
-0.371269
-2.16853
-0.025848
-9.66141
-6.75879
4.99391
3.1099
-2.54882
1.58779
6.81931
-0.151818
-1.09333
0.749749
-3.57505
0.0710564
-0.905892
4.20747
-2.88283
-3.86373
-2.05303
-2.12929
-0.570917
1.29947
7.69841
0.892502
0.502376
1.47194
1.08671
-0.268993
4.51224
-1.86336
-1.91737
7.43558
-4.85835
-0.825495
2.97395
4.95513
2.511
-9.37108
3.49821
-1.64557
3.20057
-0.0394145
0.939232
2.57047
-1.04532
3.24655
1.80538
-6.82346
0.732314
6.64461
2.28695
0.848263
1.33254
2.4196
-1.58637
-1.29123
-2.92938
-4.1773
-2.37797
0.38292
0.249983
-1.58525
1.81715
4.6056
4.12707
-6.06777
-2.26121
-2.35379
5.40994
6.13904
-5.03817
1.52323
4.04246
6.56427
-5.01539
2.42281
2.76468
-0.555089
-2.06302
-4.5202
-5.79794
1.70176
0.324786
5.63711
1.62081
1.2427
3.22686
-2.02957
-1.70689
2.48142
-8.65771
-1.72775
-2.52214
3.25585
-3.84603
-5.10315
-3.31725
-4.62433
-6.65406
-5.71233
-7.0846
-1.04122
3.84423
0.397576
-0.566221
7.12303
1.16604
7.89504
1.89046
3.80204
2.57949
-9.84172
1.64895
-3.0176
-0.726378
0.983035
1.98523
-2.14347
-1.57484
-3.78542
-1.14581
-0.167414
1.24572
4.42964
-1.65665
1.38346
-4.7538
0.386157
5.23567
2.86367
4.48175
-1.83473
6.14999
0.793772
2.01974
0.512884
4.61354
-9.1114
-5.78688
-3.49279
4.05072
4.40636
1.24774
-0.082983
0.793949
3.52139
-11.2724
0.196998
-0.903831
4.57331
-0.874367
1.40858
0.327225
6.54085
2.54621
7.32993
3.95607
4.31799
-0.50516
-0.148098
-4.51691
-4.67195
-12.0101
2.17516
-6.49183
-5.0445
-9.09407
0.201565
-3.16207
-6.79117
1.09704
6.04459
1.73249
1.26484
0.30818
5.74667
1.65579
3.1104
5.67849
5.05924
9.15971
-1.97507
0.638734
-0.0663749
2.13715
-0.522275
-0.59708
-0.319041
-5.91857
1.22969
-5.46007
5.81973
-6.85477
3.07101
-3.99508
-4.14267
-4.28359
-5.87945
1.21711
0.490392
2.10361
2.68038
3.36881
0.0379119
1.16256
-0.0868876
3.40222
0.824726
-0.653817
-3.82428
-4.42848
1.31656
4.1454
-1.80137
-8.29588
6.50253
3.32891
-4.78707
3.7449
-0.378934
6.77137
4.37949
6.3175
6.31503
0.0461138
3.02954
0.310156
2.42832
5.08263
1.83487
-0.610146
-10.0384
-1.40503
8.61953
-2.64007
-4.92876
4.3205
1.0451
0.840909
3.29612
4.06816
-0.485051
-1.80879
2.292
-0.415596
6.71894
3.36415
2.4249
-6.38726
2.7076
-5.6702
3.19098
-4.49359
3.59176
6.26719
0.820393
0.945714
-4.26615
3.28403
4.89337
4.15507
-1.71198
-4.91929
-2.16458
4.55005
6.53281
1.43392
2.86679
0.0596633
1.77381
2.16166
0.831463
-1.14652
6.85226
-1.05383
1.37806
-2.42421
-2.46762
0.235643
3.9677
7.33792
3.98392
-0.295535
-5.19205
-2.55598
-3.28109
-5.75193
-6.45613
3.57035
4.34445
-0.720775
1.06308
0.913252
-7.13598
5.49001
1.31299
4.15207
-2.20181
3.4925
10.343
1.00208
-2.30934
2.56716
0.814923
2.42487
-10.1087
8.18542
0.137752
1.47011
-8.45593
-6.93804
-1.69018
1.21111
-1.71366
-7.04745
0.475292
2.7717
8.49151
-0.217024
1.85579
0.423105
5.14442
2.00623
0.534086
6.50273
1.40515
1.91802
2.19166
-3.16402
1.37157
-0.208253
-8.03738
-1.30343
1.12897
3.59689
1.25587
-0.492744
6.60968
-5.68097
-4.5392
-11.1116
4.02744
0.554053
-1.18464
-6.01163
3.66592
-1.39571
5.32618
-3.15741
2.68148
-2.53935
-0.504661
3.06317
-0.713252
-0.0904012
-2.04722
3.85541
3.02517
2.64699
7.85002
0.118835
0.452663
-9.71967
-5.32069
-1.38376
0.811526
0.984458
5.93965
11.1723
3.13003
2.47829
0.737122
-3.22064
-4.93035
1.39215
-1.21662
-1.30373
-0.864448
1.01976
0.326701
-1.58959
1.93972
2.56544
1.13619
-0.530151
1.36432
-2.82392
3.80322
-0.885018
-3.71768
0.477903
-2.98915
-0.0228361
-4.08677
-3.94156
2.3843
9.37151
-1.06032
-1.8776
1.88612
1.89417
4.72002
2.22006
0.730776
3.85158
-2.24866
6.34406
-9.15536
4.51277
-9.56291
-5.72105
-0.655917
1.84451
2.74385
1.64375
-1.81356
6.24678
3.83675
-1.47631
-2.50218
0.429522
-4.54231
0.924912
2.42403
-1.02027
-0.90722
2.1301
3.64935
2.58611
-4.01812
5.38241
-0.293215
-6.01234
-0.669737
1.91165
2.84197
-3.93339
-0.782796
-1.52302
-1.0812
-5.26659
0.951216
2.26191
-2.51873
-3.39995
-0.0363017
-2.12037
1.55889
0.0597471
-2.39315
0.400886
-0.0343392
-6.16078
-1.32064
6.30549
5.41848
3.74768
-7.11321
-3.86359
7.29806
-2.83718
4.8112
-0.638286
-2.69575
7.35787
-4.3123
-5.35872
-0.609169
1.25921
-1.73875
-4.76277
9.89145
-2.55463
-0.906385
-8.13645
-3.00173
1.95424
-0.176627
2.05679
5.88585
2.80338
-0.236685
6.69879
0.099629
6.31908
7.20184
-0.833417
3.39465
-0.909928
-2.91922
0.502438
5.74837
1.73239
3.19017
4.33215
-2.88836
4.60282
3.24071
-2.04841
1.08072
0.354035
3.77904
-2.30647
8.97992
-5.30416
-4.05317
4.92507
1.42165
-2.25215
4.29821
-5.20316
-2.20364
-5.90216
-3.26351
-7.57498
-2.07564
0.0607881
3.09436
2.28115
-5.12156
-6.25105
2.75598
5.25661
2.87874
-3.70484
7.1377
2.16878
-3.34475
1.09746
-2.47733
5.00297
5.52356
-1.7565
-13.1826
-0.819012
-7.01249
3.58331
0.357677
8.05992
1.75801
5.19225
-9.13886
5.7801
-4.32978
2.99239
4.47073
-1.43362
-3.06541
-3.5062
-10.6432
-7.6541
-1.89244
-0.18026
-3.83146
-2.24529
-0.112568
-5.30145
0.779655
-2.00844
2.79405
1.42966
-0.825164
-3.68369
-1.92689
6.59321
9.87735
-4.2257
-0.845906
-5.76701
1.56489
2.82182
4.50504
6.98457
3.49034
6.4953
-10.7689
-0.498923
4.20387
2.18215
-3.39766
-6.28345
0.154253
8.18223
-1.83666
-7.28523
5.25589
6.77358
-1.039
0.845804
4.25699
-1.51594
4.68571
-4.51284
-0.929313
-4.34282
-4.63892
-5.49511
-10.0044
5.04196
0.811324
-4.9625
3.85049
3.1189
3.54917
-7.19582
5.20913
-0.442459
5.05176
3.81096
9.07926
0.900267
-4.68046
6.0023
4.91522
8.84887
-4.69273
3.53801
8.08405
2.15621
-5.53346
0.387138
-0.0731315
3.68966
4.90886
5.39398
-3.92598
-6.89592
4.26486
-4.18885
-0.334221
1.8055
-0.876821
-6.18099
-3.74413
-3.11708
0.713324
3.69852
7.44289
-3.01794
-4.77937
3.15891
-1.12698
-2.23434
-3.33581
1.93021
0.997925
4.66533
6.73619
3.40839
-4.77473
-5.69641
2.72855
0.981154
4.93862
-3.54934
-0.0749399
7.09134
4.87129
4.85081
-2.57953
-0.913146
2.23282
-2.60016
-1.89681
4.08571
0.589682
-0.926537
-4.63081
2.09086
7.88014
-5.59013
6.51351
-0.740271
4.23806
8.12986
8.86152
4.72562
1.1275
5.84797
3.28048
0.798793
3.04623
4.40823
-2.77687
-1.70344
2.25888
-4.03348
0.171534
1.59403
-1.44249
-5.97859
-2.79931
-2.03361
-0.590474
2.16194
5.48264
2.70517
2.8533
1.11653
0.800425
4.31707
3.16474
0.625967
1.62365
6.48259
0.868937
-6.26137
0.750284
4.45343
6.57928
5.55776
4.44429
-0.682525
-3.59963
9.58484
-5.09335
0.0505771
-7.96073
-12.1571
-4.80735
5.36628
-6.65742
4.74561
-6.61835
4.81831
3.10241
-6.41942
-3.97311
2.82892
-0.399471
1.05485
-0.881813
-2.65336
-6.37479
5.3751
3.86333
-5.60791
0.857792
0.0615825
3.329
-5.21211
1.07999
6.64101
2.76432
3.57324
-3.86269
1.30048
-0.308173
4.12509
0.119734
0.518077
2.93278
8.59231
-3.20485
4.93486
-4.72394
0.11842
-2.45501
2.11184
0.253308
1.30977
8.92454
3.93051
3.46718
2.28539
11.4196
10.5742
-8.01817
0.381868
3.69612
3.94939
-0.487607
2.30616
-1.49695
-6.79209
4.98957
0.58516
2.35612
0.450103
3.57398
-6.16219
-3.08691
1.09845
-4.82186
-2.15553
2.37909
-3.41969
3.44669
-2.73464
0.886704
0.079631
7.1973
-10.2399
7.58022
-3.83271
5.35355
-6.48258
1.81371
-0.538403
0.404426
-7.96102
2.84679
4.6082
-14.0575
0.155843
5.48841
-1.79066
-0.250922
-0.258128
4.01496
-4.04679
1.82381
-0.350885
8.57471
1.27665
-2.46386
2.09571
8.57218
6.5355
-3.67798
0.62218
-7.41118
0.984777
2.12052
5.14242
0.0388355
1.8024
-4.14331
-2.48243
3.14048
2.64881
-0.429274
2.79448
5.34553
2.94783
0.653216
-1.50365
-7.88861
-7.30939
7.1858
-0.92014
4.56207
4.68349
-2.65254
5.43447
-2.95936
-2.84482
1.7839
7.02765
-2.02497
-6.8486
-1.36493
5.44852
2.71345
8.10496
-0.956707
-1.43081
-0.313693
-3.52371
-2.12762
2.29768
4.12954
4.41259
2.80322
-1.75227
4.51947
-4.61266
-3.60676
-1.09775
0.669423
2.8515
0.653219
2.62922
6.01446
7.03477
3.02507
6.01824
2.27066
0.347206
-6.37405
5.39224
-0.93822
0.146096
7.21891
-7.59779
5.10513
8.12696
9.16629
7.76367
1.38834
-3.16098
0.811397
-0.929042
-0.875185
-3.70182
1.14418
2.82659
-2.47836
-3.00392
0.61234
2.86005
-1.33114
-0.0560079
1.89242
0.0497941
3.05688
-0.590194
5.03029
8.07316
-0.942863
8.18578
-1.69342
3.60377
2.94022
0.829876
1.40474
-0.886795
3.18728
-2.71635
1.3335
0.993635
-1.9589
-2.88863
3.06653
-1.57724
-4.63724
-1.69043
-0.953556
-4.67379
5.79067
-5.86675
-3.65645
-0.610128
-3.83577
1.54823
4.06256
5.30033
0.652804
4.62585
2.74982
2.01836
1.25656
5.81793
0.67554
0.672493
2.40477
7.37509
-2.30045
-2.68849
3.38092
-8.1437
1.07901
-0.109062
-3.55423
-2.81151
1.67977
-9.10762
-3.24678
-3.23956
3.04694
5.67735
0.161086
-3.63903
-9.67087
-3.98735
1.55258
-3.36388
2.01238
3.8971
4.34728
-2.39431
-1.78417
-0.777454
1.16344
-0.653175
2.83519
-0.682111
8.00651
6.35601
4.85066
-3.94508
-5.88975
-2.59413
2.97441
-3.25238
2.59232
-4.12016
5.187
3.73
1.1108
2.01509
-7.50247
4.41258
-2.42595
5.10021
4.25878
-8.83783
-1.26222
2.62962
3.20955
5.0023
6.05081
-1.92151
2.40268
-4.3119
0.624416
-4.81613
-2.07028
-2.5261
1.20645
1.48294
-0.819311
-5.57748
-2.19209
4.80796
8.35163
-1.50925
-3.64102
7.98048
4.7677
-0.16512
-8.51858
2.96867
6.74055
0.450346
5.99986
-0.31931
-9.11601
-4.34459
2.32877
6.63188
5.45929
2.81955
3.76273
-0.62374
-1.22854
3.48352
1.96208
5.22814
-1.92544
-0.0963899
0.292051
-3.07135
-6.33082
-4.8653
0.421477
-4.57888
-5.37582
-3.26793
-1.78372
-0.627661
1.30746
-2.33344
-4.69148
-0.103405
-0.310961
-1.36718
0.861441
-1.51519
-3.25881
-5.85996
3.83444
0.625342
-2.95292
-6.11804
-3.00755
-0.698291
-7.53852
-0.0483718
-6.48534
2.49747
2.53603
-9.45396
-0.985584
3.0219
0.0862241
-0.877223
-5.63586
2.06649
0.0240086
2.63259
1.84728
7.15356
-1.18586
7.62531
2.78219
0.741174
-4.95871
-1.21048
4.75675
1.06605
-0.265915
-2.74516
4.23431
-1.91755
1.09379
2.7724
4.59721
1.35078
2.3379
4.15897
2.13404
-9.12162
-1.70764
-1.78803
-2.80942
-0.649056
6.58998
-6.63636
2.28401
1.95767
1.23685
7.35887
-1.59158
-0.662468
5.52931
-3.34665
-8.87967
3.67928
-0.329897
2.37027
0.543477
-3.03541
-16.0246
2.70385
-0.247239
5.12324
-1.24262
-5.73061
-2.20877
5.05533
4.34328
-5.34912
-0.275185
0.761969
4.74903
0.496057
0.822441
-1.17119
1.8221
-1.12115
1.19564
-3.62414
7.60066
-1.87221
-2.88459
6.75855
2.37409
1.90606
0.709452
1.89513
5.70804
4.59365
2.27798
4.86404
5.26578
4.99138
3.61244
7.87624
3.36898
8.68884
5.51734
7.80676
4.1968
-0.062219
-1.32348
-0.0666114
4.55022
-3.7734
0.599984
2.20923
3.08427
0.910656
6.79856
-0.358226
-2.29268
0.311664
1.82989
-2.14957
-2.44251
0.925064
2.76484
4.86404
-7.95472
-0.630758
4.95002
7.98162
2.29869
5.44516
-1.45746
4.43251
-3.41878
5.23509
2.39308
3.91334
0.0650707
5.18645
-5.816
-2.38119
4.62522
9.33208
2.98319
1.80742
3.75054
-0.055658
-1.43766
-2.73478
-2.27028
-2.62288
3.57958
-2.49858
-0.0592002
5.66324
-1.77733
-6.50477
5.04125
1.84603
1.282
-4.63612
-3.07165
2.05834
2.65965
-7.08168
-5.99525
-5.18759
0.0843871
-0.478581
-3.93672
1.45709
3.94015
-2.62534
0.0541431
-3.99304
4.93246
-2.37198
1.73961
-6.06822
0.157813
-1.37648
1.94406
-1.34853
3.88306
1.68837
4.56126
3.50691
-2.03256
1.61427
-3.49619
3.9584
-1.38292
-2.3093
0.659302
4.01026
4.62883
-4.95631
0.686511
3.41304
4.3097
-6.72425
5.72394
-1.48181
9.46748
-3.99926
1.90653
-6.01617
6.34029
2.71638
0.939698
1.4493
-0.745555
-0.189733
-1.97882
1.54747
6.90285
1.08195
3.54075
-4.29403
-6.05997
0.683424
2.72038
9.49758
2.3297
5.12958
2.84796
6.65352
-0.538028
-4.63496
0.616102
2.95091
1.52818
0.990679
-11.8084
7.00295
-1.36667
-6.67781
-1.53728
3.93801
4.20225
3.13719
3.76042
1.41243
-3.62534
-6.27531
0.092316
3.85766
7.92835
3.22552
4.00975
0.320182
3.91244
-1.49641
3.12407
4.06307
4.35641
2.17429
1.48721
1.92503
-9.14736
-7.46309
-3.09134
-10.3541
1.78531
2.27287
8.68645
-8.79733
2.21041
9.35988
-1.12868
-5.9733
1.56154
-7.72684
3.54313
-5.64216
-11.0673
3.63302
9.45234
3.76971
5.15052
0.825603
0.921769
9.34264
-0.399577
-5.20006
3.71324
2.82639
0.256788
-0.68599
-1.09044
8.9011
2.94961
-0.138452
-3.52581
-1.48212
-1.42719
-11.1028
6.17614
-1.20298
-5.75536
-2.05416
2.28007
-4.25616
-7.95984
-1.68409
2.26341
12.0107
4.16786
8.17137
1.70305
-1.51218
2.79415
2.40636
3.12604
4.47688
1.03791
1.47526
-2.89122
-4.87228
-2.75094
4.08386
-1.36631
0.612708
3.76339
0.93932
3.38233
-2.75366
-2.13932
7.00697
-8.57553
0.388611
-3.06594
1.48898
-3.3494
0.317099
-7.14558
0.794467
0.121113
4.34374
-2.30688
7.0044
-3.51669
10.7988
1.2536
-0.370771
-0.83136
3.45454
-5.0928
1.38224
3.14395
2.77593
7.32807
0.391215
-0.496241
-1.50653
3.94847
2.7767
-1.85784
2.85198
2.5011
0.398871
-1.10076
-3.5339
-1.60902
2.02318
-3.73419
-0.693823
3.57251
1.48757
7.12616
-3.80587
9.5354
-2.70686
8.22635
3.96395
-1.06686
-2.2251
0.168813
5.13416
1.6612
3.89127
-2.01974
1.3606
6.59999
2.50101
0.0609934
8.24803
6.44866
0.964025
3.88737
-2.9897
-0.205526
0.130899
2.16689
1.09245
-6.20336
-1.15483
-8.94365
-3.8953
-3.20582
-2.32097
0.578634
5.9461
-3.68723
0.701769
2.8333
4.26927
3.55096
3.60353
3.69623
-2.1199
-1.26327
-1.25512
0.0767193
-0.774579
0.115416
-0.272291
-2.69989
1.34397
1.99795
-2.73018
2.6737
-3.95576
-1.62671
0.132396
-11.2055
-3.11888
1.71746
-9.37841
-1.24654
3.97139
4.6643
-3.63704
5.00397
0.777145
4.72998
1.82125
2.98818
3.19116
3.23486
2.00465
6.73748
6.47754
5.13202
1.1811
4.14491
3.51833
4.88516
1.41966
-2.07589
7.06992
8.39179
3.56728
-4.35835
3.83485
3.92148
-6.81435
6.13357
-4.83344
7.92966
1.40616
3.10914
2.64014
-7.48074
1.90272
4.54983
-2.89947
1.98787
3.45204
3.56133
1.46491
8.26598
5.27025
-2.3078
-0.531036
7.93814
-3.50165
-2.92788
-1.49781
8.70027
-3.9124
4.86475
6.24938
4.98681
-5.10541
0.115923
-0.886354
1.09471
4.82045
1.38572
8.15865
-0.950152
1.00906
1.41379
4.78552
2.42843
5.75706
9.87134
0.865461
6.67546
-1.10548
-1.92904
6.76148
1.20338
2.22189
5.59628
3.01047
5.15457
4.23452
-4.90472
4.02684
6.90347
5.07518
10.0671
7.04731
-3.12074
-3.28215
0.915224
0.0948586
-3.11286
-3.56493
2.93811
2.22168
7.28748
-0.511877
-0.185919
-1.60721
6.56405
1.58159
-1.445
-1.06473
-7.42638
1.68915
4.9778
-1.81802
4.2793
4.58401
-3.85603
3.0976
4.08356
7.30929
0.745679
0.754056
-2.05175
5.06442
0.147888
0.675352
-5.65865
3.54481
-2.23313
9.01561
6.64125
-1.67991
8.83997
3.41098
5.26255
-4.405
0.225178
-0.0814549
-6.9405
-1.66772
4.37172
-2.41242
5.12442
4.15543
1.02195
2.71472
-2.60584
5.58275
4.20418
3.56479
1.62033
8.10947
3.20643
1.48901
-2.45592
-0.892447
3.52837
3.74468
12.1467
7.16907
3.03716
2.72461
-6.24996
5.72382
-2.12812
-0.766993
-6.53285
-3.33829
-1.50488
-0.726106
4.42312
-1.42628
2.55441
7.84734
4.70595
3.06756
-0.296029
0.659748
-7.7898
0.939075
-2.10088
1.19939
4.02039
-0.395683
-7.3845
-2.10118
2.73583
5.70039
-4.24848
0.622038
-1.22754
0.874788
3.80674
2.78091
-2.96772
2.77939
-1.60577
1.86329
-2.91532
-0.443799
1.71906
-1.35656
-0.189131
-1.72764
3.14401
3.00615
6.10995
3.89103
5.38836
0.561981
3.93726
-0.593014
-2.44929
1.89639
4.89481
-0.503991
2.41354
4.27451
-1.23708
-3.78479
1.95282
-1.33016
1.50184
-2.8577
3.18513
6.12729
-1.98241
5.37341
2.61677
1.41232
0.18879
5.18972
2.85048
-5.87432
-0.00242483
-0.426356
1.64674
-2.17037
5.29708
-0.889291
-6.18484
-3.85727
-6.58153
-1.01857
1.55418
-5.89727
1.15265
7.96385
-2.68513
-1.05799
-4.70789
-5.14765
-0.61339
6.39382
3.44449
4.75051
-0.28312
-3.96683
1.62098
5.80467
-0.0633113
1.14278
4.16051
5.3611
-2.91473
-10.075
1.76869
-1.49944
6.11189
-3.51221
-2.13335
2.44147
-8.19182
-6.609
-10.804
0.272543
4.16199
0.986634
-3.05267
4.87271
1.38386
10.4846
1.37812
-6.20857
-0.265516
0.674231
4.94283
8.90842
-3.89711
2.38364
2.80824
0.0117383
3.6903
1.40322
-2.64429
-6.92754
4.95818
1.11334
-0.488247
-1.44172
-3.03905
6.60933
2.27151
-2.2732
5.17312
3.60023
3.05265
4.37093
0.836003
-3.26212
-4.24468
-2.89663
2.07217
4.34094
4.50961
-1.46405
-0.179538
0.676156
2.94908
5.97082
4.99385
-0.989506
10.9514
-1.36967
-7.0891
4.58508
4.3816
2.81945
5.39631
-0.138297
-0.495379
-5.66535
1.57394
-3.36795
2.77572
-5.21133
0.391421
-0.958392
3.42974
-1.10837
1.11732
-5.67699
-0.0528831
0.535088
6.17434
3.13908
0.0659252
6.29114
-1.76786
-1.9524
3.4236
3.7853
-0.220867
-7.86235
2.89141
-4.74543
-0.758209
3.10473
1.72252
6.33172
2.17788
-1.83106
2.15026
-3.14347
-1.65283
1.52607
2.45631
-2.75762
-2.12166
2.68495
0.591499
7.70955
-0.315736
4.30873
-1.31262
4.66932
10.1115
5.51829
-6.76205
2.47517
-1.85828
-1.22147
-0.371936
-0.794929
3.28015
2.66616
8.65067
-6.82129
-0.944417
2.14041
-4.00185
5.74126
3.3705
2.36409
1.50443
-3.80963
-1.04721
1.44935
3.44732
6.00025
4.25938
0.784471
-3.10963
2.84624
4.61245
-2.41983
5.76517
-0.474253
0.634267
-3.23379
-1.69157
4.16195
-1.23175
1.24055
2.13546
4.40381
6.49981
3.63178
1.11403
4.0871
-1.63292
3.90066
0.697126
5.60577
1.12937
2.79775
2.98041
3.96796
0.82753
4.27985
5.56116
-1.50622
3.11178
4.09344
-2.52129
-2.59232
7.17841
-3.80553
-4.4189
9.71233
9.80603
-6.03039
2.43308
2.80201
-2.28785
3.72812
-2.7297
2.8553
3.91414
0.508966
1.22791
3.62711
-0.579138
1.50009
3.59906
-0.630294
-3.34415
2.73466
-1.18875
-0.543099
-0.740525
2.60464
-3.30116
-6.72397
-2.18583
1.73865
2.83272
4.95729
1.69444
-4.24523
2.26668
8.06539
0.94774
2.86504
3.47525
1.00592
-0.324784
1.99973
3.38986
2.79569
-0.698534
7.24686
4.86416
2.35446
6.63353
0.412889
3.88174
2.9047
1.47797
4.34169
6.90466
-3.75351
-6.28526
-0.803911
-11.3239
7.3331
5.6993
6.24328
4.0835
9.01269
4.55223
2.83716
3.75921
6.73688
-1.74136
-0.000699786
-4.49488
3.10532
5.80693
0.410597
4.39954
-10.6219
-3.604
4.29719
3.53084
-3.85689
-2.45442
3.72227
2.82508
1.30195
-0.315482
-2.03838
0.765683
4.34423
4.87445
4.64224
3.38945
6.43675
8.7688
1.79026
2.37808
-0.790182
3.29332
1.31741
-2.73701
5.05308
-2.29149
7.40625
2.8744
-2.47573
4.9959
2.96002
1.63326
-0.676854
-0.00779556
6.29917
-1.85773
0.897429
8.10072
6.99739
1.12935
3.63028
2.37512
0.657674
3.39884
-5.7242
10.5816
4.68037
8.12319
-1.99847
-1.14442
-3.46945
1.59134
1.72514
4.36956
-6.4168
3.45942
4.0418
-5.68317
6.44276
0.23929
-3.84029
3.77997
4.06755
0.429834
-4.48714
-1.06552
-4.63715
3.13174
-0.768136
-2.88581
0.435631
6.90965
-1.63161
4.21896
-0.168274
2.03751
4.41687
6.21385
1.93817
-4.0943
-8.96643
1.49321
10.5232
-1.03329
4.19184
2.30412
6.54673
0.566164
0.986575
-2.48993
-0.556889
-1.42252
1.94706
5.55838
-3.67924
-0.0832968
-3.38436
5.40587
-1.15228
4.7291
-3.28656
-6.53904
-3.6933
-9.48612
-6.47219
-0.177999
3.75323
-4.91327
1.2792
8.88931
4.40893
3.95518
6.66454
2.84027
-5.22443
-0.575773
0.400916
8.04546
0.875697
-7.21515
-3.01909
2.06553
7.44714
-2.52252
-1.73321
3.89822
-3.57284
4.09039
4.96143
-3.46848
1.64731
3.39385
-3.08368
-2.55152
0.909591
2.35076
-5.17437
1.65711
-0.0347633
6.79291
0.586869
3.15434
-4.05393
2.34205
-6.11991
5.1105
-0.474397
-0.855468
2.32638
0.880235
-4.58146
5.65195
-0.123858
7.30131
5.62788
3.10998
-0.997181
-1.61665
1.64643
7.4626
0.493986
-1.4902
-1.1443
4.19026
-0.154548
-3.48575
-4.87173
1.87835
8.47988
-2.82074
1.98036
8.72499
10.5956
2.27907
3.29213
1.28316
1.60889
0.703306
3.49765
0.533003
-4.15174
-5.39304
-2.17187
-3.60468
-4.54681
-1.26346
5.05797
-2.17969
1.28745
-3.95654
3.67694
-1.25046
-0.0321688
6.37058
-9.0935
-2.06459
2.51277
-1.42467
-8.75961
0.843378
-1.47541
0.306471
-4.71179
-1.4376
4.39358
0.757243
2.50028
-6.0564
-2.85135
5.39377
1.42922
0.567245
3.1676
-7.29888
-2.08865
-1.28318
5.99308
-6.62376
-1.49362
-2.49335
-0.59624
-4.17626
1.20383
4.72674
8.09058
-6.21392
2.45618
1.12282
-3.95278
1.96648
6.95614
1.54715
-2.79618
6.35406
4.71864
-2.03772
-0.951041
7.24386
4.87179
-0.0178282
0.101987
-4.7968
1.22878
0.850938
4.57156
-3.57277
4.86436
2.75574
3.95793
-1.78834
4.45865
2.6772
0.421429
4.4815
-3.54175
-0.8213
4.51383
4.90224
3.04791
6.43979
0.663313
2.51549
0.961338
-0.306086
-0.855508
0.500112
-0.406672
7.40062
5.8981
4.3562
4.21429
0.787692
5.06666
1.707
3.98649
-1.80918
8.59052
2.05098
0.418881
-1.52591
-4.69821
7.85568
4.5457
5.0566
-14.1436
-0.837148
1.29219
-7.29412
-0.317915
-3.05179
-2.69597
0.109823
2.52568
-4.56384
-0.563315
-2.54283
-3.69426
-2.10835
0.794436
2.3793
2.82327
5.57508
2.8476
1.84671
0.799535
3.14174
-0.440242
-6.158
3.49901
1.94728
8.43847
6.87347
0.585579
3.75708
0.0756768
-0.915786
3.17284
-6.90317
6.41247
9.28781
5.05687
0.858515
-2.86802
3.09242
-1.78932
3.84395
1.58031
-6.36087
0.585644
4.52177
4.50258
-1.85104
8.65279
6.36725
2.66095
11.3067
-0.563656
-4.78856
-11.1317
0.601918
-2.90276
1.87159
3.10777
0.562045
-0.21111
0.0912435
4.42263
0.557186
-4.90749
-4.6661
-3.72068
4.08267
-2.13328
0.636955
-4.15818
-2.22425
1.11766
5.90946
1.0404
-0.219673
4.30124
1.77071
2.37621
-9.12952
-4.71477
-0.33774
-0.395815
2.65122
0.633023
4.87368
0.771891
3.93539
-4.3198
-1.90638
-0.870223
-2.93857
-3.62049
-5.8485
3.44646
-5.45364
0.86795
4.32803
-2.93152
4.38106
-0.595443
2.97967
-0.629741
-0.376455
0.244647
0.80704
2.7453
6.03912
-4.13705
3.64373
2.15147
-3.17891
3.18295
-2.37722
7.21845
6.22336
6.18667
-0.251782
-0.873831
-3.75582
3.23537
2.73701
7.42644
6.30786
5.17385
3.64768
-5.97509
-0.855531
-4.1459
-12.18
-0.325649
-4.67994
-5.70256
4.09515
-0.34311
0.556539
1.5715
-0.491268
-1.31144
-5.75143
-8.50921
-0.567021
5.50493
-3.13735
-3.18948
-0.391888
2.88883
-3.16589
-10.7236
-7.61738
4.67716
1.78752
-0.0638886
-1.44807
-9.90399
3.32528
3.75868
-3.29365
-1.73396
7.93028
-1.06351
-6.64385
-3.23291
-1.07601
-0.523777
-3.95346
-7.07784
-1.89415
2.63617
-5.95683
0.620856
-0.739101
0.332303
4.57477
-5.55702
-7.18522
6.47113
5.43046
-3.86068
0.36845
-0.232596
8.7995
5.41577
-0.322538
-0.701155
-1.39157
-8.86906
2.67701
-1.27851
-1.18166
-0.609456
-1.90498
2.70365
-2.24655
-4.64188
-9.04563
-5.67279
3.35683
4.24462
-0.60185
-2.64168
0.859667
2.50774
-1.48247
5.00635
2.86804
-3.90222
7.50734
0.456459
6.03859
-9.85114
-3.1073
-5.88116
2.71866
5.22808
1.93972
4.76237
2.3774
-3.04773
3.69777
5.26561
-1.52718
-0.0496317
-2.51708
-1.55713
2.47635
2.38672
-3.18989
-1.14178
3.06819
4.58975
7.22067
6.37063
-2.7116
-1.74226
0.0613891
-9.09426
2.23067
3.55395
1.55071
0.606025
9.13347
-0.765274
-1.60308
-2.84424
2.82413
4.80552
3.05517
2.90986
-1.30528
-1.16369
-4.28446
3.86105
-0.053915
1.63834
0.762104
-0.875547
-4.20873
-3.96108
1.61412
6.64759
5.764
7.71099
-5.38567
-2.16518
-4.30559
-3.42084
0.722904
-4.55545
8.0394
-2.6636
8.21128
-7.48843
5.25583
1.6701
-2.78142
-0.608149
-2.21636
-0.449205
2.20255
-3.73855
1.71769
-6.52146
0.995278
-9.13725
2.66475
2.66443
6.38477
-0.31701
0.272344
-2.19061
1.9476
-1.06202
-4.9076
0.730319
-8.00746
8.08531
3.38925
-1.58358
0.307925
1.58706
-0.12813
-4.09969
1.61446
1.56659
-2.62796
4.28743
-0.46829
-3.11463
0.381264
3.46992
0.463374
1.18203
7.60158
1.06842
3.79197
-0.344486
3.55255
-4.71953
3.41249
6.0888
-9.31276
2.29647
-1.38028
5.75445
3.29345
4.82995
1.40884
-0.149131
1.55028
-8.85677
0.758052
1.94149
-6.15314
-4.63451
-9.91419
3.29422
-3.83491
-7.68331
3.48094
0.962234
-3.19879
7.36025
3.05779
1.55955
1.07892
3.15854
6.92608
-0.57996
3.30272
2.02837
-0.424437
6.62253
8.47113
-2.22621
2.05555
4.92402
-1.58309
-5.29723
-5.76785
1.37031
2.82581
4.03604
-0.160764
7.85893
2.12694
3.9404
1.60182
2.08996
1.29307
-9.83946
-4.31023
7.15145
-0.302943
-1.18452
4.25545
2.51056
1.19821
5.07598
7.33019
-1.13175
0.953215
-2.83114
-2.63565
3.4181
3.1463
5.67001
3.75381
5.50185
1.49601
-0.0235716
-3.41109
7.05897
2.21385
5.14966
-0.530274
4.24826
0.731296
5.79159
4.5056
12.6601
7.54026
-0.117578
0.549184
0.510808
1.99694
-0.298961
-8.21788
-8.75854
-0.778799
10.3588
-5.88686
-1.71957
-9.8271
1.66035
3.04791
-3.72966
-9.10108
4.13536
7.72428
-1.42409
0.587343
-1.19212
-1.71442
-2.16026
3.49742
4.76443
-2.89276
-3.36525
3.2453
-0.0717391
-6.4497
3.63798
1.06256
-4.27735
-0.0200057
5.88503
4.92682
4.51922
-3.35817
3.60193
-1.11048
0.401025
3.82418
5.42607
2.97006
1.59827
-2.2216
5.44981
-1.31046
1.91351
3.96728
-2.21504
-4.56768
2.65953
-5.36733
-6.28505
3.98494
-6.68626
9.46986
-2.84733
4.61236
-1.34327
1.22944
-0.0257827
-3.02503
4.37174
0.425813
-6.52101
1.15296
-4.37582
4.98596
5.25058
-8.22052
2.16725
5.83205
0.579763
-1.06532
4.74412
-0.495845
1.9905
4.4926
0.0362293
-4.9794
-6.20424
1.61072
6.16164
-5.10181
0.145986
-1.47998
0.25432
-4.96014
-0.229449
-2.06964
-0.27757
1.89006
3.56266
3.21008
1.04326
6.76144
0.46888
4.09653
6.78513
-1.34225
8.23013
1.36254
-6.78806
-2.08832
1.45031
-2.62195
8.68295
4.1958
6.75337
1.8671
2.55764
-3.43544
-2.32227
3.78753
3.85509
5.53152
8.88101
1.94277
1.45865
-2.06507
3.47863
-7.62404
2.30162
1.30537
1.45793
2.22336
7.59313
-1.08196
0.403973
5.67602
1.7278
-2.0032
-1.3955
4.18275
1.85173
2.85965
6.35537
4.98518
0.828617
0.861864
-0.16241
5.23611
3.85467
-10.2685
7.6488
5.95313
3.7724
1.17957
2.9157
2.95309
2.21037
3.35796
-2.37327
2.48746
9.54198
7.73862
0.0959298
-1.85235
8.7646
5.83301
2.89563
4.84795
5.33201
8.10926
5.49898
4.74024
-1.97921
6.83259
3.12198
1.2899
7.66865
1.88345
4.29066
3.4597
-5.25247
2.39821
6.93051
2.39606
-4.39577
6.44656
3.12288
-0.0787017
16.3491
-1.3625
4.21163
-5.05911
0.362529
1.46312
-2.15158
5.09138
2.71572
6.53577
-0.268306
4.89921
-2.42506
3.272
2.92995
2.02007
-2.9562
8.01725
-2.43889
-4.02135
6.38773
-3.79217
7.86511
-0.586722
-2.7465
0.61077
-1.91621
-0.486932
0.232957
-0.826011
3.75571
0.183158
3.84609
-0.695976
10.9103
1.9909
3.8608
-0.740474
3.78189
9.28966
3.31016
-8.4043
2.56869
2.75827
2.39544
9.25436
1.36108
3.73671
2.27799
-1.69718
1.86355
-2.06831
5.99938
3.74385
-2.44763
0.908763
4.09389
-2.2584
2.24338
9.67411
-5.35889
-7.42605
-1.40868
-2.40773
-3.68026
-0.0405395
-2.1151
4.58621
1.21047
1.14455
-3.99873
2.0367
4.67944
3.75624
-3.97088
6.54961
-0.574217
4.27232
1.94231
2.14502
1.89782
7.32888
-4.48649
1.67603
5.71163
3.00787
2.7091
-5.27202
0.00954505
11.1064
-1.00395
-4.17454
-5.8675
-1.73588
7.64381
6.18807
0.210578
9.0595
-0.397693
1.01708
0.857318
-4.00767
3.0251
3.17501
2.54833
-1.75632
0.155979
-0.0783697
2.94685
6.89573
-0.103254
2.70048
-4.43076
0.189266
10.4057
1.17609
2.95097
0.569579
0.220219
6.84083
-3.22458
6.25606
6.72955
2.52291
-1.62112
2.43222
1.21374
2.0516
-7.3087
-0.920031
-3.26625
-3.2264
3.95689
2.78461
-4.92178
-1.27552
-2.93729
-1.37936
8.2434
-4.39131
-0.0378104
4.17058
6.96659
-3.85576
1.32577
9.90206
8.09325
-4.80284
5.91779
-2.58003
2.85581
3.32997
0.483522
-2.71413
-1.44504
7.76033
-1.38234
-0.862536
-3.97377
-2.3928
-6.23724
6.57289
6.68632
1.43457
4.87152
3.54352
6.54904
-5.59738
0.529255
4.3056
5.26414
-4.20009
1.78517
3.84289
0.584952
-3.42927
1.75844
-9.15864
6.13596
6.98859
4.01552
5.48759
0.0839594
-0.962804
2.80101
2.11317
4.48756
2.96872
7.47489
-3.35297
-2.4924
2.4564
-0.545658
2.5997
5.95085
0.881534
-0.611174
4.72599
0.38327
3.8867
-0.0786815
-1.01287
3.81277
0.193183
7.08323
4.42093
8.21411
5.80338
4.47542
-0.584932
-2.93898
3.69014
4.32758
5.29993
7.00455
6.20121
-6.86357
1.24125
-0.976004
5.01327
1.90867
2.10881
8.19745
7.14238
-1.39386
5.61768
-0.570554
9.0901
1.38162
7.4757
-1.27595
5.83184
-3.23861
7.21864
2.0958
2.57931
-1.40896
2.38194
-4.00866
6.2488
-1.17969
-0.236376
4.63345
7.00605
-0.23899
-4.09838
-0.0603699
3.01105
0.490877
-0.638359
1.17479
-4.42821
-3.12974
0.455364
6.15398
-3.26789
-1.11732
-2.81635
-3.32779
-3.25218
2.02182
-6.89858
5.68301
-0.754999
-5.62761
-1.09118
4.26329
-0.835985
2.19351
1.51324
-6.42433
4.60521
0.0760641
3.08071
0.30327
7.83381
0.633105
-0.489151
-0.801899
10.6864
3.37181
-6.20274
4.2062
1.03253
3.56588
6.29327
-1.17823
-4.16618
-2.4935
-9.61393
3.6163
-0.54096
0.898193
-3.8029
-1.22771
-2.26191
-5.53968
1.37783
8.0643
9.51563
-4.21675
1.50389
6.77542
5.58136
1.54754
3.59123
-3.71791
3.83579
4.0204
2.18148
3.48949
0.69132
3.92565
4.83123
5.03357
5.59861
-1.14484
-0.639753
0.283998
2.7502
-4.34248
1.99715
2.40755
4.22683
1.73528
-0.923732
-2.92859
-3.32564
-1.62481
-1.56483
-3.87197
5.44472
4.73856
-0.0253547
4.00663
-1.29255
0.315324
0.735748
0.862963
-10.7302
0.323142
3.48304
5.42172
1.33156
-4.07854
9.20168
-4.41114
0.0634828
-0.220241
6.155
2.45224
3.11842
-2.9682
-5.39177
-0.28923
3.89301
-0.127453
-0.00450017
2.39279
4.83158
8.11771
2.11036
2.04741
1.74133
-2.28215
3.75168
-4.09335
1.57831
4.41129
-2.7351
5.22784
1.45309
1.17916
-4.177
6.12027
-11.225
0.233096
0.743688
11.8193
-4.90312
0.233829
3.75892
6.18727
3.91508
0.354209
-9.95324
1.50281
3.61778
4.21332
0.186937
3.84129
0.528013
-0.812614
-8.12909
5.84445
-4.85746
1.16609
0.146335
0.296288
5.17249
4.76137
0.533564
4.66132
-4.79786
3.16708
0.0503256
-4.15241
-3.03132
2.85589
-2.19914
6.06865
8.71778
0.568568
2.24592
-0.91882
-1.3288
-8.66423
6.14332
-2.03898
4.66091
2.3522
-1.01785
7.16014
7.62964
-0.138853
-2.75454
-4.66004
5.3894
1.39525
0.469975
2.38818
0.0336413
1.7176
2.19842
3.96999
-6.90762
1.25481
1.73668
2.54171
-0.529351
-3.46646
4.34636
-6.35714
4.22791
-2.83171
-0.711484
-3.06263
0.658509
5.25676
-6.81399
5.46885
5.51761
7.58312
1.33785
3.15832
-5.32222
-5.00899
0.568138
1.29226
-10.1683
-6.7976
1.3216
4.31199
1.94103
6.70446
4.55321
3.47425
-7.16928
-1.89238
-18.3842
-0.0397869
3.87099
0.49463
-1.19938
2.80614
-0.076262
-4.16673
-5.37445
-1.0981
0.251328
-0.912662
9.51289
-1.2247
7.35226
2.00817
5.50093
-4.65106
2.66753
-4.91975
3.74956
7.16039
-2.32654
-0.0332175
-4.80384
1.72731
0.898501
-2.56071
4.97407
4.41715
8.7786
-1.10274
-7.72946
-2.79449
-5.41517
1.0013
5.38718
5.07352
3.21213
2.52449
-0.745074
4.48274
-2.59326
-5.29948
3.72903
6.43656
0.967446
7.72822
-2.58087
2.94892
5.97321
5.14004
0.320962
-3.23335
6.42649
-7.65992
-5.47214
5.5579
5.51771
2.35104
9.53286
-0.92687
5.74245
-5.03983
1.75319
-0.592111
-1.95964
-0.1595
7.34184
0.581305
-2.48451
-1.18818
1.21752
3.75995
5.22506
4.03064
-7.44118
4.10264
-0.643045
-0.00861032
-2.02129
1.55637
-1.64319
-3.43798
-1.24061
5.16358
3.84698
-4.16321
0.497197
1.48195
7.6896
-4.06331
-0.177535
3.96703
5.14386
6.90507
2.25978
-2.50145
2.64205
-0.419656
-0.586409
-0.533711
-0.305623
0.877181
0.362622
2.7978
-2.32286
8.54683
-0.310118
-4.02268
0.306875
-5.37443
2.64874
11.2296
4.34365
-2.2659
3.31526
-0.654011
-5.1518
2.8662
-4.89393
3.36093
5.27663
-0.571108
1.62959
2.42691
-1.09036
-2.21212
-4.33059
-2.52322
6.46226
0.37681
6.1765
-1.13278
2.46364
8.29113
-5.21297
2.1047
3.34127
4.12105
-1.39055
3.56404
-0.608069
5.32852
6.48595
1.5549
5.34838
6.64109
2.16274
1.12703
1.46613
2.94918
4.87159
-8.2736
1.5113
-6.77122
-10.8993
-3.9696
3.97686
-4.99583
0.4523
2.07139
2.19776
3.56099
6.41858
1.92631
2.24213
4.19956
-4.12969
2.11406
3.49254
6.01614
6.01181
0.713157
-3.47855
0.739161
-3.83683
-1.0548
0.746236
-3.22909
-2.42452
4.66313
3.56646
2.84767
1.7597
2.43151
-6.41757
-1.92774
-1.06082
0.491074
-1.99896
1.82291
3.88598
2.65364
-2.55174
-4.4831
3.03229
4.3364
1.20914
11.3946
1.70216
2.26113
10.2364
8.13306
-6.76024
-1.50304
-4.52425
-0.795103
1.74636
2.42692
3.62169
-3.05426
-3.44167
-2.73593
-0.675982
-6.29414
-5.73595
3.04167
1.83582
4.5494
4.24501
-2.72678
3.346
6.12507
-0.232977
-0.316543
0.685813
-0.118999
5.3126
2.3887
12.0114
2.16648
7.67001
2.91113
-1.93391
3.51586
7.81089
7.29082
4.09955
3.70752
7.01486
-2.55172
9.25383
1.09709
-0.114433
8.05424
-6.0283
-1.82574
10.6209
4.50727
1.20707
-2.89293
7.37885
-1.10325
2.67292
3.86131
2.03966
1.6271
-6.30619
6.85878
1.01919
0.127451
7.14782
1.35163
0.590363
1.4385
2.70865
11.4336
-0.718685
6.10811
11.681
7.71551
2.61353
-3.59097
-0.741673
1.00072
3.91779
-2.35119
-0.428884
5.68745
-0.0563246
4.53224
-4.71229
7.24189
0.0796209
2.47142
3.45167
-3.04875
4.16031
6.68583
-8.43044
-1.82448
4.84023
3.21174
0.808925
5.62675
-4.42203
6.05058
6.84776
-3.03681
-5.92605
7.45617
0.1028
-2.9204
-4.3504
6.01729
-1.50244
5.01191
-4.26285
-1.89423
6.28897
5.96022
0.315537
5.06711
-0.739354
3.21075
3.84089
5.32036
-5.40449
1.48082
-1.07696
1.81817
0.692829
4.37623
7.98188
1.7858
5.235
5.9744
5.5747
1.98695
1.57081
-0.669461
2.70022
2.95421
6.49877
2.26168
1.51765
-7.92232
-1.28172
0.825344
1.52497
-7.07759
10.2458
-1.63159
5.82372
3.00883
-5.68099
-4.04186
2.23725
2.64382
3.34587
1.11949
8.65662
-3.20171
-3.29311
-0.296581
-6.51207
-0.0220915
5.57541
0.563071
2.12495
1.35036
-2.53956
-0.518985
1.33729
0.465822
3.6645
-3.0648
-9.62441
-5.15634
2.67857
-3.76123
0.373097
5.21782
-0.410024
0.96946
-1.63598
-10.6691
2.12272
-5.14876
-0.757591
-0.959658
0.846274
-7.33025
0.192492
0.883348
-1.28838
2.75119
2.41729
-1.04158
-2.07626
3.0485
4.03968
-3.96084
-2.48402
-3.5363
4.56831
-1.12421
0.904524
-9.9409
-2.79864
-1.72925
-4.87973
-9.19967
-4.47508
-7.70857
-5.17643
-3.90175
-4.00057
-0.343413
6.50921
-7.30573
-1.71949
2.47427
6.20955
-3.45628
4.84898
7.11186
-0.012794
3.3855
-1.3585
-2.32451
0.121619
5.03602
-3.36761
1.48254
3.36678
1.83651
2.79999
7.40087
2.61483
3.68399
-6.28667
4.82094
0.957095
4.06831
-2.57494
-0.169695
9.2819
-3.45423
4.36404
4.33318
-2.79995
-2.36207
-2.40215
1.47603
2.1803
2.4075
3.47157
5.39797
4.16402
2.32787
-1.28494
5.09817
1.04487
-1.04272
2.14294
6.1213
3.98819
-1.65668
4.84291
1.2588
-0.781026
3.31203
-2.32063
-0.744934
-1.36932
-4.6772
-5.06328
-7.44899
5.0314
-2.88441
1.36206
-1.12392
-1.90753
-2.20161
-3.79797
1.27305
6.09027
1.91873
0.171123
-3.11787
2.61438
0.237508
4.61324
5.73313
6.08631
0.336162
1.64143
-8.52527
0.144691
4.22727
-1.31292
-5.506
-1.93147
1.25061
-0.139326
6.26149
-1.45298
1.50375
3.69516
7.04323
-0.283784
5.47714
0.881363
0.662783
-1.81445
1.36944
0.743776
5.17255
2.61298
9.69992
9.39286
-6.30288
-5.17422
3.45135
9.36624
-3.50307
-3.76366
2.38597
-3.918
3.22115
3.59178
6.49545
-4.63096
-0.856201
-1.97515
-4.43283
4.94459
1.29998
-3.72709
-1.68678
1.13323
3.54576
1.40461
5.67837
4.35117
2.44666
-1.69858
-3.28921
4.21864
2.29227
3.14162
-2.07258
1.12796
3.14752
-1.47219
0.124363
-2.85278
2.87359
1.33432
4.80365
6.13984
3.27897
4.27861
3.0318
-7.44779
3.89288
-0.861281
-1.57663
-0.167415
-2.71241
-3.19983
7.20964
-1.64792
3.19131
5.80843
-2.57939
3.45773
-2.7963
5.37384
3.53485
6.02556
7.16852
-0.277979
10.2169
-0.301374
4.167
2.40623
5.24859
-0.933249
2.24635
-4.68707
-1.31045
5.9762
1.60462
1.43889
-0.369037
-2.04984
9.00099
4.17338
-5.01258
-6.03426
0.519854
-5.24415
4.77813
4.22046
0.747938
2.15656
-5.78109
1.54301
-7.83139
-0.635685
-3.01971
3.90057
6.56983
6.72627
1.05912
-5.25308
-2.18557
-7.95916
-3.53421
-4.13826
3.43497
4.66781
5.28216
5.54763
0.486685
2.72111
1.52554
1.29774
6.71949
-7.8165
-5.70008
-5.09505
2.07252
-3.61423
3.39929
2.72643
5.768
4.61501
4.94267
4.2512
0.566194
0.505246
2.74857
7.51102
3.65914
-2.1777
3.52695
-5.61385
-3.49121
8.10942
-4.27221
-0.332076
-8.44112
-9.78593
-3.06795
-0.392041
3.3569
5.30289
-4.7363
-2.40378
-2.44627
0.5097
8.65608
0.738935
3.24121
9.28118
1.09875
-3.34197
-1.68249
5.60601
1.43973
1.9259
-0.582739
0.797377
1.27243
-4.53485
3.71009
1.68438
-0.526337
4.19353
-0.545685
-1.1717
-8.23262
1.90926
0.00081535
-0.301811
-3.88961
-0.693255
5.41706
-1.52878
-0.00876145
9.95697
