-0.439176
-0.488829
-0.446867
-0.368142
-0.236926
-0.17556
-0.213859
-0.324238
-0.367869
-0.172491
-0.0267495
0.143165
0.330347
0.367967
0.240099
0.244097
0.383655
0.375476
0.424915
0.478309
0.670384
0.613796
0.382933
0.195186
0.122699
0.125433
0.312817
0.341386
0.473854
0.694488
0.770351
0.858557
0.852726
0.640992
0.669482
0.605551
0.913274
0.841368
0.549999
0.55642
0.489997
0.387734
0.123255
0.0138977
-0.0495042
-0.0272521
-0.0850125
-0.0973165
-0.111266
-0.0891831
-0.114893
0.0143748
0.0654824
0.0736843
0.180219
0.240606
0.322177
0.434659
0.404379
0.354201
0.356635
0.309189
0.0885304
-0.0135727
0.13627
0.333875
0.354268
0.587854
0.548733
0.581849
0.663695
0.742731
0.8058
0.847182
0.933464
0.961199
0.917734
0.965307
0.780638
0.638475
0.444287
0.41309
0.261619
0.136598
0.320011
0.274876
0.0933737
-0.0152794
0.0674199
0.0272635
-0.115379
0.0446065
0.136844
-0.0534406
-0.23616
-0.280719
-0.423884
-0.417416
-0.60978
-0.482541
