0.695858
0.755076
0.687595
0.826885
0.75367
0.674739
0.703747
0.866998
0.776286
0.749538
0.69917
0.627034
0.341047
0.420872
0.396532
0.548251
0.624195
0.68985
0.705234
0.603689
0.604492
0.755001
0.753453
0.764562
0.878787
0.483111
0.288591
0.271193
0.280894
0.144678
0.198965
0.258491
0.355112
0.208712
0.126743
-0.0421042
-0.124404
-0.219476
-0.206533
0.0221869
-0.227631
-0.200674
-0.106329
0.0991601
-0.0787667
-0.0367489
0.0365808
0.082966
0.143539
0.14881
0.26516
0.324998
0.493603
0.496228
0.298317
0.239594
0.0686768
0.206293
0.0401131
0.211789
0.372456
0.443266
0.730334
0.983563
0.994605
0.966939
0.844938
0.847803
0.838172
0.987792
1.03897
1.04612
0.927673
1.04036
0.958591
1.10185
0.963522
0.970052
0.90841
0.730351
