5.39522
4.10859
-1.74576
2.98792
-1.21062
3.79285
-1.97767
-0.685539
2.37857
1.90794
-0.117701
0.454441
1.48016
3.56847
0.969052
-5.50151
2.48453
2.279
-1.46676
0.986288
0.625993
1.05602
4.27682
-10.6926
4.66119
2.93814
-0.0508259
-1.82082
1.33817
2.61137
8.37859
0.880966
0.9623
4.21894
3.09959
2.84137
5.27648
0.640725
0.530391
2.86353
1.33422
1.38932
0.867175
0.187916
-1.18062
-2.54032
5.18621
1.13468
1.35069
1.47265
-0.661172
1.96642
-0.702103
-2.7055
-1.54367
-0.495099
3.767
-0.61929
3.03227
0.332481
-1.79677
0.281622
3.79013
0.188223
5.15888
7.48373
-0.27175
4.41026
3.85548
-0.649483
1.16065
-1.58712
3.38438
5.33661
1.87142
0.336247
0.636691
0.0767112
1.90523
0.921508
-1.64399
3.00174
1.51485
-2.48743
4.11877
0.458157
-1.47193
-4.21805
6.6411
1.04789
-2.67547
2.86827
-2.89815
0.481839
-2.17124
2.49238
0.886066
0.42677
2.64566
4.15802
-0.171094
0.39141
1.91257
2.5438
-4.18948
-0.518148
-1.81156
2.88759
3.71178
3.80633
1.95433
2.79065
0.792813
-3.35601
2.5726
-2.46018
0.781701
-3.41616
0.676574
3.54466
4.52446
-1.09939
-0.736185
1.81778
3.14311
1.53987
6.26135
1.64273
3.6814
0.381978
1.34039
-0.45398
-2.78442
-0.970194
1.88298
0.453582
2.26418
0.0277555
4.36583
1.08638
-0.312018
2.88042
-1.85176
2.11673
2.97928
5.33542
-1.83483
2.94635
6.30376
1.34892
-1.22351
3.2745
-4.83373
-3.91913
0.234599
-1.74692
0.405571
-1.72599
2.30109
0.8978
-0.813928
-0.0895549
3.63027
0.777892
2.59955
-2.04761
-0.676762
-2.71508
-1.72575
-0.154836
1.48993
-3.3761
2.70303
-2.02163
-1.35392
-0.813251
-0.784085
5.77124
1.43316
-0.106843
-3.33194
4.21086
0.803398
0.234205
-0.41304
4.58991
1.33876
1.75699
1.33268
1.51168
-1.18943
3.98815
-1.1103
-1.03728
2.48418
0.977508
2.38001
-2.67162
0.446137
-3.83527
1.52965
-1.44485
0.254608
-1.29577
1.08293
-0.800725
-1.36484
-1.08388
2.05694
-1.49052
-0.955853
-4.09903
-2.90001
2.17387
-0.409761
-0.419866
1.3713
2.10698
5.36534
1.46809
-8.15641
3.79026
-2.63955
1.50574
6.07691
0.962624
0.52435
1.95311
0.629484
2.63675
1.6929
1.61554
4.44538
-4.06664
-3.47637
2.35022
-1.35719
-0.695092
-0.759636
1.40074
5.11854
-0.85996
1.45425
-6.50029
0.195366
-4.0942
2.53048
0.47068
4.54382
1.10141
-1.5864
-1.0515
-2.05426
1.74165
5.68451
1.48412
2.04606
-5.43534
1.2176
4.76348
-1.25278
1.19213
3.67134
1.25978
4.36319
1.9155
-2.29385
1.07492
-3.07148
-2.25286
-1.24095
-0.204119
1.19461
4.12513
0.844816
-0.757819
2.73141
-0.153074
-0.654224
-0.0792199
-0.0566456
2.2324
-1.28281
0.589967
0.732496
-0.25795
5.35516
0.977464
1.86214
2.41286
0.670338
-8.05035
4.83599
4.52292
0.149947
-1.16661
-3.56091
1.09447
-0.484638
0.942141
-2.60336
-1.5278
-2.35138
-4.5547
-2.9434
0.0620751
0.0727663
-1.74792
3.59887
2.10188
-4.24031
4.49982
0.0257211
2.01667
0.196766
-1.46329
4.46908
0.649065
2.41029
-3.28765
0.917089
-0.443182
1.66496
0.430931
0.800436
1.1897
-0.431819
-1.50726
-6.06934
4.47695
3.90263
3.66653
-2.18215
1.65317
-2.70076
-3.76265
-1.01987
-0.0876355
-1.30138
-0.489254
-0.103233
2.86054
-0.746817
3.6056
6.19257
2.85653
6.49443
0.697827
-0.895985
1.34161
-4.63099
-2.60072
4.04678
1.37997
4.42478
4.0754
2.58741
5.59722
6.28749
-0.165056
2.43365
1.73684
-5.87409
3.00249
0.438182
3.00919
6.45734
1.83812
0.998437
-0.813436
5.21745
4.65023
-1.51933
3.6639
5.02495
2.3469
-1.56293
1.18017
-3.76379
3.01588
-7.26221
-2.07011
-0.563336
2.95705
0.362195
-4.68765
0.988515
-3.18261
4.2296
2.87154
-1.65812
4.58224
0.290238
1.63691
4.83252
1.53147
4.7047
-0.072499
0.978493
-1.14777
0.786444
-0.270284
3.45114
3.1939
-1.88005
-1.85037
2.47925
-0.630418
-1.65462
5.05153
-2.20663
6.01407
0.746123
1.2857
1.401
0.476409
3.49768
0.908843
-1.14567
-2.41818
1.35155
3.51198
-6.16386
2.85998
-0.151567
4.44444
2.07351
-1.27379
-0.656911
0.865502
2.60389
3.45853
-1.05724
1.10116
4.9922
3.16681
1.83199
-0.215857
4.06218
1.69605
-0.493422
1.35969
0.0404984
4.54405
0.380542
1.16554
0.328818
-0.399323
1.2114
-2.08916
2.61877
1.64369
2.15317
-0.737996
1.59071
-3.91321
2.1817
2.279
3.36772
0.433718
0.597375
1.93784
5.16547
4.73502
6.19889
1.17362
-0.66867
0.00109241
0.80663
-1.08978
1.43482
-0.841594
5.0838
2.23193
2.9457
0.234196
-1.36594
-1.38467
0.452607
4.91781
-1.28135
-1.05429
6.45693
4.70112
0.193384
1.40344
-0.755023
5.20364
-1.16247
2.20327
-2.44247
-4.2594
-0.297523
-1.42061
-1.8785
1.16205
2.16062
1.38113
-3.2903
0.446966
-1.11176
1.65703
3.14699
-1.91485
-0.900205
0.24935
0.810683
-6.92133
-0.0182802
-3.05091
2.17729
-4.317
-0.663155
0.563586
2.12235
-4.50218
2.51153
1.62515
-2.51114
2.44409
3.76925
3.41803
2.61271
4.73599
-0.828639
-3.037
1.17413
0.802532
0.094068
2.25098
0.832043
-1.95722
1.04384
-1.46554
3.29699
1.80006
-0.590322
0.0229116
1.10189
-4.57927
0.369488
-1.6818
-3.81415
0.222214
-0.673793
1.06159
2.4726
3.54267
-3.96992
-1.74328
-1.37829
3.7254
-1.1783
6.66266
0.0623581
-1.21505
2.38563
-1.69873
-0.759618
1.13327
1.64184
0.960447
0.284931
2.94596
-1.92751
2.23486
-1.48213
0.578725
-0.252445
0.90585
-3.5784
-3.23295
2.40659
6.88914
-2.71254
-2.468
-2.27197
-3.26229
1.89571
5.08968
-3.38881
1.17453
0.707564
2.83343
2.36504
2.77694
-0.268646
4.80141
4.07861
2.27534
-0.849137
-0.352905
4.1543
1.49629
-4.93726
-2.30719
0.766052
0.403347
0.0654971
-0.984125
1.32414
2.16896
-4.95249
5.19207
4.19342
0.65843
-2.49979
-1.53121
-2.28802
0.961126
3.56106
0.236846
-0.0509067
1.72621
0.206659
-4.03764
1.81254
1.91721
-1.07604
-5.2683
-0.383272
0.0273357
-8.3886
0.728547
-1.67598
-0.469287
-0.618679
0.398805
-1.39264
-0.331211
3.7642
1.28137
-1.50797
1.66656
1.63685
1.27664
-2.0626
1.48541
-5.93222
-0.40596
2.96357
1.86152
0.893424
3.19768
-1.60722
-2.32675
2.8349
1.91765
0.730841
2.44693
-4.24189
0.594789
2.70437
2.04755
2.29833
-0.565992
-4.91909
4.95449
0.748842
-2.20249
-1.71652
-0.509637
-2.02684
2.45028
-5.05331
0.339849
-0.518549
-0.916304
-4.43677
1.09957
2.77792
0.964456
-1.49199
3.25007
2.52574
-3.38537
0.899344
1.97082
1.71562
1.70246
-2.54826
-0.766712
-2.74825
-0.646587
1.55883
2.05861
0.622975
-2.95641
-3.95829
2.83425
2.80437
-0.40354
-3.11012
2.26581
-0.425522
0.770967
-2.23872
3.3965
0.250048
-0.257609
2.77513
1.05043
0.343534
0.512609
-2.05399
0.532152
-2.27248
0.73376
-3.41678
1.76301
-1.28738
4.29868
2.14993
4.30235
3.98268
-1.21366
-1.10256
1.33078
3.16667
-3.48907
-2.03713
-0.603255
1.04536
4.16781
4.85636
3.50622
2.31048
0.720921
2.72313
0.742821
-2.01221
0.957449
2.79183
3.09374
-0.0930798
1.54271
-0.375851
0.935575
4.99106
-1.34684
-2.13896
0.360967
3.52498
-0.283053
3.11468
2.54408
1.82701
-3.99548
4.16458
-7.60014
2.20771
-0.1594
3.14335
-0.67661
1.07933
-0.312186
-0.50724
2.14796
1.76786
-0.340675
-0.668056
-3.093
-1.88164
5.63366
3.65575
1.49034
1.39197
-2.92707
-7.81634
-5.16404
2.63281
0.305383
-5.34172
-1.01858
-3.86916
0.977557
2.18539
2.53329
2.37134
-3.34725
0.344072
-0.393538
-0.67859
0.468126
3.34279
3.26543
1.46132
3.61773
1.05687
-1.08399
-0.385015
-0.71776
-5.39188
-0.292963
1.24457
0.660105
0.977994
7.4272
4.5528
-1.49838
3.16107
1.94071
2.97185
-0.767179
-1.2043
0.699008
-0.14496
2.1676
0.97572
-0.752878
-7.0514
-0.150127
-3.74893
0.949495
2.6729
1.18165
0.264622
2.12611
0.781117
3.63483
-1.98004
-0.48299
1.5212
0.786577
-6.17533
-6.94364
3.33536
3.24622
1.3622
1.56103
0.0228831
4.2567
0.259678
2.16402
0.0178875
1.2156
-0.66427
3.08867
2.8764
2.50801
2.27439
-4.03428
2.47877
3.97611
0.682157
4.22016
0.8904
-0.311231
3.32079
-1.16473
-3.33492
-1.81096
0.61196
-2.5268
3.53879
1.40517
-2.61201
-0.148785
3.16938
2.7323
-2.71668
6.02242
-4.63508
-6.17808
0.101116
4.41949
-3.7379
1.46813
-1.53816
4.71441
4.34092
1.23328
3.5554
2.2001
2.57745
-1.33351
-1.79185
2.07665
3.50418
1.67063
4.34124
-5.21253
5.39272
3.8272
-2.34618
2.58448
3.57527
-3.55852
-0.710768
3.93805
3.04742
0.331866
0.850884
0.566914
0.779306
0.505134
1.83097
-0.0463588
-2.82932
0.892754
-0.813597
1.35861
-3.29181
0.828052
2.51624
1.97885
1.7553
-0.198458
0.226224
-0.43233
-0.536544
-1.89396
1.92279
4.01451
3.79989
2.13007
3.25015
6.23099
-0.205337
1.35139
-5.90245
1.46804
3.06731
1.0763
-0.160599
-1.42245
-1.46854
3.83363
6.82878
1.23891
2.26053
4.59728
5.9612
-0.708306
-0.210149
0.865532
-1.14782
6.4838
-1.65714
-2.71465
1.08854
0.775928
0.0845786
2.19642
-4.14383
0.396698
-0.622368
-0.331746
0.802309
3.301
3.94246
2.177
0.269186
1.32511
-0.190208
0.991467
3.67695
5.55598
3.71179
2.22161
1.44572
0.0750406
5.12355
-2.56906
0.140511
2.35588
-0.56601
1.83912
0.0290038
-6.49293
3.60417
6.00352
0.713346
-0.69933
4.38147
-4.73275
-1.53465
1.62388
1.50138
-0.251594
-2.46752
4.15845
-0.793056
-4.1289
2.2941
-5.89696
2.72446
0.930354
-0.850744
-1.23518
-1.40695
0.769356
-0.0850657
1.75508
-0.244703
-1.78468
-1.67918
0.354626
-0.497943
2.1352
-1.42092
2.06305
2.53553
-2.6527
0.11103
3.29304
0.690036
-2.96374
-2.70316
0.903436
4.43923
0.67284
-1.62175
0.475483
-7.78843
1.28126
1.70601
-1.31628
5.47071
-2.20611
-2.45458
0.259243
1.05203
1.4914
-1.34204
4.2191
1.15243
0.410686
2.52849
4.68803
0.918695
0.254544
-0.115308
-2.31405
-1.43276
2.46578
-3.35602
1.76469
0.463405
5.53121
0.504166
3.53171
1.78139
1.2998
-2.71807
-0.865288
1.97595
1.25496
1.16228
0.329006
-2.01731
-0.253124
2.99755
5.31363
-1.39033
-4.14949
3.08368
0.300259
-8.90677
3.31428
4.06973
1.71092
0.580886
-3.57237
3.51252
5.49451
1.49116
-1.68459
5.0271
3.44087
-1.02624
-5.53705
1.61067
5.181
-1.42984
1.06442
2.89512
0.483857
0.0543771
4.08516
0.186018
3.06788
2.44009
-1.2888
1.43475
2.55071
-3.50639
3.85659
3.55468
2.68507
0.916354
-1.71675
-0.272413
4.20208
-4.23694
-1.33982
-2.44382
5.90836
4.96408
0.537422
-0.0694052
0.828778
1.77215
0.792047
1.86078
-5.89258
0.315149
-0.130236
4.37881
-0.763271
-2.71142
-1.03063
-6.14704
-0.63056
-1.12358
2.47047
4.48161
0.0876655
2.56243
1.66185
2.43263
-3.6607
0.79808
-1.00751
0.456838
1.30008
-3.57347
2.51171
-1.42151
3.9933
2.28682
-1.40398
0.103596
-2.30598
-3.39797
2.683
3.20229
3.04833
1.41398
0.776381
0.231867
1.27024
3.02054
1.66785
1.80937
-3.99324
1.02242
-1.2188
2.74742
-2.10869
-0.212061
-1.57183
2.86067
1.61905
0.330437
2.83252
0.115329
-3.80174
4.90023
0.836404
5.32953
1.61111
-2.74109
-3.50796
0.412188
2.74083
2.63685
-1.6527
0.113625
0.888385
0.0906031
2.02145
-1.11396
-7.02103
-3.09005
1.72065
-1.55584
-0.913159
-2.66077
1.9645
-2.24036
-3.22644
0.988313
-2.16809
-2.07944
1.52773
2.96521
1.63243
3.48825
0.83619
-0.245418
4.83275
-3.84041
0.0898837
-2.14961
2.16897
1.46948
3.68808
2.34565
-2.35845
2.75665
-0.491209
-0.133159
-3.55047
1.66706
-2.83857
-0.454367
1.92448
-2.89522
0.154976
-4.19944
3.48917
-1.36947
-1.20761
1.2016
-2.65913
1.73133
6.2984
1.84048
0.678074
-1.39682
-1.11225
2.30078
3.31792
1.09101
0.737245
3.96753
-0.967575
0.309636
3.28906
1.51754
-0.332098
-2.76963
3.92936
-2.69514
-0.572353
-0.378157
-4.09774
2.42345
0.64551
2.97165
1.91744
3.5377
-0.808079
2.8657
1.45305
1.28452
-0.269682
-2.99761
-0.105726
0.086516
2.30571
-3.63525
-0.937494
2.98693
4.63052
4.5668
1.88276
5.84521
4.14528
1.69007
-3.83111
4.79041
0.199039
3.38208
-0.716312
-0.3195
0.43075
-7.61398
-2.34531
1.44048
1.55418
5.24108
0.198116
0.685455
-1.15228
2.8495
-1.08681
0.954323
0.234342
-3.5649
-0.996694
-0.852329
1.89502
4.19433
3.00768
-1.09595
2.45676
1.35865
1.61844
-0.123636
-4.43743
-0.678806
-3.06101
-3.56378
1.69117
-0.894452
0.629486
-1.31989
1.10042
2.67179
2.9437
-0.456867
-8.08919
-3.7489
-0.0240677
-0.162893
1.5164
-4.66344
1.88536
2.0464
0.90048
1.56254
-3.22159
-2.63323
-1.63094
1.68959
-2.00792
-1.15809
-0.344032
-0.370078
-3.72741
-0.798327
3.73126
2.05348
3.52614
0.776808
2.2476
3.60471
-3.11701
-5.34695
-3.25689
0.0336965
-0.974997
1.45371
-1.36839
1.19374
2.32927
-2.06678
1.92674
0.426323
-0.161371
3.79251
0.719674
0.666563
0.726675
2.31261
4.88055
1.00095
0.0516044
-5.76403
0.451392
0.324338
-0.787856
2.28747
-1.62124
1.53104
-0.798447
-2.53121
2.37794
2.18897
4.6128
2.68613
-0.399962
2.16737
5.40528
1.13304
2.83995
-0.492893
4.25643
4.51893
0.46309
-0.0985346
-3.39679
0.70008
4.74213
-0.260203
3.50324
1.5675
4.13114
2.94635
-3.60837
3.30457
4.04958
3.93355
0.893111
-2.851
4.68427
0.744841
0.212733
0.492994
0.312469
2.13195
0.324985
-0.684547
1.51459
6.03124
2.97596
-2.02344
2.58758
2.21849
4.08052
-0.456488
1.27668
3.76485
0.799384
1.99963
-1.36194
5.13197
0.509942
6.64272
4.87113
1.50823
2.97385
3.43945
3.54476
0.975572
-0.323327
-1.65436
-3.06208
1.78831
-4.24646
4.63994
-0.833708
0.546886
-3.12456
2.12769
0.149784
2.55725
-2.60577
0.00453011
0.0603023
-5.51456
2.18312
-2.44318
0.980819
-0.599562
-1.12459
1.56829
-1.56293
5.1581
1.85112
2.97733
-1.45973
1.88471
-1.50239
-3.66048
7.43417
-0.238338
1.75282
-1.85806
1.76431
-2.10892
-0.428849
3.6053
1.33046
0.777539
1.33702
3.05315
5.35738
-1.91167
-3.79496
-2.7725
0.528009
1.89068
2.36915
-0.0561041
2.80066
0.574452
-0.641363
5.37707
-2.15735
2.65787
-0.787215
-0.0199236
1.13412
-3.00786
-2.68182
3.51711
0.696211
2.90497
-0.401844
2.17114
2.60317
2.57393
1.64252
-0.0634114
-6.08387
1.04315
0.455766
2.47501
-0.20394
-0.948294
1.0305
-4.13151
-1.65132
-0.716885
3.13783
-0.596534
2.29898
-1.27115
2.52386
-0.813133
2.82182
0.298007
-2.65461
1.96267
3.49203
0.36469
-0.302609
3.37683
1.58933
-0.793234
1.3452
1.10987
0.262693
-3.95275
2.89426
-1.67704
-0.0405324
-0.693902
2.91728
1.61104
3.40714
-2.15626
-1.68
0.343248
2.45221
4.06743
1.37814
0.476436
-1.09045
0.079181
-0.655154
-1.42246
-1.74104
2.23865
1.86001
3.20542
-2.74076
-9.00823
2.68215
-2.52653
2.57779
3.03404
1.10557
0.469047
-0.520653
2.37903
3.54388
4.00142
3.88939
-4.7864
-0.18279
4.37103
5.27157
4.56101
0.0989796
3.36013
-9.18232
4.47743
-1.5631
-1.27658
0.167571
-0.950802
1.65923
-0.969458
2.04147
-0.812722
1.26562
-3.60327
-0.501022
3.21974
7.65135
-3.60298
3.34556
-3.50629
-2.03889
0.636151
1.80098
4.60017
-1.45564
-5.08185
-1.74315
0.489448
2.27481
-0.517633
-1.30716
4.08063
-0.810087
3.41966
2.06904
-0.338404
-0.174218
3.5226
3.7452
6.61873
-0.626468
-1.08848
4.83222
5.1806
-2.51779
0.67724
1.54093
-0.602546
3.79635
0.657599
-0.130322
3.63516
3.05402
-4.09559
-1.27556
0.136019
1.41454
3.80622
2.74464
2.50649
0.886011
-0.672893
-3.26561
-0.326525
4.48541
-1.77219
-6.11601
-0.941222
3.19415
4.77839
1.8383
-2.23295
0.129834
0.845292
-1.12352
2.42596
-1.23363
1.90019
2.18005
0.101717
0.69868
3.68773
-0.213544
3.8624
-2.30227
0.710704
-0.453259
-0.727661
0.685286
1.68975
-0.917705
-0.220921
0.837253
-1.29006
-0.519885
-0.375714
1.74123
3.74349
1.14011
3.34944
-3.68168
-2.21042
-4.51141
5.58715
-0.563977
4.10937
-4.23715
2.05427
3.02436
0.0507546
-0.766607
2.04457
2.15054
2.20156
-1.90786
2.53645
-2.74842
-6.14099
3.65172
-0.172567
1.81095
1.39272
0.223804
0.778722
-0.37628
0.024661
2.05352
3.3555
-0.0890141
0.77333
5.93487
2.62377
3.15232
3.27197
0.930086
5.00888
-0.76228
2.70843
1.26007
-0.672816
-4.39695
1.63509
-5.08454
3.34792
1.2046
-1.34431
-1.35235
-0.321309
-3.72582
-1.62412
-0.855177
2.02968
1.3296
-1.09387
0.593741
0.980342
-3.82872
6.05016
0.343534
1.57511
1.30284
0.483232
2.80206
3.65234
3.4732
1.70487
-0.424158
-3.97834
-0.908141
0.533269
-1.7966
0.686805
4.38495
5.02455
7.44016
-6.07385
1.97315
-0.659081
-3.24609
-3.07827
-0.92255
-2.38036
-2.48614
3.41761
-3.50425
2.63322
-3.86285
-5.38243
2.63304
4.23751
-2.74166
5.30229
-4.14932
0.921252
1.58927
-0.193512
1.52556
-1.33985
-5.00642
1.07747
4.34718
1.62334
1.62719
1.20637
0.545872
-5.43161
-3.1342
0.744387
0.164436
-5.14137
3.0749
3.00999
3.02118
-1.07431
2.0061
1.21051
-0.309831
-5.68068
2.79437
-2.4973
0.297028
0.047023
1.97978
-3.52099
-1.15381
0.955293
-3.16906
3.47514
0.556186
-2.04555
1.40038
3.10879
1.82158
1.42453
-1.03918
4.45227
2.75134
1.2218
-3.69295
2.55793
1.12513
-2.88137
-4.85166
0.581478
1.62789
1.49652
1.64962
2.22323
-3.51642
0.714436
0.408445
1.75786
1.58957
-0.242693
4.25384
0.0195167
2.2824
0.367177
1.1955
0.31166
-0.429584
-1.17611
-4.91604
-3.73927
5.30207
-1.96102
-0.641646
-0.114684
0.273918
0.997354
0.0431724
-1.62084
4.17539
0.708251
-1.03677
-6.10414
2.02529
-5.77402
6.16359
2.75884
2.50802
0.325608
1.95426
-1.03434
0.565763
0.250902
1.52676
5.05203
-1.04855
-2.13744
2.90081
2.88812
-0.575182
-1.79102
3.71259
1.42237
2.71867
0.282903
-2.81952
1.5185
-2.32609
1.22934
-1.41021
-0.0960388
-0.94864
-3.06128
0.0216837
1.73308
1.23255
0.696943
0.853915
0.119741
2.54051
2.40275
-0.103409
-0.00449238
0.930678
-1.40624
0.828903
4.28122
3.19257
2.98543
1.27511
4.41865
-1.94395
2.77818
3.81428
-0.150422
3.40353
1.21146
4.56777
2.63686
-0.426315
5.6371
4.03275
2.80812
-0.996282
-1.24614
1.03256
2.37031
2.98858
-5.3283
5.3964
-0.529855
-3.11629
-0.692857
-2.55667
4.45761
2.11846
-3.72994
0.280525
0.142943
0.975173
-3.13122
-6.10333
4.90715
1.29148
1.25863
-2.57665
1.67308
-1.02754
2.54983
3.9447
-1.62995
-1.21137
-4.03296
3.26088
0.409246
1.32316
-0.347923
1.56654
4.53775
6.13841
2.01053
-2.86699
-1.02217
2.88262
2.57354
3.62653
-1.42089
-1.70938
3.79538
-0.750172
1.28672
1.57957
0.152445
4.80315
4.99718
0.393988
1.89161
3.21405
1.67094
-0.838531
-3.60145
0.701811
2.47741
-0.362294
3.21713
-0.231386
2.20096
4.85708
1.07378
0.190273
4.2092
3.87346
4.21435
3.398
5.99908
4.9617
0.178475
1.76755
-3.57749
2.89098
2.6236
1.35697
-4.97057
5.19303
-3.25995
-1.82551
-0.99039
2.70718
1.42025
0.8566
1.58936
-2.7014
4.49844
-5.43929
-9.71029
1.91053
3.16974
-0.222756
-1.04593
-6.258
1.27071
-4.73768
-2.98099
-4.04786
-0.0576092
0.685169
2.61674
1.79593
1.68298
3.21513
0.715251
-3.66243
2.50342
1.15005
2.30388
1.46819
-4.00464
-3.99741
-0.704889
4.1651
0.164466
-3.03246
-2.89581
-0.597837
6.04782
4.3823
-1.96409
4.99293
5.71914
0.796345
0.100012
2.97047
-3.94615
-1.55947
-3.75418
-1.23544
-4.6755
-1.29564
-0.826788
-5.56275
-1.91278
0.0375754
-1.19444
-8.15899
-4.32763
2.6532
3.99483
2.33526
3.88538
-5.36124
-2.3942
-3.44612
-0.905306
-1.28972
3.94233
-1.59976
0.440382
0.638445
2.10338
-0.270283
2.49195
-0.621209
-0.608172
-2.66146
-0.394676
-4.49869
-7.21095
4.59956
0.285266
-1.69869
-2.02486
2.43441
1.83113
-8.17239
-0.65824
-1.50658
-8.3477
0.447986
0.843381
-4.52688
-1.50262
-0.891385
-1.52185
0.92517
4.18522
2.3702
-3.77151
2.40849
-0.360386
2.04652
4.18565
0.120171
2.05361
0.938112
1.97102
-3.11653
1.96947
-0.443252
0.843624
1.06451
3.27651
1.27136
-4.74144
1.19353
0.446431
2.20838
3.11816
-0.545768
0.684002
3.91643
4.14036
-5.57257
1.22518
-2.6654
-2.08275
-2.74592
2.23876
0.298971
3.56165
2.0475
0.508317
5.87849
2.6081
0.156263
1.22392
3.22367
-2.31868
1.7707
2.6913
0.0475017
3.60293
-1.10173
2.8302
-0.514755
0.384406
0.257531
1.08585
4.62081
-0.88061
-0.89761
0.982046
-0.315126
-1.32207
-0.838773
-1.68032
2.01686
3.29626
-1.73763
-0.338542
-1.83833
2.03015
2.39921
-3.60994
1.91232
0.694315
2.85545
-3.08154
-0.490157
2.17544
-1.14832
-5.98696
3.13666
-4.30286
-0.170456
-0.0266334
3.5456
4.94935
0.845318
1.88158
0.905215
-1.57349
3.11117
-1.01328
0.0343579
-0.0962987
-0.0124759
0.696729
2.81747
1.0897
-0.28253
1.50117
0.294875
-0.349074
2.08717
1.86261
3.35537
-2.54208
-1.06131
0.737488
1.65817
2.36125
2.38724
0.0170287
2.06622
2.64275
-3.09339
0.956365
0.225173
0.177554
1.76955
2.0516
3.45862
1.29381
3.97886
0.625484
2.02867
-1.21133
1.57308
4.21351
3.99392
-1.07904
2.62277
-0.626989
3.23938
-0.605832
4.16505
3.7834
2.89929
-0.15935
-3.67546
-1.77397
2.24053
7.49458
-2.5241
-2.74339
2.74516
2.32129
4.25228
2.24533
5.5713
-1.7152
-2.70313
-2.29713
5.19512
-2.34889
1.52535
-0.0164959
0.160852
-3.6116
1.9321
5.39539
2.70168
3.5113
-1.97692
2.10367
-4.45955
1.33554
1.26671
5.60329
2.09566
-2.07415
-0.0905097
-0.875654
-1.16027
-4.13075
4.88163
1.30607
1.42018
-0.470221
5.30991
4.99754
4.13265
3.62134
0.22474
-0.160094
1.181
-0.192623
0.0324623
1.15415
3.66654
-1.71188
6.5221
4.12354
-1.46726
3.69161
-1.13341
-1.7335
4.19542
4.95941
-1.04621
1.04071
-1.8522
2.61042
1.87762
4.21888
3.70276
-3.17975
-2.55148
2.56163
-4.97224
-0.232228
6.27253
-1.99852
-2.80312
3.62694
1.67133
4.19344
-1.26285
0.221719
-1.73721
1.08656
-1.52733
4.37849
2.89014
1.1832
-0.817184
3.41052
3.22244
4.3847
7.72234
4.39378
-2.85837
-0.796373
-0.305431
-6.61163
-6.97285
-1.08435
1.29166
1.92111
0.488753
3.0289
5.23372
-2.80711
3.05559
6.30424
-3.67722
5.58562
1.46676
5.40413
5.31066
2.3627
-1.77262
-0.0351513
0.0277396
2.17793
2.96776
-1.35442
-0.665448
-2.74855
-2.90614
0.980765
1.15537
-2.44759
-0.169281
-0.431153
0.707019
-0.844642
-1.91908
1.96888
-0.0728779
-4.87035
1.28862
1.05788
-3.13289
5.47246
0.104348
-3.60796
-3.23531
-2.4944
0.232638
2.42303
-0.727575
0.939381
-1.87082
-3.37448
-3.72276
0.666094
1.88812
3.38733
3.91037
0.600358
-0.00252659
0.502002
1.98751
-0.934121
2.88965
1.88982
0.299748
3.93373
0.576729
-0.743129
-0.742099
-1.6727
-3.66049
-0.793925
3.58083
-5.31268
2.52834
1.84899
4.25164
-2.07567
-0.562207
-0.315827
2.42832
1.48579
3.91516
-2.45623
-0.917319
2.00586
-0.0823537
2.97552
4.08503
-0.868714
-2.93652
-0.399513
1.2443
2.62086
2.7185
0.847336
0.382816
2.01979
0.358123
-3.2242
-3.32117
4.2621
-4.86009
-1.32972
-0.682171
0.988657
0.610441
1.09442
-6.86917
-3.87935
0.922269
-2.03696
-1.9051
2.31052
1.20593
-2.53721
1.10072
3.87667
-3.31679
-1.38403
-3.33035
3.7187
2.23489
-1.28791
-5.45321
4.73269
-0.54113
-2.55562
5.14201
-2.70945
4.62799
1.72047
-0.273857
1.83637
-0.746779
-3.33232
-0.475279
-1.06946
3.86456
-2.91847
-4.02625
3.60592
2.71452
-0.666261
-0.00216845
-0.284515
2.36269
5.18865
1.23596
3.35177
3.73703
-2.88048
-1.84069
5.53662
1.28255
2.26483
-2.98676
-2.67789
2.51506
4.94355
-0.524731
0.4456
3.72324
0.843755
6.18981
5.10403
0.647128
2.46929
1.06741
0.323816
0.0509503
-2.92153
0.24414
-1.89709
4.33814
1.46193
2.5851
0.647352
6.40145
0.53076
-1.98714
2.30522
0.552562
4.52585
3.79648
0.118301
6.38179
4.59222
2.22699
-0.688778
2.69999
-0.314969
1.04148
-0.00857767
-2.52068
-1.69351
-0.54462
-5.59708
-3.19718
1.65932
0.174417
-1.00719
-1.73354
-3.13377
4.35021
-2.1351
-0.298041
2.97156
2.56604
3.78896
4.94371
-2.71735
2.25824
-0.0454443
7.58738
-0.233154
-2.04912
0.839148
0.646287
2.45281
6.09856
0.473922
-0.523013
-6.04644
0.0236716
-0.792338
1.19467
2.21941
0.008809
2.93037
-1.09688
3.1014
-0.581148
0.945173
0.612076
-6.35466
-0.788406
-1.95966
0.239718
0.667222
2.93889
4.01309
3.37222
-2.20558
0.296294
-2.17648
2.59158
-2.08412
-3.95522
2.57216
0.889549
0.272424
1.68308
3.45484
3.70144
-3.83128
2.19657
0.25371
-1.22191
-0.447881
2.29949
-1.27155
-2.26156
3.55573
4.34353
-2.16609
-3.95624
-0.815744
-0.565194
3.06676
3.86858
-1.40655
3.0556
1.83904
3.65936
0.781403
2.49242
0.509496
3.13269
-1.8518
2.59606
0.271345
3.6736
-2.94545
-0.123162
2.90765
0.608132
3.32631
5.3753
2.2821
1.49179
2.19796
-0.636378
0.645397
2.96544
1.40201
3.33442
3.93786
4.33094
-2.82438
-2.50475
-2.4703
1.51723
1.91342
1.85294
-0.86634
-1.65012
-3.3551
0.55851
1.59078
0.300669
-0.709956
2.87545
4.25132
2.00796
-3.24777
1.47786
1.79322
-0.799815
1.77844
3.55853
4.68956
1.12584
4.02268
3.19769
-0.12886
2.56303
2.81835
-1.44493
-3.29734
-2.6456
-0.659531
-1.22606
3.23007
2.73411
0.807376
1.71989
-1.38304
-1.30348
-0.483742
-0.787286
-1.26394
-0.500167
5.05114
3.66701
0.593383
-4.14685
-0.0217414
-0.937125
4.51903
1.11522
-2.66602
-4.21559
1.14186
2.91528
-1.64365
0.63777
3.7289
-0.706893
0.260099
4.39937
3.96717
1.42878
3.84801
2.12617
0.480529
-0.0582674
1.42321
4.65412
1.97952
-4.3181
2.64559
-0.632791
-0.923725
-3.13493
-0.0400043
1.73426
5.82578
5.41483
-4.52388
-0.290727
-0.697749
-2.05712
0.729564
2.15705
-2.27874
-5.96417
0.928477
2.66331
5.21316
3.19895
2.21586
-0.734986
2.15683
-2.14442
4.39505
0.190917
1.88675
1.6647
4.93866
1.53256
-5.34325
-1.35723
-3.08338
-1.59793
-1.00935
1.3594
3.97887
1.83425
2.75314
-4.27958
-0.0913067
-4.38433
2.20945
5.46591
6.10586
-0.833773
-2.58877
1.15401
0.907994
0.255737
-0.290788
3.93211
-3.20627
1.67991
-2.63308
0.192566
1.71947
3.27311
1.71594
-1.64282
3.95814
4.46878
3.6663
0.769127
-4.71494
2.63093
0.881238
2.03159
2.16151
0.415877
1.98597
3.97893
3.19415
1.06248
-3.09001
4.49156
0.564519
1.13642
4.87091
1.1879
0.184615
-1.81729
0.148265
0.668294
2.46509
0.375727
2.56789
-2.71973
2.55081
-4.98354
-1.60107
3.03843
0.57457
-2.45787
4.29847
2.99111
2.00769
1.53262
0.396562
1.28896
4.11107
-1.27333
-0.0649499
-0.0237567
3.68155
2.76539
2.03444
3.31266
-0.326011
2.20376
2.2248
0.300748
0.0517676
2.24102
2.19521
0.900829
-3.71454
2.1655
-1.09397
5.89903
-2.74608
3.23104
-2.80611
-0.702147
-1.59117
-0.988378
-1.38317
1.66498
-0.374554
2.49954
-1.80412
3.01937
-1.27516
0.0508874
-0.102598
2.04139
-2.31713
-1.34739
1.3454
-1.75508
-1.64359
1.95199
-6.61079
-5.00748
-4.38622
-1.4107
6.3393
-6.2767
2.8163
3.02399
0.753028
-4.81328
1.65329
0.139075
-1.86752
-6.05621
-2.47727
-5.53401
5.30401
0.0701984
2.76212
2.62576
0.478903
0.636376
4.29525
-1.88369
-5.00335
1.55738
2.55736
4.63958
-2.60768
-4.80893
-3.70783
-6.43005
-1.00252
1.04131
1.03484
0.0854207
2.54168
1.862
3.9759
-2.77753
-0.482199
-0.751359
4.33344
-3.36355
-3.91015
-3.92946
-4.58127
2.69283
0.927992
5.14192
4.31717
-0.39611
-0.810726
1.87946
-4.45224
4.44358
-0.271225
-2.50359
1.31848
0.626014
3.05416
1.83714
2.87037
3.23877
3.03562
5.15309
4.23122
0.95125
3.46404
2.27675
-0.0367282
2.26507
1.5909
0.668468
-1.31518
2.50023
-4.63983
-2.34667
-0.130791
3.36965
-0.364087
-2.67408
-0.40134
-5.42617
-1.15314
0.0577579
-1.01469
1.45985
5.62777
-1.06142
-2.09126
1.22995
2.83805
3.87898
0.148283
-3.59462
0.217997
1.12826
0.839697
-0.0534869
4.47991
6.41784
2.52582
-0.757851
-4.79216
5.50432
-0.804125
-7.69198
-0.154703
-1.06537
6.2926
3.90267
0.554155
2.07143
0.407135
2.35769
1.67897
0.0225168
1.13091
-0.721267
0.0771663
-5.04726
-4.65749
-0.295158
0.583843
-1.37297
1.84531
1.57165
0.643124
-0.674543
-2.22271
3.87969
-3.45192
1.23828
2.99405
-0.453756
1.0577
3.89175
1.0993
-2.03079
0.386962
-2.70215
-4.05984
3.87061
6.40319
1.35473
0.457951
-0.709568
-0.227283
-3.90863
-1.25587
-0.65412
2.31183
-1.27154
0.857595
0.103703
-1.73951
-3.09326
-5.2012
4.10315
-2.00125
-7.38817
2.14274
6.88301
-2.73879
2.48596
0.360637
1.75853
3.82448
0.224668
1.17376
2.8353
1.88814
-1.40172
1.69168
-8.83693
4.39802
-0.563216
2.91323
-0.113377
-2.03267
2.01925
-1.99686
-0.00783768
