-2.59423
-2.59759
4.30078
-0.568594
0.9087
2.00054
2.74726
1.55914
-4.88984
-7.82049
1.22837
-3.85923
4.82866
-4.38336
1.98149
-5.84657
3.20239
-2.07328
-4.89669
-0.356959
4.69386
4.27353
0.302569
-6.05421
-0.966729
4.45992
2.53061
2.31149
2.139
3.68781
5.81211
1.09081
-5.17287
-2.7315
2.02
5.45684
-1.22978
0.25413
-1.83791
7.83275
-2.02889
-5.02312
6.68248
-3.57123
6.53553
2.50174
4.42699
3.0093
-3.8563
0.802424
-0.59263
-0.051467
8.72737
3.87229
3.7665
5.53268
-4.77895
0.280358
4.18296
-3.64635
-8.35949
-0.913391
5.95602
3.24944
-1.35532
2.36656
6.18313
2.98723
-0.237845
0.683692
-0.311816
1.72138
-7.65953
3.6001
-0.484887
6.65343
7.38876
-6.26428
-9.84936
5.61136
-3.3586
4.92544
-0.161638
-1.79377
-2.21306
1.83501
-3.1238
2.12464
6.97528
7.3184
-2.99716
-2.49847
0.74801
5.90658
3.31549
-0.675224
0.0824567
-0.732018
9.74354
0.194794
-0.894718
10.3026
6.25121
-0.93568
-5.63817
-7.08123
-3.47972
2.36997
-3.9123
3.99724
3.07796
-4.26013
-0.591312
3.20283
6.00145
0.431632
12.1333
-1.77577
0.40365
7.03775
2.19554
0.00297142
-3.23134
-7.21262
0.867643
-0.587347
0.176177
3.10745
-0.946497
-3.4155
10.8968
-2.76829
1.33735
2.55075
-0.889724
1.05006
3.45275
0.483585
4.14712
-1.56242
-6.66051
-2.8463
-4.48416
1.09727
-9.26838
2.53349
-4.78
-1.51547
-2.68398
0.0846898
10.0588
1.15805
-0.602519
-2.09299
-0.0427489
8.42018
2.80109
-0.753866
4.80495
-0.71184
3.37584
-3.65785
-2.64362
-2.07612
-5.7044
1.45701
2.924
-3.12953
0.685947
-5.11271
0.926834
2.34712
0.432193
-1.04808
-0.575816
-7.94749
5.33511
0.218999
-6.66458
-1.05884
4.84304
4.65356
3.48208
3.36654
1.3075
0.971211
3.66397
-2.24703
-2.51265
-7.4206
-4.48574
3.85732
-2.6375
-6.28844
-3.90905
-0.626005
6.24062
-0.776766
-4.93579
4.41545
0.821641
-1.04493
-2.96105
6.37154
0.669212
5.48862
5.1237
-1.30258
1.73573
-6.56573
4.16734
-3.79898
1.9855
-1.61481
1.72323
-3.65974
8.30055
-2.06599
-0.532964
-0.793587
-6.40525
2.62896
1.84263
0.409644
0.339817
1.20037
7.35365
-2.47797
1.32984
4.35427
-2.90189
-5.11312
0.741106
-0.526523
-7.2674
0.702804
-0.725247
-6.84645
2.35793
3.87682
4.39238
8.83786
1.63532
0.565345
-10.332
3.0898
-3.48739
-0.418033
0.809169
-2.81712
4.53004
7.45719
-0.693897
-0.68935
0.565
0.786467
-6.01732
-13.1473
-0.540869
0.683746
-4.69248
-0.676728
-0.524552
-3.05259
2.97195
-2.18683
2.40286
-8.7348
4.13223
0.448176
7.12306
-4.9812
-5.39277
-2.88802
1.25473
5.39663
0.00128833
-1.35128
-6.62403
-7.54703
6.71386
3.39161
-16.4689
-0.694637
-11.1691
1.25976
2.95024
-4.95575
-3.65274
-5.6369
-10.6902
2.80584
0.519363
-0.422731
-1.26326
-9.17701
-13.2427
-7.20017
2.38219
-6.97295
2.31514
1.13718
3.76987
-1.17694
5.82225
-6.45651
-3.33401
-2.17644
8.54503
6.35135
-2.73387
-0.262713
-5.01734
-4.17902
-0.26224
-0.287097
4.73837
0.127619
-6.81286
2.04174
3.43151
4.02363
0.314544
-5.03326
-6.72362
-2.32779
1.05868
0.927301
-4.11168
1.56115
0.325228
9.51619
-3.9563
-1.85094
8.56318
-0.112416
-3.74377
2.96207
2.17526
-6.26142
2.50154
0.62561
6.66011
2.64604
1.53558
5.2443
-3.06968
-2.56739
-3.39518
-6.73646
-4.77234
0.76076
1.53292
-1.73138
-5.2514
7.62781
5.10033
2.48045
-1.41061
5.74453
2.31265
3.36468
5.00649
-0.94225
-0.0179632
5.48334
0.117519
3.1739
3.52635
11.8906
10.0213
-0.209708
-3.43467
0.970868
7.29119
3.21436
0.505431
-7.81159
-3.97036
-1.05696
6.11283
2.38412
-7.60963
4.94618
1.00066
2.30078
2.6771
-1.89164
-4.86552
-6.12175
-5.62499
10.5633
2.52355
3.18232
-2.97958
7.11325
-1.88565
-0.581606
-9.43453
-3.3075
-4.86264
2.21677
1.71517
-3.40114
-3.90768
2.15838
-3.66093
2.16952
3.9907
-4.25744
-3.98841
1.12964
-3.15408
1.8574
-6.62113
2.98038
5.04722
-0.135732
-1.9132
1.4012
-5.88206
-0.268385
-2.28809
3.21781
-1.9021
1.38809
1.22937
2.60944
5.99721
-4.35131
-7.53659
0.774443
-0.26658
5.37348
0.131789
3.55635
-8.4405
4.64566
4.88986
-1.93932
2.1254
5.11663
5.11069
1.14871
-4.33133
0.453329
2.36915
0.0417653
0.472893
-1.82685
-4.8602
3.58145
4.33368
-7.83162
-0.0126021
-5.86822
-5.77813
1.16455
2.95489
0.270889
1.30295
0.868613
4.51166
-6.72826
6.64926
2.10336
1.81278
-1.35814
7.15981
1.26831
0.14194
4.6256
-4.27146
0.574032
0.505349
-4.63096
-0.451655
1.04785
0.211783
2.7244
2.35222
4.65084
1.84413
-3.92534
1.12195
1.36354
1.52461
5.72979
-3.55593
-5.17325
-1.28436
2.27645
6.58624
3.20061
4.62111
-0.546641
-3.31683
-4.33012
6.14764
1.86084
5.85976
-2.20671
-0.823539
-4.91541
0.237011
2.66026
7.16168
-4.05088
-8.15578
1.69274
-2.30921
3.56231
1.68663
3.69516
-1.18787
2.51888
3.26365
-2.72702
3.05371
7.10804
5.47674
-1.96737
-4.95782
5.25054
5.46877
-7.82922
2.91719
3.06833
-1.37816
0.742097
-3.89884
-2.56322
-6.63646
5.64253
-2.13684
5.81534
-1.61706
1.76359
-1.35961
-2.20018
0.262392
2.59103
-0.0102119
-0.658661
-4.25285
3.80435
0.781296
-0.0560533
-5.06303
-11.5412
2.81105
-0.828039
-6.15547
-5.41812
-3.18174
-7.44174
-8.35486
0.611074
3.20923
-3.85042
2.12396
3.60051
-1.0096
1.41765
4.80626
-2.27924
2.79173
6.53472
2.84906
5.40026
3.64948
-0.714255
3.28802
-2.68183
9.06649
6.96486
-5.52746
1.91488
-0.494576
2.15703
2.80156
2.74706
-3.62876
-0.136168
-5.37426
-5.51954
1.74276
2.43206
5.36392
3.84254
-7.15017
-2.65406
-5.82553
-7.25972
-6.75042
1.66535
0.412295
1.83638
-4.4016
-2.18063
-5.39277
4.90761
5.73137
-0.944281
0.726959
-3.56538
-7.44382
-2.95607
3.65193
3.58019
-3.43982
-0.0869104
-0.459836
0.304244
7.15644
-5.88514
5.67772
-8.88204
1.28739
-0.628356
-1.39714
-2.17134
2.1768
0.365268
-10.5758
0.544923
5.87327
-0.10771
-2.49023
2.27816
3.44572
0.753294
2.34565
-2.73184
1.37377
-4.75603
3.39147
1.16706
1.86946
2.11389
-5.27478
-8.72169
0.691293
4.92042
3.57915
7.92544
-4.18035
-3.12448
-3.79668
0.860611
0.898222
2.3124
3.12256
7.40157
10.5011
-3.60675
8.5751
3.162
1.96029
2.15791
-0.585928
3.4615
1.58304
2.36217
5.56115
1.36458
5.49632
-2.7315
-2.67096
0.101482
5.59271
-2.8793
-8.43304
7.55078
-1.12718
-1.68148
2.2698
3.42703
-2.46866
-1.59117
7.88928
-7.68701
1.48858
-0.597388
0.0507838
4.65884
3.27619
2.45807
-3.87614
0.280502
1.4043
2.98116
6.57446
-0.232916
3.97281
0.816765
3.0489
-0.222402
3.95642
-6.19777
-1.00151
-1.46213
5.03812
2.10193
0.172499
4.58426
4.63652
-5.30638
4.36187
-2.55532
4.2385
5.86769
4.69059
-2.82138
2.67678
3.60304
2.30246
6.47212
-0.0404947
0.00257766
-0.0885238
-1.57045
-5.17754
1.69398
1.21739
-1.36866
-0.660292
-1.81484
-12.1455
-9.15637
-2.17258
6.02213
-2.80803
-7.55097
2.68003
0.669886
-3.02165
-2.52328
-0.49421
-2.3585
0.394225
0.432535
-3.79398
-5.18348
-3.10308
-2.06293
-5.58856
3.70647
2.53812
1.77001
-0.298625
4.6843
2.10714
2.36592
2.31916
3.4047
-1.20855
4.20497
6.71415
1.32777
-2.13635
-3.84312
4.73611
-4.57738
1.48799
2.44416
-0.950368
9.41074
-1.49438
-0.617349
2.52195
0.783253
5.34175
-3.55413
-2.23744
0.696216
4.08332
-6.65085
2.64735
-0.768869
-6.83316
-2.63383
-4.97326
-0.43017
5.11268
0.265167
6.16563
5.10708
3.07499
4.86672
0.0928677
0.485526
0.64888
3.84341
-3.42804
8.02135
0.0885951
6.59663
1.45654
6.95723
0.945006
6.00923
4.98147
4.01493
2.10277
-6.62128
-3.45976
4.4765
-2.35711
1.97443
-3.16945
8.66577
1.21449
-0.32667
-2.70535
2.62702
-0.304162
3.88329
5.48996
1.54003
5.65764
-2.41638
7.34481
-0.876625
-4.83248
-2.86085
-5.56727
3.27914
7.04986
1.12686
-0.993539
-0.899663
-1.28142
-0.632388
1.18291
1.67092
-1.05765
9.88581
-8.78642
7.34696
-0.884136
-1.86351
5.57635
0.0736115
2.84357
-1.92242
4.8302
-7.30848
1.26323
-3.22054
0.193178
2.76286
-1.17217
6.23359
-4.43011
-6.35582
1.43137
2.73893
-1.77494
-2.09218
0.861371
2.32498
2.09371
3.87785
0.607626
-6.048
-1.65954
-9.4714
-1.13117
-3.37007
3.38653
1.96044
7.04504
4.71085
6.38398
-8.72477
1.03656
2.91812
-1.44298
-5.36849
-4.74084
-0.46222
4.4011
-0.320073
-2.12288
-4.17248
3.63829
1.39125
3.90805
3.87907
-6.18075
1.78916
7.56148
-4.39256
-3.32259
-5.62752
-1.69307
2.01917
-2.92521
9.34829
3.59389
-0.865454
1.82602
6.35107
9.5417
8.80368
-6.20547
-6.95809
-5.40779
4.85797
5.86704
5.39605
4.39362
9.30186
-1.80842
-0.675164
-0.12405
5.43778
1.67064
-2.43296
1.50897
3.04993
2.44914
1.19889
-4.53468
-5.90077
4.97068
8.15562
4.35137
6.12735
7.87543
-6.05186
3.83086
-6.52965
-5.91775
0.327113
-2.18414
5.53715
0.830633
-2.49161
2.39366
2.33939
-3.03367
6.05932
-3.18473
-6.03148
8.26665
-0.652821
2.29962
7.46751
1.00349
5.84192
3.77886
-0.062078
9.64443
6.35533
-1.78766
3.64752
8.95944
-2.73882
2.8485
0.556673
5.64619
-0.281956
-2.29613
-1.4747
4.18494
4.68409
-0.528932
2.32467
-7.9307
0.192361
-10.3456
-4.67494
9.07804
-0.446335
1.29679
-2.50554
-0.766077
1.14732
-0.373324
4.96649
1.14687
4.34831
-2.45743
5.87502
6.63254
4.09182
7.58661
1.29193
-8.5638
3.86137
-0.513906
-5.71372
0.494793
-2.40878
3.22438
-3.85475
0.212142
5.3643
-4.89779
3.71274
-0.382979
0.686149
3.13459
-6.17655
-3.70169
-1.02558
-5.87717
-2.69753
7.70564
0.799558
4.80292
-0.00503679
-3.06609
2.34382
-4.00988
-0.876986
8.03092
-2.02597
5.81472
-9.33854
3.20882
0.535035
2.46851
-0.356229
3.5209
-6.03344
1.06702
-2.91769
-7.97865
-1.90055
2.55181
-2.49035
-2.98168
-3.64032
2.64759
1.5805
-1.52904
2.09314
-7.94352
0.360358
-10.9972
4.71362
-0.699173
-1.38733
0.918171
-0.00765363
-9.98522
2.40796
0.286996
0.830656
-4.8138
3.66162
7.42298
3.93827
1.94402
-0.798588
1.35056
-1.0912
1.42981
-2.89091
-2.94773
-0.475358
1.10088
2.04388
-1.22067
-7.40655
-2.71341
-6.28252
3.59476
2.93568
-0.964641
-3.05402
1.7147
-2.17425
-0.935192
0.639664
7.11877
0.0788451
1.22379
-1.27015
0.906224
-9.14208
-4.28371
-3.3277
4.5104
-3.6968
-1.57072
1.01785
3.076
-5.35615
-2.80272
-5.10205
4.1232
-0.159441
-4.73454
-0.0816768
-10.2283
-6.87963
2.0983
4.01927
-0.684924
1.69323
4.33202
7.72733
4.94863
0.278936
-3.23918
1.56785
-12.6301
-4.89991
-3.78436
1.48459
2.15739
-1.94042
8.5663
2.52439
6.18695
-1.06594
12.915
4.64388
0.654158
6.58798
-1.08094
3.79249
-3.39133
-1.32783
-2.013
9.01967
-3.0894
1.97189
1.00032
-7.63917
1.79338
-6.8177
-3.96375
2.87789
1.33885
-2.72661
1.63967
-1.41365
2.47944
0.91424
-4.88845
-3.3147
1.55334
0.731031
0.283386
1.60185
0.231506
-6.29497
5.47524
5.76833
-3.97229
4.09173
-1.65883
0.391907
0.397904
2.48216
-0.34049
4.45513
4.24931
-0.424857
-1.65732
-0.3441
-4.33206
3.63346
0.775029
3.16564
-0.934594
0.372933
6.63834
3.18009
6.67997
0.917802
-2.35255
2.75882
-0.0509378
-3.50973
3.87069
-0.163851
5.75456
3.76188
10.0001
9.15868
0.72097
0.822291
0.25454
3.37543
3.3246
-2.35949
5.29111
5.85318
6.32165
-2.05748
-1.49351
2.27405
-5.87178
-12.7461
6.51419
-0.100917
-3.40807
4.72102
6.14236
4.47932
0.904708
3.16587
-2.57033
2.96048
4.00658
4.48104
2.82336
0.745812
-4.3489
5.09735
2.33992
-2.62136
-2.0941
-7.09907
7.05719
-2.08945
1.63329
7.6141
-2.44538
2.16197
-3.08337
-2.78386
-1.90469
2.36182
-2.58766
3.68581
-1.0788
-1.03516
-1.80702
-5.04035
4.09359
-0.617865
-1.36603
2.13132
3.5467
6.95136
4.9212
9.77392
1.32468
-3.35006
-3.50341
0.864949
6.93716
4.07571
0.830952
5.93591
-13.3798
2.46535
4.45569
-11.9367
3.77545
11.6079
-3.13081
2.83982
0.561009
-3.94578
-4.12456
0.981072
3.91963
3.87553
1.16693
1.51593
-4.29841
2.67062
0.478445
-1.34431
0.831499
5.99251
0.896197
8.80542
1.38365
-3.95259
-1.16945
2.01454
7.48899
5.34976
4.41324
5.32123
-2.82699
-1.47399
-5.8369
-8.08172
0.912866
-5.23595
2.66047
2.35368
2.72669
5.90915
-3.97536
-7.52472
1.09062
1.39
3.43776
1.50225
0.192216
6.76852
2.96123
-1.68507
3.5569
-6.25238
-2.98091
-3.24587
-4.35157
3.59703
6.26666
-1.86441
-4.96484
0.11575
8.43976
-1.67708
1.9295
-3.20621
-5.80693
6.9813
-6.42984
0.584629
-3.41978
-1.53678
2.27547
5.03735
12.3802
9.42433
6.76449
-3.59598
7.159
1.51767
6.25117
4.67497
0.239328
2.20372
-0.809781
7.52601
5.61091
-2.22461
-0.280598
1.67901
-0.0507407
-1.82719
9.14168
-2.2508
0.878743
-5.99862
0.759663
9.79466
-4.93481
-8.28047
1.09038
-3.28537
-2.03402
0.0333203
5.15191
-4.74191
0.195675
4.95639
3.07925
6.54621
0.309848
1.21369
-4.55836
3.20416
-4.94208
-0.038858
2.61443
4.98208
-2.64007
8.43861
-1.6
7.45096
-8.20956
0.611556
-5.66682
-2.72467
4.49807
-4.06912
-2.26499
6.47572
-5.27976
-2.48353
2.84615
-2.34177
2.37365
-5.83493
1.99713
-4.12431
2.55679
-2.98469
4.54969
-0.519699
-0.0226562
-3.70473
3.90736
3.73226
1.1277
-10.0587
-1.25193
-3.04374
1.66877
3.66544
0.713046
-1.07736
7.56351
2.50791
1.04955
-4.61993
4.94498
5.67911
2.04808
5.85424
-10.3469
5.34262
-3.37845
-1.58897
2.02989
-0.0375577
2.58758
-11.8315
-2.34934
7.91429
-6.19074
5.12761
-10.9374
2.35048
2.28335
0.336298
-7.25071
-2.8844
-7.234
-4.81657
-1.96805
-0.834067
-0.116648
-2.53047
5.8835
-1.89251
4.06225
0.8664
-0.872348
-3.32224
-3.37855
-5.14941
4.6799
8.46277
2.61243
3.11002
-2.15615
2.78726
2.97076
-6.66083
4.16282
-1.19942
0.180778
5.85956
-5.14497
3.80308
8.05149
5.39221
2.08125
-0.58776
-13.3151
5.44308
-10.2877
-2.18656
-3.11966
4.90474
-2.44952
-4.84702
0.271906
3.03314
-4.21973
0.562151
4.76403
9.87441
-11.5166
-5.36592
2.37603
7.28045
4.00129
3.30493
-2.25306
4.02728
4.15225
0.890904
0.625672
1.82699
6.68595
3.78238
3.23346
-1.68347
6.93338
2.43097
8.46011
-3.87689
0.964597
1.75389
-0.274211
1.74572
-9.02232
0.124436
-3.20337
-0.8984
2.31495
-6.23075
1.94264
-6.67085
3.59948
-2.55951
3.25851
4.99481
4.52022
2.34496
-3.48525
-7.70379
-3.52811
5.24906
-3.03435
0.362549
-9.87576
-0.575071
-3.31968
6.61338
-1.37527
-0.542707
4.46576
0.944691
-4.9438
5.04973
-0.533201
0.131614
-2.81517
3.90109
3.79405
-2.09794
-1.03329
3.95485
-3.4004
2.57711
-3.61526
-0.658646
-4.11465
5.98599
3.92178
0.0500637
8.36265
1.62843
4.0341
-0.141746
-1.50289
7.36312
5.61458
6.18367
-4.64012
3.3233
3.52624
-0.40403
-7.03503
0.264065
-7.21962
1.22653
3.11484
1.3311
3.25288
4.96154
-2.76327
-0.404452
-1.05529
-2.2076
1.28431
4.69965
2.80742
-3.1596
1.50057
-5.54967
1.48073
2.96014
-0.0698898
3.79213
5.49857
-5.68832
1.88994
4.02814
-4.97314
-1.10709
3.08775
0.260399
-0.648923
1.61646
-0.317351
1.86927
-5.77945
2.7654
3.29885
4.48827
-1.55737
-0.427234
-3.98779
5.26987
0.606743
-5.86634
-2.36454
-7.17816
0.426336
2.02724
0.977155
1.4506
-0.291816
-9.65072
-6.4516
2.19119
4.35653
3.36734
-5.94939
5.29192
-3.56162
8.43055
-0.553029
3.37097
-6.06338
3.36223
-3.21768
-3.48871
0.455198
-3.34973
4.72964
4.42498
4.84154
-2.36527
7.30127
3.03728
2.28977
-0.237686
-7.14211
-3.35674
-0.922309
7.68161
4.84519
-3.21206
-5.9637
2.71798
4.2728
1.96175
-1.45204
4.48953
3.40898
1.24011
-5.85024
-10.2576
0.14574
1.37074
-2.92022
-8.52729
0.964431
-0.430262
-7.15704
-3.04096
0.875257
5.64997
6.44176
3.94945
12.1131
-3.31797
4.22152
6.71381
-5.52045
-1.34866
6.35872
-5.74419
6.19584
0.384381
0.0800528
-2.26077
1.64614
-0.708045
-0.680566
2.26823
3.93431
7.95583
-1.20156
1.60551
1.68369
0.593911
-5.71772
-0.589506
0.387566
2.29914
7.27142
6.0057
-1.04125
0.34792
8.64837
-5.38079
3.03236
6.85605
1.05434
-0.0640676
-7.383
-0.123861
-0.385308
-0.623529
-2.2702
2.89023
0.466519
0.788957
7.83356
-9.57595
-1.84957
-3.27296
1.38129
3.47292
5.79654
0.0853619
4.76584
5.30725
-2.75473
4.16465
2.24659
-2.89586
-1.97944
-1.42752
2.66399
3.05582
-1.64952
2.95464
-0.125612
5.12961
-9.39241
-12.5173
3.57938
3.46281
-0.916099
-2.67767
-4.95446
-0.654187
4.16172
0.20188
-0.524889
2.13943
-0.0550426
-2.59987
3.40286
1.57727
1.93483
-2.12889
1.99324
-5.9906
2.40917
-3.99937
0.34734
2.84008
7.987
-2.49397
1.23232
1.82184
-2.4167
0.0581812
-2.61244
1.76225
0.807475
0.0392896
1.16181
-3.27669
-0.910595
-0.540153
2.6726
0.324546
-0.0453431
6.53099
-2.18414
-2.45828
0.294022
9.23661
-5.2513
7.46313
5.19691
-7.94535
-2.44007
-6.69055
-0.326348
-3.32031
-7.54201
1.43137
-1.71765
0.335324
1.76938
-2.34621
2.00301
-5.06643
-10.453
-1.29545
-0.810634
3.75766
-4.4791
-0.159743
2.55891
2.43887
-0.894085
-4.05156
-0.968897
3.38487
2.1706
10.8252
-2.22068
-1.76341
-2.49948
-4.19018
-0.51866
4.70835
3.42602
-5.80709
4.12643
5.41022
-1.05466
3.72349
1.92531
3.12679
3.09561
-0.905153
4.86397
8.25807
1.86078
1.87778
-12.3776
-3.31987
0.482481
-3.97784
-1.05143
-2.33429
1.6426
1.49836
8.82473
-0.544964
0.448745
6.23517
1.90984
1.28708
-2.33117
-1.46575
-0.18849
-1.79342
-7.79141
0.198682
-6.66018
3.8418
0.702849
0.386211
1.24285
-4.40955
1.39453
1.27086
-0.0386389
-5.09264
2.2075
1.51042
3.75306
-5.44908
-4.06603
-7.93556
5.82056
-3.81461
5.3771
3.11378
-5.4723
4.64634
3.32473
10.1031
2.39116
-0.237936
2.88658
-3.01575
5.13647
0.47946
0.902135
-3.24358
-3.55687
6.12609
0.83446
-3.3227
-0.403286
-0.284207
-2.24657
6.45299
-4.69052
-2.01894
1.42477
-0.954
-4.99749
9.46225
-7.68313
0.235505
-0.652713
-1.00451
-0.905953
-0.684282
-2.57696
0.491814
2.54674
0.641392
1.71993
1.07722
-2.75132
6.33919
5.42016
1.14199
1.02483
3.29586
6.41315
4.13885
-10.7683
4.69377
4.12511
0.0639055
4.39212
6.97956
-2.46951
-2.64367
7.17253
-8.92447
1.34637
0.751684
-2.93712
-1.27163
-3.82311
-12.4722
-1.1495
-3.79445
1.85284
-3.8599
-5.66544
0.243227
-3.43205
2.26929
6.57324
-5.75519
2.05776
0.971258
0.179888
-1.24762
3.90094
0.151264
5.76031
3.09712
-0.66204
2.58945
-1.50193
-0.40609
0.531444
7.06632
-5.24228
5.10053
2.68051
-0.918883
-3.52934
-6.75435
2.12586
0.00490642
-4.6984
-2.72238
-1.53722
-2.86941
-0.334167
-2.69278
-0.146596
-5.3803
-5.65034
-5.07723
-4.37688
-0.613126
-10.4879
-0.199576
1.40683
-0.759002
-7.4746
3.86886
1.736
0.912648
-4.99159
2.17888
-1.64853
-1.64509
4.56846
-2.95493
-9.06034
3.44746
2.50284
-0.907755
2.47453
0.719057
1.62571
3.33091
4.49643
0.527645
-6.73384
0.723066
-3.82456
-1.97494
