2.19453
2.78536
-23.7551
-3.54449
2.04221
-0.792815
-8.94226
-5.05399
6.50092
15.5391
7.26246
-1.23557
3.20012
8.75068
3.42885
6.30955
5.535
18.3847
12.6522
1.68822
9.94166
-6.49107
17.3633
-4.47233
-4.2521
-2.02043
-0.37789
2.00923
-12.4868
4.05327
3.65586
-2.01079
-4.38591
2.87037
-1.54334
10.2183
-0.838772
-12.7205
-4.08129
0.677192
-4.91168
-9.51818
-3.04038
17.6854
5.0145
2.23347
11.9535
-5.3754
-4.02574
-14.0978
-4.35072
2.5936
-5.9305
-8.77547
-3.405
10.5056
1.92602
-6.35976
-8.75938
-6.92684
-3.53742
-4.5131
-1.76356
11.8843
-18.2424
9.30907
-1.6885
-8.27604
4.56406
-17.4119
5.75258
1.2182
-0.296883
0.129895
6.50882
2.33089
14.015
5.65724
-1.33447
-12.077
-7.01525
0.780955
-7.09195
13.7508
10.1149
-9.78869
-17.4272
0.0833228
16.086
3.99697
5.35416
-17.7566
-4.19654
3.39211
-5.13528
-5.40192
1.34532
4.34728
5.35443
7.43812
-0.203752
3.02434
-1.90879
-7.52675
0.959561
5.95993
12.2774
-4.27761
5.66767
7.42469
7.28062
2.53478
-2.91378
-0.50542
-7.41784
0.0829788
-3.19329
-9.43114
-3.54105
-3.73325
7.50627
-0.162745
-6.48119
-8.14678
-3.29226
3.5816
-6.39353
-21.8227
-7.65833
-6.13101
2.90381
1.94385
-10.0774
0.490583
5.52647
10.5066
8.14439
4.98552
2.96495
0.896456
13.559
8.92689
-5.085
1.14569
-0.142415
-0.0545874
-5.34144
5.96661
-9.15873
6.84945
3.8152
-10.498
-12.1445
-6.15635
-6.67055
0.344898
13.0885
-0.427685
-9.94203
-8.02631
-1.45023
-5.38769
-16.5803
-3.27957
0.285121
-11.3225
1.58938
-3.08347
15.7523
-6.02807
0.710192
-1.10634
-9.3811
9.8466
7.656
1.00906
9.48153
10.0081
6.32443
-0.91195
2.04754
0.490429
14.1075
3.79827
6.13683
-6.64442
2.02464
-2.5964
9.95728
-4.12323
1.2355
2.96669
5.84449
1.52857
-7.55341
-6.42989
-2.72765
5.47918
10.6607
9.85897
10.9534
-11.2362
-0.335842
0.14693
-6.83473
-7.30118
-2.83381
-6.51511
-4.83324
-7.37667
-0.953249
-0.470879
-4.23757
-9.59775
-5.06666
4.58156
-8.29621
-3.4104
7.9711
-2.55598
-4.80673
-4.8766
-4.6685
-0.452696
15.6729
13.8317
-3.26328
1.96726
-3.84846
12.247
6.19922
-1.06404
5.15294
3.32202
-4.61843
-6.41324
2.21528
-2.2156
-5.08451
-8.02384
15.4377
-1.80939
0.900503
3.86626
8.2648
0.584574
-2.49038
-2.09346
-3.26308
-8.68814
-8.09782
0.0315314
3.99495
4.0306
-6.59772
-9.27355
7.0332
1.55053
-0.832093
-8.85791
2.85757
-2.89168
0.0870758
-0.800718
-9.93097
-11.775
13.9562
8.04195
-9.85428
-2.17116
3.02493
8.40408
8.99799
1.94461
-14.1917
-7.62783
3.16933
-1.36905
-12.7848
-1.46403
15.743
-4.08164
1.31414
1.82289
3.09163
-8.47929
-1.63158
-10.3203
-3.63721
1.92404
-4.49461
-4.33777
10.61
-6.78561
-2.74707
6.04823
13.9807
-6.59605
-3.45188
-2.47212
10.4306
10.4824
-1.36886
-7.20351
3.45949
2.80815
15.5043
8.65259
11.2327
2.24614
8.34542
7.32613
-0.879815
1.81808
-1.85131
2.76018
3.89698
2.34749
12.6937
5.61384
11.3467
-4.52851
0.183632
7.08137
0.0383595
-2.37529
-0.297237
4.22593
-7.22977
10.3006
0.0332033
1.7833
-4.30808
4.50876
-0.193973
0.985659
-9.28598
5.36733
4.2755
9.59131
5.15829
-3.31008
9.31215
-6.68314
6.46778
10.1748
-1.12478
2.08232
-7.04965
-9.30809
-2.72463
-9.02438
-7.97452
-8.38244
5.97049
11.5702
-15.8817
-6.25909
-8.78863
4.73183
3.814
-6.76889
-2.51346
2.51075
9.70346
-3.45256
-3.4599
0.731858
-3.46712
-10.5227
-7.53113
2.65632
8.96506
-10.4045
-13.2325
-3.76497
-3.76404
7.84373
3.7358
4.41051
-14.112
6.86289
0.711576
6.57638
0.691683
-2.62441
3.99299
7.43608
8.15029
-0.911446
-8.97832
-5.28261
11.5699
8.33398
-4.67272
-4.75389
3.29822
-1.47042
-2.23935
6.46898
0.832752
11.5668
3.14819
2.31206
-4.24738
-5.79847
-1.45193
-11.698
-3.76406
-5.01956
-2.28596
6.14612
0.795368
1.07461
2.32007
2.96945
18.2039
7.16857
-1.49333
-3.20764
-2.83186
0.700808
13.9427
2.6874
-4.60032
0.612853
5.93839
11.8263
0.443495
4.3915
0.579108
-9.12566
-2.04602
14.2553
1.14869
1.78005
2.95849
6.28656
-0.0844591
7.06237
-21.3739
3.27963
11.4468
8.8859
2.10062
0.536788
-6.06707
-0.377838
-1.57878
8.34284
2.05952
4.15931
13.3422
-7.99707
-1.01829
0.492953
12.4187
14.5587
-0.0830405
-7.78703
1.29244
-0.977882
12.5665
10.8239
8.17587
-3.32951
-4.26233
2.18692
0.305093
-9.52591
-10.2378
-14.9147
5.87771
1.24802
-11.3324
0.612435
-0.0382715
-6.13501
-4.52786
-8.76404
-15.7051
-6.71613
0.383736
-7.10372
3.21488
0.802141
8.14617
-0.402258
5.90041
-4.12
-7.61669
-8.64232
9.42381
2.18565
-2.37612
-3.10713
7.68882
5.40425
21.5329
1.43103
1.92903
-6.89143
9.23741
5.45553
-2.05539
-2.86029
5.21561
-1.12782
-12.9144
9.59615
1.13163
2.84999
13.5579
-6.93516
1.47686
-0.973402
7.51699
2.32701
5.59542
-9.44763
-1.03555
-0.492714
-7.61381
-13.4771
-8.43549
-10.6481
-2.3884
-7.37779
9.50848
-2.57231
1.10881
1.9734
-11.625
2.66373
1.18056
3.06022
2.75363
-11.1394
2.35026
-10.5708
-3.12794
3.52683
-3.3349
-1.53654
1.21629
5.24309
3.75476
-5.37219
6.26491
-5.0128
4.64169
-6.00763
15.5252
13.502
-1.84656
4.2528
20.855
5.2885
7.25291
-10.4837
1.82478
5.47806
9.03885
-0.678172
0.637485
-8.3908
-14.978
0.774216
-8.69218
1.13084
-11.5258
13.3791
6.92736
-13.0128
3.55604
-1.34526
2.59499
2.46426
-0.900354
-2.93093
-6.58496
-5.51589
1.33691
7.22574
8.71971
11.9482
-2.34457
5.1206
-1.47894
-3.35725
-10.0057
9.77077
7.01334
1.98668
-0.737311
-0.687476
4.57848
10.1417
1.48199
-2.71851
1.85359
10.5969
-5.52433
-0.94865
-0.963458
10.5075
-6.14913
-3.45294
-2.76376
-6.15126
6.13342
-0.595497
-1.06393
17.1447
-5.86425
-12.2936
11.8431
13.635
5.77935
4.56778
0.500363
-1.06146
-1.36534
12.0538
-7.01315
0.158397
6.36466
3.14348
11.6604
4.50449
7.35381
17.4737
-3.01104
5.64832
-9.69186
-7.21479
-8.61004
-13.8757
-14.0905
-5.84695
7.17542
9.74624
-7.85032
6.07949
-1.76655
-9.14646
-6.41118
5.75649
9.33353
6.3828
-4.80012
0.794108
-0.810126
11.5702
1.24844
11.1611
14.6057
13.046
0.0276993
-19.8682
-0.561084
-11.8025
8.90854
13.7645
3.10929
-5.22334
15.5859
3.79424
4.89724
6.14603
13.0465
4.79763
4.96645
-7.75767
9.72787
12.5271
8.23572
20.3213
4.76726
14.5735
2.52961
6.37316
-4.52748
5.30215
3.21366
-0.245991
-5.91349
-3.81368
-6.34681
1.56563
-2.17679
5.52784
-4.8995
11.7735
-2.0682
8.45889
12.7473
-9.82154
-1.58506
-6.98648
-7.05467
-11.4
-2.81919
-12.1239
-3.85749
-9.17591
13.4997
-12.15
12.0125
-8.92151
-2.91777
-16.7593
-4.97808
11.4666
-3.19235
-3.31913
-21.0348
-7.50317
1.42937
-15.2233
4.80257
18.1
15.1341
1.35174
3.7652
-6.95027
-3.17735
-5.9119
-15.8495
2.46956
2.67452
-1.9717
-6.59523
8.31952
0.805671
-5.18874
0.940155
3.4217
-6.96211
-13.8033
17.0985
-6.69447
-9.805
-12.0429
-13.1694
-1.55393
4.04212
-7.3901
5.38526
0.596552
-10.2849
2.19796
0.594618
1.65507
11.429
3.60323
4.33022
9.58005
-16.0694
-9.42669
-10.0561
4.87917
2.63868
4.09976
9.82099
-2.97643
4.61239
-2.14859
2.70677
7.21727
6.97693
4.37305
-7.35789
15.6214
-2.1117
-1.83481
3.42693
-2.91308
-13.0292
4.70216
6.62721
-2.78471
-1.82067
-3.0594
-2.79491
2.12819
8.1085
1.93369
-4.47718
-5.80441
-5.12981
0.746721
-10.5887
-10.3655
5.51377
-3.20777
-12.3912
10.4819
2.81621
-5.08274
6.46388
-14.6843
-9.14712
-5.33591
-15.3528
-5.1816
-1.87047
-5.73996
-0.765702
7.89047
-4.64808
0.18443
-8.32865
-6.98126
6.17744
2.82731
10.1343
-10.6848
4.46497
1.87136
-10.6194
6.82652
2.45223
4.70488
7.47626
2.50302
2.71227
-19.4582
1.93373
-7.51591
-5.56197
-7.92817
-0.227662
-3.77445
-7.15449
13.5822
-4.3321
-4.36807
4.87837
-4.80345
1.20163
-4.02398
-16.0057
8.45499
0.963851
-0.389264
5.05839
12.268
-7.08164
-4.79256
-2.71791
4.19596
-1.43611
15.0029
-16.9038
5.02622
11.4086
-0.0530229
2.55478
-14.9388
-5.46778
13.8383
3.98968
5.15158
-11.7617
-11.7929
3.00874
2.64685
-9.73577
-4.02074
-11.1002
-6.38077
-10.8143
5.80643
-3.34803
-7.70398
5.84313
1.27684
9.12901
-9.0135
-9.55506
5.90424
-8.78379
-2.2764
3.61382
1.3048
-1.72334
-11.6106
13.3687
-1.34901
-18.4742
-5.63304
-16.5609
0.0792284
10.004
-4.06924
8.58222
-1.16721
-2.90507
4.145
-24.2772
-4.02138
3.7993
1.49419
-0.81656
4.35477
6.14824
5.23868
-0.576449
2.45934
-0.402857
1.55846
2.01841
-1.60692
11.3993
2.79389
10.0985
-2.89302
13.2252
-6.79524
0.0797935
-6.70583
5.31452
-9.48699
-4.53806
4.14459
12.8957
3.04349
2.51562
11.7302
-3.45467
2.84468
6.14987
10.6965
17.8729
6.53168
2.77786
4.84536
-7.17447
10.0827
13.926
3.02154
10.9172
-3.73268
-8.7374
0.792121
-4.71672
1.66893
-2.29695
2.02322
8.15606
-0.719766
10.9348
8.168
-1.7639
-2.22678
-2.39139
-5.33908
8.74499
2.74648
-12.1954
7.45531
-0.119507
-1.10598
2.8831
11.5197
10.2999
8.01793
2.71156
-0.782485
5.90472
7.93521
-4.87208
3.6337
-4.90422
5.15508
3.83628
-0.0353488
5.94505
11.3262
5.04781
6.15513
2.80343
2.8907
9.91321
-1.53773
-7.32533
0.97744
10.8816
-1.86381
-9.45772
0.882179
-6.99058
0.895055
-2.62345
-5.38373
10.5303
7.49359
1.22443
15.3877
5.76687
-17.5043
2.8335
-10.7095
-1.46684
6.09311
1.65836
-3.68333
7.50764
1.32904
3.91576
3.00121
-17.7863
3.92832
8.47464
-17.1858
14.2164
1.82073
16.6517
9.91651
3.35455
-6.05546
4.94966
7.45298
-5.14129
7.65069
-2.98062
5.98751
2.96456
-0.686063
4.10946
-8.20504
10.2818
1.36148
10.0241
3.71656
3.802
11.6387
-4.61561
-0.833891
4.55313
4.42219
-0.352636
-0.254966
14.9917
-2.69232
-0.305435
-4.29897
-4.20906
10.1174
9.46054
4.00184
9.26177
9.01196
-14.6697
7.17074
-9.67907
3.01199
-8.01247
10.4757
0.0105022
10.8059
8.80886
0.87506
4.36994
4.53519
-5.36008
5.11966
7.82995
7.26116
-10.9168
11.3129
11.942
1.4119
-4.46198
-4.23038
-18.7683
-2.93053
-12.6669
-8.99298
-2.90434
7.92999
-17.6013
16.3153
4.23335
5.06136
4.99964
6.67843
-4.43996
0.37806
1.38807
6.29687
-1.85301
-3.19789
-12.3172
5.38235
9.56843
-14.9483
18.3191
-8.37137
7.51846
0.366843
5.892
0.53377
6.73388
-0.675642
8.04596
9.49816
7.48733
10.5454
7.79246
11.1475
5.36898
7.94864
7.29992
3.11537
1.09126
-0.376962
6.43081
-8.454
-2.80258
2.10244
3.87189
-1.65498
10.9881
-9.81553
8.77927
-9.33277
1.81215
0.755535
-18.8565
3.60621
12.9517
2.50162
4.69673
5.66852
-3.70319
12.3134
5.58261
-1.77414
15.2931
5.33732
-7.79726
-5.45577
3.65585
-3.12758
1.80314
5.22923
14.7954
-12.929
10.5463
-3.6704
5.44948
7.83757
-2.91203
-5.42882
10.4363
9.61575
0.464759
4.03128
3.09136
4.01561
-0.526458
-0.202767
-5.90683
1.01962
0.689217
-1.00005
16.2029
7.53699
9.41273
-18.5282
-3.31784
-0.211769
4.74132
-2.70843
-2.7347
5.27171
1.73107
-8.04626
-2.62699
14.1833
7.80792
12.0662
-15.3382
-1.0376
-5.50225
1.03053
10.4143
-7.67627
17.9267
4.67028
-9.7855
-12.188
-4.02379
7.30492
-1.76441
-13.6233
10.0332
9.42504
9.74685
6.67421
-6.93461
0.0112563
6.94583
18.4273
11.3534
12.6598
8.9581
13.4952
11.2022
6.22377
3.04235
-7.83636
2.10994
-2.23935
0.634044
-7.70766
-6.17889
-5.60436
-3.98722
12.0289
-7.55117
5.93156
3.56265
-4.49714
8.25676
-3.46704
6.68663
8.13089
5.61723
-11.123
9.79317
3.98877
2.4151
7.83201
-8.87803
-2.38527
-10.7192
3.51152
11.5402
8.31827
10.5274
-12.3715
-6.74614
-2.0738
14.9423
-1.49499
-8.11595
1.25368
2.89069
7.34687
-11.8264
-3.2326
0.886985
8.22208
-0.0133118
3.96552
5.66438
-5.37916
5.50123
3.35395
9.81836
10.7088
8.94459
-1.71831
13.1269
-6.82018
15.3878
1.25604
-5.81204
4.15682
-1.53152
-0.527518
7.93041
0.95128
-3.14441
-3.18762
-2.29721
4.14114
0.563338
13.4122
-0.693958
0.903272
3.52261
-1.42665
3.32191
-6.93032
-12.9336
-9.20673
-2.585
-6.23463
7.19689
7.51985
4.74189
-3.0229
-4.72126
3.06942
-6.29107
-4.18103
-3.78535
-3.98021
-4.34032
10.8985
-11.3192
-21.63
6.91481
8.30416
1.7596
-1.92094
13.445
3.66285
-17.1067
12.5611
-10.7888
-0.524426
-17.2513
-6.2192
13.1193
0.420275
3.5241
-4.74361
11.6739
5.84334
4.30218
15.9737
-10.9993
12.2182
7.96666
0.139612
9.33242
8.25957
-0.683353
-5.20284
-0.827301
3.52218
-0.714563
-7.9412
7.54625
-12.3251
-5.23486
6.43313
-6.46709
1.23484
17.9993
10.1996
5.63367
-6.8495
4.01198
16.4322
-1.44496
11.2777
-2.73162
-12.682
11.5593
2.61942
-2.0921
-4.45474
-0.117303
-2.53758
-0.193532
-5.39761
0.00620065
-0.191364
-0.86882
10.6511
0.307046
6.4229
10.5585
-7.92047
0.427391
7.39876
-2.26552
-2.6179
-6.60981
-3.64313
-4.05351
-2.4579
11.7066
9.72936
-2.34353
-4.90385
-3.8116
3.45357
3.81832
-0.894642
10.1967
-0.946872
-2.46372
-3.46959
4.27003
7.09297
5.31799
-0.968232
3.36088
12.0613
9.63264
6.34415
-5.37028
-14.2499
10.5088
4.30946
6.41538
-1.37463
-10.9639
7.24488
0.336355
12.5658
8.5384
-2.64128
0.358665
-0.665364
-20.5265
6.17888
-3.90611
4.94837
-5.3466
8.6711
-3.23224
-6.41881
-13.1625
-12.2179
-15.09
-8.69912
5.04611
2.5555
5.10207
4.01791
-3.80911
9.03277
14.4037
11.4221
-4.05888
0.0531205
13.676
13.7593
2.15357
0.816334
-1.11051
5.69481
-1.62165
2.92495
-9.48677
18.9179
-14.2323
-7.11708
2.26964
4.6504
-1.25873
-7.43631
7.59843
0.634361
12.1656
-2.20752
4.51955
2.79579
-5.51338
0.503092
-12.9432
-4.05039
-4.78042
-20.9253
-14.8832
-3.86868
7.21086
1.90246
14.4307
-6.58129
-24.2127
9.05516
-6.35109
-5.95544
3.26153
-1.52101
8.79009
6.86711
7.05908
-16.5503
21.2464
-2.81165
-0.951416
-8.96807
-9.41579
9.66192
-6.22649
-3.09704
3.99692
-13.1641
-3.42718
-14.8564
-3.84993
1.91946
0.613803
-9.22138
-2.02517
-6.29957
-3.98914
1.63321
-17.3403
-4.93352
7.10982
-1.60358
-13.4694
7.51647
0.246137
-5.31994
3.67447
-9.93904
11.2697
-12.5131
8.39247
-1.17691
6.33706
9.80639
2.40402
5.84399
1.38108
-7.3569
-2.45125
-3.97354
-5.12413
4.16964
-1.03676
-6.47112
9.17504
2.08759
10.3084
-1.06424
2.24494
4.12587
8.79316
-2.29536
-2.03695
0.488286
7.63719
-4.69872
3.79097
-15.8029
-2.02351
-0.96854
1.91148
-16.8743
-1.25661
-6.51251
-11.623
-6.80688
-11.3452
-2.64144
-0.533287
6.67666
-7.77322
6.82032
4.85738
0.560185
-1.96955
6.21467
-6.86448
-1.61496
-1.52137
7.2817
-6.46225
-6.0891
3.12477
1.89355
-2.12747
3.64405
-6.27362
1.30278
-9.80407
-8.07715
-4.8466
11.3056
-1.90836
1.87798
-4.16773
-5.09838
7.33722
7.01395
-4.50846
3.68546
-7.91174
-9.0626
-1.60706
-6.86912
-17.7457
-1.74089
-3.11118
4.84144
-2.09704
3.22277
-5.38891
0.630492
-4.38553
6.03243
0.620814
-5.72977
-5.57948
3.1507
-14.844
-4.19601
15.979
-3.85825
-1.79016
-8.30991
7.94029
-3.62229
1.24886
2.3127
-1.54429
-1.06288
0.298872
7.51523
10.9391
5.72186
0.461007
2.4609
1.02951
-2.65723
4.38635
11.867
11.5189
2.56627
0.616895
11.237
-1.54392
7.82483
-10.2068
4.73003
1.23426
-7.70923
7.39348
-13.4996
-7.87987
-13.8928
-11.7084
-6.56843
-7.51602
15.4593
-7.04934
5.99433
4.09624
-0.827519
10.7488
-19.2058
-1.77699
-17.1433
7.01197
5.24135
-5.21966
-1.45889
-8.277
-5.32579
-3.57589
-7.01688
8.37152
-0.724939
4.84061
-0.783049
-4.833
5.0184
-18.0999
-3.19014
11.4215
1.44253
2.40107
-20.4134
-5.43263
5.34487
6.01618
-10.2695
5.30975
1.41851
6.56277
5.29894
-1.24581
-8.3842
12.4387
13.157
9.80076
-0.867905
-3.60318
8.67808
4.8967
-1.91121
-2.82959
-9.69259
-2.59171
8.2409
2.84149
8.2038
-4.48401
-6.30873
0.0887893
22.5518
-7.43314
-3.6031
7.4792
-7.41754
-3.08772
-13.5896
14.587
-6.19717
-7.90101
-1.94748
9.64754
1.32863
8.05733
2.78709
-2.00085
11.0183
-1.22671
-2.3967
-6.76012
3.28095
7.84292
14.5019
6.7068
-5.65661
1.88511
6.29302
-13.0215
11.7558
8.29697
-8.71783
-5.3842
16.6164
3.22439
-1.27475
-16.6237
3.95107
9.17591
0.0955933
-5.99835
-0.185118
1.07673
-7.63314
1.33971
2.85723
-7.79954
-5.17515
6.71847
-3.11709
-4.01448
-13.0585
4.95076
-3.0943
-16.4303
-2.91021
-18.2036
3.90784
-5.19713
-10.214
-4.84904
-6.91804
11.0948
-13.5056
4.74022
-7.25288
15.6208
2.39057
-7.94537
-1.54838
-0.241285
3.23957
-6.26538
5.9293
-0.963844
17.901
15.2127
-8.46542
-9.20824
3.55852
-6.78661
1.48768
-8.37492
-5.14952
0.10306
1.53188
4.64802
8.1352
6.70027
-1.6809
-2.86705
-6.46517
-16.8099
-14.3473
4.87375
-5.39906
0.697897
15.8548
6.60585
-0.925621
-12.6842
-3.42278
4.66966
-2.3853
2.18939
11.2376
0.531403
6.69481
2.44156
-1.61761
-2.82312
-0.300895
-1.96574
-8.45804
10.36
0.485681
-3.16252
4.83104
2.76173
-12.5406
-0.930944
-4.05861
-2.00714
10.9847
5.64112
2.29029
-9.9936
-3.86454
-8.51411
-8.87886
-10.0111
-8.09045
6.84292
-1.49879
-5.88308
-7.80142
10.2252
0.859942
-4.18665
2.26895
-11.2801
4.7058
-1.61231
-8.95264
7.55192
0.749992
4.64518
-2.20254
5.76499
2.44494
-1.47394
3.1056
-4.16291
-8.14489
17.5215
10.9331
-1.8901
6.91045
13.8863
10.0099
-3.71093
5.70623
-7.91007
0.763014
-11.9032
-4.01754
15.078
4.53873
-10.1946
-8.11066
-4.61372
-1.382
-2.11701
-7.70594
-13.6006
-6.11739
-9.01087
5.7066
-0.371874
0.812728
-2.02098
3.51161
2.19915
-12.6824
0.880801
-0.359423
13.5931
-6.27078
-12.4384
-3.52735
-4.32547
9.62178
-0.0730451
-6.37229
-6.0017
-6.46989
21.285
10.6699
-0.844743
-2.78211
10.9265
-6.7731
-1.82531
17.0607
0.678612
8.74119
8.53809
2.0264
5.05162
7.86447
8.68947
-4.48041
0.178208
-10.8136
0.823431
-2.69718
7.89305
4.02172
-3.00699
-3.19395
2.17135
-1.93929
8.47389
-3.30692
-8.1532
-3.1647
6.5419
-0.157551
-6.39638
7.90818
1.84541
-10.1406
4.37514
-0.247165
2.41778
-6.35624
10.5713
12.0408
6.9641
-3.30127
1.17043
0.0352366
5.41185
1.24053
0.0295328
-11.4721
-5.64502
-9.1136
8.92702
-6.96568
-8.15928
-0.815375
-6.16543
1.07041
-7.74853
-3.06657
2.52212
-6.35459
-1.74262
8.95809
-13.0306
10.4096
-1.86167
-6.16976
-0.221558
15.3273
2.41831
6.78451
1.77214
2.24167
5.54966
-1.20457
0.535078
6.16519
2.3869
4.5971
-4.61565
12.2488
5.48802
5.46789
1.10193
15.6042
0.380791
-4.98152
-4.56317
-4.30801
14.3378
9.51198
3.07526
1.4015
-4.7014
4.60031
-0.187809
-5.08437
9.97548
-7.54879
-27.7005
2.46058
-8.83585
-13.6179
-3.05019
7.45499
12.311
0.747038
-1.61385
-6.52747
-13.0743
6.24022
