-1.24172
-1.27107
-1.0968
-0.972634
-1.02063
-0.955706
-1.04087
-0.788692
-0.8327
-0.955968
-0.951643
-0.966525
-0.72352
-0.838509
-0.669085
-0.479931
-0.352375
-0.426912
-0.480265
-0.59621
-0.696718
-0.400455
-0.394861
-0.625234
-0.500705
-0.474812
-0.508343
-0.621648
-0.612923
-0.550239
-0.386333
-0.354856
-0.498555
-0.710547
-0.806064
-0.885784
-1.06196
-1.04646
-1.09485
-0.920002
-0.822498
-0.732244
-0.850456
-0.978773
-0.930128
-0.842107
-0.905764
-0.970744
-0.779652
-0.735436
-0.895192
-0.808667
-0.74805
-0.731869
-0.74554
-0.749181
-0.713311
-0.709866
-1.02936
-1.074
-1.15001
-1.25262
-1.22406
-1.12444
-1.15315
-1.0538
-1.02169
-1.0091
-1.11954
-1.1197
-1.31371
-1.32621
-1.2861
-1.16582
-1.24953
-1.29636
-1.40327
-1.45846
-1.28055
-1.24857
-1.23771
-1.3611
-1.53441
-1.40488
-1.3362
-1.19184
-1.18514
-1.09807
-0.977343
-1.00044
-1.10631
-0.917515
-1.21673
-1.15515
-0.99778
-0.990761
-0.880117
-0.89475
-1.14707
-1.12011
-1.28627
-1.12681
-1.10013
-0.989771
-0.777545
-0.743875
-0.811293
-0.939477
-0.759483
-0.77271
-0.602263
-0.558367
-0.563615
-0.487121
-0.489379
-0.833887
-0.742712
-0.487867
-0.400037
-0.481657
-0.492925
-0.466901
-0.586743
-0.537304
-0.552746
-0.639861
-0.70848
-0.795003
-0.811152
-0.640084
-0.721167
-0.65448
-0.880245
-0.738827
-0.567408
-0.66824
-0.744601
-0.671923
-0.782716
-1.00875
