2.91722
0.733524
-4.23187
1.79297
-8.09904
3.65975
-13.0353
0.0537612
2.62337
3.72638
5.15255
4.1617
1.59114
-2.75689
5.95546
5.10796
-6.6553
-4.54993
4.43582
2.18004
-3.89403
1.45561
-9.3013
0.87834
-6.67313
-5.18346
0.829714
2.68897
-2.81486
-5.78206
-6.02207
0.411052
4.48624
2.40348
3.06044
-4.39994
-2.77616
4.60152
-4.16674
-1.21814
2.30386
5.05992
3.01086
4.71194
0.122549
-1.54559
2.40322
9.97182
1.36042
-0.616646
3.14871
-0.284227
3.81799
-0.786022
7.98518
-2.47099
-3.94157
2.2377
-1.08745
9.52281
2.29256
-4.55212
-7.93824
6.47319
-0.693974
-6.99125
2.0999
2.15735
0.319738
-5.32045
1.20955
-2.53527
7.50248
7.31953
0.596271
4.32916
1.04554
1.13733
4.11544
5.90879
3.29906
-0.819317
3.69021
-9.01783
-5.1318
3.17391
-6.57813
-2.47773
-0.424919
1.9893
-0.850598
-3.07464
-3.65098
-6.16581
0.73447
-1.82809
9.79708
-2.39512
3.62748
1.44411
1.28449
3.14549
5.36093
4.53016
-1.7451
3.0311
5.24455
1.36523
1.0487
0.965833
0.368155
-2.70421
5.19125
8.54476
-1.56967
2.59302
-2.20366
4.64187
-2.96515
-0.748493
-6.28259
7.60612
2.87986
-2.67027
6.95382
-0.298931
8.20069
-5.72033
8.95426
5.74666
5.08986
-2.85019
-1.06981
3.17455
-11.3986
-1.28286
-8.69769
3.80311
9.23931
3.80147
5.23073
-2.82247
4.26819
6.97198
3.35769
-0.528529
0.895569
1.26605
-0.0883493
-0.446778
6.18754
8.15442
7.20722
-1.14531
-6.06379
0.0763874
3.215
3.56271
-0.164811
9.00912
-2.90947
-1.70919
7.33374
13.3235
-4.33443
-4.5972
-1.00188
1.5495
-4.73786
5.55226
-8.92049
-1.01884
2.71299
-0.00944066
-2.1073
4.86928
-4.60398
10.6007
0.200186
-5.13667
9.92065
11.0862
4.11172
8.26913
-1.49556
-3.04858
-10.4629
1.98967
-1.42462
-4.69952
6.34367
7.27167
-1.4274
-7.60951
6.09899
-2.27375
3.51018
5.29601
-3.27515
6.31168
-6.97265
5.71274
-1.19381
6.48793
-1.98081
-14.7832
8.75042
-0.0216401
-3.04764
-0.719524
-1.07159
-3.65404
-0.734438
-6.51079
1.81922
4.7217
7.6771
-3.02687
-2.67825
-1.10132
3.44119
-1.70663
2.10855
6.42716
-1.84636
0.291457
-2.35369
-2.94827
-0.273375
-3.92839
7.89678
2.12844
-0.530551
-2.37057
3.96223
-3.69596
13.2623
4.33269
-7.17534
-2.76849
-5.74982
-1.95405
-2.06246
0.178887
5.13943
3.35997
-4.10025
11.7007
11.4901
5.91427
2.38989
1.91067
-2.8337
-3.30968
-0.716955
1.17764
-3.97082
-1.24965
4.23529
-3.27626
0.136061
-4.8948
-3.04739
1.4916
8.23519
-2.94835
4.76207
-3.04841
-7.62058
-5.74969
8.98563
4.946
-2.14733
-6.58378
-1.89425
5.84471
4.30331
-1.26412
0.860694
1.25125
-3.88018
-5.81388
-1.67892
1.68158
4.50443
-2.64448
-1.95322
-0.956771
0.0430068
2.72077
-2.43604
-0.506821
-9.00585
5.31107
10.9584
-0.0348508
-6.14038
6.37325
-0.740318
-7.7884
-11.3379
0.710402
-0.749336
-5.13203
2.97978
-1.93499
-2.3631
1.88882
2.38464
5.6435
2.04424
0.022193
3.26311
1.26717
5.96866
4.24401
-7.34434
0.205757
-6.47561
-5.84396
0.277795
6.81019
3.8665
9.24396
7.93505
-5.58873
6.06912
2.92317
0.859603
1.29311
-0.843644
-3.5929
3.76027
4.47965
-7.18762
1.66664
-4.37176
-0.895054
-6.847
-11.194
-11.2619
0.507929
-8.34144
5.22039
1.89572
7.60036
4.16599
-7.35597
3.31605
8.67493
1.19305
8.62862
9.34951
0.482787
8.93979
13.3503
-2.70528
-0.290101
-1.57073
5.66494
1.41743
-6.19724
3.99973
4.31714
0.427846
-6.04767
-1.97273
-2.29854
0.899351
-0.239472
0.469207
-8.62136
0.40349
6.69572
-2.73929
-1.01728
8.72371
-6.06264
4.57619
-7.14285
-1.58135
-1.04666
-4.68635
-1.08098
3.5188
2.35591
5.2491
5.23971
-3.74109
-7.9894
3.02215
6.89303
2.55544
-7.75681
7.21064
8.42122
1.0185
9.28904
-3.55312
1.2587
1.87495
7.68389
-1.00338
2.24226
2.687
-0.589151
3.76899
-5.3677
1.67916
-2.95271
4.3523
-0.454295
-5.10898
-3.64763
6.70018
-4.83969
0.0822452
1.52756
4.78162
4.4447
-0.911994
-0.306291
-0.338944
-4.53693
3.67452
-1.08739
-0.0956716
5.88322
0.693059
-5.8977
-7.97649
-1.65726
2.55945
0.94438
2.45178
3.41746
5.82608
-5.95026
1.33287
-7.34903
0.502347
3.96061
5.24533
-11.3106
6.42459
-1.79473
7.53033
7.9987
-6.88042
-0.226779
6.82479
4.22875
1.05599
-1.47196
6.4233
-0.267031
5.79892
1.43644
0.718017
-5.12885
1.54217
1.35412
1.25613
7.79167
6.62636
-0.193651
-0.429528
11.2741
1.21438
5.8589
8.40844
3.92306
-3.65713
2.51907
12.6668
5.51411
4.96593
3.01975
-9.57157
1.36796
9.57899
-0.361905
6.95987
-3.77674
8.45903
0.586335
3.24633
9.50658
0.784017
4.50294
-7.93118
-4.74759
10.042
3.12558
9.5735
-0.450219
-1.23184
-5.06077
3.91378
1.94241
-0.666334
-7.65686
-5.48685
0.0761523
6.2198
-0.274301
0.0497145
4.12023
-5.68458
5.98498
7.47374
-5.88492
-7.39032
-2.31323
6.16761
-4.86515
-2.59464
-3.26779
3.81136
-6.39032
8.45253
0.412402
4.42445
2.58548
1.4307
-1.7366
4.3155
3.58736
-7.91958
3.57574
8.52856
-3.09474
-3.77679
5.5086
12.4701
9.83642
9.74674
9.24348
1.17534
7.89043
4.02886
-0.273618
6.3538
4.91687
4.55659
6.30683
-4.02982
12.6233
6.95111
12.7135
5.29015
-2.20496
-0.444497
-0.196884
1.2694
6.11395
-2.76294
5.32268
1.08802
1.3752
8.51088
-2.43731
1.23768
5.32964
-3.98029
0.0284125
-2.66489
-6.3142
-1.78791
0.118717
-4.48077
4.3287
-1.34502
-3.38665
11.9016
-2.4594
-4.54968
-3.5621
4.62307
6.20602
8.00465
0.716579
-0.842842
-1.99157
-3.92947
-4.15128
-8.04728
-1.21289
9.48837
-5.65496
-5.04058
-2.44886
-0.10936
2.73941
-1.06886
-3.88954
-3.73099
5.04671
1.1684
9.68393
6.00487
-0.196363
4.00437
-5.4336
-0.726841
-3.25862
1.60699
10.1451
4.39123
-6.3128
2.91376
-9.80561
2.60008
-0.809068
-3.65273
7.109
-10.5778
-1.40311
4.22375
4.45083
9.14151
5.13774
-3.35427
2.3411
-2.01322
2.02131
-0.0385902
4.56577
6.04279
9.93173
-3.34325
-3.08336
-0.818728
0.684807
2.3244
-0.516901
2.03445
-7.87624
2.28533
-3.87649
4.85832
8.40997
3.79416
-2.29524
6.81567
7.65432
5.32687
0.724266
5.93052
-7.93914
-3.41489
-6.54722
-7.43564
-2.449
-0.821478
4.38403
4.98432
-11.5248
0.725787
-6.75288
2.19841
-4.38819
-7.84688
1.994
4.155
-0.427954
0.812357
4.89782
7.4654
6.95118
-2.85654
5.13697
4.48912
2.28538
8.70921
0.573795
2.27319
-4.04311
0.0637006
-5.26694
-2.53229
2.60124
4.0817
-4.52733
-5.82997
-7.63559
3.23893
1.88272
-4.23575
-1.59099
-5.20824
-5.0646
7.08039
2.37431
-4.09369
-1.97669
-0.8062
5.25379
3.42127
5.77226
8.12254
-2.70025
10.4883
2.9436
-6.2008
2.1944
5.54058
-2.90058
2.10302
1.61896
4.22099
13.0324
3.83509
4.52932
2.76862
-3.06732
6.74392
-7.28231
-0.752003
-2.49137
5.34479
2.29701
1.60424
10.9174
-1.96085
-0.519747
-4.99282
10.8893
14.4338
-0.477113
7.3737
2.26344
4.53085
-1.75857
-0.617028
0.645856
-5.4968
-3.83685
2.9685
1.18849
3.74199
-0.102911
9.44803
-4.29781
-7.77477
-2.60785
-5.00271
-3.51826
3.28591
-0.221097
-6.69001
-2.99701
-2.62292
10.3751
-2.48901
-4.60905
2.56406
-0.486772
2.18009
2.38374
4.57424
1.24642
1.77501
3.97755
-8.74462
-2.95545
3.61028
-10.0481
-4.9172
-10.1361
0.685255
-10.5003
1.94424
0.0357322
6.36549
2.04946
-3.94392
4.51617
10.4591
5.05517
0.404444
-3.91084
-2.66633
-4.13106
-1.10305
1.81439
-5.9866
2.40254
2.3617
7.7195
-6.30858
-9.76022
-4.39547
-0.420606
-3.26478
-2.97976
4.14756
7.92768
-3.50166
5.76724
1.58835
0.308781
6.41117
9.38002
-3.49353
-8.43067
-5.30763
-0.0181464
1.09852
3.18012
5.68242
3.64624
4.18423
-10.5564
-1.25673
1.37898
3.59165
2.31285
-2.93371
2.01323
-2.93449
-0.0699777
4.14112
5.07701
2.28244
0.44542
7.34006
-0.359169
-2.10665
1.43527
2.65619
-1.64326
4.13328
4.67007
-0.132753
8.71348
5.84901
-0.47813
7.07073
-0.188872
-2.2528
7.89696
2.22203
-2.06877
2.48485
8.92127
-2.58919
3.09953
4.84019
7.94494
6.11815
-2.3699
-3.99709
6.41348
4.47376
6.31013
3.56785
-0.830005
6.38802
4.90946
-5.89063
4.03803
9.79017
-2.19238
-1.59779
5.23232
7.03863
-1.94493
-6.50671
-0.107955
2.81379
12.8695
2.53271
3.46873
-6.89548
0.60589
4.65398
2.64915
7.42576
0.63114
2.57266
9.01093
4.77243
-4.53288
0.568944
-3.05347
-2.10794
-2.44587
-16.0611
-5.77391
3.46198
7.69636
5.11862
3.49653
-7.46553
-8.13195
-7.55967
-5.41038
4.11036
7.07678
-5.44421
-12.3954
-1.82732
5.08656
5.96387
-6.32861
-4.94464
1.8573
-2.4171
5.40421
1.68292
-4.52181
0.953153
-2.29653
4.72655
0.965303
6.41306
-6.43031
4.23801
-2.02526
-0.59442
7.53065
-0.460505
-7.11676
-8.33224
6.20969
1.96766
2.68522
-0.427468
-4.30704
-0.316553
2.83476
4.0796
5.85732
5.85729
-2.85339
-1.84702
-0.0898584
2.3428
1.86743
9.13523
2.56029
-7.94234
7.19818
1.63634
11.9352
3.86618
-6.02413
-8.13739
2.48638
-1.49139
-4.69308
-3.18076
0.304065
10.1712
-1.66324
1.24085
4.02463
-3.33702
0.512783
-0.784223
-1.27002
6.91072
-3.75067
2.15276
-6.4559
2.94107
0.368067
8.24207
4.81533
5.00392
4.56655
3.12749
3.46921
4.05808
9.9802
-6.65362
9.18625
6.03424
1.20558
1.46144
0.393963
2.08778
3.41775
0.465005
4.03882
-3.29926
7.13399
-3.31848
-2.84798
-5.42117
13.1671
6.17688
-5.54921
8.17377
6.06997
-1.0954
-1.34697
1.09407
-4.32583
6.56624
-8.0184
1.35163
4.03127
0.39011
-12.8445
3.3708
1.32106
-1.5223
3.72067
7.00412
-5.36002
-4.30868
-1.16209
-2.96621
-0.693184
0.416033
6.2026
4.05219
-1.4898
-2.22324
5.31301
-1.95265
-4.6953
3.25446
7.51293
3.22879
-0.0390079
4.94882
6.72671
-7.44518
10.6914
-5.28335
3.4301
5.69334
5.99649
0.740754
0.345223
8.97528
-5.23816
4.70121
-1.12086
-10.5367
-7.00008
5.64592
4.12002
7.4465
-10.2501
-13.0726
2.42076
-4.81636
4.37859
0.893275
-3.34792
-2.2116
4.4322
-2.29744
0.896233
5.84263
-0.868157
8.18281
5.16716
6.87094
1.4817
9.1395
3.55299
1.07451
-3.16226
-8.63902
3.90169
2.15452
4.35526
1.61135
-2.70817
1.62263
-0.579241
13.5388
-2.08295
8.04453
13.2426
4.55879
2.93381
3.46838
2.18673
3.09075
-7.70379
4.6104
5.83826
3.03519
0.952595
-6.24056
0.113352
-3.3235
5.0892
5.76621
5.29081
-0.610343
3.48116
1.46258
-3.36076
-5.40834
5.77639
-1.29925
-10.8166
-10.544
4.6421
5.088
-4.72538
-2.78289
-2.63933
-2.82546
2.83687
-1.30854
-5.96707
1.31612
-2.29324
-2.81451
-0.995278
-13.2729
0.93304
-2.08782
-2.34681
4.42425
13.2164
8.28119
-1.0304
3.78688
1.53362
3.12795
-0.139743
5.99444
0.137223
1.19125
6.09483
-14.9815
-1.69284
-3.30838
5.44324
-17.7483
-6.27111
-6.25134
2.46031
7.42367
10.9922
9.06865
-8.65858
-9.715
-4.07845
-0.706833
-5.57016
2.56555
0.746771
-3.64994
-3.09297
2.65383
-1.87243
-5.76605
4.5377
4.41425
-3.13761
3.67513
3.86586
6.79053
-8.21672
-6.25954
0.0797131
8.40923
3.5958
4.57618
-1.93278
-0.440102
1.82197
-3.36946
-1.23673
3.67912
-7.52425
1.90525
-7.72346
-1.43549
3.65141
9.66996
-1.48063
2.84847
6.61722
-2.42576
3.59647
3.2699
-1.148
0.459295
0.598427
4.48805
7.1839
-7.20047
11.8891
1.06503
5.73075
-1.73142
-6.73916
1.63547
-4.42417
4.37808
-1.21817
2.72655
-1.18684
0.390726
0.972201
-3.82589
-7.51924
-1.87207
3.75609
6.40911
-1.16269
11.5079
5.17525
1.52711
0.75614
6.49421
-2.88391
0.422177
11.8772
14.5658
-1.03256
-2.77707
9.71442
-3.78467
4.85102
4.47244
0.427726
-4.18718
-5.62332
-0.859832
2.44208
4.77446
1.41085
2.45136
2.13146
-3.17382
-5.16003
5.51291
4.34547
-6.92357
4.46658
0.330616
6.53828
-4.06976
-6.55655
-8.01289
12.2055
8.82836
0.285148
1.67846
7.07707
8.20829
-1.80982
6.42931
0.724284
5.50995
3.08819
-4.26335
-1.90262
2.1123
0.743802
-6.48396
-3.23981
-1.54434
-0.710276
6.19612
-4.31742
-1.38035
8.03057
-7.76258
1.77077
-7.1434
2.76068
-0.262906
-13.9788
5.9945
-8.83099
-12.8669
1.6906
6.06252
1.04826
7.08447
5.9228
-1.13556
8.46128
-4.55728
1.26536
-0.217714
-6.73752
-2.22223
3.87973
2.08635
-3.23968
3.37611
-5.41206
-6.84208
4.66028
-1.44771
-3.16827
-0.390512
1.47257
-11.6876
0.698916
6.28451
0.542858
3.33727
-0.815699
3.89593
-8.21134
0.903439
-5.04516
9.54206
6.40846
-4.67477
-4.48682
-5.43037
-10.5253
1.36654
0.212388
-2.50227
1.071
-0.821437
-4.73005
-6.73793
-2.87906
-1.92444
1.01714
-0.533634
-1.38253
8.80948
-0.775966
-2.13039
1.99493
-3.82289
-0.00760973
-0.196121
7.67477
5.78541
1.81243
-3.20435
2.79559
1.74332
5.78741
6.86812
0.297501
3.93828
2.5688
-3.00243
-0.80064
7.58384
3.45721
7.95916
-0.335765
-5.93692
5.45359
8.28958
-0.849296
-2.18571
1.74738
0.783969
-2.0453
2.25232
-2.31054
-0.0999577
9.97555
-5.28268
-0.281325
-5.54776
3.21884
2.84643
-6.28527
1.17013
0.289001
-2.98982
7.74312
11.7171
-4.57156
-3.1569
5.42612
-3.11589
6.53388
0.756707
-1.70866
-3.12675
6.47766
-11.8347
3.90658
1.65065
-1.09923
-12.1687
-2.1859
-7.87638
-4.14588
5.65217
0.964248
0.407371
4.45209
1.78969
-4.21936
3.66498
0.500146
-1.07676
-4.28922
-5.8786
-2.29036
-7.85776
-0.251687
6.50043
1.70544
-0.807353
3.64073
-3.10825
0.322145
1.775
-4.95085
1.43059
-5.60667
1.19962
-5.15501
-1.95552
4.5343
4.421
3.14249
6.55156
-1.54179
-14.5882
-0.536936
4.7335
2.19858
-8.28876
1.36837
-11.2785
-0.916389
-9.9194
0.968491
-5.90731
0.718181
5.79081
1.51171
5.90708
-2.07088
4.64731
2.01172
-5.36161
9.26896
-10.0384
4.59993
3.4157
1.97084
5.07746
-10.3297
-1.05323
0.549227
-2.90981
8.56691
-5.58417
-7.68916
-4.00671
-7.93234
3.90275
2.32744
5.41192
2.33077
4.7883
-3.89202
-6.2882
-14.5141
-3.93768
-0.433757
2.4792
-5.53485
-0.0490686
-8.24843
3.38233
1.57973
3.51868
2.14089
-3.98921
0.100368
2.97673
5.95427
-2.93738
-3.2106
-4.53546
3.64307
8.33937
-6.27286
-2.86453
6.09684
11.4637
-1.48968
-4.26644
3.45017
3.53997
6.27429
1.96258
2.81092
-1.21363
4.82519
12.4892
-3.37286
1.14291
-7.85093
3.56106
-4.35914
0.601242
-13.8168
-8.38939
-2.15046
0.459394
-7.04102
-7.50769
-8.49891
3.56754
-1.3021
-4.69318
3.42228
-2.80232
5.9338
8.22952
-6.83795
-1.93023
-5.65478
9.77515
0.863057
0.726495
2.44104
5.0233
-0.0170422
-12.9536
-3.03288
2.47529
-7.18502
-9.43685
-4.37117
6.85363
2.00992
-5.84725
2.82406
0.521009
1.09145
1.12018
-13.0811
12.3286
-9.31897
-5.82609
-4.45569
3.48398
-3.94527
-1.21535
-0.26609
5.65046
5.61876
-3.34494
4.2076
8.93141
-7.90492
-7.56735
-1.75839
-3.73001
2.61749
-13.1272
-2.57354
-8.06089
-1.87068
-2.57377
3.08609
2.60473
9.90734
-7.76183
-3.97545
-1.38895
1.92087
-1.48422
-8.45136
0.876453
4.36246
-0.972857
3.81182
2.19832
1.88165
-3.90041
-2.62689
9.72946
-4.66932
0.502109
7.58427
4.24811
-0.864147
0.57091
0.243997
9.80488
-8.90603
-10.4332
3.69602
-1.71437
-5.89011
-10.0438
-4.47159
6.00374
8.01401
-11.1386
-2.03644
-1.15871
4.83268
-3.5066
3.28964
6.11186
6.98401
5.59319
-7.24859
2.40482
1.07101
3.33944
0.943004
-5.02148
-8.16262
-2.37836
4.93645
3.32456
-2.95538
7.57721
-1.12314
-3.33376
1.25621
-1.03684
-4.63572
-0.479898
-4.1387
9.37083
-3.11916
-2.27564
3.67703
-9.07622
-8.2163
4.43625
1.37302
3.21464
8.02143
-1.16876
2.02625
-1.6282
1.76588
0.651836
-6.81325
7.17939
-1.79036
-1.24396
-1.13347
12.4264
-4.23133
-5.24525
1.06067
6.81127
2.64877
0.13354
8.12807
-2.08256
-4.77758
3.1896
2.01067
2.66068
4.57222
0.681852
6.19888
-2.60877
4.23998
8.24682
4.63383
3.86873
-4.35875
-3.01886
-6.6957
4.21171
-1.7912
2.46008
2.57501
-2.65439
-11.5187
-0.544789
2.61503
-2.02479
5.21881
3.49277
-4.48644
-0.390395
-11.2989
-3.72165
-5.22913
10.3597
-0.760855
-4.71365
3.8512
-2.02977
2.1259
4.25557
4.95349
3.94359
5.98586
-9.00235
-5.41997
4.41904
-4.59766
6.7379
-2.41072
-0.892791
-10.6443
-0.841386
-3.17225
2.68735
8.3621
-2.22863
6.21631
6.64332
-3.21753
4.37324
1.42624
-12.2457
4.67524
-0.0410245
3.42865
5.53205
0.779582
-2.10786
9.82093
3.71138
2.45213
1.8685
-11.7973
11.6527
7.3466
6.8715
0.564115
-10.4805
-6.24002
0.946205
-6.7018
5.49354
1.3066
9.27214
-4.87963
3.56547
10.2278
1.85222
-0.854133
4.49197
6.44674
1.14528
1.6053
-3.04322
2.79225
-10.3873
-8.92043
-3.74791
8.60251
0.942759
-3.66742
-7.24103
13.7451
-3.05416
0.979881
2.89255
-8.40036
2.76735
8.87581
-7.64936
-6.14988
0.765714
-0.309344
-11.9084
0.340704
0.0633352
4.02108
4.86581
-0.87744
7.92802
-1.35735
3.50738
-2.29595
4.11401
-2.31095
6.75498
5.03012
5.85454
-7.51402
0.15052
-6.11616
2.52392
2.98592
5.45722
4.22629
10.3931
0.228397
0.157828
-5.46586
2.35899
3.95002
2.78731
2.48153
-4.94612
5.75449
-1.77077
-1.72607
1.94884
4.51216
3.91129
2.45044
-7.60213
-4.5741
4.14716
-3.59194
0.681694
3.72414
9.77854
-0.375626
-6.07638
2.23555
1.12046
-0.108022
-1.05351
0.83855
2.56311
0.0242147
6.10364
-2.50568
9.31308
5.40275
3.04813
3.47049
-6.43026
11.2782
-0.383643
1.08319
-0.391146
4.36642
4.72728
3.86073
2.88888
-2.68734
-3.65679
6.44213
4.45612
3.92743
1.7084
-0.816484
5.67619
-3.97883
-1.23762
3.84931
-3.46436
7.49157
1.40865
1.99088
2.97597
-3.12804
-8.04569
10.4844
2.99771
1.77449
2.83572
-3.02505
4.09162
5.10133
0.129527
-6.29917
3.54852
-2.21712
11.1477
7.16179
6.67059
7.57527
2.23673
3.34766
-2.51388
1.40391
7.09046
-0.0850867
0.635733
-14.9975
-3.56308
-3.2191
0.260502
-0.681729
3.4653
1.94874
-4.68064
2.41969
1.40274
-6.99708
-1.24319
-4.45324
-1.37469
3.02622
2.01268
-2.84381
3.89786
-4.33298
3.98526
-6.47665
-3.83546
-0.150022
-3.80849
0.0341647
2.61114
2.51957
3.2814
2.42629
-1.31237
5.50791
-4.21003
0.582007
-0.304735
-4.15584
0.310123
-1.87452
-4.15323
-16.2959
-0.511923
7.35346
-2.67489
1.27648
-8.566
-0.0823258
-0.311654
-6.4808
7.26215
-0.265444
-1.30248
2.7975
0.920912
-10.1417
1.90105
-1.22444
-0.748855
4.37168
4.49649
-0.184255
-1.53316
-0.624338
-6.1175
9.19307
-8.50105
6.46804
-1.03462
-0.642518
3.89164
3.84727
-0.565454
-8.02972
0.582381
4.31468
2.14812
-2.62069
-1.47578
4.34314
-5.18542
-0.950365
1.79651
1.10452
4.32852
8.30669
-5.2314
6.6812
-2.82941
9.25396
-5.99777
1.19915
-3.00824
3.67981
3.72487
9.63141
-5.40851
3.45609
4.661
-2.66996
17.1351
-8.41269
2.35263
3.89798
2.99186
1.97944
6.43869
7.25143
-1.37693
-9.61817
0.744073
3.27729
-5.85321
6.09359
2.73229
-0.992895
12.8672
0.0381101
4.16782
6.79384
-2.64844
2.41929
2.1191
-2.34044
7.95715
-1.57189
6.48998
5.3772
3.49065
-4.6211
2.51051
3.32742
-3.87395
-0.763224
3.56117
3.84284
-2.8698
1.51607
1.29465
-6.31139
-2.78732
6.06863
-4.11849
5.87716
-3.94824
-2.4807
-4.55315
3.78153
6.28694
1.5967
-4.6393
9.33317
-7.45021
-8.99808
3.84739
2.0959
3.00462
6.72747
9.56833
3.44325
-1.60533
-5.24339
0.616281
-0.602893
-1.78435
-0.697148
0.970592
-0.647598
-5.73306
-1.3828
2.06714
0.596709
10.405
2.44658
-4.84054
-1.25616
-4.93856
1.93154
-1.23582
-5.69375
5.52061
2.36545
0.441356
3.94525
-0.420877
-4.41772
-6.08014
-4.79655
5.8447
0.706012
-5.95686
1.12109
-6.9222
1.41196
1.66475
-1.03497
-4.92192
7.45937
-9.09236
-5.01593
8.97325
-1.20265
-6.43725
-0.578408
4.05721
6.27229
3.20378
-5.3773
7.45924
-4.45415
-1.09646
-1.88038
0.923502
-2.51345
3.781
-0.910196
-1.81226
-11.534
4.60818
-8.24301
-8.54319
-0.584547
6.24147
4.63972
-3.92446
2.86806
5.31727
-2.02156
7.69316
-4.4763
-2.36699
0.203223
6.99053
-6.05271
-2.75127
4.0597
-0.217271
-3.20863
-6.69604
9.26263
0.0363759
0.0164407
-2.49926
-2.3457
1.69916
-1.58238
-3.16231
3.77288
0.840132
-2.00411
1.02491
-0.77378
3.97897
0.473602
-1.75589
0.508311
-5.6176
-1.27545
-5.99934
8.6017
2.4019
-0.455354
-1.37435
8.59645
6.06388
6.28919
-2.27921
-4.92869
2.13455
9.8247
0.883893
6.30635
-3.98654
-2.6792
4.84034
0.758665
-5.35797
1.79933
5.41185
1.78237
0.554585
-8.12615
0.792234
5.58433
0.186074
-3.66481
5.32379
9.37695
-24.1187
0.0641097
3.46793
-0.402952
6.04674
13.9345
-5.30592
7.20883
0.546553
5.79148
1.38203
3.77017
3.72378
-0.764479
1.09613
-1.71692
0.602479
-0.294569
6.15859
1.76215
4.67284
4.9308
-2.39637
-0.400834
-4.37151
-7.24753
-6.33493
-0.671117
3.6724
-7.50161
2.12916
0.643023
-6.74078
-2.38531
8.16391
3.84528
9.87866
-3.65297
9.75593
1.0171
-1.57083
-1.56448
-1.15522
-1.22298
4.11583
0.623943
-2.33145
-1.65589
-0.227485
-7.94046
-2.4137
0.171609
-7.01816
10.1189
-0.17247
-9.3092
7.12905
-5.58032
12.466
-5.28868
-1.56705
6.15757
-2.41834
0.936456
4.42612
1.98014
1.12731
8.17827
-6.05339
4.3002
6.30472
0.242808
1.3375
-0.331978
8.89835
-1.1681
-9.14402
-6.46905
-6.65372
-3.19874
4.76453
-3.45496
0.354751
3.94713
-0.826524
5.98772
9.10228
-1.9465
-3.20806
0.851753
2.84848
0.372901
0.136693
7.26721
4.19216
2.65583
5.05842
5.3599
0.803789
-2.55782
-5.63533
6.12916
-4.75686
-4.07049
2.58783
-0.988785
-0.712654
-6.58248
-3.6329
9.37462
-3.34383
0.294175
-0.473153
0.0989054
-0.515778
2.77633
6.25901
-10.0588
2.46443
-1.10263
-3.61233
3.72695
10.6862
-1.17321
-1.59051
9.16851
4.60557
5.05324
2.26463
-12.7696
9.94586
-2.38515
-7.18149
0.535849
1.27724
2.79397
-1.37864
7.83477
-2.54447
4.65742
1.46788
-5.01788
1.56263
-0.133732
1.44574
4.61032
6.72014
-7.07177
-9.09886
-1.80781
-1.07048
-2.74947
-0.891129
-2.05615
3.4505
8.77787
0.180136
6.50431
6.9835
-10.5735
-4.04474
2.0423
-0.919074
10.8724
-1.34479
-3.99852
-1.47641
0.879877
4.86603
7.62787
-0.202554
2.27845
-4.03065
2.13706
4.1592
-7.70563
4.19967
-7.66632
3.49438
10.558
6.82089
3.60737
-2.51474
-0.615002
10.1221
-1.58568
8.34435
-4.09101
1.70448
8.08923
3.63272
3.54774
0.728142
1.84783
5.64532
11.422
-3.90842
-0.831337
3.12388
-1.51739
-0.52587
6.9489
1.7632
-0.472381
1.85724
-1.68182
-2.19891
-6.78082
1.02374
-6.91891
5.45438
-5.41094
-1.98887
1.19376
-1.28345
-0.319679
-1.25901
5.04693
7.70341
4.54588
-9.43206
-4.03594
7.4994
0.114058
0.937967
-14.7286
0.255925
-1.90728
-6.14205
-0.487879
-3.88825
-6.9257
4.14405
1.67113
3.21451
7.09731
1.86128
-3.709
0.240119
6.5243
0.523223
-6.84635
0.952755
-0.483297
-4.60563
-1.32648
5.25828
4.05755
6.51967
11.6754
9.4541
10.8775
2.86687
4.08783
-0.984444
-1.6804
-7.61057
-6.55872
-5.27592
-3.66274
4.34454
-0.740921
5.79581
5.21359
0.327315
5.50533
4.05474
2.14015
-2.2405
-1.72533
-2.95429
2.46037
4.07543
2.95745
-2.22594
4.2569
3.41973
11.714
-2.60824
-1.34343
3.237
-7.18259
4.12466
3.25435
7.23292
5.34791
-3.3654
1.24965
-2.36069
-2.48913
2.37148
3.88599
-3.41368
-3.39217
4.8012
2.74305
-10.0095
2.8983
4.52696
10.6103
0.784363
-4.33268
-5.16798
-0.320238
0.246392
3.75212
1.08979
0.53455
-0.0913473
-1.06519
1.13792
-1.48475
-0.518562
0.85765
2.50939
5.4147
5.97691
7.54158
0.7877
2.21867
-0.44883
0.0355275
4.53217
5.00155
-2.0555
-0.0491905
4.12823
4.47492
1.88517
0.869773
1.11616
5.07065
-2.34213
-1.18984
3.45089
-1.08683
-0.564401
5.15369
4.22755
-1.8587
0.064819
1.63806
3.18385
-1.10403
-10.8842
-3.62675
-0.358847
5.92555
-1.29483
-0.343758
10.1296
10.0417
-2.65712
8.8017
4.94304
-4.83875
-1.90926
-1.54591
4.6669
4.87455
-5.85236
-1.48698
-9.5773
3.18624
0.483207
2.05651
3.5875
1.4782
1.04618
3.79171
2.2212
-1.33296
-8.35291
5.03406
-6.87436
-2.69652
1.77387
1.73002
2.43058
-4.28025
4.37469
1.55543
2.56589
6.4986
-2.71418
1.86779
-4.1354
-0.952314
2.96302
0.197475
-2.8357
1.60183
2.80527
1.6708
-2.60794
3.30113
-4.77649
6.86536
3.53997
4.38775
6.62242
-1.35734
11.8715
-11.3691
1.45645
0.939925
-2.66494
-2.55072
2.36042
-1.34904
0.403582
-1.9695
-0.767931
-1.60349
-2.61155
8.50052
-0.903674
2.80486
-0.102557
-6.19486
-4.2082
-3.60093
-0.705341
-4.90523
0.996068
-2.4637
1.49407
0.0135611
5.63964
0.243989
-3.07246
-3.32594
2.13784
4.91034
11.0093
5.96631
-2.39138
2.67201
12.6778
-1.20576
-0.688349
0.951969
-3.40267
1.34925
3.99771
0.0055914
-3.64309
3.14768
12.9539
2.22956
8.55625
-2.42033
-5.08548
-6.26273
-3.94102
1.26372
-3.13394
-6.23662
-8.26423
-7.71939
-4.03347
-3.48583
2.36476
-4.38008
8.24836
-4.17787
9.60767
-2.36245
3.98017
-6.45059
11.5858
0.635776
0.0870611
1.85088
-7.81249
-11.3662
3.09031
4.63666
-1.52586
1.42996
11.5483
0.962446
-2.16239
2.91063
5.56254
3.46185
10.9537
6.17984
3.15749
-4.14346
0.546632
11.6767
7.64505
5.38731
-5.49138
-12.2953
-9.49253
-5.73243
2.20239
-2.6431
0.738573
2.0133
6.72394
-1.20099
-5.3821
2.21176
5.52565
2.04233
0.366083
-2.97682
-12.9192
-7.4717
-4.10233
-1.58106
6.61393
0.935501
-8.20052
3.19757
-1.04745
2.21802
-17.2361
-8.5687
4.24271
1.3621
-1.74996
-1.67308
-7.21873
0.791081
1.34303
-1.56697
-1.32164
-4.29225
7.05563
3.56827
0.726685
-2.34018
-1.35582
-4.01624
-6.0677
-4.95027
8.9818
-3.89576
4.30469
5.14929
11.6499
3.96743
1.6071
13.0466
7.02375
7.50263
3.51541
7.46387
-2.02907
10.2148
-1.33403
-12.9991
4.45795
-12.7608
-10.8756
-2.17081
-1.82021
1.09484
-9.62971
1.30583
6.00468
-0.401214
-5.43751
1.42016
2.94754
-11.8442
-4.43365
-0.813543
-5.78791
2.03845
2.89754
-6.71989
1.11947
-7.90939
1.66269
-9.39243
2.31137
-7.83958
-5.33825
-0.51772
12.7579
-3.76141
-5.93933
-2.64416
-0.874926
-1.43743
6.8099
3.20577
9.35857
-13.3343
-0.523785
-0.0538595
-6.08208
-3.30819
-0.671183
0.199128
-8.06457
3.51107
-2.69719
-2.64225
-1.47545
-3.92048
-5.89195
4.52024
8.36599
7.42489
-1.86959
7.78515
2.35694
1.73065
3.02785
4.25769
-1.3007
4.65399
0.647213
0.0295201
-5.1213
-6.72608
6.95607
7.87894
2.676
1.17589
0.0247359
0.782515
-10.1351
-6.02212
-0.945271
-2.56943
7.174
1.26577
0.958684
3.77067
-6.36639
-0.135533
3.30577
-2.29037
4.74645
-0.61487
-1.5108
-1.96104
8.09742
0.106478
-9.41941
3.50004
-2.12732
-1.0029
-2.6574
6.75939
5.17051
6.48331
4.88431
1.31187
-5.74459
-4.83272
2.58243
1.68848
-11.3235
2.19658
-2.6151
-5.47998
-1.77818
-2.23466
-3.56355
-4.78739
1.96324
2.83734
-0.536233
3.56793
-0.517876
-6.65457
9.77518
-6.90689
1.69598
5.16827
4.13494
2.82379
4.15915
-3.43149
8.86833
0.0515069
-8.83262
1.2217
9.59958
-6.12598
3.1083
1.41249
-2.81913
-0.348796
2.20532
-0.430871
2.57936
-1.20072
-0.436883
-9.88128
1.01861
-8.74926
0.310498
5.37848
4.14351
2.91264
-6.58589
6.77647
0.0903565
2.55058
1.33606
-3.66326
1.19492
0.344713
-0.43381
-1.33004
3.15255
-1.24538
-6.53406
-1.57973
4.90871
-5.7359
-4.31712
9.23313
-3.60611
1.12951
-10.2037
-6.5698
-10.3165
-1.30467
-9.18804
2.99329
-0.190821
9.47408
-3.71717
-4.78267
-1.27242
5.20072
5.96508
3.67741
5.37958
-5.50395
5.85045
-0.681431
2.65465
8.99954
3.28651
-0.0603529
4.64094
8.76899
2.02748
-7.27154
3.72023
-7.16154
1.07993
-3.23457
-6.21796
-0.622388
-1.72683
-2.13521
6.31553
8.19386
11.1193
7.27425
3.24098
5.37619
1.0055
7.05606
6.13758
-9.45457
-0.514337
-0.982232
2.46388
-5.23959
-12.2745
-3.14023
5.26214
-0.515081
-4.68979
0.910486
-2.73955
7.43727
-1.6829
-5.41565
1.13813
-14.323
-2.7087
-3.01838
-5.03867
6.32439
4.16943
-1.0322
1.50133
-2.67055
0.702369
4.04987
7.68897
-0.673875
-10.196
-2.86896
-9.03394
-0.424063
1.57074
-12.4354
6.42962
-9.90639
5.45292
2.56443
5.35945
3.14171
7.02763
0.0101684
7.64672
7.74106
7.80735
11.6024
-7.52327
-1.54053
4.10545
-5.28059
-6.64526
-6.71982
1.9894
10.7716
1.65596
-2.9352
-10.9211
-4.35706
-3.0022
5.24476
-1.05896
3.76694
1.38788
0.418874
-2.23294
-3.9015
-10.8869
-3.99642
-5.03015
3.36951
-8.10444
4.59785
-4.79715
-7.33906
-10.3445
-0.0225092
3.44716
-3.17414
2.60547
-7.78487
-4.8819
-4.0287
1.30572
-7.91549
-9.09439
-4.19373
1.65593
-2.61181
-2.52782
-3.15384
0.869122
-12.04
0.982292
3.04959
3.40322
-5.24406
3.32426
-1.37332
-0.874353
7.88307
-2.44062
-1.16136
-5.30625
-4.66109
0.285719
-12.7155
-6.21292
-7.62062
-4.92633
-1.39656
6.66066
1.49041
2.25551
-4.93179
-1.04993
7.17354
5.17659
1.56911
4.08191
-2.22925
-5.32446
-8.29337
-4.471
6.54986
0.208955
4.21141
7.56571
7.02907
11.0295
2.8357
8.33151
-2.20084
9.2211
6.16765
2.11036
-0.868126
-11.1488
-7.56322
1.88523
2.66037
0.873851
2.70734
-8.81534
7.14261
2.53694
2.91923
3.89023
-1.81296
3.02224
-3.29094
-2.21424
-5.89046
-8.01208
-0.259895
-0.782384
5.00495
-0.423609
-2.33872
3.88136
2.38447
-3.53999
-6.66194
-0.665844
-0.831623
-3.91677
-0.669744
-1.66235
-0.905239
1.83812
-6.32655
3.02581
3.48527
1.12527
4.36101
1.34818
5.24851
-1.09194
7.98381
4.60552
5.25938
-0.189811
-7.65689
-3.72473
-6.03013
-17.7254
-9.87701
-2.07819
6.68332
-3.78211
0.0683537
-2.84981
-3.27057
-1.45281
-1.17999
-2.00669
3.59913
9.23501
4.32112
1.93921
1.99472
-5.22999
-0.0844822
4.39815
6.28997
2.66118
6.21618
2.59152
-2.69107
-8.47137
-6.19946
4.06866
-0.53617
6.89889
-2.00845
-1.82456
6.42876
1.1317
-10.4316
8.28942
0.673302
0.550343
1.04381
5.60977
-1.6261
2.1656
0.65586
-2.99959
-1.51113
12.0251
2.38559
3.67138
9.00986
-3.28948
-0.547435
1.64432
-3.37258
-1.38403
5.98589
-5.68159
-11.0503
-2.17445
7.74174
-4.0013
9.6814
-1.48334
-5.98449
2.0936
10.5736
1.62191
0.354292
4.44354
-12.461
-8.00078
4.2989
9.15229
-6.91104
-5.4281
-4.1584
-18.8122
2.63119
-5.05116
-2.54528
-2.59734
-4.08879
6.38923
2.75915
-9.11124
-0.185252
-0.194454
-9.6161
-1.10606
2.04169
-7.27194
-4.47182
-11.2023
-10.9752
3.33177
-4.73778
2.21256
1.52579
3.56051
2.71892
-2.19721
-0.0683526
-3.64632
-3.13791
2.33016
1.05623
0.740968
2.06088
5.6912
1.67018
-9.43153
1.83529
-8.00468
-5.5373
-2.81201
7.55911
12.0271
-4.23576
0.194332
3.06927
-1.79606
1.94121
5.90912
-9.91184
-2.71292
4.33708
-5.00722
-2.41356
-1.33521
-10.9226
6.31994
-3.50576
0.356191
-2.25043
4.46778
0.297193
4.34942
-7.01614
-1.17321
1.80214
-0.414533
6.80859
-6.20984
7.06674
6.60478
-0.524268
9.0229
12.9054
3.46075
-4.08432
8.10492
1.806
7.52148
7.12547
0.198101
4.34621
3.48619
6.96621
-1.38645
-12.9008
-5.05471
-3.41173
3.31757
-1.90653
5.85134
1.48982
2.99749
-5.22701
-7.25255
-3.61111
9.02068
-4.35283
-0.037042
-14.9545
10.1749
1.03497
0.299545
7.13426
-2.45782
1.5806
-3.67907
8.81493
-1.08421
1.14252
-1.32709
-0.249219
3.61051
1.16967
5.60123
-5.66808
2.14629
9.52686
-0.397217
-4.05863
1.32708
-2.03354
-3.17386
1.40659
1.67076
2.24584
-5.45229
-1.26399
0.966706
11.116
4.53339
-11.3071
-4.81684
-4.05724
5.94483
1.72658
-3.2606
3.316
3.88355
3.99444
-3.94805
2.36033
-8.95696
6.63769
-2.22817
0.940097
7.4318
6.25739
-4.67028
12.3377
8.05227
7.70178
-5.43588
4.41967
-2.9223
3.65469
-3.80847
3.16895
8.26904
2.03736
9.62015
5.21462
9.40371
2.91042
5.61972
2.34403
-3.32354
10.3568
7.10234
-3.75412
-2.50428
4.14873
-5.82224
-19.234
1.825
4.33759
4.2026
0.795084
3.9706
-7.83616
-5.33413
1.11533
-2.93827
2.42471
-9.25663
2.52843
0.563572
-0.818642
-2.00621
4.54
5.18504
1.10092
1.41869
-5.91221
9.67351
6.45246
-2.73655
-1.07957
-8.53684
-2.65262
1.11718
0.22119
-8.83583
1.51963
-1.60104
6.52784
2.26029
3.98055
8.53588
3.66564
3.0729
2.47758
-4.68295
-2.60587
7.18783
-1.82094
9.90507
3.47385
-1.75456
1.91861
0.764461
2.60633
-4.00026
-4.93692
4.93299
3.39434
3.69517
15.0393
4.87584
4.3454
-3.98271
5.68565
-13.0589
-3.31021
-6.83959
2.33197
-6.24379
3.17673
2.81412
1.82129
-2.65126
15.5759
-12.0586
-9.88054
12.8259
-3.47572
9.66603
-9.65202
1.41057
8.94249
7.36528
4.84802
-1.63383
0.328652
8.03645
-7.66021
-6.0175
5.26105
4.61222
-7.98999
-2.41127
0.728257
1.01377
-2.37566
-11.749
-1.77486
-0.489336
5.2555
1.09428
9.55442
4.69793
2.96961
2.024
-7.23336
-7.03198
7.29547
1.91883
-7.41396
2.13188
-2.07227
-3.51464
-0.965024
-3.04532
6.46226
-0.334499
0.411657
-1.20683
3.17353
-4.9353
2.45125
-7.15506
11.5442
6.87693
-4.01184
3.98036
-1.97867
4.60282
2.19414
-2.44058
-0.158422
7.28965
3.23275
5.7495
-6.02182
-4.60653
-1.99491
-6.79354
7.14311
-0.33725
6.31588
-0.690878
4.65437
-0.906965
6.29322
-5.12789
9.19972
11.811
5.39674
-6.62737
3.63617
9.11487
8.97687
-2.60882
-0.526032
6.37584
-5.82719
-3.75924
5.95896
-5.2113
2.90846
-4.59539
-1.23622
-2.02901
-0.603437
-4.02995
-1.58773
6.45802
-0.740787
-3.88119
8.18352
3.62468
-13.4501
-3.01346
0.331381
3.86787
-6.01235
1.2936
-3.90263
-5.64887
-4.08267
-3.34249
-9.20818
0.196666
2.90812
3.32462
7.44886
-11.8335
-7.25002
-7.53276
1.53708
2.15729
-1.25425
1.92571
-4.42193
-3.29341
-6.40638
2.69582
-8.46056
1.55986
-2.9062
3.81944
-6.01974
2.29162
-2.11121
-3.98368
-0.85303
2.04257
-1.28032
-4.7624
2.08198
0.0181717
2.50929
3.92424
-9.58217
-1.77165
0.609167
0.24815
2.06886
-4.65369
0.810429
3.87034
-2.28315
-8.6512
1.94892
4.31604
-3.52143
-1.41913
-2.95677
-7.99
-8.24485
-4.13756
-8.75401
3.25278
1.97983
-6.01505
-0.728324
0.222925
-9.01796
-15.5052
-7.78068
-1.73626
-0.3475
-3.57764
-3.54298
-4.55885
1.47293
0.281859
1.74833
-9.2982
-0.608714
-12.2942
0.687794
3.63404
-4.9769
-1.60203
-11.1662
-0.951735
1.49496
2.8724
5.27565
-0.641641
8.22121
-2.0364
-11.4105
-2.41726
1.67414
10.7188
-3.85023
3.4201
3.92991
-4.94449
-0.914109
1.43383
-1.4621
-3.00511
4.39157
8.21666
3.8208
-5.8284
1.06238
1.83491
2.74253
5.04227
10.0947
5.01531
3.73444
5.09494
-0.620903
1.45962
-7.4816
-0.795965
-2.25824
-8.73611
-5.32202
-1.79796
-7.00778
-5.90008
0.739995
2.95507
-6.28198
-1.61284
4.61747
-2.84627
-7.83982
3.81489
-2.57858
8.88551
-0.541015
1.43355
2.53238
-2.56315
-5.09393
-7.49491
-2.35526
-2.42556
-0.302422
10.0052
0.22742
1.77027
3.09
-4.02853
-8.90087
2.17583
3.52609
-5.839
-3.83055
-3.11999
3.62201
-6.57476
-6.22502
1.87032
8.9999
-3.09327
9.64676
-1.39972
-0.37189
-2.07973
3.06524
-2.19219
1.06415
6.16311
0.488254
13.3564
-15.6601
-1.33146
-6.54578
7.28815
5.78717
-4.13632
9.29804
-1.97286
7.59055
1.14705
-2.37128
-3.46848
-0.12352
-6.18559
-4.83364
0.761343
-0.756287
-1.37406
-4.46013
6.17667
4.53421
-1.10486
-5.46726
-4.00999
7.51542
0.133707
9.85106
6.85705
7.17907
6.91304
-4.31771
-3.0309
-7.40627
1.45677
5.7906
2.2248
-1.0083
-12.1684
0.724234
1.87358
-9.43691
4.75336
1.81505
-6.4033
0.398495
4.60687
-5.20934
3.96462
5.24341
-5.1424
13.0874
4.89161
1.6792
5.15787
-9.11888
6.0027
-1.80819
8.96067
-0.65362
-4.18774
-3.65468
9.02815
-2.32821
-3.58362
9.63077
8.61924
-6.0206
0.805702
1.98806
5.6844
0.0912461
4.3697
5.34697
10.6254
3.14598
5.82674
1.45678
7.77509
0.657416
1.0399
-7.26495
4.75894
2.22292
-2.4644
-1.76501
4.74
3.14738
-1.51869
3.51117
-6.42034
-9.05046
-6.97047
-2.5067
-0.79842
-3.21582
-1.45066
-4.82075
-7.9546
-0.0265852
6.68302
4.29428
2.74531
0.026421
-1.61364
2.26335
4.11935
-3.75101
-3.64579
-6.4519
-0.390717
-3.68957
3.86945
-2.70078
-12.1326
-1.764
3.75322
-5.91526
3.49508
7.13238
6.33417
1.47019
8.60667
4.4967
4.13779
-5.6662
5.00502
-3.58245
-6.73813
-7.09201
-3.89182
2.8398
-0.0428281
-7.09363
-0.00978663
4.85307
5.47321
5.27045
1.36873
1.12164
-4.31938
-8.95955
5.41948
-6.28694
10.3553
5.96914
5.18258
11.4234
2.36968
-2.60609
14.6695
-0.0905316
5.5359
0.402074
-0.0307671
7.57061
3.89872
-1.61598
0.474074
-1.25322
-3.94189
-0.279267
0.181936
7.5362
3.0559
8.07784
-6.98206
9.60858
-0.426803
-0.749999
8.5294
-0.885229
3.64371
2.16233
-8.83089
-4.74496
-9.76096
-15.4807
5.11179
7.81534
1.97905
8.36844
0.728426
3.81181
3.18741
0.643674
-6.49589
2.50065
-1.48219
3.29065
3.50918
2.4235
3.39082
-8.68521
-7.38655
2.83777
1.52468
-1.64915
-4.35496
-5.36641
5.18646
-2.86793
8.82097
-0.135676
-4.07551
5.93423
3.08697
4.47938
8.42397
-8.07487
0.82858
4.74892
-0.175647
0.169252
4.70033
8.59313
5.62173
6.49488
11.6631
-10.6771
1.26818
0.0651549
4.37498
0.962474
4.15693
0.795991
-5.43105
5.99532
-2.47189
-8.31418
-3.08373
-0.808714
6.15362
7.09127
2.69799
-6.66946
-8.80551
3.00942
0.705423
-1.78212
4.45481
-5.18154
-0.765624
6.66633
2.11022
-0.84995
6.71494
5.83797
0.316549
5.56835
3.85945
1.89429
-3.17784
6.48347
7.7881
7.16562
3.72673
-1.57938
6.89478
-0.552447
8.86093
-0.92529
0.574259
-2.81522
4.33608
-1.47977
-5.30228
-0.999048
-3.04417
6.04096
-10.1359
-0.271349
-1.13051
-7.20234
7.52763
-0.407985
0.127699
4.27992
5.28834
5.82227
-8.90048
8.36297
6.80886
13.8031
0.639694
11.471
12.2506
4.0284
-5.44948
-2.75306
9.41949
0.541269
13.0909
1.56939
-0.969723
11.5645
7.87753
-3.03673
2.64066
-2.65783
0.81466
2.64676
10.7404
11.6528
2.40338
3.4887
3.77559
5.67406
-7.18793
4.56003
-0.754377
0.520247
7.33823
5.36377
5.18053
-1.33357
4.25275
5.10849
4.55367
-2.56701
-0.461257
-6.16136
-1.85713
3.11311
-0.360166
-2.40522
1.46322
-0.624473
2.95324
3.36128
0.803297
12.0249
-3.53447
6.82091
4.9863
1.77025
3.45935
10.9669
7.4227
3.42299
3.56713
3.30768
-2.74849
7.88769
-5.76451
0.690745
-1.1097
2.99565
-1.15727
0.939781
-7.09433
-1.37758
1.94252
3.63369
7.38153
2.99801
-2.44774
2.24667
-3.19319
1.47197
13.2451
0.542259
15.236
13.2503
3.80681
3.93774
8.62979
0.583275
4.76257
2.9903
9.93273
-5.60333
7.0936
3.04983
-10.9763
7.09588
-3.40666
1.18208
12.2582
7.20249
-2.27506
-1.75366
-0.604893
-1.36675
3.05687
0.974746
-8.13429
-7.48581
3.9768
-0.890563
-1.6415
5.46611
-6.71456
1.64808
-2.96496
-1.77573
0.807428
-6.2149
-5.10045
-8.17125
-10.7463
-19.8148
-6.18818
0.130845
-2.93204
-4.4691
1.05463
-2.76579
8.63509
-5.52627
6.4261
7.88295
-1.01883
7.40719
-5.23174
3.31354
0.447779
-6.34098
4.87573
-6.73091
4.737
4.26297
6.3573
-1.28271
-6.89715
-5.32971
-2.91274
2.67194
-3.78089
-5.71112
-5.16596
1.6603
-5.8017
-3.92424
-6.26957
3.38055
2.283
-0.960632
9.73845
7.16917
8.08635
2.08701
-0.867626
-6.4225
7.49245
-1.64041
2.07071
-0.0573187
0.209139
-2.18256
0.736916
3.88981
2.59795
-2.05436
6.9006
1.57138
1.22823
-4.58066
-5.77565
-1.4057
9.02225
-7.50062
10.9368
-10.0099
-6.36889
-0.543444
7.42077
-0.211432
5.4882
9.50218
-1.65839
1.37762
-6.43223
4.68571
-1.05932
-1.67745
-1.30406
-1.11814
4.90552
-4.276
7.35255
4.06625
-1.48286
-4.15842
-6.91529
-2.65152
5.39166
2.11428
1.94373
-1.10088
2.83263
-4.41315
0.709273
-8.69018
-2.26204
-0.631179
0.370955
-6.07126
0.199401
1.55726
-1.52661
3.05383
10.5484
-5.40792
5.53188
3.41587
-7.82573
0.991364
0.979635
4.58286
-2.41201
-11.3959
-3.52883
1.38552
-2.77181
2.06793
-2.59055
-3.5027
-3.81694
-0.113279
3.33273
-8.92267
-4.03376
-9.08358
1.34652
-0.0717803
-2.43046
5.27266
3.26253
-3.64939
-4.96513
-2.04756
4.96082
-1.63296
-5.52371
-5.17128
-1.08321
-13.3845
-1.61652
-5.7606
6.36954
1.05444
-3.06038
1.60761
-1.07353
-5.23206
0.880083
6.79175
2.78638
-2.42671
-3.70261
-2.82118
-2.15745
-12.8373
-12.9838
-2.9387
1.40151
3.17202
-10.1021
0.563972
-2.04775
-5.86629
-3.00277
1.12161
-11.8655
-0.926789
6.65169
7.3282
7.32639
-1.7136
6.64593
-2.98153
-1.39331
0.814401
1.19661
-0.979227
4.95906
4.90572
-6.27782
5.14874
6.08142
12.8595
-1.20161
-4.64071
-0.432706
1.83945
0.360861
-9.65484
-1.36489
-4.42657
7.04073
-6.73703
1.47098
11.9102
-3.51407
-6.88986
11.3196
-0.52253
4.71894
-4.15024
-0.0068891
4.47364
-0.47987
0.00135189
-1.06405
-6.22294
5.54841
2.03618
7.29856
9.84674
6.88651
-6.07563
2.53313
-11.0675
3.59353
1.30595
5.54514
2.15782
-1.72845
4.05002
8.13995
4.99165
-3.77462
4.40942
4.92911
-2.37513
-7.04824
13.7502
7.19452
2.50116
-0.0456602
-2.11358
2.1947
-0.910063
-0.208925
1.37938
-1.46403
-5.77304
7.03773
4.23723
0.798137
1.17966
3.90873
3.78943
2.04294
-5.70598
3.18304
-6.24539
3.24404
-6.54897
5.81558
-0.0345422
0.681687
-6.39934
3.19531
-5.79031
0.531441
1.95878
-1.1719
3.17824
1.28525
-6.37135
10.8953
4.81806
5.4906
-0.123482
-5.00346
-7.93797
-4.90141
3.57931
1.77207
-11.4338
3.73545
-2.29457
-8.8305
2.69193
-4.54535
-1.06315
4.52252
5.1858
-5.14424
3.75149
-1.65786
-10.261
-2.02283
-2.63921
-2.09923
3.34697
-5.29394
3.27575
7.34978
-4.88917
4.9488
6.6797
1.62653
12.1691
0.0469022
-11.6613
4.07857
-3.94557
1.21345
9.98409
-3.23196
4.8358
3.6321
-2.95676
3.34709
-3.14082
1.19041
-4.63656
-13.2381
-8.06458
-0.497952
-7.65898
-0.264149
3.63782
-7.71994
8.97081
-1.26473
1.15212
-1.79192
-5.77926
-8.95599
-8.17892
4.40907
5.65995
-6.34483
-2.43147
8.32272
5.27656
0.798362
-3.84257
11.3438
6.90203
3.2733
-0.120156
-1.32636
-2.70422
1.001
-2.5598
-10.3253
0.529369
4.53472
-6.26649
5.2946
3.78421
-8.73638
-0.544482
-3.24166
9.29012
8.88624
3.27175
12.0092
-2.41964
1.59069
-13.7452
0.770554
-2.27411
-13.7107
-1.65684
-2.2947
6.25229
-3.37243
4.26877
1.24391
2.42224
-4.74407
1.14648
-1.23815
-3.93511
3.30541
8.36951
8.14402
-4.83992
5.09993
-3.15331
4.93917
-3.04658
2.10552
0.330226
2.72418
1.40016
-2.28683
-6.96217
2.9552
-3.51732
10.9683
9.51238
4.4967
-8.15482
-12.0092
6.19745
-1.4926
2.96707
2.40633
-4.52661
6.20325
-4.84729
4.38934
-0.499398
6.70347
2.26362
2.75669
-5.06127
8.47377
5.78025
-5.37165
-0.228477
4.57755
-4.65779
8.31163
5.89506
4.1831
-5.61908
-0.398658
5.69689
6.99679
-0.308127
-0.34826
-0.594093
1.12916
-2.24081
1.39447
4.65265
7.75496
-4.29139
-1.3987
1.03518
-2.88969
10.2865
0.294368
7.8788
-0.327891
2.62273
-4.93908
-1.48721
-4.52927
-1.57753
-4.36549
-6.58684
4.75358
-12.5892
11.9672
10.1864
-6.99943
6.61496
0.10491
-3.07107
-1.45789
-8.81162
-6.16924
0.361063
1.25484
7.62454
0.34005
10.1712
-1.02255
4.69963
13.3383
1.11304
5.41393
-2.34058
2.46305
-1.93797
-3.62557
1.05805
-1.98911
-8.79618
1.82049
3.96972
-2.83307
-5.7223
-2.21571
5.71013
0.165885
-0.421088
8.49084
-0.772157
-0.424743
-5.55103
3.7771
-1.19324
5.83262
6.59448
1.3788
5.73752
3.97248
8.54334
5.70401
-3.25701
3.19807
-3.11822
14.9505
-3.66596
10.4692
-1.16147
-8.56752
0.0871831
-2.53524
4.08349
0.535373
-18.5383
-2.77883
4.1516
-9.91991
-0.481363
2.13207
-5.7991
0.531925
-2.51794
-7.16662
-7.89133
-1.88576
5.61528
1.87789
4.69577
-1.0906
-4.72513
6.52919
-3.65411
-7.10889
-3.36671
1.13206
-1.34716
-5.35512
13.1627
2.48594
1.31519
-0.509715
5.41444
12.6575
-3.59963
-4.88359
-5.19043
8.4872
-2.00009
-4.24438
-3.93099
1.04062
1.78955
2.14679
-5.47288
7.35714
12.3865
-0.26169
2.20799
-0.991856
-0.775311
-5.25369
0.534828
-5.98486
4.20013
-0.493771
3.30811
2.39054
-8.43025
1.64441
3.86161
-0.523925
-10.6951
-5.059
-3.64387
-5.0554
1.64266
8.9505
-1.93443
-3.67959
6.7233
0.928401
-1.06351
2.07868
6.20825
-10.5013
-16.9696
-3.27888
-3.42923
-0.1185
-6.40192
-3.46955
-2.25541
2.78001
-1.42655
9.16329
-2.74782
2.15072
-0.70059
6.74705
-3.31529
-12.0474
-2.29586
-0.835159
3.35765
-4.42791
2.97606
-4.87094
2.31425
0.142263
-2.75816
-0.515171
2.27829
-1.99678
2.64372
-0.195618
10.2881
-6.40603
2.3406
3.46325
6.39913
-1.66317
9.76783
0.943919
-5.9177
-0.669976
6.12956
-1.25191
-11.6208
5.39493
4.71763
5.50711
2.48453
-7.33557
9.05181
-1.08903
2.81984
9.02835
3.03797
-7.65254
-2.61634
7.8205
-0.579314
-2.08906
5.60147
0.463681
-3.52339
5.93094
2.52392
-9.7611
4.91448
0.946113
8.43503
5.51251
9.85215
1.4896
3.00287
-0.651417
7.50539
-7.99627
-4.15027
6.79673
-8.57102
-0.253908
-3.96857
3.5531
-1.86058
-6.22347
-4.33215
-13.2855
-5.24326
-9.02451
-7.9003
3.02019
-5.48434
9.87165
0.0610235
-1.32203
-0.17288
-2.35205
2.29877
3.1146
1.16532
-1.76981
10.3056
6.588
6.63814
-5.85522
8.05893
1.45346
-6.50404
-3.80794
3.31322
-2.23234
-3.0865
-0.134884
0.975091
-0.520028
6.91641
-1.78726
1.75495
-2.62633
7.73391
-0.912642
-4.99406
4.54151
2.62602
6.83369
1.6026
-8.19197
-5.16513
-1.98575
5.59781
0.965485
-3.45452
15.2475
6.61786
5.37571
5.3593
-5.00757
2.70688
4.89747
-1.58603
-2.03665
4.8681
-0.123417
-11.0923
3.51089
-1.26846
-5.54563
-5.66466
10.6913
-2.8723
1.65418
-3.18502
-8.25328
5.86989
5.6832
2.06975
6.76364
-9.2014
4.46488
-3.05858
-9.31548
0.147931
-0.409583
9.16963
-4.50193
-1.45879
10.2526
5.87413
3.38901
4.6615
5.00232
1.92155
0.530164
-0.116767
-2.33724
-1.30602
0.71739
6.96328
1.65591
4.4807
-8.40086
3.46275
-0.0824091
7.53195
13.4207
-0.115405
-5.09545
2.40021
6.78081
-1.45986
0.947755
6.33762
-3.28095
2.63137
2.48075
-13.1977
3.96107
0.248965
4.85462
-5.38833
3.80838
7.67493
-16.3581
0.0186667
-10.7256
-0.272308
4.14012
-3.53902
-4.89097
4.75438
-2.90936
-11.1803
-0.382889
-2.12887
2.34545
-3.15956
-0.125349
1.41957
3.27615
2.15691
2.42259
6.59346
3.09555
-8.30892
-3.48851
13.1157
4.31655
4.03066
-4.01875
9.89039
5.69616
1.75922
6.26467
-0.393943
0.960813
4.08957
1.50472
-1.02894
-0.746309
-0.291984
3.19417
1.50953
0.922495
3.84174
-1.66937
-8.31161
6.89909
0.578654
14.057
8.14719
10.8169
-1.86875
6.01924
2.12178
0.177693
5.90765
1.12645
2.10174
-3.45605
-4.62527
0.470298
12.8185
1.66955
6.187
3.93054
1.73447
2.91083
4.3531
5.46995
12.8499
0.112523
9.84761
-1.29199
7.30836
4.60493
8.46755
0.141299
1.72558
-2.23085
4.61429
3.9125
3.97984
-0.905129
-9.97644
3.71967
-4.06876
-0.848631
-8.65404
4.48557
-4.56961
3.36194
6.47339
8.24093
-5.06112
7.59181
1.54193
-5.77031
4.72678
7.44118
-4.31358
2.03625
1.86065
2.3918
-3.6048
2.07657
0.104149
0.0391959
-1.11588
-1.45729
9.59183
1.98474
7.11856
5.88675
0.931954
6.84199
-1.81652
8.41119
-10.938
-3.04827
0.846957
11.6765
-4.35782
-5.9953
-0.574883
-0.817416
-1.24523
-5.10316
2.19651
0.269219
3.32204
-3.65577
5.66349
9.16884
5.77253
1.12088
2.57172
-9.40359
0.419975
-12.4903
-2.52739
7.96388
0.401208
6.24155
-5.74808
-3.01927
-1.20993
10.9745
1.65095
0.7743
0.0297205
8.38723
2.15855
-1.58898
2.7495
3.65349
-0.717569
-1.26984
-5.15252
7.37621
-0.471773
-3.34393
3.20511
-2.26101
1.70301
-2.45443
5.19323
-6.75412
-6.45972
7.04892
-6.13367
-12.4784
5.99092
0.412314
4.00161
4.07887
0.870104
-7.61321
7.12144
-3.91141
4.18445
-0.896319
-3.46129
0.181566
0.821469
2.96269
2.96335
-4.9087
-2.15743
1.24789
0.951615
-1.85285
-0.799837
6.90039
2.31809
-2.40796
1.51456
-14.039
5.62569
1.36127
-3.35379
7.2875
-6.49631
-1.67994
2.00599
2.69167
-1.05273
2.93016
8.46802
-0.981546
-2.7432
5.38138
-1.05887
-1.80089
7.99887
3.497
8.1624
-1.03259
-4.68666
11.433
-2.83875
11.9952
-2.52861
1.37529
2.7309
0.787469
3.12363
1.52213
7.57444
-1.04908
4.00899
-6.05509
-3.7823
-3.0013
-5.19393
-11.5212
6.99197
0.359582
-12.8634
-0.872471
2.99629
5.02076
-7.46419
-4.7651
3.21102
-12.4049
-0.244303
-6.20992
8.18145
4.8631
11.0305
-14.3578
-8.94328
3.24049
-2.17099
6.49075
0.118679
7.98797
-4.70291
5.01238
0.497971
-3.85178
-6.74029
-0.347598
-5.51114
2.247
2.44713
-2.87126
5.07174
-6.09577
0.688915
2.97436
-5.99009
1.54142
-2.01419
8.98289
3.44875
-2.28652
-2.65645
-5.62586
8.34351
6.03702
13.9745
9.70635
-8.73985
7.66838
-5.0971
9.95573
-1.00957
1.88953
0.973216
-16.3271
-3.8494
11.7826
-0.090053
1.49985
0.645117
-8.52736
-12.2767
-2.1207
-5.17779
5.34441
3.96179
5.65763
2.3486
5.89645
-0.117011
-2.27678
-3.39236
-6.1616
-1.99434
1.81688
6.42424
-2.22175
-8.9944
1.71729
10.7435
-1.35679
-9.75977
-12.7321
4.381
10.0613
2.73016
2.38259
-2.48593
-5.16498
-5.22396
-0.429123
4.73661
-1.27038
0.198021
-9.76465
1.92116
-11.9807
-6.65153
5.46755
6.7922
8.28854
-2.1848
5.4121
4.85227
-0.531314
-4.48911
3.31515
4.4652
-4.2277
1.5212
-3.84105
2.11531
4.18524
-0.279944
1.5642
3.54254
7.52906
1.05526
-3.36586
-2.78528
0.640837
3.60139
0.626588
-3.098
3.04129
4.0035
9.65005
1.23547
0.407206
0.610534
0.375637
6.87533
2.63661
0.0922191
-7.41693
-6.05834
7.80108
3.96257
3.49648
-3.2848
-4.14528
7.87468
-3.60055
7.81305
2.25881
-6.03142
0.368803
0.124777
-5.2143
6.44774
6.23674
-3.37998
1.22286
8.69543
4.48225
-1.62877
2.64682
3.89158
9.60386
-5.59837
2.1467
-5.77229
-7.13986
5.16545
1.72131
4.56891
-4.39189
-3.76695
-5.67976
5.19369
-7.03954
-3.99618
-5.92454
-7.87239
-4.75256
7.10709
-3.21805
-0.0548049
0.199179
-6.07143
5.86934
-2.63706
9.82628
5.02687
-3.88985
5.06092
-1.32377
0.0168682
-3.25437
7.07255
-2.07102
-3.79201
-2.53039
8.80663
1.15916
4.246
1.80334
-10.5591
-2.36835
3.27436
10.6982
3.9086
-4.5442
-5.41287
11.7873
-2.20581
-1.12235
12.2776
-2.95179
5.45525
8.92116
3.5922
3.97095
0.366662
5.44313
-1.05225
-1.25273
0.611145
0.4103
3.42777
-4.6757
-0.5465
-5.94638
1.50839
4.13391
5.72447
4.7021
1.52174
6.49056
0.449205
-7.78274
2.75933
0.192415
-1.36601
10.5545
6.56056
-1.63111
7.60221
6.67349
-1.03349
3.0478
-3.09633
2.57425
1.21115
2.09394
6.44826
0.305418
0.889078
-4.26906
5.67686
-2.65142
4.08962
6.55677
3.59607
1.91243
7.50347
0.122451
4.36724
-6.42848
-3.66422
7.5076
4.17804
3.68822
9.7461
-5.68026
-12.4189
-1.02202
6.52777
-10.6844
0.475159
1.75211
4.80348
2.91958
7.32476
4.09529
5.83639
-4.626
-6.25082
2.58772
4.58823
2.11921
-11.4123
0.501624
0.88917
7.67849
2.22026
-3.39698
10.2928
0.0892471
5.9041
8.0851
5.62662
9.85075
-5.55444
1.5371
3.02311
-7.088
12.4273
0.596955
3.24357
-7.84209
-4.36156
7.2292
5.56425
-0.12691
1.99191
0.651871
-3.68349
1.03991
-0.712804
-12.8983
-3.41956
-4.6885
1.59713
2.47721
3.82804
-8.85658
11.9382
7.01773
6.7792
5.73947
-4.19201
-2.11518
-1.90851
-1.68978
-2.40436
-0.434246
-2.03777
8.72987
-12.166
3.51014
5.17868
0.356359
7.8103
8.57005
9.17366
4.11004
0.840963
-6.02118
10.1201
-4.16485
4.00222
-2.34605
0.0185436
-1.64268
-7.56049
-9.11162
3.63779
-0.882215
1.26372
5.32267
1.33559
3.88507
-3.97252
-2.76625
1.80477
2.966
-2.27155
7.72237
-4.96768
5.65566
8.58939
3.15304
-17.8605
3.09728
4.00133
0.610459
0.632429
0.865188
3.69889
-1.47149
1.42357
-5.9455
-8.35379
9.5199
2.55732
-4.14466
-0.977987
-7.43638
-5.06039
2.91135
2.45975
-3.65489
-3.80214
2.62781
1.08403
0.574363
-2.78806
0.0967152
-1.44649
5.62259
6.37424
3.47313
-6.94331
1.57269
6.08302
-2.329
-5.05139
9.48623
-5.9945
3.24473
3.11878
6.62177
2.9711
0.736013
1.66877
0.472272
2.62915
3.55251
-6.1604
-2.10041
3.97342
-2.36567
-1.37442
1.7707
-8.71801
-0.821662
3.33239
8.2922
7.50879
5.78688
0.748271
-0.0821392
-1.04877
-5.61423
-7.74035
-3.51469
-3.73216
-1.04809
3.95148
-2.80308
3.13885
-2.21515
-0.0579358
-3.60388
9.09495
1.06359
-0.68551
2.93901
7.19091
9.52416
4.70094
8.45744
-5.26564
3.10354
-3.1921
-1.02661
4.28833
-4.47451
1.04971
3.12823
6.32162
-1.13381
5.13393
9.00742
9.43586
12.0383
1.13053
-6.61248
-0.892608
-1.59301
4.80262
3.81723
4.75271
-2.71348
5.40498
5.43135
0.091144
-6.02775
3.07504
-3.38077
1.73937
1.43019
-1.17625
9.26509
-3.00097
0.42498
0.235651
-3.48257
3.9491
11.79
1.91367
-3.84357
-3.16564
4.97668
-1.00732
10.6597
-6.82139
5.37205
5.35448
4.737
8.21312
-0.712592
2.27509
-6.57696
5.704
5.54278
9.62191
-0.616474
7.63793
1.33841
5.21628
-5.99475
2.27754
-6.63284
-3.92368
9.81435
1.96407
5.21329
5.63342
5.50855
2.63789
0.893195
3.18396
9.30287
6.29589
7.91336
3.93763
1.97741
3.68561
-2.47463
1.17959
11.6133
-0.675711
-2.97718
-7.1051
6.94566
5.5653
0.00758953
-2.03638
0.100977
-3.55691
4.39644
2.77739
0.111109
5.26366
5.43891
1.92358
-1.5689
6.44383
5.48169
6.31891
2.08154
4.07815
-0.879537
2.1758
5.85493
6.77021
14.8527
0.702957
5.91461
3.46911
-1.43638
-2.93133
1.77536
-3.91772
1.32667
0.292564
-0.125027
8.29046
2.0573
-0.0968502
8.17361
3.46189
-5.73514
-4.56059
0.981916
0.320528
-2.44764
9.12781
7.11972
-4.34691
-0.632308
-3.53955
7.9947
-0.348124
-3.2932
4.52363
2.73157
-5.03629
11.0378
7.11109
1.15673
-0.523617
-1.62532
3.40874
4.1368
-9.76939
1.23069
8.30967
0.810445
-11.8531
-2.97513
4.16019
2.313
3.53372
2.3268
7.97014
2.65575
7.71553
11.5831
1.82176
-0.511035
-2.61224
8.75844
-0.917594
-0.829995
8.05746
3.03927
-2.38994
8.17812
7.04486
4.34501
-1.04704
10.9003
-0.820675
5.66931
-2.47877
0.883845
2.84276
-6.51675
-1.7994
4.18555
-0.43049
0.481079
0.676989
-7.30956
6.96925
-6.66624
-6.74443
-4.54939
-3.54875
-9.2808
-8.18741
3.76833
4.83522
1.28225
2.73101
-5.40821
4.82537
0.308072
-6.52722
6.4883
5.6139
5.42031
5.75171
-3.12861
3.25915
1.54557
-10.6696
8.41051
0.305817
-1.80889
-2.24428
-4.05298
0.224855
-7.05918
-6.61727
-9.19821
-7.92456
1.44337
5.5333
2.7054
-8.87197
0.883059
1.6022
-2.95378
-1.86071
0.960244
1.11545
-4.55778
-6.12659
-0.133882
-5.65811
-0.348252
3.33702
-2.12946
5.1779
-3.06717
9.36076
0.487459
0.742468
1.7572
-10.5513
4.00011
-6.71573
-0.872455
-2.17728
6.29957
5.21422
13.4995
-3.96412
3.96924
-3.88172
1.58363
3.71923
4.98981
10.4937
-3.04797
7.44786
0.408269
5.41205
3.64884
9.93442
-0.228165
1.91669
2.92573
2.86472
5.86865
3.62032
6.7541
-1.13987
1.42314
-7.16222
0.900592
3.10294
-1.99725
7.41102
9.69012
7.65438
-5.69273
10.6773
2.46389
-9.74452
2.04644
0.661544
2.61187
3.47807
3.8799
7.84324
-5.16523
4.10349
1.21667
-1.84134
11.9338
-0.0106301
1.19751
1.01977
-8.25042
4.357
-12.1732
4.46753
-8.65573
9.38145
5.4369
1.2552
-5.54475
1.52638
-9.95437
-8.54238
-1.6208
1.52392
-0.52254
0.594456
3.89015
-0.15589
8.11981
11.2122
1.71203
1.63932
7.74151
7.51062
-1.14291
-2.00719
-4.01197
5.41037
-5.25576
1.6092
-1.33876
1.66058
-4.18974
-0.597262
5.28839
3.92649
-1.23592
2.20284
0.225555
-1.75277
-1.67438
-4.76629
-6.81808
1.0178
2.90941
4.56825
8.44357
1.21088
-7.44383
3.6773
-8.01974
-2.47462
-12.7118
0.127026
-0.291545
-0.853
1.61202
5.27348
2.46087
-1.92849
-0.654888
-1.31789
-3.09427
-7.80405
2.32091
2.49474
5.21942
-0.29114
4.84398
-10.6427
-2.41744
7.28497
6.89058
-2.2671
8.39848
-5.58451
-1.84912
-1.81765
4.22693
-7.62518
-2.86484
3.56737
-9.31182
8.47593
4.67987
5.48539
1.39091
-2.24745
-10.6202
-0.0713974
6.20178
-2.97797
-0.811055
7.18791
-1.90492
5.55988
1.99443
2.50004
2.29203
-1.35548
-0.0150606
-0.749081
-0.440301
2.14437
2.22761
0.890742
12.18
7.72852
0.685365
3.4264
8.38584
11.1871
-9.02616
-0.0830476
-0.323758
0.718923
11.9192
-1.92301
5.2304
-1.51939
-4.76624
10.3448
-0.875673
6.24411
-2.48871
-6.1897
-9.75425
2.00251
4.89003
7.73875
8.39921
-2.22506
4.34974
1.31051
-8.12469
-0.741727
3.55889
-2.67782
3.64309
6.9269
-5.90275
6.13133
5.46473
9.51058
-12.1727
-0.547273
-2.0541
6.02877
1.79928
-4.49337
5.35851
1.50284
6.48099
-7.86304
6.5374
7.8678
2.91538
-1.81639
1.97109
-9.59108
3.08126
8.62809
2.64003
3.14957
6.08613
-4.2739
7.35675
-2.34074
5.96125
1.82529
-2.93181
6.58085
-0.0969309
-5.47668
3.01827
3.51524
-9.34876
5.219
6.66108
4.54667
-4.31504
4.10497
6.87189
4.18821
7.73375
-4.43222
7.92323
5.82013
7.75201
0.0640537
5.37268
-3.34339
3.8554
-0.57814
0.476684
-1.83084
7.5709
-5.13376
-4.58892
12.2528
-5.53707
4.21316
5.59255
-8.38534
7.40969
-1.78778
2.93394
-4.08392
7.50394
-3.12115
10.4597
4.59582
6.85739
3.97651
0.854077
-4.39187
-1.88448
6.42779
2.34735
1.49057
9.12084
8.79661
8.11095
12.4878
-1.61589
-2.34212
3.79061
-0.461454
-2.99606
8.54831
-4.46703
-0.30596
11.0353
-0.676014
6.83857
-1.54422
4.5795
-3.05823
0.0878065
-7.23294
-6.29932
5.83971
6.70904
5.2557
8.43749
5.08638
2.02539
4.6734
2.50882
1.64845
1.27392
5.96648
-3.21818
0.42342
-9.30481
1.31007
6.9006
0.0922773
-6.6263
-1.82618
1.44543
-0.747304
-10.9107
4.03516
-14.5442
3.49387
8.77602
7.74231
-2.07686
4.82905
7.16487
8.22283
-1.26964
-1.02195
-9.52373
4.58943
-2.01045
7.24773
-4.66162
3.47816
1.95806
-1.43676
4.78393
-2.95324
3.9864
-8.45739
0.441172
-1.00527
-0.421254
4.92532
1.35124
-1.63529
-1.25341
2.96011
-6.6071
-7.40767
3.08117
6.49433
0.698059
10.4531
-0.371439
-12.9687
-3.00522
6.09673
-8.63229
-1.81894
-3.37232
-2.08966
-0.275256
8.76781
-7.6704
-4.94973
0.871204
-6.57272
-12.6513
-4.23857
2.43476
1.78313
-8.07003
-2.60773
-8.74613
-0.489562
0.0574504
-12.7958
-7.95308
-3.47969
0.874704
-2.19345
0.584077
-3.20046
1.05349
-4.97899
-4.60706
-0.0592663
-13.668
-2.81173
-8.0406
0.107292
-2.08511
1.17472
-10.0416
-2.97465
4.16239
-2.30747
-13.8562
-0.499833
-13.2017
0.994556
5.04141
3.17093
3.03203
0.448765
2.76843
4.91925
-2.84603
-2.45234
-7.23133
-5.27819
0.553936
5.00753
-0.3505
8.56613
-5.54304
5.47246
2.46557
14.601
3.48929
8.321
2.69705
-0.244483
-4.2853
-1.16234
0.565104
-6.6224
-1.70281
8.11283
-3.55533
0.852941
-6.43628
0.0170341
-0.400555
-14.3573
-6.90973
5.49843
2.55207
5.42905
3.45086
4.54029
-5.96251
5.44683
1.4394
-5.90103
3.27512
-0.365319
-0.542983
-2.50103
2.50275
1.40966
3.62159
-2.63013
3.06993
-11.5889
-0.348437
-9.16199
-1.07204
-7.74878
-4.44726
-1.97495
4.34325
-4.7994
8.43468
-0.11766
-2.3326
3.80368
5.53829
-0.299458
5.20255
-3.00231
-9.31606
-2.14306
-1.58927
4.34847
4.01647
2.40626
-3.75351
6.07766
-0.961682
10.745
-3.46431
2.41399
-1.17165
3.43826
0.942326
-0.0332106
4.84784
-2.84349
-8.92211
-0.927357
-6.38326
-2.84737
-0.610245
-0.261893
11.0451
-4.79491
-3.16157
13.8188
5.56079
7.28756
4.20862
-2.17146
3.21705
0.488992
3.97114
3.32984
-0.974417
-5.10085
2.38424
4.87958
0.00918852
-0.818647
-10.2854
-6.73771
-2.10588
8.48888
-2.84421
-4.22161
0.162092
-3.11829
-1.33501
2.93895
-2.39815
-7.41365
-8.75446
-0.96009
4.01002
1.23548
3.22587
-5.36282
0.372397
3.51492
5.03079
-3.31992
-2.85945
2.05717
4.25858
-4.39885
-10.8062
-3.20862
-4.14948
10.4834
0.000222675
3.1598
5.35888
3.45033
-7.84879
-10.111
5.05582
2.26618
-2.95229
-4.33485
5.58677
0.111523
4.17576
0.109513
-8.13933
4.03487
4.35874
-4.9204
-1.61942
-2.61742
0.272849
1.14499
4.71482
-7.83563
6.21503
0.944208
2.20049
-8.13256
5.90685
9.70357
-1.39557
-2.43415
1.37183
-0.838658
-8.0459
6.82896
4.67295
-1.31221
-3.09996
4.84529
0.891147
-0.223712
-3.35078
-5.04719
2.4871
7.77125
4.98926
5.42185
-10.3613
-0.0677971
-0.837464
1.09276
4.11168
-0.816706
6.85949
1.22556
-4.06182
-10.3803
3.07764
5.87088
-0.395787
-3.45257
2.30857
-3.97088
1.88366
1.76304
0.383142
0.0945548
-4.43632
-9.53656
2.28561
-2.22557
-11.7111
0.717692
3.90806
-5.81937
-5.46841
-6.83219
-1.73397
0.0172225
2.03608
1.86649
-4.75875
2.32735
4.88974
-6.71399
2.35162
-7.17148
0.324034
2.64673
11.0423
-6.09751
7.11277
-2.51814
-1.59427
-4.25656
0.897979
12.3871
8.79035
5.0425
1.71891
3.84434
-2.51941
-0.471314
-6.25487
0.592858
8.24334
12.7435
-3.28227
-8.8707
-4.87533
6.35986
-1.66862
1.34952
-3.8078
-4.7835
-2.76327
-11.0874
0.847957
7.48574
0.860425
3.40493
7.17566
1.66598
4.7031
-10.4957
-3.72345
-1.67322
3.48937
3.93439
4.33629
1.88259
-4.98482
-10.847
1.7936
-4.80463
3.51448
8.20784
0.0386685
7.67391
-6.63342
2.82412
-2.33072
-3.50463
-2.03735
1.78598
1.45814
5.5467
-7.43658
0.255382
-1.58132
-5.26333
-9.45965
-5.0613
-9.49732
-8.92728
5.4179
1.91398
4.0662
-4.52409
3.64695
2.99306
3.07082
-6.52368
-3.20738
3.4232
7.36506
-2.70826
3.59556
-1.44757
-1.26907
7.66267
3.40213
0.626968
7.59092
-4.14894
0.592189
-4.38434
0.511793
-5.87977
0.988219
8.52961
2.85662
-1.368
2.57241
1.34388
9.37942
-2.91351
-3.62223
-4.18819
-1.00461
1.69058
11.0995
-1.21108
-5.61152
7.09103
0.237257
10.098
3.7607
-1.36181
3.72701
4.23282
-0.175582
-2.29517
-5.12765
-2.94806
-1.3388
9.081
4.52868
0.5549
1.02845
3.66333
1.97787
0.54511
9.09658
-1.38865
-13.4287
-4.59238
-1.99523
0.952213
0.952881
-0.273352
1.77223
5.48364
7.31591
-4.52099
-6.20606
4.07622
4.2266
-3.5867
-5.24849
0.689214
-1.08685
-0.257889
0.306346
-0.81096
2.96835
-6.12163
-9.65886
0.748497
-4.01713
6.61423
-1.88318
0.795401
-7.22017
-7.58458
1.51097
6.48016
4.67157
1.01569
3.64701
2.75806
-1.04118
3.77047
0.434163
0.557639
2.83169
-2.5256
2.06615
-6.9268
2.67966
10.6769
0.276363
-1.13272
1.7664
-5.01517
2.4098
-0.660111
-4.29581
-2.03666
-3.5193
1.31904
-1.43851
3.52249
-11.1817
-3.36621
4.09521
5.1689
0.340969
-3.8037
-2.8464
3.25283
0.486264
-2.73054
2.0393
-0.62588
8.09536
-3.96066
-7.95754
-12.0315
7.25092
0.813965
-2.81993
-1.24191
-0.863107
-3.6365
0.475976
2.06469
6.0431
-9.96921
3.86459
-0.140426
8.08434
-3.60611
1.56193
3.44552
1.01113
8.3361
4.73703
8.58502
-2.10876
3.95452
2.84216
-5.04222
3.03793
7.8547
1.55806
4.34552
2.2115
-2.62411
-6.09462
-7.30804
0.676877
-7.49425
-4.40829
-4.74595
-3.6962
-3.27772
4.37852
-2.046
-0.506574
-0.312939
-2.33504
-5.49102
4.43348
-4.52175
-0.542642
8.0032
-5.09307
-5.40278
1.08271
6.4715
1.97593
0.123902
-2.43239
1.33404
-6.10993
1.45859
-4.79125
3.93997
-1.088
6.72003
-0.881417
-2.40758
-7.13983
-0.99398
3.57124
-0.511432
-1.46828
-0.605212
5.38196
-0.767184
4.46512
-9.35424
2.93318
-4.85666
-7.76274
3.55534
7.9016
-3.07724
2.45274
0.53262
2.2223
3.64344
-6.18539
-7.85979
-3.10392
-9.08526
-2.07598
-3.22086
-6.53185
-9.06054
0.777891
-0.782879
2.95355
-4.91353
-5.14766
8.2475
5.50295
0.014516
-7.10692
5.70431
8.68854
7.06962
-0.504609
-2.71735
0.303974
-4.39608
-1.38638
4.69077
2.88612
0.55544
7.09379
1.50495
8.20389
1.31212
-4.5784
-10.0727
0.0822362
-5.60525
-6.81632
-2.0048
0.425917
-1.52771
-14.2615
0.201514
-0.944269
0.952606
0.236568
-5.88917
-8.32417
-3.64791
3.48659
-3.45678
-14.0159
4.31737
-2.86315
0.421154
-4.36984
5.14239
-5.0995
-3.19165
0.157905
3.39884
-0.563488
6.24968
-4.85503
5.91509
-1.82058
-0.061087
6.67784
6.64624
7.92935
10.4174
-2.40712
-0.355211
7.6718
-4.06212
-1.38497
6.0198
5.63647
4.60046
-3.31441
-0.509645
-0.679818
0.819227
5.11949
1.42717
0.236212
-5.58377
0.0595544
-10.078
-5.96974
-1.77278
-4.02233
3.71338
7.0103
0.384783
-1.88142
3.04941
11.0208
9.01741
8.46017
2.73755
-2.77908
-2.54111
7.3928
1.09199
-1.3052
4.07596
-0.515828
-1.0426
0.291846
-3.79852
2.51097
-0.698335
11.1226
8.76227
-1.61145
2.67317
-10.227
-8.14396
5.02407
2.46855
-3.42394
8.83119
3.587
7.73696
10.5548
1.07361
-1.86917
-2.18805
2.70741
3.85732
1.35945
7.96385
2.82847
-3.50525
0.508021
3.20663
4.30384
-7.63515
-5.28509
8.77822
-1.82767
1.069
0.23058
6.63303
2.9079
3.8226
-0.342395
5.75222
8.20424
4.02384
1.92671
6.68509
1.06452
2.5713
-4.05357
4.66685
-7.36818
-4.98562
1.3566
-3.93887
-9.64002
0.645095
-6.3732
7.9659
-11.0448
-2.48691
3.81837
9.94464
-2.57106
3.82343
5.71226
4.36797
0.443839
-6.02685
4.29135
6.15971
-9.66577
5.05394
8.86418
-4.04552
-6.097
0.0379263
3.27836
10.886
-1.53722
1.50642
-10.6773
0.32909
3.14183
2.83185
3.13287
-9.07378
7.57122
-4.3559
5.71335
0.151867
6.50797
4.83192
4.52651
-2.17666
1.41632
-6.63079
1.22277
-3.11653
-2.90788
-8.70121
-12.2588
-1.29128
2.17858
3.3603
-0.345696
0.907565
-3.2714
-6.4615
1.78913
2.12935
-0.240023
-0.452255
2.36306
-1.97142
5.62171
-1.14271
0.741573
-2.06344
-2.7547
4.28406
-0.76886
-7.25891
-1.41929
-3.67969
5.73143
3.54094
2.489
2.14745
1.05632
-1.04096
0.314502
-6.39212
-8.25635
8.26042
1.01929
1.67585
-5.21116
2.87868
-2.00048
8.17271
-3.20313
-1.33044
10.803
3.11352
3.16101
-1.16242
-7.70046
0.00946388
-1.29836
-0.706796
-6.41035
5.82396
-2.39998
-2.32433
-3.3996
2.68527
2.98814
-2.1769
-0.647009
-1.6221
-1.52765
2.48316
-7.83115
-14.2672
-6.8389
5.9946
11.1681
3.49585
0.351707
-3.22187
-1.2611
5.71974
0.784049
0.515981
6.34011
9.48448
5.76537
5.26892
0.25434
-0.261746
8.58702
1.84265
5.99909
0.408153
0.364268
-0.932386
1.51807
5.6562
3.35654
2.34409
1.29757
-1.36635
-2.49788
-4.32954
-4.7286
-5.86315
-1.66008
8.10521
1.30959
3.31419
5.14247
4.80756
1.34617
5.84322
3.31747
4.81636
4.33918
-0.58174
1.16447
-0.112281
2.05801
-0.293344
-2.4408
3.43311
2.78453
-3.74216
2.97259
-0.707709
-3.92426
-7.1405
-0.583427
-6.60138
1.61728
6.45712
-0.863033
-0.887113
2.46346
-4.36469
3.90699
7.85765
-0.428156
0.701387
-3.81832
-6.59086
10.2208
-4.5866
7.18569
4.14821
8.86197
6.70164
6.48049
-6.5286
8.08019
-2.87965
5.79766
5.35113
8.74885
1.96166
7.565
-10.0211
-2.4843
1.8949
-3.2049
-2.44524
-3.25625
5.47646
0.114256
6.25969
10.205
1.62487
-6.43087
10.5001
3.59467
3.35492
3.45672
8.42698
4.8155
-9.33219
3.90526
-0.446375
-3.14884
11.519
-2.70453
1.69122
7.73348
-2.00604
-5.99366
-3.71396
0.551158
4.17321
-8.61619
-2.10728
8.29518
6.42591
-6.96702
-15.414
3.64063
-3.33128
-0.556329
-3.93549
-6.65642
-3.46254
4.80499
-4.02385
-9.21429
2.3606
-1.99154
4.93144
3.05078
-0.9481
-1.01005
7.93841
4.04576
1.14152
-1.48593
7.33472
-1.95685
-2.0088
-4.96746
-5.75689
1.88631
3.29726
-2.05567
-1.66269
2.53746
6.65521
2.7185
1.5633
4.11041
-1.12523
-3.63713
0.23834
-11.2811
5.1322
10.013
-7.59837
-4.72086
-3.41327
-11.911
0.459281
11.1754
-9.97081
-1.06947
-6.07581
3.90678
-14.7121
3.87777
-2.46241
3.79601
2.24579
-1.48534
-0.812946
-0.408187
1.04513
-5.44485
-8.14684
-6.92465
-3.95332
-3.15976
-2.07978
-4.39135
-4.62315
0.459972
-4.25602
3.52796
2.47071
2.31543
-4.48887
0.634531
9.63892
-12.7472
-2.27675
-2.09593
7.02303
-0.150498
-6.68717
8.47894
4.23423
6.34687
4.6231
4.70543
2.62167
2.33354
1.28405
9.89605
1.33213
8.08528
-3.18416
7.0593
3.09436
-2.36077
-3.78373
3.03837
3.45352
-5.97531
12.5346
1.00968
10.7387
-3.72512
7.90186
7.07536
-3.73483
6.35502
9.72325
6.29676
2.11502
3.40452
-3.28915
1.82043
1.66525
2.46396
-4.01341
7.34471
0.477908
4.19766
4.25217
2.69795
-1.4085
-0.888176
3.87573
-1.32856
-3.69275
-3.69359
0.163714
-0.170764
4.77531
3.8716
-4.01016
2.81571
-9.138
2.88612
1.04418
-0.177067
2.6882
0.940234
-1.71815
4.01035
-5.20566
4.43615
4.53763
-2.52943
2.71753
2.28261
2.53682
0.0484534
-0.973285
-1.18438
3.54775
0.267628
-3.80411
4.13993
0.995891
-4.38054
-5.19965
-1.208
-4.41908
-6.82613
-5.56157
4.83914
1.29467
-4.59413
-1.13802
3.07358
1.42066
4.23923
-0.303366
0.259151
-17.5792
-0.470958
1.06506
-0.195714
0.032708
2.14412
2.22219
-4.03538
3.1371
-13.5406
-2.162
-1.05725
-4.37665
2.26176
8.50285
12.2239
1.18624
-8.27234
-4.4352
0.498272
1.44298
-3.86696
-1.01222
3.22501
-2.02581
7.65687
-5.12643
-6.268
6.459
-5.06892
3.03288
-1.84089
3.74197
5.83795
2.17279
-0.90119
-11.0537
1.06486
7.1025
1.61197
-4.43226
1.13418
2.68116
0.920732
-3.47641
-4.23876
3.92373
4.20457
-14.0591
0.339949
-2.04965
-0.204222
-0.970352
-0.541854
6.52264
3.26577
-2.95873
9.72428
3.40198
-2.00871
2.29993
5.26363
-7.61893
7.81112
3.39672
-2.03005
-10.2345
3.95332
-2.72051
-5.16516
0.804265
-1.73387
6.80191
2.13965
-0.474545
-3.27037
-4.78882
-3.50587
4.65745
3.23018
4.14041
-3.38927
5.62553
3.59648
6.65344
5.96986
3.28601
-2.94109
6.54661
2.14676
0.520525
3.76681
4.43444
-3.30952
6.73564
2.38341
0.0899027
3.17969
0.290051
7.73206
-10.4033
4.20247
-11.3459
5.53057
0.22217
6.32832
-6.66205
-0.144757
0.526746
4.89698
0.206626
3.25673
5.2031
1.75617
-10.8225
-4.7047
4.33697
0.896574
0.597672
-4.33291
-1.34794
-3.08193
-13.1905
-0.0811189
-16.6373
1.2798
-0.85696
-7.23572
2.2929
0.266449
-2.29991
2.90517
-1.66214
-0.186644
1.03449
1.73888
-2.73206
7.28394
6.7295
4.70451
-2.05022
-4.87916
-4.88386
-3.46305
-2.69133
-0.657409
10.7354
4.5812
-4.46854
-0.784907
6.49442
8.20727
-2.15368
5.4163
7.63568
7.94445
0.616681
-5.58388
-1.0076
5.19836
-3.61323
-0.180656
-3.67875
0.233223
-3.32555
-3.22617
2.42993
-0.438915
-12.3105
2.66015
6.5702
-0.92781
3.04224
-0.414289
0.277635
-1.62442
10.0982
1.15101
7.54831
-0.548651
2.07687
1.04388
0.664473
-12.7414
-5.2809
-2.31909
4.42861
-2.5478
-0.675627
-9.215
7.21597
-0.662201
-3.39203
6.3292
-6.84782
7.01152
0.315763
4.65906
-0.255651
3.97484
10.2128
-6.01968
-12.7306
-6.08915
10.3939
1.48118
-2.21972
2.39519
9.3882
-3.22686
-1.93938
-5.53232
-1.53988
4.79771
-13.4255
-6.87764
-8.08179
4.1559
1.50067
4.44178
-11.1666
-2.85832
-11.9146
0.412841
5.00601
-1.06606
1.6431
2.37175
8.40131
3.66726
6.36463
6.59284
3.79851
-1.97584
5.27077
8.16677
3.3021
-0.101617
5.86643
6.37952
0.364926
-8.51843
-5.13536
-4.07888
3.48809
-6.42841
6.61625
-13.9672
0.257837
-0.722119
4.21924
4.12151
6.11002
9.11667
5.97505
-0.0357795
-2.57228
-2.28414
-2.49889
2.65467
5.0345
-7.56958
-2.82965
-1.98719
-1.3074
1.5077
3.26982
-8.05124
-1.959
-3.5681
-4.19496
6.55382
2.62455
-10.1101
-0.624383
-4.91113
-1.21977
1.1818
-0.710586
0.15835
-8.93305
4.32183
-3.51324
0.182014
-4.70703
0.605488
-6.34768
6.11819
-10.4688
-2.06136
-3.16655
-1.70492
-4.17789
-3.83422
-1.35431
5.76851
-0.0295689
9.3076
1.47968
-1.68373
-1.0463
-5.98248
2.17215
-3.61316
-5.67438
4.17706
-1.4801
3.64686
-15.3531
-4.70408
2.18633
-8.16923
-0.504465
8.5596
6.05586
-9.3692
1.47437
3.22932
1.51172
12.962
8.87235
5.959
1.45274
2.29261
8.7836
2.56602
2.96426
-2.17499
-14.9859
4.43056
4.37405
-3.0832
4.41876
6.81216
0.128084
-1.2462
-3.1808
5.26295
-0.221066
7.4716
-0.778236
10.2625
-4.3289
-4.28567
-0.0255683
13.6199
3.13507
-1.80487
7.46067
-5.73643
-2.76781
2.42652
-2.51979
0.836146
-0.00729831
0.605542
-4.71216
-3.56365
6.49725
1.25845
9.44626
7.17358
3.94512
-3.70663
4.56465
6.98583
-0.735271
4.61321
-9.36078
1.04537
-2.57142
2.79262
-6.77845
0.723547
-3.75874
-12.6265
-0.0452563
-3.39949
-2.00898
-1.63985
4.65323
4.93984
8.8783
3.38685
3.14711
5.03254
-1.42348
-3.17729
-2.47745
3.96271
2.49642
4.45678
-1.72318
0.526355
3.18735
1.95834
0.452322
-0.00275032
-3.23128
6.06338
2.54316
1.41691
-5.56684
5.52836
3.19666
8.22683
0.919927
-2.00819
2.10733
-4.93749
0.773367
-0.703181
5.70571
-5.48017
4.1186
-3.80737
6.31856
1.29239
7.27966
2.30237
0.401996
-1.94909
-2.46099
5.02177
-3.96601
0.607221
-2.78242
7.23326
-2.84278
0.311317
3.81607
2.37039
4.29739
-2.87752
-3.82686
-2.3789
4.14955
0.0712154
0.96048
1.90748
4.98792
6.43931
-8.48914
8.80416
-4.73415
-3.27682
5.2516
-1.00565
2.25632
0.415578
7.63536
6.74314
-3.16336
-3.96382
9.32707
-1.8525
0.161712
7.27908
-1.87388
1.23437
-4.88163
0.908999
8.47582
1.68456
3.7534
-5.16001
4.51873
3.56009
4.62632
-1.04563
10.8318
-4.71084
-1.13069
5.51885
1.93059
-0.533295
1.80381
1.84104
-2.00118
0.624123
2.60283
1.777
-3.66312
4.88001
-9.90166
-5.2204
2.74865
-2.20557
-2.23989
-9.1834
8.87039
-2.59226
-0.440716
-2.42182
-2.45831
-2.30054
-11.2891
-8.09981
1.71073
3.79864
-6.38036
-2.17916
7.91179
6.16247
-0.654682
-2.65443
9.84777
0.491029
4.34341
4.62743
-14.1605
-3.55061
-11.134
1.9924
-7.46042
3.96107
-8.34451
-1.4327
-4.63594
7.79318
9.74471
1.35401
-2.0806
-0.984689
0.155026
2.82194
3.42203
0.904844
-2.79203
-2.77924
2.61615
-5.01619
1.54139
-1.61748
1.05318
3.51058
3.67871
0.745483
0.0160695
2.83778
-3.48278
4.70028
4.37232
-0.119964
0.647745
3.81165
2.72174
7.43202
3.62574
2.27082
-0.370696
-2.33
-1.35588
-0.320325
-2.79817
-0.923674
-5.78875
-5.90711
-3.38409
6.62438
1.6135
-0.178607
-2.35787
0.544215
-1.45065
12.3004
-8.80309
4.09198
0.0167225
3.12324
5.34244
6.57785
2.12238
1.71208
3.14499
-0.0154041
2.2059
7.06678
-8.09801
9.56449
2.51985
-3.05817
0.920092
-2.05565
-1.48599
5.4565
1.14599
-7.34917
3.47933
7.06928
-4.47845
-3.63
-0.024703
4.4212
2.36636
-1.25168
0.253395
1.81979
-0.817562
7.90732
0.752611
4.25374
0.528749
-2.14252
-6.00992
-4.35362
9.69303
-1.97111
4.10213
-9.31689
-0.213493
7.39844
0.258697
5.72891
-0.608028
1.75155
-0.232304
1.89736
-5.30571
-9.49122
-2.09078
-12.4987
4.80178
-4.0706
1.29983
4.42117
-4.09638
6.3638
9.37189
-3.70621
-0.221058
9.06218
-0.302893
6.39103
3.04198
-8.5056
-3.20447
-4.85362
-6.4815
-1.87352
1.47907
6.06285
6.47743
-8.45539
-0.487899
-9.17939
-13.136
-1.18555
7.31362
-6.04093
-2.51006
-2.86605
0.0748506
-7.00999
-4.79141
-1.07472
7.29253
2.00585
0.613568
-1.16587
-0.492064
1.35878
5.64813
-4.00889
-6.27671
-4.45472
1.20993
-3.74311
-3.66314
7.01211
2.3012
5.87219
-9.02993
-2.77611
9.63726
7.13707
8.6731
1.39177
2.38472
-2.01254
8.60441
-1.61794
-0.640127
-9.03824
5.61211
1.15349
-0.293262
-2.48349
9.01448
-8.2147
0.860332
-3.33435
-2.79048
-9.89757
-3.354
-2.48373
2.7303
1.94797
1.5145
4.87241
8.14615
-0.109507
1.99678
6.22575
-4.6146
4.06539
-1.49276
5.33303
-4.73922
8.02122
-1.38799
4.26614
0.678498
-0.99861
1.92297
4.34123
5.81933
-5.92784
-2.35792
4.01786
-6.18365
9.61226
3.50973
-8.42584
0.60751
-6.71228
-1.83045
1.96124
12.4335
-6.44584
-5.94327
5.75974
-8.13977
4.87072
2.67984
-4.29442
-7.47818
-1.48096
-7.07826
9.22324
4.74349
0.0903308
-3.482
0.676281
3.60099
0.447091
-0.842669
-2.99754
6.74979
-0.802993
-0.121047
0.0621024
1.48365
-1.69261
2.95625
3.00984
0.0447865
4.01753
4.01203
-2.14033
1.43389
3.18236
-2.36802
-4.74297
0.540904
1.85163
11.9592
-2.57623
9.84955
5.84424
5.22984
2.16004
6.64244
-0.244746
-1.9125
3.45262
2.47504
0.0147106
2.03205
10.1713
-2.58818
-2.42137
5.52818
-3.68322
-1.18255
-4.49225
4.49209
6.74061
5.76983
7.71401
-6.78739
2.04536
8.83574
2.83156
6.88727
-1.3481
-0.517947
-1.25495
-6.51581
11.5087
6.7624
0.85447
-9.71653
-1.43501
-7.18602
3.13794
6.6032
5.49706
6.35035
10.3959
7.64047
-2.84493
0.641559
-0.308864
2.55896
-2.29803
-7.70658
6.09484
-10.6413
-5.38528
3.89174
-3.57985
6.42323
4.12476
-2.21592
0.45357
4.25365
3.3181
0.717606
-5.46877
-9.41979
3.17632
-1.30209
4.14002
-0.151841
2.30005
-1.97447
0.657846
0.214644
1.72058
6.16083
6.81009
-1.73428
-4.35107
-3.44838
4.82453
-7.90677
3.69717
-3.15781
-4.71732
7.49653
-0.78633
-2.78846
1.85329
-4.05732
3.02381
0.63634
4.72384
6.68269
3.29092
-5.70136
7.12474
6.60789
-9.32556
-6.88222
2.91098
8.96749
-1.03317
1.21697
8.38333
14.1746
-1.60969
3.98896
-10.4272
-0.41528
-3.20829
2.19202
7.62354
-2.62333
4.11555
-2.2439
-3.96865
-4.22966
-4.51054
-2.0324
9.09995
8.75196
-4.16798
1.03715
-5.75393
-4.20188
13.6978
7.97792
5.19913
-13.2678
3.45788
-5.70351
3.42631
-7.08601
2.77407
-6.85336
2.944
6.92573
1.1431
14.0671
1.67715
0.628611
6.84909
0.0242355
2.89894
1.55994
2.31771
-5.93716
-0.147775
-11.0385
1.64816
11.872
2.00201
2.9567
1.38615
2.40794
2.95276
7.07438
-8.29871
-9.40105
2.14627
7.37709
-3.5426
8.62045
4.01213
-6.41444
2.74436
-0.774628
-5.92998
1.88198
-4.12259
-0.752309
5.27579
1.83605
8.38206
1.74273
3.41771
-11.3703
-1.67025
6.60758
-5.89095
13.3275
-7.14769
10.5643
-3.59281
0.0804571
0.183662
7.36927
7.8003
-2.27964
-3.46815
6.61438
3.13984
0.247304
1.75438
-10.1436
2.28932
7.01018
4.90377
0.0523025
-1.22082
-1.20681
0.588809
9.07105
-0.543118
-7.23321
4.67007
-2.30886
-4.69201
-0.382396
-2.86612
4.1143
5.85914
6.00941
0.852477
2.92886
0.292714
11.4056
-3.90199
-4.69141
-4.41393
6.50932
5.18009
-6.87546
6.29645
-2.27618
2.17368
-3.53898
-5.7083
-0.184173
-13.2256
6.19846
5.73218
-7.7347
0.131481
6.71772
0.685048
3.23528
4.77851
-3.88274
-6.09556
3.43554
0.237785
7.8955
7.05974
-6.38242
12.2784
-6.51908
-7.02062
-8.94248
3.1729
2.43215
2.24552
1.61991
-6.51152
3.23435
3.93153
6.21437
1.09996
-0.365619
-3.80282
0.106079
-6.36678
-8.64559
2.57386
2.87897
7.11814
2.73693
-5.4932
3.47837
4.81548
5.54132
11.0541
8.47668
1.68204
4.4276
-0.573618
2.85865
-1.65796
-1.49104
-2.89098
3.81264
-3.31475
1.44857
10.8787
9.64108
2.10326
3.18502
4.9308
12.3641
3.64762
0.709876
7.8477
2.48047
-0.69199
6.82783
-0.223396
11.6715
8.61894
0.562354
5.73772
0.277273
4.96456
5.8575
0.949721
2.69206
3.0187
2.96992
0.540229
-10.6681
-4.44312
-4.35113
-3.91979
2.53053
0.453381
6.25073
2.00934
3.17361
-2.98886
-2.54546
-6.59516
-8.51121
-7.00457
4.23676
4.15026
1.38844
7.20479
-0.641584
3.72786
-2.50941
3.75442
5.99187
-5.73036
4.74009
3.82798
4.78887
-0.461879
3.62196
1.22166
2.38487
4.87916
2.14456
11.6059
5.95805
4.53589
1.69393
2.37603
-7.80094
4.6892
-1.77279
3.79809
7.7337
1.39905
1.46309
-0.104069
-9.8024
-6.25713
2.31825
-0.270643
3.39859
7.28624
0.68144
-6.13038
1.34325
1.02108
-3.73008
1.10579
7.0303
6.96447
7.39903
-7.04163
2.0679
-1.72677
3.11478
9.669
4.88585
7.35509
3.75529
3.18725
-3.80264
-2.25908
4.72006
5.79892
0.705745
2.0548
7.69641
-4.05871
-3.45347
-8.92981
8.3237
0.974417
-5.19907
-8.10768
-0.124255
4.8466
8.9055
-1.02875
5.78642
-3.70448
0.158693
7.17155
-0.87208
-0.514513
12.6405
-5.8036
1.22223
2.25788
-2.51573
3.31143
2.52948
9.52639
5.59371
7.20003
4.38237
0.858299
-6.39787
10.5997
-6.7248
-8.54096
0.927771
-2.22834
5.75609
-2.99166
1.46469
-10.4324
-2.91819
-6.06646
3.73169
3.69069
3.61795
2.56525
2.07751
2.86581
14.6144
4.28419
2.02997
-0.966524
-8.04022
8.25172
5.07257
5.10762
-2.96916
5.60668
0.617228
1.31936
-2.44457
0.880947
-6.11228
10.0671
1.3985
-3.87698
-3.22186
0.471721
-1.88723
0.867112
1.82778
6.78134
5.91353
-10.5099
-0.484753
1.10405
-3.55222
-9.8685
-0.983564
-1.02375
3.47555
5.68777
-1.58031
3.84275
-2.52835
2.78275
-5.57205
-12.1138
5.88422
-4.1484
2.3679
0.715844
-9.92761
-1.08276
7.46167
12.7927
3.49657
6.91017
1.87552
6.01469
10.0519
1.50528
13.4587
0.712837
-0.955078
5.93627
5.85738
2.75472
-5.57493
-0.9323
1.17239
9.94534
0.481776
3.15104
-7.82196
5.19785
14.2183
3.95465
-8.23249
3.50827
2.28793
-0.698515
1.47508
0.744173
8.03945
7.31117
-0.364291
-2.4974
0.205398
2.77957
-2.89675
-2.61159
2.00533
1.03383
-4.63971
6.62551
2.1442
4.87717
0.451568
4.82999
8.25914
4.03708
7.61251
-1.4025
4.13878
-9.71196
5.28146
-2.36899
2.37366
-3.17443
2.18879
-0.750997
4.59737
-7.11507
5.69449
-5.97496
9.39697
-0.361898
-4.30869
-2.26113
11.8876
6.65344
-5.54935
1.81499
4.89002
6.55236
-0.591704
-4.03076
-2.1044
14.1506
-1.63125
-2.17959
-1.22905
3.03181
5.8218
-2.26132
6.6224
1.33117
3.36516
-11.3109
11.5386
4.0252
1.79548
-1.68436
-0.0262163
-6.64764
-3.37334
10.5075
-2.32894
-0.13434
4.71546
2.61053
7.83482
5.32045
1.11325
4.12266
1.01639
1.81622
3.69416
5.21018
-5.4626
-10.8999
-1.35244
5.4352
1.41909
-0.500752
3.59376
-14.8935
-3.5602
-2.30372
1.47145
-0.395985
0.970205
-7.46215
2.3398
2.05168
0.555529
6.84279
-1.06804
7.4906
3.50762
-9.80782
2.10944
4.94874
6.84664
10.1553
-0.483884
1.02769
3.85487
4.05034
6.0513
-4.25423
0.100573
7.08759
10.1903
6.48965
7.1845
3.61236
-4.65175
2.42417
7.42002
9.25886
-1.3391
3.37146
7.04733
-2.65337
10.8752
7.91056
-0.0641871
9.05592
-1.76517
3.50921
5.5538
3.79375
-3.03904
-2.22702
6.11511
3.5745
-3.49315
-2.69103
-1.48032
0.99176
-0.309269
3.43914
4.16459
1.64351
10.348
8.43944
0.299833
4.26606
5.26843
3.97296
-0.191921
2.5622
-5.12167
-3.01037
5.17913
-8.05295
-1.40105
1.98472
6.02844
-3.60994
3.82485
-4.67079
-3.77252
-18.5223
4.55214
-4.97898
-1.64522
3.15679
-3.15344
-19.93
1.20459
7.98397
3.20696
2.25624
-6.32082
-2.57506
-7.4169
4.93063
-3.02639
6.40006
3.45255
3.43873
2.91385
1.24797
6.07286
2.21772
11.6542
4.88768
7.10252
5.6761
-5.8316
-4.94823
0.233559
2.49297
-7.78364
6.6574
2.33882
5.78532
6.53054
0.438044
7.01597
0.215023
10.3098
-2.48451
0.473634
7.33531
4.13665
4.75686
6.6199
-12.9001
1.07845
0.503339
3.48343
0.648452
0.112177
-1.79732
1.91714
2.94321
-2.3047
2.33005
-3.15862
-2.54808
-5.63068
0.527582
0.415423
-2.03859
-0.245988
-5.94042
4.79922
-5.53218
-7.20891
0.263658
0.416335
1.73285
9.31342
3.64456
-4.78097
-0.609937
8.76464
-2.38657
5.2216
4.09368
-4.60199
2.18061
-3.63551
-3.1786
1.80627
-1.74912
3.94196
3.45648
3.61354
3.90532
1.96031
-6.28662
12.9095
5.47053
1.09621
-3.05477
1.56488
1.42895
4.76883
8.72772
1.99783
2.50889
5.27742
-9.50229
-12.8319
-0.712378
1.6449
-6.8668
4.05484
8.05516
4.81468
-9.39279
-3.49684
0.733893
-0.860569
-4.79015
-4.8772
2.72117
4.79076
-4.8373
0.684406
0.303216
3.5067
-2.66666
5.40982
9.57631
-1.92917
3.39676
9.30698
1.79935
0.587593
2.39204
0.39122
4.61672
4.95352
-0.45524
3.62101
-8.86505
1.69947
0.385871
8.97492
4.70676
-1.35962
-1.52899
0.118285
1.98569
-5.16808
-0.0626669
-1.20311
0.36532
-3.66582
4.27803
0.22616
-13.8824
-4.06881
2.25515
1.33047
-3.07088
3.71781
5.64744
11.2675
-0.0291415
1.36251
5.79179
3.23392
-6.93967
-4.43192
-2.33421
3.96011
1.95844
-0.617853
-0.544928
-7.00977
-8.06561
7.64325
5.59939
-3.20221
-6.40161
-10.1653
-0.688944
-9.14438
-9.04642
-3.51813
-0.262426
-8.9203
-6.38532
0.143607
8.51892
1.77326
4.99796
0.142118
6.84542
0.828314
-2.34232
-1.15491
-11.5581
-5.57964
4.75432
-9.32058
3.43761
3.85974
-0.838903
-5.79966
9.10388
-0.456847
4.21638
2.39833
-3.05703
-10.5161
6.05114
8.0173
5.03627
-0.857038
2.34137
-4.53092
-11.7063
-5.54649
4.17204
-5.37487
-2.01422
1.13663
0.439191
5.53332
5.58731
4.5424
-3.45439
1.64693
-1.72909
-0.462329
0.561133
1.86403
6.98895
-7.57587
2.18218
1.43451
0.172615
1.0319
8.95842
-1.34751
0.040284
-1.63266
0.64389
4.9823
0.558998
-4.17182
-11.7054
-0.588305
-2.52828
-0.0109779
4.64915
1.23825
-2.11169
1.82986
-4.3926
4.52279
1.80552
1.3402
-4.4683
4.66637
-4.45025
2.40258
1.39994
4.28503
4.81886
3.71466
-1.30768
4.39221
0.527365
4.75544
-8.48467
7.11272
-6.96333
4.32747
3.83855
0.370686
1.73892
3.07906
-1.63874
2.34126
3.26742
0.567248
-2.33053
5.77811
-3.53975
-3.02197
-8.54092
4.32879
6.75752
-3.29928
2.82671
-1.9242
-1.94848
-0.134368
0.140814
7.32111
-8.79439
1.70924
-1.17881
2.30145
-1.12953
4.93329
-2.74454
0.117413
7.57917
-4.03278
-5.60389
-0.797473
-4.02282
2.60036
-8.06588
4.7327
-7.97188
-2.25384
3.6249
-2.66216
6.22987
1.91272
4.4033
6.09692
9.1859
7.18245
8.24696
2.65038
2.77107
1.81914
-2.56648
1.19044
9.39923
-1.90424
12.2948
-0.905124
-3.82723
-1.2427
2.50044
0.810204
12.1748
4.02787
3.09343
-0.852647
-2.54007
2.15404
0.488346
3.88897
-2.33156
-3.31027
2.74559
-9.44588
0.422699
2.20184
0.70976
-13.4707
3.0092
3.43517
-0.2478
-0.0376066
-4.91703
1.4162
-4.23199
7.90134
0.473732
0.0714724
5.42254
3.18745
-4.0084
4.03502
-0.706037
0.312749
4.95376
2.35149
-1.02002
-2.74298
-8.90448
-2.99592
-10.0609
2.45888
3.3719
-2.45942
3.90969
7.08748
2.07417
-2.9842
0.741681
-5.02068
5.71255
-1.80253
-0.225392
-2.51997
-7.18689
0.089558
4.93339
-1.76739
-5.08267
2.27203
-12.4608
-0.613163
-6.5112
3.46244
6.47272
-1.56589
-0.645634
6.28145
0.345739
8.79102
-0.826543
4.89063
5.38518
7.1185
1.35903
0.206588
2.4692
-4.59311
-8.09337
-1.03385
-3.83565
-1.31766
-5.49273
-1.00729
5.47162
5.73559
-1.42149
6.38967
0.405078
-8.06528
-3.01346
-0.072742
-5.3003
7.13769
-7.23069
-5.97976
2.26606
7.31685
6.75169
-1.30616
3.84755
-2.06357
-5.03355
7.91164
-1.51298
5.42949
6.29039
1.55352
-1.24039
8.55376
9.98518
1.00374
1.96651
5.78472
-3.05034
-0.968211
6.7757
3.64607
-2.50823
0.325076
-2.57491
-1.43736
2.10083
2.17502
-6.23255
4.33164
-1.86711
-6.39963
-3.01241
-2.69451
-7.6766
-1.50609
-3.64805
-3.07326
-6.66666
-5.34039
6.6523
0.806869
-2.39692
3.99747
-5.57368
2.44415
-1.0073
-5.83059
-13.2997
-2.01115
-7.9677
10.3013
2.96206
-1.80801
-5.04586
0.558055
0.89515
7.2723
-2.07618
-3.47187
-5.85751
2.57831
3.71705
4.95933
-3.19408
1.744
3.39209
5.69971
2.77097
-5.80767
-5.70048
0.0680513
0.133965
-1.69617
4.92285
12.1707
-0.852296
8.58366
-0.184534
-1.23239
1.8535
6.19889
8.40741
0.724733
-1.85749
3.21178
-2.77708
4.25036
-5.21382
-1.7578
3.88772
16.2888
2.6793
2.73926
4.93607
-0.894009
4.65614
-0.342338
-5.27429
-4.68619
3.73857
0.43706
14.59
9.57653
7.37005
6.27921
-7.82547
5.74658
4.34548
9.41405
-7.27626
6.75819
2.89021
0.69977
-8.88592
7.94264
2.30827
-0.181115
1.61037
-3.75434
-2.31997
-10.8763
8.54823
5.90362
8.0204
-3.801
-1.08755
4.7476
-0.537899
-0.733613
5.31395
7.97294
7.95334
2.51155
6.78788
15.1364
8.03283
2.84831
-10.996
4.5978
-2.41775
-3.27891
2.06923
3.52074
7.7509
-4.73111
-1.02872
7.16717
-0.377456
4.66024
2.10712
-6.62079
7.19958
0.108746
-2.65169
0.918704
-2.84448
-3.86526
0.692578
5.2936
-0.247608
-1.34499
-4.25067
2.29818
-0.415619
-4.99877
-1.03002
0.49421
3.98188
8.67662
-9.08993
2.12426
-10.8319
0.402391
4.16628
-0.73738
-3.89747
2.39895
-7.31932
-5.49884
-0.695778
-3.70485
-3.08115
-2.00805
8.72128
2.75624
3.02285
-0.0377064
7.08513
-4.7753
-3.7226
-4.11045
3.88253
-1.26662
15.2827
2.44819
11.5246
6.97518
7.30569
-2.51861
5.73894
7.66987
5.3067
-5.85399
-3.47247
1.5626
1.52011
1.13052
4.03052
4.27799
-3.35051
-1.61907
-1.81342
-3.09752
2.88801
-2.06405
-0.647049
-7.24109
-2.24171
8.49295
3.60851
-1.25626
1.65264
-1.20428
1.62114
0.23224
-2.6245
2.09918
2.66161
-0.848359
16.7375
0.424172
8.77049
-3.95562
1.45881
1.18411
-2.71382
3.78367
10.4811
12.622
3.29188
-5.8146
5.97456
8.48414
3.54619
6.841
-4.05078
3.32498
-3.75359
4.95228
10.298
3.69661
5.36958
-1.60031
-0.609587
-2.58172
1.091
-4.68595
-6.76639
-8.00882
-4.92269
-0.769652
-0.117752
0.0323568
-0.037597
-1.9389
2.98073
7.52692
11.8649
-7.84722
1.62032
2.73782
1.78149
2.2297
-1.39556
-3.65012
-7.427
-0.989056
0.448906
-3.86627
-6.46211
0.179051
-6.24491
1.3866
-7.61372
-4.89098
4.26643
-2.08476
1.66701
2.92287
1.78307
4.69966
-1.86051
-10.8633
2.60531
-4.5215
-2.37875
-3.45337
-0.088633
3.82189
2.90548
-6.87074
-7.03466
-7.62302
2.76444
-7.36104
-8.0758
7.93174
2.50717
-2.32442
-1.99729
-6.24404
4.24242
-2.34803
10.2663
3.01188
10.5514
-3.75388
-1.89851
0.534202
4.63832
-0.297484
-6.03933
10.5096
3.05234
-2.85434
3.02753
2.51877
-0.249808
-0.37071
-6.98435
6.25548
-8.75985
4.5889
0.443986
5.59102
-3.34235
-0.794551
8.95085
15.2113
-0.212921
-3.48989
4.26125
-4.07884
6.11681
6.32902
3.10878
1.91689
15.5488
9.06434
-3.73024
-3.61943
-0.537825
-2.12559
2.90965
0.548752
-3.40426
7.95982
-0.882879
2.20556
4.39876
0.942778
8.46986
4.52108
1.57635
0.911746
1.78535
-2.49693
8.31797
0.4316
-0.89656
-6.21639
3.74902
-0.495918
-1.60719
-10.6878
-5.85962
-0.0532247
-2.31317
-2.17423
2.54073
4.62088
-1.99188
13.6087
-8.65535
-2.2083
3.70099
2.6086
-9.05585
6.70302
2.70445
7.04992
9.63262
-5.85047
11.1313
-2.13923
0.27073
2.86744
7.04677
1.97383
-1.59562
1.03729
1.69313
6.26629
8.68892
-0.948052
2.10177
1.6082
5.62851
-2.07383
2.6572
-2.90096
-2.73469
-2.78527
2.40572
7.41693
-3.79968
5.64209
-3.63444
10.5634
-7.35226
11.2256
-2.84674
-1.9483
5.22022
2.47141
-0.82241
-0.579561
-1.36443
5.3103
5.01576
1.45052
3.71851
-5.60968
4.12121
-0.157763
3.10478
7.40342
3.26641
12.7451
-5.68963
-0.457007
-3.95557
13.6742
6.5464
10.3116
6.55947
4.11565
3.95904
-6.39307
3.53616
-5.34385
1.22296
1.88409
-3.94714
-4.2935
2.67161
2.14213
-3.71452
-5.44679
1.88786
-3.3435
4.27342
6.74449
-14.4417
8.98358
4.19646
2.35101
13.1612
1.86585
3.57535
6.22592
5.90498
-1.8039
5.15098
2.93882
4.45993
-5.7339
3.37307
2.62186
4.12894
4.98724
3.40168
-4.58891
-4.77826
-0.27264
9.09731
2.80623
-15.5539
8.27964
-3.04864
5.5489
2.70891
-5.88989
-6.71057
0.410987
9.71054
7.32786
-1.927
-7.25117
2.62396
4.38253
-2.26657
1.29737
-4.70036
-4.65614
2.17789
-11.4184
0.531458
5.59884
2.84109
4.92644
7.12156
4.12527
-4.74224
1.37521
8.67597
4.13769
-3.01457
-1.40264
6.82457
-4.77254
-5.10395
-0.325044
-1.12502
-4.77915
-6.19369
-0.839315
1.92178
5.46891
0.404396
-5.87116
2.846
-3.05901
0.87278
0.952269
9.17355
7.29436
-4.3978
1.55221
-7.76785
0.0394546
0.683156
5.4681
6.20278
7.91879
2.56576
4.65971
4.19969
2.52562
6.1059
-10.8083
12.188
3.42719
2.69612
-6.75822
5.53385
7.69169
-4.50263
3.47731
-1.37309
-8.57995
0.115768
7.01237
2.19958
7.26241
0.849968
9.1122
-1.7558
4.75481
-1.63092
-1.73997
5.93767
-3.09832
0.51482
-4.54041
4.56712
-13.309
10.893
4.40504
-3.99893
0.254483
-6.72105
5.11708
-0.0905464
-4.69867
-0.881122
7.42044
-6.92918
-7.074
-2.60875
1.34526
-11.0556
-9.85165
1.36717
0.372318
3.90484
8.61856
-3.00693
-3.50094
-7.32182
-3.51455
-3.02615
2.87938
-7.69952
8.55445
-9.33265
5.27686
2.23261
5.31791
-8.57709
-2.16287
-0.820831
-7.61569
-4.47468
-3.70077
7.67424
1.3734
8.27806
0.318336
2.91305
2.85785
2.28368
0.932492
-2.18149
-4.38479
-5.55487
-1.0021
-1.0739
-5.08173
10.5131
-8.44511
4.67631
4.94216
5.71594
-1.42471
10.07
6.32214
-0.592388
-11.5321
3.20665
-2.33781
0.586211
-1.93864
-0.41532
-5.0662
-2.78388
3.409
0.379151
1.51897
-5.35654
3.58231
6.14845
1.60509
-4.85668
0.58362
-2.64007
-7.85632
9.56344
-1.28281
2.02266
-9.11023
-6.52026
-6.71772
3.07749
-6.52743
1.4945
-6.18393
6.37962
-3.43301
-0.861742
-2.13632
-5.49592
-7.77199
-1.86891
-1.49303
-1.38667
-1.83205
0.230889
-2.61439
10.3571
6.03563
-5.98224
-5.7607
5.07056
-6.10914
-1.53623
3.01351
-1.78193
7.54859
-3.48634
-2.66674
0.603872
-7.32474
1.87892
7.27754
-0.690953
7.53101
-9.54276
-5.79699
-2.00079
-4.64526
2.64734
-8.14216
-1.96401
-1.88471
-1.33293
3.2175
5.84346
1.39805
-5.48051
0.811905
-1.65976
-2.58136
6.49209
-4.20321
2.457
0.674702
1.37839
5.32003
-4.16647
-9.60031
-2.52356
-1.41789
3.59498
-1.00276
0.442227
-2.41363
-5.1659
-12.5307
-1.2069
14.6612
6.43041
3.52541
8.58558
1.26893
-2.61552
0.866702
6.91438
-4.36553
7.18369
4.53253
6.85274
6.62022
-5.22619
3.56737
4.37374
3.50678
1.76124
-10.5322
4.68084
5.53881
6.4718
-0.0166558
-4.60637
-9.16979
-0.319113
-3.06215
0.231069
0.938768
6.07996
2.17806
-7.39548
0.526598
0.23377
-2.66527
-9.04214
4.78119
1.18081
10.0089
-0.727818
-4.27131
9.31467
5.34461
2.63892
12.2269
6.36321
8.27575
4.61566
-2.84343
4.177
5.59165
-3.08811
7.30856
-13.0308
3.39087
-6.01826
-1.15928
-0.625456
3.60299
-6.72195
-3.47446
1.67462
-2.28176
-4.2187
-2.46583
7.56365
4.24968
-4.56288
4.91268
9.36101
-3.60994
5.09027
3.64823
0.645978
3.02394
10.7912
2.3411
0.150415
2.87697
0.547958
4.18631
-0.831068
3.41224
-0.139447
-4.33302
-1.45345
0.969833
1.83126
4.27205
-6.31134
4.25761
-3.94453
-1.5966
-1.68574
-2.60753
12.5634
2.99838
3.9281
-7.543
-3.48263
9.06657
-2.04011
-3.01217
-4.43849
10.8709
6.69042
3.54775
5.82252
0.41211
3.54191
2.947
3.33756
-3.48544
-7.28763
-3.68401
-1.73544
0.456774
3.36119
0.143562
-3.94497
0.817253
-1.38522
-4.61144
-9.43626
-1.7728
-0.583574
-2.80078
12.9201
-6.29078
-0.408086
-2.35191
-1.85007
2.60035
7.37632
-2.51548
