0.579075
0.588253
0.521168
0.549679
0.551678
0.443062
0.545553
0.512269
0.429218
0.489868
0.353246
0.301648
0.431379
0.522449
0.546381
0.460556
0.440671
0.431787
0.572327
0.558068
0.603334
0.702261
0.506184
0.63722
0.534121
0.540446
0.687786
0.532772
0.694537
0.678918
0.829005
0.905131
0.722883
0.748208
0.781651
0.670554
0.659362
0.717739
0.696725
0.56548
0.641743
0.589261
0.621348
0.707952
0.692602
0.672452
0.649022
0.463293
0.444314
0.331463
0.361385
0.474251
0.326364
0.326069
0.374626
0.404721
0.284017
0.210824
0.165034
0.185951
0.339283
0.206248
0.32158
0.153806
0.141061
0.298623
0.0853788
0.111803
0.200192
0.365073
0.428548
0.352013
0.19497
0.170381
0.144728
0.016203
-0.06353
-0.155539
-0.123025
-0.116407
-0.307332
-0.167894
-0.112427
-0.225931
-0.267909
-0.249454
-0.0849893
-0.139209
0.0333999
0.00986654
0.162162
0.251248
0.276736
0.277943
0.31749
0.356541
0.335118
0.29568
0.292828
0.202908
0.225017
0.318325
0.378919
0.57577
0.722675
0.783757
0.748738
0.716336
0.809767
0.861664
0.825977
0.730267
0.732406
0.892271
0.964377
0.84241
0.76539
0.710985
0.669505
0.760179
0.842144
0.810546
0.814125
0.623123
0.558146
0.569899
0.635069
0.748036
0.816159
0.830098
0.805433
0.88413
0.792001
0.891466
0.796429
0.897787
0.837632
0.52168
0.588409
0.691222
0.538049
0.570958
0.734916
0.70555
0.729122
0.946579
0.980919
0.959817
0.81696
0.734942
0.859519
0.776233
0.833512
0.856922
0.797864
0.785031
0.76593
0.73322
0.858632
0.936345
1.16204
1.1617
1.05866
1.03811
0.936199
0.936651
0.88636
0.898833
0.765773
0.87988
0.852773
0.810704
0.92832
0.944751
0.916346
0.82454
0.868419
0.869853
0.825815
0.76438
0.793218
0.780993
0.644059
0.518431
0.538788
0.326248
0.384558
0.381049
0.296603
0.296788
0.325567
0.199695
0.383456
0.439073
0.400354
0.561126
0.66868
0.465788
0.465656
0.38492
0.323874
0.528329
0.567006
0.56
0.551611
0.661669
0.595713
0.664782
0.736042
0.905003
0.949321
0.922401
0.954412
0.915872
0.895237
0.795419
0.687831
0.552501
0.41194
0.406849
