-1.01411
2.58795
-4.22931
5.63126
1.56967
0.0545578
4.33359
-0.670592
-3.43829
2.00611
3.68499
0.315452
-2.05943
4.54614
-2.05251
-8.33652
2.99018
-2.7554
3.4147
3.92537
2.4226
2.76665
5.11913
4.99145
2.91858
1.08498
2.38701
2.46277
-1.83552
0.589652
-9.91508
4.06103
-3.36083
-1.18893
-2.22394
-0.492448
-1.68106
-2.96542
1.93973
-0.613711
1.958
3.7776
-0.317292
3.71635
2.73472
2.39917
3.38133
2.75749
3.88086
-4.58369
-7.12747
-2.19296
1.46206
5.10372
7.68653
-1.56699
7.54458
-0.758018
2.26864
0.910908
-2.90423
-0.00750494
-0.694441
1.17083
-3.82495
1.19187
1.73511
1.73534
-8.08915
-6.53949
2.29122
-3.32868
-0.243231
0.793482
6.47696
-1.03575
5.54225
5.10726
-0.299351
3.91111
7.95783
6.06241
-4.21487
2.9636
0.598769
-2.8746
-3.0441
-0.668941
-0.843579
-0.61036
-0.471974
-2.88386
-2.57464
1.20516
6.96073
-10.2737
-2.23171
1.59507
1.55812
-3.58342
4.05018
-0.593908
-2.1707
3.31626
2.1316
-1.87466
-4.25119
5.79083
2.4464
0.956891
5.3916
2.56886
-2.21168
-0.0880114
0.698073
3.67984
1.00277
-3.12694
6.25569
2.10729
10.8562
-3.13145
-1.83367
-0.612654
2.39457
-4.70377
0.905288
0.0558469
0.430966
-6.65483
-12.5667
-1.88132
6.02798
-3.02321
-1.56106
11.0412
-7.59975
-2.48267
1.47144
3.63773
5.80612
9.2396
6.37279
-0.529946
4.66305
-0.887574
2.02062
2.45665
4.78935
-10.6157
-2.52999
-3.34704
-2.46852
-0.0113568
5.31661
0.917035
2.31244
-2.26253
0.580117
0.179829
4.7568
0.0201687
-0.196025
-2.06896
1.58229
4.25484
9.47689
0.299208
4.67586
2.78949
5.23043
-3.51598
2.78007
8.94209
8.33163
-0.912898
4.37357
-3.12951
0.817868
8.13966
-7.60182
-2.57686
1.35285
-2.49938
6.78014
0.979328
-3.36799
-3.56192
2.10233
-4.5216
-0.911443
-2.28068
-0.346089
0.56778
-3.34663
-1.27483
0.480909
-0.393664
-1.85663
-2.2639
2.41185
3.31426
2.43908
-1.84551
5.43358
-4.53391
-0.366468
3.49648
5.1372
1.37386
9.66203
1.55067
-7.36825
0.323257
3.77632
5.4969
0.782462
0.641568
5.5441
-8.30382
-2.01782
-3.55511
-5.09362
2.82487
-2.39412
5.91681
1.01485
-0.295314
-6.13523
-0.404015
1.04419
5.24209
3.65568
-2.67574
2.18177
1.89268
-3.21373
-1.25023
8.02685
5.93486
2.75888
0.898775
1.83
-4.49185
-0.0485455
-1.39203
5.63839
-1.11013
-1.35358
-2.73161
3.10704
3.48068
2.14965
-0.374581
4.3887
-3.70292
-1.34836
-2.38743
-0.948648
-3.78683
-1.31435
2.9877
2.04762
1.8192
-0.177592
0.602133
1.72295
2.46751
-11.7699
2.50651
-2.71502
0.074818
2.12353
2.97091
-0.175802
1.27955
-2.16256
5.87297
7.00129
-4.03762
0.976829
-6.0985
5.87591
2.01523
4.84632
-0.540035
2.24091
-4.5005
-4.93429
-0.961729
4.26049
-2.17166
2.60019
-3.52196
3.83192
2.16243
2.92262
-3.20444
2.52376
0.9882
4.39311
-4.18038
3.98034
-1.29446
-2.75878
-2.64656
-4.86694
6.13486
1.98684
6.98915
1.93822
4.60063
3.10312
-1.00575
-7.46937
1.57353
-7.2219
1.91166
7.38763
5.32152
-6.96038
2.36952
7.38386
3.40017
0.502951
0.899303
-4.8317
-3.92421
3.21366
-0.811462
1.15728
-3.88676
7.31403
-5.76348
0.0142338
1.40551
3.19168
4.25508
7.44906
-3.65827
4.74382
0.0947902
1.14482
0.356085
0.729351
-2.72106
0.827063
6.08097
2.99199
1.37283
0.684715
-5.07665
3.85224
-1.06134
0.612781
7.55491
2.24158
-3.74721
-5.1085
-1.76151
6.1403
-5.93341
-5.80995
-1.05554
2.19981
-0.348597
-8.077
2.88156
2.01004
3.61572
-1.38107
-0.0542766
-4.24001
-0.45669
-6.43801
0.521798
-4.9661
0.268999
-5.04245
3.10708
4.15232
1.2239
-2.58548
2.50921
3.87651
-3.91536
-1.85883
5.08886
3.02149
2.24538
-0.0588705
1.19672
2.03848
-3.69719
0.725654
-3.22129
-9.93147
7.45512
-0.497756
1.25915
-4.08373
1.98551
-6.45355
0.601445
-0.876348
2.69555
-1.48984
5.81362
2.87414
3.38828
1.93327
-2.80241
-1.65505
2.80496
1.19956
4.03136
4.25763
0.384136
2.47639
-7.35491
-0.221371
-2.57321
-1.91982
5.31435
0.140467
1.66875
-3.01712
-1.69563
3.92431
-2.01747
-0.998492
2.03542
1.47047
2.93153
-4.64172
4.90703
-4.69167
-2.23785
-1.80284
-4.77034
1.69236
1.7114
6.30968
0.350106
-4.45644
0.642551
-3.59485
-0.684787
-1.18156
0.175684
3.80624
-3.69615
-0.817213
-10.1476
8.21605
7.23508
4.68825
-0.182441
7.33457
-2.57066
2.04676
5.94406
5.24441
3.42311
6.36413
-2.5434
-5.2362
5.20423
-8.92518
1.33246
8.34949
2.46927
-5.44042
-0.503011
-0.161068
3.66944
0.92048
-0.0947361
-1.96034
1.0273
1.78676
2.9476
-5.72639
3.01084
2.05837
-2.66894
-0.161163
1.10322
-4.17694
-2.88986
-2.81727
-1.90396
-1.76849
2.40719
4.7768
2.88685
2.50994
2.38732
2.36396
0.684196
-1.13492
-6.1618
3.88586
2.56324
0.260327
0.107838
0.569928
4.16202
-1.90587
1.39005
0.405101
-4.31257
1.95015
-0.461984
-4.65987
-4.54327
-3.31266
0.891863
-0.326381
0.32146
-2.96363
8.89273
2.50167
-2.50005
-0.0304774
-3.80123
0.233666
7.69645
1.40165
4.75773
0.914653
-1.94484
-1.14093
0.136901
5.11735
-0.748274
0.560104
-0.0790393
-1.69748
1.03336
-4.68699
4.05365
0.398422
-3.64118
5.06082
-1.35959
-1.54412
9.4028
-2.41037
3.32644
4.96628
-7.0491
-2.196
-0.658248
-6.83853
7.33363
-0.246928
0.0882938
2.14762
2.57532
-2.2503
2.98634
5.40551
0.593047
6.38041
6.10918
7.02698
0.321211
1.9581
1.77125
3.68418
-0.408318
0.312922
4.15661
3.66618
-0.0993835
8.31244
-3.59907
-3.2766
4.61245
6.20085
-0.135119
-0.622842
-0.516942
-3.0048
-3.05042
1.26968
6.06397
-4.76916
-2.79119
-6.03463
0.854332
1.87153
-4.0647
5.35086
-1.43318
0.887311
1.99223
-2.06767
0.113006
0.822381
7.36145
4.44099
1.11065
-4.06846
1.24401
3.53093
-3.22034
-1.66856
-0.822035
0.1404
5.58053
6.17306
1.79802
0.232025
-2.7533
-4.42938
3.97057
1.17678
3.31704
2.40981
6.46818
-0.81309
1.1222
-0.849586
0.766091
2.43713
-6.87537
-6.62795
2.93078
-3.85598
-7.35293
1.48596
4.53901
0.667842
5.45418
1.75682
-6.0251
0.398713
6.31474
-1.00325
0.530234
-6.80059
1.33927
-3.55394
3.71307
4.6933
0.652603
4.54076
3.30001
8.73659
3.30393
-1.63337
-5.04001
2.85102
0.647205
1.76754
5.11348
7.24651
3.79769
-0.687711
4.59423
-2.04757
3.14045
-3.30003
3.25233
0.97911
1.58764
-3.27784
-1.9078
0.320467
-2.43421
-0.553879
0.535214
6.48294
0.787653
0.285673
2.51005
1.81177
2.44902
-2.05146
-0.60541
7.68705
9.28909
-1.55888
5.42835
-5.00226
2.11642
-0.149609
3.05832
-10.1967
-1.05441
-1.87226
6.25959
3.54539
4.18573
10.0044
0.335021
-2.6183
2.49906
-1.77255
2.18405
-5.47282
1.98815
3.01193
4.63198
-2.39814
-1.47382
-0.724484
6.51427
-2.19678
0.217058
-0.942228
-2.79076
-0.489357
2.93459
1.66744
-0.933681
4.78209
-0.842716
1.97417
0.632174
-0.393079
-7.04851
4.23993
3.49264
-0.238667
1.1059
4.5089
0.416961
1.07433
4.24233
-1.37813
-0.585791
-1.36814
0.835102
-2.11266
-1.07366
0.509557
1.6
-3.60679
-3.72555
-4.76572
-2.24768
3.16408
-1.02549
-2.16855
-1.68374
1.72443
0.123399
6.18172
-3.90693
1.40777
-0.852095
1.05472
5.57672
-2.15864
8.82422
5.2379
0.291793
-0.384233
-3.17964
2.1066
1.16757
4.6026
-0.58555
1.68338
2.55629
5.0754
-0.402435
3.08144
-3.69714
2.2239
-2.08748
5.64311
-7.2613
-1.5247
1.9884
-0.32342
-2.12538
-1.0807
0.0606773
6.81982
1.71549
0.608975
2.21232
-6.13931
5.69123
4.53929
-5.01503
0.570651
3.26621
0.98425
-4.78762
1.74139
-1.61376
6.20613
-2.57031
-0.951838
4.38929
3.53375
6.42809
-0.0896009
-1.66057
-0.638985
-4.40845
6.01215
-1.8401
-1.53707
4.97438
-0.463455
-2.09565
4.75237
-2.09985
4.28207
5.89219
-0.377293
-0.168633
0.068856
-0.607437
-4.80113
-2.25428
1.82664
-4.64166
1.18901
0.565625
4.26809
-5.37088
-0.0110341
-3.17649
-5.56428
-2.59695
0.497268
2.3019
-2.31604
3.64187
-4.82259
1.36466
-3.32865
-1.24971
-6.20037
-4.0973
0.045273
-6.33699
-0.528689
-6.4877
-1.10215
-7.20416
5.2739
-1.78689
3.41282
7.21909
2.1436
0.856566
-1.39318
5.29472
5.00694
0.463278
4.8906
-0.623908
-2.91014
-2.54204
1.07036
1.77893
-1.0658
4.04143
-2.06783
3.12479
1.1145
-2.42182
-6.39665
-3.43025
-7.34222
8.77461
-0.61437
-5.23533
-4.08313
-1.50998
1.29348
-0.234687
1.33971
-5.26718
2.84785
0.424721
-9.31691
-0.457297
-1.74652
-3.7932
5.29415
5.15586
4.23607
6.83095
7.43592
-0.386049
5.61045
1.95115
-0.702304
-3.04228
0.964717
2.62155
-0.127406
-1.45334
4.81986
5.67482
-5.73637
-7.86188
-5.2979
-6.36795
-0.534905
-3.75905
4.30026
0.282173
2.82921
2.90778
10.5301
0.776762
3.4805
5.07047
-7.03371
-5.3907
-3.98012
3.10284
-2.46022
-2.01554
-6.35627
-0.0776553
-1.77378
-1.30988
3.53651
1.51847
-9.74865
-1.82553
3.71892
-2.46527
-0.406888
8.62814
-3.86961
-1.32149
3.19214
0.136293
0.989737
-4.6333
8.01557
1.58427
-5.12397
-0.46119
5.85571
1.61256
2.20734
0.984874
2.26698
-8.29787
7.79718
3.61189
7.52292
-3.24595
-4.07907
2.43734
3.62585
2.4252
0.295257
-6.30743
2.01142
3.24384
-3.10985
1.0511
-9.50365
-5.11672
-1.26353
1.3091
-4.17047
4.64054
-2.11592
-2.91473
3.78452
2.67836
3.27087
4.2213
-0.0190096
-0.11145
0.441103
-3.33986
8.20613
2.3637
2.16451
0.966956
0.743376
7.38042
-4.69493
5.79782
-0.467518
0.71519
0.72457
3.82871
-0.128607
-0.55476
-4.68856
5.40142
2.29031
4.54838
-2.7212
5.97247
-5.3515
7.86197
-3.2411
8.48124
6.39452
-1.47335
-6.03165
-2.36533
-0.971659
-2.63671
-0.931673
2.40207
0.157207
-3.14824
4.01583
5.21197
-0.769318
0.588446
-2.87123
-3.53905
0.324764
0.192931
-0.0734461
-4.46534
-4.16362
-2.66952
-3.45899
2.07121
-7.75756
7.70531
3.96467
6.4167
-8.13086
5.48396
-6.59194
-0.848707
4.37921
4.07938
-4.61146
-4.36949
1.87315
-6.32519
3.2628
3.7089
1.88317
-2.3706
5.53834
8.32916
4.08422
3.61746
6.39723
6.1947
-1.99983
6.12045
2.25866
-1.58163
6.54537
0.253257
2.06354
5.42461
-1.50282
2.71192
0.0702306
0.334895
-0.648397
1.39224
10.2187
-1.83968
-5.7321
1.22722
-1.65278
-1.50465
-3.52351
1.57156
1.5401
-3.97592
-7.98797
4.75662
4.96951
-1.78558
-4.23682
-0.157596
-0.638884
-2.79731
-1.07547
3.07174
2.15378
1.04105
8.66054
6.12017
7.67509
-3.14497
-2.63181
3.86678
1.40853
1.37038
3.00791
5.35103
5.11635
1.51524
-2.57155
5.58325
-4.97776
3.43846
-5.85618
-3.16763
-4.05034
2.17525
-4.90124
3.44096
3.59236
-3.69824
-2.63325
-0.745015
-0.303265
1.3709
-7.72714
-2.69655
-1.48241
1.62318
-8.4118
0.842166
5.86369
1.52795
0.691139
-1.6352
5.34627
4.01332
-1.16462
-2.52401
-0.467016
-2.47036
-6.76724
-1.41332
0.817675
-0.182186
3.57797
2.37082
-2.78818
-2.85563
-0.435295
-3.29184
2.83276
2.52669
-4.80178
6.20337
1.46593
3.75575
0.489089
0.119278
2.07347
-3.40431
-4.70172
-0.990772
-0.701556
1.27871
6.89543
9.94148
2.26111
-1.20432
-0.28272
-0.153924
6.82665
0.223693
-7.87757
0.0775234
2.86744
7.43116
0.807057
-6.1887
0.961479
-1.7215
1.2332
3.98214
3.45765
-2.00507
-2.91648
2.00289
0.102078
1.14141
6.52587
3.48299
-3.21444
8.11408
3.0327
5.42265
5.7278
-4.27879
1.12777
-0.912954
3.58871
-0.332165
-1.89983
2.20332
6.40377
6.57629
-0.153192
4.1945
5.59301
2.78272
4.98596
1.7682
-0.370591
2.16899
5.31126
2.74614
-5.15547
-5.58535
-6.34332
1.46292
7.48713
2.91904
3.36715
3.43518
2.83546
1.31812
-6.71652
4.93121
-1.56555
9.54775
-1.7876
2.33771
6.43903
2.99479
4.95377
-4.07848
4.91606
2.60134
5.83079
8.49216
-12.2471
6.22985
2.53823
2.17464
-4.56905
2.73402
4.55101
4.83477
-0.495704
0.281842
-2.74843
-6.00095
-1.0908
8.06146
2.99828
3.2265
-1.22036
2.75226
-2.758
2.0617
-8.47509
-2.26287
0.918891
-1.61666
1.28333
6.96565
1.77389
-0.634113
-1.96525
-1.85967
4.25643
-2.0149
-3.98846
2.85845
-0.648358
0.585826
-1.59221
4.68063
0.797636
-5.5207
3.0881
-5.61043
-3.31495
0.0648687
-2.439
-6.45317
-9.24231
0.302047
1.96422
4.37163
8.24739
0.721537
5.82744
5.72414
0.81952
-0.849626
-1.02054
4.43843
0.697665
3.81698
8.50783
-3.37423
0.33992
1.29228
1.27715
-4.17285
1.51239
-1.9079
3.72279
-2.98371
0.796232
-1.96059
7.19724
0.373714
-5.8132
9.76848
2.58532
-6.97331
2.07449
4.33956
3.10747
2.36599
-2.00627
2.07546
4.83157
3.59577
2.89609
-0.185174
-0.210805
1.95519
-1.36942
6.78857
0.592363
-1.37134
1.76559
0.686264
5.54665
-4.3657
-0.302181
2.66791
3.96225
3.9259
6.65917
2.94612
3.63192
-4.28868
2.32754
5.02725
3.80361
-2.64037
2.63001
3.06961
-4.51092
4.26297
5.62717
7.25297
1.16586
0.829072
-1.85159
4.531
-0.915818
-6.89242
3.69692
2.10174
2.95453
1.60662
-8.29779
1.41959
3.37414
-6.74052
2.57514
-1.06924
-1.55845
-0.622168
-0.543152
-1.96392
-1.38658
1.47893
6.28164
-1.93871
-5.70134
-5.14681
4.98905
-4.11678
-1.94287
3.90794
-2.85401
2.88346
0.433561
1.77406
4.31965
1.45164
-3.67012
-1.7003
0.42061
-2.65101
6.24968
1.63865
-0.425611
-2.81436
2.88192
-7.96754
-1.28857
-7.1227
4.03813
1.99911
0.180795
-3.55871
-3.19171
-4.35694
-0.202164
-1.43584
-2.13996
-5.38726
1.0449
-5.4565
3.75522
0.90223
5.98183
-4.04228
2.913
1.64757
4.88473
-1.75909
1.31724
4.50666
-3.82701
4.11889
-5.44029
-1.98515
5.29773
-4.80078
0.406926
-3.00438
5.42784
0.927154
1.18086
1.56858
-0.881703
-2.91085
-0.724539
-0.640713
2.26595
-2.39814
3.76206
0.365794
-7.99891
4.30006
2.33377
3.91506
-0.388535
2.94051
-3.42781
-0.84682
1.97336
4.347
-1.58559
3.81786
4.36469
-1.39276
4.04602
8.6729
3.68217
0.240945
3.17438
4.4546
0.181663
-7.39601
-0.226517
-3.71565
-2.97575
-5.3733
-3.85388
-2.93153
-0.0901543
-0.537017
-4.837
3.69703
4.8792
5.27935
0.597019
2.23401
-1.0943
7.1531
1.42626
-0.120575
-1.38254
0.402021
-3.89775
3.18342
1.30272
3.43735
3.25627
8.048
3.34113
2.95798
-2.65994
-5.95072
-9.03127
-0.424596
-0.45441
0.575637
-1.75525
-7.89348
7.74871
-0.433454
-2.91923
0.204297
-0.102986
-0.488888
1.01684
4.2483
-1.44619
-6.17042
2.16719
6.16106
-3.54637
-0.310927
5.59197
-2.0185
-3.70676
2.7207
4.71037
-5.72605
-2.79635
-1.36545
0.126703
-0.91366
3.17929
5.90723
-0.358232
2.00677
-0.755587
-0.947509
1.67873
8.51411
-2.95308
3.06625
1.95598
4.2758
1.86228
-1.95135
2.49907
3.03507
3.82
-2.59222
3.7627
0.734561
-1.86841
-6.85503
5.46746
0.352064
4.8714
4.0029
1.07887
4.31672
-1.79701
2.14997
4.10117
-1.86044
-3.91098
3.50228
6.52469
-1.65412
2.70338
2.24779
0.46292
-2.12334
-4.46239
-1.69888
1.10205
-1.02543
-0.133515
2.17766
-2.46298
0.1143
5.57664
2.60865
-1.98979
1.72371
-2.13065
3.60586
2.22387
2.5082
-0.626734
3.33713
-1.62335
-0.475598
5.99513
0.757336
-0.437563
2.69187
4.22586
-1.72522
1.76036
-3.01132
0.815293
2.39833
-4.10027
1.04047
0.496941
9.47456
-2.30177
5.1583
5.67462
5.88019
-1.85577
-2.25931
2.18799
-0.16815
4.02542
0.218278
1.82327
-0.509222
2.8642
3.09687
1.15386
4.33031
2.99706
-0.918959
-0.989613
3.22093
2.73397
-8.62455
2.65007
0.592751
-8.61586
3.60131
0.985639
2.18937
2.2284
2.17007
1.50113
3.26848
6.1214
-2.76957
-2.99999
-2.1342
-0.987064
-2.46562
-0.532368
2.89823
-0.194455
1.75502
-5.20413
-0.30344
2.67743
-2.88602
-0.132854
-2.45474
0.980279
-2.2811
0.261136
2.44771
-2.9199
-1.59011
1.15676
5.74036
-0.868214
3.34816
4.74375
1.8087
4.08963
0.794305
-6.68171
1.19152
-2.79238
0.0760414
6.0504
2.38586
2.9118
0.790235
6.92279
-3.09689
0.33109
5.0923
0.744774
8.98326
-0.797722
-5.00071
-1.90115
1.15223
4.43955
-0.408246
1.5278
0.925252
-0.853306
-3.25199
-3.72134
-0.592432
0.448126
3.44213
-5.73049
-1.89123
-3.30471
-0.529443
1.46364
2.9416
1.80637
2.4683
2.41592
1.64764
0.00379225
-5.70489
7.75551
4.81991
-2.66848
-3.20815
2.53872
1.32986
3.68919
-11.1605
-3.13532
2.53719
4.69328
0.597183
5.49477
-5.09386
2.38091
-4.50069
-3.19418
-0.269632
-7.78961
2.4728
5.9227
3.80086
-2.74913
0.975022
2.46244
3.09562
0.637621
-2.6502
-2.09124
-2.3519
-1.27787
-4.93419
6.75444
2.02008
2.28446
-4.07187
5.9292
-1.42924
0.00279087
4.13828
2.2765
-3.32029
2.2175
1.62413
0.943416
5.80672
0.159
2.06924
-5.97022
0.0204183
-3.8243
-4.90224
3.58198
-2.71543
0.772802
0.287632
1.04227
-3.34949
6.91988
-9.76486
1.82928
3.57735
7.98347
-5.9674
0.835412
8.38088
6.68663
4.1859
3.22968
2.29758
6.11733
0.535554
-0.915658
-3.8886
4.26677
-0.427667
3.56991
6.71994
5.77073
2.21375
-0.239551
-4.34717
-6.46742
6.94842
7.39213
4.76417
3.70949
-1.36214
-0.00402921
1.49461
0.402607
1.89574
0.688837
3.09292
-9.16155
5.43197
3.84219
4.00732
7.08025
-2.20961
0.027769
4.32475
2.15482
-6.97547
1.50808
7.57063
0.820764
2.97087
0.996814
4.86991
5.41758
2.44548
4.23251
1.79521
2.78896
4.65316
0.587375
-0.0998091
4.12728
1.38173
1.94137
-2.90859
1.13552
1.621
-1.5885
2.99005
-6.22942
0.568918
7.89802
-6.53542
1.27268
-0.859263
-0.575455
-5.33196
0.194307
9.46319
-0.280352
7.4564
1.51002
1.3398
2.64173
-4.9378
3.43681
-1.2663
4.66011
4.11404
2.05008
1.22774
0.0155042
2.66264
2.60878
-0.654436
7.43619
-5.04631
-8.59317
2.31366
-2.04256
5.45991
0.375359
4.68773
8.55287
-1.81546
1.01151
3.54645
-0.23423
-0.918091
0.453491
-0.946498
-2.80882
-0.687095
3.21455
1.88701
-0.536531
-2.19457
2.22829
-0.481652
1.52378
0.80431
-4.29414
5.61744
1.57644
1.63476
2.35402
-3.73081
-1.39514
2.66011
-7.92891
-3.82278
-4.19374
0.525785
4.46181
3.88454
-1.08798
-1.04563
-9.10918
-3.43068
-5.21301
-4.49845
1.02626
4.31803
0.649405
0.613331
-6.48348
-6.63118
6.16829
0.353008
-1.89178
5.01524
-1.06993
-1.01071
-1.85158
4.75241
-0.0147173
-2.99692
-2.01077
5.17052
-4.07406
2.71372
-5.48845
3.1348
-7.43775
0.402003
2.27224
-11.0948
3.33502
3.86658
-1.03897
1.20762
-3.21793
-1.83071
-7.29057
2.5939
1.79615
-0.61125
2.29896
4.81741
2.21302
1.51823
-0.464833
-7.24593
4.87486
7.55798
2.24784
-0.824251
3.92702
-1.61758
-6.9754
-6.86715
-6.17321
-5.29388
-7.51261
-0.973156
1.43173
-6.12479
-3.96026
-1.78951
-6.05077
-0.155887
-0.736704
5.21228
-5.91924
3.63626
-0.198176
-0.884127
-4.27557
5.89562
10.9085
4.48965
1.39009
5.29393
3.28708
-2.22156
-3.95997
0.14583
2.16049
-4.6511
3.32161
-2.29644
2.06881
4.88447
-1.75668
1.15025
-0.928695
-1.46599
0.147773
2.81765
2.61282
-2.58768
1.10247
-4.08898
8.07424
4.54623
-3.73972
7.59147
1.34676
-1.66204
3.09874
0.658358
-8.54873
-2.37383
-1.87873
-5.57328
1.56893
2.29144
