0.202558
0.237392
0.211635
0.241472
0.152719
0.100229
0.259199
0.207634
0.17082
0.184089
0.230312
0.184671
0.219496
0.256757
0.401644
0.383204
0.395962
0.287704
0.350726
0.316361
0.24115
0.304436
0.346828
0.478377
0.441014
0.367617
0.440338
0.492798
0.377605
0.396325
0.3776
0.310692
0.34542
0.324891
0.2673
0.206821
0.149754
0.214794
0.225232
0.297836
0.248628
0.255767
0.245889
0.239012
0.208298
0.246046
0.350951
0.27713
0.293504
0.265401
0.299968
0.354048
0.331735
0.287892
0.317616
0.374804
0.149752
0.0564435
0.101681
0.115255
0.037539
0.0271047
-0.0553718
-0.0214102
-0.030838
-0.0019366
-0.0314225
-0.0156718
0.0357835
-0.032512
-0.0715738
-0.0296593
-0.0331911
-0.0905228
0.0135004
-0.0506906
0.013274
-0.0795539
-0.107447
-0.110398
-0.138459
-0.112436
-0.0867718
-0.105103
-0.10752
-0.0837964
-0.15894
-0.095782
-0.125234
-0.0903588
-0.250092
-0.207294
-0.266031
-0.35039
-0.400166
-0.465125
-0.382439
-0.456943
-0.440817
-0.468545
-0.489472
-0.425954
-0.415759
-0.327349
-0.275031
-0.279747
-0.307715
-0.345788
-0.398803
-0.496672
-0.524737
-0.603016
-0.687178
-0.671022
-0.696479
-0.669391
-0.640553
-0.456379
-0.462265
-0.472692
-0.475434
-0.504107
-0.417737
-0.48162
-0.426457
-0.365896
-0.378482
-0.533518
-0.489967
-0.417168
-0.393285
-0.428654
-0.47975
-0.434132
-0.419912
-0.381934
-0.364125
-0.420621
-0.374829
-0.361637
-0.297026
-0.284907
-0.153054
-0.31523
-0.366126
-0.348525
-0.38007
-0.368244
-0.436183
-0.471683
-0.555627
-0.49798
-0.500076
-0.572426
-0.484129
-0.522728
-0.632435
-0.61838
-0.661268
-0.63267
-0.727389
-0.853701
-0.840984
-0.817995
-0.854457
-0.914714
-1.037
-0.956137
-0.929437
-1.02981
-1.02556
-1.00671
-0.968473
-0.937105
-0.919256
-0.899178
-0.883241
-1.00628
-0.91042
-0.865222
-0.84401
-0.751584
-0.827891
-0.746986
-0.705428
-0.65291
-0.656697
-0.657093
-0.569534
-0.68571
-0.664434
-0.66763
-0.780203
-0.686089
-0.542919
-0.649958
-0.645764
-0.610439
-0.661386
-0.743205
-0.703529
-0.635975
-0.637334
-0.65315
-0.68116
-0.708874
-0.681661
-0.739946
-0.715946
-0.749397
-0.679261
-0.66643
-0.799257
-0.831658
-0.785599
-0.774816
-0.696031
-0.550749
-0.583134
-0.571891
-0.699115
-0.712748
-0.68763
-0.686467
-0.59285
-0.479115
-0.463183
-0.51286
-0.402566
-0.422787
-0.426323
-0.477563
-0.493577
-0.48368
-0.372662
-0.453647
-0.51887
-0.445778
-0.38606
-0.442481
-0.398725
-0.452844
-0.419832
-0.45013
-0.372265
-0.330217
-0.321733
-0.303562
-0.272227
-0.273165
-0.133303
-0.135555
0.00888393
0.0614808
0.13646
0.193002
0.17052
0.327085
0.294858
0.308746
0.329144
0.416355
0.307284
0.329344
0.369499
0.322227
0.313745
0.374406
0.319868
0.333598
0.327162
0.394045
0.338774
0.309676
0.347591
0.380115
0.442586
0.487566
0.424371
0.543415
0.560561
0.484746
0.494234
0.578169
0.574778
0.632902
0.659249
0.780272
0.7465
0.756654
0.723218
0.668199
0.499296
0.472257
0.452286
0.356687
0.331329
0.282943
0.279701
0.208584
0.10091
0.106415
0.211112
0.24085
0.28896
0.383034
0.301103
0.297421
0.277532
0.337957
0.34258
0.209468
0.146193
0.1176
0.0310866
-0.00278263
-0.0682893
0.145352
0.166147
0.159582
0.142942
0.235094
0.220895
0.347292
0.394593
0.378084
0.26265
0.337595
0.431029
0.485638
0.445231
0.380396
0.451239
0.466439
0.551031
0.560509
0.562484
0.461655
0.442018
0.438483
0.523433
0.461643
0.402245
0.308666
0.321173
0.256069
0.250881
0.275757
0.251943
0.318494
0.322086
0.254836
0.177902
0.227176
0.235486
0.246622
0.239372
0.285442
0.329318
0.344926
0.380807
0.181135
0.122492
0.115974
0.173834
0.17274
0.0854831
0.0763734
0.0582611
0.0408538
-0.00151824
-0.0209204
-0.136868
-0.174908
-0.187315
-0.0982062
-0.177437
-0.30108
-0.37476
-0.392586
-0.346835
-0.24838
-0.188496
-0.0561081
-0.0618151
-0.218301
-0.105282
-0.091972
0.010001
-0.0170766
-0.0134691
0.0591754
0.0345783
0.0301252
0.0448032
0.10432
0.13244
0.135679
0.1086
0.137258
0.16133
0.170483
0.285556
0.258217
0.281672
0.288437
0.20558
0.207496
0.144731
0.0796664
0.0918637
0.0964288
0.133418
0.0831603
0.0794233
0.200469
0.198034
0.218152
0.299839
0.328566
0.290959
0.265859
0.210525
0.287008
0.358409
0.274783
0.355573
0.349592
0.346743
0.334689
0.237858
0.162974
0.187319
0.175271
0.187328
0.293744
0.289856
0.25265
0.108726
-0.0356372
-0.00252045
-0.0233853
0.0119598
0.0551103
0.0645198
0.117068
0.182714
0.0754083
0.036197
0.0645696
0.193523
0.268586
0.268852
0.230057
0.271221
0.243399
0.0558629
-0.00186766
0.133199
0.12998
