-8.62155
-1.21007
3.96908
2.01055
3.30304
-1.24904
18.9325
-8.08293
1.39421
-12.6364
-3.85649
-3.79856
-3.5336
2.65986
-4.60924
-0.570944
2.79251
2.66408
3.66024
-8.19346
-0.374501
3.3973
-19.8081
2.02906
4.52471
-7.9315
-7.6418
8.32267
3.77879
-2.28148
-3.34813
0.477249
-7.74877
9.53596
1.20901
-0.535271
13.3169
0.267708
6.77919
-3.57587
-4.72106
-1.43967
0.682369
0.300971
0.421098
2.46078
5.37737
-0.0455567
1.81983
8.34901
9.6459
-9.67989
8.18311
-5.82836
7.1696
-8.07078
-7.59799
0.496838
-14.3953
-5.3228
4.72277
-9.07771
9.28955
-8.05186
1.28265
1.48802
2.49322
11.6883
-13.0364
6.14877
-14.9972
-2.46074
-1.89423
6.4217
-0.174437
-11.0598
-3.00947
-11.3768
-2.8413
4.21951
0.269731
-3.17429
5.63339
-21.2385
13.1595
7.47697
7.11155
-1.16063
1.30111
-0.590161
-4.01845
-9.00387
-0.445228
-7.4642
8.06044
-5.39009
2.7198
-3.26003
14.1183
-9.21535
2.60593
8.59137
-13.3722
-12.2029
-1.76408
1.04044
3.64386
6.96295
-9.57925
-5.25106
11.5051
-4.41831
-10.2019
-10.0153
-6.08254
1.91037
8.32189
-0.758948
-0.329938
-6.35324
-4.32124
-1.24595
7.07437
-10.0272
11.4879
-6.06054
1.69034
-10.1314
6.58663
0.588533
-5.89377
-5.40921
4.27258
4.59331
-5.22673
-1.12303
0.0532163
2.76303
-4.37301
-9.69998
6.47476
-10.3021
-2.1843
9.73772
-5.99582
5.53499
-8.0186
-7.33925
-0.19731
-6.03588
0.340948
-3.40385
0.0407789
4.54223
-4.93486
-3.31543
5.64424
-3.98312
12.3922
-1.56714
4.53017
1.92454
-7.36594
-1.60552
5.93983
-12.7981
-3.95661
4.55245
3.21533
-4.7878
-11.4197
-10.7102
6.38925
0.938489
-2.19546
11.1688
-2.9047
-7.21045
9.86803
-0.0584602
-6.78362
-9.30981
-3.21256
1.69072
5.77635
-3.05055
10.8906
-2.9998
0.0132745
0.74919
-1.35334
7.72241
-1.59943
9.74129
-4.23401
-10.6005
6.9782
12.4069
3.21108
0.935137
-7.55645
0.257124
-7.26579
-11.1294
11.1276
-12.4195
-5.23385
6.95577
-3.60559
-6.75955
-9.51326
-2.80526
-13.8592
-11.2374
0.192465
7.24069
3.11628
-5.6116
-10.5846
9.61303
-20.2074
-0.465754
-6.44209
4.56329
-0.347118
-17.4561
-0.360207
-8.1647
-6.13647
0.169918
0.199318
-2.3876
3.91238
1.01644
-9.93652
0.150182
-6.99869
3.48965
-5.31638
-3.24462
1.63356
-1.47423
3.84192
8.6839
-10.6457
6.70086
-5.60739
-8.19588
-0.560359
-2.02676
-13.3243
-10.735
0.809015
-7.01067
-8.35191
0.743187
4.81015
2.0738
-8.90072
8.76218
-1.91233
2.21261
-12.2313
7.82922
4.8406
7.86727
4.06744
6.29731
5.56301
-0.0656047
-11.8218
-2.20308
0.626795
-1.66284
-0.995903
-5.14367
-7.41547
1.94465
10.5226
-10.5481
-3.60901
-5.0168
4.75887
1.08578
1.94616
3.96434
-4.7524
-4.18498
7.97003
2.72655
1.07247
-6.27312
3.46622
-1.39062
1.98768
2.03567
4.38836
-0.599481
13.1473
-3.90416
-2.29083
5.06898
16.9119
-0.694667
1.35361
-5.39661
-9.12626
3.57919
-5.73965
1.79222
-1.87231
5.81076
-5.6842
-14.0407
-0.696697
-8.04491
-7.84103
10.3973
11.4111
-15.3884
-8.95785
-8.15985
4.28969
8.76828
15.0376
14.3896
4.64655
-0.796694
1.80527
-5.26521
3.4937
-13.1387
6.83313
0.708525
-3.15786
-1.85194
11.3705
-8.11755
12.1589
4.14796
-4.98792
9.43223
-8.44264
-0.493061
-11.9543
8.10285
-0.531373
-3.33774
-4.1886
5.99574
-3.6045
-4.03726
-1.7977
-9.40196
-0.16353
-6.84081
-7.1578
1.27673
8.64245
-7.02633
-11.3291
-3.38436
-17.5867
1.06394
-4.7374
-1.79947
-14.4075
-3.38614
-4.21257
-3.18428
4.85871
5.89883
-0.23653
5.50199
10.9995
10.267
-3.98026
-0.173366
-5.81273
0.938851
4.21226
9.79305
2.93544
2.29604
1.91513
10.5294
-5.41912
-11.2001
4.44269
-4.83305
-3.38617
11.5017
-0.966551
-13.168
-12.2669
4.22808
1.85089
8.30777
1.97874
-7.92084
7.55724
-3.57403
3.12929
3.93972
3.36885
3.62719
-2.78905
5.97334
-3.73807
-7.35627
11.5605
-0.0688227
-16.6499
0.524157
2.54905
5.38474
2.83076
-0.650264
-1.32421
-5.2982
6.48189
-3.31625
-1.0357
4.69291
8.84929
4.03229
-3.13023
-4.21665
-3.08112
4.44487
12.4464
8.29475
-1.15124
-2.96198
-1.84935
-6.21885
-8.06175
1.29765
-6.95297
2.01952
7.95248
10.1958
0.76735
6.84897
-1.17468
-1.66686
2.13625
-9.83076
-8.37704
5.96418
1.19698
-5.45263
7.27835
-11.2444
3.46686
9.97837
-3.5866
4.92628
16.6061
3.68586
-4.23216
-1.66568
-4.9809
-4.30522
1.32604
-0.290275
-8.98029
1.50755
5.19232
3.73567
10.6674
4.14519
-0.714127
-6.48245
-14.4991
2.35751
-7.79696
4.11059
-6.70271
-9.48202
8.07144
-5.73973
-2.84877
0.567759
-9.67096
-5.33751
5.93356
-13.6769
12.8333
6.95651
-3.95314
0.982861
8.09219
9.02408
-5.46298
6.44432
-8.93178
-2.62061
-5.65913
-5.10485
0.225199
-4.29141
1.43629
-1.19079
0.209933
-18.1517
-9.335
-0.374957
-4.80959
-8.44443
-5.62475
3.13314
-3.78374
-5.69028
6.51545
-16.3481
-3.12072
-1.49229
9.98401
-3.05312
-6.76805
-7.94565
5.46438
0.955351
-3.66183
12.8099
1.45144
-0.379168
6.9853
12.3123
3.53385
-3.86965
-7.37187
-7.72738
1.54578
9.444
-0.71781
13.4745
0.468154
2.73624
8.16639
-1.5319
2.55222
7.25948
-10.1919
12.7132
2.2617
2.31291
-1.42277
-0.657603
7.81873
4.21439
8.66841
-8.63463
-2.44091
1.59316
-6.10081
-8.37707
5.73859
7.52887
-7.90666
2.38034
7.58529
-9.5337
-5.45339
0.417769
1.28606
-5.33193
-4.40636
1.54028
6.11293
1.24272
8.22281
-3.58752
6.75824
-8.78648
4.94491
6.10726
-8.79819
1.75558
2.48522
2.55956
21.3782
9.45254
4.07249
-5.99483
16.7831
6.1351
6.16251
-10.4234
-2.6027
3.40494
-10.4322
5.09815
5.95177
-2.28222
8.10489
13.4783
-7.35431
-0.111476
-0.00123649
5.51118
-5.06407
9.04994
1.33556
-10.1619
4.13463
-3.49644
16.7802
8.76553
3.95542
2.3444
3.02369
-16.5915
-12.1904
-2.6098
-0.673343
4.03719
-10.9706
-12.1381
-7.61198
-6.96524
-12.6642
4.23349
3.02362
-4.74832
0.610099
7.07771
-5.38013
1.39214
5.89923
7.24112
1.47742
4.98734
-5.28563
-10.0883
1.1629
-7.38602
3.08242
-11.5247
13.1938
2.98063
2.87726
8.235
6.42556
-2.83587
11.5466
5.69007
3.91973
-0.436221
-4.65107
4.00998
6.42821
5.14871
3.65793
-2.21849
4.32329
2.80202
7.13736
6.02192
-4.07991
-0.0317483
-4.87127
-12.5593
6.70063
15.3192
2.9228
7.7807
-11.4409
-13.5151
5.68682
4.71782
2.25376
2.97375
3.04758
15.3772
-3.4143
-2.26218
3.7755
10.7919
-21.7008
-1.77489
4.95649
-8.19446
9.06314
-12.1152
-9.24297
7.55091
8.82741
-0.635171
-5.35691
15.5096
4.14204
-7.93839
-4.10738
-0.164931
9.97752
2.09632
2.36932
14.4363
-4.41092
-8.92557
6.19965
-13.4756
9.50682
-2.61797
9.62674
-12.1996
-5.35884
0.961802
5.82873
3.47033
-3.28816
-10.8322
11.1263
10.4501
-5.00718
-6.96399
-0.537797
-0.961191
1.23777
20.4775
5.20038
-12.3675
-1.61308
0.874824
9.79387
2.73542
2.14299
10.3275
-10.7149
6.12678
-13.4548
3.61909
-2.31909
-3.6017
-1.67754
5.86286
-17.7097
-10.7999
-3.10549
2.08049
-7.42672
3.21065
14.8466
9.74728
-1.62642
6.11996
5.99879
5.79742
-12.2434
-3.29042
-4.90525
5.4008
-10.1292
-7.67024
-0.267222
-15.4346
1.61021
-6.32377
-10.6472
-7.27967
-14.2467
4.61642
0.31895
9.13906
-12.2902
15.0589
1.77137
-10.587
-4.24046
-7.16231
-2.54803
-6.56086
12.9391
-8.21733
8.05235
6.80034
6.43391
1.58106
0.396678
-5.66824
-6.2819
-8.37186
7.24423
-1.85435
1.94764
6.96835
6.42977
2.83126
9.43003
-1.01943
-4.96744
5.98748
1.70699
6.71775
3.10642
-10.2983
-7.06292
-5.15404
4.17095
-1.07168
-5.28285
-3.57396
0.806482
-7.05037
7.93686
-10.6821
-0.363887
3.93047
2.69734
0.899295
-1.32996
-7.21438
-15.3922
-3.31663
-8.87407
2.93933
-14.5868
-8.1058
8.55476
-6.02995
7.59911
-9.08912
-8.56863
-4.60629
3.64683
-0.854657
9.73067
-0.0663432
5.00622
3.30995
3.03206
-4.74316
12.7179
3.69627
4.57543
1.23256
2.16657
2.43494
-12.7549
4.06002
7.31385
-2.28454
10.468
8.34958
-0.0584749
-0.88385
-6.57744
-6.52334
-2.07122
-3.80989
1.76876
7.28505
-4.161
-6.58342
-3.79844
-2.54595
-3.30011
4.38284
10.8931
-4.15877
-1.12776
-7.72968
7.41836
12.7071
-15.5843
9.00885
-4.26004
7.77664
-10.4616
9.9207
4.03512
-1.5256
-2.03359
14.7782
0.189442
-16.5019
-6.58073
-13.039
2.43714
3.37461
-6.33583
0.171002
-6.01444
18.8002
10.9141
-3.89345
10.9059
-5.1283
9.00297
7.4091
-5.00201
-9.56846
-1.94536
-18.9309
5.04546
-2.34724
2.42818
-6.12453
2.14699
6.80418
1.23681
5.4134
14.0606
-14.8769
6.71482
-4.06932
-16.5834
1.35581
-7.95044
1.07913
-9.03593
6.09295
9.52241
-15.2992
-1.06412
19.7778
-1.46182
-11.5731
-6.74069
-11.6665
10.8566
-8.58664
-4.46556
4.35701
-9.89469
3.28933
1.68572
-7.32628
4.66182
9.12668
-14.4936
1.03719
-4.37911
-6.24047
-5.06022
9.73687
4.62471
-1.51528
10.6358
1.09207
-0.294252
-3.97885
6.99367
1.71842
10.6637
-12.2097
-6.20415
3.36875
-1.37709
-5.18419
0.629832
0.433581
11.4701
-1.07627
2.74883
1.86001
-1.42992
3.98902
-5.17999
8.59543
-5.76749
7.28747
0.68006
-5.85182
5.58075
0.497839
15.0392
-6.855
5.61888
7.85948
-15.9335
1.83881
8.80062
-2.85378
-2.75815
-11.0941
6.49419
-6.28106
-4.18122
-12.3167
-5.74568
3.09998
15.9203
3.6952
11.8492
5.08493
1.44214
-5.15915
2.43088
-7.57436
-16.1704
-7.17089
7.25844
5.68169
-4.00331
5.77116
-1.40891
5.64903
3.75137
-2.85979
-11.1234
-6.18322
-2.02988
-2.60928
4.11256
-8.64302
2.92637
4.06634
4.46599
8.15287
-4.57271
-10.624
0.593245
-0.696214
9.03905
5.15689
12.7237
12.1171
4.47372
-8.27085
5.16147
7.70237
-4.60017
-6.82179
-9.25261
-4.85131
0.944441
4.36404
9.05707
-10.1357
-8.75374
-3.82198
-10.2886
0.451092
-2.35189
-4.35815
-2.39624
-13.0145
-10.2532
-4.4291
4.19079
2.48552
-9.2535
4.47325
-7.02806
7.50225
-6.41288
-7.03913
-3.98611
3.30929
-11.5874
13.6401
8.53056
1.01315
4.78367
9.19385
3.84641
2.12859
-10.3909
-6.13163
1.1221
4.49184
0.116505
-2.94683
7.28448
-3.40706
-0.363815
3.47918
-2.32612
-10.059
-3.68385
-2.3885
1.90406
-0.69642
1.04841
5.16553
8.74526
0.116624
-0.389123
-4.54128
1.19764
-5.2394
-0.113854
13.7678
-4.03626
3.02636
7.32976
1.69869
0.412764
1.10865
-2.12951
5.74091
3.27617
10.1899
8.94973
8.73335
-6.30564
-3.74256
2.48473
3.35921
2.84275
9.98764
-8.71577
0.838592
1.70871
-0.174229
-1.61523
5.86143
3.98151
-13.5532
-16.2482
7.99937
-0.448451
-5.83548
-0.14758
-7.57907
-0.780501
9.22709
0.699463
7.44412
-4.6849
3.65825
-4.22704
5.82876
5.24344
4.32434
9.39046
3.10723
-5.93454
-6.19767
6.96339
-7.89518
-1.39653
0.947611
4.9317
17.5339
6.36363
1.89248
11.6623
2.02967
5.24836
8.34569
10.7604
-1.79267
-0.197673
7.8423
-10.531
0.43774
17.475
-3.73185
-3.23498
-2.78149
-2.5916
9.98088
9.30769
2.03549
6.74708
11.2103
13.275
0.356132
0.888076
1.67056
5.17906
2.70438
1.69565
0.164063
-5.77994
3.82031
-9.59231
-15.3252
-9.09912
-8.46854
-5.0434
-2.15762
6.5027
5.77405
1.26014
-9.46902
-4.84804
-7.8781
-0.393385
9.09
0.251512
-5.57556
2.07043
1.24448
1.2158
9.66645
-3.00217
-4.23763
-0.175704
-1.43533
-4.07839
-1.60789
-14.5567
-3.34742
-0.983462
7.19524
13.2771
-11.0396
-0.554858
-3.75213
-2.59673
5.8671
-1.21922
4.37647
2.4475
6.86343
-16.1667
-3.66719
1.04005
-1.01447
-3.12396
4.60779
-4.51644
6.56436
9.7314
-16.4116
-15.005
-8.07156
4.16209
11.0607
-7.62588
3.87806
1.14232
-8.79358
12.0957
-3.5185
-4.53354
-3.58724
11.6872
-6.38146
10.6624
1.18509
2.47766
1.29277
-8.06481
-6.60276
2.2286
-1.11741
-3.28558
11.5373
4.62607
7.43723
10.4864
8.74682
0.790587
-2.06742
0.64112
1.72084
4.34534
9.50472
5.74968
6.62483
1.48772
16.991
6.38853
8.41822
5.5211
7.70381
10.7283
-5.85606
2.75056
3.23003
-5.84432
10.1391
-4.33719
7.55807
15.5689
5.12654
18.0154
3.25369
3.31335
10.346
16.1908
3.2616
-5.77444
-6.48152
-1.0522
0.636225
-6.70522
-6.27985
5.35528
7.09805
-2.11677
-0.199342
4.7676
-2.75134
0.785972
10.1536
-1.09414
-7.2812
-0.753226
1.23001
11.67
0.285395
-13.8936
7.7649
-1.2519
-4.18493
-4.36269
4.75223
2.98294
0.945091
6.16506
-5.89182
7.94577
10.0985
-11.9971
6.78822
4.00492
-7.08562
5.89136
-9.71237
-3.09845
2.3166
1.605
-4.39857
4.37433
-4.19784
3.59903
-1.52766
10.2776
3.52845
-1.09467
6.02043
2.643
-7.81115
1.47405
-2.77539
-5.38833
-8.63935
-5.119
5.76386
-1.21224
-2.31885
0.314595
6.57577
1.75069
-7.41744
2.73224
-9.98066
8.05277
-5.07478
1.80287
5.85192
9.56694
-2.62292
6.73337
5.55687
-1.22316
0.253832
-8.61631
-9.03965
-0.80277
-0.386667
13.2007
6.34679
9.98596
-0.385146
9.79944
1.50205
12.4138
2.38309
2.84836
-11.9473
14.6393
7.71892
2.59836
2.44193
7.92525
6.54189
5.38616
4.69942
-1.42836
-5.45762
5.25113
-8.73204
1.02928
11.4926
10.8941
1.10867
-10.9319
-1.62271
-4.36276
-2.74773
0.794429
-3.56006
5.91521
3.23071
-12.2971
-2.42711
3.94255
7.86582
-4.34678
2.01166
7.46622
15.4892
2.49972
6.46972
7.76647
-1.4182
9.10897
2.74369
-15.5078
-10.3285
-20.5998
3.95528
7.83407
5.59307
6.55554
-6.89488
0.0757888
-8.10746
3.81675
-4.56369
1.20897
-3.17841
9.98225
3.45564
-2.19344
1.88191
6.02412
6.67701
-2.84112
5.47295
-1.91464
12.764
7.2116
-1.63364
4.13142
-7.29401
-14.2058
7.21839
2.05135
8.61772
10.4647
0.304722
-0.356654
9.03086
-3.36188
3.0955
3.73159
4.56007
-5.04269
0.329404
-3.01412
10.3626
14.791
-5.04319
6.10798
5.27377
3.22066
-2.70201
-3.48514
1.31492
-15.9241
0.27706
-1.95047
-0.0183268
-10.3087
-2.05945
-3.36691
-10.204
-13.4849
6.36865
-11.5159
2.9628
2.96899
9.36827
-4.17918
-11.5602
-6.59796
0.919974
3.99087
-11.0958
1.63661
3.19463
8.19893
7.89261
-14.1132
2.51855
3.67908
-6.76065
7.36141
6.72411
6.96269
-2.56358
-1.395
-1.51826
-0.390095
10.8307
3.84386
-18.1445
-5.81047
2.87675
9.23794
-3.6231
10.3287
19.6116
-1.53596
-1.97903
2.83676
0.542995
0.13986
5.89983
2.21225
-3.66174
10.379
-0.178461
5.98271
-1.1844
9.31968
5.02258
8.44621
1.11894
-23.262
-1.20659
-13.8397
-3.73081
2.22
-4.8878
-3.38519
4.17142
-4.66846
-1.67069
3.59063
0.322798
3.79281
10.1243
7.39463
5.91799
-0.328386
-5.54107
8.71679
11.6972
-0.746103
-3.67006
5.97203
0.426773
8.78931
-8.58393
2.2928
1.86092
0.796976
-0.504567
-4.11067
6.23053
3.49102
2.44862
-4.66157
-11.3769
-11.5296
14.6056
3.30126
-3.67543
4.86425
0.19541
5.87458
-8.43843
1.12448
-4.64694
5.3076
-0.637384
-0.200802
-1.99813
8.40149
-0.0303032
9.58432
4.69408
-13.1208
-20.3756
-9.9995
3.74789
-3.87335
-2.26288
-8.03435
-6.30723
6.19689
11.6463
13.7898
3.13896
1.29544
-3.22537
-1.00067
-10.3382
-2.72374
-4.30184
7.88343
-0.177858
0.864898
-1.66824
5.00418
9.30296
6.70075
7.06416
4.24423
-2.57541
-7.33352
7.80594
7.70347
6.33394
4.40511
9.49716
-6.24492
8.16669
3.82523
-1.3722
2.1775
0.189496
-9.46717
6.35747
13.024
8.36869
4.69943
9.7406
9.98722
-5.4463
-7.9071
6.68296
11.5984
4.66104
7.98316
7.70244
7.57125
-4.31974
8.95676
2.98462
3.0143
8.90584
-4.00238
0.106584
6.31597
-7.03792
3.21241
-5.32673
13.4291
1.10822
4.9283
-6.16605
-0.470109
10.8224
3.77952
0.00857584
2.02
8.84616
12.1257
15.7417
6.89098
3.36561
14.2693
-3.47733
6.27634
2.35903
-4.07476
-9.06196
1.93454
7.18205
5.09372
-8.31421
-7.10062
-2.63977
5.90495
-5.58706
15.7241
-3.56755
1.52242
-7.4097
4.26401
-3.53342
-7.8
-3.11478
4.96235
8.93201
-6.04521
-1.29221
3.29632
3.79695
-5.90807
5.96357
15.4721
9.50679
2.84909
6.26321
-1.255
-12.3455
10.1354
-1.4749
-5.32706
-10.2126
2.38147
3.82015
1.44091
2.96511
1.21104
-1.90067
7.24598
0.89435
-3.41342
-3.95897
-5.30959
2.87141
-1.65746
0.258592
4.43148
-0.5672
2.34296
2.27796
-5.11975
-3.19525
-5.11741
-9.01922
0.28581
10.1331
-9.82517
2.92167
1.93343
-2.00873
-2.3748
-0.457655
-4.28874
-2.19074
1.37238
7.02974
-3.48194
1.94136
4.20376
-4.87759
3.8013
-0.264716
1.95519
-9.14617
3.38966
3.36496
-6.37782
6.07503
0.98728
-2.21157
-3.09721
-3.83364
-12.051
-6.55318
-14.6577
-0.166742
-6.03387
5.0388
-3.44925
-15.7575
-3.71191
1.43048
-8.64466
1.38547
-3.43259
9.29927
3.34701
14.6837
0.597011
5.23292
13.1313
-1.21134
7.52018
10.915
6.65171
-1.29708
-1.30578
16.627
2.41467
6.01445
-0.466615
-9.32349
-5.29162
11.6431
10.8719
1.97898
6.07922
5.06249
-1.1959
3.50882
-7.68543
-1.28028
3.14737
-3.85846
6.60383
7.89448
-5.6288
9.76309
6.70245
3.56563
-4.70888
2.11853
1.83893
-1.02861
-4.97565
-11.3606
-5.52678
4.07635
6.24385
-11.9429
-2.09069
-0.778103
-3.59201
6.57345
-16.3487
-0.0263099
0.785068
-11.4171
1.37559
-0.499898
12.8749
1.4699
-7.40009
-4.01802
-3.27489
8.81049
-8.15779
14.8182
1.69881
-9.09615
8.37957
-2.41302
-7.42386
8.22172
-11.0655
4.2544
6.10073
9.69663
9.19593
-0.795854
0.732219
3.26613
-10.1123
-4.82105
-14.7265
8.38782
-6.31535
3.90453
-0.0840571
-2.44472
-10.2473
-8.29025
0.738505
8.25438
4.58905
4.81116
-3.89137
-11.6985
-2.80752
0.186222
0.051064
5.57825
1.63464
6.89253
-1.59427
3.50289
0.882003
0.190683
-8.22611
12.406
5.61671
9.39688
8.23063
5.04268
-4.88813
16.447
3.52285
-6.77772
6.00998
-4.38733
2.64184
10.9433
13.5253
2.30374
-2.97276
9.84341
-4.53958
-4.00513
1.95911
0.836645
6.579
-3.54983
-7.64253
-11.1911
-1.35957
5.7815
2.40095
-21.5211
-11.3429
5.12547
-3.50922
-2.66647
1.45833
-12.6177
6.01319
6.59969
3.51507
17.1806
2.00881
7.47204
11.5415
0.0150482
0.684491
-0.495091
15.4296
-1.21544
5.47177
17.7253
-3.12594
-0.867098
0.724126
16.1905
12.1803
15.0233
7.68997
-7.68071
-6.12038
4.37253
4.15649
9.30277
-13.7325
-11.2851
0.437814
8.76616
-1.67386
1.625
14.1582
8.7755
-0.373695
-1.86636
-2.81291
6.15254
-2.45897
0.92578
0.511235
2.84644
-1.53483
-1.23763
-1.38244
-4.52514
-3.2288
11.3649
6.98963
-17.8641
7.08623
4.96773
-10.8312
-3.17394
-11.7817
6.28887
4.26348
-10.0578
9.0939
-3.33903
-3.31309
-3.90331
-7.41827
5.59163
-5.97448
4.5723
-10.6193
-5.52843
6.91117
5.33615
-1.97395
-0.786767
-19.8815
0.629105
-9.05114
-7.92056
-5.41566
-1.71876
0.986607
-0.321234
1.16747
-8.11037
-10.4368
-9.80197
-6.96256
10.6916
-7.1166
14.3119
-2.53002
7.65593
-11.5281
6.43013
-0.493523
-1.93921
9.68565
3.61896
1.41791
-5.01875
-6.35732
3.12961
-9.90997
6.35847
1.6477
-2.36088
-0.864847
2.25279
6.69343
2.83489
10.7691
7.00038
1.29954
-4.60584
-4.8623
-1.35154
3.37916
4.81033
8.8378
-12.4315
7.47204
14.5398
3.95732
5.24432
4.54911
-4.52839
-14.6826
-3.13098
-9.54381
4.18907
6.91576
-3.53535
10.4301
-4.14445
11.4165
-5.27654
14.4655
13.2294
5.26042
5.81989
1.90561
-2.41761
3.51535
7.59595
6.71245
9.86733
0.113109
3.62047
-10.8453
5.9225
-15.2773
5.83359
-4.60387
-0.780524
-19.2563
7.08984
6.9629
-10.8365
8.12704
7.88037
5.72955
-3.45495
-6.17104
-5.63737
3.87389
-2.1047
-14.5962
-2.37604
4.62745
1.0495
-1.33407
-5.9782
6.11725
-0.53233
5.92995
7.27371
3.90156
-1.94355
4.77758
-0.479267
1.60346
-3.74633
-1.09367
4.48443
-8.18652
0.931471
-5.66135
7.989
6.75773
16.166
8.76298
-4.01152
3.07082
9.14067
-1.70629
-9.55034
8.12233
-12.4025
4.15137
-0.962431
-7.2379
-6.13924
7.23643
-6.75881
-3.90426
-1.85393
-3.94283
2.47064
5.39366
-7.33359
-4.79114
-1.72844
13.9942
-7.43412
11.8239
6.08163
6.70474
5.41228
6.3114
-8.95904
8.94737
4.21962
3.78972
-5.72601
-1.29687
14.5897
1.95328
6.26354
-0.810174
-4.99116
-13.6041
-4.05676
1.99145
-3.17061
1.52999
-6.1172
-12.5677
-1.7799
0.899201
-5.73746
5.48759
11.6951
4.85534
-11.6916
0.532398
1.45203
3.45391
-0.902214
-10.5759
4.15352
2.42907
-10.5364
-4.19943
-0.354531
8.71319
-10.2433
-0.155908
-2.08584
11.9677
18.3273
-0.935665
-11.1476
7.89166
-0.763991
-10.2542
9.0702
7.88933
-10.1426
5.68302
2.17392
-10.9744
3.23249
-0.704063
8.5804
6.2461
-15.8651
-3.21207
-2.73769
0.0260052
-4.27706
4.29054
-7.42223
1.1243
-16.2874
4.62439
-5.44922
12.3775
5.1891
-2.30355
-0.766978
4.06758
-1.69978
-6.18607
7.587
-5.36256
13.2525
2.30809
-0.522199
4.73975
-2.53576
-2.3612
-1.65316
7.03983
13.2377
-6.16683
-0.0134791
-5.81228
10.5916
-0.173866
-4.3042
1.92062
-7.34495
-4.98057
4.91309
11.4275
-6.34429
7.21206
-5.49267
4.38336
1.68372
1.47835
8.04924
-1.67891
-0.528123
2.47678
-9.7154
-6.16463
11.8783
-1.06742
6.47941
2.77458
4.70375
1.98894
-3.83594
-7.0017
3.4887
-1.6747
-0.575725
-4.56124
1.65135
-0.382785
-9.49925
-3.28983
-6.92633
13.2251
-22.2448
-5.15971
2.3263
-3.92072
7.08683
14.1015
5.46908
-5.83443
0.771787
-4.75107
0.128555
6.433
-12.0904
5.33154
10.327
-0.934357
5.04572
7.68768
-3.60668
3.66827
7.43469
5.08894
-0.732667
-1.6371
15.3625
-2.73734
-0.0486122
-3.10185
-4.03696
0.573514
-5.17751
-17.2807
-4.9987
-13.1183
-4.34134
5.79375
4.97619
11.2539
-6.1168
-8.42353
8.59808
4.30253
-3.34225
-3.50942
8.82171
4.61476
-5.06643
3.09881
-0.168599
5.43798
-1.53338
0.260511
6.04351
14.4551
-0.924769
3.92167
-6.50584
-28.336
-12.0346
-2.6006
-1.4107
-6.85214
-5.11775
-9.17767
10.3722
-2.81925
6.66082
3.74783
13.3969
-0.425223
-1.03924
4.06062
15.1226
18.5184
-6.09003
3.78483
-6.58499
10.7397
3.66671
10.6981
0.59128
5.04109
-1.53157
2.4442
1.67357
-8.2208
5.94447
3.29504
7.38629
3.28641
9.52917
9.07023
-12.1459
-9.78261
-1.99485
-0.979818
5.68371
4.01344
6.497
-3.32194
-6.52468
-3.00304
-0.806982
1.83108
4.1711
7.54567
-3.03524
3.82212
-1.1904
6.55879
8.01305
-8.13198
3.89192
2.61968
-0.717447
-0.295409
-10.9734
-1.41783
-0.268971
5.05041
2.02202
3.78906
17.7991
5.27375
2.47636
-3.39394
-2.41616
-6.08632
-4.09147
1.79081
-5.59007
-5.78028
-3.70219
4.54246
3.03652
5.67211
10.2663
-2.00983
3.51517
6.55776
-1.86369
3.09044
7.4844
0.452669
0.688523
3.43898
-6.02027
-4.2493
-13.7858
-8.21267
-10.2676
-14.0748
4.62583
-9.8627
-15.5364
-2.55109
-6.95577
-0.411139
-2.36256
10.4987
1.75398
3.3358
-6.42041
-12.4543
-5.3567
-1.28114
-2.07398
-6.91124
-3.10575
-5
13.7437
1.99502
4.62413
0.403775
-2.60267
-5.75014
5.29819
-16.1843
-3.05946
6.2285
2.66084
5.24473
0.0350182
0.211325
-14.0579
-1.35345
-6.93645
10.3783
8.76054
-14.3732
7.24526
14.6761
-3.01618
-3.90757
10.704
-0.623968
-16.3122
0.24998
-6.30182
0.550238
-3.47184
2.53901
-5.63069
4.33252
-5.04354
-10.9467
0.136088
4.61575
-9.36172
-17.3021
-15.3545
-8.06296
5.74685
-2.02934
-1.71378
7.71401
2.17234
2.88705
16.9496
8.79009
-2.90228
-14.7305
7.76845
-3.80773
-0.227554
7.63572
2.44032
8.0379
3.22955
7.10773
1.686
-0.678359
9.70413
7.35293
6.90656
11.8737
-9.14749
-2.58678
-6.60981
-7.27323
0.21839
2.58047
10.4376
2.67231
4.01671
-5.61491
15.8045
-1.00053
-0.414724
-4.03348
2.42688
6.18461
0.633687
0.257858
-4.70714
-9.99999
4.9084
5.19784
-1.47279
2.34731
-4.48069
1.89911
1.80055
10.8899
1.14437
-9.7856
0.753379
0.986644
8.89565
3.60562
7.27579
1.53379
-0.359331
-14.7908
-16.1641
7.38025
0.47127
-6.19723
3.54484
0.265993
9.838
-6.17714
3.978
7.73714
1.32066
-11.1886
-0.903036
-2.13782
1.06869
5.94867
10.1583
9.39537
-3.53283
4.625
-5.58636
-0.0742892
3.72182
9.78728
5.452
10.9545
8.46238
6.9625
6.18382
-1.18607
-9.9119
-4.69976
2.04659
2.29731
-5.81398
0.178785
-5.97159
3.25408
14.8536
-0.19285
-13.5591
8.86325
8.44982
2.74641
1.37002
0.197216
11.4631
8.61668
-0.279032
11.8225
3.5833
6.39243
8.99165
1.6574
-2.01977
2.62988
-6.13022
-10.5408
-3.66203
-8.04013
-4.3699
1.38376
10.2294
3.54684
10.09
-2.6741
-1.96384
2.25164
7.19822
5.85921
-1.23688
7.65963
2.47157
-4.65387
2.82405
10.7275
15.8552
1.09623
-7.53742
-2.31783
0.0655781
1.45927
12.2304
-4.81018
0.339862
1.79567
0.994627
10.1248
8.65499
2.8722
-1.52009
4.99375
11.0195
6.501
-1.04986
3.02545
6.53855
11.5903
-1.50968
4.57297
-8.32638
-5.08179
8.24987
14.5984
2.48484
-1.92498
6.19221
0.0818735
7.54812
-7.89565
-4.4052
0.0346905
4.45518
4.20295
-5.58338
-8.27616
-4.56846
1.43049
6.33343
-2.35301
-8.66615
-1.23908
12.06
3.08699
7.94831
3.37834
0.874474
0.723578
0.572719
7.04919
2.06619
-4.92591
13.2905
2.25737
-1.00606
-8.8717
6.09417
-4.09825
4.61492
3.50375
-3.48031
14.1035
16.3218
4.9262
12.1093
-8.90012
-8.02101
2.92142
-2.7483
9.97207
5.6927
1.98921
0.121581
4.1299
-1.41294
-9.59784
2.53275
11.6803
-0.192196
-10.1627
-7.0115
1.0317
-8.28985
0.805408
-13.8558
-7.02237
-8.23939
11.2985
-4.79843
-2.58869
13.9242
6.78618
-8.39079
-6.03086
6.19041
5.59563
-15.006
-10.6118
-8.47173
-2.58368
-5.63501
2.72402
-7.45403
-1.48724
4.48391
-1.9491
-6.84411
-8.78128
0.962529
13.6179
6.16364
-2.49254
7.19712
1.87344
-0.462331
-4.54073
8.98801
-13.004
8.40548
3.13309
10.315
-1.29781
14.8602
-3.67756
1.9198
4.47271
-6.49273
8.55615
14.6508
8.41748
7.34463
-1.16696
-0.869209
-7.33374
2.191
-3.00507
5.99004
1.88317
-1.33678
11.8636
5.18391
6.4184
4.00465
1.0998
4.43398
12.2817
-3.80978
9.05441
-3.72656
-3.34316
-0.27676
2.89367
6.03641
-6.97107
8.77151
4.05865
3.82474
11.2356
10.0965
-4.25437
0.157812
3.13001
5.26386
10.9353
7.30942
9.35553
11.3644
-1.31892
-6.63948
3.0827
-8.92199
-5.21368
-2.04736
8.2506
8.05407
1.37038
8.67188
-0.102586
1.79066
7.32827
-3.446
3.82746
6.46977
-1.12028
-6.03373
5.7287
1.34966
-5.8134
10.0971
4.01952
-5.31233
11.6847
7.88329
-2.79082
8.71546
9.8535
-1.13604
-0.713127
-4.37574
4.34628
6.63122
-8.03563
-2.27968
6.6533
3.35566
8.12748
9.80755
17.5096
1.0033
9.03918
-0.0994089
5.08545
14.1293
5.4895
7.33451
-1.49517
-6.85651
13.2675
6.93193
5.26136
4.57024
-3.92188
-3.26123
-4.64297
2.60233
1.23631
9.08231
20.0617
5.28514
-11.2536
-0.364808
-2.73062
-3.4291
-1.71697
-3.91759
10.0597
-4.14204
5.17489
6.97332
2.08492
-5.73607
-2.6985
3.35201
-1.05796
8.01728
3.31083
-7.55483
0.756904
3.37397
2.03596
4.89489
-3.35388
-4.93388
7.4163
-6.18061
-14.0081
-2.05252
-5.54503
-9.62306
2.35236
-2.41739
-0.850621
-8.32641
5.85687
7.48272
-4.47913
1.93498
-5.87155
-3.00707
-10.0917
-6.1199
16.0095
-6.44608
5.36603
-0.173191
-7.59785
1.11257
5.3878
2.09885
5.68259
-7.36301
12.5948
7.42824
7.03759
15.8563
-10.6435
-2.13132
3.1699
11.604
16.7451
9.22024
-1.16341
-2.08944
-0.401639
5.37951
-3.6554
10.5985
-4.00489
6.33464
-2.17599
1.66039
0.430105
-1.17878
9.02373
-2.28846
-8.27315
0.628265
7.51326
-5.26837
5.79143
16.178
-4.41354
0.369059
1.08262
-3.87981
-7.51253
16.2552
-0.267713
-4.37864
10.6466
4.42672
2.64732
7.11865
-16.6463
-4.70881
6.80611
3.48239
-11.4321
-0.241261
14.4572
-2.1576
1.27119
16.9847
-2.07437
-4.11488
1.62387
-2.6308
-11.5292
0.610281
-0.285938
18.9606
-7.16301
13.723
1.01793
-3.75611
11.4093
1.52971
-0.530899
11.3726
2.30721
0.288089
6.32981
0.372908
11.0965
7.95233
12.8656
5.03712
1.52781
-2.70875
7.77676
13.5429
11.8028
5.19315
-3.11567
7.95603
0.95904
5.28438
5.6882
-6.22245
1.15548
0.601179
3.90706
-11.3903
8.46303
5.79281
0.972668
-1.73464
1.99693
-3.77803
-4.16603
-0.968762
-11.8128
-4.3981
0.0151155
4.84083
1.54447
2.71292
-3.5246
2.53966
-0.0431317
7.18371
-10.5137
-4.0333
11.9542
4.25371
11.7083
5.41787
0.943741
7.60471
-1.06788
4.52664
5.88195
10.3103
-0.431967
10.3001
-1.96358
2.74528
-1.58637
-0.131086
-13.0164
19.5717
0.777421
3.90053
-2.96311
10.4604
-3.14967
3.04876
-4.23049
6.59583
14.8555
3.63092
12.2291
-0.108626
3.41237
3.61443
-1.88046
2.53641
-0.766108
2.40919
-14.9354
1.63245
-6.97374
4.72431
7.58004
-7.61766
-14.3239
1.50998
1.32763
6.92589
1.98363
-8.50867
9.31243
-3.21999
-6.5387
-8.30888
1.33877
-5.37105
-0.821473
7.76545
3.75636
-2.9542
14.2931
4.92463
2.21461
0.31137
2.77954
-13.8786
-1.1915
-4.1457
3.29238
-5.63994
-7.96408
5.62921
-0.578076
-13.6795
-1.20283
-5.65046
10.4239
-1.06563
5.38088
0.684905
6.99144
-1.32897
1.3926
11.5374
9.22799
7.04955
3.96679
1.30165
-8.21673
-0.857932
-5.66241
-2.30464
6.40977
17.003
6.40614
17.5983
14.261
1.88605
-6.2266
-1.78211
-5.77649
3.11495
9.69088
-5.1251
1.6517
7.6687
11.2101
-1.7703
6.71638
3.30873
-3.00494
22.9192
9.1575
0.881133
-1.93332
6.58434
11.5523
-0.269411
-3.08258
-17.4913
-5.01573
5.67849
12.0001
8.27336
-0.354033
7.78188
-3.74815
10.5175
17.6105
7.31134
13.4766
-1.00016
7.78346
9.56723
-3.45961
0.879735
-1.48107
1.70463
-7.00053
5.8261
-12.8448
-13.4086
-1.76062
-4.53044
12.0916
14.5747
-7.15381
-0.454546
1.40707
7.52717
0.379313
1.53365
5.15864
8.65739
-6.21944
-2.84519
1.27517
-11.9014
-7.80686
13.9028
10.3633
-2.25542
-3.42835
-10.5143
7.77012
4.23184
-14.2863
4.95165
9.06241
-6.76746
-17.0542
-20.1258
4.83463
-2.67506
-3.58359
-0.298321
-12.7367
10.4065
5.7917
-1.95602
-3.63672
2.41627
-21.1898
-9.64183
6.8051
6.6161
-2.49399
2.7495
6.02296
-13.0033
1.43486
-3.23496
4.47382
6.9563
-9.84401
7.14443
0.799588
-5.41971
3.57311
5.78064
14.5277
25.2272
-2.47517
7.09071
4.76376
-4.57394
-5.06567
-0.0593135
4.76019
8.01487
2.41948
7.95152
-8.87101
-1.69825
-9.28551
10.7325
-11.4955
-0.798574
4.05993
0.459785
-2.73732
9.25039
9.07376
4.71501
3.42421
-3.77418
5.61439
-0.307733
2.74774
-1.81285
2.21687
11.3943
5.0013
5.61453
15.93
6.05292
3.39107
4.61323
-7.58257
7.46958
3.93691
9.25828
-3.42112
16.236
-9.45381
-1.6208
1.3967
1.02105
8.94661
6.62211
7.29617
12.6522
5.58298
5.35308
-0.129717
2.3876
-6.96458
5.96077
4.6578
0.364729
9.74199
1.64963
0.924635
-10.8949
9.05048
-2.11943
1.09917
8.04673
13.4706
0.965691
-8.38242
3.42793
2.50857
6.03564
-6.02619
-9.0147
-4.83648
-10.4227
-11.9854
-4.6863
-14.8827
8.46576
-10.4043
-1.33905
9.32524
-3.75938
-0.788703
-0.383241
-0.629009
-5.91318
8.29778
-3.03271
-5.47
4.57203
7.93422
0.658115
3.43128
1.85179
0.638202
-7.118
8.33538
-1.65932
-4.70435
0.697159
-3.6973
1.7043
13.7655
0.569568
-0.327721
6.14919
-0.113467
5.19119
10.5566
4.67566
0.993888
3.13805
6.36566
-3.02236
-0.749058
2.39521
-9.50108
2.21496
4.10905
8.80595
-3.32595
-6.11443
-5.47338
-6.54116
-1.10502
-1.92522
-1.21606
-7.94977
10.7283
4.1444
-5.40151
-2.0333
6.40985
8.31565
1.49091
14.3088
10.847
-2.33464
2.00085
-4.80049
15.2365
4.29059
-1.21518
10.1668
2.21577
-10.5457
3.77753
-7.70713
1.77961
0.168503
-0.136349
-4.35965
-16.0006
-0.934073
-14.948
1.9477
-6.71802
-1.02467
4.19724
-10.6054
10.9482
0.992102
0.382294
-3.78982
-1.87694
-11.9147
5.80902
7.81664
-0.504265
-3.97433
-2.05489
2.44149
2.63631
-0.242659
-4.04414
-3.60472
-2.44687
4.9347
-13.5393
2.09432
4.0793
9.83066
-0.589358
-0.728236
6.86152
-0.375265
-1.07281
-2.5086
-12.3639
-3.5847
-6.84062
-8.32429
-2.03598
-5.46723
2.59467
-9.45606
-0.172868
0.0132259
-0.282367
-2.279
7.90401
9.25635
14.3209
-7.6186
10.2376
6.98104
0.124011
2.26623
-5.78719
-1.82005
2.98389
-10.0294
-6.75452
-8.09186
3.59023
7.63174
1.9457
8.64164
4.9515
0.797991
-0.247964
-2.65042
3.73694
-15.6004
5.48749
-8.99896
2.5946
3.24038
6.18991
-7.79899
1.30392
6.4445
-0.29662
-7.5749
-0.986596
4.30776
-4.75198
-1.93609
4.2093
1.77406
-4.15122
2.97675
-6.89565
14.0442
1.53047
11.275
8.90309
3.99824
1.00657
-2.55194
-10.6066
3.38231
-5.10049
1.78306
-8.79928
0.869675
7.92223
-1.81238
-4.67996
-3.41631
-1.8232
0.406008
-5.88445
4.28063
-5.45572
1.26279
-19.8395
3.65969
-5.87958
3.87331
-8.98267
-0.934208
6.33637
9.02829
4.05224
14.1761
-4.56423
2.85993
-2.89535
-2.22129
-5.93342
5.74232
2.61647
1.24308
-1.24438
-2.80946
-5.22911
2.82266
-12.6523
-9.67006
-9.6889
6.41009
-0.960324
2.24451
-2.23954
2.8341
-2.24401
4.01513
-3.41265
7.18107
-2.44541
4.48418
4.6856
4.53275
2.25019
5.47453
2.162
22.0178
-0.587421
-12.0151
21.4574
4.07323
13.5928
-4.71375
-7.12948
7.37424
-7.05625
2.46549
-1.76586
4.51515
2.49955
2.80855
4.12316
9.78977
-4.95097
-13.7794
10.3467
-1.83167
-9.81874
-4.13462
-14.4573
14.6782
7.42611
-7.76824
-9.66665
0.361302
-5.11393
4.61747
-15.199
-4.54972
4.2527
-4.73631
-0.750909
-6.33343
2.27488
7.15199
-6.35815
3.70366
-8.00264
-10.2169
-3.05889
-4.59633
0.438945
-0.201419
-5.3019
-5.63876
1.62209
-0.07051
0.919274
3.1404
-2.23349
-8.67608
-5.96483
-1.75135
9.03171
9.47853
3.35678
-5.65481
-7.76721
-2.1501
-4.79334
-6.6987
-3.07767
-4.16707
-12.8551
-3.76361
6.64296
-2.41757
-8.4207
-0.508607
7.08165
-0.844332
-9.29219
5.37519
8.75973
13.3122
-8.70709
-8.7113
5.60774
-5.43357
-10.2821
8.0405
-2.06819
14.1922
1.12423
5.04858
1.07988
7.8916
9.00051
9.99652
-1.22816
6.89019
-12.7147
5.01765
-1.83673
-7.26437
6.30621
4.725
1.7271
4.08888
-7.53087
10.5157
0.677594
16.645
-0.407928
17.751
3.4718
3.05429
13.9879
-7.01462
5.44515
-3.88038
2.47328
12.8419
-0.111272
5.35514
16.2512
7.8091
-5.862
-0.80355
0.72816
4.51265
-6.5945
2.3379
10.4761
9.86564
2.56977
-10.6206
-4.58678
-4.76846
-3.34134
-4.8944
4.6584
7.07438
-5.62362
0.496313
7.26677
7.8761
-4.93402
5.76375
-4.09778
5.58828
-3.36921
-8.04702
14.4499
4.91158
9.80673
-12.814
18.092
-2.67309
-3.0993
-0.797733
-2.98568
11.211
7.50524
7.24958
-8.46084
-4.1607
5.93878
18.9306
9.53964
-3.04129
4.66882
0.671846
7.71782
-4.10213
2.68127
-0.780087
-4.85492
6.29449
-1.64179
-1.9358
-2.86971
3.8129
3.95488
-3.91254
-5.79481
1.32704
6.72839
9.99451
8.53052
-10.0484
11.366
6.93775
4.98011
5.16536
8.50904
-8.00515
9.35293
6.76196
-5.97027
2.33567
5.18428
-6.41646
2.50429
5.39772
4.5365
0.763118
8.59633
-12.3138
-11.3671
-3.97899
-4.32048
6.70508
7.34799
11.2185
4.54094
-3.40016
5.09081
-7.33733
-8.8275
-4.12745
2.46657
-5.18688
-5.28453
-4.19183
-13.9856
-5.03712
7.2575
-2.18391
0.599063
3.39221
-11.5932
-1.73371
2.09416
-0.796108
0.40634
2.71221
6.62854
-6.34572
-1.07631
3.51555
-7.84903
-12.5002
-0.159511
-6.76723
7.88779
0.000447186
13.1501
3.74075
0.946532
4.69648
8.98944
0.993488
-3.72882
17.0499
0.15211
-1.95212
3.37688
-24.8795
-2.02005
7.50069
-2.35471
1.77747
-1.47644
-8.36327
2.98558
-7.58178
-8.69414
4.62334
-2.33763
-0.353592
-0.972162
8.76554
2.22865
8.20678
-3.26108
-19.1355
0.242001
-5.19979
0.910332
11.2162
1.49598
4.90001
5.35702
1.19187
1.53486
3.88746
-2.33404
7.49849
-0.085942
-17.2585
9.69903
1.87404
-2.86825
-5.98375
11.127
0.605904
-5.71249
4.23974
7.50518
2.03916
-1.9241
5.3616
3.69908
16.7302
7.13197
1.29134
10.5666
-0.41568
4.04617
-1.66725
-9.37552
1.41579
0.289724
9.49956
5.32423
7.10835
-4.86993
0.474597
5.96153
-2.9695
8.32387
5.89453
-5.82317
3.2848
0.0144878
5.61858
-3.9044
14.7766
-13.1855
-0.450504
-17.5314
-5.78193
-7.08946
3.97577
12.2682
-3.71393
-15.2111
1.29936
-1.19659
7.4968
-1.00204
1.57665
3.6041
-6.41121
12.0578
-4.8632
6.44166
1.28876
-1.3607
3.76422
13.1019
0.998569
6.1032
-5.17253
-10.0727
-10.2144
11.4442
1.7435
7.68999
-9.08423
0.332524
-0.95369
13.0654
1.86069
-2.44967
0.49369
-0.704735
-4.30443
-9.39312
2.94205
7.39496
-19.6725
2.26957
7.04321
7.78853
10.58
-2.2878
-5.07409
-4.9096
13.4467
-3.72366
9.76328
10.919
-7.94495
-11.5801
15.7165
-0.859097
8.44595
5.70663
-12.9328
15.7932
-10.1766
6.2569
3.78144
-0.890542
0.238185
17.862
5.82685
-0.594074
-0.0477901
-4.21204
0.323773
2.51064
10.3207
4.68062
4.24091
13.8239
12.2441
4.72365
-3.44034
-3.12732
-7.62399
-1.19608
14.0283
9.02862
4.99717
-13.6202
-3.49964
8.88889
3.90518
-3.15023
6.65397
3.4105
-1.12874
-6.02961
-12.8471
2.06438
-4.94769
-0.979735
3.53684
3.60438
2.40716
0.201966
-2.99323
-11.6601
-4.49623
0.097582
-1.02073
-2.31441
3.31348
4.45052
3.24434
-7.87556
17.5283
-3.47682
0.228005
5.08131
14.7436
-1.45073
-15.429
-9.45074
-12.9072
1.8028
6.96338
5.02729
10.4002
-2.46105
8.2028
-6.23438
-1.81367
-0.778463
-8.26123
-1.67075
3.79266
1.65969
-8.89973
4.73801
1.31872
1.93977
5.49018
5.08126
2.99194
17.4098
9.82592
8.85999
17.2555
-0.24565
9.52576
-11.5454
6.2422
-2.8105
2.67127
-3.09776
2.03381
0.614084
3.79313
-8.82217
-21.4613
-5.25627
-3.17783
-6.9968
-2.68212
11.0113
-8.2073
0.874099
-2.49121
-14.3945
-12.4075
3.15791
2.06475
-5.11693
-10.5719
7.60591
0.978748
-4.13867
2.48576
2.7465
-7.23277
4.36035
3.23024
12.955
0.805427
11.821
6.13353
4.98285
-1.29401
-12.088
-4.93787
1.23509
7.82472
-12.8713
6.14922
-10.6457
5.6819
-3.53646
-19.2518
11.2508
-2.09048
8.5595
-6.62222
-14.7368
11.5393
6.30671
5.30063
4.58505
-9.17106
7.60033
-8.69937
-1.3728
-15.9099
-1.23176
3.04121
5.96016
-11.2386
7.62571
-11.2442
11.8988
-5.80925
13.1145
2.83374
-9.98319
0.256667
-1.02972
0.0852615
-1.51839
11.5018
2.36367
-4.21596
15.957
2.87977
10.7564
-2.60456
4.59105
-1.76724
4.86519
15.0442
4.28611
-0.655437
7.20081
-11.5086
-23.607
5.60537
14.0327
0.978547
-2.3551
2.7897
8.3926
7.49345
12.9045
7.01568
-1.80839
3.24025
7.53799
2.91776
0.0650436
-9.69121
-2.15423
-9.72597
6.86823
2.96864
8.02516
6.7287
-19.3725
5.3598
2.75808
1.85751
1.07874
14.7203
12.3736
2.90834
7.25983
11.2214
-4.14279
-2.56414
2.2264
-0.407261
-9.94237
-7.54741
-4.47209
-12.9394
6.21794
-0.439264
5.74654
0.227334
-8.17869
-5.9408
-5.44753
-7.13248
2.94445
10.3847
2.94798
4.85421
-0.453307
0.492005
-6.85247
-6.48659
1.4562
-8.06205
-2.49645
-0.0478045
-6.60734
-2.47541
0.669614
7.49146
1.06809
-11.7024
0.598838
-1.29726
9.6313
13.7435
3.31352
-0.0948863
11.8695
-3.84844
10.1888
10.199
7.53944
-2.4195
-3.56107
-6.01255
-0.729044
14.4037
4.59128
2.45174
-4.1246
-8.9149
2.02433
10.0865
-12.9545
4.20391
0.230892
-5.43201
4.17289
8.13803
-2.9583
-6.79243
-14.107
5.49938
9.73358
-2.24884
-19.5456
13.3498
-2.86736
4.66254
10.2906
-12.307
4.52176
-6.31056
1.73888
9.12471
-1.735
-2.56422
-9.46807
-11.7913
-12.2326
-2.99586
5.74621
8.57686
0.244665
2.76146
4.92843
1.80154
-17.0784
4.17009
-0.847217
0.679453
0.29752
-4.66508
-4.17363
-1.5417
-10.4112
-3.41332
6.12963
2.74289
17.1466
-17.4078
9.59955
-6.35811
-9.45829
-6.04386
-1.41027
-7.28607
-1.02207
14.0481
2.99282
13.384
0.773711
-1.83817
2.06494
-17.9424
2.76369
-2.61639
12.6415
-9.7571
8.84975
-1.09249
0.0728117
1.93606
3.77139
-3.7963
-7.95821
-9.59458
7.16418
-9.79769
16.6062
-2.86654
-11.8144
-1.74282
-0.570297
-3.03769
2.29485
19.4375
2.97691
-2.25959
2.24725
7.58763
2.84751
9.14891
13.5854
16.1391
-1.51737
-5.00748
-4.83522
4.94375
5.33364
-6.32886
-4.33827
2.77762
5.95252
5.85763
8.59484
7.20275
6.49264
2.72821
-10.0372
-5.12616
6.17167
-6.30528
-12.9391
12.9182
0.501816
-0.435814
-11.238
1.12834
-6.98915
5.09629
2.94457
-7.57939
-3.73556
-6.51309
5.45098
-4.37831
7.3144
-1.4919
2.01981
2.28335
5.40404
2.97844
1.67986
-0.366857
-0.542817
4.86339
1.69551
-3.60316
5.64294
2.06809
11.3973
0.371554
-2.51139
-0.736746
4.85823
-7.157
9.71792
-1.30225
-4.67368
-1.95872
9.17748
-3.07492
5.67296
8.14059
-1.49296
-2.18588
0.735344
18.0096
-3.29958
5.03671
-0.307829
10.487
8.68482
-11.5105
0.407882
-10.136
-9.01513
10.9251
3.55116
1.66939
-3.76858
0.815374
11.985
-4.50516
2.30625
12.3205
-2.03035
-9.37529
-0.687433
12.0499
0.504396
11.0508
-10.2142
2.16765
11.6603
4.30482
4.58734
-0.553646
1.76747
19.1689
-1.78193
-7.22716
-13.1512
-4.04834
1.14479
-3.36055
-3.31985
-9.25423
11.6628
-5.93119
4.86683
-0.309196
4.20062
3.02399
-13.6883
-5.44526
-2.78719
4.51594
3.10769
7.39449
6.89492
-6.78742
8.15182
-1.65878
3.68772
-1.99656
0.978742
-9.38257
6.22649
1.77892
-3.74559
-1.7
-3.12795
1.78448
18.2065
13.5062
-5.56413
-6.95332
-2.62273
-1.80661
4.60021
-1.74562
12.1556
-2.9862
-14.6862
-2.89078
-1.89253
0.290066
-0.127829
-2.68881
-6.37599
3.79756
-6.13611
4.19127
1.30346
2.6399
-5.23089
1.33705
-4.26372
-2.35105
-5.20893
-0.395327
8.23047
-1.72567
1.62116
-5.68546
8.12128
9.38835
6.47934
-1.16365
2.89232
-9.16063
4.07899
13.7895
6.12943
2.99459
6.07236
-1.72165
-6.57526
-3.42271
7.22453
7.27579
4.83383
-1.37255
5.49845
-13.4923
4.2533
3.59365
1.98031
6.75893
12.5257
-6.20046
8.86598
16.391
0.560245
4.75212
12.9722
-1.89391
-5.26835
-5.45689
0.494363
-3.76485
11.1822
-1.26076
-6.22548
-7.96957
-13.1514
1.10979
4.10142
-1.53409
1.40966
-7.45229
6.92401
7.87355
-0.135161
-3.79673
-0.962267
9.1699
1.86853
9.17968
4.05118
9.07951
-5.60098
9.55948
-0.535614
6.27524
1.4121
2.86352
-3.02859
-0.699777
0.937445
-5.75512
-1.54475
13.0362
-2.1687
-11.4279
4.22487
3.12127
-2.59952
4.53473
-8.50367
2.05441
18.2105
-7.15836
0.664008
-1.22899
-14.9251
1.33235
-10.2374
-3.4236
-4.17752
-2.8228
14.8428
15.3082
3.37457
9.23039
3.24856
0.279444
15.0126
8.1297
11.1304
3.36433
-0.843339
10.8483
3.66806
3.98861
3.53972
1.28048
11.5852
7.92616
1.14015
2.23631
15.9836
-3.4877
-8.70014
-5.5964
14.5377
9.87997
-0.168626
-8.2615
4.84432
-4.16667
11.4449
5.81713
-3.01873
-9.12401
14.0143
-3.42632
-0.671992
-4.9826
-1.42119
4.44034
6.70134
9.63744
2.09645
4.48288
-3.44895
1.41093
15.2447
3.30394
-0.849183
3.9708
1.42777
-5.09844
4.09127
-8.13915
4.07612
5.92029
-11.1272
-9.68933
4.1826
-3.19241
-3.42844
-1.02089
-1.26541
2.24354
-2.94186
-0.812943
5.20774
-5.31156
-12.4679
-1.98713
11.6858
6.94426
7.40465
-16.6695
-2.2538
8.11252
-3.34332
3.37948
-5.31312
1.77247
11.8912
6.4601
-0.98763
10.0772
-3.74348
7.13622
2.30097
1.26923
-8.96843
-3.10679
6.23671
-11.4143
-15.4317
12.7033
-6.54086
7.68227
7.82982
-1.50407
-13.1998
10.769
8.05134
-0.47075
-3.56734
12.8512
6.02606
5.71805
3.04685
3.10069
-10.5247
-4.73226
-6.70672
-2.87611
11.2489
-1.88945
0.878932
0.757103
-11.7985
-9.89769
-6.46304
3.83175
0.0319341
2.79228
2.2495
5.84316
1.45236
1.77153
-17.6965
-2.99562
-1.68598
3.4384
-1.80457
-1.93436
-0.755927
7.40449
4.89809
-11.6869
3.33862
-0.69713
-1.77055
-5.03839
-0.456199
-2.11715
-16.6265
6.16995
2.20813
8.41818
6.38267
-8.36239
-1.64044
-3.81592
-8.71392
-6.17283
0.97977
-14.9501
-12.9401
5.94949
5.59245
-3.95964
13.4727
-2.48976
3.43525
16.0187
-0.994715
-13.8906
6.52145
-4.85785
9.65787
12.8012
1.14227
13.7589
4.73644
0.71956
16.3396
3.47417
-3.73142
1.57342
1.26694
1.5003
-3.5511
2.40297
5.54431
1.57719
7.3029
7.42368
-7.32339
-2.79961
-2.18592
-6.04619
9.62856
-4.72907
-5.33573
-3.74884
-4.37506
-4.65904
2.53469
16.5692
-2.01116
16.8119
-3.40079
-4.96071
11.9094
7.78481
7.13745
0.271713
4.80564
2.97478
1.766
-1.07972
7.77215
-4.24026
-0.167257
-8.3104
-7.63587
2.35407
-1.71537
-1.8391
-8.7104
5.3785
1.50615
2.80297
1.54051
4.57583
1.98064
-12.2239
0.407115
11.4454
2.32889
3.33593
-2.06592
-12.1886
2.99002
5.05022
-0.713226
-5.33119
7.35418
0.292245
-6.78782
4.69082
8.1625
5.78726
3.5872
5.10752
6.19504
3.38127
2.37904
1.35344
0.941764
-1.01464
-9.58875
14.4162
-2.81567
-14.1302
7.12006
4.65487
9.68462
6.96304
5.22803
-8.33018
5.0988
5.05073
-0.526386
-1.12017
2.47145
3.62985
3.17451
-3.05861
-0.39431
12.6224
4.32271
7.1389
4.4865
-2.27537
-3.51057
-0.654944
-10.5533
-9.27794
-0.439112
-1.18355
15.8309
-4.70206
4.21649
-5.52385
-5.70917
6.01888
10.0429
1.21135
3.9798
3.02818
9.89476
-7.44156
6.47637
-4.72794
-11.3812
5.24838
-6.09215
9.19163
12.9965
-1.31467
-10.6456
-1.55884
12.4724
-7.74402
-2.4469
2.96051
8.08189
3.97621
-6.69819
-0.75621
13.0661
11.5757
5.41436
4.08948
2.13121
17.2098
-6.8305
2.15775
-8.84922
4.59749
-8.37585
3.74979
-8.68769
-0.570546
7.71169
-0.190958
2.68245
0.72003
8.99594
4.33303
-2.1374
5.07277
3.08051
4.50784
8.65773
0.534776
-6.54106
1.74319
11.2092
2.54088
-0.832309
-5.6151
3.42447
-10.5699
-2.01264
3.21165
-1.48121
-0.36879
1.23772
6.50829
5.19417
12.3117
-2.1563
1.74204
12.3557
1.7809
-5.98973
-1.16067
2.12142
7.61772
-9.20368
-3.75875
2.73076
19.0531
3.66656
15.4638
4.4274
4.92615
4.92763
11.7951
-3.0249
-0.706272
8.71027
0.535199
-2.72747
4.05595
5.44945
13.8577
0.537556
-4.85403
10.1947
-0.766548
-4.51352
-4.91955
-8.02557
7.56915
8.69241
-5.35996
-2.96494
2.79286
6.55974
6.58388
-5.1626
3.8254
0.510613
7.22607
1.75008
-0.650051
-4.33906
4.68171
-5.17634
-7.0151
-11.6736
-0.300931
5.86605
-4.19284
-2.49295
-10.9077
-11.6172
4.27616
-2.21021
11.541
8.21484
-6.22303
-0.907257
11.5826
-15.1417
4.4583
12.7929
-6.04029
4.13248
0.0621583
9.15564
-12.0116
10.4328
-0.507319
-5.67935
11.5516
3.77529
2.31262
4.40745
4.90948
6.10706
0.0482382
-1.70506
15.0851
15.6443
6.55811
-9.41848
7.76541
2.94853
13.1414
-1.49034
-5.43145
-2.14206
9.60303
-5.95622
-2.25339
7.78899
1.70724
-7.8886
-0.887831
-9.51824
18.3424
-0.882338
0.00989602
9.3988
-1.17576
1.15766
3.04506
-2.39354
7.57477
10.6298
1.698
-0.78376
-5.58947
6.2128
15.329
2.70966
-6.80671
10.5628
7.73682
-6.30866
2.36264
2.28367
2.07004
0.604466
6.23347
3.16142
-2.52078
0.395868
-8.94192
4.09404
10.584
2.79448
9.84578
6.3628
16.1787
-16.7434
3.31952
11.9645
-6.36755
14.5104
-2.60797
-8.74897
4.04066
-0.0639666
1.05676
3.21869
6.77617
-2.49506
4.97275
5.89488
7.90949
20.9563
2.72738
-1.22692
-2.52651
-14.2899
7.10471
7.48745
9.97352
8.44326
-1.35666
14.3904
-1.37301
11.3546
-0.942106
9.33116
-2.53248
12.1796
3.74446
9.16216
5.56445
-9.65961
8.53907
-12.8151
1.74463
0.501503
2.92127
2.80232
-5.64187
5.33265
-3.48479
0.966922
-4.33326
2.47058
-4.37372
-11.8005
-14.7647
-3.05254
0.601953
-0.41713
5.30594
10.133
5.13722
3.63407
-3.53667
-2.46789
6.30475
11.4885
4.65383
-6.01486
-6.20433
12.8435
-9.33074
-5.67429
11.6563
8.25515
0.336905
0.592215
-6.81623
2.31892
-23.0677
1.3467
10.9832
-6.99366
-5.05556
10.0688
-0.232613
-4.78357
14.754
1.10953
2.69215
-0.273629
1.52852
14.53
-6.60363
-2.69067
-1.54821
6.829
0.982431
-0.10308
0.882678
-6.88397
2.74393
4.1738
-14.8714
-2.15667
-2.69676
-10.5685
-6.25174
-8.0396
7.96436
-5.01491
-10.1167
-2.48214
4.36644
-4.91445
-2.26111
-4.49776
-2.28879
-3.89368
-4.23918
-1.85081
-6.25431
-3.49827
-1.55878
1.59613
-8.97874
7.75851
-3.92534
6.37979
5.68697
-4.29608
4.43852
-9.74497
7.37632
4.37753
2.88928
5.40464
-7.71349
1.62106
2.03104
-7.70831
-4.74602
8.3619
13.2776
-3.61771
12.2866
9.22577
-0.978932
11.6722
-6.54962
-4.04615
-8.85552
7.19326
2.25207
-5.10779
0.382833
4.1431
-5.23332
-5.56933
10.0281
-7.88295
-0.863606
-6.40701
-15.3301
18.45
1.31173
-8.49262
-0.472555
-6.0932
14.7305
13.8471
3.84572
-7.99524
-0.923987
-1.72061
15.5671
10.3336
-0.687597
6.43577
11.6601
-4.85584
-7.38007
9.56825
-6.85739
-5.01516
2.98061
0.300454
-1.41343
1.01544
-4.6301
11.8389
3.66124
-9.42983
-9.12837
8.33858
-0.880973
4.07884
-7.20564
2.97129
0.174843
10.9997
-0.101341
15.1613
-7.03006
2.92343
9.97136
6.2372
-8.33186
3.75795
0.42893
-1.03827
2.68812
1.91252
11.3603
-0.9744
-1.88798
10.2735
1.12518
-4.75414
-0.00518631
13.5981
1.67022
0.309211
10.2953
-14.2417
15.8502
-2.71482
6.87118
-3.64395
3.22665
-8.12083
2.24834
0.682988
3.84308
-5.85423
0.816248
-0.679418
5.01702
5.9512
0.147768
1.16745
-1.85445
3.92056
-5.94012
10.9117
2.89445
-4.9221
-20.7465
8.4647
11.4383
-0.785537
-5.2039
8.60258
5.013
2.03714
3.0239
-6.5694
7.10097
8.8036
9.4076
4.46155
-7.47173
13.2386
8.82197
5.35514
4.75105
6.40719
-8.34894
-1.12455
-12.0153
4.51624
-3.90584
4.69244
-0.443046
8.63402
-21.2593
-10.6117
-10.7815
-2.75827
-10.6848
-20.9282
7.12551
-9.42145
-1.944
3.63635
4.62478
8.22014
-1.70993
0.106564
-2.59485
-2.94455
-2.96347
-8.03718
10.5533
12.8973
-2.65477
-7.20136
3.30385
1.10182
-13.0876
3.93607
6.54691
1.7536
3.15666
7.75514
8.5919
6.38033
-5.17157
-1.77773
9.87193
6.8304
4.68257
-2.78811
-1.30784
-12.8236
0.640751
2.47512
-7.16914
4.45101
4.83972
1.59647
2.0354
-16.9424
10.2905
5.99727
2.53795
-16.6175
-4.88482
-11.5315
-2.86757
7.86936
4.76924
3.19026
-12.6575
0.706747
-10.113
-15.5254
5.78422
6.97216
-4.39942
-7.25785
-2.77639
-3.72948
-3.49892
-0.388518
0.301507
13.3535
-1.70657
3.56036
7.87032
4.23309
0.00889446
4.20195
-3.37184
-5.21307
0.334242
8.31413
9.0988
12.8076
10.4406
-5.12098
5.78955
-6.11314
2.56144
14.6919
-7.46561
16.6359
21.8415
10.118
-7.09922
5.86133
6.21412
-15.1537
-5.44426
5.91771
-6.6551
-0.221483
-5.20848
-11.9282
0.849667
-2.93052
0.0332865
-0.739444
-8.68285
9.2705
7.10146
-1.4564
1.09985
6.99258
9.25921
4.45344
-6.86737
7.23969
2.06408
3.67753
17.3783
-0.136473
-14.2721
-1.39493
-0.394209
1.19702
5.35961
2.69261
2.41949
5.90138
-1.72467
12.0973
6.837
-0.319387
11.3029
-0.639511
10.1141
8.8582
0.584364
9.46602
-9.86444
4.00188
0.0411713
-0.0177349
10.0392
-2.57784
-2.18799
-11.0617
-2.011
6.37994
-1.29911
-16.2737
1.80988
4.20197
1.21854
-6.30686
4.93197
0.247428
-0.0967201
-5.1233
-9.20023
16.2168
-8.45278
-4.44758
10.5426
8.00903
-8.3237
2.41052
3.79873
-7.62927
3.62678
9.06426
0.948816
8.52932
-2.73096
-8.82572
2.16042
3.56856
6.01642
-4.05017
5.96859
4.29709
6.43416
4.24026
-5.70576
-2.68527
-2.86369
1.0908
7.72355
9.87415
-15.2389
-6.04688
9.54384
5.76929
1.37612
-2.82915
-4.24336
-0.961805
-3.172
-0.692827
12.5293
6.82145
10.1575
8.79791
-1.86225
-7.20862
-5.00316
6.59541
-6.61846
9.05317
-0.367251
12.3327
0.847149
1.5249
-11.6312
7.08145
-4.92
-5.6954
4.91492
-0.75368
5.71795
-9.94266
1.50736
-2.95852
-17.8711
-6.12366
-5.13266
4.97929
7.86446
4.2753
5.03634
6.01428
-2.51985
2.68899
-7.6867
-3.62202
-3.85127
5.45481
1.13831
-12.6612
9.40377
0.297284
-2.94999
10.3325
1.48426
0.243122
1.12658
0.406511
-10.0876
-0.55616
-11.8412
3.42765
-4.1561
1.46912
-6.561
6.7158
9.31649
6.66207
-1.76654
-8.2456
-1.16314
7.62589
10.1491
-4.02256
-3.49699
-6.62339
-14.5936
3.13043
-12.1962
0.124832
-1.23908
-8.70569
0.292989
-6.57908
9.10873
-8.02662
9.63456
6.69709
-6.34581
-8.58571
-18.0332
1.29369
-9.36909
5.60602
0.955025
-2.80026
4.70354
7.80695
-0.214076
3.59869
-2.89974
2.47006
4.28879
0.692494
-6.786
0.718751
-10.0485
-7.05072
-6.20355
-11.3611
-6.43309
10.2426
0.503789
0.939795
-2.88182
-1.63668
-5.28687
9.02211
-5.72556
2.12297
7.60987
2.36651
4.62684
5.77705
-4.06921
1.55339
4.96412
-10.8063
10.7233
8.90119
7.72931
1.42664
9.11129
-8.30538
-9.37176
3.59823
-2.53681
-0.64931
1.20648
4.74471
-0.916989
1.74125
-1.73141
3.22692
-9.06432
-8.26257
-2.33804
5.02532
1.64795
-3.36422
6.74413
2.67162
-6.71093
-5.40087
4.6051
1.65429
-3.59909
-13.3461
-1.75587
-3.72761
9.35168
-7.48891
2.68666
5.42758
5.6779
-0.346882
-5.43209
-2.58607
11.0208
6.35327
-8.67213
4.67503
8.45316
-0.964598
-9.89249
-5.95192
1.43619
-10.3463
3.77499
2.73909
5.60164
-2.54045
11.0226
-4.43029
-5.35981
-1.16929
2.95875
12.4295
2.8368
-10.5966
2.91915
-9.858
-11.8566
-11.4336
14.3365
11.6289
-3.88697
-1.03378
0.845663
-6.02283
-3.8434
-11.0695
3.01918
10.2301
-9.84727
10.3359
-6.43801
-3.8133
7.97948
-3.02562
-4.91315
-3.77071
-7.41179
-2.72766
10.148
10.9243
10.7091
0.217726
-0.551982
-6.96244
3.5463
1.90713
-12.1099
-4.98112
-0.565779
-4.1193
1.2412
7.45988
-3.4069
3.23057
-0.655134
-0.127461
-3.61846
-0.804228
0.457787
9.69793
0.184175
-2.94368
-3.37887
-1.00026
-10.5119
1.51053
6.70536
1.7706
-0.735221
-16.1165
11.2771
1.76788
-4.18459
13.1406
-3.09515
10.7313
-3.26466
-2.28817
-8.30287
-4.71391
8.3349
-8.23653
8.79536
-13.856
7.87976
-1.17314
-11.8068
-5.71272
5.47761
6.05122
-15.0352
-7.77792
-9.79998
5.21962
6.10254
6.25163
1.76758
-0.653386
0.588037
-2.77978
11.9064
-0.373374
0.239045
4.50098
5.58561
12.2215
-3.21909
1.96919
5.30396
4.38569
-7.30415
8.96639
5.58682
9.88052
1.07409
1.24363
-4.32645
13.4824
5.26523
0.827848
4.75587
5.66936
2.21936
-6.16359
7.90145
8.26296
-0.922804
-4.00995
-8.17429
11.9538
14.6098
-6.01006
-2.39173
-3.56548
-2.13029
1.30624
-9.47516
-9.44337
-1.94262
0.0196575
-6.20535
13.5009
-6.86674
-3.23675
-4.12617
5.01064
-4.96624
-11.6431
3.03884
-0.611128
0.448853
-5.05567
14.506
0.856151
-4.55565
4.38484
5.78771
-14.2626
2.38473
1.76315
4.58734
3.33288
-0.292764
-13.2723
13.1909
7.22344
-10.3862
-3.16697
11.253
5.06675
6.03957
-9.80446
3.6636
1.61252
4.45837
-3.08977
7.42494
-15.1696
3.97565
12.9264
11.2539
-4.05983
8.50847
0.994138
-1.50104
-10.6809
-15.7345
1.93994
0.0326104
10.1522
2.5898
-12.8458
-11.15
-0.933821
-1.70678
-5.93826
15.2429
10.6122
-2.78244
6.0335
3.85141
2.04495
-1.21485
-1.67712
-9.72583
-5.5835
-5.82386
-3.4657
5.46527
7.79041
13.0446
2.65165
1.81427
-4.9545
-1.58191
4.00895
1.57468
-11.0272
-6.68223
0.185754
-3.57483
-5.35628
18.9366
-1.57833
3.87523
7.41429
6.50761
3.70647
7.20954
5.0176
10.8104
-1.5504
2.54992
6.68347
-9.14086
-9.59821
-1.88589
-13.7744
-0.428538
-14.1496
-6.77637
-1.53887
-4.77173
-8.43299
6.10726
8.81789
-12.3869
0.610224
8.11997
0.871259
-10.3657
-15.2998
0.965904
14.1414
3.9848
0.7135
3.86267
5.09788
2.13262
-3.48779
-0.81923
-16.5013
-6.22773
-4.66951
-5.98031
6.44001
2.85946
11.4315
-5.88591
-11.6306
-6.44062
-7.10998
10.593
-3.69714
-1.67612
-4.17766
-0.0519144
2.06303
-3.3114
-5.94219
6.24912
-8.21457
-15.714
-11.3213
0.847034
-6.51549
6.44634
-9.99242
-1.36927
-5.56518
3.19484
-4.16612
-2.24602
9.77722
-1.72951
7.29261
0.657442
3.45247
3.98139
-2.70623
5.72251
-11.7041
-6.12199
-10.4057
10.3282
3.93912
-10.9401
-2.5867
6.03445
12.5807
-5.8325
-5.7328
-1.14133
-6.47457
0.682718
1.16233
1.39829
0.0207927
3.32613
-6.19562
-1.29812
2.45701
2.03601
3.14105
9.30742
2.74816
-10.9712
2.51163
-7.46144
-17.2637
-2.21995
-12.3437
-7.38926
4.40987
-4.56562
-17.6739
-15.1192
8.21521
-11.8068
2.25389
6.85315
4.87548
-3.11574
3.69663
-0.692537
3.0934
-0.498704
7.28831
-3.64293
5.63251
-9.70779
6.29995
-8.20593
-5.22786
-10.1767
8.05457
5.07176
4.09113
-1.60105
17.4005
-5.22619
4.99237
3.65385
7.52261
0.991102
-6.54204
-3.77543
-1.88681
-15.2726
-0.605893
-10.8123
1.93233
3.53277
-3.28686
10.7074
1.29684
8.43456
10.6629
10.6738
6.74158
12.9399
7.69855
15.5082
-3.62226
8.08446
1.14834
-1.65389
9.67404
-1.68683
-5.20536
-4.37554
-4.78815
5.78764
-7.561
-4.94893
6.35007
7.42017
1.29674
8.45931
-5.88018
-0.816344
7.64765
7.42628
15.0542
-3.75908
12.5633
-7.31394
9.72384
-5.38744
-9.02855
10.9199
9.148
6.25561
-2.2053
3.31703
2.42912
1.34543
-5.96953
-14.0248
-0.693061
-13.1954
-6.05499
-19.1442
-2.55991
5.89506
-0.578538
-4.26572
-16.2468
-4.04535
12.9786
2.56231
-5.80422
2.34499
-3.88077
16.1273
2.17648
-2.88023
7.68238
-1.17155
-0.279464
-24.9578
-4.10371
-2.71392
-9.42827
2.88091
-11.7323
7.74429
-7.54212
6.51899
6.80476
-5.99111
-12.0958
12.2446
-9.75891
2.24706
3.31825
-7.01238
-0.395495
-7.30479
-3.27557
1.02973
-1.89678
-3.31172
-6.72701
4.78217
-3.68752
1.88685
14.0736
-3.78584
-10.2109
2.32661
-11.4076
-7.04688
-17.3398
1.81841
-6.6222
-2.23573
0.642495
-7.365
-1.28007
2.00603
-13.1486
-6.83924
-11.8528
-12.2117
10.2339
-2.44721
4.90436
-8.17487
-1.76285
5.7168
-3.12473
4.76754
-8.69754
3.50724
-0.543448
-3.15957
8.81302
0.484292
1.7251
-9.39502
1.33195
-7.87371
-5.17756
1.70956
5.27213
-10.2646
3.07975
7.29043
-12.2269
7.85726
6.28318
-12.8107
1.28231
6.07922
11.2029
-3.27721
12.0565
0.521948
-4.8518
1.33504
-0.199469
10.5798
-1.52585
1.62279
8.70473
-6.48244
12.8603
2.41291
-8.65616
7.07353
-0.300472
-7.80312
-6.02499
-9.07191
-0.271377
-19.5582
-15.9948
-5.64213
-3.75974
7.63824
-10.4939
-7.77748
-7.57604
-11.0222
-4.94272
-13.4328
2.4507
3.12399
3.88515
-5.25571
-3.4004
0.339435
2.63088
-0.738452
2.49729
-8.45151
1.8801
0.244721
0.0157512
16.231
-21.6559
7.52481
3.37248
5.14795
-5.18976
11.3916
-1.39424
-1.16862
4.7695
-2.13819
-9.20666
9.95704
1.50627
15.8644
-10.636
-1.68097
-3.01778
-1.11802
5.60332
12.0043
-5.15452
4.18452
10.2456
12.4361
0.847103
-3.17902
-10.8139
-14.9959
8.01105
0.59613
-8.28964
0.941715
3.91456
6.8523
0.592656
0.501152
-8.31401
-2.92766
-9.21932
-7.35661
-13.8402
0.657271
0.488278
6.86178
6.63557
-6.24737
-8.92591
-2.16152
9.94936
-2.675
1.71755
5.50615
-13.4207
2.11898
3.8608
7.47152
-5.24709
1.49041
6.13375
-3.73756
7.72127
-14.4934
-5.04518
3.06618
-10.2672
0.743618
-10.5848
1.00172
0.167599
-1.65459
-8.65107
-4.12273
-12.9708
10.331
2.91448
10.6087
5.63493
9.98355
4.23871
3.24872
-1.17831
17.8089
1.68942
2.22079
-15.4756
17.3101
15.4633
5.48735
-12.7552
2.95503
-1.97588
5.09973
-3.27019
-4.71378
0.820419
-10.3171
-21.1615
8.01041
14.2258
10.1
7.67959
-2.55741
8.07352
-15.2338
-0.218258
5.76699
-12.2593
-1.43798
11.1044
-10.1157
-8.84724
-12.9062
-9.41323
6.2684
-10.0991
3.58707
-0.148186
6.532
-1.56309
-7.3486
3.43518
7.03559
2.37625
6.18526
-2.24944
1.35241
-2.80371
5.17072
-5.15942
9.07713
1.01287
-6.16145
9.46476
-4.80251
3.535
11.3585
-0.274792
3.16972
-0.640898
16.0399
-5.36532
10.0815
-5.80345
-1.49127
-2.5401
2.54061
1.43364
-0.645809
3.14344
8.37919
8.72924
1.0266
-2.44757
2.68502
-5.19892
-1.45666
-4.2542
11.6314
9.67051
7.94632
13.3869
5.51692
4.9796
1.27362
1.09678
9.11437
-0.272253
-6.6596
1.52921
-4.85681
-1.62647
-1.30376
0.325009
2.80916
-1.08128
4.69285
-3.6701
7.88002
-6.82849
-7.10559
6.82609
-8.4488
2.39669
1.54245
5.26562
4.27141
13.4454
-0.891036
-0.596522
13.4773
8.19631
3.4027
3.90694
3.65538
6.46213
10.6457
-11.2312
0.334297
2.3124
6.41976
-6.88494
-2.41796
14.9416
-0.754326
0.687942
-5.0138
1.47289
10.799
9.46819
-2.83926
3.05326
8.63467
2.66125
11.7403
8.65048
8.92478
2.735
-2.75461
2.56246
7.03951
3.5142
0.77938
-4.82598
7.0943
8.2569
13.6781
7.14506
-9.45165
2.11556
-3.44035
-3.16852
-10.013
-8.75621
10.5825
5.20515
6.22276
-0.456271
11.0171
-1.13307
-0.631799
-9.09019
-5.84663
-0.498446
6.1512
13.4283
4.89432
-7.29536
8.55855
-15.0275
9.20839
11.1478
-5.97567
1.16153
-8.03245
6.48867
-0.902774
-0.16754
-4.01733
-7.84995
4.73669
1.26477
-5.11836
-3.00298
-7.00519
-0.565506
-1.07427
-2.10789
1.92871
0.285683
4.83667
3.15977
-2.19917
2.04916
10.9394
-1.70108
-6.47954
0.902422
-5.6279
5.35257
8.27747
-0.9331
-14.0846
2.80811
2.70368
0.16424
-0.855484
-8.33947
-9.81086
-0.184201
-6.89723
-7.83773
15.4147
6.97145
1.06062
-3.64398
9.32854
-7.21458
8.13204
2.91557
4.24554
6.33607
7.16228
-11.2097
11.4843
5.0045
-4.09726
5.7062
-5.10726
1.63794
12.1341
9.02168
6.52684
1.4972
8.74215
-10.9557
-2.9468
1.38672
-11.924
2.67201
-0.495686
1.98077
3.05988
1.06163
1.35228
1.63307
3.94922
8.90144
3.36114
1.16199
-12.7027
-9.57341
-0.563248
-1.53845
-6.49688
17.7773
6.2278
-4.96259
-2.51488
-15.2636
-2.39208
-0.169963
13.3404
11.5321
-19.3637
8.83247
-4.93186
0.137969
4.56477
0.331262
-2.07955
4.75241
-0.820648
-3.24939
3.26146
-12.1872
-8.54452
2.92552
11.7477
0.788078
2.54418
0.0851712
1.01786
13.0447
-3.96725
-3.05257
8.80496
7.27386
3.75895
13.3415
-14.2497
7.26018
5.50002
-3.24093
2.64482
12.6251
4.75533
6.0528
3.91099
-2.72915
9.89963
2.21711
8.3127
2.30088
10.7313
-11.8392
7.16794
-3.90441
-1.11731
7.42238
0.898485
3.30027
0.344697
-2.98985
0.0868461
2.94341
8.10038
-7.35393
4.51586
-10.2262
9.52522
5.75279
-4.68048
-3.72748
-9.9727
7.68676
5.07714
10.8913
7.26894
10.9465
14.8842
4.3742
-2.14622
7.34821
-7.33043
11.4288
6.366
7.16088
3.36183
8.60694
1.49514
11.1566
11.3956
-4.28813
-3.10968
-2.73611
6.63762
-13.314
-4.60178
14.6028
9.88307
7.15748
8.13475
-9.09957
1.13691
0.841465
15.4423
4.03569
-3.29628
2.54272
13.6174
7.11742
5.3018
4.72029
-1.82262
1.28886
-9.73677
9.78741
-3.03126
6.35723
-0.864738
-0.430416
-8.53107
1.9795
-9.20388
-8.84268
8.57557
-3.78542
4.68879
-6.62392
6.52235
-5.70468
9.85351
8.02427
13.4563
-4.89818
-9.30209
6.68315
-1.9699
-3.76984
-0.580494
-3.68156
-1.69455
-5.87848
-3.55501
-2.15289
-1.11234
1.61544
6.92802
5.85535
7.25049
8.79281
5.3597
1.58458
6.92688
4.7519
3.54578
1.07638
7.58049
-0.121967
-3.11209
1.6619
-4.09624
1.76046
2.61368
-2.6239
-1.37689
3.84841
-2.05579
-13.4715
13.9899
9.78472
-2.41987
-0.13774
14.4523
12.2865
-3.7285
6.71179
-13.2638
7.23726
4.02253
-1.30905
14.7853
8.86069
9.53722
3.39196
-9.60805
6.57132
-12.6222
9.13662
-6.32133
-9.91331
4.76698
-11.2823
5.18636
3.65101
7.45696
1.15356
2.13184
-5.14655
9.20232
5.71066
2.15065
12.2799
11.0214
2.31999
5.583
-5.93608
11.408
-8.23957
-6.11895
7.73957
6.98445
-6.95839
-7.05451
-5.64678
7.96706
0.311496
3.50306
9.77186
1.90304
-0.0271199
3.98295
8.75904
-9.66109
1.73128
2.24511
-1.42447
-2.0595
16.6242
4.38685
-14.3186
-11.8797
9.91797
0.743968
-8.60467
2.27413
-18.9017
8.52601
-4.03874
2.98243
-6.60235
3.79215
-0.196924
10.3726
4.87706
8.44402
2.53201
-6.38104
-5.82161
-1.84107
9.32475
-13.7335
-7.89558
1.05188
-4.47917
-7.83532
-19.5434
0.198086
2.28816
0.355921
-1.95731
9.14779
-13.8481
10.3192
7.21096
-3.49667
-10.174
-1.35884
-8.22657
3.38488
-5.27825
4.10344
11.684
1.73643
9.09859
-1.22827
11.9146
14.6815
-1.1678
5.9147
-1.25343
1.4741
0.169901
9.85348
-4.5896
-2.96123
-5.64259
6.13771
-11.0214
23.1307
3.22727
0.487243
-5.84863
-10.8058
-0.473299
3.93657
-11.7485
-12.1449
-1.14204
-8.89772
1.66493
-1.21619
10.8494
-9.70841
-1.62686
-2.20073
-2.74109
6.91195
-11.2503
-1.6971
6.96155
1.7107
0.290518
0.762267
-8.65643
-6.15918
-3.36506
-12.09
-6.54999
6.60565
11.8667
-6.85695
-4.51787
-9.91454
1.50159
10.7158
-5.26522
3.66366
6.09631
8.52544
-8.08312
-5.51168
-3.17839
-2.205
-12.4891
8.25372
9.79827
-10.3001
3.35245
3.27592
0.639889
8.82622
-10.0223
-1.63491
2.17929
-3.28715
-10.6798
-15.9451
19.7727
0.68032
3.15446
4.65193
6.42153
-2.06749
2.93786
-2.11961
5.29121
4.1346
8.49567
4.70991
6.69288
7.32715
6.60646
-14.5027
-2.40105
8.13823
5.78665
3.33503
-0.994226
10.229
-6.85667
7.42219
-2.86378
6.95055
1.24652
2.21745
3.46356
-8.63423
-2.31291
9.22835
5.33414
-6.33599
-4.02038
6.37763
2.02756
-7.67064
14.088
-0.351745
0.28554
-4.47686
-1.00087
15.4622
-2.65737
-3.43195
4.02514
-6.21565
10.9922
-7.87967
-7.05587
3.61814
0.203658
-1.15649
-7.41252
-5.50354
3.62781
-12.9179
12.1572
-9.23968
3.51707
3.00005
-9.29719
14.1513
7.25809
-1.03393
4.1112
11.3995
-0.19647
8.50139
8.22245
13.1183
-4.35635
-5.94049
9.32319
-2.76218
5.8596
0.0439435
12.2489
12.7653
-0.697787
1.06275
-4.45587
9.39002
11.4124
1.35275
-2.40517
5.2218
-12.76
1.65003
-10.3932
-4.90518
1.66956
-1.82217
-12.5196
-1.43898
-3.65071
-1.68264
1.89711
3.44892
-15.7915
9.72661
-2.30626
-7.06978
17.6987
-0.139334
-6.33157
-14.0008
-4.01173
10.8003
-2.41071
1.99155
6.59007
4.76284
-12.7112
-4.63545
0.963267
5.99916
9.43595
4.73153
0.124154
-2.76838
18.3398
-0.331379
2.57067
-12.0952
-8.9212
-5.95748
5.74706
10.0254
15.1022
5.31619
6.17186
2.41731
-5.30812
5.57689
6.7403
-0.217358
2.2633
14.0263
-7.48234
-8.43228
-6.67021
6.24154
-0.179958
-5.9836
-5.69429
-0.251159
4.6891
10.497
-1.66008
-0.648432
-9.17816
8.67554
7.12406
-11.9689
13.6363
1.60898
8.58023
0.904338
6.83831
6.81288
-6.29966
10.2897
3.25948
-7.97425
8.70395
6.41718
4.28481
7.0847
-1.84998
6.81861
-3.29776
-5.61756
9.45517
2.15569
2.0892
0.271463
-0.219674
-11.3934
3.04903
-8.92227
-5.3524
-3.17439
-11.228
-2.8051
1.95991
-0.210706
0.568389
-8.11118
-0.319209
5.82385
-2.20392
-6.73731
-5.88178
-4.94504
-0.460814
3.44834
1.78942
3.96453
-3.30192
2.82692
9.67329
0.858519
3.94754
0.310157
-4.33552
-5.97404
11.4115
24.3396
12.2046
3.03167
5.9492
2.21607
5.77462
1.99301
4.43442
-10.7652
8.9175
7.13814
-3.95692
3.42347
-0.290969
7.10599
-2.86749
-6.29014
-8.1015
0.835824
-8.6044
-4.18194
8.46695
-4.99898
7.74598
3.32243
6.11725
11.4103
4.67149
3.74408
-3.76043
3.80457
9.77556
-15.853
6.23738
2.74569
12.241
1.9672
11.9835
-10.0235
4.98001
9.86623
6.40149
7.12331
9.26945
-2.35235
-12.8293
5.02492
8.55931
5.29037
18.1388
8.65071
3.54123
8.24726
-1.15476
1.35085
10.9381
-11.3772
5.62073
-1.25081
5.01264
-11.0762
-9.85197
3.90568
-4.34003
-9.30914
7.42645
-10.2942
3.63539
1.71414
-13.2546
7.88357
-0.0821252
9.73353
-3.14245
-2.41495
6.31086
-6.21861
-7.22267
3.69683
5.30149
5.18215
8.42449
3.60629
-4.08288
-0.243445
-5.35889
10.9499
8.13798
5.25245
9.93469
-9.18621
0.306341
1.38924
-1.38067
8.8114
16.4153
-0.219569
3.8601
6.97786
5.22838
5.21298
-6.25746
-6.43502
8.02932
-5.89968
-1.32126
-6.46051
5.20826
10.9746
0.823853
-4.04968
3.3914
5.70672
12.8181
-3.71057
-14.0711
2.18501
-4.38643
7.12235
15.9727
-5.39978
3.46767
-3.53222
13.405
-3.53187
-1.07786
8.62957
8.68376
9.89803
6.0576
9.3122
9.002
-1.79879
13.9216
5.61834
4.72526
-1.67105
2.26893
6.7511
5.60232
1.51791
-2.99559
-4.4622
1.85669
-8.71343
2.15174
2.98921
0.828715
-21.3127
-7.89222
2.5262
-5.9966
-3.76969
5.11538
-0.494914
-0.906433
10.4028
6.63583
3.31641
4.7644
2.96071
-8.01079
6.78083
25.8521
-16.4065
3.25294
4.53463
0.51145
-1.96923
-5.78033
7.57088
-2.0591
-3.20132
0.694815
-5.01202
3.1661
-3.02151
-1.3007
6.20099
11.9815
6.44308
9.89223
2.45326
6.94836
7.26914
0.25073
5.86749
16.4902
10.5984
14.3822
-7.15766
4.41372
10.14
-2.70928
1.91451
-5.8098
4.29971
10.2713
-1.03632
5.40205
-10.9453
7.40735
-0.40166
8.73843
5.51473
-4.13752
5.46227
2.2689
2.18193
1.97231
-0.201309
4.14864
11.8642
-1.34116
-4.72008
0.568027
-12.3753
4.03707
17.3933
4.28002
3.55318
13.9552
9.316
5.7034
0.642466
-3.52474
-18.2894
1.76161
3.79445
5.54979
3.37277
0.177451
-4.78246
2.43027
4.70582
3.29308
12.0789
-12.1236
2.1676
-1.01486
3.86206
14.2851
-7.20181
-5.36321
-1.538
-5.21869
-1.88753
11.0186
3.2133
0.384574
-14.9206
3.84974
-0.438127
4.2996
-22.9711
-11.5685
8.261
1.443
6.50961
6.07602
8.29474
6.12044
-1.14806
1.47343
-1.5732
4.78955
-1.47829
9.8115
-0.659036
-5.4026
-3.23829
-1.30526
-5.56653
-11.9633
5.36793
6.64774
10.6312
7.2628
4.34443
-9.98681
-1.49065
-12.3291
12.1208
3.09579
9.6883
4.46957
-7.8274
7.07747
12.5915
3.13656
6.44494
-8.71585
-6.31402
-11.0982
-13.4685
-6.33918
-1.56861
-3.45825
3.9757
1.12136
10.2521
-10.1538
3.48858
-9.22251
-0.0344153
-8.71317
7.32751
3.75387
7.60347
-8.43099
1.80879
-8.09947
6.86527
5.71687
1.79488
-7.88064
9.93874
2.25324
3.27945
-5.52106
-2.19781
6.84455
2.08848
5.79162
12.9721
-5.89879
-7.1396
-3.59873
-5.48181
-17.6316
3.85553
4.89695
-6.53614
5.13083
-6.29993
-14.8363
7.75066
13.9852
2.01376
-10.2313
-8.01871
10.0299
9.47513
0.169093
11.3583
2.91437
2.55594
-10.7344
10.9954
4.48154
-13.7962
-13.4401
12.0985
-3.19722
-10.1424
-30.1315
9.60082
-1.27628
7.67196
11.2017
7.02505
2.18621
6.73564
-9.0683
-0.227686
-2.09786
1.53526
-2.69301
20.3768
6.66135
5.16905
-19.4823
4.40948
-3.46342
11.9135
-3.468
-5.1091
9.38885
1.2499
-4.74439
-3.76155
9.45453
-2.34752
-0.151368
4.65865
-6.52297
-10.7437
2.49013
-5.4877
3.47181
5.70175
4.61722
12.5178
1.28609
-2.28458
-3.20969
8.36553
2.07861
3.51607
7.94445
-0.497887
-2.90653
5.43809
-2.69702
6.13892
7.4263
1.04512
7.38749
-0.857808
-1.46858
2.35963
-5.63348
7.82505
1.49516
9.72376
5.94416
2.28416
0.125944
3.3902
9.78633
4.10785
5.1665
6.79629
13.3295
17.6548
10.3235
4.641
4.14395
11.3585
5.22781
-5.28644
-5.67343
1.67833
-11.9774
-2.70891
12.4641
2.82975
11.8998
12.4341
-8.83277
-3.99247
-5.02253
-7.71023
-5.5481
-11.117
5.44364
-4.25533
-10.9929
3.36549
-9.32382
-1.16403
-3.9874
-9.68549
-2.46271
-3.87445
0.553031
7.77079
-5.06075
-4.47383
1.32854
-4.53914
-2.37593
6.29929
-5.98039
-0.404829
-1.4992
9.1985
-9.68035
12.2532
2.13936
7.44167
1.56946
-9.9603
-9.83307
6.88254
0.5895
-1.44379
-0.280571
-17.1563
6.94686
6.29933
1.05157
1.85222
-9.34986
10.3959
-8.66392
-3.57655
-14.7399
-11.7502
-10.0262
0.644705
2.3458
-0.00941825
-2.78026
-21.7054
-3.28705
-1.66087
4.1191
-1.16731
-1.54015
11.7436
-2.27965
4.31243
-0.936486
-15.5098
13.758
4.58837
-4.09518
19.1214
-9.92682
6.60165
-12.8412
-17.705
-8.79277
0.592582
6.96447
7.76115
-1.10887
-1.00886
9.64401
-1.41346
10.625
6.71434
6.9994
2.87972
4.07378
1.57433
-5.62853
0.732695
-10.287
-5.72542
0.222447
-1.11399
4.44006
9.37808
-0.165168
-0.60096
-2.57807
-5.07303
-7.2766
-8.55353
-4.51693
3.27529
1.86486
-8.42573
-4.0622
5.49661
-10.7919
13.2062
5.13328
-0.106129
4.40449
2.60983
-13.3563
17.1924
-10.6592
-11.2782
-6.81353
-0.48155
-10.8079
-7.05267
0.700156
-4.63237
4.95223
12.8737
13.0157
7.85363
-2.21878
5.74713
5.8176
2.54111
0.870685
-0.0743156
-0.571061
2.87574
-9.09765
2.76055
4.27875
7.34484
5.45171
-5.49548
7.09058
3.32995
1.0825
0.0182132
-1.10185
18.6142
-3.44715
-10.2381
10.6203
-0.801944
-5.48253
1.57336
-0.0562744
1.62425
2.93145
-9.01922
7.00611
-7.61578
-0.633044
-3.0225
-10.7317
4.52136
6.78557
-6.84249
-1.24906
5.17979
1.5453
-0.117638
5.02986
-1.15399
7.96446
-11.2665
-6.57878
6.44559
1.37863
0.509625
3.49113
-14.528
-1.03206
-3.27152
-4.80487
6.75761
-8.07656
0.921556
6.0387
-2.90102
-2.52608
-5.38043
10.1632
-5.90739
1.45339
9.80427
-5.09445
-8.25128
1.06214
-3.26603
-7.57117
9.40142
1.15017
-14.9456
-0.342621
5.95919
-5.08022
-1.93948
-7.65152
-4.81638
7.74008
-7.88774
-18.6109
-2.40977
12.2568
5.41291
-1.93758
5.66582
-8.09723
17.1721
4.91824
5.12359
0.447903
-20.6161
9.2611
-22.8423
10.2765
1.7796
10.1865
-13.6644
-17.8632
8.85012
4.76552
0.441674
-9.3986
11.9769
-3.72576
5.50894
-1.75563
6.79076
6.95795
11.6965
10.6396
9.12448
-1.79995
-5.33758
-3.88047
5.21889
-4.7315
5.08884
-2.1374
3.81458
-9.31244
7.8463
3.92995
-5.85272
-1.12002
1.75024
-2.08918
0.540509
0.641253
-4.58704
-0.940557
0.378932
4.37807
-6.76205
2.08453
1.55406
-2.45807
13.9134
6.15591
2.93075
-0.696831
15.4079
-1.76306
4.85034
16.4259
14.9851
12.2985
-4.0196
2.28705
0.0812873
3.63549
7.03471
16.9315
1.13834
6.99247
-0.616682
0.448728
-5.39844
5.91291
8.73882
2.67407
2.81603
4.54231
7.60658
2.40752
0.977522
-1.90583
8.35549
-1.96046
-2.91938
7.33296
5.43175
-8.62999
13.9155
3.67467
-1.68824
-4.86783
-2.54279
-7.25603
-1.25315
-9.05016
4.82974
5.78753
-0.151556
-5.80374
-5.06609
-1.28245
-4.67178
0.357616
4.15815
-0.871087
-6.73532
8.19417
6.45185
10.0773
-1.70115
8.38652
6.32341
4.11559
-2.13711
0.484357
-9.73269
6.13149
3.56304
-9.82691
6.90358
8.62725
-5.59794
-3.42426
1.29951
4.18028
-3.59406
-0.0281754
1.49385
-5.47471
2.58053
-13.1046
-4.477
6.44253
-9.80669
-1.12135
7.05808
-4.05875
-12.376
3.01617
10.2524
9.20212
-7.07422
6.83313
-6.77501
-10.0468
-5.88451
8.24018
1.58116
-3.55031
1.17994
-1.66282
15.0475
-3.51053
3.08863
10.2167
3.88009
5.83758
2.29468
1.14516
7.18571
-0.188367
12.6469
7.6016
5.8191
7.87878
17.4709
19.6669
2.67715
8.5814
3.72926
11.4031
9.51326
7.16737
-4.32575
11.062
-11.3225
-2.87076
-12.025
5.8318
-4.66422
-7.4347
5.66127
-13.2473
4.56627
12.7988
-6.91543
1.50726
6.34824
-6.69512
10.7666
2.96095
12.7246
-0.312026
-5.68408
0.924544
-3.65483
11.0719
-3.24052
-1.46574
-9.91315
14.3828
1.3009
5.21813
-8.11011
-6.91543
13.4304
7.2338
12.2672
3.09261
-9.68231
1.14856
0.348169
1.67064
0.333909
9.40751
-0.287757
1.94497
1.02785
7.16562
8.02898
-7.19085
-10.9931
3.18932
10.5551
4.73065
1.43361
-0.203456
8.13835
-8.1888
5.0785
-10.0768
2.37987
0.800948
8.87812
-2.77123
-14.4821
12.6915
0.769987
-1.21542
11.0106
-7.38314
19.014
0.0788894
7.90726
8.54997
-11.1134
-6.37368
-10.127
-2.1917
7.30794
-4.82246
-0.390661
-3.2871
12.0666
-2.35259
11.3411
-0.93925
-2.09611
6.8778
11.0585
12.215
11.4418
6.03142
4.04312
-3.35766
3.59262
1.27791
-6.65807
-2.2109
3.03787
4.63648
0.787263
13.288
14.8311
9.2537
2.72741
3.31774
-2.55759
-4.21835
-3.3558
3.83207
-9.2805
9.38782
6.87505
2.06884
10.7924
-5.66511
13.688
6.18625
7.55739
-10.7816
3.90389
7.24225
4.56906
2.93892
2.66546
6.07711
-0.443216
3.86965
-8.07935
0.608741
-1.97949
-6.34614
-10.6593
-7.75018
-9.17041
-4.57811
0.432916
0.363578
9.81404
8.17111
-5.22021
3.87903
9.92495
7.64768
7.57941
5.16017
1.82558
7.2882
0.883432
6.90792
3.40891
-7.9312
3.31759
2.4666
5.87958
-7.68743
-0.109682
-4.7245
-0.289964
-4.42988
-10.4624
6.99684
7.57202
21.1528
-8.04142
13.4249
-0.64651
-0.267731
-10.6674
2.25878
-0.430984
3.29703
-6.18982
-3.47704
8.12266
9.38078
1.97861
5.13202
4.62186
-7.06654
-3.57049
-6.06296
2.05395
9.0403
6.43761
11.4594
6.52465
6.82487
10.693
-7.32937
0.369825
3.22075
-5.56561
-4.50814
-0.430095
-14.8415
-3.1173
1.5451
2.0601
-1.55379
3.50735
-2.11939
0.970733
-11.1518
1.34599
11.4891
0.303964
7.57268
2.3141
-2.9676
-5.94356
4.46267
1.42592
3.75876
12.9543
-1.44645
1.91449
-3.22431
-12.7087
-1.66662
1.40367
2.89618
2.11347
-0.514295
-0.435348
2.85042
-8.75804
-0.535263
-2.83807
7.5315
9.03086
1.42912
-2.34304
-6.98159
-0.0147777
2.05677
-3.88789
-4.87521
7.30601
-12.4478
0.286375
-8.5321
6.19743
4.06959
1.79579
-2.73719
-0.338322
-0.0443805
11.0693
4.65155
2.46234
-0.586986
1.48276
7.85112
4.07815
-8.31435
-4.5854
13.4854
-5.14421
0.215293
-1.05349
-15.3427
11.7362
-1.06143
1.81228
5.06238
-1.51923
-0.590603
-11.9439
11.7834
-10.5844
-2.04856
7.34585
-4.73555
8.72433
5.43429
10.3517
5.64807
-6.51159
-5.81947
-1.02396
1.97467
3.53939
-6.3282
-9.44207
10.9346
-0.459635
1.18897
-14.3875
-2.70862
-0.630438
-3.78501
-2.26096
-7.52989
1.58489
9.48989
-9.09924
-9.46296
-9.29273
-2.26709
4.84357
-8.48923
-4.88788
3.66062
3.27574
-0.257729
13.6568
5.87993
5.86797
1.48659
12.3473
12.0055
2.27879
-2.33131
1.03251
10.7442
3.97998
5.27048
0.984517
18.7519
-14.1768
-1.42947
-2.85593
9.72229
-8.83048
-8.41103
4.11418
7.05565
4.67278
2.09937
3.51868
-1.18579
-8.1277
14.2634
4.18311
-2.42485
-8.01705
12.0975
16.3367
2.92711
5.02096
-8.41549
10.8657
17.1958
7.16215
2.77988
3.81485
-6.52938
1.02706
0.889062
-2.98299
5.40756
-4.70242
8.15795
4.18262
-6.75274
11.9704
-6.25236
10.6404
8.56983
-2.03392
7.95809
2.80923
4.71717
-3.58163
-5.15229
0.941977
0.94734
-10.6386
3.77909
-1.968
6.00766
-3.40893
-3.46817
13.1311
-7.70801
-11.4243
-0.332567
-10.5656
-0.824148
-8.33434
-5.47054
1.36394
4.01586
12.4339
-0.0773179
-6.75667
-5.26704
-7.42383
-19.8035
7.75047
5.38755
-1.42022
-4.13133
12.1016
0.0523177
-0.974717
-0.573068
12.4161
-2.18792
-9.93231
-12.1506
0.298144
4.81832
2.70998
11.4671
2.37525
2.66311
1.23729
-9.0984
-9.21046
8.74916
-6.92957
2.35087
-5.37551
2.80535
-1.03244
-15.9268
-2.07481
-4.4583
2.12841
3.58117
-4.73042
-12.6645
-4.12541
7.64948
8.82808
-6.97006
-13.8763
-4.81545
-9.78267
4.92281
-12.0034
-5.88149
10.8745
4.89645
20.5378
5.55232
-6.58258
6.69209
4.97146
7.12193
10.53
9.48687
5.00607
-1.42631
-6.10406
5.74021
-3.4143
0.341579
-1.38198
3.53809
-9.29248
-1.95099
-3.32243
-4.13258
-4.49768
-5.41171
0.615541
-1.5157
-8.81133
-10.1438
-7.2285
-1.77535
-0.687048
-5.90434
0.433012
-7.40158
-0.99565
3.94457
-2.07755
-5.7366
2.99587
-5.67421
7.77827
-3.90599
-14.6819
-9.81304
-17.5107
-1.96849
8.79805
-10.877
-3.25331
3.56717
-24.6747
-5.34174
3.16087
5.11961
-1.80154
-0.0890172
-8.09052
0.283518
-7.40663
10.8366
-6.70683
3.16079
-2.34258
7.28957
-10.5178
3.84635
-7.55269
-1.54703
-10.9908
0.302111
-6.7429
-1.28453
-7.11534
5.12159
2.10443
-3.00987
8.94006
12.1491
5.21082
-1.05697
13.1412
-2.19607
3.0846
7.04976
14.0375
-14.0999
-2.63233
-19.6417
15.8328
11.306
2.55234
-3.90057
9.14296
6.98413
-2.49369
2.848
-2.86316
11.1793
18.7191
-13.3414
1.36017
3.77721
6.83442
4.83708
11.6489
7.66554
-10.9896
0.477771
7.73031
7.49027
-1.76344
-10.2493
-5.98617
-7.43815
-0.204032
-6.82693
-0.855818
1.89269
7.92892
7.63169
9.38929
11.0204
-0.795939
-6.30391
-7.55068
2.01356
8.87356
4.91199
3.93557
12.3121
5.00036
2.41493
-1.28576
15.3013
-9.74814
0.205825
-2.39747
-8.39074
-4.5108
0.652792
-0.472935
8.34496
1.94862
-2.0225
11.3352
13.0799
5.38842
9.7418
-11.8419
-13.0052
0.114908
-3.7279
12.2127
6.18229
5.38247
-0.967309
9.7404
0.685458
3.18302
7.22
6.40388
-9.31159
-1.36066
7.16466
-0.24279
9.16544
-2.062
-4.81396
19.6152
14.7498
-0.865388
-4.58016
3.64549
-1.95104
4.9553
3.88959
-7.72223
2.39997
-2.95197
3.94932
-10.2904
-10.3027
0.56359
-9.95821
2.12901
-5.67181
9.37162
1.22329
-7.40554
14.4316
-0.496272
5.42667
9.77478
2.43445
3.70383
10.7678
8.71878
9.51392
-1.03418
7.68199
-13.4372
8.16058
2.23661
-10.4212
-1.74862
-11.3475
-5.02942
0.942272
6.37954
8.27046
-12.0394
-3.83999
-3.32183
1.97966
-5.36682
-14.0739
1.62187
-0.874698
-14.6866
4.23471
2.65979
-1.87164
4.15805
1.66386
8.11007
14.6732
-10.2647
-2.00352
6.46457
5.68845
5.07535
-1.27823
-5.2243
9.39969
-8.77098
1.81535
-4.844
9.20231
6.2955
-8.8298
8.42866
9.73067
0.35715
0.850196
2.31988
-2.12481
-10.4137
10.2801
-3.08888
20.6511
3.42464
-1.13759
0.842919
-14.8593
2.64571
-4.56506
-10.1218
4.42899
1.9248
15.9697
0.247711
8.62576
5.99443
5.07545
1.86989
0.421397
12.8221
10.3084
13.0634
2.11881
0.216845
-5.83931
-3.66382
9.61767
10.7285
16.0597
5.04646
-3.16906
-7.45292
6.94723
-6.90419
-5.11538
-5.9883
2.54639
3.32165
12.4783
1.17982
0.316282
4.18565
-2.11233
4.29548
1.28737
0.4517
-4.81418
5.96036
-0.946789
-0.0798904
-0.692634
10.025
-1.23569
-5.42886
-6.04911
4.05751
-3.27666
-3.67323
5.25253
15.1567
-2.88233
6.93839
-2.14203
4.0754
11.224
-7.44414
2.06882
2.7642
2.48194
-1.82927
2.92308
8.76433
-6.78236
14.2088
0.278746
-8.30399
-3.74241
3.17408
-3.53926
-3.01834
-0.139913
1.66397
-14.0836
-1.7593
-0.012337
12.9981
-2.46347
-6.7466
2.32453
-8.49783
-0.728623
1.95097
-4.47904
5.4677
-3.76461
10.1232
6.211
-4.47575
-4.26147
-2.38734
11.216
0.17832
-8.25508
-4.37761
4.24603
4.79605
-4.61944
4.78397
-4.08065
5.62977
-11.9842
-12.6933
-2.07133
2.36801
2.42373
0.836142
7.7428
-8.55912
6.60224
3.94731
6.57611
10.4129
-2.75121
5.3132
-1.06851
-13.6505
-8.44972
-7.6329
0.427309
-8.73129
-16.3363
-7.78564
-2.43862
-3.78776
6.67057
4.11437
1.25752
-4.18039
-3.51755
-1.83176
4.29224
-2.46372
3.32299
-6.16391
-5.84045
-6.34462
0.455167
0.816846
-13.9075
-4.50747
6.16492
-2.8365
10.8538
2.32725
2.91963
-11.8739
1.42453
-7.37648
15.438
-1.62622
4.86617
6.86015
9.69795
5.52502
-0.970419
-13.8299
-3.26341
-4.40965
10.1056
-2.35621
5.2942
-7.86721
13.7962
9.84841
10.2854
6.4929
5.61914
-4.65639
6.87718
21.6708
5.47659
-2.70223
9.16803
-0.22791
4.99444
-4.59703
-6.25366
1.62886
-0.33255
-6.64723
-6.12239
1.39395
9.12081
-6.38999
3.88721
5.64131
-8.18373
-2.28176
2.84762
1.97677
-3.04611
-14.5885
-9.56821
-1.76055
-7.96939
-1.5929
12.9712
1.7864
-8.10337
5.80909
-1.9703
-19.9641
-8.89738
-10.1128
0.436684
-8.13254
-5.19534
-10.833
3.09773
-0.787291
-0.360723
-9.67696
-7.50476
0.02439
4.21481
3.0407
11.3886
11.0919
-5.25781
-0.440049
-5.35436
-1.19641
-2.24892
-2.78494
0.0941434
-9.41664
-16.5115
-6.61535
-4.8998
-4.79459
-0.65691
-11.6016
-6.45035
-8.23178
-16.6773
7.69155
-3.5667
-2.55451
-1.09589
2.71224
3.26425
-18.5239
-10.452
-0.506334
4.20306
2.31634
2.79641
5.63942
9.09785
7.65009
5.05895
4.63845
-2.48944
5.52264
-3.1732
1.23274
-17.7334
-3.51259
-4.55274
1.42836
-7.37959
-8.34783
8.08075
1.11567
0.0160662
8.18823
2.02344
3.44811
-2.41909
10.0093
1.4145
-2.19974
5.97834
0.846712
-8.27916
-22.382
2.78819
6.11028
11.7338
8.8883
8.38446
0.925835
6.86989
8.24244
-14.6125
-3.05024
-8.90526
7.64251
2.99837
3.91903
3.20531
0.680569
2.20593
-0.57757
11.3921
-4.56949
-14.8235
-5.39324
5.16669
5.80641
-1.56506
2.68492
3.57765
0.756088
7.28005
-0.886023
-11.0172
5.66302
8.9949
12.1545
-1.71092
4.73567
10.8477
-8.67167
-0.340966
-1.56428
-2.6291
12.5888
-3.94917
7.49046
1.24365
-1.62709
10.7721
-1.99244
6.25029
4.61535
8.67654
5.42895
-7.6409
-5.74112
-10.3309
-6.03903
0.40522
-13.4241
-7.91513
2.26354
-3.49488
3.75085
-1.28957
6.67789
-1.61818
8.95954
-9.09189
17.0748
3.66534
10.3765
11.5625
-8.82625
2.48168
4.47117
9.73462
12.1282
3.68585
4.50021
-2.79934
-3.74113
5.04569
-4.3589
-16.9257
10.5481
-12.7481
1.83006
0.128411
2.32902
-0.725363
3.17065
-0.659402
4.2664
-1.98651
-1.69288
-0.583145
3.12633
-2.56765
2.03525
-6.49553
-12.5748
-5.74331
12.9736
-4.83011
0.692857
-7.1232
-5.64181
5.71388
-10.6684
-8.32737
4.05129
-4.79923
-12.5689
-18.1594
5.1714
-0.740531
0.100297
15.4778
3.48545
-14.4701
-13.7818
-3.34127
7.34487
-2.66966
-12.7724
-13.0888
5.01417
-20.6486
7.0054
3.91035
-4.58958
-1.34282
7.81294
2.20485
1.23925
-4.64213
-0.674298
4.46951
8.98388
13.5499
1.39922
10.8095
-0.0515683
5.05584
-9.82392
-0.398976
-9.15085
-6.36749
-5.91954
-13.755
7.74833
-3.02221
-4.17479
-6.05701
4.68937
2.72859
11.0234
-8.27606
-2.88237
1.71396
-3.49581
-13.6098
-9.74428
-5.68704
4.57661
2.4766
-3.15938
-5.05874
10.7341
8.72902
8.98674
-0.0959039
-18.6196
-0.6041
3.63952
5.94131
7.74808
12.3648
8.70455
2.34458
14.6686
0.246007
-2.35822
4.83991
1.16397
-1.26258
11.9393
-13.0626
8.14595
9.31849
4.37361
10.0618
-19.0463
-0.193385
-10.587
-3.56263
-2.02054
6.93235
5.80731
-6.84404
-4.5063
-0.828318
-0.31907
-4.16176
8.69341
3.3101
10.1993
-15.8659
0.199168
9.44513
-7.24709
-1.74988
0.27638
-0.0565618
1.0252
-2.85414
-5.40454
7.18509
-2.57302
12.7056
9.63687
4.10038
-6.46817
-1.60824
3.98303
0.250677
6.11658
3.11779
7.40234
5.09429
-0.460518
0.274352
7.94725
5.12037
0.699536
-5.09057
5.71315
8.17982
-7.13025
-5.16178
0.476849
9.87353
-11.8283
1.37266
5.41917
-3.55137
-3.66462
-1.52303
0.567131
6.54608
4.54826
12.36
1.54931
-1.88403
15.6911
-18.9852
-0.0243375
-0.721673
-11.2344
-2.69569
0.998547
15.9034
7.68162
-5.38133
13.5195
-2.48992
-2.47309
6.61756
-4.33028
3.37335
3.65965
-2.7601
-10.0174
2.14977
1.2052
-1.92247
2.25758
2.65598
-5.59962
4.54392
-5.72267
-0.860224
-3.86028
-8.20802
1.51703
0.606296
2.14578
-14.5731
-1.7022
-8.38005
-6.02774
6.34684
3.85686
-2.46654
6.28667
3.91825
0.94845
4.88983
14.8368
-6.62638
-1.96432
4.11974
1.52361
-7.62886
-3.03697
9.16335
13.5153
7.98339
9.41242
-2.53892
-4.68111
17.327
7.2997
-1.02742
1.18064
-1.38761
17.0545
-1.1054
0.0839721
-9.05595
3.11909
-0.426641
-2.38313
4.45131
8.38058
11.5965
0.69864
5.51409
4.24314
-2.99868
3.0846
-13.3524
9.17086
4.88862
5.35675
-4.83582
1.18933
6.04091
3.75608
7.02506
-15.2078
-8.25403
15.0332
4.85951
-7.73876
-2.18501
2.28936
-9.74682
9.67723
2.33037
9.66669
3.2931
-11.5824
-13.7251
1.19898
-1.91358
1.15584
-1.05542
1.62574
11.8509
1.49307
0.549754
11.9379
6.6766
-4.89801
-2.9109
5.40943
2.94698
-2.35978
-1.5807
-20.2276
-3.45374
-5.68208
14.6284
9.41954
-0.379159
-3.30823
4.14024
0.173371
-7.08829
3.26805
6.5247
-6.44566
-1.70802
-5.13089
6.21831
4.17413
1.97081
3.32133
-7.10027
4.88526
2.06584
-18.6025
2.61893
-0.70213
7.13731
0.218426
8.77238
6.22973
0.658761
7.17554
-2.77574
8.10708
-0.148841
-6.1091
-1.63064
-6.08337
0.188128
-0.649508
2.93981
0.810267
-7.70741
-9.32561
3.71431
2.30258
-1.18262
9.08053
4.00463
-15.3456
-3.78783
-13.4902
-9.13689
0.286046
18.3265
4.58399
11.0907
-19.9884
3.80723
-9.71553
-5.74433
1.15055
8.4787
1.69349
-0.779738
-2.5111
4.20498
18.5938
-3.96891
1.97251
-0.818456
9.36557
-7.46833
0.265619
-4.64914
-5.6175
2.89816
-3.93108
-5.50058
-8.97852
7.83756
2.60481
10.7031
-15.8968
7.0506
3.00523
0.0752693
9.97764
2.32015
6.9023
0.15072
-5.57354
4.82959
8.26563
-9.02042
5.14246
-1.05885
2.73705
-10.6557
-2.25142
1.84129
-11.7723
0.957809
16.3959
11.2355
1.54037
-6.70291
-4.61407
-3.37566
6.42819
-4.24685
2.88051
9.35007
7.61839
-3.07747
11.4445
1.58992
-0.659428
9.10875
10.8662
11.5678
2.66953
1.00164
-11.5594
4.54269
8.62928
6.59994
-3.41539
0.0674037
-2.66343
5.92719
6.8805
-4.64875
-2.23838
-5.82806
0.226295
6.73947
-6.17703
-0.0358353
-7.49558
14.579
10.5748
2.75652
2.5627
9.63182
13.2808
7.76201
5.33709
16.2932
-8.29141
11.2759
-9.87977
-5.81605
-0.0199598
7.58792
10.8185
-4.14789
6.50561
0.707068
7.0502
10.1695
3.50936
-7.67559
2.5712
-2.09834
8.3457
-5.91343
-0.65722
-1.35921
4.93358
1.54001
12.0779
1.08779
5.77071
1.11314
10.265
-3.2142
14.0569
4.86034
-3.13887
1.98744
2.55869
-8.95721
2.17374
-2.39956
2.53277
2.76386
10.4232
8.36966
4.91977
-1.14479
-4.91218
10.7484
2.28556
6.96483
0.701735
7.56021
3.34153
-20.0523
4.67564
-5.45067
1.191
-15.5279
3.06765
-0.739796
2.49446
-4.0687
22.9327
-5.20144
11.7784
5.60255
-2.25083
1.81269
-0.845207
-5.24886
8.1158
12.4821
1.69527
-2.68058
2.60322
4.43573
-17.8352
-8.83677
-6.67794
-0.528824
6.38327
13.6233
-0.540796
5.37337
3.2081
-0.0327083
3.06548
1.55152
8.92614
-0.995391
3.93002
-1.51127
0.863309
-14.1815
-3.92
5.74368
-4.41809
8.41307
10.2024
11.158
-4.58272
4.80646
-5.26217
-6.10929
1.62476
-6.11696
-0.132744
0.029736
8.47308
-10.0507
5.55626
11.4634
-1.47696
-1.9787
-5.46851
2.09205
-9.25829
-2.11096
-4.2766
5.85139
2.0072
8.66932
14.9002
2.83271
1.60381
4.38647
0.957745
7.83359
3.02261
-3.62509
7.69089
1.86757
4.89183
1.45884
1.52033
3.80277
9.61865
-5.14452
-12.1136
3.46886
-0.217379
-7.4457
-2.19985
5.77115
-4.46597
-4.24617
-0.486854
-4.79794
-12.5827
6.07926
-5.01883
-3.27778
-0.798508
6.74535
-0.46389
0.871039
5.36603
-1.65427
-5.78655
-12.6988
-0.318755
-3.36917
1.35999
-17.7648
-23.606
-11.1941
4.89178
11.0275
-7.39954
-4.88272
1.75434
-2.31283
2.72127
-10.4976
5.87783
8.64591
-4.85077
6.92962
4.9701
-3.36469
-2.69492
-1.92109
6.53651
4.9815
1.3
2.39743
0.0173241
-0.732532
7.18109
7.55621
4.09636
13.8746
-2.99479
-1.23236
14.2292
7.28024
13.2899
12.3287
2.56761
-6.36985
-0.977282
2.2694
-4.61897
-16.1591
1.6069
-0.335623
-7.79003
5.50568
-10.3862
-16.6398
2.5142
-8.17366
3.87032
-2.14606
1.0336
-4.54468
-3.29997
-4.31745
-9.25277
5.88073
7.09007
3.89613
-2.61462
4.68016
-4.13723
-5.57751
-2.84991
1.46016
3.23157
6.48122
-3.81785
-3.07049
8.94818
-1.67552
-10.2675
1.08252
1.49599
-15.3235
-7.79942
8.88653
12.2641
4.83933
7.7658
-0.0804971
-4.32334
-1.27006
1.98486
-14.6287
7.51314
-3.81443
25.0357
-2.45471
-8.08056
-6.40921
3.50676
9.55492
2.742
0.871946
6.3162
4.15416
4.13449
2.28953
-4.83481
9.50688
12.5457
4.70971
5.44295
8.19419
2.82559
0.609968
14.666
3.16564
5.08755
0.74228
3.33029
12.6183
-3.66006
6.10327
-1.45101
7.69367
-1.26191
15.4631
-6.52481
9.68569
11.4795
5.2877
-0.827
-11.8424
-5.56667
4.47692
3.03254
4.16386
4.49962
6.25277
2.84165
7.32946
-9.90981
-0.398811
4.19881
-6.91863
-2.11899
6.1048
1.146
1.72111
9.33014
4.63932
3.04154
4.75048
-7.09752
9.70222
-5.92939
5.06456
-6.93142
-7.45073
-0.286682
3.77796
-17.7116
2.06287
11.2253
-5.75766
-13.5691
-2.82139
8.29457
2.00567
-9.17916
4.18055
-2.42651
3.18716
2.13928
6.75005
-15.4023
4.73799
-1.44671
2.89323
6.7598
-1.72368
-8.36616
18.2527
-2.72044
6.8679
8.67202
15.2195
-0.371827
-10.2295
-7.697
-1.70726
7.38619
-10.0689
6.8918
4.93793
1.71476
-4.12515
8.80731
5.70141
-0.847184
-3.93431
5.94548
2.5304
-16.3457
-5.68408
-8.60295
3.8593
8.7126
4.52666
11.6595
-3.19564
2.57314
-2.01286
-2.49923
10.5644
-9.4179
-5.13027
-0.120564
4.24791
-9.67495
-1.88994
-7.00341
6.80229
4.53045
3.62717
10.4941
3.94799
-5.27542
5.89882
7.38021
-2.12438
-1.55477
-0.839637
9.89892
-7.82501
-0.636252
11.2251
7.27604
5.29298
-0.110792
-4.40779
12.7945
-0.855707
10.6582
5.09637
5.73328
-6.83705
6.84365
-7.13838
-0.156163
-4.8609
13.2826
-9.31322
7.66241
-5.76246
-19.1359
3.7263
4.73019
-0.53847
-5.08303
-7.90873
10.6623
2.0423
-7.20187
12.7039
-7.83327
-3.44672
6.60337
-2.4946
-23.346
-2.25359
1.57648
8.36442
-4.97758
-3.97026
-0.0681888
8.22161
-5.31046
1.24204
-0.879658
-1.26192
1.79298
-1.19152
3.98411
7.30598
1.32886
3.62622
8.36762
3.18363
11.8274
6.32448
7.413
14.2523
2.18688
-2.0251
2.7363
-10.6963
-3.81489
9.90508
0.166299
1.60339
12.2561
-10.9691
-4.16982
0.190734
10.9283
-12.0739
4.20681
13.897
-1.4214
-1.21281
2.9135
-7.63819
4.75388
-5.62363
16.9063
-7.76977
-1.76826
1.75361
-8.21476
-5.39335
4.34941
0.919017
5.90502
-9.02987
11.998
10.1491
5.89405
-1.60676
8.45824
0.139077
-2.59094
-2.58823
-9.61482
-4.74845
-10.2341
-0.615184
-0.948715
3.91746
-1.41625
7.97454
-3.8638
0.866837
-3.31101
1.49652
-8.83292
9.00856
-2.58389
3.14447
-3.03245
-6.30845
5.75481
4.02677
3.40538
3.39843
-4.58886
-7.76732
4.34915
-4.66518
3.73678
6.10429
2.54144
6.71557
10.185
7.62805
3.10118
-4.4878
12.3922
1.76713
-7.20865
-4.75528
-14.5354
-0.805583
2.90062
5.01647
2.65649
1.1954
-12.1832
9.21725
6.27829
-18.0075
2.72738
-8.63301
-1.21498
3.3124
-2.34629
-2.31074
-2.89494
-4.10976
3.08394
-8.37044
5.1866
-2.46668
1.67333
-9.09284
4.16254
5.86675
-0.521376
-6.20023
0.71976
5.32116
24.1327
2.23139
0.426399
-10.381
7.3312
15.3928
3.22774
-3.66535
-11.7497
9.91504
6.74744
3.49696
3.81838
1.94705
-6.93667
-9.10916
-2.60851
9.51223
17.9574
-11.6269
-3.6432
4.87344
-11.1774
1.97729
14.5474
6.00387
7.09518
17.0489
6.81862
5.64334
-10.3323
1.34144
2.66434
-2.98052
10.1828
11.2121
0.568621
2.53742
2.46552
12.9272
-5.43716
2.95917
7.09602
-3.43042
-3.48045
6.90924
7.021
15.5366
-16.4948
5.87024
1.40472
-4.87012
9.77828
-0.015613
0.708478
-6.56846
-4.27793
6.51025
2.9347
-4.43401
-5.65929
-4.19908
9.74037
0.48868
7.17959
9.51114
-2.22749
1.44598
1.06555
-6.11894
-1.71125
-5.1432
-13.6091
0.158455
12.1309
1.99846
-8.62862
0.827754
9.32947
1.00497
0.333064
