0.358816
0.340925
0.340907
0.415477
0.379595
0.348017
0.4669
0.454466
0.461075
0.509053
0.47679
0.410614
0.446783
0.358879
0.392558
0.392859
0.320689
0.374276
0.412995
0.337861
0.37476
0.411606
0.481583
0.44182
0.516967
0.52
0.750555
0.593521
0.676725
0.575154
0.556819
0.522322
0.427925
0.371094
0.330876
0.382532
0.566087
0.58519
0.553027
0.52747
0.731572
0.672819
0.665654
0.602959
0.697046
0.809352
0.847542
0.822605
0.82479
0.663183
0.581154
0.660238
0.585454
0.6769
0.617373
0.542918
0.446426
0.380396
0.500851
0.563281
0.532715
0.452747
0.410622
0.281721
0.154738
0.118852
0.104481
0.0969025
0.162696
0.0889969
-0.00449988
0.0419757
0.100885
0.0568475
-0.108167
-0.157169
-0.257892
-0.247931
-0.0411984
0.0223597
-0.0236989
0.160639
0.131464
-0.0384844
-0.0278548
-0.00238929
-0.123236
-0.229096
-0.140627
-0.1214
-0.0840993
0.0156282
0.041329
0.0391343
0.0940981
0.158619
0.209253
0.154777
0.197389
0.0665035
0.0248132
-0.0184821
-0.165392
-0.230825
-0.271018
-0.16277
-0.268657
-0.174855
-0.253266
-0.176668
-0.158575
-0.0707146
-0.054889
0.0412406
0.123647
0.244221
0.167421
-0.0157244
0.0592674
-0.051387
-0.14525
-0.0757904
0.122352
0.240554
0.11899
0.204419
0.139106
0.153805
0.150455
0.198974
0.2737
0.161867
0.0851584
0.0580744
0.14481
0.0350385
0.224877
0.267139
0.364253
0.409623
0.412367
0.450219
0.4346
0.508996
0.51299
0.494052
0.516956
0.429227
0.388882
0.45792
0.395274
0.333334
0.436038
0.519353
0.654769
0.800171
0.779227
0.624973
0.503423
0.391509
0.284975
0.220439
0.178096
0.0221911
0.0545551
0.15329
0.287043
0.134562
0.152299
0.259004
0.291333
0.342819
0.322074
0.290802
0.255816
0.150294
0.245154
0.188534
0.218522
0.25993
0.160965
0.0745659
-0.0910688
0.041764
0.0881944
0.228347
0.146322
0.169497
0.268382
0.276008
0.371904
0.373226
0.305195
0.38215
0.289703
0.300977
0.415012
0.446211
0.413688
0.434802
0.242184
0.121029
-0.0063126
0.121974
0.00756937
-0.0565978
-0.174412
-0.0563564
-0.00838363
-0.118784
-0.220248
-0.1313
-0.280894
-0.258083
-0.358695
-0.372469
-0.460443
-0.40482
-0.4063
-0.38313
-0.370256
-0.341372
-0.405491
-0.522985
-0.510319
-0.502882
-0.420836
-0.269319
-0.2344
-0.0863258
-0.0203821
-0.0440238
-0.0326132
-0.032312
-0.051544
-0.0277727
-0.038962
0.103061
0.222562
0.285154
