0.75446
-10.7535
-10.4511
-3.18898
-1.56321
10.1377
0.52071
-5.41058
-2.8501
-3.34864
5.6223
-14.31
-2.30398
0.970653
11.4955
-18.1846
3.11577
-1.48618
12.1726
8.6311
10.3017
2.38121
1.24036
8.18815
-10.3886
-0.73421
6.60776
5.05957
-4.07315
0.513398
1.31486
12.1762
12.7246
3.09381
16.3801
3.54345
3.20343
-4.10458
5.68084
3.16027
-5.52396
8.64246
12.2161
-2.91907
-0.190213
18.1907
-8.58799
4.02224
-5.54262
4.95113
3.92222
9.64343
5.81548
10.3555
-1.8426
-11.6773
7.69725
4.94349
-13.6855
-5.04731
5.99927
6.20947
7.77074
-1.91768
-7.04195
9.9594
-12.3047
-9.73941
0.746336
10.1366
-3.99258
-3.78297
-2.69081
2.70574
8.31975
-1.6618
4.75582
9.60192
4.5201
-7.40432
-0.3965
-12.006
-3.3126
-2.81462
1.8121
3.94028
1.37185
-2.6798
16.1697
6.59701
-7.61488
2.46862
10.2741
5.04547
-7.37794
-9.6109
-3.16747
0.354074
2.4727
-0.363503
-2.56689
-4.97651
-14.7816
-13.5284
18.2024
1.51972
0.0710648
-3.00583
-7.82219
-0.926548
10.1571
8.38414
-6.21263
-1.67069
2.86534
10.8667
-2.1713
11.4354
3.01372
2.79504
0.48444
9.4956
-0.152867
0.49978
-6.49036
-2.78326
7.26553
-7.70405
-6.62805
6.23482
7.80414
-10.4265
1.19454
-4.29618
-12.7595
-8.09239
-0.0199846
-1.51707
-14.1836
-2.69645
-11.1392
-1.71255
-5.17092
-5.34973
-11.4853
-1.50099
8.83979
2.35327
-8.70004
4.73299
5.29809
1.56137
0.217153
2.03697
-6.65357
-1.48046
-10.221
-11.3018
2.06379
-9.27392
6.71724
-11.2628
2.72856
3.69489
3.26044
-0.391006
-4.4612
1.50537
0.180027
-4.3368
-5.88505
-2.35641
-19.0924
1.26548
0.025344
-4.76728
4.13588
-6.60849
13.5183
-8.93789
-2.92057
11.9057
-2.28961
1.23846
-2.9666
8.05312
10.2483
-5.00716
-5.03764
-11.1544
-8.14448
5.66849
-8.12879
13.7487
-0.459004
1.01665
4.13882
12.9037
11.9063
6.81962
6.05693
-2.03335
7.64149
0.134304
0.41189
-2.06965
-7.08181
-14.378
5.95615
-12.8314
7.63083
-0.539358
3.68417
-10.9829
-1.17693
-2.69542
-2.22135
9.37613
5.46096
2.81237
-5.18848
2.09103
-16.07
5.11808
12.9826
12.5697
8.60817
-3.26966
8.49762
-7.51538
-0.135955
-3.48467
-11.144
-14.863
6.70015
-6.61121
-4.26357
5.21671
-2.68036
-11.3378
15.3989
-17.74
1.82688
1.41884
-6.85758
-1.02424
13.3397
0.857538
4.94897
8.0686
-15.4523
-2.13609
-5.8037
9.0272
-1.47447
-1.98416
-6.0486
-11.1006
12.8962
10.9628
-1.11598
2.51586
-1.1483
-5.38277
-4.67632
14.2912
9.04288
13.4648
-1.5731
8.64505
-4.19356
9.66951
3.6746
-0.685784
-8.93909
1.55016
-12.0198
-1.76244
-8.02111
7.60686
-4.87409
-3.12069
4.61092
-3.25836
0.531126
-8.38627
15.8492
1.62776
1.63805
-4.2391
-3.12968
-2.30558
3.76994
6.68378
-6.81613
11.1114
11.4599
3.70495
-0.00971787
6.08241
-2.78111
-2.83833
5.19221
-4.7047
2.88273
12.3927
-1.85488
8.30222
2.78252
-1.51709
3.50809
-3.95121
-11.9236
-0.965409
5.46322
15.4203
3.30655
-3.39378
6.03038
4.47973
7.26094
-12.6377
-4.30111
2.39417
-2.50907
7.32341
-9.68012
-13.3157
-1.2448
0.366535
7.02103
0.062034
-0.269219
8.37551
-13.227
-8.14019
-4.00686
-9.34532
-8.52802
1.80267
9.5507
-9.75097
-5.78452
-0.0569518
-4.54047
-9.47681
4.75241
-10.0457
3.22566
-9.30684
0.242129
-1.1133
0.0991655
4.90362
-7.81631
-7.01853
-6.22542
-5.95633
-5.65156
11.7695
-6.71905
-6.18161
-4.37552
-4.32877
0.11212
5.76183
-13.244
-6.47782
-4.81763
3.25206
-2.54607
-4.28443
0.763825
-6.73775
10.7925
-4.36487
0.568383
9.07767
11.1457
2.58546
6.20273
3.41017
-3.21874
-10.9442
-4.22083
5.04857
4.2046
5.124
-2.38021
-13.0718
-3.98529
-4.53527
4.10796
-2.92652
-3.95493
3.29284
14.1179
-13.5753
3.0532
-1.85044
-6.5643
7.38324
-2.69166
-5.83043
-7.3148
2.85178
0.827632
0.763906
0.401455
-4.14449
-1.25146
-7.20509
-5.60573
5.22548
-2.24032
-2.08079
3.84202
-1.74011
0.292701
9.77599
1.98941
-1.65782
5.28483
-8.92695
12.0428
3.68001
12.8516
5.65076
5.85294
-2.48915
4.13907
-4.47592
-10.7094
-0.79056
4.75632
2.88621
3.58951
3.90126
8.05696
4.42507
-13.2676
5.27241
9.49992
3.76007
3.53891
0.354739
16.4079
20.179
3.16459
-5.24491
-9.61556
14.4474
3.71589
9.04322
-1.38514
0.593726
-1.9366
-5.20987
-4.16484
-0.549917
-8.97905
2.27518
-4.16318
5.42437
8.70809
-2.30351
5.85247
-0.108306
-3.92463
7.52758
-0.913523
-4.23719
-0.580092
-3.75088
0.759524
14.9666
-1.74903
-3.23388
2.95076
5.51669
0.805345
1.79912
2.52974
-1.97671
-8.62912
2.68634
-3.05056
-5.67119
-10.1656
6.30488
3.33834
1.75244
2.55036
1.88777
6.17419
-9.59084
-0.336541
5.29691
-0.109182
-5.6444
1.90003
2.10776
-5.04169
-3.12188
4.69649
6.99952
-6.4862
14.2455
-1.95028
2.97022
0.409353
9.21846
1.22214
-0.260897
8.74836
-3.97111
-1.98846
-16.7029
13.7054
-0.448568
11.289
4.87086
-0.502847
-8.76042
8.24383
2.6369
1.45984
-4.71094
-2.31983
7.11079
-1.44812
10.2658
6.01704
5.3561
10.9842
1.01037
6.91001
10.012
-4.64116
-7.45623
-7.87273
-5.32047
9.00607
-0.91082
-5.9749
5.15314
-2.65411
-4.33545
6.04665
11.4983
2.47027
4.73331
-8.37621
-4.6563
10.432
4.45739
-7.76822
3.12461
-3.17322
11.5716
9.31531
-2.49524
9.76375
3.26533
-12.0777
-0.537606
5.13728
-3.45624
-4.01356
1.2279
-0.221703
-5.51561
-0.0338393
7.95253
-5.41487
-2.38092
0.172473
2.87052
-5.35188
-4.02289
-3.51678
-12.5213
-4.12142
-4.09997
5.42965
7.90766
12.9316
-0.28527
5.20153
-7.06459
-12.6631
-2.96042
-12.0431
-10.2986
-5.43191
1.85631
-2.16279
-6.13282
-4.74101
3.32752
-9.05072
-10.1073
6.76013
-2.53765
-6.44926
-0.571069
-4.83144
3.47041
0.559003
-2.21947
3.92237
0.693005
1.01109
8.72905
4.04266
13.0375
11.1363
3.26733
4.8203
2.27947
-7.12428
9.01186
-0.642488
2.09249
-1.95862
5.1112
-5.48795
10.6251
-0.372135
-6.46375
-7.81931
-19.6085
4.22798
3.95042
0.457531
6.22291
0.976904
-4.75915
-4.16417
1.81072
0.529086
-0.560853
-4.4618
2.22165
1.16296
6.31094
-5.00634
10.0876
9.22592
-24.688
3.40129
-5.12758
14.5459
-10.508
7.73751
5.08236
4.3481
8.17066
-2.26009
-7.63255
4.86352
-16.3486
-4.83281
4.15184
9.63884
-1.78061
8.64539
4.11526
9.39989
-2.60105
-8.5713
1.95154
3.78663
14.0838
4.3005
-17.9003
-2.61937
9.94151
-2.33362
-8.59584
-6.6459
-3.13785
0.285444
2.35222
5.13216
-5.8282
3.75262
-0.949218
5.49482
5.05536
2.56473
6.76328
-7.14883
4.73498
7.49324
13.361
3.65468
0.320556
-9.04083
5.03864
5.29152
-6.61748
-8.46862
-0.590467
-5.09032
-9.89427
-4.56746
9.57188
8.13988
7.13419
7.49324
-6.98345
0.491051
-9.23753
-4.22195
11.1384
3.92324
-2.20141
-7.89085
8.59763
19.8666
-4.51261
-7.33789
-0.0870315
0.313622
7.05273
0.692737
0.347415
0.18486
2.06487
5.22123
5.2682
-0.0306523
12.8646
6.5443
1.93406
-7.3922
-11.762
7.38865
1.91617
-0.0161323
17.1795
5.16455
5.60551
3.64175
0.857898
-3.89096
-6.36783
2.50354
21.5789
14.4061
-2.20058
14.244
-0.496849
-1.81246
-2.98233
-1.7241
17.9199
4.16905
0.159697
-6.84818
0.689856
-4.28762
5.57214
0.200149
-13.3187
-2.82617
-6.57995
8.48715
-3.14097
-2.50129
-5.58252
-5.41059
-8.42198
-2.54029
-0.488857
0.505297
-8.03089
2.27399
-3.30448
6.49007
-8.01842
-5.32807
3.9858
6.10213
4.40278
-16.1154
-0.508211
7.0579
-3.85943
-5.30101
-13.4716
1.25969
-1.74629
0.577579
-2.50101
-9.569
-6.19313
4.74338
11.0212
-9.84831
-7.61326
3.67425
-8.31963
4.61946
6.80305
1.94047
8.75823
5.67781
-5.56876
-7.80911
-14.5459
-11.984
9.29478
7.68913
1.64995
1.50021
-3.19465
-6.7438
2.28376
4.52161
-1.76223
-2.00526
-2.64617
4.61188
-5.60893
7.94167
1.35964
-17.5876
9.48577
-1.62802
2.1159
-3.76315
1.65466
-2.23505
3.20207
-11.9615
-0.250334
-7.54766
1.51591
-3.27144
-4.26031
-4.51355
7.60134
-1.41465
-3.02939
-15.2184
1.77772
-2.15582
4.51709
2.07255
-0.158973
12.4503
3.9706
-3.34793
11.1587
0.170039
11.6625
-13.1351
-7.80075
0.263279
3.43175
2.62626
-5.56669
-1.47732
2.95492
7.26756
0.0227541
1.74831
-2.66421
-13.1405
-7.71693
6.1392
-0.129628
0.705314
-1.04598
8.092
-4.13932
3.38895
-10.7356
-2.90306
2.65068
3.46779
-15.1858
-1.98442
2.85512
-2.78256
-5.04053
-7.99127
-22.0893
17.4362
-13.2382
-2.29003
-5.89418
8.68216
-12.9521
6.33919
0.663593
-5.65757
1.13218
-1.58977
13.513
-3.0079
3.84052
-1.29494
-13.2507
10.7125
1.25043
4.87246
-3.57249
-17.8235
-0.718964
-2.52205
4.14759
2.1741
-10.4628
-8.27897
0.144422
3.93701
-5.77575
3.19081
-3.58229
-2.74977
6.56286
-7.72202
-6.65197
1.71629
-4.56071
1.54147
-0.146794
0.842187
6.17889
-8.77902
-3.22625
-0.768917
0.649655
-2.73737
2.48779
2.49612
-2.61674
12.4195
11.751
-1.43109
2.65033
3.9622
-9.39885
1.6756
-0.201589
-5.9034
3.99624
0.314239
-3.40306
1.75963
7.55467
1.17029
-9.51693
-10.9528
-16.7885
6.89602
-2.13482
-3.87984
4.95858
7.91105
7.94366
4.36286
0.2672
4.46476
-3.607
-8.4612
-1.0634
-7.2306
-9.51487
14.4469
-0.51093
0.57153
5.16912
8.25269
-7.92017
-0.364598
12.1105
-10.6671
-12.9903
-9.88066
-11.2484
0.431571
2.10812
5.44233
-0.770623
-6.37602
-22.9765
-0.979939
-11.0639
4.16005
6.74468
-8.62344
-6.3925
-0.664992
9.12691
-10.6635
-5.08381
2.91821
-6.1334
-14.5733
-6.11505
-3.00939
7.30884
-6.44494
11.5786
17.7053
-5.18772
6.96231
6.55406
3.06788
3.77435
9.92613
12.0945
3.95076
11.0969
0.540947
9.42415
3.28879
5.86625
-2.92405
3.95488
3.53641
16.644
3.65326
6.85668
0.14776
5.45753
4.45991
3.36157
-11.1324
5.7604
3.82904
-2.32566
10.7745
7.35065
3.30668
6.15603
-8.61291
10.4904
2.02979
-8.17173
3.65614
-2.21927
7.09087
1.83335
-2.91419
-1.53508
11.628
13.3696
-1.00838
-7.6309
8.97853
-0.828094
-0.102115
2.91841
1.09859
8.09276
1.99242
-0.155694
-2.00021
14.4303
-11.2175
1.32078
-10.9971
4.85228
-5.15362
-6.65937
4.29082
3.75258
15.3092
10.1837
7.57279
-6.9551
-0.10983
7.82011
-10.5249
1.47713
-4.85377
-4.41075
4.14301
0.755527
2.8075
-3.85842
2.94866
8.31381
5.39932
12.1309
4.83448
3.1942
14.7677
8.33435
17.3539
-4.03025
0.59981
5.32191
-1.15409
7.249
10.5249
-0.517341
7.61302
-6.59955
-3.09959
2.50597
7.24163
10.7663
-12.8955
3.53894
10.8139
-11.5658
5.84747
-5.09277
2.15456
-1.76322
5.17447
6.74192
5.54491
0.666756
4.13829
-1.28771
-0.0375161
-7.89698
-2.31642
-5.47841
-3.30081
-5.64121
-6.54086
5.76533
-0.68845
-15.5279
-5.54781
-4.38752
7.18408
2.61406
-2.88432
4.74126
3.5265
-2.48384
7.0428
4.5423
-5.56366
-1.79397
-13.1591
-9.91843
-12.2912
-1.99118
3.88571
3.76427
-1.58456
0.316487
3.70457
-4.0453
-9.8336
14.3317
15.7547
0.421714
5.90255
-0.711379
-1.27345
6.40218
-5.28275
4.97954
-4.00036
1.81725
4.12115
7.92641
11.4209
8.5231
7.00971
6.24208
5.09248
12.5149
7.03249
7.04811
4.05554
6.47334
17.9441
-7.56061
11.2818
7.74917
-0.732902
-23.2064
5.26961
4.33739
9.06419
2.59802
-0.924215
-7.35706
14.1308
-1.83478
-11.4024
13.5134
-0.708766
2.70399
4.54809
2.38051
5.1014
-5.87767
2.64281
-12.1216
3.93434
11.7773
-4.06065
7.95785
-2.11691
9.34948
-1.87458
-7.62612
4.34663
-0.511502
-4.33348
8.72612
4.71577
13.7777
-0.508373
-20.9061
7.23074
0.437132
4.86908
12.4247
6.33002
-17.1187
-2.35982
11.0089
9.35409
-1.07881
-0.130887
-0.40438
-7.88671
2.96267
6.91725
5.60102
-8.01069
-3.39664
-5.85435
4.89995
-8.738
10.3179
5.51389
3.05237
-0.934773
-6.73098
-1.08933
1.16299
-10.9187
-4.37658
-12.7394
4.35628
7.81666
-1.35269
-1.37393
-1.59865
1.08714
-7.80052
-0.967951
0.299559
4.28094
13.3969
-15.7996
-22.5268
-0.747104
-1.74789
-6.428
-7.46419
5.56731
1.99267
0.412281
-16.8637
-14.7343
-1.48293
7.83401
18.1574
-19.27
-13.3085
-1.08537
16.5601
5.50734
-10.8376
3.92929
-12.182
3.33555
8.57837
-4.74723
9.00099
1.92818
-7.77884
3.8768
3.18921
-0.626632
-7.50811
7.82759
-5.64935
-10.7127
9.40298
5.87237
-16.001
13.0973
0.0307289
-12.4106
-0.484602
5.2606
-0.959982
3.08714
15.6522
-6.40144
-0.813109
13.4125
-9.94969
-17.9313
3.63345
-2.72718
5.60323
8.8918
-7.30511
-2.80216
-3.91578
4.30878
-5.12159
5.00659
2.79576
-0.425238
-12.8805
-9.70938
-6.55576
-6.95286
4.83174
1.86003
-1.1304
4.24084
-2.53007
4.57731
-3.94196
7.75922
15.0892
-10.0118
-2.02992
-2.42055
-7.59708
-3.81943
9.07404
0.244703
8.70653
2.5312
-2.90562
3.86013
1.65745
-8.65932
1.57487
0.755895
1.46087
-10.6538
-10.5567
-4.38874
5.10397
5.09258
1.24953
0.968429
4.32925
9.5912
-5.34459
-3.0724
13.9678
-4.33212
12.7984
-2.47181
-2.91626
-5.31769
-8.31281
0.025135
7.06749
2.90374
-12.4365
5.43395
-17.664
-1.32676
7.4032
-21.423
6.8011
-3.37212
-1.55483
-4.79595
-10.2199
-8.49804
-5.0583
-9.95966
9.08082
14.9374
-9.4471
-0.305706
0.0315254
0.504954
2.42835
-14.9917
-8.87573
-8.09664
-1.63511
0.257872
-7.18912
0.500109
-1.71894
-5.45571
3.67229
6.5892
0.443113
4.75346
0.850887
7.84225
0.412803
6.59938
-5.16689
-3.7494
1.15418
-4.12096
6.51512
-2.51732
5.53527
-6.1513
4.95278
1.3368
12.365
-8.28013
0.850525
-5.32006
8.36797
9.23639
0.738803
-4.89117
-0.0899592
-10.9817
1.42507
-10.4656
3.83219
-2.26486
11.3126
2.63835
3.5717
21.8165
10.7195
12.1734
14.284
11.3666
2.59026
-0.84577
-6.59842
-4.15813
8.39349
-10.9762
0.313335
-3.06754
-12.1853
5.53841
5.33573
-4.27271
-4.48645
-10.027
-16.3569
-1.22785
0.15598
-9.44358
-6.12562
6.57203
4.6928
-5.00297
7.48329
-6.02561
-8.30222
-2.4406
4.78102
-1.54099
6.31114
5.31054
7.04568
0.781561
7.71591
-1.11258
4.80534
3.71479
1.10752
6.89093
-5.16512
9.49641
8.07793
6.88866
-0.815453
6.6421
3.96671
-1.55047
1.91707
3.05928
-4.01401
-2.48694
-7.98532
5.02358
-2.61687
-9.04111
-13.1029
-5.44686
2.42225
-4.29601
5.41615
3.09955
4.80786
2.11441
10.9293
5.78191
1.53033
-4.80884
-5.65236
5.30685
-7.52332
-17.182
5.89074
4.97727
7.66733
3.87697
-12.6015
-0.468683
-2.66945
0.928736
18.953
3.68192
-14.8854
15.7215
3.69273
-8.88506
5.51377
-7.02912
-5.03782
5.98359
9.59226
2.66363
-1.29909
-3.92838
16.0091
2.14776
5.70873
8.51415
12.1065
-3.54619
12.9892
-6.1966
-5.95834
3.21416
0.444372
-2.19307
10.7637
-0.592847
2.47313
-6.3197
-7.70455
-1.21648
-9.18316
-7.71351
11.6826
-14.7573
6.18886
8.08713
-6.43577
6.93884
10.3378
-0.469478
-1.68362
6.89784
10.3025
-0.989195
17.334
1.46966
11.0683
-5.27014
-12.4258
-2.0535
-4.82597
-2.4266
3.85128
-2.80493
-9.97662
10.8767
5.65036
3.23415
5.48786
-5.1608
4.46956
-5.20714
0.62695
-10.5123
4.88884
-2.63335
-3.91485
1.79573
4.01705
-7.62414
-18.6999
2.31143
-6.63019
8.01503
3.18735
-0.77933
2.07537
-11.8613
-17.1023
-9.65071
-12.6814
-0.254678
-1.22006
1.68519
3.79629
-7.2237
-4.07454
-7.42302
-0.745288
2.63642
-2.96989
3.86135
-0.17392
-1.33829
-16.823
10.6496
-3.7779
2.12319
8.7132
-8.3657
-1.38485
-0.529582
3.80358
3.54004
12.1485
4.23421
14.4553
5.06275
1.75412
2.85627
-0.646096
-4.18007
3.35067
3.57006
6.30019
-0.498826
-7.54575
5.67608
-7.69061
10.5408
0.0272381
-0.118066
-9.30966
0.504587
-7.57842
0.714465
1.97721
5.15005
-6.6334
-1.57709
-6.50224
10.2011
-2.90504
1.07027
2.74334
5.29351
-0.0935581
-8.02661
0.714305
3.26838
-1.46336
-5.13269
-17.3781
1.31084
-5.93249
-2.35556
-4.33476
6.57427
1.1455
12.2513
2.70196
-7.10037
-0.415043
13.005
9.65418
0.681729
-2.78035
6.17617
2.00424
-18.4301
-8.78964
-2.17338
8.54439
-2.33754
-2.35129
-1.01881
9.78536
5.62511
-6.4537
-1.78789
11.4344
3.49262
9.16449
4.94786
3.80631
-4.44694
1.31829
3.48549
2.71277
5.1809
8.77579
9.14433
4.71581
7.00566
-1.4244
-2.73332
-8.36919
-5.59392
-14.8556
-2.5878
-5.99831
2.49994
-12.1161
4.72447
3.38287
-7.84022
4.15343
5.42039
-0.722725
-8.47635
-4.6957
-13.7243
5.74774
0.0614142
18.9174
14.159
-1.64801
4.31975
14.4363
2.86384
-2.62689
3.19761
-11.5737
-13.3851
-6.44551
6.34301
-0.0614442
-3.91436
5.2134
-9.35444
2.42317
-21.5986
-4.57903
-0.456506
8.7868
-3.57999
-6.1373
4.50761
-11.9672
-1.28447
-0.288553
-0.590831
3.84603
-10.7762
5.70697
6.412
15.5591
0.69488
7.60834
-15.0871
3.13461
3.72319
-7.08613
-6.8457
7.12999
3.64604
-5.01173
6.46169
-0.097777
-1.5675
-13.1404
-4.7611
-9.51153
-5.29775
4.1295
-3.64079
-5.79582
-10.8972
-6.77554
-5.02526
-7.27284
-7.11685
1.42206
-0.0440137
-0.658091
-2.39115
0.498672
-21.3775
3.55372
-2.55499
-15.0384
14.7013
10.5862
-4.32569
-0.107628
-9.97582
-1.60147
6.11358
-5.97418
-1.07413
-3.53312
-4.57802
1.73061
1.09569
-8.26799
7.52073
2.21232
6.81381
-8.51049
3.21117
2.26855
-1.26019
-7.13664
0.246788
-8.91343
12.3335
-6.27473
-4.99616
-0.311706
-7.48763
3.19604
10.9569
11.4749
-0.842801
-3.62324
11.3727
9.36401
-8.98157
7.99132
10.9614
-12.3776
9.00594
9.22893
-13.5785
10.44
-1.99255
-3.04141
6.35689
15.9304
-15.3683
1.02796
14.5473
-4.23629
-3.93399
8.32223
2.53216
-6.38212
3.80304
6.42495
3.1383
-3.73182
2.46924
5.99735
0.925645
1.16608
7.55408
9.59007
-5.03744
1.90359
-10.2681
5.11639
-1.2245
-1.29972
-1.27798
15.5379
2.67415
7.6586
-0.787266
6.84875
0.662705
-10.7147
-3.95195
-7.49237
-5.40223
10.5339
-2.99782
8.85616
6.77517
5.19709
4.89686
8.40864
7.87
-6.49363
-9.6263
0.617209
7.14804
1.62019
4.12845
10.1524
4.81343
5.20179
10.0805
1.70059
-12.9722
4.29059
-3.17387
-2.43918
5.69697
4.43282
-6.12133
2.24915
-9.5423
-5.01243
7.73322
12.1259
-2.76072
7.83831
-9.34388
2.57146
-4.625
-10.1456
-2.80413
0.158089
-1.22176
-5.80075
-13.1911
-2.62666
-17.2713
-7.85815
-5.25628
2.81778
6.86238
-7.72328
9.68693
-5.59199
-14.7195
2.88208
4.8546
4.39196
9.08656
4.60647
-1.97436
10.4543
-7.01411
4.58439
-10.9782
-5.43073
-2.39506
-11.462
1.89226
6.72997
-18.322
-2.56707
-2.21763
2.74209
-4.34341
-8.8033
6.30968
7.7223
0.606779
-10.1271
15.8706
-6.77303
-11.4756
-1.48769
-10.4989
-4.04487
-4.72833
4.55165
-1.76198
-0.218081
-10.1991
10.3065
-0.208398
-4.10777
6.4947
-5.78732
11.3776
-9.50648
-2.29205
5.60876
2.1868
-7.99003
3.41798
-1.27443
1.69962
11.2782
8.91139
6.71453
1.48602
-4.07262
-16.2292
-8.31709
-7.38078
14.8722
4.6037
-3.63765
4.05564
-5.91789
5.71661
7.43954
6.59355
-3.51588
2.45307
3.6881
-8.82252
7.16126
