2.3801
-2.5716
0.914131
-2.70451
0.519314
-0.445089
0.27255
1.72561
-2.48655
0.960483
0.911079
-2.1892
-4.5484
0.876173
0.599724
3.1592
-1.81036
1.42523
0.40186
1.19902
1.26479
1.81519
-0.0233599
2.02679
-0.835289
0.772568
0.313306
0.708245
-1.30445
0.743761
0.536952
0.332005
1.72342
0.871903
1.02489
2.15208
2.33204
1.6772
1.48748
0.116428
1.85736
0.585682
1.2087
2.07059
1.32192
-0.185388
2.08472
0.944564
0.960405
1.5876
2.68847
1.90641
2.79942
1.92459
-0.226956
1.74934
-1.03566
2.3262
0.343405
2.21482
0.511165
-0.17922
-0.487918
0.952869
-2.70792
2.63615
0.825289
1.03633
3.79926
0.732133
0.347088
0.0360217
0.764319
-1.00167
-2.601
1.02379
-0.905239
0.194086
3.72981
-0.0870341
0.115192
-0.671941
0.0660294
-0.576327
0.307542
1.51962
0.0707095
-1.26285
0.415914
0.569181
-1.16073
-0.378194
-0.653891
0.0119053
1.26441
1.22748
2.81857
-1.02625
1.6043
-0.835982
0.889641
3.16149
4.38891
-0.939309
0.28562
1.69816
1.36438
1.63192
1.01612
2.13874
1.23056
1.17449
0.450196
1.05676
1.88805
2.43746
-0.334463
3.1634
1.52166
2.77985
0.334694
1.12796
2.30682
1.66605
1.72468
3.67553
2.54068
1.73028
2.66951
0.490327
2.71478
-0.641358
2.04098
0.0738031
2.97578
0.443251
0.871934
-2.23798
-1.90582
0.113265
1.10327
1.26153
1.39999
3.26283
2.47055
2.69931
1.33841
-0.654997
2.18416
-0.62285
0.582863
2.23817
2.25107
3.94371
-0.0672708
0.282617
-0.474803
1.56725
2.09437
-0.545202
-1.89809
-0.640573
2.4144
1.70072
-2.91125
-1.00823
-1.97065
-1.22561
1.64082
-2.11726
1.2074
1.1946
-1.11638
2.38987
1.14183
-1.1623
1.77298
-2.48151
1.71094
-0.318618
-1.52052
1.67055
0.0555378
1.91649
0.256823
1.8998
1.55405
-0.25065
-1.49725
0.00601309
1.3952
1.31085
1.20639
1.83206
-0.381091
3.00775
0.833281
1.29407
-2.75256
-0.371973
1.18868
1.47393
1.94533
1.55367
-0.871635
-0.0467677
-0.28528
1.25594
2.46598
-0.831393
0.378728
3.03057
-1.57269
0.735415
1.78938
-0.4346
2.30647
1.1219
0.407643
0.0516358
-0.246679
2.62684
0.404056
2.18971
1.66363
-2.49534
-1.05181
2.51225
0.704814
3.25657
0.848269
0.354733
-3.19229
1.43676
0.258649
1.92451
0.719698
-1.78678
1.51586
2.02566
0.666121
-1.33339
2.01229
1.07916
-0.649259
0.447615
2.04366
-0.719413
-2.69665
1.50592
-0.833949
-0.328028
1.42014
-0.0680139
0.943154
-0.0653528
-1.52124
-2.48027
-0.0313587
1.36961
0.114599
2.07917
0.670888
1.51383
0.877662
2.49095
1.63339
-0.494984
1.01651
1.9395
-0.423305
0.234295
0.304027
1.96854
1.61702
0.612014
1.6228
0.809756
2.57222
1.34166
-0.921912
0.787959
1.34058
1.71332
-1.13872
1.57968
2.33978
1.57724
2.28513
1.42697
1.94546
-0.77566
2.45271
-0.458618
1.01127
2.00614
-1.30801
1.44467
-0.479036
-0.505695
0.168028
0.505216
-0.281213
-2.53652
0.189559
2.24472
0.845561
0.519476
2.0424
1.78172
1.19199
-0.219603
-2.45602
-1.54665
0.442948
-0.532261
0.586586
-1.10455
-3.32428
3.15954
2.0512
-2.61312
-3.58968
3.50343
-0.856167
-0.971105
1.62761
1.66332
0.377612
1.60074
1.57093
-1.70575
-1.17853
2.37228
1.95748
0.25866
1.36088
-0.445901
0.0406825
-2.51977
1.79856
1.83346
1.51695
1.31625
0.148002
1.2914
-1.66699
1.25058
0.372653
0.965158
2.12406
1.5846
0.515433
-0.22761
-0.66662
2.34715
0.293921
0.931598
-1.04081
-2.35807
1.94861
0.664923
0.992476
1.01171
0.704309
2.50004
1.75921
-0.473375
0.255783
1.2559
0.0415883
2.1841
1.44481
2.68659
1.23163
1.02915
2.10993
-1.77581
-3.38334
1.23253
1.27511
0.436317
1.61424
1.13234
3.69754
0.911862
-0.707167
-0.231147
0.728721
2.61741
1.89514
-0.97406
-0.29722
0.947358
-0.84099
1.81188
1.52354
0.968156
-2.08356
2.36116
1.43283
-1.0592
-1.84458
1.5422
0.451661
-1.11465
-2.24654
2.23707
3.13756
2.43879
2.63943
1.25932
-0.701323
-1.61199
-0.0335566
0.353181
1.08304
0.50764
0.748969
1.87927
1.68855
0.24888
0.576013
-0.518098
-1.72016
1.93395
-0.288176
-0.118954
2.13885
0.94736
0.133278
-0.25828
0.977901
-1.04636
1.3175
0.397393
3.34357
0.274257
-0.0416726
1.24433
1.89855
0.5283
0.621227
-0.635148
1.8447
-0.565154
0.537202
0.305538
0.916028
-0.225126
1.28077
-4.28147
1.58279
1.01311
-0.401483
0.386154
2.09152
-1.33553
0.909427
-5.64579
-0.744362
2.37645
-0.347931
0.823305
0.258894
1.08945
1.44383
0.164472
-1.25064
-0.613538
-0.804875
0.579926
1.29864
1.33016
-0.437632
1.13444
3.0335
-2.10996
2.06393
2.10829
1.74664
0.535737
2.20703
1.62229
1.05225
0.4173
0.110039
2.75806
1.07106
-2.73599
0.263719
2.68944
2.72136
1.92109
-0.432019
-0.78031
1.44115
0.481172
2.57222
0.455544
3.00739
-0.462412
-1.26561
2.26773
1.20352
1.69029
2.31944
-0.883751
1.81562
1.57679
0.86619
2.16823
0.47874
0.0551879
0.0674188
2.02836
1.0749
-1.00578
-0.0132112
3.00101
1.18934
-0.282791
-0.347286
-0.826478
-1.08798
2.05067
2.12491
-0.0238673
-1.07176
1.38242
1.33544
1.33861
-0.570487
1.79414
2.56242
0.444195
2.30904
-2.29752
0.546543
-1.47308
0.0382424
-1.17986
3.0031
1.19085
-2.50525
1.23949
0.315767
-0.305605
-0.116319
0.995952
0.76769
1.43087
1.97502
2.00984
1.42033
3.41347
1.3596
2.57997
-0.657366
0.15877
0.297654
1.95589
-0.536649
1.85314
1.57728
2.88791
2.2187
-0.186195
-0.882222
-0.390501
1.64061
-2.70032
2.22417
0.849436
1.79358
0.244539
1.08699
1.34815
1.79866
1.15601
1.74598
0.439864
-4.02369
1.89582
0.104691
2.55302
0.821388
0.825874
0.893069
0.16307
-2.27336
1.30677
0.152207
1.58502
-1.13809
0.127574
0.40973
0.828513
-1.42664
0.153261
-0.488313
-2.66115
-0.858363
-0.286671
1.75715
0.444147
1.05595
-9.03751
0.227992
2.60275
0.434086
0.589462
1.91901
-0.906748
1.71057
0.69481
2.20699
1.77198
-0.715168
1.88187
2.54899
-1.01332
1.88645
2.57711
0.494578
2.15566
2.04757
1.23102
-1.73823
0.987298
-0.499581
-0.590116
-2.64771
2.32913
2.7255
-1.23368
0.188932
0.849533
0.944189
-1.22896
1.82756
-1.01821
1.26551
0.228626
1.3879
1.97749
1.49285
-3.0339
-0.256283
1.02624
2.65468
-0.11762
0.0424101
0.562694
-2.63599
1.54774
-2.3303
0.990173
0.417767
0.126977
-0.704593
-0.228846
1.01096
2.01343
0.154525
2.23681
1.88466
-0.813166
1.8229
1.09336
0.882987
0.901151
-0.165457
2.28837
1.94774
3.33567
2.58217
2.65917
-2.1663
2.97851
1.2823
-0.0964804
0.841758
1.91078
-0.890723
1.97622
0.642872
-2.59943
1.83335
-0.041347
1.22672
0.86865
1.37724
2.91149
2.54574
2.25641
2.74086
1.43911
-1.17224
0.477113
-1.52922
3.33602
2.24435
2.00816
2.31283
1.67705
-0.411502
-0.121062
1.38694
0.185971
1.43546
1.79945
2.7879
-1.37189
0.450841
0.389658
2.81568
0.660674
4.33233
0.529442
-2.27031
1.87537
-2.57991
3.05975
0.699369
0.550314
0.617508
0.93259
1.41575
0.14156
1.062
0.347906
1.50191
-0.975845
-1.91737
2.25766
-2.55778
0.438034
2.54472
-5.04343
-1.40743
2.14972
3.575
-2.3225
3.05582
0.987774
0.57254
1.64197
-0.939635
-1.75649
2.98514
1.07107
-2.65652
2.25226
1.8184
1.57934
0.0787178
-0.293578
0.251611
-0.833914
0.858606
-0.00576046
1.01328
2.63926
1.88016
1.60223
1.29541
0.851941
-0.2693
1.0757
2.14543
1.81106
1.09947
0.970585
1.36608
-0.350428
1.02465
-0.190495
1.27353
0.794607
0.32234
1.31753
0.885651
-0.825576
0.955739
1.21559
0.479002
-2.76554
0.415486
1.92158
2.31942
0.0546822
0.332013
3.48141
0.82916
-0.226079
1.4217
-0.775309
0.697329
-1.48852
-0.794918
-0.183572
0.123751
0.765556
-1.82008
-0.96365
3.06365
1.04088
-0.0982679
1.60074
3.53179
1.21848
1.50244
3.68708
0.182977
3.14285
0.730312
3.59181
1.89388
1.30621
0.219059
1.25725
1.466
1.73857
-5.38182
0.683586
1.57995
1.14202
2.14052
-0.66069
-1.99506
1.79754
2.00948
-2.90106
-0.660853
-1.34988
1.20673
0.224494
-0.534581
2.56962
-1.29737
-1.28244
1.71774
-1.23589
0.772268
-2.17044
-0.525587
-0.35294
0.277982
-0.0948452
1.12007
2.01931
1.67035
2.93568
2.5497
3.13317
1.61126
1.50754
2.5216
0.811588
2.42008
1.50404
2.39027
0.813515
1.94627
0.148771
0.0674102
-2.96353
-0.639954
0.612443
2.56725
-1.50389
2.77203
0.753825
0.714825
2.14552
3.56978
2.43269
0.992251
2.01966
0.0333952
1.37752
-0.0564245
-1.4411
1.28959
0.776859
2.30665
-0.0931006
1.85325
0.960316
0.889115
-2.67265
-0.812239
1.6406
0.960604
1.91879
-0.1432
2.06259
-1.16978
0.101735
-0.657699
-1.29355
3.38422
-1.16211
-0.533888
0.065994
0.141626
1.11127
-0.6016
2.77306
-1.16395
-2.72688
0.796765
0.662403
-0.317987
1.29219
1.30282
-0.181414
1.36424
-0.319776
3.82627
-0.339845
-0.0332452
0.897622
3.79745
0.288367
0.87249
0.863189
1.14417
-1.13093
1.9962
-5.97248
1.52614
1.13844
0.644714
-0.0758703
1.44886
-0.666387
-0.0463361
0.822173
-2.91901
2.24417
2.56951
-3.56053
2.297
1.31768
-0.998102
3.10057
2.0062
1.96928
2.12885
0.257563
1.6222
0.946069
-0.331446
3.66429
1.39002
2.27593
1.06029
0.419172
2.09925
0.994418
-1.90411
1.58587
0.522878
0.743948
-0.453074
-0.22088
-0.614409
0.455416
-0.0450507
-0.294533
0.474524
0.78908
1.06305
-1.8867
1.02754
2.06553
1.97489
-1.87909
-3.24716
1.69655
0.649787
-0.270182
1.11085
1.33481
1.64066
2.96668
-0.947216
2.21296
-2.02268
-0.728494
-1.23036
0.562484
-0.427821
1.03245
-0.639033
1.87409
2.12151
1.48186
0.432565
1.53059
-3.67904
0.881377
2.87198
2.03039
-1.40234
0.894676
0.523181
2.84023
1.50853
-0.0998615
-0.697078
1.47094
1.06032
1.58012
0.362166
1.41189
0.515803
3.41368
0.500452
1.04924
3.38403
1.10538
0.388468
0.710501
1.49913
0.740268
-4.54774
1.02656
2.81674
-1.04028
0.349484
0.52823
0.844502
2.46049
-0.357931
2.21534
2.29893
-0.741956
1.33642
1.1931
1.27784
0.583068
-1.21185
0.688589
-1.76621
2.2668
-0.191533
3.09538
0.239648
-3.05774
1.45362
1.81411
-1.06709
-0.734943
-1.30778
1.37205
-0.873711
-0.185245
-1.19744
-0.0133555
2.7729
2.25887
0.746642
1.50723
-0.388886
0.669762
-1.55544
2.44908
1.33503
1.19702
1.46562
1.86053
1.40624
-0.198691
0.0813348
1.28781
3.79956
0.575654
1.30034
-0.867471
2.03281
1.39457
4.26509
1.57378
2.50885
-0.0902178
0.713557
-0.575911
-2.42605
0.85884
1.81557
-0.414934
1.71422
1.15023
-3.49217
0.126525
0.754322
-0.427632
0.219611
2.71855
-1.57998
-0.105976
-0.0955695
0.457567
1.11865
1.06951
1.88013
1.33191
1.15722
1.94707
1.58545
-0.391588
-1.9481
1.24051
-2.79073
0.434145
2.57416
3.3682
2.64524
-1.1805
4.01867
3.00179
2.8511
-1.88125
-0.915762
2.41996
-1.84778
1.2476
2.11228
1.41066
-2.52424
0.45523
1.11015
0.881906
-1.13692
1.12765
0.811554
1.03877
-0.912487
0.370069
0.379362
2.47204
0.897805
1.5624
0.318107
1.9284
0.473165
-2.67071
-1.13558
1.02723
-1.40135
0.707539
1.01799
-0.271451
1.14988
0.802027
3.32946
0.507694
1.5251
-3.10328
2.16928
1.10751
-0.778027
1.18624
3.40733
0.66368
-0.128927
-2.6335
-0.522642
0.37931
2.05265
2.61972
-0.131969
0.870966
-0.638286
-0.0872669
0.520791
1.72988
-0.0546263
-0.106543
0.555825
0.641607
3.34107
0.734823
1.04704
1.8119
0.442171
1.84781
1.98046
1.24573
3.99348
-1.33915
2.85325
2.30814
2.29323
2.45481
0.681248
0.866227
-0.0586541
-0.54433
-1.72803
3.30193
0.809737
0.577312
-2.02623
1.74025
1.46144
0.715058
-2.42294
1.13917
0.981273
1.18393
-3.20798
0.546013
2.06729
0.818679
0.795127
-0.878473
-0.627691
-0.695001
0.701464
2.33326
1.09512
2.34142
1.2721
-5.10171
1.92348
2.80563
1.91984
-0.616511
2.73844
-0.152741
2.20974
0.460265
0.510266
3.92162
1.32113
1.55537
2.50115
0.18116
0.378547
2.6306
-0.0624712
0.603677
0.301341
0.349456
1.0063
1.96063
-0.965876
-1.00406
1.34033
-1.97403
-0.225855
0.267142
-2.27582
0.78072
-0.604119
-0.259812
1.37756
2.31931
1.50609
2.49835
0.429555
0.847264
1.90792
2.36732
-4.0393
2.69314
0.479154
1.45465
-1.57557
1.7446
1.11592
1.02759
1.2382
2.53604
1.70782
3.16843
2.56802
2.8436
0.0999658
1.09982
0.915899
-0.526947
1.65212
2.07465
-0.549599
0.00917573
0.18195
-1.48068
2.3252
0.849568
1.81107
1.67569
-0.693654
1.82029
0.972701
2.40773
0.958071
0.796615
-0.330222
1.40191
0.855036
-0.0916829
-4.1615
-0.198436
1.53646
0.847281
2.17411
0.15632
0.41032
-1.41865
1.61477
-0.952842
0.934715
0.212465
0.693336
0.758405
2.13683
1.23587
-1.34524
-2.41181
1.173
-0.805377
-3.06654
0.723449
2.42442
0.147462
0.742145
2.3411
1.94391
1.6544
-2.85338
-0.0638592
2.69075
0.45058
1.13398
1.60871
0.921162
1.45666
0.00883131
1.57043
-0.785677
-1.87897
0.0480293
4.00379
2.93318
0.921237
2.09706
3.39265
1.44394
4.28485
1.48552
2.02703
0.722251
0.171935
-2.16467
0.948357
1.84863
-1.5209
0.991867
0.906205
1.24086
0.792031
0.848273
1.6011
-1.7006
3.08354
-2.00349
1.7475
-0.71898
2.50562
0.555285
-0.156817
-0.860049
1.40325
0.138038
0.576047
-1.08632
0.70743
-0.670727
-7.23517
0.320092
0.954501
0.370324
1.26934
-3.44715
-2.77585
-0.687305
0.161822
0.830359
-0.267499
1.35539
0.643925
0.326295
-0.405686
0.956459
1.7138
3.17976
1.83426
2.56919
1.63132
3.72327
-1.52558
2.48172
3.17336
0.704468
2.50657
2.1255
0.053764
2.92721
-0.577567
-1.10222
1.17789
2.64713
-0.584454
-3.56098
2.83115
0.677047
0.519239
0.264933
1.8162
2.2234
-1.21156
-2.07596
1.57525
0.0268131
3.71115
-1.38863
-0.20956
1.0972
3.11086
1.80279
2.3782
-0.0483277
1.09779
2.56269
0.680369
0.648634
0.932178
0.483546
0.786291
0.773623
2.74689
2.30088
0.140657
2.85388
0.251297
-2.00175
-0.00810741
1.45248
1.22408
1.51017
0.638779
0.121376
0.886504
-1.16515
-0.950761
1.08329
0.493725
-0.476264
2.4299
1.33783
0.295203
2.60035
0.438965
2.98505
-0.931641
-0.22489
-2.8019
1.70293
0.688822
-0.254617
-0.569453
1.19703
3.14235
2.22381
0.933759
1.79496
1.54589
0.0461104
-2.2564
2.50071
0.75715
0.46905
1.83488
0.498931
1.30799
2.03748
0.863365
2.39248
3.61198
1.71136
2.69498
1.05908
0.550919
-0.29257
-1.22703
1.41268
0.0354961
1.86197
-2.59483
0.475696
0.907776
-1.89269
-2.08863
0.97052
0.341108
1.52768
-2.06179
-0.248475
2.05007
1.62341
1.66059
1.94484
1.36808
1.72393
2.78943
0.762004
0.810643
-1.20958
2.7525
-0.92713
-2.97192
0.314901
2.48013
1.40707
-0.7971
0.0959587
1.98247
0.999085
-2.57326
-1.63695
-0.325152
-2.79208
0.866727
-0.809417
2.17973
-2.92421
1.6285
0.851297
1.07121
0.845104
0.356739
0.656393
2.20279
1.0462
3.53223
-1.15688
1.32942
2.94767
1.81721
1.49561
-0.586622
1.04863
0.242637
-3.1512
1.83732
-0.765391
0.104578
-2.92234
0.0618575
2.093
1.28224
-3.67725
2.18988
-2.42424
0.0945597
-0.327712
2.0125
2.13209
2.0425
0.604453
1.47184
2.03221
1.40311
3.23873
0.980098
1.07298
-0.293025
0.800174
0.041945
1.58109
-0.078352
-0.306237
0.206375
-0.369932
0.522231
2.40299
-0.362949
1.75955
2.08704
0.0778309
-0.519528
-1.51953
-2.42289
0.344234
0.313767
0.60728
1.20943
-2.6458
1.3451
2.27592
3.46555
4.11551
1.0086
2.29963
1.03723
1.55229
-2.20668
2.26213
0.227645
2.62438
0.0815069
-0.535511
0.780731
1.04191
0.0421432
-0.721785
-0.769593
1.61714
-0.64478
0.400484
2.41663
0.0393019
-1.08834
0.0888142
0.913448
-0.495177
1.16192
0.843528
1.18522
-0.625565
0.592403
2.4748
-0.650452
3.12495
-0.0371346
-1.12898
0.411955
0.0755348
-2.62692
0.686973
-0.0384105
0.0602002
-1.19335
1.34735
2.40721
-0.858983
2.38046
0.83373
1.44169
-1.57494
0.181056
2.58638
2.45896
2.14674
-0.0955111
0.951019
0.744229
0.665983
0.79387
0.543378
1.15694
-0.223468
2.04108
1.20411
0.470281
3.15946
1.3448
-0.167774
-0.546241
-4.70293
1.67824
5.42757
3.21294
-0.692946
2.50093
0.75969
0.455313
2.21729
-0.306463
-0.842618
-1.26834
-1.51309
-0.23429
0.422247
-0.322252
1.43781
0.0755225
1.5825
2.62351
1.43903
-0.376034
-2.44514
-1.465
1.04071
0.80865
-1.099
2.05908
0.00567448
-0.354807
-3.58244
3.27791
1.9809
1.10721
1.99151
2.42803
1.67893
1.17067
4.31448
0.0982936
1.89805
2.81393
-0.410098
0.853015
1.89286
1.13944
1.97198
2.21784
0.387774
-0.548982
0.437582
0.916481
-0.680991
1.89665
2.28316
-1.5345
-0.456207
1.74182
-0.687608
-3.37648
0.138092
-1.1865
2.76339
2.58516
1.28546
1.75476
2.45231
1.01398
-3.29984
-0.626117
1.90537
-0.241873
1.5767
1.66143
0.270567
0.672439
1.26159
2.44955
0.846176
2.55518
0.128879
2.90525
-0.18995
2.25908
1.01138
-0.101536
-0.261538
0.963373
0.866483
-1.40699
-0.816501
3.97294
2.57044
2.30399
-1.39275
0.655002
-0.200873
-0.793066
0.993052
1.53408
0.637226
0.177507
-0.712236
2.53142
0.0349319
-2.34807
1.08046
0.395894
3.31509
1.05388
1.07504
3.47092
-1.80054
2.62157
1.13623
-2.62385
0.666315
0.237411
0.747469
3.53918
-1.65089
0.851488
-1.24171
2.42396
-0.0751461
2.87223
-2.90347
0.67193
0.530521
1.59006
2.87276
3.40004
2.68646
3.5346
1.55475
1.36613
1.3978
-0.477603
1.58347
1.36285
-1.7544
0.0503489
0.892927
-1.04912
0.702433
0.70279
0.109407
1.75141
2.20996
3.56264
-0.238215
-0.277901
0.596296
0.0299807
-4.16997
0.00858746
-1.09824
0.0946581
-1.79733
1.50018
1.80741
1.78775
-0.867631
1.51398
1.37066
0.3467
1.41723
1.61952
1.34883
-0.445308
-0.236188
-1.35378
-0.137262
2.02178
0.0623828
3.08234
2.39264
-2.21265
-0.489094
-0.290575
1.84894
0.259717
2.2336
0.895354
1.05951
0.872944
2.13514
-2.04751
1.0567
1.94528
3.02449
3.38722
3.05471
2.8642
2.08101
2.19279
-0.737407
3.83396
1.23051
0.749996
-1.46127
1.28139
1.11137
0.424846
0.427508
1.99947
1.94345
-0.570674
-0.282133
-0.803289
1.87596
-1.52143
-0.724507
0.22535
1.68388
1.17001
0.482522
-1.31069
-1.23627
0.541809
-1.26002
0.704864
1.44306
-1.5255
0.55349
1.84182
0.0842543
1.11611
-0.261354
0.789214
2.17808
2.0566
-5.74532
1.04006
0.132433
-1.62123
3.32755
2.67547
-0.523755
-0.174328
-1.83438
-0.219007
0.829796
-0.405502
0.623043
0.154754
0.889433
0.973377
-0.329882
-1.61661
1.32347
1.00297
0.739635
1.77878
1.48293
2.01834
-0.604269
-2.85879
2.77728
-1.6997
1.19891
-0.976758
-1.27824
0.449726
1.01074
-1.02074
-2.27024
0.0386222
1.17987
0.370398
1.85216
2.01022
0.32936
-2.55296
1.13565
-1.52923
-2.35379
1.03593
0.958057
0.715023
1.64375
1.10287
0.258847
1.56061
1.27099
-1.37057
0.913966
0.632039
1.35255
0.491639
0.461936
2.71122
0.465198
-2.21607
-1.83013
3.36133
-0.463346
2.37202
1.12075
-1.13153
-3.82602
-1.0423
-1.64824
0.570909
0.731347
1.68161
2.92835
1.76875
-2.06287
2.14915
-2.29011
2.78061
1.70726
1.08909
0.497641
-2.2898
0.0152929
-0.0965184
1.71864
1.17538
-0.984385
0.648269
-0.0112114
1.0567
1.70132
0.139851
-1.23125
-0.531924
1.46869
0.0957992
3.48973
3.46855
0.960558
0.147127
0.00747801
0.954758
1.39924
1.3978
-1.33722
0.496855
-1.40907
-1.40158
0.212944
1.1012
0.0893342
0.970409
1.63547
1.57168
2.05982
0.801569
0.667807
-0.324083
0.741032
1.11465
-0.104589
0.892593
1.51019
-0.390294
-1.97755
2.19647
0.36129
2.52451
0.599186
0.568201
1.80827
-0.739208
-0.530291
1.97322
2.23042
1.52114
-1.07523
-2.49212
0.0769744
1.54059
0.432927
3.02546
0.0279533
2.02082
1.96012
0.800607
0.116602
3.21356
0.542566
1.0365
-2.66775
-0.0229357
2.5724
0.0912846
-1.26859
-0.406074
2.29718
2.31788
-2.91828
1.64167
1.96579
2.96242
-0.33078
-0.688696
1.34925
0.334051
0.817589
0.669506
0.911953
0.822434
2.24727
1.2185
0.0330445
2.64139
2.00226
0.883232
2.10002
-0.283177
0.853187
-0.516499
1.33799
0.426162
0.89956
0.640187
1.98056
-0.697826
1.38361
2.66866
3.8604
3.6383
4.22407
1.22917
2.13312
3.10357
1.90134
-0.127459
-0.912656
0.882342
1.05607
2.93109
0.721759
1.02483
2.38457
4.27926
0.7336
-0.95817
1.75058
2.14472
-1.87904
-0.46794
1.33121
2.19565
-0.741874
-0.00894941
1.96572
1.24383
-0.442992
2.01455
2.52676
-1.25311
0.233761
1.33709
-0.851088
2.62878
1.51913
-0.276619
2.32211
2.48344
-1.46926
-1.96924
1.39681
-1.90978
1.70231
0.348285
-0.452865
-1.18577
0.783123
-1.89292
-2.3946
2.98455
2.2587
1.93017
-1.40532
0.270191
-0.386933
0.29221
-1.59617
1.34793
2.74564
-0.199314
-0.234406
1.98348
2.11548
-2.30478
1.93525
2.99047
-0.350522
-0.662824
0.884011
0.0520418
2.22013
0.198956
1.15059
0.886809
-2.09461
1.25322
-0.785242
-2.35602
2.22586
1.44516
0.659351
0.283313
-0.128918
2.32411
0.88436
2.12713
0.225382
2.34141
1.44612
1.49889
2.06739
1.90425
2.36741
0.952822
3.26868
2.30249
2.81211
0.996733
0.398841
0.655657
0.713037
2.4391
1.967
-1.07531
-1.43838
-1.07573
2.08981
0.966556
1.18805
1.16458
1.18886
0.934046
0.197194
0.23208
2.33561
3.60243
-0.914737
2.11878
1.76376
1.69587
1.13773
1.44539
1.85779
-0.499256
1.31955
1.78223
-1.17126
2.78332
1.54015
0.0329128
0.588251
-0.586247
3.5428
1.8672
0.699236
0.812437
0.363537
1.37096
0.758028
1.10032
-2.09267
0.745365
-0.77303
1.88461
1.61446
-0.0306762
2.05826
1.86808
3.74063
3.38651
0.280032
2.5646
-5.19873
1.81264
-1.50538
1.13435
-0.640265
-0.364581
2.21962
2.02823
-1.25633
1.05229
1.06175
0.486035
0.799031
0.991783
1.92611
0.058708
0.207698
-0.777019
1.02738
-1.05354
1.34206
0.621074
1.69485
1.73636
0.795276
-1.53439
2.07838
2.66089
0.639998
0.292284
2.94854
1.53088
1.65192
2.76675
-1.29467
-0.524458
-0.41918
0.844432
0.48714
3.29238
-2.43504
2.4712
-0.697872
1.99896
1.80719
-0.621985
2.34493
-1.38627
0.275559
1.67663
-0.383978
-1.75105
-2.47226
2.19367
-1.97872
1.60124
-0.0141482
2.18824
-1.23518
-0.866416
-2.3105
0.0797481
-0.318407
-0.498983
-1.22058
-0.368678
1.32403
2.38607
-0.172108
1.02811
0.658246
0.614325
2.00149
-0.591375
1.92872
0.279861
-1.48452
0.568852
-0.217069
-0.936871
0.464697
1.88563
1.922
2.13657
2.56565
2.68544
-0.947103
2.21644
2.16869
-1.4208
0.240221
1.11694
1.47627
1.89549
0.704758
0.650507
0.423349
-0.640717
-2.13791
0.10653
4.16215
2.6785
0.862335
1.59308
2.40245
0.2838
0.533874
0.480555
1.3811
2.24706
0.764654
1.00711
3.2843
2.08844
0.171909
3.03718
-2.2375
1.22244
2.96889
1.58966
0.676965
1.57111
1.08856
-0.34847
2.80827
0.66064
3.19461
1.26448
3.00403
2.04982
2.03944
3.3363
4.3767
2.07464
3.36357
-2.48172
2.84506
2.47468
-0.385094
0.447242
-3.12011
-0.686062
1.34442
-0.557769
0.717351
0.276224
-1.22411
-0.568431
1.34784
0.613193
0.62209
1.13948
3.27784
2.09678
-0.694206
0.0112725
0.312
0.866395
-0.998172
-0.639459
3.21692
0.867906
1.64986
2.27295
-0.808312
1.3247
1.57905
2.03059
1.85743
-0.632581
0.453664
-2.70525
-0.339443
0.326027
2.03816
-0.154116
2.49026
1.62428
0.0830282
-3.78416
-0.518109
0.8446
-0.0124075
1.84195
1.34081
1.77819
1.46182
2.51435
-0.847663
1.38928
0.921023
1.98874
-1.33923
-0.959786
-0.405188
1.73102
2.6128
0.360254
0.0216152
-3.43391
2.46607
-0.504952
0.217866
1.16489
-0.907645
1.20386
2.34711
-0.694375
-0.165965
2.18327
3.06489
1.29235
0.602439
0.79473
1.8502
0.916762
-0.0152663
1.49813
1.65332
-0.480569
0.653272
2.15863
2.09297
1.91793
0.13678
-0.969162
0.550036
1.24953
0.423156
0.545129
0.575553
-1.06389
1.31539
-0.443557
-1.17759
1.71555
1.55754
-1.41664
-2.02195
1.31813
0.520971
2.68137
0.23788
1.22921
0.334864
1.8538
0.321994
0.537697
-0.0395482
2.27074
2.35334
2.53807
-1.97034
0.418247
3.35204
2.61457
-0.0938786
-2.49279
0.76525
-0.259837
1.70138
0.942106
1.56359
1.41934
1.15439
1.92373
1.09435
-0.842682
1.44383
-0.166701
-0.976462
-1.7144
1.08723
0.232883
1.53838
0.4128
-0.215549
0.0126026
1.71498
-0.0597819
1.77279
-0.46839
-0.406859
1.74197
2.80603
0.665779
2.63776
1.98413
0.800816
-3.57333
0.635386
-0.0356962
1.28585
-1.19342
-0.118045
-1.7067
-0.964934
1.82258
-3.39387
1.12871
1.33977
2.79808
2.27497
-1.35941
-0.502619
-0.514653
1.53918
1.69388
0.796324
1.05215
1.19746
-0.63499
1.09689
-0.60764
3.01945
2.37222
0.429969
-1.80469
-1.32838
2.03155
-0.0284373
-0.632234
2.15143
0.650395
-0.187677
1.64223
1.62762
-1.36247
-0.823134
2.36179
0.783759
-0.34369
1.21101
2.38595
1.29355
2.7587
-1.2928
1.4171
-0.460883
3.50257
0.150152
2.86271
3.24678
0.354378
0.768909
3.79683
3.13451
3.44091
-3.11284
0.773381
1.38223
-1.32136
1.81635
-1.54506
0.862247
1.54465
0.929276
0.892465
1.45512
0.227823
2.79813
1.40997
3.07302
0.462084
-1.31077
-0.519844
1.07403
1.70074
1.29727
1.08546
-3.16318
2.54712
1.70008
1.52813
0.848527
-0.445675
-1.57907
0.659819
3.1241
0.643861
1.44515
-0.837553
2.1642
2.22575
1.79304
1.12497
-0.562161
2.72635
-0.204472
-0.371243
1.88169
-1.34307
0.0865187
1.17213
-2.36078
0.886954
1.65134
1.85626
-1.62659
0.153008
2.42196
-0.0165806
-0.738039
2.32423
0.744053
2.88958
1.69632
0.00834914
-0.774794
-0.814424
-0.615732
1.94179
-0.954299
1.69518
-0.0233783
0.124898
-0.275948
-1.81011
-0.311485
-0.713234
-0.483226
0.892501
1.30489
0.164729
0.740284
-1.88804
-0.497356
-0.0764526
-0.481278
-0.44811
0.141412
-0.468939
-0.0230194
2.14377
2.53669
0.991812
-0.751792
1.31869
-1.72929
-1.9096
0.382655
-2.24559
0.817852
0.438905
2.66126
-1.39074
0.868975
2.73173
1.31836
3.94901
2.74123
0.060119
-0.806874
-2.69387
1.82318
2.23882
0.12283
1.3178
-0.418199
3.0617
-1.58653
-1.38934
0.473525
1.58874
0.772203
-0.0330118
2.34295
0.968087
0.780303
1.03275
-0.686625
2.24846
1.00715
2.49358
1.69936
-0.224586
-0.315561
-1.70453
1.37135
0.770235
1.51336
1.43286
0.356
2.60274
-0.406355
1.1223
0.844811
1.24624
-3.1556
1.206
2.15008
-3.29472
2.72221
0.874707
-3.89477
0.918853
2.78476
1.12625
0.534815
0.449072
2.42402
0.893982
-0.671063
3.28231
1.00516
-5.95199
-0.42167
1.56168
-2.17195
3.08096
-2.41298
2.44471
1.94489
2.38879
0.14541
-0.461262
-0.379014
0.216382
1.56529
-2.34991
2.23038
0.619877
-2.59736
1.74136
1.30234
1.40331
-0.719792
1.50731
0.668736
1.88821
0.853607
1.62382
2.96596
1.614
-2.84777
1.22675
-1.59244
2.80131
2.06281
0.440542
1.43418
0.39505
0.97936
-0.787383
1.13305
-0.926654
1.76132
-0.77622
1.73021
0.247833
-0.0133122
0.76252
1.91412
1.98683
-2.51741
1.91722
-0.763798
1.10503
2.84839
0.490482
0.293828
1.75611
0.708066
1.02885
1.17212
1.13928
-0.0640093
-0.482745
1.68675
2.13357
1.06673
2.20583
1.01467
-0.197411
-0.146969
0.378016
-1.11092
-0.396993
2.96396
3.90136
1.82775
1.50744
0.0247674
0.947921
0.629924
0.762212
2.33939
0.534948
-0.54309
0.337537
2.10957
2.7383
-0.392705
1.0534
-1.03142
-0.77126
-0.153414
0.495316
2.05009
1.95144
-2.91704
0.75968
3.83998
-0.391373
2.70998
0.686276
2.08764
-0.892866
0.599396
2.8212
0.0739958
0.263558
1.11806
2.62601
3.09347
0.258397
1.59914
1.81684
2.10761
0.562209
0.517907
-0.384094
-2.32608
-0.910284
-2.74723
1.14262
0.136158
2.27434
-0.803204
0.567019
1.4936
2.42996
-1.20875
2.95883
1.15947
-0.802604
0.271893
-2.69116
-0.524195
1.83969
1.98345
0.973555
-0.682596
1.15787
0.482786
-0.487109
0.793439
2.4343
1.13468
1.7263
1.21792
0.0132663
3.06882
3.23166
-0.046034
0.700634
0.820959
0.270056
2.57955
0.568834
2.40246
0.799412
-0.137435
2.00335
1.09298
0.213137
1.07651
-0.643853
0.212327
-0.107731
1.87265
0.742969
1.15843
-1.05547
3.68024
-1.51913
1.66521
-0.430457
1.20203
1.92708
1.82091
0.542577
1.44669
-0.14137
-3.00679
0.670865
0.16378
-0.00479523
1.92098
-0.486735
-0.541313
0.0701534
0.778889
1.22514
-0.397677
0.210409
1.33029
0.722287
-0.625295
-0.848961
-2.78804
1.23845
-0.0136851
-0.624962
0.91307
1.46203
0.0426489
1.6529
2.50923
0.622557
-1.57933
-2.23616
2.33477
2.75068
2.58991
1.66346
1.82037
-1.71117
1.49147
1.39532
-2.35119
2.08926
1.37817
1.32228
1.47632
-1.81516
2.51513
-0.93196
2.75832
2.39677
0.401276
0.159923
2.47431
-1.41008
1.99907
1.19308
2.05132
0.0196768
0.316881
0.412615
0.884582
0.943972
-1.26588
-1.00209
1.85401
3.79396
3.78197
1.28589
2.33524
-0.683683
