12.2544
3.56611
-6.40533
-8.28291
-1.57072
8.80804
-4.91156
-4.60382
9.6535
3.03115
-6.36777
9.12576
-4.27463
7.77604
-2.2362
-1.30088
-4.45969
5.4627
-3.46813
7.35735
-1.82392
-3.14822
-3.12427
-2.46646
-4.2603
-5.47538
-2.63564
-6.41595
-7.39237
11.9821
3.03515
-4.21371
-6.79207
-5.50299
-2.76461
6.08555
0.576847
-5.00138
-2.43847
-3.7202
-7.58923
-8.88605
-3.02783
9.08938
1.25509
0.0107645
-1.35432
9.07632
-1.70457
-0.74627
-5.07831
2.10308
-8.83321
6.46556
1.96018
4.92973
-0.767684
6.8042
-0.395515
-4.37014
-15.1933
-4.63863
2.10101
-3.25533
4.82927
4.1135
9.06123
6.53797
-0.904246
10.0171
-3.26568
-2.49166
0.0544142
-1.09354
5.85891
2.65521
3.87673
6.41034
-1.58573
6.13565
5.26307
-0.733415
-1.81037
6.61063
-2.20609
-3.95427
0.302699
2.88284
-0.60298
-15.0947
-12.2664
-8.58883
2.24691
-8.9583
-0.719408
-3.86114
12.3743
4.25162
-3.57718
-5.14039
-2.17845
-1.70849
-2.41409
-3.62165
-0.0313924
-5.0385
2.4291
-2.34098
0.454761
-2.32063
-9.32322
4.33705
8.66787
4.22681
4.1886
-2.70307
0.367063
2.91523
0.535394
5.90377
-3.08269
1.01867
11.6082
6.73696
-17.8936
-1.74741
1.64916
-0.83612
1.06845
2.11764
-3.02945
-0.801658
-3.80309
-5.50347
1.1961
5.66921
-0.970565
6.87949
0.082219
-6.80209
-8.29384
-0.795539
7.19394
8.75414
5.00012
-3.26388
7.97105
1.76616
1.55655
0.160521
-0.685411
-9.11373
-9.33131
1.71266
-8.75314
-5.65622
-0.435876
0.19585
-0.664649
3.38828
3.16339
-7.24429
-7.34763
-6.48443
-2.82799
7.29959
2.7517
0.142932
-2.06315
8.25639
5.65807
-1.55939
-1.19781
-6.60106
-5.58878
-3.61862
-4.87727
-0.390814
-0.843771
5.24936
-0.20028
-4.41353
3.99864
3.3052
3.38747
5.66923
2.11279
0.330466
0.426045
-6.11712
5.29883
2.27046
-0.0615151
6.69799
1.35411
13.6341
2.83784
-6.63997
0.34091
0.54449
-4.07132
7.17696
0.129396
1.70275
-1.75946
4.54322
-0.093647
-9.64669
-3.87862
5.73533
-2.31448
-0.495973
-1.28559
8.49298
9.01444
-0.336545
-2.43834
-3.15443
-1.47179
10.168
-2.15752
0.323853
11.2568
0.595734
-3.50643
1.77087
0.863528
2.94656
0.709447
4.2952
-0.275977
9.57662
1.33337
2.1572
-3.14109
-0.649988
4.14251
-1.2723
-12.0419
-5.14163
-3.56839
5.18848
1.91836
2.93953
2.91576
-3.65894
8.39352
4.3012
1.0666
-10.1261
6.76572
-7.44668
-3.5994
5.86258
-3.50222
9.80636
0.782924
-1.26269
12.5754
9.37519
6.0382
-4.63467
-1.59105
2.65832
-3.10264
-9.44663
3.09415
0.409455
-2.47993
10.0666
8.23241
10.9733
1.30946
-8.26182
-0.410097
2.40854
3.0731
-2.07585
2.43737
-3.26259
-0.594305
8.00074
-4.69585
12.0594
3.87977
12.7663
-0.921875
-8.27429
8.12473
-4.10683
-5.18485
-2.0505
-4.63816
4.74532
3.67816
-5.53799
4.65434
4.81475
-11.3225
5.41386
14.0024
2.10776
-4.11515
0.533959
-13.5472
-9.40693
-6.72203
2.17946
7.82126
6.85429
5.87211
1.68357
-4.06866
5.72939
11.462
5.55953
3.83572
3.6724
-5.45556
12.41
-0.28216
4.03437
-5.49964
1.62266
-3.919
-0.563468
0.559134
0.299523
7.52675
6.64847
0.357127
0.238293
-2.54585
-7.11533
-7.24565
-10.0649
-2.31248
-1.56633
0.939175
7.41003
10.2495
-4.03092
14.4059
2.24896
-3.60734
-11.2353
-4.37709
7.71437
-7.898
2.32413
-5.81242
6.27315
1.01452
-5.21216
4.27326
10.1008
4.47439
0.882225
1.10011
7.39392
2.94867
3.02528
2.2464
1.00209
0.996444
5.13163
-4.94971
-15.9549
-14.7487
6.47337
4.66837
-0.256444
5.63581
1.22529
-11.8518
1.72222
2.28628
4.81522
0.98771
1.60693
-2.51887
-0.867923
4.79801
2.55156
-9.88186
-5.40676
3.20419
-1.37952
-7.48953
6.78456
5.85656
7.50426
-2.00133
-1.22509
-2.45219
7.35393
2.45444
4.77183
7.02341
4.06659
-0.860572
1.23829
2.79747
-7.81947
1.40243
-7.97665
-1.26616
-0.575996
3.08019
-6.69395
0.0285853
3.85306
4.15979
-14.3604
-4.25274
4.37453
2.69019
-4.56005
4.20994
-3.16664
8.60491
-2.70005
0.0922918
4.78953
1.52265
8.17488
-1.1433
11.1101
1.99908
1.02213
11.1216
5.21419
6.43313
-1.93413
-8.09887
-8.20325
-7.27716
1.65588
7.91535
3.14947
0.148165
-4.29997
1.55542
1.28918
5.93248
-6.97483
0.149003
-1.91928
2.97753
-3.07537
-2.28698
7.27841
7.60718
-0.45525
8.49944
3.59025
0.557216
-0.138811
5.89214
-3.97013
1.04335
5.73045
-4.78366
-8.07523
-0.494326
0.346733
-5.13652
3.75819
6.47134
-1.12211
-6.79125
-7.64449
-5.83784
-3.93208
9.14632
8.35637
2.91196
8.07294
-11.0541
-2.68427
5.61069
3.23475
2.37217
-7.18636
2.76797
-6.56496
4.02423
1.09066
5.72162
-16.4595
-0.0267469
-3.4141
4.7035
-0.812235
1.95832
11.2944
0.631093
4.77597
-2.66145
-3.88496
-5.69026
1.88906
-8.194
-3.44216
0.115929
4.30017
3.47929
3.43831
1.0396
-1.4683
-2.301
-2.1227
-7.31983
-0.547286
13.4701
7.80323
-12.5608
-4.81118
-4.81894
-2.83977
1.5148
0.701185
-3.75714
0.226491
9.04691
-2.12114
-0.792938
-5.45576
-3.23483
2.80358
6.74605
2.94077
-1.33595
6.65008
-6.29128
-5.08438
0.759728
-4.66462
5.29502
-10.7453
0.990142
5.50939
-0.837448
-0.241902
5.06233
1.94994
-1.23436
1.12664
6.4045
-7.22645
-2.37008
7.13725
-5.26393
17.7161
3.00672
1.96734
2.12747
-4.48409
7.69741
1.51451
-3.57654
-12.6355
-1.85203
-2.27351
-0.353636
-3.73002
-5.03064
3.72789
-4.84586
-4.11831
-0.000388035
2.33235
8.19845
0.707627
0.165014
1.39366
5.75454
2.4642
-0.857791
3.51005
14.7277
-4.32025
-1.23443
3.95264
1.26303
4.98541
4.87755
5.11278
6.82354
-3.97672
6.98744
3.76436
-4.61415
-1.26059
1.32377
12.4376
-3.52684
-2.92434
0.490182
4.32883
5.31051
-0.298382
1.9808
4.84231
5.54046
-7.56742
-1.81853
5.30077
-1.57072
-11.7537
-7.98962
-0.249226
-3.88881
8.57888
-10.2821
-4.31189
-3.30074
-0.334638
-2.4168
2.23097
5.22763
-5.9909
-1.66882
2.54317
4.86267
5.52452
2.16152
5.51183
0.830236
-2.62987
0.882716
1.53755
2.52565
-2.00435
-5.29638
-1.68263
-5.68418
-0.0893468
-2.61733
-3.63099
-6.72297
0.232565
1.02917
-11.489
3.52483
-0.178172
-12.4881
4.14145
-9.12524
-5.60886
-22.2731
-2.4558
11.5766
-6.59036
-0.941491
-2.32167
0.187399
5.37716
-0.446135
-4.20091
-1.32034
-2.74341
2.31867
-17.0611
3.12085
0.149761
-12.446
0.710309
1.06174
-0.51951
-5.22327
-7.9662
2.65548
5.45654
3.81311
-7.86638
-8.08986
-7.25605
1.83979
12.5383
-11.4758
-1.31247
1.71028
-0.911493
-1.02004
-0.0532371
7.98532
3.34802
-1.76972
-3.92449
-1.59415
3.87339
-5.34624
-2.66436
-4.19184
-6.80626
3.88344
-3.6047
-6.27026
-2.09433
0.603952
5.51985
-9.4932
-8.68513
0.17835
3.16304
1.02927
-1.88657
-3.12252
-1.23192
10.0581
-7.5159
-2.07467
-3.91342
6.58541
6.71847
0.546125
5.43681
-5.01438
0.757315
13.6671
-0.541403
-7.75827
9.102
8.26747
-3.4091
8.20739
-0.485978
-7.66991
-0.542167
-6.02305
-1.32009
-1.90872
-1.16423
-5.39628
-10.426
-9.02836
4.72833
2.25797
-10.7399
-6.65371
-1.97385
-4.95086
-5.85138
4.48758
1.08761
-5.45347
-0.786419
7.76531
6.23678
-7.63393
7.00832
-3.88972
2.09894
-3.27295
-3.84897
4.57035
1.98541
1.75545
-1.15278
-4.08309
-2.86062
8.24401
-8.9549
-3.26636
-3.42556
-1.17312
2.76905
-0.94792
-8.06649
7.34829
-1.692
3.27126
5.26363
6.73625
4.65087
3.27351
2.02354
2.01172
0.148203
5.12097
-1.9447
-0.808249
7.94115
9.45408
2.81673
2.58358
-5.00955
0.844719
-1.7755
1.5537
5.18038
3.99348
1.98492
-1.17346
0.711044
3.01917
2.8568
3.15377
-3.26857
-7.70307
-14.1359
8.02852
0.781818
1.53073
0.791153
-2.86073
-0.567329
-4.09185
-4.46826
2.44711
11.7903
1.00382
-7.71858
7.15566
6.85938
-1.33583
-1.37473
0.673937
1.34593
4.69312
5.8245
1.89068
-0.115897
0.433776
3.09609
8.30996
-0.432589
0.329376
-6.1279
4.53035
5.97273
10.2572
0.468851
-7.32874
1.872
-11.1254
-5.16829
3.92039
6.1334
6.58323
7.8093
1.32955
-1.78328
0.63283
5.22555
2.36249
-4.91122
-0.0401395
-0.18544
8.82228
2.83373
-0.105283
5.60454
-6.56776
4.6531
-13.0805
-4.73931
-6.74248
5.0775
-1.54352
-7.72626
1.32552
-3.37572
1.48212
0.68768
-0.708887
-3.90335
-3.02275
6.7523
7.85896
3.26016
-1.92381
2.39133
-8.03867
-2.02181
3.06299
-1.44599
-4.25817
-6.71742
2.38422
10.0535
-0.557108
-1.22408
4.67832
3.43276
-5.96645
-4.77032
5.57162
-1.28677
4.79747
-8.20721
4.27548
-2.92231
-10.2965
7.3904
-6.00291
-9.14481
2.34903
-0.60608
1.26158
1.29917
0.934119
3.21184
-7.27988
-11.1138
6.31904
4.43739
4.93091
-0.925333
4.60433
5.89691
-4.445
8.16527
7.02075
6.26615
-4.03769
4.22341
3.19206
0.672002
-2.74299
15.2845
-1.37685
-2.19704
-0.38228
7.61155
0.589276
5.1713
0.240389
2.71279
4.12488
11.2161
6.27025
-0.548533
-8.79355
-4.7357
-5.46138
-6.88976
5.72028
10.1984
6.12411
-9.2751
3.79122
-5.62
3.27971
-8.48963
-0.482979
-9.2255
2.17805
9.79037
3.7131
-5.67291
-7.13487
-5.52882
2.97305
-13.0176
-3.28201
-2.00987
5.21122
-0.36173
6.2929
-4.03781
10.4322
4.63651
3.89352
-8.00648
7.08416
-6.38967
-0.0499838
-4.85362
4.36634
-5.3626
11.2484
-7.85552
-1.87028
10.8435
13.1753
-5.47059
5.20333
-2.09365
6.95719
6.3837
4.25578
7.403
5.53752
3.63484
-4.72083
7.70468
7.44064
-2.67483
-4.99702
-0.803235
1.46913
-4.73777
1.54788
5.45759
4.34762
7.20903
8.94569
-0.634411
3.46401
9.33299
-1.85146
5.66832
-7.47241
-3.11775
-0.908583
-3.29505
-3.51327
-5.25633
5.09463
-0.419753
0.575011
-0.484044
-3.9372
1.2867
12.1854
-3.92279
-3.62304
-1.58286
-1.41811
0.987005
7.17941
5.33305
-1.88827
-12.717
-11.2339
-0.0843683
11.1321
4.77644
-11.1094
-9.74344
12.0113
2.76598
-1.35185
2.29339
2.64896
5.34303
2.99159
4.93207
-10.1587
5.60508
9.074
2.60588
-2.43272
-0.917226
4.4452
-3.30008
-3.00591
-6.04318
0.848125
8.73799
3.34842
0.401788
-6.54082
0.814255
3.06828
1.12897
-2.40679
-7.94037
3.69593
0.538352
0.0553899
-3.51055
-0.0580514
-4.67163
4.87607
-6.71605
-5.45584
6.02584
5.15317
7.66949
4.29952
1.7106
-2.78431
6.83834
-0.928875
3.28011
5.15077
3.91012
-5.02982
-5.71285
-4.07586
-2.5119
-7.34893
0.950596
-0.831309
3.03935
-2.67229
0.557386
7.22078
8.97608
9.04056
-1.43802
-3.88635
-2.42922
-0.833651
-5.03145
0.783739
0.956175
-2.2248
1.57743
1.53719
4.50853
-1.20567
1.5003
2.74647
6.86931
10.4799
-2.42261
6.9432
1.66155
6.02581
-7.92457
3.45646
-2.57151
5.72959
10.6203
1.76237
4.71619
-0.263231
0.379636
9.96512
1.4291
-8.15158
-5.17017
-7.08321
-0.362265
0.241329
4.47378
-0.0483267
9.2495
-1.11132
2.48869
1.14201
1.54677
1.72633
-1.108
-1.51344
5.90385
1.70289
-1.91349
1.39961
-5.74013
14.999
4.58191
3.18782
0.321989
10.5998
-4.20145
1.4515
-1.2726
1.49168
1.03305
-4.03921
-7.93303
1.8768
-5.40615
0.785166
5.84632
7.83671
-9.89292
-8.02755
0.271199
4.44761
-9.91173
-4.11238
-1.09964
-7.63766
-2.96783
-1.94783
-3.76676
-10.0339
-2.81344
5.77654
1.89901
0.62077
-2.01446
-2.95821
2.38274
-0.028249
2.92063
0.628422
-1.91132
7.93341
3.52823
-6.45988
-3.50081
-4.26655
-3.29844
-4.71095
-0.577826
10.6973
6.79007
-0.958991
0.384443
1.77381
-7.32719
14.0774
-1.66917
4.03116
-3.52007
6.14853
-8.32605
-5.87996
-7.39413
-5.76131
-5.59701
3.96854
12.5072
8.9126
-13.9148
-7.2194
0.198151
5.86683
8.83909
5.32164
1.9444
-0.27673
-3.26984
-9.04951
5.80308
3.19251
7.21879
-3.15358
0.469718
2.7395
7.60996
-6.83272
-1.31521
1.31229
-0.882456
-2.24595
3.36017
-2.05886
-1.15278
3.71722
3.19578
1.1434
14.1791
-1.49763
3.15814
4.53207
11.1443
6.21643
10.4793
-2.78076
-2.26347
6.77062
5.60291
4.6649
4.37899
-11.9509
0.429785
1.60604
1.85926
-6.64619
4.85657
-6.87246
7.60245
9.06235
1.32084
-5.06055
2.00027
9.34867
5.0175
6.66452
-1.79176
-11.7388
-0.623641
-2.76652
1.6069
4.07543
1.26307
2.19922
-9.76532
-8.48968
-2.05078
-3.66406
-9.29721
0.0600846
-6.59442
0.378227
-11.6129
0.388087
4.90591
6.39056
-5.81887
3.99325
-0.368363
1.13658
-2.66866
1.70208
5.32161
-0.895193
-6.56905
-7.10643
7.53752
-0.819833
8.93433
4.04963
15.7523
-3.78586
7.01417
6.32225
7.31449
-2.10427
2.81847
-4.5203
10.1519
2.92283
0.516101
-0.972799
4.72777
-5.46032
5.98206
-4.10188
0.320256
6.63966
-6.03489
6.42142
2.06095
1.65185
13.5499
-10.0869
-3.43546
2.51346
-6.0775
6.90842
-5.85089
7.82388
-4.58356
1.07986
6.09767
-2.45437
-4.70476
1.18135
5.44117
4.32271
2.21626
2.92209
8.42698
4.74244
0.301551
7.9497
6.17342
-3.48954
7.81419
2.63107
4.3883
-3.37193
-1.40322
-4.9007
6.33717
8.96267
-5.2569
-4.0657
2.81196
4.05544
3.28103
5.90305
5.77865
5.61087
-1.68615
-0.902654
3.62154
-10.1817
1.79515
-10.0395
-9.3021
-1.94178
0.12529
4.36553
-13.4497
8.31889
0.704647
-5.7717
8.07847
3.95872
-3.98617
3.8704
-2.36114
-0.109878
2.26871
2.42888
-9.05538
6.72723
-4.06334
3.02824
3.07904
-1.70218
1.48541
-3.90932
6.89233
-9.50768
0.964932
-2.2611
-1.81088
0.390175
14.474
-0.574727
-3.53571
3.42535
10.2533
-8.5889
-7.08291
2.91745
-5.96115
6.87253
-9.16185
3.78316
3.53637
-1.6424
-0.132292
7.0562
-7.96308
6.12202
9.10134
-10.0398
-1.4723
-1.69892
-14.3269
-2.29813
6.9777
0.247423
3.54229
-1.69919
-2.02447
0.0349475
-4.7841
2.72167
0.965069
-5.63001
6.14678
6.09178
9.10376
0.300997
7.64902
3.74821
3.46684
1.55382
5.04599
-1.64562
9.08209
4.37409
9.0341
4.4642
-2.69174
-5.88468
3.83735
1.19318
0.401187
0.68054
-7.32953
1.45062
8.13316
-14.4874
-1.48597
-9.20431
-10.7692
-3.50854
0.930315
10.6937
5.67913
-2.43901
4.68053
12.5393
-9.43767
-2.88421
-0.339613
-0.672317
2.10899
3.29598
-6.00253
-1.67283
-2.37675
-3.95686
3.8363
3.8121
4.11787
-9.24741
2.34227
-2.21768
0.43816
-6.53621
5.64989
-4.0506
1.79699
13.1069
5.51043
-2.08239
-2.90896
-0.344409
-1.10315
-2.18614
0.894453
-4.618
-5.85266
1.36913
5.45627
-1.9506
6.18046
1.01279
-3.93625
-0.649752
-3.27321
-2.43797
0.104555
-12.7413
-7.08628
-1.81219
2.63915
9.45288
5.55823
8.12966
4.79355
0.00787601
0.0661097
3.31143
-6.67748
3.49603
-3.61156
5.83562
8.70429
-6.62541
-2.59372
-5.05536
-7.7173
-1.02072
2.15381
3.54049
6.09278
-3.53847
4.12314
-1.76259
1.02614
6.8413
-1.60972
5.83349
-17.8425
8.3777
0.307741
6.47164
-3.28931
12.1785
7.67821
2.68533
-5.9489
-11.229
6.5832
2.08963
-3.88703
8.48948
-3.02365
-4.55046
-4.36729
5.42423
1.77264
-2.2027
8.48263
0.0445552
3.68311
-4.64519
0.994077
7.41029
4.64231
2.24137
-3.10727
-9.17508
4.45568
5.00433
-8.76326
6.49794
-4.4931
3.33854
-0.669936
9.39673
4.61913
3.22714
6.25796
-10.0542
-4.28462
2.40904
-14.0187
-5.73751
-1.98151
1.00699
8.4099
1.20751
5.58831
3.0471
-1.12071
-0.480234
-7.2923
-1.35735
-1.75879
0.500534
-3.61961
-0.98963
-1.35685
4.01412
9.96765
-0.557116
-8.52856
-0.775229
5.13249
-2.67076
2.4441
6.29898
-0.263315
-8.03372
-0.215098
3.70379
-8.89654
11.1965
-1.47559
2.69776
-0.564393
-0.896983
-7.3287
-7.74989
-0.391404
6.4952
2.41976
3.29591
-8.42871
-9.74674
3.59514
-8.7397
-5.97357
0.0995966
-4.37475
0.00198808
7.48171
0.919613
1.74682
2.89879
6.21051
-3.21493
-7.00933
5.5656
5.20523
-5.12753
-1.81099
-5.21273
-5.10248
-6.89749
5.1105
-4.20601
8.63927
-0.452777
1.62037
-3.08126
-7.44882
2.18627
2.29842
-1.29193
-5.99553
3.04527
-3.37155
5.38787
4.3495
11.1949
-0.0995122
-1.69612
-11.4821
6.24807
-1.80289
8.34958
1.47088
15.8571
-9.06545
-7.89889
0.370061
8.83902
9.59948
0.996421
-1.91759
-4.09421
-12.9902
8.46739
-0.0629987
6.52506
-1.21553
-1.58621
-11.1486
-6.12175
-5.96789
-0.643668
-7.49221
-5.40888
4.42424
-2.52076
2.7488
10.671
1.84269
4.60464
3.23549
0.442609
10.0048
-1.03077
1.90799
5.74345
6.79366
2.91664
1.36345
-4.80113
10.7775
9.08139
-4.30456
3.20788
-1.36624
1.08325
3.20216
-3.70369
-0.457032
4.07529
8.90866
-8.40547
8.83404
5.97089
-6.28451
-3.99473
7.64621
-8.70863
-5.78832
1.31454
-9.99566
-2.34109
-4.41844
-7.16793
6.40118
3.94068
-7.45194
-2.11907
-2.59457
7.57768
-1.68312
9.68726
-4.81027
3.48818
2.55683
0.924021
2.19241
-4.82734
4.12673
2.47172
-9.05076
6.44619
-13.2561
-6.92978
0.653961
-3.837
-2.34037
8.7361
0.0846073
-1.42289
6.05471
-6.42509
-1.56646
-3.71665
-6.53611
6.44216
-1.18558
1.26184
4.02663
6.56811
-1.15265
-0.796798
-0.962763
2.48891
2.51694
-7.66078
-4.6259
4.58996
-5.74451
1.46182
-6.16391
-3.45137
-2.09995
1.50172
19.7536
-0.922443
-3.14748
5.39104
-6.39054
-3.75653
4.77999
3.45729
11.8171
7.191
7.28241
2.45658
-3.65823
-4.24893
6.35714
0.0136192
-1.46749
-14.154
-9.99425
2.24796
-4.08665
-8.22112
-4.47683
-2.88788
1.38227
5.26422
-3.43069
-2.22231
-0.988546
3.8873
-0.219735
1.70401
-3.46828
7.07253
-2.71756
-1.19089
3.99965
1.64398
2.33048
13.7873
0.302931
8.71414
3.14726
-1.49688
4.4556
10.8334
-5.92716
5.2538
0.410705
7.41946
9.20243
-2.43866
8.98485
-0.46055
8.62933
6.62817
-5.73015
0.902416
-3.78558
5.86505
-6.09089
-11.1488
5.4786
0.18775
1.41935
2.92193
-2.74059
11.8619
-1.74865
10.7001
0.888838
-3.6652
3.0816
1.83655
1.53758
-5.63074
2.22279
0.904693
0.931646
9.06791
10.5477
-4.11923
-2.80002
-6.38257
-1.11883
4.61213
-2.01077
0.921705
3.79051
8.94004
8.67235
-0.331531
8.86406
-1.19204
0.855791
-7.93728
-3.19056
8.76282
-10.2929
2.06187
4.31216
-4.93057
-0.473543
2.18052
1.22395
1.86979
-5.76501
-8.93013
-13.1383
0.685855
-5.87005
-8.56534
-1.08825
7.0759
-5.35162
2.38245
2.44548
-3.73359
5.59761
3.72077
8.74849
0.626998
-1.28427
2.79027
-2.94006
10.1601
2.73475
9.42036
6.49475
-1.51315
-9.31322
3.18365
9.73944
-11.2654
-0.722103
-0.688041
5.45197
1.71911
3.81846
8.98751
-2.14122
13.7769
-11.6785
3.95905
1.60166
13.0922
-2.34898
-6.93516
-0.876278
12.9317
-13.3626
13.3316
0.229387
-2.42371
-0.971538
5.50139
-1.30912
0.543396
-1.01882
-2.04206
-1.54442
5.6908
4.81451
-4.83402
3.6159
2.08809
-1.4231
-11.03
-6.10911
7.70355
2.15887
5.01983
2.65867
-5.1098
3.8362
2.78943
-0.967685
10.9296
-11.7977
-4.72687
-3.94231
0.0987563
14.4418
-8.4522
5.86597
4.27565
4.78872
-5.46031
2.02714
10.6157
3.5303
7.45798
-1.04104
-8.07839
-1.64059
-3.62712
-4.63079
4.34286
4.1935
-7.51609
6.58882
-4.08025
-3.40645
-4.14606
-4.73355
0.476859
-3.90044
12.3211
-9.13261
3.2818
-4.45812
-5.26318
4.26187
-10.9295
-13.5635
6.28216
5.27615
4.83848
0.291654
2.94827
6.27754
-11.2858
1.65805
2.05204
-1.39962
-17.3774
3.17462
6.09572
-7.51807
-6.52101
-0.535952
-1.19254
-2.78614
-1.05746
-2.83422
2.40514
10.1787
12.8861
2.17395
-9.19866
-8.92746
3.53613
-1.61335
5.57781
2.03655
-4.98786
-0.973751
7.50878
2.04668
0.498721
-0.369391
8.13893
6.47713
4.33423
11.0577
7.98431
9.65424
2.7507
-0.965378
2.73852
13.7842
8.02557
2.35917
-6.03703
-4.58318
-8.40707
5.94629
3.86236
4.19957
-2.46256
1.21917
-10.3175
9.87459
-3.29659
5.93901
-3.44035
2.39151
7.0078
0.32875
-3.45159
4.80226
-10.436
5.54466
7.79946
-5.0937
-1.34854
8.357
6.67405
-0.251693
-1.13136
-7.76181
-6.23926
5.3684
6.32338
6.87271
7.65058
10.7553
-4.82597
-4.78212
4.70019
-1.63919
3.52273
7.30769
-4.83292
0.313893
3.74399
9.46981
10.9943
8.46721
5.99167
2.36033
-6.16759
0.798244
9.72493
-6.57677
3.99247
3.08535
-1.86681
-7.22709
-2.40062
-3.23569
2.59268
-0.88088
-3.78238
0.262777
12.5388
-1.19228
-1.80425
-5.82806
2.67195
-9.21508
4.18739
3.28936
3.08281
-5.66886
-6.77312
-6.04487
-5.38862
-3.45374
-16.1233
-9.75771
4.07442
4.09284
-0.0015427
6.43455
-1.58798
2.34187
-0.918813
-3.54821
-6.3271
3.83015
2.008
8.90905
-2.77497
0.543601
4.39154
6.23735
4.34132
5.31934
1.47248
3.50122
7.17421
-0.874922
-8.48133
1.68542
-2.71648
-0.773379
-1.6299
2.43774
0.996713
1.81842
-1.68622
-1.33765
1.41848
-11.1229
0.775166
8.95369
5.89122
-1.22049
2.53436
4.20158
10.542
-3.86222
4.91209
-3.71534
2.10255
0.00901148
3.52705
-4.53186
-5.70976
-1.57786
4.22296
0.323786
1.09962
-0.628612
8.29489
7.08096
-3.40907
6.91819
8.76706
-5.39399
-3.75276
-0.969627
-4.56737
-9.7793
5.5443
2.35634
-3.24287
-7.54403
-1.56299
5.7201
-8.8482
4.13319
2.00223
1.07682
5.38793
14.4816
7.0884
4.74073
-8.88177
4.90791
1.2292
-4.7951
-3.30585
0.285833
-2.31998
2.7696
8.73143
5.95187
-0.411864
4.03746
-1.58947
5.48987
4.18441
3.8167
5.70639
-4.05826
8.61916
-0.166422
0.59185
7.07644
-3.57664
5.21819
5.16069
2.00968
-1.62925
1.33968
0.463683
11.7349
-4.65186
4.79839
-0.470755
10.6278
-0.117687
7.73847
8.96209
-0.458763
-3.26345
-12.322
5.18891
-4.59313
-10.8016
-1.85381
-8.25405
-7.58645
1.71303
-9.69172
1.76611
8.56416
9.77734
4.05198
1.6205
2.26933
-1.78736
4.87603
-7.34955
-1.20249
-5.17654
0.392615
-1.90513
3.18843
-3.01466
1.66595
-15.0145
0.758031
-8.8652
9.13341
-5.89066
7.10009
0.4322
-3.01928
-2.20159
-2.30036
1.95753
7.3111
1.12416
-10.2415
1.5498
4.33325
-11.2825
-13.7071
-9.11813
4.80737
-6.98152
-8.10936
0.0309628
1.14652
-5.38771
-2.60033
-7.13592
1.05107
-8.60738
-3.22536
0.0546952
2.58417
5.64514
-6.47455
0.0533117
0.0429006
-0.476441
-1.25168
-14.7465
-0.902215
5.17764
-5.87853
-1.12886
1.15601
-6.42687
-8.50918
-1.46458
5.91368
-11.513
-11.3653
-4.17582
-0.942227
5.26544
-10.2705
-6.29798
1.33591
-4.08467
0.925553
0.0973484
-10.0656
3.52561
-4.61658
4.68734
5.94058
8.96284
10.0531
5.03465
0.385632
3.75665
-11.2959
4.13521
-10.5728
1.66516
-5.10304
1.75288
-4.09104
-6.22657
-10.5681
1.88272
1.60603
1.79558
-8.67236
4.01472
-6.7812
-3.96817
-13.4651
-1.00751
0.713133
-4.62959
5.8089
4.54855
4.52522
5.32458
7.17588
4.47991
-6.16508
6.25942
4.27764
6.44779
-3.41101
-9.4226
3.16577
4.37922
-3.62916
5.39028
0.246219
-0.993163
2.67033
-2.68133
-2.04112
-6.82779
4.52098
6.12681
-1.86604
-4.45845
5.145
1.17205
-4.99486
-1.68382
-13.9053
3.00753
-9.48139
-5.38493
3.01537
11.7802
4.05405
-9.68898
0.132851
9.09836
-1.51332
-1.32318
0.142256
1.64265
2.99214
-1.03507
-6.73752
2.77013
5.10734
3.54292
4.11404
0.738874
-5.07503
9.8391
-6.99074
-4.02697
-1.18984
-7.87143
5.13832
2.74498
-7.83225
-0.537495
5.24473
9.62178
8.04067
6.86111
-4.6034
-1.73894
3.20284
-8.65933
-0.345647
-4.22007
-3.74298
0.883487
-0.875073
-5.76157
5.96553
-2.39869
3.57475
-2.91847
-3.54116
9.11186
-3.61586
-5.55953
2.36745
-6.02322
-0.960668
-7.95395
6.04085
-8.41132
-8.02009
-10.3503
8.79026
-4.00353
-6.30597
-1.7731
2.05027
11.3489
-6.62874
8.8129
1.08124
5.84147
7.73186
4.78728
4.67608
2.21198
-2.50778
6.47789
2.61171
4.68751
4.4064
-9.24416
2.54345
5.40505
3.81385
-5.30203
-9.30202
7.38041
12.5923
10.5119
4.78537
3.58681
4.09056
-5.18514
-6.19603
-7.95969
-9.66659
6.55088
-0.705749
3.80831
2.5463
-1.3853
0.633976
1.10657
-5.67167
11.8404
5.37018
2.23269
2.35472
9.74195
6.34933
1.35763
-6.45185
-7.91212
3.96856
-3.14355
4.83708
-4.53708
-4.0042
4.42281
-6.40732
6.10312
-16.2173
-0.847185
0.495246
4.17102
4.63892
-5.79794
10.2433
0.498534
-0.740745
-13.5978
-10.6725
0.786921
-0.234229
1.65252
7.76342
8.76307
-6.51683
-11.7527
2.4906
-8.47201
0.189895
-8.73463
-0.682667
-0.891871
9.1192
12.9787
0.0556002
-1.66104
-5.40372
-6.62657
10.8152
4.06041
8.96355
-4.71663
1.31886
0.470269
-4.24681
8.85908
3.53806
2.327
1.81387
-3.02525
-0.310722
4.92802
-14.6078
-7.80516
3.23729
-5.10422
4.48441
0.25005
2.05368
1.68429
5.53483
-10.4801
-5.804
-6.61869
-4.46145
1.39599
3.09667
-5.7159
-14.3408
-9.62161
0.746665
15.8304
0.889979
1.79616
0.0165265
3.0975
-9.77234
5.13604
3.32947
-3.1643
3.20163
-3.26668
-11.9208
-11.2771
-5.82587
-3.09139
1.95997
-0.564446
2.70309
-1.61135
0.709425
-8.42622
3.95235
-0.925342
9.71109
-8.13055
-2.84465
-3.01322
-0.383913
0.492118
-2.95726
6.27979
0.988898
4.8252
-5.19598
-0.366451
-0.153623
-3.01013
-10.4935
5.995
-8.78738
-1.59421
7.21393
10.0433
0.14411
-0.0122592
7.62426
3.3911
3.79997
4.78397
4.72446
-8.17531
-0.595328
0.397182
-2.5411
-1.0836
3.62746
-9.576
-7.71736
-2.93224
-0.312612
7.86327
8.83256
7.13698
12.8667
-2.64082
-3.51711
-3.71705
11.019
2.94937
-7.46197
5.72071
-0.342809
5.69191
1.30732
6.93836
-2.32573
3.32278
-2.75287
-7.62282
4.48571
-0.565526
-1.42346
7.96444
0.828971
1.54113
-2.71204
-1.07344
-13.4297
-7.28995
4.06343
-4.14287
-1.74805
-1.74257
-0.12516
-4.44651
4.73354
-5.03457
-6.47248
11.49
9.65802
4.82123
3.2129
-0.173436
-0.238836
-0.954925
-0.20464
-4.75856
-1.2249
-5.15805
-2.49746
5.27072
3.09788
8.98033
1.4981
-9.02375
11.9903
1.94835
-1.10202
2.14571
-4.07703
3.14667
7.65614
-1.76191
4.54338
4.78531
-2.69515
4.73015
1.4588
12.2026
-6.5631
-3.22591
2.36444
-0.487927
5.02402
0.835421
3.89597
-2.12674
6.78
9.68254
-1.25519
-6.73902
3.6744
4.8084
4.19812
-8.30929
-3.01168
-1.66412
-9.00086
5.26779
-3.86512
-2.0357
1.61766
3.56183
8.45899
3.58499
0.245144
10.7308
3.26796
-3.84521
5.52009
-3.04468
21.1125
-5.60461
13.3812
-0.374808
-7.13492
-4.64751
4.3336
-13.4824
-4.39018
0.245277
-4.55289
2.16898
11.173
9.11442
0.747525
0.358244
-2.2929
-9.98285
3.21374
0.394958
-4.19271
6.99758
-1.34756
1.07049
-7.59714
-2.17794
5.16402
0.267275
5.66544
-1.1286
-5.8343
-5.72031
-0.0605384
10.3669
-8.01916
2.36331
-4.75164
0.511231
0.407463
8.67138
4.4358
-0.0674715
11.5682
-3.97828
-3.35907
-6.99583
7.56777
4.01383
-7.59894
-3.00807
-0.451463
-1.06157
-1.74055
0.336635
-4.0482
0.220061
7.717
6.45118
5.61323
6.43018
-2.01013
7.52928
-5.23757
3.23691
5.96746
13.5825
-8.25438
-8.23092
-1.29792
3.336
3.9915
-5.27527
-8.8523
6.80465
8.50626
7.04443
0.19859
9.35656
0.000209852
2.24595
-0.70312
1.57661
9.73789
0.146188
8.36683
-4.06106
2.56535
-3.91981
5.70298
5.2844
1.34344
-5.16485
-6.16168
2.58958
2.97459
6.03561
-0.209351
0.350943
2.37268
2.66613
2.94116
6.39949
11.5938
-5.26314
-5.46648
-4.31803
1.79761
0.465229
6.10243
2.64034
2.23982
11.1593
-9.11846
9.02516
3.66158
1.05765
-1.89257
4.35745
0.723225
-2.94099
3.52326
-2.54655
-5.33622
0.196633
3.97919
-4.12265
7.51002
10.9368
-6.98715
13.7786
-7.45433
-6.3094
8.76857
3.42936
0.0879259
-4.5201
-9.92192
1.72822
-2.8625
10.5634
-2.36526
-2.17698
-7.03311
-2.81038
3.63398
0.839171
3.93617
-1.41527
-5.41712
-3.96029
-6.74491
-7.59234
5.66807
-2.1747
-2.06945
0.535985
5.21205
4.72296
4.97589
1.77204
3.2293
7.95399
-9.91657
-1.30238
5.07129
4.86072
-1.0681
7.70366
-3.08606
4.34196
5.17518
-1.73352
-5.63914
-1.49908
-5.1629
-9.60708
-5.91362
-3.13337
2.44388
6.99105
3.15132
1.69242
-4.0597
-2.08848
-6.56859
7.64469
-4.20017
-2.13601
-0.423859
-6.1708
2.27119
-6.09807
-3.74072
-1.03773
-1.26283
7.36943
-6.83993
5.05893
-8.61724
2.69693
0.269243
11.4937
-5.42379
2.03618
6.1206
0.523997
8.12103
-0.974164
-7.58139
4.799
7.39693
6.60272
0.874796
-8.14681
-2.15797
-0.59752
3.37142
2.98594
2.87315
8.34072
-0.903508
1.80752
-6.98663
1.498
6.30912
9.36136
-5.2885
-2.16352
6.28512
1.38085
-6.09254
0.279975
-5.60689
-2.1071
4.37492
4.21494
1.67691
-3.1883
-1.91274
-5.28076
8.28861
4.61012
11.5108
1.68963
14.5002
-1.49275
3.82884
0.808237
0.924566
14.0657
-12.5463
10.2069
1.03044
-4.01265
4.25448
4.00911
2.02663
-5.30421
12.698
-1.30547
-3.36921
-2.17256
3.89231
1.83737
3.78945
-2.12239
7.79823
5.10198
1.46827
-1.35389
7.86622
