-0.550421
-0.660131
-0.923511
-1.02503
-0.977149
-1.24579
-1.40449
-1.52182
-1.67178
-1.82506
-2.17683
-2.23892
-1.83318
-1.68583
-1.53603
-1.36136
-0.889114
-0.786607
-0.568524
-0.762029
-0.941089
-0.845198
-1.14154
-1.17186
-0.876164
-1.18241
-0.935247
-0.657797
-0.561213
-0.450217
-0.384356
-0.235544
-0.311613
-0.266092
-0.472423
-0.313776
-0.58184
-0.713794
-0.177255
0.0648735
0.217459
0.0230257
0.00950128
0.186052
-0.0323828
-0.290059
-0.496126
-0.18129
-0.0709766
0.115725
-0.0140472
0.027566
-0.0621881
0.174687
-0.0581846
-0.260439
-0.402074
-0.420347
-0.301486
-0.623904
