1.70329
-2.35179
0.943486
3.71828
2.26669
-0.0688046
3.39927
0.895642
2.44479
0.0236316
2.79899
-1.82151
1.4872
2.47884
-1.25699
2.14267
0.367846
-1.07728
-0.107727
-4.97686
1.53328
5.25842
2.21761
2.21895
-1.04951
-1.67853
0.796293
1.61053
3.06835
4.86054
5.61415
4.49018
0.394073
-0.376037
-0.108116
0.245384
2.41907
1.5891
-0.257303
2.66506
2.74083
2.42601
-1.77247
-0.184702
0.674875
2.61341
2.50653
4.49752
0.550463
2.53887
3.27399
1.45342
-0.0846746
2.62476
0.778684
1.91762
-3.79139
2.29639
0.625345
4.69695
-1.38225
-0.0967289
-1.0172
-0.751928
2.26725
2.73125
-0.960944
2.8926
4.57048
1.62443
0.312627
1.06505
2.56331
-0.657346
2.89143
2.13377
2.64508
0.815567
0.502481
0.35977
3.31488
1.59312
3.19084
0.591561
3.05838
-2.5271
2.21014
1.68192
1.42804
3.06777
0.312988
-0.267987
2.41727
3.29762
4.83562
-0.40344
-1.18143
1.57995
4.24211
1.00976
4.26635
1.86325
3.03977
-1.06747
0.718388
1.49368
2.87771
1.11343
-1.91454
1.75999
-1.55514
-0.932635
1.67162
1.45915
0.00375765
0.123738
4.79955
2.4171
2.08213
3.34298
2.59434
3.93864
2.43156
-0.0202622
-5.6571
2.28232
1.03861
-0.853453
-1.75314
1.1548
-0.829827
1.04931
-0.028657
1.8615
0.62355
2.32776
-0.321702
1.34707
0.386488
-0.158509
-1.54318
0.652547
1.69531
-0.400982
-2.31319
-7.53538
-1.85512
-1.42123
1.6927
1.61558
-2.5278
-4.34522
0.427469
-0.954157
1.69769
-0.405215
5.47742
-0.646076
2.66052
0.929377
0.692068
0.0954252
1.56386
0.839625
-0.196746
-3.56199
-1.44403
2.23248
4.03736
-1.05483
1.68983
2.37021
-2.65474
2.97671
3.7035
-3.49085
0.560502
0.575003
1.07605
2.59682
3.70124
-1.52361
-0.404161
-0.39736
1.67767
0.263653
-0.243881
3.36434
-0.594645
0.999414
-0.421317
0.666565
1.19325
0.862221
-3.02366
2.01554
0.822928
-2.32172
-1.29096
2.80127
-0.362466
0.658655
3.40995
-0.0875505
1.55243
2.15325
-0.136206
5.13644
-0.601894
1.38471
1.64878
-3.3307
2.39055
0.626712
0.53452
1.54894
4.60727
2.24014
2.6487
1.96992
1.87627
-0.309089
5.0622
-1.05978
-0.111923
-0.0406685
-4.78367
-1.97272
1.94802
1.67843
-3.20266
3.82375
-4.61857
-0.18651
-0.393223
-0.713719
1.28177
4.92802
0.181311
1.17394
1.27373
1.83474
2.00986
1.70568
-0.556881
-1.86612
2.83444
2.20109
3.31072
1.21304
0.604361
-5.35872
0.62218
0.604848
-1.51461
1.80047
-1.24851
0.326531
2.15926
-1.88069
3.16106
-0.0740102
2.57305
-2.22766
0.171954
3.1942
0.699344
0.380318
-0.595056
-1.89788
-0.0605475
3.65052
2.31127
-0.321591
-0.315831
2.92405
0.410107
2.26971
0.605179
1.42627
-2.72126
-1.76258
0.14481
-1.06463
1.54217
0.202931
2.54002
-0.962234
0.362887
0.42178
0.771795
1.39235
-2.85217
-0.34985
-2.41887
1.39497
-1.44584
2.0539
1.34999
-0.108119
2.03308
1.28925
3.12682
0.787876
-0.246472
3.38569
0.994303
3.23396
-4.73833
-1.63194
-0.596242
0.519488
0.868943
-0.602926
-0.270747
0.398682
1.90224
3.09478
2.72721
-0.33368
-1.27146
-0.770817
2.62454
2.49529
-3.93852
2.75083
3.66662
-1.72664
1.4852
-3.69116
-0.973175
3.20294
0.053372
0.913881
0.706306
1.63598
2.83147
2.68252
-1.42072
1.35684
1.66432
0.501222
-0.228677
2.31665
-0.0262405
1.93595
-3.45233
2.57714
1.49914
-2.5482
1.43228
-2.58502
2.84296
1.75594
1.62451
0.530185
-0.15963
-1.49397
0.6453
5.47608
0.834829
-2.77162
1.28018
2.44875
-5.1528
2.90163
-1.53595
1.43564
0.11951
3.83378
-0.984226
0.111345
-3.18659
-1.30425
-4.00773
-0.328901
0.207379
-1.81679
1.02145
3.28601
1.82525
0.98185
1.22372
1.42458
-0.601631
2.94652
-2.77875
1.76271
4.07747
5.00965
0.498786
1.85465
1.29839
-1.12381
0.029682
-0.943848
-1.77531
2.22697
-0.690634
2.94722
-3.59833
0.244381
2.67488
-0.443479
2.27779
1.51952
-0.8575
-2.19373
1.13459
-1.4157
3.02036
1.10862
-0.296954
1.32571
-3.26225
-2.90181
3.46262
0.413155
-3.48044
0.599177
-0.333975
-4.16745
-1.18214
0.71345
1.71041
1.40335
2.17452
2.21073
1.90276
2.44903
0.233381
1.12421
-3.49975
0.274501
-1.42358
-1.89149
1.71853
-1.5424
2.1091
2.11079
1.50114
-2.66485
0.457535
1.42222
3.20582
1.70416
0.419925
2.00314
1.05684
-1.07974
2.20298
3.05813
-2.57803
4.16327
-0.308098
-1.04892
0.275525
1.24999
3.08694
1.45577
-0.360782
-1.79615
-2.69791
-0.0645055
1.13882
-0.166224
-2.39309
4.29874
1.50109
0.162096
0.795263
3.47776
3.11115
4.39757
3.38898
1.89784
0.278033
-4.55549
2.20924
1.25858
-0.445394
-1.50927
1.24681
3.77018
2.5029
-3.3698
3.35625
-1.70673
-0.356799
3.91208
1.73133
1.89798
-3.3649
3.43758
-0.773059
-0.422473
5.09497
1.08138
-0.473024
0.0789475
1.20319
2.7092
1.75519
0.157468
1.78572
-0.0511745
-1.13223
1.79598
0.0469148
-1.2311
-0.449146
-0.247808
1.77377
-0.0707543
0.553784
2.39136
3.03101
1.07948
-2.16549
-0.136778
2.6735
0.437131
0.226414
0.135869
-2.42722
1.37899
1.54505
3.64849
1.56379
1.00315
-1.85932
1.63264
2.29479
2.45664
-3.50788
4.06261
2.77689
2.24607
-3.70735
3.97156
1.58426
2.84246
4.31954
2.77197
2.85759
2.46403
-1.40363
4.5607
3.54033
1.8842
-1.93892
5.31898
4.84571
-2.70975
0.082727
-1.05669
-0.129974
-0.247453
-0.913709
0.74639
5.48038
3.46538
1.32853
3.18311
2.20137
1.48453
-0.132068
0.527953
4.29527
-2.858
0.356269
-0.871118
4.73993
0.967367
2.92829
2.6766
1.87366
4.09474
5.11998
4.25083
2.82539
2.00714
6.83706
3.54159
5.52885
7.85467
6.60715
4.24817
2.61951
2.90047
6.14594
6.22936
-0.911276
4.23051
5.85564
6.13241
3.30542
4.24772
1.62324
4.23134
1.83671
4.3485
0.355903
2.07341
-3.52592
3.22269
0.590444
-1.22187
1.02567
-1.23539
5.54681
0.760715
0.331561
-1.89911
3.62786
-6.352
2.52301
5.45453
-5.63602
-1.49041
-0.502809
0.44414
-2.94821
2.30696
-1.56274
2.7291
0.722634
1.68873
-1.14469
1.2398
-1.66334
-1.98859
-0.289374
3.27858
-1.03026
2.19217
1.38199
2.65421
1.05751
0.248765
0.829192
-2.94198
-2.67964
-0.875543
2.49157
1.10802
0.981234
0.232802
1.56847
0.584081
0.56208
-0.298948
0.164303
0.527862
3.48815
1.67022
-1.63223
-1.03684
-0.393719
-0.0542557
-3.73778
1.8833
-3.232
-1.88191
1.41079
-1.45213
-1.09948
-0.892695
-1.68996
-2.21777
4.02474
2.31585
1.84993
0.669457
0.49186
0.97106
-2.57519
2.44871
-3.34332
0.110989
1.04706
-1.64673
-1.01109
-0.555542
2.84067
2.27802
-3.24004
3.26186
2.78945
2.4241
0.903135
-1.27699
3.04078
-0.268882
-0.384484
-2.65538
1.04612
1.33691
3.35699
-2.93231
0.237043
1.45296
3.68253
0.761735
2.8341
1.00239
2.25865
5.04563
1.58472
1.5033
1.31133
-2.46464
3.65194
1.38051
-2.79367
-2.26613
-0.737776
2.03625
-0.0811839
1.11506
4.29625
-0.417617
2.68634
2.81689
0.505745
-3.59048
-1.61733
1.85553
0.255229
1.79598
1.03248
-1.84807
-0.0705403
-6.87147
2.41442
-0.776843
1.7157
3.33803
-1.96769
-3.46223
-4.65096
-1.25241
0.549399
2.27079
2.44247
1.84162
-3.9002
2.40549
-0.300223
3.41357
0.697125
-2.26638
-3.50994
-0.453023
-1.03173
0.100754
-2.8353
-1.83798
1.20304
0.758705
-0.849654
0.0203585
3.55388
-2.01659
1.79172
-0.170379
2.26001
1.37681
-1.27237
-1.20363
2.73655
0.00406224
0.981187
4.09656
-0.554316
2.45144
0.387666
-0.811429
0.982912
-1.1134
1.86918
-0.206306
-0.789095
-0.874237
-1.38793
1.14002
-2.86484
-1.86294
1.77576
3.48932
2.64715
-0.952529
-0.637347
1.86488
2.61481
-0.0151516
1.71857
-1.98597
-3.78751
-3.11723
0.99369
3.54545
3.38711
-1.48835
-0.71964
3.86213
0.590511
1.26175
-0.493646
1.658
2.82287
-2.39483
-1.03892
3.18272
0.429653
3.52476
2.24644
-2.17734
-5.08711
-4.23711
-0.948345
-1.43048
0.67351
-0.622219
-1.2771
3.56673
0.838382
1.63058
2.26595
-1.79416
4.48795
2.51152
-0.134589
1.69955
-2.73261
2.99291
-0.48653
-0.657677
-0.889066
4.58245
-1.57005
-1.47559
1.47573
2.63874
0.683345
1.91694
1.96339
0.788239
2.48502
-0.197895
-1.86568
1.91103
1.90413
0.185713
1.65876
-3.35278
1.85329
1.9266
2.94087
-0.344853
-2.47692
-1.05043
1.54254
-2.39033
-3.01422
-2.89432
1.93626
-0.488905
0.939732
2.58635
2.04228
5.17136
1.93362
2.7388
-1.19698
1.34136
2.20714
4.15743
3.75085
1.46257
0.366275
-1.68509
2.28839
1.48917
4.21232
4.65276
-1.40295
2.29585
-0.208707
3.21615
-0.896492
-0.86743
1.32354
1.65838
4.27101
3.98977
3.98362
-0.729751
-1.63402
-1.66207
-0.733511
1.30278
-1.41939
2.40461
-1.09634
0.590049
-0.479635
-3.02118
1.87451
0.398542
1.43189
2.11182
-0.484352
-2.35162
1.90937
1.73785
1.86208
-2.22832
0.831455
1.05032
-0.366146
2.87212
-0.356448
1.10931
2.15898
0.858902
0.220625
2.16453
1.25707
1.37848
-1.03454
-0.198442
2.08778
-1.29058
-1.19281
-2.6469
-1.82834
-2.34381
0.390937
2.5794
2.98009
-5.90256
-1.17426
0.182091
1.38201
1.86507
-2.83753
5.35804
3.59185
1.24685
0.0278364
-0.849463
-3.11185
-3.00178
2.55326
-0.746406
0.928794
3.42757
-0.925403
1.96975
0.324369
1.7594
-0.134018
3.7942
-2.58357
0.469961
2.2284
1.95308
1.49143
2.98258
4.47421
4.03647
-1.70014
1.44917
1.6936
0.537057
3.58317
0.484586
3.90311
0.227101
-2.43884
1.69742
1.94849
2.82805
2.45623
0.687228
-1.68079
-3.25776
3.46068
-2.18167
2.49429
0.504189
0.808077
2.79392
2.93173
1.50605
3.00935
2.09269
4.39928
-0.162948
3.17053
-0.803626
2.73702
-3.72544
4.43381
5.60527
0.018557
0.804986
-0.669672
0.537156
2.74483
0.0423734
1.21055
0.404554
1.7721
-3.82663
0.870034
-0.204522
-0.985072
2.98309
4.34529
2.56732
1.22639
0.869057
-0.320387
-3.01469
1.26515
1.35522
-0.829351
3.26227
1.72711
2.59916
1.13174
-1.87657
-0.0194818
-1.15347
3.80826
-0.278553
-0.455646
-2.37879
4.41648
-1.82802
1.95655
2.9347
0.715098
-0.595065
-1.3227
-2.29392
-3.03958
4.22341
2.68996
-2.47029
0.562302
1.64527
0.650924
1.25537
2.10557
1.30674
0.75528
-1.49536
0.179903
-2.51488
-1.76908
0.226817
-2.32211
-1.55804
0.683148
3.46249
1.85641
1.19589
2.95631
-3.85552
0.0869992
2.30909
3.43008
0.52128
-1.7871
-0.428897
3.37863
0.240526
-5.68417
2.27166
-2.53942
-1.97187
-1.6468
-3.28963
-1.20691
3.19566
-1.40561
2.69956
2.72041
0.867746
1.98911
-0.194036
0.891352
1.97258
-1.8348
1.75739
-2.71166
2.00686
-2.38987
-0.518068
2.16211
-2.04035
1.48777
-1.27538
2.99638
-1.51502
1.09962
0.559355
1.91221
0.576859
-1.70222
-0.432014
1.04271
3.13428
1.28752
2.43792
1.37924
-2.61786
1.17463
-0.387575
1.84677
3.92531
-2.09122
5.10043
-0.921257
-0.123195
1.86622
0.934224
2.6344
-5.43267
3.40778
1.47372
0.372958
-1.08176
-0.205433
2.67222
4.13426
-1.81206
2.00468
-1.91998
-1.11651
2.29248
2.21696
0.889129
-1.92395
1.89751
3.88355
2.58035
1.78669
-0.742313
-1.40624
2.78558
2.98632
0.661564
3.49677
-0.0547686
2.43169
1.90904
-2.47936
4.21143
1.03035
0.624994
0.494434
-2.38917
-2.42424
1.58186
0.180355
-1.10743
1.10925
-4.50771
1.88982
0.325068
-2.95567
-0.475881
-1.57365
2.88025
1.74093
1.14906
2.07951
0.683964
1.19146
-0.974152
-2.11931
2.51263
1.44547
1.30035
0.772455
1.09959
1.01193
-1.18197
-2.85099
2.18297
3.82176
1.50508
1.96267
3.80031
-0.594599
0.127715
1.25204
1.59848
1.45854
-0.924433
-0.500243
-0.353332
-0.700911
1.48416
4.47497
1.37069
2.44193
-1.31475
0.167691
1.02608
0.1534
2.61517
-0.146699
2.47525
0.178117
1.85339
0.267392
3.3015
2.0056
1.01129
2.96091
5.28024
1.16185
1.2977
1.70271
1.80189
-4.08789
3.21521
-2.30539
4.32684
0.0635412
1.99743
2.05475
-3.20172
-0.30123
2.70614
2.41889
1.57317
-1.26368
-4.33629
-1.14219
3.63577
3.32376
2.63183
1.71865
2.70832
-2.67664
-1.35374
-1.34504
0.68082
1.37048
1.91077
-1.70478
-2.30959
0.998051
-0.22349
2.22375
-0.864825
-2.91428
-2.13192
1.21432
2.72209
1.64956
-1.42507
2.39542
-3.39657
1.67318
-0.670177
-0.666618
-0.507054
-1.48842
-2.10922
3.06369
2.1836
0.753303
-1.93395
-1.28988
-2.23958
-0.902329
2.11321
-0.329731
-2.42306
2.86191
-0.499126
-3.05598
0.6787
-2.76903
0.745162
-0.689655
0.176782
0.414437
-0.563428
-2.27675
3.07893
-0.747615
2.16163
0.239228
-1.82914
-0.507988
1.60448
-1.93978
-0.506505
1.06166
1.87084
1.49656
-1.05159
2.97262
2.48418
1.3299
1.04157
-5.47287
-0.287218
1.33173
4.49689
1.41577
-1.71798
1.66637
3.14652
0.465499
1.03994
-2.01811
-0.360947
3.07144
-1.94868
0.933882
2.27857
-2.58159
1.94353
-1.69636
4.8972
1.38873
-1.17449
0.621669
3.12689
2.6743
-3.05296
1.18353
0.88042
1.92116
1.79682
3.21737
-3.30316
1.58593
4.16181
-1.56514
-0.891886
3.12382
2.25081
3.17941
-1.2233
1.58186
0.364575
-4.01111
-0.743066
2.41339
0.244703
-2.98647
-0.891389
2.93545
1.15559
-1.01412
1.18075
-0.221125
2.59508
-2.01514
-2.2237
3.91954
2.68666
-4.91684
0.678179
-0.565166
2.4563
-0.25701
1.19774
3.91071
1.41262
3.85519
-3.3646
0.915053
-1.42559
1.77372
1.86641
4.9529
0.159346
2.09192
1.34483
1.83013
0.718381
3.05812
-0.589491
2.73132
1.84152
-1.21893
-5.55421
2.48194
2.54157
3.5632
2.1197
3.59716
2.08221
-3.2553
-1.62522
4.53541
2.89683
1.75082
3.60261
-0.0838386
1.0976
0.425215
0.434377
0.0581874
0.315909
-0.57899
2.57785
1.17067
0.225772
2.25947
0.822209
1.93106
2.14807
3.97914
4.1972
0.573705
-0.0216321
1.18747
-1.09285
1.10872
0.783581
0.83002
2.95453
3.46963
-1.04591
-0.595542
-2.05423
-0.52872
3.46981
0.584483
2.3449
1.20519
3.30821
2.37773
3.17453
0.247507
3.34836
1.5695
1.59203
4.91662
1.43098
1.09388
-2.76814
2.52579
3.17458
2.89804
1.21648
-3.84716
-5.11207
-1.15705
-3.25314
-1.16449
-0.0978476
1.90574
-0.306679
1.62366
0.12784
3.36544
-0.860492
0.0846737
-0.613312
1.89094
0.800797
2.08365
1.40429
1.69869
-1.92473
-0.0662525
0.961575
-3.95869
2.20314
-1.01999
1.1852
0.062285
0.0733829
1.90636
-1.34252
-2.27462
-6.13753
-0.478069
0.943573
-0.33185
4.39199
-3.02441
-1.92859
3.4955
0.51733
3.10103
1.56638
0.730952
0.530413
3.79002
-0.582175
-1.59823
2.7888
1.5473
1.70477
2.96825
2.32382
0.327255
-3.04817
1.71932
-1.15686
1.37527
-1.96669
0.0350684
1.32705
-2.26076
-1.64338
-0.0437354
1.018
1.68599
1.8046
3.21154
0.502218
-1.76894
-0.163634
-1.22842
3.08136
0.576702
-7.18227
-4.22191
0.90839
-2.65178
4.29045
-0.185819
1.156
2.95632
0.192793
-0.352924
1.84891
-0.457929
-1.9958
-1.92112
0.913485
2.70966
1.8346
-0.0174502
0.0512756
2.10615
-1.1908
0.289805
-1.27865
3.09919
-0.96219
1.12076
4.10684
3.87177
-1.88168
1.08697
1.89457
4.93796
-0.805792
5.59309
1.56277
-3.32868
-1.57957
0.737947
-4.14675
1.72025
1.39625
4.32991
0.0788015
3.17224
0.211891
-0.137265
3.12636
3.35031
0.952173
-0.868939
-0.456783
0.544857
-1.16493
0.0510808
1.31103
-5.79338
2.60515
4.69748
2.53096
0.736386
-0.770107
2.95234
-0.207746
3.18633
0.82503
-0.149487
0.0943734
2.23289
3.92232
-1.9481
0.0294123
-0.708051
-0.281686
3.18885
3.03223
-1.93539
1.98386
1.91254
2.07515
1.16722
-2.2512
-0.459108
0.57556
2.08083
-1.88195
-0.820301
0.179001
-1.81386
-0.185607
0.513187
-3.48559
1.87141
3.43734
2.75342
-0.902868
2.82781
0.707313
0.797629
0.836209
5.31067
-0.866782
-2.57903
0.635505
-2.78653
-1.24589
2.82556
0.324858
-0.924833
1.16945
3.46919
0.317964
3.08891
-0.398237
0.887067
-2.39397
-0.703943
-1.33552
1.80291
-1.90815
-1.72111
0.7603
1.65625
4.7795
3.09984
4.03374
0.567213
-4.34653
1.03202
-0.0292451
4.59527
-6.76637
4.71608
3.05828
3.31612
1.62376
0.233481
2.4502
4.65445
1.70666
-0.729161
3.63546
1.81432
2.07312
-0.145775
2.7047
-2.41369
1.78658
1.45069
0.576919
5.27691
3.49244
-1.65251
-0.12203
2.5854
1.66401
2.17001
-0.763735
3.36593
-0.952307
0.136532
3.07405
0.216237
-2.87188
3.33843
-1.16927
0.737247
1.64757
-2.69688
-3.17446
-3.87883
2.27646
-2.9218
1.77493
-3.68012
0.790601
-0.236007
-3.45147
-2.23093
0.517974
0.0261332
0.0571128
4.34107
1.10623
-1.39568
2.36103
2.17448
-1.8237
1.74801
2.84852
-0.297015
1.2279
2.97675
-0.182068
1.55734
0.633638
-2.28721
-0.175704
0.0684098
1.71444
-0.883523
0.607561
-2.62608
-2.80377
-1.22171
1.25851
1.04831
1.61459
-2.30304
-3.40496
1.68603
1.40777
-0.533463
1.09308
-1.46151
1.57338
2.18242
-1.49228
4.13349
-3.25417
-1.36617
4.60936
0.50034
-2.7933
1.05837
-1.96424
4.03399
2.89616
0.0846525
-0.677375
2.75683
-1.13274
1.55868
1.80135
1.78558
-2.50923
2.37539
0.340553
-0.807677
-0.499509
-1.40777
3.3353
1.27741
-4.20464
-2.24943
0.855884
3.96748
3.78773
2.1061
1.88571
1.8544
2.95365
1.21048
0.0483085
-1.21567
2.21483
-7.42712
3.57955
-1.3634
4.15453
0.616183
4.09599
-1.92546
1.83482
2.93701
-0.812393
1.64832
5.48256
2.0145
3.61877
2.99669
0.182914
-0.0789026
1.12189
0.97107
2.50618
-0.944749
2.74658
0.591535
2.52452
-1.05038
1.34361
2.10002
2.32496
1.58731
1.61578
1.32237
-0.645942
-2.54881
1.43507
-1.02106
1.21939
-2.04262
-1.30295
1.0276
-1.33664
2.03572
3.13752
-1.81891
-2.77571
1.28151
5.4783
1.3168
-1.23359
2.47359
-3.8118
-5.33242
5.34997
1.38137
0.152207
-1.73945
2.58934
3.00636
2.38144
2.18097
-3.82174
0.770713
-1.18655
0.296417
-0.642638
-0.266266
0.335998
1.94978
0.210445
4.58941
-1.1818
0.0118058
1.43187
-1.07358
-0.0236675
2.0811
0.364182
1.7872
-0.268331
0.334806
2.21869
4.21549
1.92204
2.96697
4.9638
2.57023
0.0124125
-3.1214
2.51667
-3.0567
0.683374
2.26774
-1.52827
3.41888
-0.943674
3.44864
3.39562
2.26557
0.500725
0.374077
1.77595
0.0912342
2.16657
1.18129
2.86754
4.13994
1.18845
-1.4588
0.95267
1.31835
-1.36397
-2.88502
1.52345
-0.511367
0.205778
0.617019
-1.26277
-1.22611
0.664952
-1.48105
3.52097
-2.37915
2.71097
2.34002
3.59471
1.94186
0.0635546
-0.940001
2.76926
1.84237
-2.85339
0.0743095
-1.6743
2.93615
-0.920933
1.96971
0.990182
0.867406
0.828009
2.95276
4.72588
3.25035
-0.62472
0.552416
4.15722
1.52396
-2.00379
0.468505
1.55931
2.24249
-1.47768
2.48854
-0.576845
2.56111
2.04008
0.27447
0.218305
-9.91642
3.07398
-1.20863
-1.7808
1.80001
-1.44132
2.68795
1.62167
0.0157792
1.62005
-0.455603
0.016459
-1.91045
1.02925
1.57208
-1.5379
-1.05271
0.511566
0.760884
-1.14113
-1.41615
-2.05481
-1.86398
2.42418
2.2077
0.836317
-1.60201
2.80286
2.73237
2.16302
-1.96077
0.5511
4.80387
2.94496
1.08439
-1.05476
1.61541
0.896708
2.98286
1.41961
-1.27283
-0.894299
4.64111
0.620134
-0.295181
0.806639
3.67793
0.827981
-1.35602
-3.96437
0.785144
1.9532
0.630941
-3.46452
-1.4609
0.966748
1.64117
4.17671
