-0.273353
-0.268333
-0.222843
-0.143805
-0.378436
-0.439419
-0.410636
-0.406884
-0.333788
-0.366499
-0.516468
-0.471142
-0.409188
-0.318994
-0.29672
-0.116315
-0.0571545
-0.192
-0.143216
0.0287501
0.0497145
0.212401
0.132244
0.134205
0.138006
0.150772
0.211751
0.248522
0.309817
0.379068
0.410817
0.402514
0.361759
0.418373
0.39216
0.415386
0.489213
0.443066
0.391129
0.28438
0.422739
0.40573
0.351757
0.508232
0.556951
0.689113
0.755454
0.633028
0.700292
0.671455
0.608059
0.609387
0.526887
0.646003
0.648257
0.484837
0.517686
0.642792
0.568597
0.510713
0.577788
0.416756
0.470137
0.53137
0.51395
0.557328
0.475308
0.557488
0.623093
0.630066
0.71852
0.785768
0.82282
0.834733
0.84981
0.903996
1.04929
0.993551
0.979426
0.913814
0.81176
0.826266
0.984439
0.969712
0.957153
1.01036
1.02305
0.985548
1.10855
1.06047
1.0402
0.962132
0.954026
0.861124
0.85554
0.939258
0.806914
0.675976
0.607277
0.540668
0.508171
0.486008
0.419754
0.568573
0.451369
0.47916
0.369732
0.31682
0.0883553
0.177851
0.166763
0.114794
0.230724
0.441455
0.339087
0.363458
0.511541
0.534456
0.551125
0.514786
0.441404
0.367566
0.405495
0.51306
0.384041
0.374606
0.359545
0.302811
0.283132
0.200129
0.0974781
0.238991
0.293066
0.178372
0.0787543
0.0736189
0.154378
0.191608
0.0250014
0.118202
0.229123
0.115737
0.0115782
0.0256212
0.0127672
0.0742867
0.0269458
-0.013863
0.0418802
0.113657
0.0577965
0.0265757
-0.00700711
0.00399769
0.00662351
0.0250162
0.0494552
0.135078
0.103046
-0.0540623
-0.0135366
-0.0958412
-0.0889788
-0.171554
-0.20387
-0.260858
-0.314748
-0.253435
-0.34301
-0.313234
-0.261315
-0.282333
-0.274661
-0.191135
-0.165878
-0.126691
-0.158344
-0.098513
-0.015785
-0.0701035
-0.11623
0.0650948
-0.091529
-0.192261
-0.21304
-0.144132
-0.276194
-0.13926
-0.137922
-0.113808
-0.149047
-0.0919016
-0.0836719
-0.0154083
-0.0885123
-0.095326
-0.125523
-0.0974251
-0.115888
-0.12196
-0.017078
-0.0214965
0.0567963
0.0454099
0.0134766
-0.114354
-0.136811
-0.134564
-0.0821907
-0.0235288
0.0297224
0.155774
0.352908
0.368323
0.420729
0.390853
0.264978
0.430274
0.365937
0.343967
0.267973
0.370314
0.463709
0.422342
0.360446
0.341897
0.252714
0.151269
0.114354
0.00388266
-0.0256838
-0.0431187
-0.00189645
-0.0250048
0.0246002
0.09459
0.196369
0.219636
0.102145
0.138163
0.193574
0.1635
0.204614
0.267618
0.300655
0.321085
0.295932
0.230632
0.190305
0.162863
0.271115
0.144643
0.141069
0.162033
0.190122
0.448236
0.476074
0.454086
0.340998
0.160131
0.134075
0.0309786
0.132986
0.160694
0.168968
0.221873
0.137101
-0.0196033
-0.0220543
-0.108014
0.0182811
-0.0293479
-0.0156852
-0.132988
-0.171499
-0.0738326
-0.141906
-0.0404745
-0.190266
-0.155601
