0.527048
0.573772
0.478483
0.549632
0.534117
0.595147
0.655711
0.566253
0.56863
0.521161
0.557134
0.689146
0.788699
0.749112
0.790034
0.777458
0.773239
0.817116
0.860044
0.86187
0.827934
0.931798
0.909965
0.83674
0.776517
0.797702
0.752055
0.729434
0.822408
0.723425
0.640851
0.686204
0.649469
0.674066
0.747442
0.766027
0.675201
0.627292
0.698227
0.677246
0.636231
0.577127
0.391874
0.550204
0.436603
0.469319
0.445541
0.37279
0.387997
0.377057
0.270522
0.133074
0.201723
0.120417
0.224365
0.160006
0.235886
0.344441
0.293144
0.30544
0.267049
0.338814
0.315386
0.418702
0.255485
0.276591
0.279338
0.250591
0.167916
0.210874
0.271867
0.100334
-0.0302348
-0.0827118
-0.173879
-0.318701
-0.282925
-0.299019
-0.160154
-0.0985833
-0.116843
-0.257577
-0.231905
-0.239985
-0.356032
-0.419784
-0.415828
-0.369458
-0.172352
-0.229091
-0.258595
-0.198953
-0.0772104
0.0388607
-0.169211
-0.0766801
-0.156523
-0.174354
-0.225245
-0.122542
-0.142487
-0.124537
-0.342838
-0.308979
-0.31314
-0.223912
-0.0901945
0.0326658
-0.103823
-0.0981296
-0.0826366
-0.0600653
-0.0892861
-0.224928
-0.332352
-0.363813
-0.354577
-0.227075
-0.181459
-0.275702
-0.217102
-0.150398
-0.139858
-0.108379
-0.170218
-0.117132
-0.119363
-0.130768
-0.129952
-0.141811
-0.102805
-0.110286
-0.168452
-0.308722
-0.350177
-0.346355
-0.398885
-0.340742
-0.347765
-0.383074
-0.353756
-0.321325
-0.294986
-0.100407
-0.0735583
-0.063424
-0.0944079
-0.0681769
0.044463
0.0149508
0.132665
0.0846545
0.0639908
-0.0211223
-0.0653378
0.0918094
0.0556744
0.175021
0.206392
0.184846
0.0372446
0.0361788
0.13716
0.0662926
0.0777135
0.148042
0.266285
0.303952
0.369078
0.367799
0.412336
0.504711
0.552701
0.47395
0.447295
0.471855
0.473218
0.449818
0.455235
0.429235
0.404073
0.449673
0.279873
0.265809
0.289337
0.261991
0.262717
0.140808
0.114298
0.162848
0.200296
0.120106
0.15914
0.212912
0.304452
0.307308
0.348368
0.293922
0.334529
0.371806
0.404275
0.362079
0.37596
0.507828
0.504269
0.509813
0.463578
0.4141
0.363192
0.453925
0.477885
0.397376
0.435185
0.368649
0.356943
0.30278
0.382391
0.469278
0.368647
0.350392
0.432611
0.494019
0.506657
0.453296
0.397729
0.464384
0.346394
0.229234
0.138541
0.116469
0.0520163
0.0432411
0.03998
0.0156331
-0.0231934
-0.126215
-0.119696
-0.124322
-0.0694537
-0.0913794
0.0708806
0.0596507
0.0782672
0.0625664
0.0786821
0.0325015
0.164737
0.143342
0.241252
0.263969
0.194031
0.198252
0.185668
0.195065
0.317043
0.442182
0.451755
0.472598
0.620461
0.634528
0.735203
0.701251
0.571158
0.474228
0.578454
0.53383
0.489957
0.470398
0.555914
0.518442
0.554766
0.56774
0.451772
0.472045
0.462153
0.528842
0.546305
0.513503
0.545831
0.56822
0.503014
0.36796
0.291382
0.270281
0.324997
0.322647
0.301552
0.281521
0.411646
0.556568
0.513228
0.414191
0.452898
0.414463
0.463821
0.432691
0.345633
0.326239
0.278371
0.158011
0.11134
0.0585175
0.173891
0.198493
0.146834
0.0492622
-0.000355985
-0.0508895
-0.0881816
-0.0276573
0.109199
0.212207
0.159025
0.147484
0.262775
0.331271
0.456414
0.256615
0.471587
0.519332
