4.15306
-0.269406
6.53818
9.40171
6.43005
1.86989
3.57457
0.572701
-1.60668
0.690072
-3.16182
0.645065
-8.5602
1.95198
-5.79757
-5.08167
-1.97266
4.05547
-12.1649
6.34232
4.95506
0.818032
1.66846
2.90456
-21.7399
-3.03606
2.0208
-1.82871
6.30824
-0.0545694
2.56648
-0.529408
-4.70926
5.81024
3.96703
3.41834
2.79227
4.8686
0.157856
4.57394
0.870623
4.66461
1.36001
0.86605
-4.4203
5.16635
-0.463306
3.31568
-0.845016
-3.97376
3.98873
-0.323444
-2.01278
4.03839
-0.581445
-3.70474
-5.20922
12.5063
9.64996
-2.94555
0.326412
-0.297264
-0.330822
3.75136
-3.34608
-4.16663
-1.47693
5.19749
3.20135
4.48435
-1.19501
3.57814
-2.61718
0.814805
-2.99115
3.11667
-8.83069
-1.44527
-3.92449
-6.53678
-2.40167
3.23215
6.6279
0.970216
-7.3346
-2.93884
0.622866
16.3073
10.8316
2.21465
-4.28776
0.827434
-8.50665
-1.21957
2.90432
-11.3681
-4.51801
-0.0310215
-2.10591
5.52264
-3.18142
0.517395
-4.57379
1.00953
2.56798
-2.43968
0.104309
-5.32742
1.08173
-0.216236
-8.89799
2.7593
5.66773
-6.38817
-2.31172
0.260475
0.224567
6.48659
-0.133868
2.5763
-5.36553
-10.4556
-11.6121
5.29345
-12.3327
0.183974
-1.15898
2.6431
9.97146
-10.6512
6.00741
2.96824
-3.33916
1.3364
2.93502
-0.783778
6.40355
-1.37983
2.5071
4.24644
-9.7674
8.92746
5.01267
-4.68824
-3.89393
2.33629
2.93984
-7.67996
-4.87111
0.67369
3.74465
-6.27752
-1.69386
1.00892
-4.87221
7.21487
-8.79688
7.33631
-4.97531
-10.7285
-8.03778
3.02398
-8.77667
-0.142359
-5.70695
-9.50301
6.17164
-5.52658
-1.17532
0.571571
-1.622
0.739384
-1.65831
-2.22907
8.32537
-9.69254
-13.5606
8.07314
-6.98828
1.31621
3.67187
0.918543
-0.248079
-5.65665
-3.74506
3.5202
-2.58056
4.99935
-3.14588
3.60527
5.98001
1.41812
-3.21685
2.23819
1.53661
1.66086
-3.08406
-5.74807
4.7043
2.82539
-3.10435
1.73755
-4.95337
0.649796
-5.90568
-0.756105
8.84368
-0.657425
-4.53197
-2.12357
6.70324
-0.678615
-10.2404
4.65169
0.762684
3.16461
-2.67746
-2.76969
-2.03659
-0.565652
3.68499
0.674914
-0.619781
2.40677
-0.949808
-3.89205
-6.40856
8.5036
1.86986
-0.946829
-6.65601
10.403
-5.75988
6.46267
-1.52825
-3.12809
10.4713
0.881131
-5.6657
2.74047
1.55649
-0.182556
-5.31856
3.62555
-5.70555
-2.0401
1.40903
-0.592039
2.3444
-4.11518
7.74084
6.36464
0.276602
5.73845
7.13992
3.53734
-2.72388
4.68894
8.4077
3.75516
0.629333
2.85727
2.24416
2.43054
1.53084
-7.11504
2.42419
5.9356
2.94265
5.42396
-7.81096
5.14024
7.92064
-4.38572
1.40017
-7.9924
-1.84117
-8.90058
2.91158
-3.10758
0.950337
3.68178
-8.73268
-1.90772
0.517087
0.72135
-9.51598
3.69366
1.93079
3.13845
1.77744
6.30613
1.37501
-0.52742
-1.89527
-0.659571
9.31011
-1.25783
-0.466664
9.33088
-1.93814
4.68758
7.06561
1.07786
-6.5405
-5.05652
0.325311
-8.39986
-3.07953
5.17253
-6.22901
0.924357
0.48402
10.6583
4.51484
7.56201
0.742504
0.724225
3.06933
-1.13179
4.84742
-1.36653
-4.21631
0.87475
-3.61094
-2.00481
-2.08751
3.96214
-1.81995
-3.7464
-3.57055
1.87097
-8.55881
4.29114
-2.04828
-6.59171
-5.69081
3.06233
-4.70508
-1.24658
-4.89893
4.34071
8.54145
5.66718
2.37593
6.84941
-6.17961
2.62134
-1.14631
8.96034
4.53233
-0.330046
1.03063
-7.00817
2.88513
-3.27855
-4.2032
-6.60667
13.1669
-0.69544
5.34878
-0.540659
4.11381
-1.96767
0.274435
-4.54691
0.989197
10.9575
-0.893614
-4.14166
-1.08487
2.57871
-5.81167
-2.45606
1.14194
1.44268
4.24987
4.37335
11.4628
7.48925
-10.8705
8.83756
6.01635
2.94009
-1.15162
-14.4387
6.12451
-5.96844
-2.29589
-1.04964
2.75729
-12.2979
4.44625
10.6566
0.697108
5.1035
8.6379
-9.70732
-0.0561308
2.5906
4.34638
11.1808
4.6348
-3.45166
-6.90131
-3.07331
-2.20675
-0.391755
5.47033
1.36201
0.472716
-2.68904
-3.61678
-7.01371
6.64021
7.46883
2.73558
-6.1533
1.92266
-1.26483
-5.74665
0.794438
3.76337
-5.86675
3.06678
-3.1281
-1.6295
-3.91777
9.00926
-4.17683
-2.81985
-2.27087
3.72513
-2.51305
-3.39786
-1.62648
3.70546
2.85846
10.7376
3.00779
6.75245
6.89858
3.66268
2.14037
4.87722
-5.40288
6.52988
-0.356812
0.194236
7.81339
9.07723
-1.45914
12.3397
2.73733
5.37753
-4.51019
0.67236
-2.4381
0.75602
2.53755
-0.0759446
1.43326
-3.56354
-9.96937
5.93735
8.53412
-0.987187
-1.45333
1.67808
-0.854614
3.76804
4.79863
4.74286
1.49998
5.622
-1.7666
13.577
3.07385
3.17585
-10.1207
-3.29656
2.63625
6.6198
-3.23465
2.43098
3.19291
9.11484
7.59601
1.87174
2.60735
9.27507
0.672237
6.28923
3.54733
-1.19081
1.33375
4.29817
15.6343
0.554713
6.72138
0.391639
5.91838
3.91548
-5.4608
2.75858
-1.42423
3.2576
0.524769
7.20842
0.318765
-5.06812
-6.21991
-2.06662
1.38589
8.68957
2.33432
-1.16209
2.65472
4.65946
0.151839
3.32056
-2.35928
-1.30645
-0.347066
0.587149
-8.62104
-11.1997
-6.91255
-3.43155
6.85736
-9.52504
9.88616
0.259078
6.48225
11.7151
3.74991
-2.52989
0.934954
-5.9486
-4.69644
-0.690161
4.54037
-10.6981
4.08351
3.13428
-4.41808
3.42901
1.58969
4.43898
-5.17151
-15.3329
9.87496
2.66727
-7.95079
-4.0747
10.8679
-11.9714
2.73185
3.0687
3.42641
2.9388
-1.08822
-1.43771
-2.50867
3.06205
4.5237
-2.0017
-13.0717
-3.42377
9.28954
1.74509
-3.15212
12.0272
-5.61422
3.20531
7.87658
7.90074
1.95638
1.70084
0.811571
0.958806
-2.81982
4.19153
-2.0529
-2.20723
-2.84073
12.8218
-3.82409
5.76179
9.04612
-9.36604
1.40559
5.89207
0.135793
4.77282
7.76628
-0.820183
8.36114
-0.440176
7.51316
-3.89884
-9.09518
0.888992
-6.51555
-6.30814
4.15987
-0.130622
-8.89432
-2.48387
-2.68709
-1.00212
-2.84369
-1.18051
-1.39429
-3.75581
-2.77667
5.01649
5.08095
-6.38741
1.16393
-2.9617
7.86819
-1.95149
-4.91578
-0.886989
8.89111
-11.1972
2.81131
10.0554
2.10779
-5.90302
-2.93767
8.25278
1.35642
3.24708
0.127141
1.89466
-3.16255
4.23552
11.1815
4.37488
0.66073
-4.30456
-2.37377
-4.96347
2.35597
1.83158
-0.271268
-1.12479
3.29625
-0.193698
2.32369
-6.12805
5.14804
-7.08186
-0.66971
-5.93478
-1.28927
14.4008
3.33973
1.25522
-0.47105
-4.23035
-5.3716
0.993888
-18.9215
-3.30497
-4.73062
-4.31674
-1.8576
-1.62434
2.19119
-6.87872
-8.2893
-11.9554
-0.30076
11.4375
-6.77107
-12.0517
-5.05094
2.91682
-7.42826
-0.929034
-12.6607
-6.72795
8.78442
1.11076
-2.80277
-2.23746
-8.11598
-3.43515
-1.05967
5.58042
3.10504
-1.25423
-10.3927
-10.5275
-9.37801
6.48485
-1.83735
-1.67058
2.1013
-1.11129
5.90826
2.9277
-7.4365
1.70039
-9.78314
1.88151
-8.26762
10.2447
0.609769
8.86131
5.9005
-4.57837
5.26912
-0.121087
-0.977158
-6.89475
1.63689
-1.80488
-4.57675
7.99385
-8.145
-6.85509
-2.8022
7.12539
-2.30559
3.32738
-2.23279
0.198524
-2.76966
5.97612
-1.18363
-10.8106
-6.2832
-2.99897
-2.48137
-0.832124
3.41977
2.1974
-4.08789
4.22825
1.90242
10.8135
2.91634
3.13492
-3.51401
0.28512
2.89278
7.38996
-8.19404
-2.13241
-8.95657
-6.3206
-0.931798
-3.48215
5.67125
8.88893
0.83305
4.3372
-0.952069
10.6459
-1.72687
3.43971
-6.40984
2.08234
-6.52353
-4.65482
5.17716
-11.0033
-1.14803
-2.02488
-11.4894
6.40837
7.55446
0.90797
-0.129708
-4.83521
-6.06569
1.58233
9.3807
-0.270784
1.45479
9.81758
-0.238958
5.40866
3.92347
1.01708
-10.5258
10.5253
5.05996
-6.71345
-9.61198
1.88366
3.04341
-2.16089
-2.84062
-5.12342
-1.16153
-0.836793
-9.02437
-4.56719
-11.1601
-3.18365
-5.89908
-2.81766
-11.0996
-1.24529
1.17836
0.731691
6.13653
-4.5861
0.359722
-0.068106
-9.76474
2.83356
5.71049
-0.487862
1.16313
-7.76895
2.8946
-8.10772
0.766889
-4.88486
-5.90954
-0.62368
-0.240282
-9.33826
-11.1035
0.914446
-14.3754
4.31399
3.95041
-0.847144
-0.668593
0.985792
-4.30169
-0.816813
-10.4567
0.495173
-3.10883
1.23137
1.53296
0.554111
-3.01126
4.72272
-6.62162
4.67323
4.37707
-2.67011
1.70148
16.6726
7.53574
2.12444
-2.69775
2.32354
-1.73169
-1.9353
-8.58712
-3.30455
-6.6248
-1.12269
-2.0417
-2.83395
-2.50062
5.61358
7.10937
8.01278
5.42033
2.25894
-0.47592
7.6882
5.61621
4.50622
3.84056
-1.06549
4.96579
0.121093
5.57204
-4.42464
-1.16881
-1.92435
-8.79556
-4.68481
11.5991
7.87908
-1.61974
4.34329
-1.15423
-8.09082
-11.7424
-6.63672
3.7138
-3.54366
-13.1627
0.628731
3.12745
8.86521
-4.11963
-5.86028
3.47688
1.62127
0.0639937
8.47931
1.24728
3.23571
-2.17668
-7.5062
-7.45333
-6.07995
0.0555827
-2.04876
0.446514
-3.39437
1.70228
-3.28949
-0.836168
-0.238307
-5.54485
-7.75716
-0.0145354
-2.01788
-8.41341
-5.03698
2.63044
0.742649
-0.666172
0.685376
6.95537
7.41978
10.5364
-5.65748
-3.51135
-1.59077
-2.37655
-6.40289
1.65853
1.60445
6.37559
2.37853
6.02352
0.345417
1.40137
4.48352
-1.48064
-3.73141
-2.22094
-4.18084
-6.88108
-1.7682
6.60461
2.29616
-1.6555
-8.50791
9.44285
-7.48039
1.26871
1.73498
1.60737
-5.16221
-0.0603899
0.531936
-1.32113
5.20745
2.60715
10.9057
-3.60232
-4.91957
2.86621
-2.33922
4.29095
9.0318
-0.384503
-4.11598
4.11318
-1.06673
-11.846
1.42964
9.00437
-1.24332
-6.93442
5.61432
-2.21076
-6.34102
-2.47519
-4.58495
-5.9509
-3.44033
-5.34086
12.2097
4.751
-5.62044
-3.91814
-3.62921
0.958079
8.48613
0.993968
0.420606
-5.75
0.688951
-2.91481
10.102
3.73671
2.96804
7.22364
5.95125
2.77128
4.71473
-3.11284
6.67392
1.90078
6.43445
7.39812
9.98972
3.7251
5.42298
4.91301
1.64525
-0.762721
7.60231
11.9226
8.6063
4.41959
4.67555
3.281
0.208549
3.16904
-5.6701
-0.206711
-8.4065
1.05748
-7.14306
-9.06816
-4.68242
-6.56404
-14.2003
5.75297
3.54064
4.03044
-2.10535
-6.6367
1.93828
-5.21348
5.1148
-2.24986
-10.1372
0.675411
4.12477
-4.29781
9.2027
-3.95682
3.75613
0.0149868
6.13985
6.44366
-11.7236
-1.26326
2.71421
1.34931
-0.138057
0.203887
10.5545
11.0187
1.3245
-1.86493
-3.10338
-11.0622
6.55662
6.25209
4.72636
-1.60978
-0.0909674
2.24451
1.25295
9.03371
8.55847
7.75659
-8.93467
0.86231
-2.46298
8.09869
-4.70691
5.89871
2.79682
1.71494
7.14984
3.82566
0.593866
-4.43632
1.67867
11.4183
7.44572
-1.16533
6.98425
2.82327
4.63864
8.27861
-12.168
2.70078
-3.77576
-1.86487
9.24052
-0.129216
3.56303
0.0957251
6.66656
-6.27486
1.93449
1.71588
-2.41593
-1.71046
1.28215
3.24945
-5.44458
-6.75734
0.85896
-4.15522
-4.15738
0.299446
-1.64568
2.95288
10.7
0.522547
-4.97369
-11.5409
2.71511
-1.77124
-13.7114
0.387974
1.97372
-1.95836
1.99521
1.08591
8.44931
5.37141
5.8459
-0.600547
-2.05612
0.597465
4.14896
4.57672
5.13155
1.28621
-0.962811
5.11373
0.967786
1.77772
3.1939
1.49364
2.46897
3.08558
-2.97625
-1.47949
0.525968
2.52414
0.161375
-3.66674
-7.17082
0.221055
-6.40001
-7.79355
-2.06654
0.729895
-5.65757
-1.53765
2.72688
-0.990558
3.53733
11.7121
2.6069
3.54386
-4.63781
-5.0714
3.91839
0.10053
-0.878832
1.66761
-7.55218
4.1731
-0.744952
4.78168
-1.92857
0.993776
6.003
-3.10014
2.5628
-1.54032
8.58618
-2.35292
3.85556
-5.76705
1.01809
-0.505144
-18.112
4.61313
5.41162
5.12131
-5.89377
7.32029
-0.416955
-4.01228
5.04058
-6.30909
-3.35356
2.29723
6.01512
-3.02241
-2.48183
4.18794
1.84316
9.13657
4.13243
8.64083
2.7927
-2.07311
4.06947
0.0609099
-2.07741
-5.19396
1.08014
5.7546
-11.9327
3.97195
-0.671189
-6.00661
0.711895
4.29555
1.62593
1.5186
-0.655548
1.5031
-2.53189
1.50229
3.34901
1.57686
-3.7989
4.04527
-5.78052
-4.06739
2.25111
-3.73781
-1.77966
1.35755
1.4238
2.07767
-6.66772
-6.98992
1.43542
6.92344
3.17675
1.86783
6.55094
2.32106
-5.51473
3.20828
4.78565
2.28114
8.50423
4.89852
-9.00982
6.76803
-1.38014
1.58864
4.13715
-3.92558
6.92481
1.29102
8.22852
11.892
-1.45468
-0.22996
-4.34781
-5.63681
-15.674
-1.82654
0.460858
-5.00405
-10.5871
-5.86501
4.15283
-13.8058
4.75416
0.527573
0.377827
6.99637
-5.18905
0.570886
0.865627
0.0617238
0.954169
0.539435
0.230103
7.42455
4.11196
4.10459
-0.645128
4.0741
-15.6134
6.28583
-4.64473
-10.4455
-6.30128
0.135157
-7.26807
-3.94793
-6.79816
-2.25353
0.62279
-1.18332
-1.27676
-1.95312
-2.3951
-2.23045
-4.01065
-11.0822
-3.20971
-8.43028
5.76477
2.04043
-7.34197
3.15188
-2.79897
-7.68216
-1.32779
8.75248
4.39266
0.000501547
-1.7974
-2.99676
0.495319
-4.49151
-5.13249
7.50437
0.149017
4.55091
-1.37801
9.30198
2.56612
-4.84196
-12.8939
-0.499901
-4.04681
4.86242
6.04691
7.55584
8.20785
9.83062
-2.85504
8.08982
1.66772
6.4196
-6.54051
2.78279
6.2289
4.74489
-7.12315
8.91275
0.73055
5.5083
3.54953
-2.42828
-2.17427
-0.155007
-1.43588
-7.16171
5.58855
5.17825
6.5971
-0.237175
2.20567
-3.43649
12.1249
3.46772
1.73027
-3.57562
3.77359
4.29065
-0.084977
-2.45777
1.14764
-0.200362
-2.31876
1.89428
1.39842
2.52725
2.04392
-3.30969
-5.53677
2.17146
-8.43189
-1.41097
9.30527
-0.386163
2.61518
6.76016
2.32823
8.44911
-3.17869
8.29118
4.67176
-1.02012
0.0550628
1.09187
3.81993
-1.64047
-14.9015
0.411692
7.20501
12.2874
3.42248
6.70885
7.50404
7.78718
5.56782
9.58677
6.361
2.81413
8.37526
-13.6077
3.57117
1.97654
-4.90707
2.09933
3.95401
-1.32571
7.44122
11.5514
5.73983
-0.279452
2.68441
7.84245
-2.90358
3.11332
-5.32865
-11.3689
1.1602
-4.53777
13.5098
4.97029
4.58515
3.34253
-4.00897
-8.49484
-7.87424
2.95252
-4.07358
1.37963
-4.70031
-0.956678
-11.038
1.11106
-15.5181
5.06318
-1.40526
12.5693
-1.54643
-2.90133
1.04552
1.58656
5.36892
-1.11974
-2.71101
7.72118
7.27726
-3.36923
-0.288129
-0.851999
-0.105137
-9.68217
2.47222
-3.85348
3.24081
2.72818
-6.52546
-2.32108
6.14263
0.0994256
-6.33962
-1.71372
-3.97145
-15.0348
5.66593
3.4961
-6.05322
-7.11802
-4.02495
1.24232
1.60164
2.84122
-5.88445
-10.8891
7.18076
2.33373
2.25748
-2.39797
-1.08631
-6.15936
-0.0997639
-0.269231
-2.78529
0.354847
-1.62677
-8.40576
5.55365
-0.647963
2.53884
-4.86937
4.66598
3.20181
5.15319
-10.3641
-4.0469
-6.01499
-6.30098
4.28266
-0.19558
9.91281
-0.260754
-5.12652
-2.5283
4.44129
-4.05716
-3.13497
10.7277
-0.164724
-9.62025
-2.76594
5.13545
-2.2446
-1.21687
2.07489
-3.82168
0.423456
4.10876
-3.46221
-3.19057
12.2094
-7.78449
-1.49433
-1.47156
1.95137
3.27605
6.92726
6.11719
5.42256
5.83017
-1.79115
-2.90106
8.4129
1.56921
-5.02913
-4.06154
5.237
7.36895
-4.09077
9.26276
2.07338
4.68161
1.86939
3.4109
0.41919
1.33353
7.37964
1.42998
-2.31157
-6.71717
-1.35279
-5.60438
-1.96609
0.651909
-1.53871
-2.13
2.49457
2.06502
5.52849
-1.64707
-3.83819
-1.47857
-5.3272
-7.0617
-11.0895
-1.45681
6.64366
-1.3282
10.0792
-1.51769
0.753504
4.15001
-4.33819
1.06108
-6.7347
0.807232
0.814226
4.2976
-1.43642
0.438496
-0.1513
-2.17031
4.08045
4.94131
4.867
-3.95081
8.8446
-4.04943
1.84222
0.902137
-0.169556
1.93223
11.1561
1.27676
4.05626
-6.09844
4.03821
-3.57626
-5.50875
9.96634
3.1195
0.0454631
3.25232
-1.43407
-1.37642
6.19981
3.21433
-9.70976
-7.52213
2.68864
1.24664
3.75037
-0.428893
-5.4024
-1.31385
1.04979
8.92468
4.45581
-7.27096
-2.36608
3.20411
4.80589
7.70014
-5.82564
2.10352
-0.453836
4.13284
-0.720361
4.7411
2.88601
9.76222
4.5833
3.72976
-4.16739
1.32656
-7.41091
3.66697
-14.0264
2.95802
6.21693
-20.5349
-0.669963
-5.99427
-13.7977
8.26759
-0.192302
-1.69809
2.28932
1.7358
5.73232
7.31844
-2.97746
5.95773
8.57881
-0.0689104
-0.862541
3.73925
-7.24321
0.892749
-4.49756
-13.1202
0.356561
4.33047
-2.94334
-2.56237
15.0653
-1.62773
-6.14236
3.25616
2.36393
12.371
-1.13604
2.36376
1.7124
-4.64879
-2.06915
-3.78346
-1.58113
-2.12329
1.80528
6.40351
12.3224
-2.45381
-7.43289
-0.951349
-5.58996
-2.41099
-5.28219
1.04198
4.14236
-12.3851
-0.280208
-1.31906
-4.55666
2.69187
-4.32187
3.77712
-20.4496
2.11487
-1.6154
-1.3605
5.03728
0.496384
-0.325357
-6.58507
3.0641
-0.760841
-2.52246
-5.77522
1.63263
1.89495
10.4308
3.57717
4.558
8.0775
-2.94497
-0.38995
-1.55783
-4.95265
6.4579
8.90568
-1.62167
0.424658
-5.93939
-0.725458
-1.72346
3.66015
-2.70564
-9.74654
-5.84633
-0.463926
0.0934082
8.98429
10.0798
-5.80094
5.39177
1.16157
0.663439
-3.10569
-10.2204
2.39253
0.345139
-0.624591
8.22768
-6.71371
-11.0521
-0.504052
-2.23252
-5.59513
-0.842514
-2.68588
-0.970455
-4.68963
-8.12059
-2.37639
-3.57187
1.59352
3.44769
9.19537
-0.572493
-3.73573
12.773
-3.7828
1.08095
2.70292
-3.716
2.13108
-4.926
1.34865
5.81996
3.15088
-3.13679
-1.76794
-3.60196
1.05711
-5.40037
6.76219
-11.0545
-7.95856
-0.84812
-1.24999
-4.65244
-1.99997
0.230419
-0.664837
8.62228
1.53783
-8.40996
-4.65548
6.42713
0.946179
-4.1683
-2.00727
-10.6282
-2.10413
-6.99311
1.98188
-3.16916
-8.29851
0.132249
-0.829908
3.48869
-6.87122
6.1203
3.84391
-2.2852
6.08865
-2.89549
5.31307
6.3839
-0.390696
5.97146
-5.83655
-3.63837
-6.53502
7.63388
11.7938
-0.761932
4.67159
-1.62108
-0.606731
-2.56828
-6.19291
-12.3164
-1.79382
-1.05651
-13.7144
4.52442
-7.70576
0.459827
3.4691
-9.05463
-0.124759
6.50372
1.55152
-11.0919
0.111079
-0.187216
1.59642
-11.1673
-2.23813
-4.78097
-0.32718
-0.445891
-2.20552
-9.4188
0.608872
2.56591
-6.53134
2.27268
-5.14413
-1.52895
10.7957
6.17019
2.35532
5.24544
0.507283
6.79749
-1.41679
-3.11066
10.7008
-2.1449
2.54101
-1.54465
-9.03387
0.727178
-3.8715
-7.19644
-17.907
4.96154
-0.657272
2.30449
2.67456
7.51587
-2.95175
-0.979519
7.65211
-7.75975
-0.960997
-3.44563
0.0484319
-1.99568
0.355547
-7.27279
0.638415
4.06872
-0.32586
1.35751
0.486016
-7.31408
-12.7022
-8.08241
6.70649
8.47958
-4.0813
3.72687
-2.27162
-8.33487
-3.92887
-14.2177
-14.883
-0.88037
-0.539099
0.659725
5.78385
-3.45497
-0.99569
2.31592
6.20562
-4.55582
0.461332
-3.05321
6.31033
7.4042
0.7339
0.0778503
-0.400055
-7.23815
-0.268348
-2.23965
3.71275
2.53828
-3.70951
-2.30413
-4.50395
5.28636
-1.33256
6.10988
2.71246
9.47191
3.1218
-0.846084
-2.4849
-3.35351
-1.00942
-2.73673
3.18455
-2.61117
-2.41794
-0.648648
-3.91478
-1.38693
7.12708
9.50268
6.3037
-0.900076
3.58064
5.02147
6.82138
0.59851
3.97061
0.698824
-1.15648
-6.499
1.83079
1.50856
8.37509
0.814765
4.56653
3.11249
-8.26346
-1.92255
2.15109
-1.55682
4.03827
0.202848
-20.6325
-4.63761
-4.66135
1.59933
-2.0813
0.542608
-6.91534
3.13064
6.28163
11.0773
-1.97917
-0.777111
9.55523
-3.56822
1.34515
4.72818
6.16589
