0.269579
0.278128
0.436861
0.305269
0.236701
0.273625
0.30252
0.411866
0.436581
0.391457
0.269136
0.390044
0.337795
0.246317
0.21277
0.142922
0.19906
0.165538
0.0969788
-0.00597521
0.127689
0.258257
0.0816864
0.0961723
0.019037
0.00419109
0.139218
-0.0151278
0.0579095
0.052016
0.0710523
0.0458982
-0.0268305
0.0325885
0.0225268
-0.0106115
0.0138013
0.10087
0.0438892
0.00876571
-0.0163176
-0.0154476
-0.0697572
0.0645071
0.121868
0.0893503
0.0270312
0.0250917
0.0673309
0.060866
0.0187333
-0.134491
-0.376546
-0.338239
-0.411651
-0.444195
-0.375867
-0.416886
-0.323415
-0.381014
-0.427627
-0.507431
-0.648023
-0.583228
-0.686143
-0.686219
-0.669272
-0.68161
-0.525488
-0.529938
-0.525401
-0.378773
-0.418055
-0.588855
-0.74794
-0.811887
-0.779068
-0.799908
-0.910981
-0.884341
-0.798513
-0.928795
-0.963441
-1.00506
-1.06245
-0.893925
-0.706695
-0.66003
-0.744233
-0.703891
-0.619664
-0.609549
-0.469512
-0.343038
-0.314871
-0.293406
-0.260478
-0.337569
-0.264687
-0.321685
-0.295642
-0.350475
-0.321138
-0.321811
-0.368085
-0.201977
-0.164391
-0.15296
-0.207986
-0.160995
-0.208965
-0.210199
-0.28618
-0.326754
-0.293032
-0.228445
-0.114078
-0.127974
-0.190684
-0.0926443
-0.0573178
-0.0900027
-0.130548
-0.0285989
0.0324404
0.000419175
0.0843562
0.0938532
0.0885377
0.0977854
0.174684
0.218011
0.295668
0.286266
0.356141
0.262105
0.171155
0.194172
0.262254
0.364608
0.405873
0.454239
0.432153
0.551563
0.678519
0.623271
0.575376
0.499412
0.455946
0.500053
0.454682
0.380334
0.335656
0.338918
0.263767
0.211008
0.31182
0.261242
0.336742
0.403676
0.377937
0.445517
0.375577
0.306017
0.278911
0.187272
0.176962
0.184185
0.321664
0.244239
0.2807
0.229744
0.174401
0.0652126
-0.0310047
-0.0696434
-0.12308
-0.00279259
-0.132767
-0.272354
-0.296419
-0.269946
-0.229442
-0.174442
-0.0998881
-0.0769181
-0.0607304
-0.0368583
0.0258352
-0.0601031
-0.0594541
0.0107147
0.109686
0.211921
0.176104
0.312572
0.284631
0.278602
0.293607
0.273959
0.380333
0.330203
0.410199
0.435346
0.551876
0.500141
0.478991
0.432703
0.327674
0.384386
0.499845
0.543361
0.379477
0.354479
0.404241
0.311031
0.320434
0.272179
0.110278
0.0367986
0.103428
0.114474
0.0937122
0.115805
0.170365
0.0809975
0.0519975
0.0402029
-0.0494654
-0.0155906
0.0193186
0.0451601
0.190424
0.0589521
-0.0591773
-0.0283341
0.0856127
0.0827872
0.0472178
0.00969845
0.0801435
-0.0451681
-0.0916971
-0.215856
-0.270028
-0.25848
-0.349724
-0.324886
-0.312306
-0.253748
-0.261596
-0.277835
-0.18983
-0.206361
-0.247758
-0.270723
-0.294113
-0.255648
-0.205948
-0.156861
-0.219944
-0.238564
-0.289402
-0.37885
-0.452233
-0.399622
-0.340092
-0.394299
-0.430672
-0.454713
-0.525525
-0.485003
-0.525819
-0.64401
-0.669167
-0.686041
-0.639487
-0.677583
-0.705266
-0.671958
-0.613823
-0.752062
-0.715054
-0.632351
-0.632493
-0.523019
-0.487447
-0.424404
-0.413157
-0.469486
-0.441485
-0.415842
-0.32371
-0.401284
-0.393233
-0.469
-0.411929
-0.48466
-0.501942
-0.548274
-0.551965
-0.642589
-0.735149
-0.821758
-0.838988
-0.796196
-0.675477
-0.74341
-0.702536
-0.857788
-0.919865
-0.945391
-0.969618
-0.824067
-0.906126
-0.816923
-0.786807
-0.709929
-0.722856
-0.796047
-0.806498
-0.894955
-0.920763
-0.957523
-0.920813
-0.909472
-0.990281
-0.867136
-0.865206
-0.879953
-0.647272
-0.560281
-0.526521
-0.500344
-0.491534
-0.466819
-0.260159
-0.271948
-0.187066
-0.245507
-0.197297
-0.149275
-0.144801
-0.112649
-0.103458
-0.0943405
-0.0288451
0.0660865
0.0546758
0.0476164
0.100069
0.0958735
-0.0068623
0.0390227
0.119336
0.19648
0.362205
0.282752
0.218844
0.303934
