-1.12058
-1.23722
-1.29513
-1.30668
-1.35651
-1.29218
-1.2849
-1.32036
-1.38735
-1.34668
-1.48291
-1.4185
-1.41675
-1.29263
-1.39549
-1.39055
-1.38885
-1.30137
-1.25329
-1.23436
-1.40495
-1.3357
-1.33192
-1.28888
-1.30655
-1.16123
-1.17711
-1.15376
-1.25409
-1.16999
-1.14465
-1.13883
-1.04467
-1.02767
-0.967352
-0.993199
-1.07618
-1.15447
-1.01582
-1.06089
-1.08082
-1.18075
-1.21074
-1.18294
-1.20213
-1.15667
-1.15894
-1.15344
-1.1051
-1.14221
-1.13354
-1.05476
-1.0528
-1.1978
-1.27497
-1.32317
-1.26613
-1.15496
-1.10081
-1.09644
-1.10247
-1.06715
-1.04657
-1.15119
-1.17892
-1.22356
-1.28206
-1.30537
-1.26493
-1.35929
-1.37122
-1.36194
-1.30672
-1.20813
-1.12518
-1.12704
-1.21835
-1.0768
-1.07085
-0.996549
-1.14361
-1.18112
-1.12911
-1.11418
-1.21477
-1.23235
-1.19448
-1.2679
-1.15889
-1.09849
-1.09057
-1.10874
-1.09297
-1.11953
-0.973603
-1.01381
-0.980228
-0.961778
-0.961676
-1.01629
-0.954873
-0.916752
-0.850508
-0.918843
-1.00191
-0.910862
-0.850616
-0.640507
-0.754405
-0.720586
-0.680317
-0.664611
-0.68209
-0.785732
-0.877854
-0.862021
-0.786956
-0.821598
-0.790652
-0.682116
-0.603173
-0.626861
-0.53055
-0.483749
-0.497079
-0.461661
-0.550435
-0.687479
-0.645773
-0.694646
-0.691396
-0.668345
-0.668993
-0.704834
-0.631092
-0.67949
-0.717482
-0.689031
-0.679604
-0.661314
-0.636412
-0.596904
-0.634401
-0.566999
-0.548315
-0.60974
-0.579523
-0.55996
-0.761547
-0.843781
-0.905898
-0.868177
-0.919979
-0.937656
-0.947557
-0.967897
-0.877993
-0.968038
-0.941637
-0.797397
-0.828416
-0.917333
-0.952095
-0.939161
-0.938971
-0.940189
-1.05473
-1.00564
-0.987955
-0.910322
-0.796743
-0.841807
-0.840726
-0.795292
-0.812229
-0.704355
-0.804389
-0.64624
-0.575828
-0.533249
-0.453367
-0.392627
-0.435224
-0.523567
-0.50832
-0.479306
-0.537617
-0.570686
-0.593191
-0.601142
-0.632369
-0.6036
-0.619572
-0.641382
-0.641317
-0.604067
-0.483886
-0.510808
-0.598279
-0.594958
-0.625142
-0.698657
-0.639946
-0.584868
-0.65077
-0.757487
-0.765613
-0.687951
-0.743627
-0.63881
-0.620392
-0.576272
-0.530712
-0.600961
-0.614739
-0.750862
-0.82598
-0.955219
-0.956895
-0.865214
-0.889588
-0.692794
-0.750312
-0.704819
-0.649086
-0.504033
-0.579698
-0.463567
-0.467591
-0.463013
-0.499694
-0.537944
-0.471572
-0.531751
-0.459387
-0.544525
-0.59195
-0.5207
-0.560905
-0.656949
-0.671232
-0.838974
-0.954326
-0.876848
-0.929857
-0.955668
-0.906278
-0.935117
-0.838061
-0.785231
-0.760776
-0.776551
-0.775412
-0.77302
-0.767038
-0.742289
-0.846992
-0.820387
-0.798707
-0.731919
-0.842573
-0.722405
-0.762524
-0.681541
-0.629158
-0.725743
-0.779117
-0.777325
-0.724074
-0.688129
-0.667285
-0.699835
-0.687854
-0.632651
-0.563074
-0.557347
-0.565441
-0.438953
-0.48855
-0.600822
-0.62774
-0.649572
-0.567569
-0.547538
-0.457044
-0.418041
-0.468909
-0.467419
-0.41611
-0.332025
-0.30925
-0.424513
-0.454511
-0.582834
-0.69225
-0.742152
-0.745643
-0.732418
-0.727343
-0.534366
-0.457406
-0.379139
-0.334861
-0.34449
-0.410129
-0.469144
-0.453627
-0.385812
-0.535217
-0.521178
-0.533966
-0.555245
-0.590599
-0.749294
-0.719056
-0.618447
-0.710044
-0.607004
-0.506024
-0.506214
-0.386466
-0.452364
-0.535835
-0.538101
-0.575267
-0.523981
-0.497637
-0.564431
-0.600187
-0.533717
-0.352076
-0.330148
-0.387633
-0.437646
-0.322725
-0.33611
-0.426995
-0.37901
-0.353837
-0.360754
-0.32238
-0.382064
-0.478106
-0.506963
-0.466655
-0.447487
-0.557034
-0.61205
-0.640802
-0.647284
-0.475214
-0.561353
-0.582023
-0.719934
-0.755516
-0.726449
-0.697909
-0.686283
-0.638971
-0.586666
-0.631872
-0.597662
-0.634227
-0.731301
-0.876868
-0.870111
-0.784123
-0.700224
-0.74625
-0.839725
-0.831964
-0.792474
-0.812536
-0.903855
-1.0032
-0.898022
-1.07535
-1.18832
-1.00183
-1.02242
