5.46789
-3.50945
5.31417
2.35229
-2.19672
-10.4585
4.81683
-5.31191
7.11309
0.941647
2.03658
-3.82418
-0.800369
-3.18987
-1.75529
-2.3892
-4.68751
-9.39793
4.89204
5.52446
-3.7339
-4.60428
-3.53393
3.02187
-1.11617
10.0141
14.5815
-4.21555
-2.58383
-9.75207
0.866409
10.2351
-4.76163
0.62164
2.84876
1.74042
6.5596
0.861982
-0.751874
-1.45469
-0.0258706
11.5473
6.64788
8.43535
-1.88492
8.65776
1.03416
10.4248
9.29496
-0.4808
-3.21152
-2.97241
-2.1549
2.68604
-5.43523
0.190407
0.561995
0.778617
1.02222
0.328659
-1.73865
0.0217416
-0.440672
-1.5295
4.0633
-6.62723
-11.5511
-7.45944
-6.73285
-11.3271
-0.523284
7.43812
-6.74129
-0.271616
-1.81866
-4.02703
2.05961
0.918955
-6.9948
1.73289
-2.7541
-8.47343
9.18384
6.91363
1.13025
0.365256
-2.15982
8.09957
-3.37621
-6.07987
6.16741
1.04917
8.37123
-5.66282
-2.75811
-2.12456
6.4124
-0.471595
-5.9408
1.77805
7.18001
-1.10412
-5.54149
3.58907
-7.45515
-4.51975
9.60169
-4.26827
3.75074
-4.61284
6.99389
-4.23542
-7.12535
-7.09183
3.2229
-0.0122662
-1.7742
-4.80125
-3.66452
-4.39548
0.943908
-1.05368
-1.4534
-5.36282
-1.59377
2.13252
-8.71575
-3.20776
12.0839
7.07399
-12.6582
-11.2145
0.0241362
-4.07035
-10.0979
-13.5434
-5.53334
-0.825227
4.77243
-2.67951
6.89425
3.68116
0.356667
0.331238
2.47112
6.24939
5.82262
-6.19909
1.74147
2.47982
4.62433
3.93768
-1.38207
-8.17194
10.2866
-0.860949
0.231698
-3.49977
7.77022
-1.25927
-2.9709
-4.30625
7.85556
-10.3645
4.28704
-1.44962
-1.60041
-4.05697
-0.014102
-6.46218
8.0651
-8.33982
4.24074
3.68443
-5.66219
1.72659
1.39922
-0.756326
-8.76098
-8.0496
2.35717
3.14339
2.30893
1.70142
8.70328
-4.27856
3.01797
-6.14424
0.45028
-10.7765
-6.84826
-2.21977
-4.43192
-4.75011
12.0897
-6.32198
4.34279
-0.455485
-6.62795
-8.36827
-5.80763
-12.3501
-2.32925
-1.8733
-1.01006
-18.6688
1.47243
-4.34542
3.20544
-3.49131
10.7097
3.59751
-8.11774
2.54316
-4.01693
-3.5555
-11.3477
7.13186
-11.0028
1.96046
-4.65418
-4.64783
-1.49085
-6.82996
-0.213713
3.70612
0.498226
-1.12101
-6.69854
-0.785857
3.0717
5.98735
3.81291
3.14207
8.82049
7.24054
-11.5627
1.85224
-3.25365
-0.926565
3.18771
2.9464
8.27071
1.09465
3.61031
-5.61785
-0.539615
6.07244
-6.6955
10.4773
8.68229
-4.57506
1.63934
-4.31199
13.2562
4.04291
0.856055
0.354994
7.2928
-3.66576
3.08571
-5.80619
-12.2726
0.169837
2.79782
0.032085
2.73821
-3.24593
4.8738
-11.4339
6.8254
-4.75428
-4.73792
8.85437
-9.15811
-1.46872
-9.06869
-3.43987
0.253522
-5.11852
1.54089
7.41507
-2.36315
-0.306064
-2.45928
6.66068
-1.43804
0.994537
-6.4878
6.35582
-4.18777
-11.4781
-8.1355
-4.24746
0.687027
-6.94312
-2.17139
-0.626257
1.25719
-16.2131
0.824118
0.183031
-6.60378
-8.4088
4.47274
4.32501
-5.25407
-1.39419
-9.85255
5.43235
-2.00583
-5.11061
2.84185
7.71898
-0.440617
-0.703454
-9.26575
3.95646
-7.1098
-4.05734
3.81497
-4.01902
0.553135
-15.999
-3.73582
1.72698
6.83274
-7.32538
-10.0282
-1.39364
6.63261
-4.5848
4.20292
-7.21832
-0.823051
-0.663554
3.94525
-0.248454
1.52086
-12.405
8.28405
1.23723
-0.949341
-4.55045
5.25293
-2.26449
3.81691
4.28476
-3.35565
0.822825
6.8141
-1.20171
0.996983
-0.257303
3.31666
6.19628
-1.66232
-8.64015
-3.64547
-7.78964
6.69797
-0.973952
-7.18875
8.18762
-12.4285
-4.32808
-0.770839
-2.77136
-4.79859
-5.91173
-12.2003
3.50991
-1.02225
8.12719
2.23249
4.36382
0.729437
2.20253
3.28069
-2.01562
13.2283
-0.675392
-8.35549
2.96668
0.28295
-3.6243
-4.49825
4.1061
-7.64313
4.06672
-3.50585
-14.48
6.28689
1.79584
15.6532
7.64101
0.193601
1.5624
-4.14843
3.44497
2.55796
-1.7298
-1.94839
5.06997
-2.02501
-10.0008
-4.12753
-4.33576
-8.644
1.24186
-12.1771
12.6317
2.58689
2.82091
-9.36526
8.44528
4.55778
-4.60636
7.78816
-10.2109
-3.02495
2.84353
7.60536
0.0191329
-0.947985
-7.20909
6.72386
-3.24885
5.49503
-7.43461
-1.44514
-2.59548
-5.31444
-6.07459
-2.91633
5.97065
-2.05328
-12.9884
4.80983
3.88413
-0.829194
-4.90176
0.10555
-1.03059
-6.2353
-0.0597415
-3.38516
-14.2164
-0.462003
-2.3232
4.05637
-2.15496
0.862938
-1.59368
-4.6568
6.92459
-0.675116
-19.3886
0.100846
-3.23247
4.52323
-1.96035
-2.10948
-5.1946
-7.02319
0.177015
1.33134
5.47157
-0.5907
-1.10691
-17.0722
3.11533
-5.23074
-5.48871
3.87066
-15.1785
-2.48769
-9.93102
7.09182
10.119
4.5311
0.497706
3.79225
-5.55923
5.11689
-0.357444
6.65646
2.84552
2.29507
-7.39821
-5.6474
-9.65418
4.82003
2.55019
2.53666
2.66324
-0.0774161
13.8337
8.1358
-1.12884
-6.84682
-16.8822
-7.79746
-5.13669
-14.4943
-10.6785
-7.42449
4.47007
-0.398616
-1.14096
-13.0401
-4.18351
-2.23346
-7.34366
4.93398
-4.52997
-2.78444
7.0494
4.06668
-5.61246
-0.95549
-9.1488
-3.25623
-3.38277
-4.33929
-1.86132
-6.35622
5.06402
7.8185
-3.09831
6.96623
-3.57804
1.79515
6.56677
-5.02522
3.72227
15.4272
3.54544
2.77995
4.51578
-0.0451772
-2.13455
3.90852
0.761699
1.69761
0.634073
12.0721
-5.15872
-0.977273
1.59916
3.18498
6.80234
11.5057
4.1317
-10.7648
1.19481
1.8894
-0.824649
-6.82212
7.03898
-0.245239
3.08121
-4.4784
1.6195
5.60131
2.2727
6.5495
2.22758
4.18574
-1.86115
-2.09299
-5.95157
-0.303099
4.24783
-3.27173
-0.401188
5.55744
1.51956
-1.45688
-3.02069
-5.75749
-9.82858
-9.79267
-1.25083
-1.5282
-1.16319
-1.06085
-5.89347
-3.88515
-1.47565
-0.0323026
-2.35892
3.03883
-9.78858
-1.4988
1.0854
5.75476
8.47469
13.5806
-5.63962
9.6465
-12.6788
-1.6839
5.3018
-3.66658
1.85175
4.41738
-8.11927
4.40473
0.629644
7.73773
-5.68162
-0.554316
3.82358
5.78402
1.29038
-4.34425
-3.75164
4.61002
1.81906
1.58984
-0.818894
-0.936334
2.50423
-10.456
0.2828
8.86841
10.0651
-4.44037
2.07994
-4.27034
4.2364
-1.13544
-6.95116
9.16387
-3.55362
2.12158
0.806158
6.02385
4.40525
2.12572
-10.9082
-8.20684
-7.92842
4.50063
14.0902
0.234442
2.41174
3.17548
3.313
-0.229886
-10.4209
-3.17251
0.748533
3.56072
9.73358
-1.66884
2.34787
4.76919
3.82557
4.00163
-0.0349604
0.50205
13.6164
1.00535
6.63414
1.35639
6.63573
7.26548
7.15397
-2.13058
-11.8428
3.42013
7.7554
5.96824
9.37441
-2.74208
7.26162
-5.88753
0.71254
11.699
-12.1163
-9.35571
5.79871
-4.27928
-3.31032
-1.45275
5.24815
8.70257
-3.23535
6.16567
4.41849
3.27379
7.36343
-2.91758
-3.61208
0.106339
-0.466333
-12.732
-9.40307
1.15319
-4.38448
1.83349
-4.96704
-3.41778
-3.43851
6.37615
1.2289
4.46298
1.9092
-1.55544
1.95972
-3.47432
-2.92882
6.33835
9.41867
1.98928
6.73927
2.55278
-0.0498537
5.19542
-2.73889
0.290467
10.1206
1.60336
-1.31853
5.69667
-6.08035
-2.52516
3.85586
1.0736
-1.31644
3.96564
8.32207
3.66811
2.1726
-5.58011
1.12612
6.8433
14.1997
14.9449
3.92052
3.61029
1.57576
0.671394
-3.54371
4.65874
-3.46122
0.669238
2.24175
1.43203
0.391351
-2.34727
-0.338198
4.39534
7.09943
0.682709
0.357858
-12.5316
3.25508
3.2616
-2.67985
7.74089
-0.908141
2.5628
4.96852
-0.812824
-9.53619
-2.11656
-6.08261
-13.0665
6.33226
-4.68558
-2.66377
-7.29763
0.563316
7.32671
-3.08633
1.13904
-0.0754049
1.59317
-0.982249
5.83039
-11.0073
5.0246
8.98872
-6.06775
2.42449
13.7123
0.832618
8.0915
2.82546
-7.84622
-3.83704
5.6223
-10.8008
-2.15495
8.24129
0.385989
-8.57889
-5.06175
5.63737
4.09724
-7.89479
-1.0825
0.393353
10.1935
-1.20126
-17.1365
-11.5993
0.776206
3.84391
-3.93384
1.11438
4.08553
-5.89214
3.09849
-10.2074
-1.06129
0.652821
-4.46618
5.83981
2.17573
-18.9487
-2.98438
4.0275
-10.2832
-11.0636
1.34562
-4.11576
-2.77392
-5.13515
-2.45879
-4.8942
0.870981
6.3468
-3.86698
6.6687
-1.08114
-2.78303
1.88053
4.85835
9.57998
-2.69055
5.77105
1.15435
-0.82681
-0.208152
9.00941
8.20824
-1.29414
-7.78729
6.32492
-0.943991
8.99753
-17.9933
9.24341
-3.20617
2.42533
-2.66744
3.31908
7.43837
5.201
8.00161
-6.87622
-4.95443
5.64124
-0.491939
0.551024
7.53307
11.3603
5.74659
0.414112
2.28359
8.99746
0.630738
0.493987
-1.12327
-4.28106
-5.68501
4.55262
2.99506
-5.10785
1.89471
-3.37948
2.6618
-1.58571
-8.08257
1.32004
11.7742
-2.63971
3.92051
-2.44035
1.10219
-8.23689
-6.33435
-3.22725
8.55452
7.94186
5.32917
-3.66058
0.660715
-1.70719
5.2726
-0.457401
-3.19513
8.45401
1.81135
5.30747
-3.01956
1.80875
-3.5662
6.91584
5.49281
4.13044
-9.47079
7.44105
-3.97914
-5.8251
5.42381
4.29041
7.06587
2.44553
0.428933
-7.31202
1.90614
-2.90205
-4.79343
0.222009
9.74546
-2.41703
5.02611
10.5861
0.930119
-0.0109785
-9.37336
0.142129
-3.64723
-5.11446
-2.38893
1.87517
-2.94943
1.38825
-7.61384
-11.9929
-0.692839
-5.54889
2.78689
-1.39477
2.68432
0.828418
0.0789158
0.294499
-1.58204
6.22924
0.831628
-10.0137
1.3951
-1.57182
4.21116
0.101288
-4.9423
8.07931
-4.20376
9.65329
-3.69421
2.12685
0.390884
5.41326
-8.66835
-0.27664
-9.20444
-0.370265
6.70464
0.124977
-7.40364
-0.934608
8.47984
3.1975
-5.99943
-1.53902
-2.67818
-8.26015
-7.33334
-5.97439
2.96592
6.15963
1.61961
2.44592
6.02097
3.56837
3.65181
-5.29851
-5.99702
7.12143
2.48009
-5.53383
-2.44758
-1.53118
-6.30148
5.95134
8.68606
-5.01377
-2.97102
-9.22645
-0.0352602
-2.48246
-0.792828
-5.53714
-1.1526
-1.53089
7.40778
11.6113
3.61641
1.08301
-12.6819
2.01151
6.60855
-5.68682
-5.17133
7.14879
12.0822
-0.809405
7.3758
6.4426
7.53626
1.52945
0.575709
-0.405683
-2.46712
-3.23476
-0.971671
3.47819
1.73472
-1.5144
-0.487273
-2.82879
-1.86495
7.06092
-11.3499
4.2785
0.68991
-0.612644
12.9946
-1.17746
1.4282
-2.87344
-3.05017
10.2664
9.44463
-5.13521
6.30005
-6.27481
3.05481
0.106983
-2.451
6.80042
2.7663
7.00812
6.70938
1.51614
-6.13348
-4.74454
9.03964
3.9059
3.6026
-0.629054
4.30847
3.05562
12.8907
-6.75529
-11.5229
-5.8833
-9.38824
4.04492
-0.936721
3.60934
1.09198
-13.0517
8.66926
-0.935233
-19.2485
-1.11138
-7.39018
-8.9029
-2.15922
3.00968
0.412546
-8.30093
-4.75775
-9.85416
-5.68532
-0.174025
4.09306
-0.947731
10.4181
-5.76824
-0.604141
-9.91843
10.588
-11.6309
-9.57778
-7.50504
8.06866
-5.51961
-1.99517
3.16091
-4.19034
1.04808
-4.1026
-4.04599
-0.112443
-1.34512
-3.28695
3.01172
-0.839381
-7.78633
-16.2115
-5.87717
-5.5915
2.49216
9.2575
0.353511
3.64522
-3.30368
8.58803
-6.14435
2.1715
3.09991
1.61665
-6.20343
-4.87081
4.16257
0.233882
-13.8653
6.20421
0.639637
12.6669
5.52804
-10.9645
-3.06204
-0.537352
14.3242
-4.26715
6.3902
8.72401
-1.0787
1.2578
13.2673
6.63428
4.68122
0.3823
3.57208
-0.0999826
5.58834
1.46338
12.1379
12.1663
0.659927
-2.21373
9.1069
0.875
2.07358
3.10549
0.792378
6.16582
3.58227
6.21416
10.8928
0.643154
2.94801
-3.57382
-7.00361
4.51571
0.994339
-4.74218
-6.08466
-7.99726
1.29368
1.6745
2.9662
-5.46104
-6.6941
7.23322
0.520575
4.50607
7.27175
-0.112646
-3.80701
8.92812
-2.45038
-17.7014
2.70237
2.38906
-7.09583
0.236153
7.91059
2.2176
2.91866
5.01571
3.72471
6.50737
3.47878
5.70171
-4.46199
-2.72436
-0.269034
3.75221
-7.43863
-4.38234
3.27448
4.65405
3.93786
1.54701
1.39118
-2.16024
3.65722
-0.500014
-3.07482
3.45813
5.73291
4.06953
9.80675
4.62806
0.201577
10.2791
6.44509
-4.52967
0.978162
-5.57238
7.07788
-4.61115
8.4108
2.94838
-2.87828
-4.57876
1.63377
-5.52723
0.0184728
4.84718
1.93382
0.246477
-5.39194
0.779446
3.55325
6.66095
-0.0279712
2.31113
-3.17503
9.54322
-1.9981
-3.03562
-8.13196
3.97935
-5.14619
-3.8605
-6.47181
4.69874
-2.76975
1.41655
-7.59102
-3.97829
-4.27026
-1.46299
4.087
5.52416
5.25313
-3.52946
4.5685
1.96948
1.62906
2.64151
1.30691
3.53169
1.80095
5.87777
-2.36212
4.79525
0.552379
-10.3225
-6.39729
3.15628
13.9628
1.65807
0.221982
0.458896
-0.979079
-9.61025
-0.698112
-0.797288
4.58752
-6.92609
6.43547
9.53866
-7.55627
-3.40904
1.35442
-10.6378
-8.44799
0.501006
1.70109
-3.16676
-1.58521
10.638
4.18884
-2.32302
2.85001
7.15774
-0.627039
-1.11976
-0.0100687
-6.24397
9.866
-7.60758
-7.85184
-3.48177
4.80149
1.38038
-4.76137
-0.359662
1.10281
16.8569
-0.674343
15.8159
-7.64206
5.03906
-8.79749
-2.66807
-6.02813
0.416956
2.27791
3.98987
6.17414
-3.4546
-8.77982
-2.03885
5.10666
1.29099
1.63757
-6.15504
7.66646
-1.47536
-6.7379
6.99851
6.07014
-3.07649
-0.297826
-12.3145
9.60685
-5.00959
-9.38139
1.70994
-7.28155
-6.58103
6.5959
-1.87214
-0.441965
0.78763
-0.424813
6.09547
-6.12877
-7.06383
3.01298
7.97855
1.90901
11.0226
-4.8621
-0.357225
2.3439
1.11217
6.89465
-3.9031
3.56974
1.24324
9.19401
-3.64396
6.2635
1.15294
5.27627
-1.66183
-4.35076
1.78632
7.06241
2.03356
-3.91279
-6.30153
6.08781
3.24862
1.94216
0.890766
-12.092
2.14166
6.80053
-0.186196
-10.8703
-5.35435
0.673906
1.33488
9.6256
3.67245
-3.40026
-12.0876
7.83936
3.05657
-7.38516
7.76727
-16.3482
-3.71157
-8.25894
0.120721
-1.28683
-4.96017
-5.86283
5.85837
12.7285
0.512134
-6.46151
9.50293
-1.62339
-4.20611
-6.39261
4.49956
0.0910988
-13.5251
-0.210332
-3.76498
10.9968
6.62634
-2.70169
2.95366
-3.64831
1.43482
10.8373
-3.57472
-11.2032
-0.391897
7.46569
0.281204
5.53939
5.27457
2.2314
13.9822
7.46077
-4.28255
-1.1255
0.343642
8.63998
-3.90512
-1.39367
4.95687
1.76817
2.32189
5.24848
7.42746
5.36606
-5.51749
4.63635
6.35775
-0.0956481
1.86179
5.49405
-4.4436
5.8601
-5.51525
1.47591
3.19963
2.34634
8.8841
1.22073
2.95121
0.268826
6.16315
3.37732
2.22234
-4.81984
1.00854
-1.29672
-7.97242
-0.358615
-10.9586
4.27103
-7.11375
-3.33069
0.337141
-9.735
-4.8585
-0.0824973
4.96055
9.58141
0.300331
-1.90808
9.4151
0.196128
-2.77429
6.11001
5.90077
3.28556
-0.525695
-6.33716
-7.04556
8.58378
4.36011
6.30913
-2.12978
-4.97873
-2.89996
2.50807
8.01755
-2.46912
-7.90772
0.155408
-3.0507
4.17309
2.47848
-4.58195
10.9072
1.93599
-1.92232
-1.49009
1.18546
0.448547
-2.83472
-17.1533
-8.15934
0.599687
-5.00212
0.580571
8.45991
-1.74569
3.58318
-3.7327
-0.0428732
2.89232
0.396405
-10.949
-0.026519
1.48891
-7.76647
7.78673
-5.50972
-7.32454
-4.59355
-5.10228
-4.76521
-4.25107
-8.14143
0.129232
0.984625
9.88857
-4.20958
3.18167
0.355461
9.84195
8.62788
1.09629
5.09297
-0.390505
-0.110969
9.41464
5.43191
-1.39452
-1.85815
-0.867638
3.61977
4.88562
5.63164
-2.55096
-1.08492
2.80559
-9.19603
2.32272
9.79167
-3.80253
-8.77889
-0.453739
-0.482238
-5.54226
11.9341
-5.46743
-5.50457
2.58661
2.2431
-5.92739
-7.49129
-4.92201
7.96284
1.90054
4.86669
0.655163
7.40236
0.817167
3.15206
0.314697
-13.0807
-5.24104
4.71805
2.3499
7.27268
-9.38783
-4.15725
4.05406
4.25467
-8.38838
2.32052
-6.63022
-3.18652
-1.77566
-10.8073
-2.2684
-7.69683
-7.18413
-2.13667
-9.4704
-10.3367
-14.7784
-10.3962
11.0847
0.302481
-8.87507
5.74251
-4.23818
-4.45012
3.39073
-4.3219
-4.44024
-3.3428
-7.40754
7.37047
-12.4076
10.3535
1.87146
3.60843
-7.99056
0.382452
-7.89441
-4.1596
1.58334
1.01595
-0.94121
-4.23466
10.52
-1.25241
1.91428
-1.48868
1.30884
5.04408
4.88055
-0.688679
10.4749
4.27023
0.00604261
-4.6665
10.1084
5.74126
0.893945
2.28679
-8.60487
-3.10253
4.62891
7.19774
5.79563
-4.42931
-0.137684
-3.96958
1.07063
1.77528
3.33263
1.99969
5.69054
-0.637476
-1.73135
-2.40588
8.11731
-11.6897
11.4023
5.29835
2.96143
1.9049
6.53645
3.05565
0.74735
0.755083
8.13329
10.4739
-2.48945
-7.2492
5.09264
-0.26091
6.41126
2.6549
3.56691
0.770304
1.5744
12.0571
5.69604
6.55709
-2.87836
7.72828
0.759344
4.01112
4.62221
3.50564
-0.37669
-3.2016
10.5426
-3.69672
4.22969
5.55313
2.64289
-4.03791
-2.12427
-9.68893
0.33823
2.46333
5.82798
6.55081
4.97998
-0.0623229
3.89626
-4.28413
-8.93221
-5.35423
0.771608
-1.68641
6.60453
-10.7297
-0.171865
9.09531
-0.325924
-3.70376
0.0105449
2.7401
9.46689
-1.35385
4.13978
3.01506
-1.47575
-12.0055
2.92658
0.447729
-5.50452
6.27732
6.11145
0.0440929
5.3523
-3.17674
-0.255112
5.74113
3.97109
-3.85377
7.88376
-1.68874
7.62873
-2.556
0.838039
3.7001
7.05356
8.02313
-1.23659
7.88451
2.90143
4.12718
4.91921
-1.13124
5.61983
6.8294
7.54465
7.74897
-4.68912
9.72262
-5.06893
-2.01941
4.10928
4.9453
-4.90062
-8.55441
4.11969
7.82247
5.1616
4.45351
4.37579
-2.79462
2.31282
1.53208
-1.63958
5.08393
5.23414
3.53925
-1.91271
-5.57231
-1.31486
11.7848
-2.81647
-1.08706
-5.12789
7.06132
-2.15101
3.63468
8.87274
6.95901
12.3145
-11.9382
7.36671
-8.43962
-1.37309
-1.94388
7.47219
-1.37843
3.90466
-5.31895
-1.82427
-2.19431
-1.38364
1.1046
10.5777
-14.2723
5.69449
2.73574
3.76381
-2.38024
1.59196
3.15432
-2.8702
6.70415
-4.17135
-1.10718
0.985109
-1.50156
14.3558
10.9016
3.16052
1.53564
6.60008
5.33213
-6.12748
-9.0544
-4.13864
-5.34356
-4.23831
6.16838
8.58002
-6.06956
-10.5906
-8.91358
-1.30775
2.39136
-4.84286
-7.93979
1.44874
5.86531
-1.45864
2.35847
-6.82697
-2.08701
-0.159083
4.54356
-0.752233
0.812366
5.43224
-0.143972
-5.45975
2.37711
0.503202
2.05306
-0.190458
11.4946
-3.70701
-0.581916
0.888414
2.01363
-4.24879
-4.68696
4.41626
6.18114
-10.2751
0.758628
-0.694526
-4.04742
-3.10756
-14.4989
5.3158
-6.79901
-4.13022
5.32141
-7.87697
13.0601
7.70451
3.4916
2.76671
-3.68161
8.44571
7.11758
4.03839
5.02615
-2.53745
-1.20827
8.94798
8.82903
5.9338
5.19698
2.2337
6.58042
8.97363
8.99556
-2.81628
-5.39043
-3.09761
-3.62551
5.43325
-1.72685
12.6088
-11.16
-4.41416
15.3739
-4.05771
-10.921
-9.46338
-1.32109
8.98934
-4.52935
7.5467
-4.58816
3.94962
-6.18768
2.70877
-1.03521
-3.80747
-4.42442
2.53009
6.67438
1.6054
-2.3107
4.90545
0.627947
-0.887902
7.1344
3.27598
10.5499
-11.0378
1.17623
-2.77754
4.20386
7.65947
-1.00907
11.0224
-11.1702
3.10109
0.387074
-13.1907
-13.4782
4.01226
6.29898
-4.46306
-3.67726
19.6613
6.79321
10.5074
3.21438
5.71463
5.17241
1.5099
2.49308
6.85027
5.54316
-6.65841
-15.6577
0.134597
0.63527
-2.3553
-7.62276
-3.98036
7.99828
-2.25041
-6.69874
-8.03085
-11.2684
4.7531
-5.46019
-4.51015
0.258686
2.5842
-6.74342
12.3176
-17.6685
1.33206
3.0881
2.84224
-3.87445
3.06564
-4.51058
4.47199
0.709705
-2.70194
-5.02623
-2.91479
-2.89257
1.20213
3.59573
3.99936
4.03024
