-1.63735
8.60398
1.08768
10.5565
-4.43174
7.98654
3.43285
14.1283
-6.0381
-0.802635
4.12651
-5.4316
10.838
6.42815
-6.11343
2.78576
-12.8422
-1.35824
-4.76799
1.63676
-11.4849
3.8346
3.6434
5.76858
-8.57447
8.64342
-6.84826
10.7803
-0.593948
-11.7151
-6.10937
10.8564
1.20743
-1.61431
-5.9068
3.2364
-4.61346
-6.84954
0.994353
8.48156
3.01192
2.18533
-3.87836
7.07789
7.24087
-3.2683
5.05032
12.126
-2.51194
-0.944929
2.25639
0.67946
4.78975
12.8313
-7.33081
-8.77599
-9.2042
-4.53144
-7.51028
-9.63593
-6.07746
8.35918
4.77709
-15.0754
-6.25483
-1.66269
-4.36116
-1.44553
-0.0330913
5.92661
-3.6627
-0.302358
8.41364
-11.8295
2.845
-1.3348
-3.65637
26.2569
-7.40484
9.81299
7.49396
7.92541
-9.13572
-1.02415
7.8892
3.49213
-2.63629
-3.08132
3.16888
-1.79672
4.03996
-0.542454
-9.27561
-11.6799
3.5129
4.7921
7.69534
-0.894932
3.24777
-2.76775
