-1.63342
-1.58377
-1.57244
-1.57274
-1.52914
-1.56297
-1.50003
-1.53344
-1.45682
-1.43171
-1.42599
-1.4116
-1.27825
-1.25188
-1.2835
-1.25959
-1.18622
-1.19101
-1.20797
-1.19755
-1.1894
-1.19264
-1.18208
-1.19794
-1.18173
-1.16058
-1.14477
-1.20414
-1.23543
-1.26243
-1.23867
-1.22888
-1.24528
-1.18599
-1.2287
-1.23374
-1.20554
-1.14234
-1.15678
-1.11737
-0.982725
-0.952461
-0.971053
-1.00232
-0.940784
-0.861281
-0.829495
-0.901047
-0.882726
-0.937672
-0.964341
-0.994507
-0.98183
-0.852267
-0.950158
-1.03028
-1.11602
-1.0949
-1.12001
-1.12817
-1.19747
-1.16317
-1.15116
-1.14751
-1.1675
-1.0904
-1.12979
-1.08452
-1.03448
-1.02033
-1.0229
-1.07729
-1.09578
-1.08455
-1.12088
-1.10162
-1.15314
-1.26667
-1.27613
-1.32879
-1.34246
-1.36004
-1.40537
-1.4682
-1.48337
-1.56805
-1.57114
-1.49952
-1.51626
-1.49404
-1.48815
-1.48031
-1.5379
-1.53528
-1.57087
-1.54065
-1.57358
-1.58832
-1.62653
-1.61226
-1.62924
-1.6052
-1.56339
-1.48222
-1.39292
-1.44336
-1.35768
-1.42074
-1.47023
-1.44549
-1.41803
-1.43183
-1.41617
-1.49653
-1.51503
-1.44078
-1.42763
-1.49681
-1.47003
-1.48637
-1.57444
-1.46175
-1.40304
-1.51437
-1.47576
-1.50852
-1.52897
-1.45335
-1.41253
-1.43678
-1.50037
-1.54102
-1.55122
-1.47722
-1.50125
-1.46163
-1.48127
-1.46049
-1.4972
-1.47315
-1.56936
-1.57879
-1.54357
-1.53022
-1.50035
-1.52432
-1.4631
-1.47996
-1.4125
-1.43135
-1.39425
-1.46676
-1.35459
-1.28414
-1.2743
-1.28793
-1.27935
-1.16892
-1.18335
-1.24562
-1.21089
-1.19222
-1.18565
-1.2549
-1.28017
-1.30232
-1.34144
-1.35781
-1.28472
-1.29035
-1.33374
-1.30707
-1.36604
-1.32566
-1.28588
-1.29543
-1.2267
-1.2192
-1.19707
-1.19436
-1.13893
-1.16737
-1.13085
-1.01191
-1.01799
-1.02842
-0.950078
-0.977368
-1.07081
-1.00017
-1.05714
-1.04019
-1.08125
-1.09471
-1.14815
-1.14184
-1.04673
-1.05246
-1.06679
-1.02413
-1.06441
-1.1429
-1.06292
-0.97467
-1.09213
-1.00412
-1.0082
-1.06137
-0.996357
-1.05946
-1.03537
-0.983309
-0.939852
-0.943097
-0.957486
-0.882134
-0.859797
-0.765713
-0.776549
-0.85672
-0.718441
-0.688061
-0.696575
-0.662023
-0.668373
-0.590894
-0.668669
-0.660189
-0.727735
-0.717901
-0.694486
-0.741354
-0.759298
-0.784964
-0.772777
-0.723094
-0.735459
-0.767528
-0.784398
-0.815879
-0.828954
-1.00096
-0.938969
-0.941781
-0.978283
-0.941515
-0.922483
-0.952216
-0.960844
-0.980846
-0.97357
-0.939911
-0.891038
-0.817815
-0.789241
-0.73581
-0.701407
-0.748243
-0.777891
-0.852939
-0.87773
-0.826324
-0.860828
-0.7976
-0.773039
-0.811399
-0.726107
-0.752421
-0.73344
-0.683132
-0.707518
-0.723684
-0.746184
-0.711931
-0.649455
-0.698357
-0.671659
-0.720291
-0.730487
-0.676777
-0.702841
-0.728252
-0.810745
-0.845564
-0.830094
-0.843305
-0.854156
-0.879967
-0.863824
-0.845908
-0.86755
-0.900064
-0.795787
-0.80868
-0.879801
-0.895718
-0.896705
-0.917016
-0.913179
-0.903768
-0.838784
-0.835707
-0.870786
-0.829274
-0.75149
-0.795413
-0.806797
-0.765435
-0.785647
-0.847697
-0.880128
-0.84363
-0.88623
-0.849291
-0.948855
-0.920814
-0.878676
-0.887146
-0.765914
-0.771543
-0.811414
-0.768904
-0.78928
-0.870928
-0.856881
-0.861364
-0.848977
-0.897592
-0.944097
-1.01796
-1.01672
-0.978513
-1.04579
-0.981647
-0.961699
-0.968583
-1.01229
-0.94911
-0.848195
-0.906951
-1.00135
-0.997982
-1.02641
-0.982987
-0.996277
-1.02132
-0.98654
-0.985731
-0.904736
-1.00836
-1.06847
-0.999501
-1.07525
-1.08831
-1.16411
-1.14021
-1.10692
-1.13492
-1.14583
-1.12552
-1.07838
-1.10964
-1.13038
-1.19201
-1.15368
-1.14586
-1.06935
-1.06576
-1.08465
-1.09077
-1.18052
-1.19019
-1.16027
-1.16069
-1.18982
-1.09085
-1.08753
-1.04983
-1.10846
-1.04205
-1.09586
-1.13737
-1.1252
-1.15617
-1.22553
-1.2502
-1.22931
-1.25302
-1.2619
-1.36441
-1.37814
-1.33749
-1.39917
-1.42686
-1.40981
-1.44698
-1.42914
-1.38989
-1.33607
-1.34285
-1.32115
-1.286
-1.30109
-1.27486
-1.23569
-1.2321
-1.26451
-1.33056
-1.3675
-1.39523
-1.31974
-1.34025
-1.30476
-1.39941
-1.46204
-1.43095
-1.42091
-1.44525
-1.45766
-1.49729
-1.44562
-1.55703
-1.50157
-1.54063
-1.52359
-1.49925
-1.50345
-1.45465
-1.4677
-1.44761
-1.44403
-1.44006
-1.48208
-1.45292
-1.49605
-1.47073
-1.46229
-1.42359
-1.37414
-1.3657
-1.41995
-1.53366
-1.51351
-1.4722
-1.54748
-1.51066
-1.52057
-1.56381
-1.55227
-1.53842
-1.57995
-1.56613
-1.58467
-1.63211
-1.59614
-1.61082
-1.51647
-1.58146
-1.67205
-1.59485
