-6.07315
19.3025
12.5496
13.7334
-1.87296
4.00864
-11.6443
10.5098
-6.03559
9.83597
3.52162
16.9134
20.4461
2.48202
-18.8857
19.0264
-16.6398
-12.0494
-7.52024
-4.57585
-33.6797
28.2835
4.50688
11.4039
-8.99464
7.66813
-2.88226
32.3508
-6.79928
-28.0087
-18.8869
38.1913
13.7687
-2.78293
-17.9976
-1.78603
4.40173
-18.4738
4.38282
-10.0103
5.81193
2.7738
-19.0126
5.31543
4.83834
5.37886
31.9195
6.87497
-8.61129
-1.55185
7.33068
-3.11544
18.4337
13.0082
-24.2366
-15.7289
-25.3419
-6.44837
-1.50462
-32.5395
-14.2294
3.6094
14.3597
-34.6341
-11.6904
24.3402
0.0390171
-14.6382
-1.90625
29.4865
-9.02956
-13.4108
31.2058
-9.12474
3.75447
-14.5428
2.20032
30.405
3.61602
16.6133
12.9095
12.7264
-30.9257
1.30794
10.6186
-9.18238
-4.21786
-3.71134
23.4378
-7.86364
3.40903
7.62161
-17.3314
-35.2712
10.4691
16.6651
-1.42188
0.878693
10.5761
-9.67688
9.44726
0.304516
4.41342
-6.45817
-20.3793
-17.1996
5.94493
-4.08543
-17.5175
-29.3315
22.7977
21.0185
-14.7062
-34.6639
12.983
-28.0957
-25.3845
-18.0222
15.8459
-7.32078
15.8872
34.9873
-8.60648
-19.9907
-11.5088
-4.41552
11.9034
1.62778
-3.39344
-26.5276
3.47828
6.17272
4.23288
-1.47459
3.78427
-2.28866
-4.64288
-8.68338
-14.6719
28.9554
13.1361
-0.12387
-3.52768
-18.5974
6.57067
5.21266
-3.3366
-11.799
11.3264
3.72712
-4.03772
19.1454
26.1858
31.7179
18.2534
-7.20712
22.2905
8.30777
-6.20108
19.6095
29.4874
29.834
19.5217
14.8425
-8.10046
-13.0999
20.508
8.45487
15.9888
-12.6242
-19.352
5.61335
-13.4449
-10.0396
-8.27723
35.2588
29.8291
-4.32123
-19.3133
2.21277
-4.70747
-15.7121
-3.68582
-13.9254
-10.3144
17.0118
18.3541
1.13162
-0.25431
-13.4257
9.9253
3.96782
-28.3572
-8.98349
-27.5262
7.54928
24.993
7.89434
-14.4382
17.9303
-19.8143
26.6396
-5.05932
-4.49036
25.3933
-29.8697
-1.8237
7.23173
-7.06005
-8.39428
-7.87197
14.742
-9.70029
22.1593
-5.34703
14.6296
11.4008
22.5776
-34.9117
-14.0488
27.0131
8.39825
34.101
0.425074
12.7925
-12.6858
-7.0427
-18.1515
-5.16013
-9.41605
13.3855
11.2911
4.82197
8.90361
19.9559
6.43531
3.91629
-6.26495
12.1332
-11.4616
6.38807
7.86281
2.81645
14.0214
-18.4745
26.4343
20.9343
41.5128
2.87346
17.5474
18.8321
23.7558
-10.8756
0.428944
2.14524
14.3209
27.8652
5.34559
13.295
-2.79402
-17.3807
-8.22866
26.9594
4.85431
-6.91005
27.6095
-10.1692
5.88629
-9.80104
16.0472
-17.3811
16.5143
-0.623151
-7.99979
-1.20132
18.8351
20.7712
27.0252
-21.3967
-8.37735
5.38573
-18.8143
16.449
-10.5112
8.90337
-12.8627
-3.49537
8.48749
-17.7937
-7.44529
5.49956
-6.31146
-10.6569
0.197275
-12.7275
-28.3937
26.5365
-6.20077
-15.8165
27.8516
9.14977
12.9686
5.41926
6.42725
-1.87964
-11.2914
-1.26822
4.35015
-4.73964
-22.4325
-36.1444
1.98849
-1.77339
3.19417
-12.5692
-28.7028
5.59291
26.9034
22.6739
0.400204
-6.59765
0.58776
-22.9801
-5.25742
6.46404
-0.601152
-15.0939
13.5886
-11.8377
-10.7975
14.3514
-9.13889
2.41934
5.05368
-15.2167
-7.76857
-36.3029
10.1486
5.28647
16.1222
9.97119
-1.29492
1.31241
-20.5131
15.8305
13.2757
-6.3517
0.836918
-20.462
-8.59247
-17.3214
0.91106
5.57187
-4.24135
10.5818
-12.8063
-14.0362
20.7986
28.1363
-11.8611
-15.1082
6.6271
-3.96088
8.29943
3.36476
-15.8901
-20.3192
17.0045
2.22811
-5.29882
9.13798
16.5216
26.3381
-17.1895
6.12887
-3.00955
-0.868152
3.77195
7.54298
12.0197
6.99205
-11.0887
-29.4679
10.6403
27.1528
-24.9741
-7.12767
-5.85055
-7.68805
-16.9732
-0.661107
-13.058
-10.0557
1.96587
5.7341
-8.09369
-22.4239
1.99589
12.6267
-2.144
7.37595
7.95957
6.3479
-3.09721
29.2823
32.0686
20.4215
11.9515
1.68344
26.8028
-8.83076
14.4485
-2.66519
-28.2252
15.4332
0.646394
28.6023
22.6222
-5.72762
-9.97526
8.53773
18.1055
29.86
9.27453
7.49126
5.36148
28.6646
27.3929
-22.5836
-2.88597
15.462
6.17676
-3.98662
7.22758
13.5836
-1.75109
-15.8206
10.071
-24.0421
7.83485
-3.41438
1.55084
2.66473
6.61183
8.73131
-9.92228
5.00747
7.84566
-4.24315
4.65125
-28.3249
-19.8251
1.9203
-18.3887
10.6186
4.91807
0.311757
-4.09821
-17.0869
-13.8352
-23.0015
-12.6217
3.15282
2.53708
6.49999
-1.27877
9.63495
35.9667
-2.13401
6.13015
6.58673
13.1347
-2.46215
22.7209
6.25544
-2.84647
20.4809
-13.1667
11.0556
-14.429
9.68104
2.64316
21.4029
5.81368
20.3455
-4.03161
13.0866
-12.2252
17.251
18.8685
-4.85397
-19.3401
15.4514
6.40972
29.0935
-19.1776
9.49206
-29.932
16.7424
-17.7486
-4.68555
-2.63276
18.0681
23.5617
19.6536
9.79477
4.06446
-11.4043
16.8222
2.48857
-1.94817
15.8137
-6.16826
6.78166
-21.546
-4.44044
28.3203
-2.16927
1.25607
24.3791
-17.5084
-6.7491
11.4825
-16.1301
37.7684
29.2831
-5.30655
17.9461
1.35351
24.7049
16.7361
15.0841
-1.60717
-16.5823
-6.6729
10.8115
5.7819
-12.3505
-17.724
5.70514
-4.24188
3.79857
-13.6908
29.0704
-23.7639
-5.04671
-10.8345
19.1757
-6.46687
10.6569
12.5264
-11.7831
-7.25871
2.17852
-6.84999
-2.84759
31.9195
5.43611
5.69802
-26.6307
3.48626
-8.95447
-12.5179
-14.5023
-5.80956
-4.74243
-2.56819
-34.5073
2.15529
4.6036
12.975
27.7157
-11.2154
-28.0195
-18.4018
-19.908
-29.5246
11.7734
-14.0592
-6.83782
4.46288
21.615
-4.77873
-2.11322
3.36606
-12.7631
1.3515
9.92885
-20.3834
-17.3316
10.8675
-0.839189
10.581
1.51153
11.2422
-10.5788
1.54513
-0.737025
-4.64706
13.1023
-22.5999
-14.5245
19.8593
0.698751
16.605
-3.43369
2.83289
18.1676
8.32201
13.3813
-11.1087
6.51764
-13.7757
24.614
7.32621
-5.38632
8.94674
7.25809
-17.667
-6.25531
20.9022
25.8938
-11.2967
15.1143
5.01805
-2.15459
13.1061
-7.35568
4.38758
17.1589
-4.65657
-5.39972
12.2771
6.27554
31.858
16.4721
0.866144
9.61725
3.17808
0.635167
-4.34243
-22.9419
-3.76647
15.1996
11.3115
-5.14026
-8.96216
27.1795
44.9325
-15.9076
-3.70472
37.891
16.5178
8.87626
9.09271
6.41494
-4.95295
11.4611
-13.8488
11.5143
25.6535
-15.501
-31.4337
-6.34252
0.870967
-10.8016
-28.6565
-12.0222
-7.11476
-24.7814
2.71637
-7.56751
13.4295
9.43082
5.25957
10.1673
6.76647
-7.61371
9.2685
25.3009
8.72193
-22.2768
0.303558
-9.38964
14.0579
-0.34984
1.47145
-2.50075
-6.92354
8.94971
-13.5131
0.862391
-17.3225
-11.6175
-13.2792
-19.7998
11.2356
0.490132
18.3705
-25.6262
-8.63298
12.1454
10.8497
10.1507
16.6655
15.4506
0.632292
8.24291
9.11088
20.2887
-0.137375
-0.489874
2.89671
27.5301
8.58696
3.05958
-16.8712
-7.79638
-26.2295
-19.3332
-18.0325
-29.6915
-17.1273
21.6142
-5.80579
2.52719
1.75472
-32.8279
27.5407
15.3351
-6.86258
26.3788
18.3369
-3.12746
1.96731
6.97523
13.3484
-9.25309
-9.39876
-1.71327
-0.351694
3.64511
15.5512
8.74757
3.47222
5.23112
15.9097
-7.92536
24.5884
12.7369
36.6705
-9.72647
-19.8262
10.9301
17.4488
5.93349
5.62577
4.38962
-6.64885
-8.27563
-16.2446
-20.4762
20.2367
-3.04393
16.0364
-8.40849
10.9252
-9.61001
-11.0373
-20.4241
-15.1043
20.792
12.4305
5.51509
-40.1022
5.61847
-15.5151
-23.4739
-5.91912
8.29776
-5.32492
-6.17979
38.9112
7.52427
5.40145
-5.70462
-11.3234
35.7656
-25.6237
-14.7471
1.43744
18.0753
-3.2607
6.69686
4.98865
-14.5441
0.287167
6.50509
-6.47722
3.10287
25.0775
3.55725
15.3542
-5.1679
-14.7717
-14.1284
2.03063
-54.6368
-15.6971
3.01608
-25.2093
-21.567
12.0635
-17.6938
26.9549
8.93993
36.7749
16.677
9.61568
19.8708
24.4604
-20.7974
0.542371
0.784756
36.6316
10.0675
-5.56055
-3.30894
-20.953
-13.2408
-37.0843
-11.1105
-8.58264
10.3339
19.0801
-5.16628
-4.04849
-17.2264
-13.9446
10.2817
-30.6911
-25.6471
11.201
29.87
-22.6356
-25.6383
-2.13447
19.7861
-11.1705
-1.01614
21.2414
8.88465
8.16743
-6.58612
2.51166
25.1605
-5.84837
23.6749
-2.08161
1.0469
-20.9078
-3.6167
-14.8861
-28.3085
15.7487
-2.70037
6.65204
7.05499
11.8151
6.70056
13.2729
13.1057
-15.8056
-9.63483
31.3836
9.37174
15.4692
23.9921
3.113
9.94359
-13.7208
-17.7006
13.9918
-12.6559
-8.09241
4.31794
10.3929
-43.9527
1.24086
-5.32745
1.36945
29.9977
11.1752
4.88136
-2.15392
10.7082
-35.2479
17.7588
11.4483
6.88543
1.34463
27.2908
28.2072
5.07109
22.9244
-12.7139
-17.0753
10.0278
-12.0002
2.21203
11.0245
-18.1871
-44.2533
5.86515
-16.3723
-1.57053
14.436
25.9346
-16.9311
5.42604
-4.07798
-15.6225
6.95856
-2.56757
8.17413
15.1947
21.1741
12.1862
-10.0396
9.97165
-8.18391
21.6475
-13.4744
3.46816
-2.42441
1.28626
33.428
8.67534
11.1919
17.292
0.192208
-10.4223
9.66257
31.9536
9.88499
-8.53406
2.78412
-9.12717
-10.7266
2.28931
18.0601
-0.523477
-8.41736
-14.2825
8.92936
9.39673
10.2678
0.329333
-13.6899
-7.28364
16.0451
-29.8305
31.7207
13.8311
0.571771
-5.60183
-2.92936
-13.3521
-3.68337
-10.4241
-22.1873
9.78044
3.40792
-14.5608
8.47816
-5.07615
10.4266
24.7734
-7.11291
6.07119
-15.2907
-5.20701
12.1566
-14.39
23.2294
3.33849
26.418
32.1282
-6.09549
8.21429
-24.148
29.7875
8.2138
14.2053
-11.6889
-24.5816
5.09934
1.67598
9.42509
-1.46719
-16.2859
-1.61497
21.1434
18.3709
1.84008
-3.87318
18.9367
4.43428
-40.4872
4.71196
3.33891
21.0255
3.44903
15.16
5.92408
-19.4291
18.9242
6.18669
-7.28082
11.0376
25.4936
9.39962
-28.1886
-9.62671
25.9982
-37.3579
-0.646498
-14.0172
-0.078784
-23.3802
12.8311
-6.92376
8.28637
18.4435
-25.109
41.1691
14.6815
3.60259
7.69782
2.91285
25.2272
1.37818
-2.41211
28.7962
-1.15106
-6.9025
7.11231
-5.41863
-9.45701
-34.3413
5.8885
14.6827
-14.1229
-12.2765
1.13711
-2.67796
4.10724
5.1602
16.5721
30.1153
-8.72641
-5.25823
7.97913
-15.1608
8.01319
25.8785
-3.02966
-19.0954
16.9672
1.96124
4.22443
18.086
-12.0158
10.7821
-18.7822
16.3725
5.94438
0.04381
2.22236
-8.18105
-3.72659
-18.1483
-4.93723
1.21119
-1.64169
5.53741
5.3242
16.5751
18.4616
4.42246
10.8028
5.51969
9.30224
-5.29271
27.166
-11.9923
21.818
20.7043
2.1022
-10.7886
29.0023
9.06853
35.8877
26.9988
-4.67123
-16.6352
8.28295
19.9506
17.4782
4.97116
-3.34719
-27.105
14.5235
27.6609
-6.50393
-6.17055
14.1445
0.554042
16.3179
17.7522
-0.924519
-7.75769
-18.3341
-23.4585
-10.9997
-3.05534
-0.334108
-22.6258
-30.6969
10.8059
15.2588
7.36196
14.6793
-1.68053
22.5625
21.7202
-0.151204
20.9028
19.1265
23.0162
-12.8547
25.3917
-9.60383
-6.64885
23.4545
14.7956
14.0723
16.3713
-21.3529
-16.4548
-1.38981
-1.1642
3.89107
6.54625
-22.2651
32.9131
2.615
-45.4831
1.0966
40.3709
-2.53721
5.79464
14.5288
7.30616
2.06745
-2.15215
-0.999952
14.7478
-11.4023
-14.1021
1.40342
-8.29208
-26.1681
-27.5255
-3.28559
3.85957
30.2887
4.79722
23.5609
-20.0645
-12.8726
-22.0577
14.695
13.2503
0.871199
-3.96842
4.8182
25.5255
6.54988
9.82777
15.1551
-15.3826
-19.124
-19.753
5.5777
-9.66661
8.06407
5.88316
23.2686
4.2553
29.0745
2.46772
1.67509
-4.22576
5.93906
12.5656
0.0744019
-14.7955
-16.1615
4.21223
30.8202
12.5389
20.1493
-10.2055
-3.28796
-9.49978
-18.0554
16.4304
-8.44811
-29.9114
16.665
-18.2125
0.545696
-19.3902
-20.3831
0.274713
-5.41573
-8.79928
2.60261
-0.163268
-15.1056
-2.44016
-28.323
-17.5175
34.885
-0.173629
-21.2256
10.2391
19.1478
11.1765
-25.7927
-10.6086
-22.5053
11.3658
0.148626
1.09947
-14.7299
10.5918
-54.5645
-4.68621
13.0654
-10.3711
1.52157
9.4387
18.0435
-11.8682
19.6832
43.0636
20.5533
6.77816
0.387693
7.13526
-5.2155
9.35138
2.72977
-6.07717
-8.17197
-16.1394
7.37906
3.29985
-14.2759
-4.10451
-30.5003
-1.14008
9.31229
10.0433
-2.00824
-15.0701
3.8379
1.57132
18.1902
-15.9128
-23.3535
8.14819
3.48524
10.3523
-1.89251
18.0726
3.19137
-0.311247
10.3663
0.868298
-6.31097
-11.3241
8.31404
22.887
0.471031
3.53773
45.0641
35.2132
3.82436
10.7189
-17.8915
32.4556
-3.53993
-13.1673
-6.75194
8.23333
5.5473
-8.18635
36.5546
1.25707
-0.724998
11.5978
-1.88221
-18.7516
14.5296
22.1934
-21.775
-8.48811
14.3072
-24.0426
2.75924
-0.069654
-0.0681773
-2.09365
-16.3177
-19.6839
-9.23084
-19.7945
-0.494337
2.5226
7.93954
-6.88041
-8.10247
0.278538
-9.43466
3.42937
-0.622612
-2.85787
-6.97651
-18.8845
-20.3359
-4.08402
-1.80721
-1.41493
15.1536
4.76896
0.335963
13.864
23.1743
16.977
1.87258
20.8251
-2.77291
-36.9702
15.3551
-1.87752
-17.7141
-9.32857
-13.8641
-14.6794
-56.0596
12.3956
28.1543
24.9534
23.1475
36.0071
6.98094
24.9689
-9.67716
7.91004
36.0188
-4.99463
12.9792
15.8862
6.14934
-0.42154
-5.39887
-5.85228
-20.3482
2.16653
23.7856
-14.9252
14.3822
6.17286
44.3527
14.9743
0.144757
11.4553
7.59269
-4.99377
1.98317
-8.44156
14.3226
-7.19632
-16.6137
-41.4907
-5.43975
-0.311186
-20.6171
-10.756
27.093
11.7827
-21.5484
-38.1153
-7.71658
0.543499
-0.345882
-24.8143
12.4658
1.44792
18.8305
18.2587
-16.828
-6.79905
3.13159
11.0844
3.91796
1.89355
13.9574
-25.0218
-6.71355
2.33181
9.71896
-1.86365
7.65505
19.3725
39.6895
9.60637
-28.6629
-6.88552
19.1163
29.9216
2.54663
-2.80888
-0.716185
0.165991
4.01364
-10.2807
-15.5524
15.2657
-2.64436
12.6235
2.56831
-44.7101
9.11518
0.544461
-2.96498
-12.1518
-0.713414
-9.72355
-29.1712
-8.60479
24.4753
14.0656
-9.58474
-3.51126
8.13836
18.8063
24.7835
12.9012
-15.5892
10.6818
10.8922
-4.5424
-7.09528
3.07332
25.8166
28.2147
-27.1101
-4.98487
-5.64119
-3.34166
-1.3663
1.172
-43.0199
8.5588
-18.3713
7.09444
-12.9085
22.7934
6.80566
20.6907
2.97923
-0.81476
25.2011
29.9348
-8.24937
-21.2341
-31.5624
-4.08097
-2.30662
3.39138
14.5686
8.84564
35.4943
8.0069
-5.39776
17.2048
0.328381
8.73589
2.83131
2.52608
12.4934
-23.1073
12.9796
25.4328
-14.184
-1.36441
-35.1251
6.36449
-1.6973
-2.31198
6.10046
23.704
-0.693251
-20.4655
31.0336
6.79403
7.94613
-5.03143
15.4715
-5.65741
2.31825
0.79388
10.8235
-7.08552
-6.85815
1.0354
-14.6835
-20.3088
10.693
-19.2243
-22.9351
-1.1903
5.58361
-1.39091
3.02521
3.40024
11.6717
12.4665
-5.92188
7.46136
-1.87266
16.1094
24.6395
14.7801
-15.3875
-19.5119
-0.103487
-9.13214
8.95111
-4.14023
6.48263
-6.36558
-14.4743
-4.72781
-0.159941
-13.0452
8.83366
20.2895
-3.85526
2.37866
14.246
11.4411
15.1386
25.0093
-26.1977
-13.4219
12.7962
10.8826
6.35881
11.7828
6.05136
-4.61801
-12.789
5.75652
-9.13975
11.7059
-5.85629
-8.26643
8.33942
6.00306
-7.20498
-7.58963
10.7781
28.713
-24.4209
11.8257
7.02166
9.59262
9.84122
19.5886
-22.181
-1.03468
29.9851
-28.0143
23.8245
16.3824
27.0962
-8.71029
19.9944
0.44896
10.0583
11.2316
22.4692
11.4901
10.6483
18.9524
33.2799
19.166
-5.31241
-17.0336
-30.6875
17.1323
23.0736
0.740399
1.48743
-22.1823
-4.26217
32.0787
-9.34631
-5.1837
16.1793
-29.6774
8.50014
-2.43409
4.70711
-5.63588
4.59846
0.17981
-3.96314
18.0937
18.456
6.29351
8.3884
-7.25965
-14.7648
-24.452
8.27368
20.65
14.187
-8.80933
4.45827
32.1715
-2.9929
19.3352
7.35136
-18.6491
-13.6894
-9.45149
4.68487
-20.5828
5.01168
10.8842
-9.55112
10.5117
-11.4573
-3.97156
-25.501
-29.1336
-0.261998
-11.7192
0.924323
-4.68197
-5.34894
-1.10574
-19.7129
-23.7174
-38.3459
3.32095
18.242
-19.8957
-30.0585
-8.79454
10.0736
-42.9213
-5.2683
-35.088
-13.2054
9.22172
8.01218
-29.0105
-6.80334
-6.80049
-9.09681
-16.5473
6.84945
-12.0898
-11.2466
22.7813
-13.4678
-18.5881
18.9555
16.9862
-1.47948
-11.1159
-4.77382
1.35127
18.5747
3.86444
19.7123
-21.4817
-0.59452
-43.9665
9.7435
2.40616
5.98633
10.8643
-6.38636
-2.6812
9.88687
-7.79261
-2.64774
-15.6077
-28.0422
-9.82351
-16.3986
-21.1779
7.91545
14.7447
-21.2308
-7.09547
-16.9126
-7.20159
2.57861
-3.19942
9.81221
-6.11212
35.776
0.836752
-36.7513
-7.66897
-1.08143
-31.2011
-12.6594
-26.2061
-26.2082
-21.9196
-34.2525
-7.02716
-31.455
4.79953
-2.71277
-32.2675
-29.4215
2.69002
-24.5327
5.10279
8.52158
32.5546
9.60428
-26.8861
10.4308
-6.11842
13.4019
-3.371
-6.48296
13.1096
23.2485
11.1405
-16.7757
-3.53783
19.9707
28.25
16.3388
-31.8044
-2.17391
-1.00344
-10.668
6.23187
12.2972
0.499298
-9.16822
-2.20373
2.94158
1.95722
-18.5845
11.937
1.23397
1.35703
-25.3408
15.1613
18.347
10.5718
-2.74025
-15.9332
-3.36854
-3.74764
20.7608
0.942655
15.2832
-17.1747
-13.8493
18.1267
7.94739
4.20273
8.79184
13.1047
-10.9066
32.3723
-24.7461
12.6024
2.36745
9.93444
18.7129
18.8818
9.93345
13.3959
-9.29424
0.870972
-19.9696
1.09096
5.63794
18.1601
-23.0963
-11.3736
-4.30744
-16.7598
-0.267139
2.23468
3.15784
9.54676
-6.06684
3.7839
14.5785
22.8843
-24.452
-12.221
-12.3278
-4.20106
-10.634
2.3392
-12.2243
-1.64392
14.8261
-7.22185
-0.644383
3.06627
-2.17675
-27.8271
-17.0407
19.582
2.42958
-2.33364
11.637
12.9725
22.0163
2.27629
-5.95275
-14.1669
13.3447
9.22978
-6.30883
-6.48393
-1.68861
-36.9309
3.89193
6.19928
8.70801
7.50523
-7.18489
-46.7513
1.00543
2.42397
-10.6079
15.3582
-30.4529
-18.0064
-7.53241
13.4448
11.931
-7.7232
5.20534
-4.1846
2.59515
-1.90839
7.19021
17.9155
19.6713
-2.20771
-8.14487
18.6785
-6.43497
-10.4325
19.546
3.62446
-3.36399
-22.444
-9.69197
18.1781
33.5679
19.1178
8.9077
-0.111217
-4.96662
25.8851
-0.639449
8.96086
16.5098
18.1809
2.32868
8.78316
10.6515
3.11076
6.40879
12.7069
22.5916
2.31666
23.9662
-8.23877
3.70929
-7.95823
31.1766
-8.40928
-28.6869
15.0219
-11.0184
22.2227
-0.233842
-20.1373
39.7703
9.62498
-13.7886
-13.5763
-11.8857
16.6537
-6.94761
1.30403
-1.08095
-5.72502
-4.14505
-7.48053
24.3546
-17.874
5.24458
10.2329
-20.0194
-19.5841
13.4445
27.1435
-15.1594
-8.54848
12.6854
-29.625
11.6948
-14.3126
-14.6329
13.7085
-11.8369
-4.17318
22.1501
10.3469
-18.1791
-2.6096
-3.08119
-22.1065
-11.9881
-34.9953
-24.5061
6.25548
-7.48143
3.58611
9.57668
-15.7383
6.52073
-8.57828
-2.67378
-9.20803
-10.2267
7.97267
11.8903
-7.60055
0.388568
0.376316
-6.90257
5.5436
-24.3006
0.627534
-17.075
-14.2414
29.806
10.074
6.78217
15.432
-5.72879
-16.6864
17.2789
9.58139
2.01205
13.963
-12.0572
-3.00208
18.2964
0.76637
-4.913
11.2547
-20.5299
-4.61908
3.19762
-28.9958
-4.36245
-4.63577
34.083
-6.77581
-11.4934
7.31169
7.68298
-15.9159
-5.10819
12.3461
7.35828
1.64283
-8.36516
11.7108
-1.14333
-5.48511
-38.9263
26.9333
-8.9372
-8.4771
-2.17356
-44.1456
-20.4716
7.15862
8.20588
23.219
17.0618
3.64312
-18.2838
-27.442
-7.96222
1.01963
-10.2608
-2.21742
15.8013
-4.31665
-2.48282
-26.5148
17.938
-13.6317
2.6416
-20.7516
-2.3982
35.7516
14.2988
0.737715
-5.0963
-10.6667
-13.0094
8.42002
0.0817751
0.745517
9.85726
15.0813
48.1213
-5.5265
-0.0441201
7.48391
-13.4575
-14.7212
6.17018
19.697
1.03597
-1.63652
1.6858
-0.533239
14.6767
-19.1912
13.1427
-16.413
32.3808
-10.4415
-2.28879
5.84061
31.062
32.0712
-1.40404
7.16056
-2.41742
3.188
9.11947
8.67102
8.50869
-20.2476
6.78501
17.7083
-7.5234
-22.836
25.5187
-0.00207291
10.8199
-18.9734
13.6699
42.1825
-23.913
8.99405
-35.5809
2.66528
7.49729
-9.77874
-8.65439
-2.45618
21.2693
24.6782
-8.02333
6.41139
19.1275
29.2061
1.0919
-11.4451
19.8785
15.1764
10.1891
-1.87987
12.116
-11.0251
12.3205
19.9643
14.6036
2.49138
-11.5096
-10.5745
11.3905
20.2731
12.3522
8.77463
-6.60154
12.6073
16.9724
5.70526
-9.76758
9.59448
21.0246
-9.80903
33.2207
-19.7063
6.20112
-0.450821
2.85628
6.3031
5.90299
-0.414095
-2.62188
-9.69154
-45.1524
5.30302
8.05558
-13.5362
-32.153
42.1966
-5.21721
-4.75633
12.3673
-4.36229
-3.46499
-2.69636
-7.40291
-0.316821
24.8451
29.366
1.24793
1.45841
19.6806
32.2717
13.0981
-1.81426
1.23934
36.1611
-2.31673
7.99678
11.8165
17.1909
10.8315
-4.08777
13.5332
6.68854
0.387053
13.0147
9.29838
-5.72398
-14.1436
3.89602
-22.7241
13.854
5.44577
22.1412
10.0989
22.8617
12.3308
32.7177
-10.4893
-25.2384
17.6014
-25.1923
26.5311
30.5811
-1.3594
0.139445
-12.6844
-4.7572
-47.7347
9.10676
12.7578
7.32057
-13.2475
-11.5865
8.03866
31.9782
-18.7393
12.8061
27.9131
-5.97293
25.3088
-9.03746
5.91058
3.68129
0.223546
12.8956
10.9051
21.1434
-20.3316
-13.7407
7.86912
-6.31988
11.0157
20.6002
-12.9488
5.61853
11.897
3.41883
7.28052
-18.9238
-2.68985
10.7368
-1.00668
12.3448
-34.445
-6.11414
-7.43347
7.22125
-9.3607
-36.5181
11.3045
-14.314
9.34025
-10.4675
2.45437
-10.0412
-3.0759
-35.8923
-10.759
3.63823
6.4615
12.4861
17.1577
2.63496
-24.6891
-51.1663
5.38856
16.486
10.5687
20.9719
-9.95775
-2.71921
6.5275
9.90663
4.32931
0.0253644
-29.0321
3.14229
24.9395
-0.0650735
8.70812
17.913
-16.9433
11.1528
11.2789
4.81135
-13.56
-16.0134
-2.07754
20.2911
2.4481
10.4082
-2.19519
2.92619
-8.00799
0.60028
26.514
13.6679
22.8727
2.46668
13.2819
-26.783
-3.382
2.62941
24.43
-0.894687
1.4073
27.3768
-4.30909
-19.1996
12.7862
11.6027
19.8063
-16.6721
2.92206
28.158
-6.39462
13.7946
-0.687079
3.42824
4.33715
-3.12108
12.8977
-25.1235
-13.9867
-20.4825
-21.6484
-15.0653
0.253071
24.8073
-2.17253
16.3923
-23.8127
6.27324
4.96163
30.3875
18.5701
26.389
27.1694
-1.79446
6.22344
-24.5461
5.22084
20.0102
8.05233
33.0298
-1.40409
35.4756
-18.0353
30.3943
18.7945
-8.72158
8.43082
9.3643
-15.5177
10.0227
14.5026
10.5188
0.378133
-20.7306
-5.4356
2.28797
0.515789
10.0686
-8.46588
-1.61441
6.03418
40.9337
19.9912
0.109355
10.9685
26.1273
-8.75736
10.404
-13.9982
10.1778
11.0541
-0.718244
-11.1981
9.04826
18.7845
-7.37992
11.3794
7.55025
11.1145
-5.72058
2.50881
3.42348
-10.7669
4.01677
2.47907
25.1413
29.8785
6.86222
0.86502
1.34846
-7.47858
18.6445
-18.0934
13.3971
2.94049
11.1964
-17.6349
-8.60302
10.6172
-12.5002
0.160447
14.4302
10.1877
1.04808
31.2803
0.587442
19.6471
-4.20523
3.99936
-11.7842
-24.714
12.9986
-56.6985
9.0348
-19.6882
26.478
14.5
4.40622
-9.71574
6.08396
6.28571
-6.23015
11.6876
-11.0381
14.5248
0.145819
-4.44456
-25.76
-3.19768
-10.6033
-16.8957
-28.6467
3.38048
6.20382
-11.6677
-3.77905
0.909799
32.9779
8.86141
-21.7786
6.94739
-19.8531
6.56419
-0.18919
-10.7349
-1.51762
17.6723
12.0736
-6.47571
0.413862
11.7586
1.89767
-13.1321
-0.323757
14.15
24.534
-21.3689
-3.48631
-2.21168
-23.9024
29.2573
-18.4764
20.3692
13.3465
3.06932
-30.6356
17.5319
-9.71823
8.62905
11.3396
6.62977
34.0531
-19.205
-27.3667
17.4713
-22.1428
9.57276
10.608
11.2359
7.12269
4.03117
4.57593
-10.7644
-6.77559
16.5643
10.1496
-3.57684
2.8814
-1.12972
-14.8301
0.183238
5.4522
-12.7546
-7.34097
17.7485
40.2526
6.25971
10.7494
-12.6701
26.9453
10.2818
9.52632
14.6372
-32.3797
12.4991
-15.5812
14.7534
-24.7601
19.3971
28.3319
3.42462
-13.5728
0.957237
28.3202
12.5494
5.56104
3.71123
-3.98738
21.4233
39.1086
18.3364
-14.3074
14.9407
7.84833
2.2055
35.9726
-19.7851
-8.71215
-4.84397
20.2127
7.91684
24.0476
17.6467
8.0874
1.31429
27.6132
8.0628
19.0374
39.4308
-10.8242
38.0343
4.55223
-16.9427
-3.36744
6.68267
-9.4947
-3.7444
-20.8659
-5.73453
3.55385
5.38848
20.1633
-18.0964
21.0152
16.1164
-23.8565
17.272
7.17501
-0.519953
-11.1703
9.37835
11.2489
-1.13779
19.7748
-0.288282
-24.9385
-5.14595
4.39292
-17.4358
3.16393
-12.4803
-14.0884
-9.55968
32.1465
5.54791
-30.3284
5.70663
19.6772
2.11248
5.75068
17.8712
-0.614208
33.3817
12.8496
11.2129
-9.70152
15.569
-13.1963
3.20822
-12.79
9.80396
-8.41023
7.28583
4.23538
-25.9198
40.899
28.0733
34.2512
2.24017
16.0594
-8.21816
25.65
-2.1102
-2.86996
-10.8618
-0.816975
5.16887
-13.0158
-8.20927
8.74226
27.2706
16.4371
0.762353
-1.29625
-9.7997
8.07572
21.281
6.73582
-28.7827
-17.7507
-13.2838
31.6188
0.648164
3.63494
-4.08845
-41.3907
-16.0001
-6.53253
20.0737
-2.98097
-14.5331
-0.913702
6.16904
20.47
21.0936
22.0219
2.0808
34.6363
4.35282
-19.8429
-35.1875
-1.17326
2.91293
-5.62052
35.205
0.631602
-8.31663
-5.16331
16.7667
17.1198
15.4111
22.5357
-8.12675
20.7915
-14.1004
-24.6828
22.4157
12.7426
14.1079
45.0835
17.6987
5.50275
18.5285
1.0654
6.14845
-23.0339
-19.3475
7.56399
3.28966
17.1542
2.66248
-5.65938
1.48166
-2.79041
-8.1771
-10.5146
-4.88631
10.0753
32.9978
-23.7854
3.71045
15.6476
4.28587
4.44635
-25.2705
-12.9526
41.2424
2.56637
3.21378
-1.59451
8.68852
6.5669
-3.19873
13.6974
-2.11831
34.8482
21.329
10.7907
3.51844
-3.06454
13.1616
-16.9171
4.87784
-11.1791
-32.2811
19.2489
15.381
21.7959
5.16721
-1.50014
6.57374
12.5752
16.3089
-20.3889
27.4693
-16.0129
-22.1375
4.69672
-8.63033
-21.7555
15.14
-15.2272
-9.8312
2.19693
-2.45727
10.7207
-17.9661
45.1178
-3.95343
10.4749
24.8428
-2.64969
2.54216
-10.6584
32.9061
30.0439
4.62641
-5.32831
7.22019
12.2121
16.5092
-15.3366
-5.59519
-2.12891
-10.0288
-37.5743
-18.1443
3.64739
11.0006
-8.37352
23.2202
2.57726
-1.83346
-11.1733
6.79628
-18.4972
1.93744
-0.0616183
-6.35741
-14.9175
12.7765
0.811151
13.2725
-0.0730108
-23.6793
-20.7335
4.72286
-2.31418
-0.103319
-8.91994
33.3838
-14.047
8.20478
-7.89991
18.7509
-0.13911
6.83832
15.5935
-9.23354
2.62695
-10.1474
-19.8911
-17.5732
12.2194
21.4514
-5.246
30.5234
19.0173
-16.6433
17.9088
32.6602
10.7254
-19.3848
19.8864
20.0895
-25.0219
-15.702
-4.84135
-3.64252
10.386
-19.4909
-6.79097
-16.3615
22.6995
-2.95378
22.3751
-32.9789
-7.23966
-3.89536
-3.0145
-3.4795
6.24996
-20.5626
12.4932
8.35274
20.9099
-14.2142
-1.03913
1.97565
-39.0132
3.75066
-0.113002
-7.17891
-19.018
19.8299
29.9601
6.02556
4.76965
-18.4673
-8.05825
-19.9445
-3.4779
17.3206
7.81355
-24.4929
-8.3005
16.2994
-7.45565
0.673467
-12.6365
14.9176
29.4851
-16.1201
19.6069
-20.6839
-6.92956
8.39974
19.4731
1.65207
-11.2494
21.2281
-36.4919
4.70476
-12.7421
-11.4209
5.84538
29.0621
7.84828
-27.5186
12.7611
9.48801
-4.96137
0.468016
-36.7427
5.05597
22.034
-6.86048
10.1853
24.3813
12.3599
-13.5535
38.3462
11.7712
8.28649
-12.3356
-24.9604
6.52784
-13.6358
-20.092
-14.749
-17.4399
-15.1192
6.69249
-18.4563
5.81519
-17.4659
14.6753
8.1738
16.5581
8.33052
-18.3979
24.4958
3.0495
28.9263
-13.7496
-13.3408
34.3178
-6.52059
-30.844
-37.1162
4.29434
-9.84523
-16.4531
6.52289
-14.0731
-14.6059
16.3172
-10.4043
-7.8656
17.6826
3.32723
11.417
-43.8719
20.0913
12.0322
20.3426
28.4903
20.6892
5.91691
-5.16881
9.50262
2.5171
-17.3721
17.4284
0.256181
17.989
-8.94947
-1.15024
-11.5951
30.4613
4.16189
-9.97823
25.8779
-14.557
10.919
15.8959
-3.7064
22.5404
17.5925
-13.0218
1.52722
-19.9654
-21.493
-12.8398
-52.8428
1.72841
-11.0245
-2.75917
-9.7877
-0.999583
0.0486545
-12.0195
-3.22758
16.0035
5.31423
-7.53962
-1.74677
-10.8539
11.8729
-9.28995
10.4912
-0.913642
-23.23
13.0409
15.6094
33.6311
-17.5896
8.17256
-24.1365
-1.50308
-6.49303
12.2435
2.35833
-8.72405
22.2824
-8.17451
-1.49416
-2.95591
-8.13102
-39.4793
-5.54288
-2.90542
-17.2837
-9.61302
24.5615
-1.18601
-5.43033
23.1541
-6.98948
24.2519
-4.91816
13.879
8.75753
-10.7191
-2.5523
7.78508
16.879
2.12298
10.5135
8.71628
-11.5239
-29.4671
20.8479
-0.250192
25.8696
-1.27664
-15.715
12.1244
-27.8917
-9.60007
1.75303
37.7225
8.74612
15.3544
21.2942
-0.650163
25.4061
3.028
-18.9059
23.7407
2.69695
15.7331
15.8656
9.67084
-11.4394
-6.822
3.50669
1.40254
8.18484
6.65652
24.7611
-10.4344
-2.58032
27.65
7.9796
-1.20776
17.9357
-2.7253
-3.26361
5.4964
23.5671
16.9663
-3.60025
12.9781
21.2021
10.2136
0.404963
37.7692
1.30762
8.27029
-12.0553
16.2344
-4.07558
-10.8204
-10.8482
-16.6246
-38.2897
25.5789
6.14553
6.88005
14.8458
-1.0058
35.6468
-10.6033
2.60347
-16.593
20.6062
31.4386
-14.8335
4.8843
20.8828
22.069
-22.34
-8.7763
14.0144
9.35785
-5.27851
17.1848
-10.8864
-25.2563
2.06189
18.5401
-10.6551
-1.24749
1.01028
17.5967
-19.9716
32.4981
-5.14854
-33.7264
12.0799
-13.9905
9.79625
-18.4145
-7.52608
-21.4684
-27.0487
-12.0124
15.3424
-22.6025
-4.97933
-13.9487
-12.3345
4.24364
9.08564
-4.86156
9.22331
-14.1249
38.8776
19.9379
11.9199
-16.4773
21.5848
-14.7768
-8.69194
-12.3653
-30.4965
4.89573
-23.8006
-3.92899
7.69992
-22.3105
14.1287
-28.3757
5.70492
3.49421
-22.3162
-2.03701
-2.13534
-12.0651
-40.1533
3.34427
-9.50263
18.7343
-36.98
0.686441
-0.594997
4.27221
-3.7216
-4.32027
-2.81105
-3.11622
-32.3929
9.83125
17.3288
0.542288
27.6631
41.2708
4.72234
-15.5075
-12.3414
1.43714
1.41614
-19.9171
-24.3589
-0.995835
22.2927
-0.104003
12.2745
14.4417
6.17352
9.66512
-20.6857
-2.5185
-4.79215
-17.1441
21.0997
5.26316
-15.9955
-1.57605
16.9676
17.8475
3.72163
-27.1312
0.631647
-10.6362
-32.3708
18.9044
0.735883
-3.72137
0.254696
-1.69857
-14.1201
19.0238
1.20844
13.7262
5.93973
-2.4263
0.457362
9.63799
-15.7625
-26.0494
2.70765
20.588
5.74122
-23.6032
0.851696
16.7471
19.5101
17.6195
0.431945
-2.79276
2.74964
13.2697
8.23043
13.6471
-9.48275
-25.1365
8.55104
-7.94154
0.670854
-13.9663
-11.3547
-29.9254
-34.6994
1.26152
-7.68441
-15.4869
31.4943
11.4427
-12.3308
9.12732
29.8999
14.3909
-4.99607
10.1281
-2.66143
-14.6219
10.5501
-24.2162
-32.1724
-15.1201
-38.1461
-19.2561
-15.2907
25.6647
-17.7348
-12.4634
26.0937
1.83667
-14.8047
-34.6479
9.41636
-10.4369
-1.54443
-1.66097
17.7804
-15.3491
-11.7381
-2.21213
-30.82
24.29
4.32231
-2.65331
-18.6435
0.0923602
9.0314
14.2785
21.5395
33.6024
8.10546
18.2414
10.6672
17.2099
-13.7011
6.40629
-10.4016
32.9314
-13.2231
-3.81253
4.77872
17.778
-30.5277
15.1067
-4.63362
10.2065
-13.303
-13.1493
7.12913
15.6152
8.18964
8.29765
-14.0435
-9.10071
6.56529
-6.26176
-4.4398
-3.17906
10.1494
31.7123
-17.6466
0.96917
5.33302
3.58627
10.9832
7.98656
3.12134
-6.54674
-31.8142
-12.0523
6.36126
-20.314
-0.81808
9.08002
-27.9987
-23.6234
34.2757
-1.62386
-1.33719
-6.93266
-1.96236
-2.4726
14.0705
15.1627
-5.06878
-8.92908
4.78647
-8.49726
-19.8688
14.2696
-7.29161
17.6516
2.66363
-7.57976
-17.8635
5.29796
-18.9861
-15.6914
31.2663
-0.213284
-7.78969
26.4119
12.4155
4.44572
-31.1852
5.00629
-17.6768
9.74202
9.75596
-21.125
-18.3536
7.63843
13.5866
-5.6529
-12.1935
8.17381
-13.9327
14.914
5.82993
12.6269
-3.24391
2.97786
2.71354
9.6969
-12.8164
13.9344
-3.23945
19.0521
27.0725
14.2313
-16.3011
10.6871
12.1477
5.9818
4.71945
13.1703
38.0954
-5.54707
28.5617
-8.335
37.1806
25.705
18.469
-9.51758
3.71627
-25.2931
22.9003
13.6439
-24.6926
9.48272
21.0773
4.9605
5.54652
11.5727
8.77745
17.1467
1.72165
4.26267
8.39762
19.5834
30.896
-6.85775
13.1192
-17.1242
-14.0197
10.0191
15.7329
-23.1945
-9.78117
-27.5133
-2.06769
22.4845
4.63268
1.66788
-10.2713
6.67565
-6.30457
-20.3411
-11.1671
15.6384
-5.96094
-0.177739
12.9652
-1.94891
14.756
7.37713
-1.63687
12.5346
-20.2181
-23.4436
-15.8286
8.82471
-12.0479
6.74547
-4.27705
24.6154
-25.6511
8.0286
4.10795
-9.14026
-19.7384
12.1972
-21.4518
11.9172
-9.76896
5.24277
24.1808
10.2805
-14.3316
-10.7941
6.0808
9.83209
-0.819638
-11.0992
5.14136
5.13949
-29.1287
6.99885
-10.7897
15.2209
17.9358
-8.92079
-21.294
1.01308
-2.49235
-23.8983
-2.40845
23.4104
12.0903
-10.1479
7.30454
30.7922
-7.34677
4.01319
-6.99214
-7.35336
-13.128
25.8817
-7.41561
-14.1859
2.50293
-30.6963
-1.90666
26.3568
22.5046
-2.3833
15.1795
-3.74785
-38.3786
12.2503
-2.7366
-11.0568
-30.3784
-6.22787
-15.7711
3.67078
33.094
-11.0305
-13.6179
-24.9729
3.67747
3.96008
5.76147
23.7629
-4.8559
3.84249
-4.87881
-14.0801
22.8567
26.1632
5.29741
-31.3443
-13.7962
0.14801
-7.56528
16.8389
-3.24907
-14.4093
16.7388
-28.6462
5.99802
-34.7177
-3.36486
-34.0785
19.1293
-32.8913
-17.7863
9.57127
13.3534
-25.8674
-15.4374
16.1294
2.00387
-12.1451
10.165
14.1285
9.86921
-3.74379
19.1718
4.11971
6.24219
-3.85521
-5.86321
14.3425
21.4512
11.6024
6.63167
-7.61914
-4.19639
-3.67596
11.8531
-24.0148
11.0979
30.7759
8.92275
25.4253
7.9262
18.8436
-15.8117
12.4905
-6.37243
-1.80156
-7.27748
-3.6714
-14.0669
11.9163
-15.6587
-25.1434
-8.0513
-17.2526
-8.47941
24.0961
11.3311
6.21906
-21.8094
-0.324665
-15.5583
-13.901
-1.34892
21.6193
1.87359
-15.8729
-3.46081
5.34274
14.8558
4.00046
-1.26432
-16.6325
-1.15887
-24.1246
11.8615
-6.7274
6.84042
-28.5527
-7.12085
-15.891
33.8072
2.33755
24.7374
-3.52519
32.024
-9.96688
-14.5828
-13.501
-52.547
-13.1751
-2.47395
21.4424
30.5587
-15.9409
13.4276
26.6636
-4.11415
18.4625
8.2442
-4.21269
11.1393
-21.5988
-5.54969
-6.09657
21.8467
29.7203
29.5539
-1.56667
9.2646
-23.8578
1.23388
27.9262
13.962
3.45375
-22.5973
22.498
3.0031
-5.40002
3.72802
-2.98628
8.40655
0.103959
6.48183
-10.767
-7.88125
-0.732135
-34.9652
-10.7087
7.62092
-6.25669
7.24203
-21.2105
-2.91135
0.532491
22.7496
-9.76808
-21.1246
0.729841
1.86739
7.85159
16.3844
17.3372
4.86806
16.3818
-11.8254
-28.1669
-5.93535
35.9804
17.7383
-20.795
-33.8012
2.1932
11.1901
-13.0654
-17.6826
6.75717
-20.479
8.39203
-26.5781
-4.51218
25.7982
-2.0374
11.3799
-18.5356
10.6058
8.87948
6.34495
14.0683
3.98679
7.53889
-9.70398
-2.09265
1.07669
-40.256
-11.9391
21.8372
16.5314
24.0714
7.28331
-26.0038
-3.29679
-24.1042
21.4874
8.47055
9.17131
-13.436
-0.906127
-31.2129
3.13698
-26.6109
-12.4291
-6.26191
25.4826
11.5832
9.09186
-44.2751
12.5362
-10.3224
26.1117
4.64084
-20.0705
-20.9544
3.224
33.2625
-21.3382
6.19069
-0.272793
6.3862
8.42988
5.04311
11.658
-19.5784
20.0223
25.7074
-2.22586
-2.39423
5.43235
17.4691
9.47704
4.43888
-7.52321
1.81803
3.25501
4.09331
15.7747
-6.5947
-10.1403
9.71551
-4.28486
21.9822
1.93008
-17.1019
10.3908
6.29536
-1.7438
-8.085
5.27929
7.00005
0.47422
6.3058
-15.3912
-23.0289
-6.39519
-20.3276
0.962296
-21.7735
-14.8154
1.40709
9.93172
4.99755
-4.99542
8.33005
-20.6872
11.3429
27.6368
10.6135
-18.1694
-32.9011
-6.25073
11.007
14.9044
21.3585
-2.52101
12.7091
28.9373
1.26068
-0.124454
2.13363
39.1129
16.4979
19.2629
7.11203
7.51939
9.02293
-2.1675
20.8464
1.26889
20.0645
-2.98504
-3.60843
16.8421
-19.6764
-7.42129
36.3347
17.4002
4.14812
-1.12412
4.00473
-4.33886
-11.7632
5.76404
22.3991
4.02579
-9.27387
-7.01754
-12.3639
-33.2878
18.5902
-16.4236
-18.9389
11.9492
12.5992
-6.45672
-4.49047
21.4084
-0.921455
-25.3772
14.2647
4.77972
17.2817
14.5205
27.7345
-25.2982
9.07004
6.5553
6.83801
27.2178
-16.8916
-9.5986
16.7847
2.53083
-21.8214
-14.515
4.47045
-9.16687
14.0766
24.0808
17.053
24.7753
26.9561
5.87427
-5.39038
-12.2065
9.31308
-35.5215
4.58802
4.23132
39.3447
-13.0941
7.08453
-7.51151
-22.9454
12.2764
13.5048
-2.95145
15.8449
3.76004
-1.21451
4.82267
-18.7478
19.6984
-15.0728
-12.7034
-8.31806
0.486847
-2.67318
6.99996
22.5407
15.2135
-12.7548
6.40002
-14.1187
22.46
-36.732
6.88583
44.4865
40.2942
-6.62027
-12.0785
19.0074
6.46386
-17.5756
12.9374
-7.04357
-29.9887
11.1922
2.26561
18.2633
18.7181
18.4675
11.8693
0.0940469
-11.2866
-7.99535
4.5847
-5.19014
0.310152
22.3933
2.63723
-12.7055
-2.91853
-14.3356
14.4941
-2.4325
7.74553
1.68136
-4.18143
-7.096
21.496
17.6537
22.3955
-18.5454
3.76618
7.20018
-10.2572
35.5474
-2.34174
19.0083
4.23645
19.5046
0.698111
11.7452
19.8695
41.5757
15.5264
-3.65642
21.8678
9.98098
7.12424
24.332
-1.94919
4.32696
-30.108
-0.474956
9.75045
-5.95088
15.0711
-23.6973
-16.202
13.3451
-17.0918
-10.6505
11.4931
10.7188
20.6397
-30.6173
4.10329
27.2204
-0.145271
-0.408607
-14.8593
0.616058
13.5451
-33.1136
-6.13077
0.767036
12.5733
-18.3391
-10.9675
-1.46743
13.7759
-5.63824
-2.07524
21.3205
13.1814
13.8055
13.1925
6.17796
-5.78981
-13.9485
16.9034
-6.20793
-1.53413
25.8914
27.1332
25.016
-12.0199
3.30193
9.21163
2.94705
-4.52468
26.8482
2.86238
-3.1989
24.5662
32.6606
-3.85281
-7.51309
22.4052
18.1323
-2.10673
17.7644
20.5902
-24.6872
5.44288
-29.9709
6.35361
24.3768
28.6512
1.93902
0.697016
-14.9155
-9.62078
-11.2274
-0.93173
22.1298
10.9789
-9.57573
-22.3473
18.2786
11.7991
-5.63739
-10.2447
13.896
3.41216
14.5323
-12.9808
-3.03181
10.2199
3.92523
10.5013
13.7162
-17.3396
4.63168
19.2771
6.19673
5.35043
-7.36352
13.0715
-3.30118
3.10086
9.18576
-28.3449
2.12375
9.48565
-0.586648
-7.66445
0.132499
-21.3875
-11.7884
3.16799
-5.28463
-15.8785
-19.1742
12.3645
12.0415
-11.9807
3.34426
-11.9767
16.147
16.3827
-4.75533
-0.491733
-10.6865
16.5677
4.85671
0.881516
-22.0822
-7.20613
44.2403
-9.55842
30.4572
-6.28997
0.864561
5.99166
2.93051
12.2658
4.55051
16.8235
2.29168
-3.59831
-14.2511
-2.63661
0.401983
-7.58868
-5.1344
11.3121
14.1482
8.48188
-2.80989
7.67453
-33.6903
-14.1857
-7.32921
-5.29695
-9.03055
2.99685
17.795
-26.9
2.96812
-4.25431
4.73139
-23.7672
24.116
-21.0521
-0.380979
20.161
7.51638
5.55904
1.29889
-38.3914
-11.5785
-40.423
2.4419
16.5748
4.9885
13.4814
27.7787
-18.125
6.7893
-8.71028
7.72236
-17.3982
-0.662838
-7.9705
-1.55671
-37.6588
4.04335
18.1668
10.2948
-3.22027
33.3593
9.6999
-6.20225
26.2681
-12.1581
21.2967
7.63152
11.3431
-0.0455481
-9.95634
-23.8228
-12.7502
-14.167
-12.8698
13.5446
-10.0062
-1.24769
12.9451
6.53146
-13.3476
30.3782
4.9384
14.4694
-31.5057
-17.9934
-0.142777
7.73771
21.7095
22.4053
8.17078
12.6488
-23.9651
-16.2641
-5.64579
-16.6388
-2.47918
-11.1002
-29.8906
8.32263
2.41621
-12.7178
-0.791445
-8.20042
-11.467
-11.9604
9.90359
-9.62159
-5.84896
1.68838
-0.0471723
5.55341
13.587
-18.1082
6.66557
-0.552009
3.48987
20.8232
10.6475
8.33949
0.391159
6.47527
18.7531
-0.273125
-2.43674
-9.77659
17.3392
-12.4692
17.3577
16.7154
-4.56852
3.31295
13.9747
9.09887
20.2941
22.8151
17.9894
6.57625
14.2252
-25.0481
4.33658
10.4709
3.63987
1.00955
-5.79504
2.32606
-4.52441
-11.675
-6.57781
-5.27001
-3.93416
-2.35506
8.01803
13.9081
-10.7847
9.99491
10.4818
5.06949
18.528
8.24846
2.1271
-26.9156
-0.447522
-6.46509
-49.2066
-5.26747
-34.2798
1.0265
-1.6191
-13.6298
-12.4183
-10.1205
-20.0844
-7.91344
20.9234
-9.61541
-10.9344
-15.6006
-18.2593
2.64821
2.11691
10.4889
-23.852
22.0665
-2.63061
9.57797
-43.4594
-12.7102
-25.6518
5.90866
-22.3942
18.8713
-2.23385
18.6755
-3.34209
-34.8318
2.05159
6.70494
-0.422654
-8.85964
3.37735
-11.1772
-24.3667
-22.2805
3.8549
-3.68814
-23.0729
5.35052
-16.6529
8.43441
22.9507
1.80879
-13.1289
29.6743
7.60052
-10.5821
-3.57256
-19.3235
34.4594
8.74265
3.99892
18.1933
-31.7304
25.9896
-6.30801
-12.6391
-5.61194
-4.47382
-1.16232
12.1061
-8.58658
4.24226
13.2578
1.74479
8.5388
21.327
2.63994
7.20432
-29.7486
13.795
8.59428
28.3527
-1.20121
14.0418
22.0209
-5.84622
0.308549
29.2395
18.1712
-13.4107
14.0534
40.0953
0.707807
0.716137
-21.2344
-2.9914
-0.307982
-10.733
1.40426
29.0282
-7.79032
28.8454
-6.31332
-6.69205
12.6195
1.84598
36.5804
-14.0593
4.60819
20.9122
-17.4255
4.98508
-13.6676
30.8674
-10.5958
-14.0089
28.8763
-23.9469
3.62596
-5.77455
17.3335
14.5254
-31.4187
-3.66949
14.4589
14.3267
38.6038
8.73958
25.4296
-2.99731
6.66867
-3.82995
-2.74482
4.23424
13.775
12.528
-4.52363
-13.4092
-18.0781
-35.5835
13.5093
31.8328
-6.99978
10.6598
11.7512
9.53983
-20.272
34.0528
2.56242
-15.1982
3.86116
11.128
-8.48401
10.0851
-13.6719
2.36325
24.1339
12.8607
-3.96484
-17.4114
14.7023
28.186
2.61245
-3.51803
1.25243
-1.25019
-10.5727
-15.7584
-4.28593
4.14278
36.3518
8.58995
-1.15957
3.24274
-22.8686
-7.45484
17.9512
26.1206
-32.5259
18.6256
8.18716
0.531427
-10.1087
0.670497
-3.49929
14.1348
13.7507
-1.86064
-24.7312
-0.585408
2.07558
-17.8983
-6.91129
0.116006
30.7744
1.36948
-7.79335
7.41214
0.717392
56.8024
-22.3933
21.3932
-11.7411
-14.0883
-11.0708
-15.306
21.7948
-6.18871
-11.8118
8.22163
7.76753
-32.9082
-23.4014
-10.5517
-18.5831
13.3418
-4.07469
4.8841
-4.07849
30.8545
34.5842
2.94557
-8.15123
-0.203581
-7.91311
3.13141
-4.40148
0.290554
14.2696
19.5717
-1.01429
-2.50411
-18.0755
12.3654
19.9164
21.4313
27.7243
12.0686
36.4661
-8.63664
7.62167
24.0402
24.6791
25.6175
17.6897
0.389179
-18.7009
18.3683
1.89838
13.0271
6.76372
19.4989
12.2727
20.6825
-32.3532
-13.9893
1.01003
21.1625
-5.39596
1.86585
-9.09135
22.9341
-17.4546
-2.52925
6.91548
-12.1054
-13.1805
10.3543
0.548016
28.5206
13.6813
-3.09963
-3.03567
-7.69203
26.0972
3.85107
20.9998
24.1465
-24.5475
-2.38617
-13.6973
1.63413
0.435865
-8.22636
24.4758
-1.28199
13.8993
-21.7511
-14.106
36.1104
14.0495
12.3216
19.9143
12.1383
15.5226
-10.2184
-6.85866
7.33214
9.37358
0.482907
-4.21027
13.1618
-15.5027
35.1122
27.8315
-12.739
24.8318
16.6473
-24.3813
3.90625
-18.4757
-8.01957
-3.54261
-13.488
-7.12508
21.7982
-9.55803
5.55523
9.29495
-1.82899
3.03799
6.04444
10.5094
19.7833
15.0382
15.156
-5.37358
-5.34706
-7.30309
-20.9047
29.841
18.4497
9.71721
-17.452
8.19146
20.3439
30.753
17.9067
11.4998
-8.46685
-8.55177
3.40356
6.11358
-20.5101
-2.96504
7.10653
33.3311
-17.9345
1.80146
-1.93243
4.03497
32.4212
-15.8396
24.1415
5.52325
8.27603
-21.0617
-13.7152
13.1215
18.1674
2.93236
15.5451
-4.71505
-5.43572
9.09192
2.99724
16.157
22.9037
3.27765
1.54993
-5.4042
8.40479
-14.2364
-18.9671
3.71117
-25.1867
16.5907
2.85078
-15.2035
-28.9689
-16.0974
30.0781
12.6729
14.677
-12.2391
7.21663
-3.40747
13.7833
1.84022
11.8428
-16.1795
18.2552
14.4363
24.4179
5.60621
9.16219
-14.0434
-20.8764
-9.62306
22.0738
-6.45398
-3.5322
1.26986
-26.7933
11.6918
-13.7385
-16.951
3.80571
-17.2087
15.8186
3.49521
-18.8242
-6.47407
22.0102
-11.7401
0.733986
22.1399
-16.8756
19.2389
15.0744
5.42008
4.5156
-21.1635
0.980577
15.3839
14.9354
-6.61143
-0.102507
2.56083
-38.6227
23.1675
-24.2413
0.18266
-13.0325
-0.764984
4.50159
0.88929
18.2652
-6.45471
37.7198
22.0288
7.95028
-3.8908
7.40463
14.9949
-2.70053
-0.423777
6.02816
-8.46092
-4.6352
-33.3331
13.8424
-7.7091
-2.26005
2.2495
-3.57027
-2.03491
-3.12045
-0.0153311
-16.8664
3.44273
10.3328
-1.55983
-14.9635
5.58547
-7.86747
-25.9218
9.87707
2.97355
-13.1418
0.842363
-9.65981
-27.4953
-3.79778
-6.36869
34.1429
38.5861
2.11244
1.70699
-3.39842
8.90561
9.49686
9.81058
-13.1779
12.9629
-24.0128
6.23781
-16.8306
14.5098
-2.77897
9.22055
25.9797
5.71358
31.2565
-5.13287
-1.22742
-10.5348
-12.04
2.47579
-19.246
-12.1965
-25.5509
-37.5892
3.4125
-7.79401
-8.75178
4.42255
-1.79547
-9.01033
10.337
34.1142
34.2898
2.02793
17.9987
-12.4442
-23.2577
8.0198
-11.3527
-24.4654
9.75638
-1.10497
-2.28634
12.4611
2.49818
-19.7929
3.22091
-22.5114
5.4748
-31.6355
4.61991
5.01933
-31.4744
6.691
2.58975
14.1168
-7.24045
11.2909
-6.04899
-3.08575
-4.87616
8.67279
-14.6758
-5.32433
6.0723
-8.15553
-22.5796
-5.22843
-1.9782
12.7665
-5.01885
-33.0662
-25.2954
12.6249
12.0459
11.6527
13.5596
-19.7995
35.1305
-20.9589
-6.40077
-20.8546
-27.7866
-20.3818
12.0949
8.08296
1.01026
14.0665
-25.3229
-1.59222
-22.2755
0.0171311
-6.00125
-32.3037
-29.4258
-18.0626
-2.34438
-21.1771
-6.95001
-4.47892
-15.5226
-1.85935
-3.65036
-1.261
-17.2759
1.09255
20.6415
-16.3438
8.88613
-1.03046
-8.17549
16.8722
-36.7404
-29.6344
-9.2752
-8.87827
-14.5097
1.31547
-12.7476
2.66122
10.1321
29.6298
-14.406
-27.9254
9.6866
2.91464
-7.92122
-3.09127
-20.0259
5.10686
7.70711
-17.7622
4.07666
-37.4078
9.64888
20.5089
-26.9455
28.8321
-8.74856
23.1757
-29.9012
21.9233
6.89622
-6.73186
-3.23089
-17.1591
34.0853
12.3086
11.9208
-13.7049
-15.1073
-6.80348
7.66619
17.6932
11.7775
11.8468
17.587
20.1858
-17.1475
-16.7202
17.397
0.0611601
2.53617
-2.62104
27.0793
20.9116
-10.9796
-18.207
-1.7262
9.94033
-28.4925
14.1821
1.80245
-27.8764
4.29963
21.7313
1.96647
-20.4292
17.3476
-6.48494
11.0506
9.73275
-4.5837
-9.95935
12.9542
-26.2947
-18.4102
-19.8833
-16.076
-26.7794
-14.1534
-2.19905
42.5131
2.31187
5.29684
-0.634823
-10.0253
15.1882
3.66155
-16.2665
-8.49919
1.71696
-16.8611
29.7938
-9.90796
1.37897
5.31398
0.795784
-10.6066
-8.2573
-1.72374
-1.91788
-13.3707
-11.7269
-28.7704
-30.4016
35.4729
3.91776
-6.32979
14.168
-17.4015
2.47461
-21.2547
8.22882
6.56897
-3.85274
-19.4897
-9.85748
7.02822
-17.1277
-16.8427
8.92225
-4.69918
10.4215
-3.83026
3.75007
0.88023
-4.07697
-10.97
9.55456
-16.846
-1.79056
-33.3104
18.6688
9.2617
-7.29
13.4867
-1.5719
-17.817
0.825858
21.7712
15.365
-6.99882
7.43717
3.55321
-14.7444
-12.8274
-6.6828
-2.30673
-18.6241
-11.5602
-23.1117
-29.5104
0.347526
-16.861
9.05129
6.01427
-19.4955
-17.0611
-7.40642
14.8329
-20.2478
9.75613
-2.06963
14.7237
-11.5795
12.4286
11.3797
-11.867
-16.6111
-23.9542
-22.8577
-25.5314
35.6358
14.0943
2.69963
21.4072
2.58107
17.4395
-7.1836
-0.133805
9.96168
-1.63914
-2.923
-8.62047
-25.5801
-8.43349
-10.7994
15.7706
-27.5663
-2.93143
-3.61468
-1.42072
19.1447
7.32825
-11.2357
-19.7594
-27.5697
12.6544
10.9287
-20.6918
-6.63086
-6.59123
-1.54765
-14.5063
10.5578
0.118844
9.19124
3.73268
-12.9909
30.4299
-2.95213
-4.99642
27.711
-10.3069
11.7387
15.4976
18.0903
-25.3914
25.6541
15.636
27.8809
-23.7484
-3.62139
10.6139
22.6356
-8.74056
6.8473
-11.7104
-13.0104
-5.36603
-6.56286
-0.407597
7.12738
-9.89263
8.85624
22.2766
9.44905
-10.6578
25.8906
-2.03363
1.57624
0.585727
-9.67746
8.7658
15.4221
-32.5682
-8.4254
-14.7685
10.0315
4.82019
-16.4727
7.22983
17.5604
8.17379
-24.5306
-10.4001
-33.2418
0.934846
16.205
-25.5111
-17.9853
14.9721
1.15449
6.19205
-36.2443
7.57999
-7.49349
-6.56442
16.0644
14.0937
-40.0028
0.280251
-18.2216
25.6667
-5.88993
-15.2821
-9.00886
-21.2439
-18.9351
-7.08661
-22.1698
-21.6556
-2.16131
3.96933
-4.48144
-28.545
-18.8011
8.33122
1.21051
-4.68959
-10.0149
4.831
-32.1845
13.5476
-1.19144
-6.79446
-13.7631
8.21357
-20.9714
-23.1933
-20.5684
-5.78906
-8.84406
24.001
-14.0128
-9.90574
-19.735
0.3018
-11.3847
-16.035
-11.2325
6.51108
-3.92501
-0.0292457
-17.9748
-6.08128
-5.5114
-11.888
-12.1324
-6.6371
-14.7999
6.26451
1.45976
-5.90261
-24.1639
-8.39329
-12.158
0.909827
26.3253
16.1511
16.7665
-13.2701
-7.67115
10.0215
-32.6478
-13.0648
-6.50156
-4.39039
14.0057
0.500689
-2.41023
-3.14527
-4.84398
1.26392
-11.7593
35.9994
2.95197
-8.37152
-25.6979
-2.54237
-6.14214
-6.37364
14.1756
-8.90764
-12.6181
19.3326
-24.1928
10.0045
-33.7266
3.71679
25.386
2.71538
4.65404
23.2335
-7.39195
8.33306
13.0857
-6.03481
7.3904
6.77061
14.048
7.1953
-35.5232
-2.74102
23.5886
0.702396
-5.63134
-15.9891
2.73933
-25.6104
5.475
2.29701
-5.96019
3.57847
-17.1873
-10.2874
7.00215
-4.01099
31.1267
-6.18021
0.910866
3.7468
-26.448
15.2297
-13.006
7.62718
9.01362
-25.4811
9.08647
21.4175
20.6345
25.0208
11.8619
-21.695
-5.27613
29.1603
9.9292
10.5256
-3.84619
-3.01378
-13.3168
0.839729
37.9854
-6.59196
4.2108
-11.5029
15.8807
-7.1242
17.0892
-20.1298
-1.21329
15.6264
-7.15581
-16.7325
36.5928
9.42421
10.5595
-8.22046
8.10266
11.5614
-7.10626
2.86771
29.4523
-14.5524
16.8103
-14.4006
-8.70954
-22.9494
-21.6621
12.5993
3.47627
10.3914
15.5499
0.819259
25.1033
-15.3674
4.95091
16.5562
-19.4198
10.7494
18.2349
43.3318
7.41022
-18.0926
13.2043
9.61954
2.06069
-0.287498
27.3058
-16.0551
4.39598
1.22106
14.0961
2.76038
-1.64904
7.84152
6.04618
-1.67333
-9.15669
22.8371
-29.3489
-27.806
3.47232
21.7828
19.5578
9.11366
-18.57
-0.357849
0.443122
-22.5195
19.9463
-8.34485
-16.2234
11.9558
-9.94101
20.3575
21.5335
-7.16306
2.09067
44.2392
-18.8118
-1.81456
-4.96636
-15.0354
0.118417
-7.09458
-7.46764
-4.10278
13.3618
8.12163
11.5948
-8.87811
-16.1277
-1.36136
-16.4658
8.22824
-1.92079
10.1576
10.7175
6.72005
8.99417
2.20533
-11.648
-15.816
5.48637
9.11372
14.9365
18.2691
-9.13183
21.0237
-4.18377
-8.46428
9.12936
-2.05214
-2.86143
0.629008
-0.794079
9.47591
-21.1844
-12.2066
4.94968
15.6026
1.38308
-2.41283
-49.8033
-9.62743
7.04069
22.2081
-12.9102
-12.029
14.0116
-0.341197
-1.97179
11.1544
8.55888
11.544
7.53363
16.4636
9.16405
-2.53354
-29.7772
-5.49113
-20.4492
7.259
-7.30489
11.5396
-9.37522
-5.62985
42.7621
-4.55255
19.6825
-13.278
-7.67107
-8.42735
13.5663
-3.34894
26.9015
-22.739
5.28465
-25.1312
22.0693
20.2149
20.1213
7.88889
-24.6863
2.81459
17.2973
16.4697
-4.66309
8.5395
15.1115
32.3174
35.2167
10.5369
17.5391
21.1827
3.42437
12.5601
-11.5342
-1.35372
7.34759
6.03375
-12.8162
-7.41343
20.6463
37.1083
12.8894
-26.5237
-5.09166
0.579333
-7.39471
-2.33583
1.83983
29.7499
37.7589
-0.987698
-1.47577
35.7899
2.65588
3.12869
24.0475
-4.05054
-26.5318
0.831129
1.31146
-9.59073
7.50511
-8.09936
13.0941
-5.84068
18.6653
15.5148
16.9923
31.0723
-16.8837
13.6716
-8.66282
10.1225
8.28642
20.8247
18.7941
14.5231
-18.5795
-0.761396
-15.7479
7.62831
11.2012
-14.7547
-19.4745
-21.7528
12.0695
13.2194
-20.4742
-0.257711
9.17543
20.9556
1.77903
4.93795
16.0866
15.9099
-12.677
28.7738
6.3395
-33.5372
10.9361
-5.50183
-8.39825
-6.68726
-9.38406
-27.0557
16.7869
30.1153
21.2467
16.9029
-26.7974
-15.8715
0.957146
-3.87647
-4.29099
14.1159
-32.8796
3.09345
8.51827
5.10907
-8.48341
27.9636
-21.6393
21.6549
-4.5542
6.12321
-5.24059
-1.2661
1.4477
-12.2572
-14.5283
12.6207
18.5215
-5.36659
-6.54745
-16.0156
17.0353
10.3801
-12.9481
9.426
4.02841
-15.1411
-23.6773
13.0205
-11.2975
1.97057
-5.93584
26.0121
18.1609
11.6416
2.53039
10.5093
9.4751
-39.3238
2.66017
0.998713
17.9443
4.11122
1.45022
13.0014
15.8157
24.9211
-18.3904
15.1172
40.3339
-0.904021
6.93905
2.35873
7.94174
-2.12719
26.3587
24.0087
40.0239
12.1395
12.1691
30.9601
10.0189
-11.465
-22.2941
6.17006
15.3063
14.5136
-27.7982
-7.63611
11.3546
-15.7772
-21.4506
-16.5931
-14.6021
3.79971
-1.36556
-12.2575
-12.8054
-8.2447
28.0946
9.57644
-11.6246
2.02416
15.4546
23.2644
-1.43356
14.1641
4.61108
-48.122
18.6919
-7.75756
-29.4311
-3.02009
-12.9812
1.82139
-14.291
-13.7263
20.6545
7.40217
11.3647
5.15769
6.92276
-2.73144
-20.6057
-2.12226
13.5912
2.40813
-16.8868
-12.3896
20.1919
4.17933
23.3799
-2.04937
-3.80205
-4.26083
-3.58228
-5.23657
-6.2893
1.55672
15.5873
17.3762
-8.7993
-8.65236
9.97798
6.27724
0.451351
-10.2317
12.7436
2.31083
1.93678
9.05091
-28.3543
-5.31491
11.4399
3.08004
3.83579
18.4965
15.1275
25.1943
5.41699
3.46881
5.54881
-17.8415
23.3759
20.9538
-0.340881
9.73836
-43.8738
9.46381
-14.741
25.5368
-11.6475
26.0681
2.1963
13.2533
3.94666
23.8515
-12.0715
-27.9783
5.67201
15.6858
-14.7954
-42.5092
2.0442
-4.4371
41.3534
-5.46483
-20.1213
13.4729
16.463
0.457269
-23.0076
7.31975
7.91006
2.4112
0.528264
4.51187
-21.1928
10.7086
-4.19857
32.7749
-22.7365
2.18572
18.0193
20.2873
9.10793
17.4445
17.5615
5.42424
3.98251
-19.8058
-5.16243
6.46967
-40.1421
3.98217
-15.8241
-30.4263
-3.57095
-12.2036
-13.2281
-12.0574
7.81351
3.08195
-7.26751
2.8312
1.15396
-1.06536
-6.2839
8.29519
-7.64719
8.93198
17.5159
12.3411
8.67774
-3.53732
8.91181
37.6137
17.7192
8.95648
24.9633
-15.7656
38.448
14.9324
-31.5106
-10.0874
15.0611
-4.51813
5.67268
16.6126
10.3109
-32.9589
-1.80609
-6.73217
-8.28111
10.6581
6.81295
-13.3042
14.9157
3.20789
5.13254
2.60118
1.49488
-7.44803
-26.3007
35.9943
-10.5217
-19.497
9.91372
9.32338
11.8134
-11.8164
-14.6047
7.719
6.65146
-16.7876
-28.3601
13.0542
-14.4067
12.9964
32.4707
4.98177
-11.6806
14.7032
25.0733
20.5132
16.846
-2.97942
15.087
-7.07475
-27.4317
-5.99561
8.42731
-9.85236
-6.8598
19.5714
-11.4085
-26.8735
-22.5032
32.6532
-27.5928
-20.3312
21.8472
8.40715
-17.3431
25.9243
3.137
1.83459
11.7707
-10.9878
5.35814
-34.2845
-15.4075
12.4127
17.235
4.06687
5.02589
12.5163
11.4051
-18.4049
-7.01427
9.95729
-29.9663
21.2862
-29.678
13.1602
5.39727
24.376
-27.4713
9.56811
1.60757
1.16935
-29.0895
5.42937
-32.8382
-6.99614
28.7291
14.7705
-18.0329
12.9591
-26.8577
0.553781
-22.6076
3.18238
-4.55572
-16.8866
5.36325
16.4
-11.4171
-30.6807
20.5148
25.8796
27.4039
-4.23777
8.2902
-1.61003
-12.6421
19.613
7.01506
-3.70523
-0.591927
-22.2081
1.6565
-22.6519
12.2311
-2.53693
-5.75732
11.0049
-3.58287
13.5448
12.2511
5.09981
-20.8017
31.6287
9.90931
3.1845
22.3061
0.427474
3.79159
-4.01925
26.595
41.0656
5.09867
13.8659
13.3711
22.3799
0.653365
0.354078
-1.43023
-10.2112
0.544414
19.7582
25.5408
14.1941
-3.73091
-0.48515
1.95217
-23.3044
-11.9168
12.9782
-39.2842
-14.5797
-5.37757
13.4328
15.4064
-11.0019
-16.496
11.4817
-11.4349
15.7614
-3.55745
14.4855
4.61334
-19.2613
4.43809
-12.1225
10.8254
14.5171
0.930935
-43.3481
9.99077
10.981
21.5258
16.4591
33.0699
11.1687
0.196951
-1.76626
4.99959
42.6811
-5.58101
-6.22966
-4.38211
8.88788
-4.45926
-27.4962
-21.7605
-18.4724
4.83939
7.85976
-19.9066
-18.1952
7.25346
-3.00777
-15.896
10.8144
9.60069
-1.03896
-7.13031
-3.37108
20.8926
4.25455
15.0651
-12.0452
-17.6871
-4.38088
-6.27803
14.6628
39.2793
11.8042
-17.0598
-15.8294
25.9257
-9.89643
-6.29923
23.8273
19.6403
17.2471
-13.259
-23.5546
-11.9882
-5.77961
-25.6303
-9.4575
20.2094
-5.54783
14.1559
0.15367
8.55562
13.1035
-19.6202
19.4263
4.05593
9.57285
-34.7256
13.4511
2.94449
-30.1711
1.04994
12.6954
-11.2621
-0.562066
29.9379
5.83138
-12.5667
39.5558
15.6661
0.183537
-3.21259
24.2519
-37.0605
-11.8261
0.720804
-3.53387
9.05073
3.53428
25.7249
-17.4237
2.24485
-17.9147
1.1235
24.2432
-45.8833
-9.82021
-11.6659
-7.24493
-12.9144
9.00902
-0.82381
5.20377
-38.1239
-21.2057
21.6212
12.5226
23.2816
-10.9105
13.0756
10.1578
-14.5862
-2.02166
20.7892
-1.17914
-2.1529
-2.60145
9.90881
20.4076
8.2278
8.14264
32.7159
1.72783
31.4707
-7.68322
-2.21691
16.3981
0.76067
2.56761
-20.0497
6.52307
33.4901
-16.18
-4.16393
-7.82913
-0.596839
-42.4064
5.16639
11.3906
-4.66327
10.3638
-16.1492
-5.22766
23.6711
-16.473
-3.52312
0.54885
25.9739
-0.775408
11.1063
0.510519
-10.5162
-7.9089
19.2263
6.75662
10.373
8.28095
-7.81998
-20.7523
14.4813
-8.8258
1.81249
3.31145
6.28709
0.459599
-15.6193
19.493
-4.75782
3.89481
10.1959
-0.670615
-12.0332
16.837
-11.5816
-16.4119
-15.9694
14.958
-28.0753
3.13767
-6.5938
-19.288
-0.547907
-12.9002
-1.48663
9.12532
21.9007
8.58976
6.86931
-12.3204
-2.25526
25.4055
18.3593
7.88763
-21.3127
1.62162
-23.5478
-10.8485
-9.38395
5.58961
-23.0621
-15.3091
21.6189
20.5062
-20.3063
0.58645
7.49967
-15.0639
-4.17305
-0.439502
-29.6479
7.7115
-8.34036
10.5084
23.0539
20.22
-14.6179
3.23983
-0.986142
-4.96429
1.34126
1.84768
11.1084
-0.0878455
-2.12067
-8.30383
-6.58084
1.19959
-12.1432
31.0147
11.0044
-12.4704
-16.5015
-2.07286
-8.15593
25.0648
-2.28755
6.27226
-10.3469
-10.2847
4.94877
-21.1625
2.9747
-23.9681
7.74394
-24.6077
-15.097
-0.776831
15.8257
-24.0522
11.4872
-15.8409
7.94464
5.27793
0.88986
8.15041
-27.5224
-22.358
6.963
12.135
23.402
-4.83594
-5.08755
15.6644
11.7343
3.61199
23.0319
-12.1094
7.5404
16.2457
-9.69216
-19.6976
-5.21403
-22.3998
1.88439
18.1116
-5.60951
10.0973
-6.79126
6.11616
-3.73335
-21.3877
-9.14891
11.739
-10.8154
0.301513
1.15402
-30.0429
-39.5219
-31.8227
-23.5296
11.426
14.629
-21.5239
-27.5885
-25.0209
17.7728
-18.7898
-27.6794
-37.871
0.684164
15.1622
-4.56228
5.76451
-8.84855
1.68785
-26.8478
-48.9015
23.4751
-14.2372
18.8541
-14.6166
1.20023
3.64468
6.60828
-8.6091
-15.1594
-31.6215
-25.0627
-24.8448
-6.78739
-10.6642
-2.11861
-1.86249
-4.06401
1.02466
-17.8753
-5.58858
-9.73429
17.749
38.0929
17.3925
5.90112
-5.54725
4.98257
-12.5774
-5.49996
17.7635
10.414
1.04593
12.0058
11.7838
-19.4915
-8.11445
-8.77095
17.1219
22.7186
-11.6641
-12.0715
6.3906
-14.8729
-10.337
-27.1111
8.72941
6.94464
-5.10073
-17.1998
-11.6128
-0.824853
4.06043
25.7719
0.24332
7.03621
9.57333
-12.4503
31.1455
6.09042
-21.1267
22.2496
-9.94747
-1.74174
2.70859
12.9876
-2.73625
7.72352
11.6581
-6.89662
-6.79512
19.1051
-15.9359
-7.08137
6.00772
13.2551
14.9885
5.18761
0.343364
-1.53195
29.2718
20.4942
8.59711
1.30077
9.47488
21.3602
31.6381
-16.7215
-8.80399
-8.26141
6.01875
15.0775
-1.18241
-33.8918
14.4058
-16.003
3.27115
-19.8164
-12.7148
14.7531
-12.6989
-16.127
-11.6523
5.48528
-18.4175
7.48053
-4.59881
11.9616
-6.12008
8.20762
36.7036
-23.2223
14.4879
6.85194
-23.2848
-7.5897
-10.8689
23.1477
-2.143
-26.2457
9.36066
-5.76194
-14.3148
14.2852
-21.8767
-12.652
12.9647
10.7716
-15.7064
-16.9185
7.42028
5.3437
-18.3708
-2.06529
-5.85629
16.0591
2.26972
11.325
4.55054
5.33893
11.3228
19.2931
34.4963
-29.6532
9.13926
-7.70001
13.0302
18.0949
-23.708
9.85127
-6.07705
7.1713
-11.9791
-34.3383
9.83141
-4.71792
-0.668091
-19.6426
-19.7846
17.4107
13.3557
18.2291
-8.06572
-16.2581
-13.9742
-15.7874
6.89959
6.24342
22.4814
-8.60161
24.0684
2.33418
11.2557
-14.5585
-17.8563
-53.4749
0.84082
31.9094
-15.1537
9.15215
17.8864
17.342
-22.6271
-7.42337
-6.60615
17.3106
4.66244
18.4596
-3.89022
-26.117
8.63128
21.8193
-30.9734
-6.78604
17.8255
11.2809
-4.83517
-32.3564
-20.0341
3.41465
-26.2486
-19.086
-9.9806
-21.0109
3.06462
3.80643
8.47776
-3.94197
-39.7111
-19.6292
-22.4436
10.1588
9.28255
1.74863
-8.07804
1.97301
-4.46991
-4.79787
-32.6153
-12.4348
-5.84136
-3.66555
-3.92292
-5.87677
11.2516
-6.89623
-16.7554
35.3781
-5.20016
-16.2699
-1.52695
-2.54525
-5.57537
-3.82015
5.8774
20.9527
-7.09663
-18.1848
-16.5243
36.7266
-7.28222
-0.528011
14.4589
12.9708
-8.24705
-5.91582
-6.30147
-24.2321
24.8096
-10.6722
-7.65755
-14.6005
-8.02804
-26.5219
4.64211
-0.917305
-2.76349
11.9868
0.70177
-3.21579
-14.3409
4.71901
22.6839
-12.6358
-2.41077
9.06587
-28.6806
7.8259
12.73
-28.0998
-11.6115
-18.3614
-4.58805
-11.0106
11.4411
-37.4729
9.3371
5.34332
12.1753
-10.4769
0.82426
-0.431199
5.79629
10.8348
2.79476
22.6937
-2.30962
-24.8173
9.02612
-10.3146
18.3396
-9.40446
-13.8909
-2.64783
-11.8897
-35.0437
14.0484
-18.3357
11.8965
9.77088
-6.54319
13.5329
-1.804
-6.54349
15.6427
15.6257
8.47459
-27.7128
14.4636
-36.0807
2.26849
-20.8306
14.2977
-3.46114
-31.2087
17.7864
29.674
20.4032
14.4986
34.6877
2.82716
-4.49485
23.9871
22.348
-12.4552
-11.4472
39.5041
21.4551
11.6069
14.1839
-5.51297
-36.5691
-17.6615
-4.88155
14.1985
5.66072
2.28848
-6.85505
16.161
-3.28309
7.7309
16.1003
22.4675
1.68751
-13.1623
-21.6733
21.0385
7.15094
3.61458
-25.1934
-1.06662
10.6536
-1.73454
18.1861
12.9781
1.1238
-8.52891
14.71
24.9702
-14.1739
2.17901
17.5894
19.9867
-18.7868
-0.0815969
-6.03709
-14.2265
-7.96089
-8.94954
-6.09787
7.7395
5.32411
12.3641
11.1586
16.5797
-5.88592
13.0849
-22.9412
3.69736
7.69916
0.661818
2.09605
2.84647
0.642262
11.3646
-22.0878
-26.333
-13.4974
10.5532
11.3106
21.0422
-6.71389
9.51235
4.27882
-21.1409
6.18258
18.5454
3.47265
19.6167
6.67538
-19.3041
-11.2125
21.3755
22.0504
22.2642
-7.07399
8.22281
-5.36245
8.88263
16.6389
16.8874
-9.89412
-4.24172
-15.9402
-23.0947
-21.9957
5.42403
-14.0786
16.7158
5.54774
-4.86061
7.28969
-7.03156
10.6628
-2.07234
22.8673
3.67471
18.315
2.84852
7.43084
0.302152
21.555
-17.818
-22.3537
-3.07215
11.2172
0.951728
-8.94597
-3.63458
17.9004
-14.7137
13.1678
10.8688
-10.3475
1.91972
10.6565
-3.39701
-13.0126
2.36024
-19.9018
8.42699
16.158
4.14529
-9.10085
-24.1874
14.2078
3.49228
-29.3736
22.1761
15.0316
12.6194
2.19555
18.9662
-5.7535
-15.6633
31.5162
-0.332351
8.08925
-3.14691
-14.4032
-7.67491
-16.8932
-5.6732
26.336
18.967
17.7927
20.8996
13.4412
27.7462
17.0965
14.4919
-8.2483
8.82026
-26.69
20.4228
-1.24628
2.43658
15.7806
-11.07
39.2538
5.0578
19.4939
-11.5458
-2.84317
17.4933
-3.4034
6.67484
5.96093
2.19416
23.8019
18.3648
3.43156
-0.438807
5.21412
21.0202
5.61362
-1.60683
4.43036
22.4334
2.26811
-25.4501
-6.47739
4.64225
-4.05101
-13.1647
4.40221
25.5911
8.91767
24.8231
28.3286
-9.25655
-6.94302
-0.965318
-31.9528
5.57347
-22.8351
1.9142
20.1851
6.42863
-16.8804
-29.1495
-11.1175
-22.1786
7.73812
17.6039
6.7593
4.17093
-3.51122
16.7132
25.5436
-12.2285
5.36153
24.0366
5.01649
24.4985
0.487695
34.425
12.0054
-16.7827
-6.81548
-7.50805
16.4674
20.0625
17.8142
17.3772
17.0777
13.1845
26.8357
-1.43608
-30.1914
9.89191
13.568
-13.5479
-24.8255
-0.587091
20.4647
-13.318
16.6704
-19.2264
-6.33295
7.48129
-11.4431
-28.6652
-39.2654
-1.79353
13.1351
-8.74329
15.4366
-15.2206
-0.0715917
18.4796
-11.5084
-6.40494
-3.26064
-3.22827
-9.91668
14.8161
1.27523
-41.7118
22.9104
7.8618
-18.3389
-2.33084
-9.23845
41.4417
-2.77816
-10.4556
21.4683
16.7096
-23.142
-13.4388
22.3136
33.9059
-0.99836
-11.7493
-6.83607
-5.23763
1.88008
0.129742
-18.1678
-0.417482
-13.2096
15.4819
17.2413
9.57448
5.54714
-29.5049
14.0141
-4.84378
16.1871
18.1204
1.79016
-1.76201
-27.8461
8.53495
0.338472
22.7558
-32.3441
-12.625
-0.808892
2.84489
-12.295
-12.6383
23.9892
12.4686
-22.8342
-13.1983
-2.54903
7.72236
4.77161
18.0138
-3.01553
16.0884
29.1787
-22.6684
6.73418
-1.52252
-26.1165
-11.0437
-22.0998
-8.46985
16.7104
-8.82431
-5.46512
-20.299
24.2998
-15.6513
-13.0996
-0.0333327
12.0187
0.313235
-2.01557
-30.4322
-8.41041
-0.694406
5.83497
1.48373
-6.41929
3.44901
13.2765
-13.1433
32.2313
5.27886
20.3373
9.47741
36.3869
-0.580371
-8.05834
-0.368023
32.7493
-7.17253
-27.3583
15.2541
0.0390574
35.2945
28.8748
-16.7376
2.36038
-20.9945
4.78889
-9.62945
-21.4543
18.2948
-27.4823
-3.32711
5.9382
14.0965
-12.6276
-5.88033
10.8553
11.1572
18.7291
18.1528
2.26696
3.89351
4.90214
15.2842
-19.691
-12.5479
-9.0894
6.05759
8.23876
4.87225
20.7186
-1.69207
-16.5522
19.6076
-9.75647
-1.70186
-12.6918
1.98017
-30.5961
-4.02612
20.9225
-14.7483
22.5331
-19.0322
5.34997
0.474127
-13.1592
-16.2816
-11.5249
-16.0081
5.00247
-43.0516
-24.6986
15.9482
16.289
-0.631718
-6.80653
7.60086
17.7682
-31.7322
-1.99513
13.2808
0.884048
-10.1691
-4.90937
-1.69119
-34.5432
8.60908
-15.332
-0.147413
-11.5723
-2.78169
-0.545523
-5.35227
-11.2036
-3.89541
-18.5012
8.90248
16.3755
-8.25856
14.5271
-31.8361
15.1016
-18.2739
-0.981264
1.29864
12.6173
-4.30545
7.91349
-9.86392
9.89426
9.25562
10.4811
-1.15002
16.1137
-9.6079
-17.9372
-8.97949
19.2333
-12.2065
7.23245
27.4755
-15.9655
-2.16013
4.25928
-3.0035
5.54858
2.54226
-0.131793
-1.72036
12.7056
-6.32193
14.0798
5.16047
8.06564
-28.9392
-25.9234
-31.3474
3.85972
-9.40195
-3.8053
7.37819
-25.3853
-8.64416
-13.3495
-16.8984
5.14831
-4.98946
4.05259
-28.307
-13.1658
-17.7159
3.66377
15.9367
-7.97242
0.112593
18.8578
-12.8476
-9.84849
11.2842
2.60979
-22.1506
-9.78573
9.49013
-4.09067
-7.28576
5.83595
-2.63874
4.54162
-24.2472
14.03
10.7488
19.0449
5.46963
7.00748
-11.9064
-5.87203
-20.7942
-18.9942
-7.76866
0.550108
-1.15832
-19.1142
-12.6373
-9.61778
6.05494
12.4434
3.92737
-7.77518
10.2333
-13.8063
-2.07696
8.10001
-19.085
-2.59948
3.05712
4.89502
2.69978
-11.9768
5.24523
7.02959
-1.75695
15.014
1.06154
15.1147
15.5858
10.8712
8.7846
-11.8698
-38.1091
1.87031
10.459
1.61819
-4.08396
11.2746
12.3003
12.8635
-27.5716
-12.2458
13.8099
-14.8562
10.0932
-10.4543
30.6949
9.10348
-5.80002
24.2385
-5.28786
-10.1593
15.9967
2.43867
16.9473
6.38244
5.59234
0.324081
11.2805
8.05621
-12.4052
6.28969
1.02918
-4.22183
-31.9
5.11934
12.6673
-15.4222
20.3764
-8.40139
-23.9064
-3.23506
-38.606
-26.8802
-16.7524
14.7596
-1.958
-22.6238
13.1503
-7.14411
30.0108
11.6582
9.01886
-18.176
1.75226
14.1487
23.8181
-20.6555
-6.42226
-17.8212
-8.38206
-9.4965
-2.93532
16.714
13.4825
-1.45499
-13.0097
-19.2608
4.58434
38.6486
-6.63025
0.850377
-5.83037
11.1038
23.0164
7.68435
-15.2376
-17.715
-20.3741
-14.3466
-7.2893
-8.30681
25.5367
-9.01714
12.2911
-29.9734
9.47571
17.8264
-4.59216
12.3886
-14.5992
14.9339
-42.1491
-1.70474
7.25793
-18.7093
3.03418
12.4114
4.75948
24.5789
-9.24015
-12.3134
10.4667
-4.8872
2.65923
-6.82883
13.0749
7.50216
-10.3068
3.40851
-4.64261
26.9513
-5.65727
-3.07594
-3.91912
-4.30496
4.45506
-30.0949
-26.6205
2.26985
-1.11326
32.0489
-18.7109
17.875
-20.0536
6.4406
28.2644
10.9995
19.8555
11.3823
-21.4129
14.2628
-3.72263
22.8771
-19.3876
22.2702
-7.18869
8.43063
31.4919
3.00416
-33.9964
-19.7342
-13.4853
3.41978
5.18952
-10.5763
-6.95163
1.14271
13.7665
8.20287
-6.07312
-17.7021
9.16357
5.37477
-15.2872
-18.8432
16.3363
-3.12986
26.0571
-12.8408
-1.87186
-6.32562
-3.42794
-34.0887
-12.1557
14.0906
-18.4431
8.52938
-14.6076
1.57316
-10.4769
-5.78705
13.9828
-30.946
-17.5318
6.5461
-12.8642
-0.825881
11.8002
-23.1217
0.65479
40.1336
-3.83375
-22.1903
-2.68124
1.41051
-4.13603
-5.90701
-32.6336
-6.57484
17.2099
-23.4062
-4.3611
23.5762
3.47698
-26.1234
-24.2998
-5.26513
8.49946
-14.5538
-3.23084
-25.9786
9.05104
-0.805322
-12.3652
26.4974
-16.0708
27.19
14.5853
21.0407
8.53761
-15.7924
10.5298
14.9479
-1.15564
-27.5926
-23.4383
-17.8875
7.50691
-13.1131
1.67314
-14.0787
-29.4919
3.73244
-20.1514
8.69041
6.3777
-12.8367
-6.83955
-30.0657
13.5104
-26.902
31.8457
-15.2708
13.5582
14.3921
-13.8137
-7.62394
-3.55724
-40.9566
6.10126
-18.3591
54.708
-1.27045
-5.21228
-11.4159
4.97411
-12.3487
-22.713
-0.253725
-8.20713
23.7687
-25.2588
13.7144
-11.9237
27.5063
-9.50927
-12.1833
-0.738896
-6.716
-14.0505
26.3816
-4.34058
6.28955
-3.78581
12.2435
21.8663
-12.2284
-2.73442
-1.31464
0.782657
22.7824
10.1138
-31.0571
4.21222
2.54438
-16.9193
-8.51298
-16.6194
-13.8806
4.59948
24.1638
-3.18002
-2.38702
-15.8367
5.6146
-38.208
7.1573
12.0475
-1.14848
15.438
-21.2976
7.20669
19.3697
-13.6219
-9.31771
-24.1292
9.02956
-18.5397
-10.1304
-13.7885
-5.63996
-4.0092
2.72254
-13.4742
-4.41952
-21.3845
-1.02274
-9.05767
8.10108
-17.4419
-3.30897
22.4041
10.5303
5.21022
-4.47603
27.2669
-6.9035
-3.61445
2.17894
-6.60095
-16.6985
-2.22684
-10.8125
-19.3562
27.5479
13.3068
16.1483
-11.5126
-17.792
-13.8139
-0.197438
2.74369
18.1588
23.2607
15.7183
-6.26436
16.0835
-10.0205
-5.23727
20.5149
15.6865
-29.9155
-18.4334
-21.3295
-16.3159
-2.06616
13.7932
-14.7632
6.1088
17.3791
-20.2133
-4.83626
-12.1378
-23.6362
-62.2949
-11.5306
14.9521
21.4834
-11.4301
-12.6823
4.53638
-19.36
-1.41807
-27.0584
29.9315
-14.1849
4.76473
-23.9347
-29.8735
-14.8252
4.19015
21.0388
6.7305
-14.6339
-7.20416
-24.6015
10.4988
-5.6781
-4.20077
21.1678
5.27411
10.667
-19.9968
12.8892
-11.2284
3.73578
-14.9252
-21.2734
-1.53272
15.5034
-13.9535
33.1358
5.9731
19.8073
-15.225
-0.0122533
5.07525
5.34751
-26.4929
24.7658
21.922
14.1342
4.66379
-9.52885
-8.22586
3.31922
-7.29273
-3.31967
34.8022
10.757
4.06905
-9.40204
-1.2179
-11.5135
4.43569
17.9587
35.7865
21.0295
-5.66616
-5.35553
12.9172
-5.07716
8.66047
11.9069
14.5735
9.74915
3.82047
10.246
-9.91824
14.6561
17.8815
4.97668
19.5069
-25.5935
6.69903
-14.9495
-3.66123
29.3087
-8.76916
-12.4953
-16.3028
-12.1849
-15.7618
45.5652
15.6457
-4.10191
-25.0759
-3.99825
3.22545
2.33392
9.58166
10.6747
4.16522
2.01544
-5.93326
3.09777
-26.9928
-30.1624
14.9579
2.85852
-21.2204
7.79954
-0.807344
13.1362
8.00601
-6.3737
16.2786
6.44799
-11.6487
12.9358
-6.00173
13.343
17.2777
10.9639
-45.523
-2.91948
-2.82695
17.3998
6.0881
-6.20243
-9.94516
4.72057
-5.48532
5.60022
-12.2601
5.14659
7.72107
25.1688
-20.5238
-0.797024
-24.8662
28.7698
-5.22141
4.09846
16.098
14.1294
28.9002
-28.2312
8.06697
-7.51763
25.4585
-3.92386
-10.1834
-12.6699
15.1612
-8.86551
-2.62489
-5.25148
-1.27832
-7.00349
-11.7961
11.5386
-0.468863
-5.99468
-28.1654
-20.4361
-7.23226
1.24241
-1.74507
16.6272
-4.58984
-28.754
15.0606
-4.37474
-24.0413
25.5456
-9.25997
-5.84424
-24.2636
1.08401
-4.47461
-29.682
-7.88691
5.16158
14.838
14.5381
-11.3004
5.20067
6.28678
23.7162
25.8033
-6.9601
11.2558
-55.2052
-33.9562
-14.6402
3.0427
1.69755
-0.768573
2.33351
12.9604
17.948
0.510662
18.9723
12.5905
6.11252
15.2203
-21.7424
6.3387
3.3781
-14.7927
17.8633
24.2345
-3.23684
10.0538
-1.26074
-8.66399
1.21487
-15.4253
-2.65318
-1.88506
-3.47356
-17.4979
-6.84655
-21.2242
-6.36846
14.5342
15.6582
6.83831
17.2158
-6.91238
-0.0104246
-13.2856
-7.66482
-16.6313
8.39639
11.6346
10.4777
22.9856
7.99026
-15.8015
11.2656
21.3037
28.0408
21.5304
0.109687
1.42638
-6.49937
5.26442
-35.6779
-9.26777
1.95203
5.26637
-23.6987
1.94684
-7.98575
-23.5112
-24.2146
3.79284
-15.7833
-18.2594
16.892
2.23199
-10.0408
-20.2446
-13.923
8.92033
-2.53213
-8.44884
-26.0452
14.9847
-7.72335
-0.187419
10.0381
11.5099
-18.7689
-2.32845
16.3351
8.45684
-0.0284238
-3.72151
-30.3946
-10.0475
-6.37063
-1.82474
17.5569
-13.9599
-15.4746
-5.56769
-23.5256
-7.19408
0.495805
6.021
-7.80027
12.747
8.40543
2.25549
-15.8398
-25.4502
10.7522
7.7261
17.8169
2.6828
-33.6823
33.0308
-7.51439
-3.07399
4.2359
12.5485
21.6779
14.527
13.095
13.0595
6.72993
-27.679
-25.9073
-18.1503
13.1969
2.55453
4.93644
-26.5836
-0.0141854
1.14118
-3.11636
1.97234
-1.32507
-19.1929
2.43839
-41.0401
39.4752
-36.301
-20.2734
-5.52887
17.6914
-0.118849
13.7536
-9.23541
-3.24501
-14.8435
12.0878
25.6819
5.96899
22.4882
18.4966
1.12676
13.3055
-22.3034
-18.9292
0.33229
1.25401
22.5553
-3.75216
-6.52451
-1.60761
1.16557
5.19522
-5.94172
9.42257
14.9517
10.4516
-15.8005
15.4861
21.7416
8.38564
-1.94098
-5.52603
-18.4266
13.8383
-7.38343
2.78927
-11.5954
1.38844
2.76308
-24.7148
14.5964
6.23447
30.3726
8.88517
20.4296
-6.87363
-0.487772
-9.00824
-23.9892
-22.2904
8.67018
-3.30058
24.4335
-0.709215
9.01004
-8.8719
20.2513
3.03362
-20.6944
-2.6583
-33.5636
4.72806
13.3796
7.15885
-4.45095
2.88482
13.3108
-2.37103
24.4272
-4.21375
-22.174
5.02065
21.6681
-7.10576
6.99083
6.7295
-11.3121
-5.83641
-10.9161
-4.92774
28.314
9.69929
3.38363
-34.1984
6.799
8.33783
23.8718
-12.1217
5.77521
-11.7439
1.26304
14.4093
13.6776
6.91097
16.9299
19.1222
10.3387
1.01856
25.6579
28.2998
-0.903366
-3.58392
8.84922
8.94668
1.44278
28.6336
6.68102
8.54125
-8.18862
-7.1997
15.2778
1.66236
-17.9145
-5.96226
4.76284
-29.7159
-21.4413
-7.97525
8.78209
20.7583
8.82501
-23.6545
3.70582
-5.98017
6.19394
2.52696
-1.19869
-12.1135
-24.1726
2.37501
7.58835
18.785
-0.458906
-12.5147
7.94493
2.88797
15.5097
1.94011
-12.9623
7.71568
-34.016
-15.7077
-4.18153
3.59701
-10.0919
-16.2785
25.5405
6.71492
15.6939
-2.26279
19.7465
-3.66531
10.3659
-20.6397
-4.93574
12.2708
15.1566
7.85532
11.6764
3.02595
-0.675808
-12.0448
16.4406
-9.89532
25.4925
-3.10743
-6.09581
-26.106
24.7847
-10.9079
-9.16486
-1.07859
4.9337
-3.91774
-3.0713
-3.98449
-10.6621
15.6065
12.6118
32.0133
6.92103
-12.6829
28.3817
6.24877
9.96713
19.152
5.38622
3.08515
-18.845
24.7021
12.1728
17.3702
-15.0115
14.0672
10.86
24.8178
14.4787
2.90906
18.085
21.2426
7.90424
24.2721
33.5219
41.965
-22.8296
6.51093
-6.95549
37.9746
13.7273
-9.33498
12.2358
25.687
-0.574251
25.7203
6.16077
26.0842
-13.8153
-13.7787
-4.4441
13.2506
-4.06358
6.02745
7.30855
-26.8959
-46.6405
-9.9427
-15.5846
-7.71646
-13.9872
-1.08723
-22.0145
-1.176
-0.590718
5.21226
0.764877
31.1936
14.8405
20.8517
-24.7529
20.246
-21.6656
0.821715
-29.5382
-27.1175
2.38612
5.04162
-17.3611
14.4018
10.6627
-20.3781
20.0477
22.9459
-15.6416
14.6308
-11.4409
-31.6973
18.5039
-7.83354
8.91047
-21.7001
13.5005
-1.12448
-0.515886
6.50415
9.50631
-8.99846
13.8406
8.92702
3.47254
6.51097
-5.93019
-4.59548
-4.6091
22.5586
17.4518
24.3616
8.8202
-3.81336
33.5278
-1.46814
18.861
-1.06683
13.2592
9.37378
-23.8389
9.26455
-20.2905
-11.4686
7.49123
-7.35023
-0.246483
-5.21871
8.09436
-0.401032
-13.4213
-33.6272
15.9085
-0.478518
-14.7895
12.7828
3.69869
28.1868
14.8395
-17.426
-11.4105
-11.0218
-11.2108
12.7966
-14.9296
-19.945
25.6457
15.7827
23.3385
-26.3638
-16.8368
-7.27572
1.73072
-19.928
-9.29528
-11.9849
-2.46216
-15.3504
5.15179
-13.643
-13.564
-1.44513
3.71509
19.2936
14.8887
-5.04598
-40.355
34.7246
-10.2474
-1.62624
9.81444
-6.69672
22.2575
-10.8935
-7.22697
11.2261
9.02552
-5.04822
25.4703
16.0009
-27.3643
2.81052
-26.4403
13.4872
-13.8639
11.0176
41.824
-0.821458
4.05955
-3.82422
-5.48864
18.258
12.2942
-2.23648
-10.5817
-20.0325
4.11832
22.3757
-19.8607
4.5309
-10.098
8.95689
-3.22654
0.581486
-17.3751
-2.20985
-23.9491
-10.0276
7.38046
-10.0413
13.5531
-19.3122
13.3384
7.70971
-1.20715
21.3045
-4.84995
0.290322
-39.6487
-1.3654
-19.4878
-10.4201
-34.0269
21.488
16.4965
19.6948
12.7151
6.55515
2.11394
-16.9767
-14.9
15.8618
13.6365
-28.9329
22.4086
8.8534
12.8705
6.4026
-4.04815
-25.5984
-1.85385
30.3385
-8.15666
9.77864
-22.3846
-1.43242
-4.1914
-10.9413
11.1649
-16.4496
5.63772
-11.0906
4.97696
15.4695
-10.5902
0.410968
13.5303
-36.0832
29.8539
14.5107
27.7665
19.8629
15.8653
17.5618
0.891489
18.6383
19.9264
-6.71581
8.70417
-20.4563
-5.80299
-18.0845
4.40098
-45.2517
-7.75915
1.73553
11.564
12.4594
-17.0529
-23.2781
6.7238
16.2027
-14.8706
-3.85252
5.82021
-11.6457
-5.47729
-14.7026
-6.00615
17.473
-11.0412
1.87074
3.16575
28.6477
6.15164
1.31419
28.5126
18.8142
4.43948
12.5719
-6.78134
-6.60136
-7.44197
-8.75082
-1.80553
-19.3393
9.72115
-18.2926
18.9596
-28.5088
-17.5395
-20.7868
-16.271
-37.7012
1.39414
-1.22041
16.3951
23.2805
1.01908
-16.5225
-10.9141
20.2106
-0.355098
1.68882
-7.5504
9.27094
-18.7648
-3.88414
-4.7477
15.581
-0.891611
18.4589
-19.7215
-14.585
15.8503
7.21576
-18.311
0.616966
0.45898
-7.81316
0.83681
-4.9537
-12.6337
-15.3686
-0.306023
-28.2548
-13.8646
26.3688
-3.59882
17.9997
-0.480035
13.498
-19.188
-24.5147
4.44904
7.9529
17.4052
-0.630202
-3.06456
30.5916
-13.0781
20.559
-10.6854
-10.3935
-9.97968
2.80144
20.046
-11.3891
-2.33524
-0.930141
-16.2766
-14.2507
3.6409
-18.839
15.538
12.0948
8.20009
-23.1614
-20.7359
-10.2418
10.5453
-2.35643
-12.8931
-2.8042
-6.11093
-26.2663
-13.3692
-18.6841
12.0015
0.024872
11.9102
-3.76352
3.32044
18.3402
-3.02709
3.05651
17.0227
-21.1849
8.18155
10.7913
29.3784
10.6552
-25.4916
3.81974
9.49469
-27.4907
13.7887
-3.78458
-3.1877
-17.6655
-22.4691
-7.78393
23.1172
3.68608
3.12589
-5.38756
5.51157
-9.47354
-4.21697
0.242354
31.6916
12.4004
8.65561
21.8503
28.3161
-1.39313
1.54485
-2.31446
-17.8846
4.70427
11.0223
17.7189
38.8313
-2.4031
12.1622
-5.78796
-1.22996
1.13575
22.4812
11.6715
5.19668
2.72127
15.1291
-21.2061
17.5566
1.32968
24.2742
-19.3215
-5.55328
-35.9808
-14.0478
7.32374
-21.0843
-6.03693
-31.5702
3.88026
-0.220013
-0.0924784
-10.2131
-34.2556
-0.792251
-15.6438
-2.75454
2.92333
-31.9453
-15.537
-13.6033
-12.5301
7.07213
15.3912
19.5528
-5.7268
-30.4302
9.3548
27.4084
-9.05751
44.247
1.17423
2.0217
11.6683
46.3872
1.08487
-8.68413
-2.733
7.97606
-16.6166
2.37678
1.25748
-3.20557
17.5818
19.9738
6.65611
-14.8256
-13.7367
-1.23983
16.7031
-2.42986
3.46365
14.4618
6.60087
-25.2671
-16.729
30.9379
-8.0639
9.4077
26.2712
-7.01002
-15.8261
11.0632
33.633
7.05915
12.3325
0.243655
0.62572
-11.8044
13.6602
2.72939
-34.7548
-9.00557
-10.0648
0.398351
-2.31791
-4.09858
-5.46377
-2.63305
-7.39377
-1.81393
-10.2938
-11.348
11.4601
3.78672
15.5333
19.8617
18.7582
0.760626
13.7744
-35.0639
-15.7135
-11.2123
1.0782
33.1543
27.7615
-17.1751
-22.051
-5.7938
-11.0149
0.610679
-0.0298757
2.27585
-11.5671
12.7121
19.5478
28.0307
26.3302
19.9829
-8.1024
-7.97267
-10.3194
-21.3479
-9.89778
-12.9321
22.1119
17.977
-8.2777
8.28597
-11.7645
34.7247
9.69996
15.4628
2.82678
9.71401
22.9142
14.3185
-37.0173
0.21399
15.4881
-15.8909
9.89369
13.3609
0.995954
-5.16548
-1.63839
-16.7002
7.87318
11.5327
-25.6535
21.0885
-9.72756
1.26847
0.755907
-13.9028
-2.94715
1.33488
25.8997
-14.8663
-10.0277
-0.299513
17.82
12.7392
17.7841
11.3285
7.3169
-24.8291
-7.56233
24.3194
-8.61196
36.6118
-1.4623
33.6686
-1.18928
11.1648
-1.4004
13.1422
6.42059
2.56656
-0.678627
0.379693
-0.878638
-18.582
11.6531
-21.2852
-11.4922
-9.92183
-17.6192
-46.5618
-5.46358
4.90471
13.0352
13.4297
17.5993
14.9017
-15.6426
-5.45915
10.1157
0.683193
27.3674
2.60914
-6.024
-4.36001
0.376633
22.8159
25.0861
33.3548
6.51144
24.1533
13.0373
14.9494
26.1439
-14.068
-2.91862
28.1052
12.8256
-2.52466
6.1937
35.313
-0.247129
-5.83589
-2.24465
14.1354
22
21.322
6.09356
21.1347
22.3549
11.9048
11.6067
10.5486
-9.47629
10.1937
31.7447
-3.09693
-20.1055
23.3533
1.68724
-27.7406
-3.3339
2.78988
-39.2893
-1.6821
15.3086
-25.5228
3.42155
16.9713
-5.24438
30.939
-29.0983
-2.04126
3.11668
12.6424
10.1529
5.95813
-3.12686
5.18155
25.0717
-34.991
32.6276
23.1191
7.94594
5.89944
7.08783
-3.41423
15.8322
-15.3581
-11.92
1.30411
23.3664
1.14802
8.55805
31.9367
19.6108
31.6174
-21.7503
-12.9484
-20.4629
10.1109
24.0856
-3.19566
0.0263309
8.97882
-2.75398
7.69718
-2.78409
-6.00593
-16.521
2.78522
13.2666
21.9903
1.08243
-4.12489
5.74959
1.2695
-21.6435
-33.6498
-2.31758
1.59377
14.9728
6.18777
-9.07708
-10.2191
-20.3054
-2.93975
-3.69448
-19.7207
-21.2542
17.2122
25.3351
4.2462
0.065646
-3.73122
-28.4456
-7.42327
-28.0581
21.9428
10.2155
8.55867
-12.1273
13.9252
-11.3342
-14.1233
-22.0103
16.7754
-13.0001
14.4512
1.79348
-5.40662
-0.443596
-5.61873
20.0334
-13.3026
0.00967146
10.8308
-1.63914
-17.4566
3.76528
2.80559
6.82207
-7.85913
-6.53374
-1.9261
-14.8534
-1.37364
-12.265
5.23078
-17.7827
8.53258
5.65462
-22.0472
5.87749
-14.4948
-5.44553
12.6528
-0.870614
14.1803
3.01109
-18.2165
-10.6511
19.0832
-13.7413
10.0479
1.13494
-6.02051
-2.08829
2.35817
-0.501804
12.0267
1.50205
-20.5827
13.8964
24.1541
-22.0759
2.7345
-14.3364
-14.0265
6.44342
1.14274
-3.79281
-10.1994
-34.9817
-26.8703
-5.96583
7.2348
-26.4837
-15.7494
-6.62846
3.11815
-9.65912
-15.64
-16.5147
0.157991
-0.665994
24.2208
20.8698
23.5477
-22.1547
6.57815
14.8716
-4.17746
-7.91385
-31.1616
3.02969
-5.18523
17.1751
25.6793
10.1908
-8.57854
-6.99923
-22.4104
-2.33103
4.05
10.7339
-3.60953
10.7842
9.04712
-19.8925
12.5337
-2.04989
4.40729
-5.31372
23.5003
-14.2297
-10.7927
-25.0794
-18.441
37.3823
-17.96
-13.14
-6.37657
5.99293
-6.07512
-7.45286
-12.2489
21.2185
-19.9572
12.2747
-3.75584
-3.20177
8.93329
-9.49317
15.6111
27.1087
-14.4944
3.64136
14.7451
16.9344
-1.10943
34.6947
6.00442
19.9023
-20.5129
17.0913
-17.8782
-42.3299
10.5036
12.6923
15.1765
-12.5429
5.38683
-7.15148
21.4938
-17.5113
2.94291
0.580255
-21.5947
13.2308
-26.1448
0.293427
19.6854
-14.854
-3.70719
-3.8206
-25.7741
2.66783
24.5335
-20.8499
31.0116
-14.1433
-4.10902
-3.05603
-6.39977
-30.1263
-29.3896
15.3955
2.85654
1.01342
5.43304
-2.17102
2.8345
13.9922
11.5235
-22.8722
-7.36123
-25.5944
-52.3559
-7.09945
3.94115
-10.4096
16.209
-48.9342
-15.6261
-6.94092
-12.407
9.29594
20.7917
16.7047
-5.04767
-21.7755
3.14025
-6.07512
-4.49466
28.4364
2.2943
-13.503
26.3029
-6.82751
1.54091
12.5821
11.2136
17.7563
1.02369
-21.0236
2.44455
20.01
-0.682962
-0.232413
6.53417
-12.7079
-24.7979
34.9788
13.6561
19.2169
17.4132
4.8367
2.2001
5.77921
-18.1073
9.43059
-21.0503
-12.323
-30.3313
-13.2959
-10.3635
9.63282
7.92785
13.4362
0.425842
-7.71861
3.12997
26.5881
24.1739
-14.3907
-9.77772
-5.99529
6.19186
5.89145
5.91107
17.2552
10.718
-23.2106
-7.24455
4.06707
26.3856
5.24917
18.4952
-15.6078
18.6322
-4.51846
9.08602
-5.42493
11.3485
-21.847
23.6784
1.62778
-4.7609
-23.5174
4.99361
-0.767973
20.1048
-7.37665
9.9707
-13.4855
-9.14531
-8.70096
0.15202
-19.8354
7.6428
-13.6975
-13.1168
-14.9818
13.7563
5.71365
-1.78725
11.4163
1.16833
-15.8288
-14.8841
15.8711
-14.1803
12.1175
11.5286
-14.8406
-18.1062
3.45352
-30.9071
-21.0033
13.0512
-5.97323
0.357016
13.2288
-1.00323
0.700778
24.7605
-13.7701
13.7315
-13.8765
-18.7106
9.09443
2.52603
20.8215
19.498
3.95423
-16.2599
-36.49
2.91176
-39.0745
5.91672
12.3865
-13.0715
15.9601
-44.6658
-30.4007
4.66613
-18.0227
-26.9803
-1.99443
4.67742
12.2868
-6.35046
-2.027
-36.3389
7.3593
-9.09477
-10.3919
-19.5112
15.8014
-6.41696
-8.49592
28.9328
-14.2119
3.20929
10.0444
10.1767
-14.8269
3.82343
-7.78847
13.8635
-3.52222
11.1729
10.4276
9.52673
-0.52446
-15.3529
9.59574
-4.54962
34.7084
-19.2699
4.47779
2.41509
-18.3666
-1.33206
15.2981
27.9001
7.77011
-2.45719
14.8045
-18.2223
4.62077
0.758996
-11.9303
15.1493
-5.90661
3.03599
-1.52264
13.6882
9.60639
5.84254
-14.052
-13.3898
0.304561
-15.7653
-15.8622
5.3317
13.9972
8.1021
27.0828
3.20421
28.9687
-4.12502
-0.0671513
6.548
17.3335
4.8597
21.0213
24.4651
15.9603
11.6541
-3.94415
-25.3882
-22.7368
-3.16237
-7.01406
-34.1902
-16.4196
3.77593
30.442
-39.8525
12.4416
-3.46787
19.6168
26.654
3.64886
-23.207
9.10973
-3.96186
-9.05124
7.00879
24.1996
-2.36695
13.9013
15.1565
-14.937
22.0786
30.4399
17.0981
-5.16714
5.65543
2.95427
21.2964
-13.1246
-14.3629
13.6613
-14.48
-3.14937
4.57839
6.70616
28.3118
6.39726
23.0314
6.01972
5.95414
13.7105
20.455
7.84341
-15.9631
1.4577
9.08356
0.930554
-25.1476
-4.48731
16.8979
-16.8086
1.9319
-24.0563
20.5311
6.0832
17.3163
19.3687
5.20645
-4.36556
22.4723
3.01075
-22.3252
-4.08172
15.9051
2.21373
4.69452
-3.4965
-24.2619
15.1347
0.822239
9.35527
-2.15672
-37.7221
-8.6684
-4.15751
-23.9102
-16.8414
-4.4689
-15.836
-8.19896
-26.4978
11.0404
6.61043
1.10844
-2.671
9.19912
4.44783
-8.69185
-10.7148
15.5926
29.5905
33.4219
38.5
12.16
-31.8558
5.66962
16.8157
20.7711
-6.61254
4.26583
-24.0193
-11.8387
-1.18803
-15.7379
-12.2101
13.7574
-4.89182
15.1284
1.80654
-2.12655
16.6313
-12.1578
-3.8706
-9.30922
-17.1783
-19.8909
1.80063
2.45531
6.03822
32.1879
-19.8838
-2.53762
26.5574
-1.93422
20.2531
15.3675
4.36788
13.7696
-15.4008
-2.27165
-2.62518
8.93255
1.08307
6.67038
-2.04594
6.92285
15.2716
39.8993
1.83312
2.36917
-25.3344
13.4479
-12.0526
4.03931
-14.0708
12.6765
1.54277
13.4585
22.4853
24.1418
-35.427
-32.5712
25.7632
-3.3718
1.59353
2.16231
-1.76712
7.40299
16.3337
-21.4252
-22.523
16.974
9.66743
0.122263
1.18405
20.4684
25.603
0.601008
9.93969
-8.28639
-4.69192
-4.51592
21.632
31.5218
-2.91313
-5.13759
25.1762
-0.509278
23.6238
24.6269
-5.07286
6.66901
-18.8759
17.073
-19.5464
3.66376
-21.1126
-25.6729
10.7094
1.32404
-11.3536
16.4297
-11.2968
18.8889
4.03755
-6.63106
-9.23556
-9.53696
-3.40244
12.5667
-11.0888
-14.3089
-19.3054
4.24136
21.0545
8.72234
-14.4613
4.49655
12.216
-3.45461
1.13016
-10.6058
6.85793
12.3751
7.47006
-36.856
0.455499
-20.9026
14.781
-10.9013
29.2688
0.437906
5.62633
2.12178
-12.8585
2.3581
8.72217
-3.46881
2.40116
-9.30907
8.45764
-6.84481
26.9639
-6.92684
-43.0722
7.70642
3.03918
1.07053
-7.01919
-0.932493
-16.8071
-7.22933
2.88613
-7.40271
-7.72271
9.53673
20.8467
12.9233
18.5431
25.3366
-16.4683
5.07349
22.1423
-7.62623
-4.01773
22.8614
-15.2636
0.920682
-15.8964
9.33215
21.3188
-0.614776
24.0723
-4.74574
-4.63392
-1.01254
14.0011
36.2546
-2.91819
18.8212
22.7824
2.26753
3.22835
27.4554
25.9215
-1.80697
14.132
21.1418
16.0673
-9.52401
-1.23384
3.93015
6.82315
-5.56453
1.36222
-3.82272
23.062
-6.45782
-5.37253
2.44217
4.98295
7.70705
-7.58963
14.9369
2.00866
-11.7749
3.79734
9.8275
-4.91023
19.9138
33.9158
1.6901
23.6966
13.0334
19.5298
-15.4725
0.190365
4.26754
-3.85296
8.43633
26.9116
4.03617
-33.5751
14.369
-20.4796
-3.16013
8.83423
24.7717
-15.0347
-10.0792
-6.24082
-26.9421
17.1613
29.006
10.2456
-22.0794
22.2721
7.91488
-12.276
4.63599
10.8145
8.88032
7.98992
28.3721
20.5901
-3.91845
14.0547
15.0606
-3.88366
6.23319
-1.20122
11.6372
-18.0876
-6.73431
-31.1557
-25.2449
-13.5264
34.8186
12.5865
5.40674
25.4591
-9.73451
7.15664
24.7228
-1.05087
2.09414
-1.61503
-27.3252
13.6628
0.561803
0.556975
-1.80496
22.6119
22.6717
5.69548
15.8529
4.91112
-2.19859
13.5904
-31.2288
15.0134
-2.29793
11.1295
-30.4336
13.103
8.04782
2.0184
-12.6038
-28.7968
22.31
5.49067
-6.26818
11.3198
-3.85876
5.06899
-3.33283
17.6432
-3.79537
16.4002
-7.4765
35.0172
3.59038
-0.716555
-6.77885
-7.89323
5.05654
-20.4335
-20.2966
-2.45057
-29.1349
-17.4194
-8.03823
-13.6452
-15.0915
0.630444
-6.20612
5.2666
20.143
-9.32959
-6.97369
-3.45815
12.5982
4.90217
-9.59155
-3.96573
-21.8007
20.5205
3.43055
1.877
-4.57572
28.8213
-2.46776
-8.44094
-20.2844
-38.0018
-11.9486
1.93605
-8.94379
13.1125
10.7559
-10.819
12.4294
41.9463
9.91494
1.75436
14.8959
15.0344
14.8029
-5.93718
16.3063
0.714188
16.3928
1.01283
11.0454
9.00504
-38.017
14.7287
-43.2613
12.5894
-24.234
2.17107
7.44795
-24.3171
-16.9723
5.11966
17.706
27.8338
-17.8867
-29.6496
8.52439
12.2315
12.8884
-12.4319
-11.5964
1.21784
-2.76591
1.21379
4.89481
-1.76528
25.3708
-1.73803
-12.7633
9.45584
21.1918
40.9695
-8.90326
1.80704
13.2644
9.01808
-28.0857
1.71924
-13.7468
-6.50963
-8.75699
-7.22652
23.3681
-1.7392
0.560112
20.8271
0.805002
6.16218
-0.540031
29.2671
1.56509
16.6099
6.30914
37.8358
-14.8668
24.8868
3.3201
5.1511
6.88701
28.1832
6.88517
-7.55275
36.9014
18.4808
24.9991
-27.0651
2.36864
-12.3518
-1.90506
12.9827
-7.95721
7.39131
6.70409
-1.35585
8.97562
12.747
-24.9806
-2.27961
-1.35129
4.12416
-2.80881
3.48661
14.5212
-12.7018
12.7551
7.31952
8.88061
-3.31299
-19.0036
-7.30536
23.0364
-4.21638
-6.78363
-9.67977
4.05612
10.449
-25.1691
5.89821
8.43819
-17.6213
1.81785
-7.0465
-1.27642
21.7705
3.7867
-23.6035
10.3184
-4.50833
-32.8018
-18.7098
1.59731
10.742
17.8215
4.27824
9.85887
-9.54454
-7.05904
-15.6146
0.369619
6.33128
3.20949
-19.225
9.86165
4.69575
6.92314
4.73069
-2.53364
6.92843
-3.25217
25.9144
-8.51844
7.73375
-12.3584
-11.5261
-27.6616
-4.43065
-3.85606
-8.57482
19.5204
25.9011
18.5662
-12.0436
40.2147
23.7484
22.5214
18.9288
-14.3451
20.8438
-16.7174
-2.15903
-19.552
14.5344
-8.54489
-1.2942
6.15519
-4.83691
-3.24954
14.7064
27.1436
-4.71885
-26.5758
28.8077
17.6298
16.2339
-15.6513
-6.06169
-4.76565
7.03754
-20.9626
4.08126
-24.8193
-8.03858
18.823
4.53227
21.4383
-11.8249
28.2546
3.70055
11.6954
-21.8089
-3.15535
4.37754
-0.118404
0.784565
22.345
-12.8354
-10.9859
-4.24307
-4.37711
33.6835
2.72188
21.0413
3.03264
-13.02
0.604076
-19.8755
-6.48027
-6.17022
6.16126
-3.7795
23.5691
-14.1156
9.95857
0.876978
9.44644
10.7771
5.01596
0.790676
26.4284
6.20439
-5.86608
-4.64573
0.0873981
-14.3148
-4.48517
-0.302905
-5.06027
-5.93052
13.7095
-1.5717
17.7509
-3.33294
-14.0221
8.42178
-4.79081
6.52644
-9.31255
12.9227
5.12636
12.3577
17.2642
6.25048
22.304
-7.18505
8.77456
-5.60482
-13.7698
13.3178
12.3874
-8.9327
-0.369274
-8.94376
-5.11773
-1.67978
13.5419
-6.5378
11.7025
-18.867
2.07805
-13.0722
15.8089
4.79311
12.0591
-28.551
-22.3988
6.60028
6.66872
28.1796
-2.89316
26.4668
3.57445
-6.60897
-29.6205
16.7085
18.7272
14.2639
14.7102
15.1347
1.64078
-13.8867
-1.97985
1.98615
-17.9453
-4.86475
-26.9158
17.9902
2.74622
10.0277
12.1158
-4.26136
16.7565
-5.89089
-3.41845
13.5322
-31.7316
6.25924
0.314567
13.2138
30.0698
10.5327
-19.2196
-13.4558
-5.3416
-3.99294
-4.1971
12.2779
1.48965
-16.7099
9.33289
-14.7515
20.3052
39.9016
-15.5387
16.004
4.22342
13.5645
9.67759
0.372798
16.2224
2.68545
6.2989
-0.997581
13.7906
45.7336
6.50708
-9.45761
-5.47063
15.1025
-2.19577
2.14661
-22.5981
-6.58818
-15.3931
15.0845
-5.90841
16.4382
26.5216
25.172
2.60865
23.1913
8.40558
12.7758
18.1724
16.0877
8.25402
33.8155
2.03469
5.96572
-6.15555
4.35073
-16.2262
40.6291
1.91883
-16.6574
4.81774
-3.0671
12.1174
11.943
31.4138
12.3452
0.934193
28.5759
9.23075
7.59328
-0.62302
-6.78307
3.73754
1.05423
-11.2591
11.3309
-4.44666
15.2269
30.1851
-2.33399
12.7618
14.6165
29.7242
-11.0268
18.2688
10.5338
4.57926
16.6544
10.6932
9.9549
-6.06574
19.7595
-1.22712
10.1736
0.0775786
21.568
5.31814
-14.3012
10.8047
-21.8418
-28.8133
-0.67002
10.5209
18.8894
27.1528
-24.5873
-10.5378
-6.55008
37.5721
7.76074
6.53179
34.396
-12.0846
-22.9652
-1.2263
19.0307
-0.794491
-10.2407
2.85692
-8.00643
7.49099
8.94956
23.5755
-13.9964
-4.2711
-7.10774
-5.8343
15.7223
-5.57917
-4.84171
6.9507
10.4587
-7.23202
-29.1604
15.8832
20.025
-7.97831
-14.3957
36.3231
-2.80533
-0.534489
-12.239
-1.79357
-13.9372
-11.7369
-26.2553
-19.5684
-50.9886
13.8919
23.0003
-6.35322
-1.52551
-13.6471
-8.18748
-8.27049
14.0408
32.4293
20.9243
-13.7359
14.282
-22.7433
1.91967
-2.54004
-9.78359
1.49447
-4.81601
-7.59986
7.16212
18.3645
-37.5884
18.2562
-0.705683
-1.85219
37.0257
-12.891
10.7192
-5.04858
16.4505
-12.4782
2.68654
-14.6198
-11.1189
-12.9072
-20.3156
31.2387
20.0469
-4.44499
15.5874
-12.5954
2.31001
-0.627808
-3.63525
9.86119
15.6545
-9.27878
6.4854
12.3849
-13.6222
-5.51175
-25.5322
-0.0267911
-16.1335
17.1459
-23.6247
15.9159
6.32087
-8.63801
11.2438
16.689
4.01488
26.9606
-4.44817
-10.6608
-7.37597
1.96839
-3.79084
-4.26796
13.4678
-2.05252
18.6
14.7586
13.035
11.3542
-16.19
-11.3278
-18.7304
5.06874
7.58254
