1.12835
1.15785
1.27872
1.28919
1.30047
1.40969
1.48512
1.53574
1.54972
1.53216
1.47274
1.52315
1.44101
1.53743
1.43366
1.36408
1.33342
1.21308
1.23727
1.27616
1.25816
1.25739
1.30301
1.23955
1.25277
1.22702
1.1863
1.26056
1.18224
1.20695
1.22545
1.15816
1.22767
1.21615
1.25001
1.24617
1.17635
1.17721
1.17698
1.11211
1.11005
1.15364
1.1359
1.03871
1.04387
1.05841
1.09482
1.32905
1.36705
1.16776
1.20635
1.2444
1.16431
1.14487
1.13436
1.16948
1.20342
1.1958
1.1829
1.24452
1.24193
1.23707
1.23342
1.21015
1.19493
1.17654
1.13953
1.1175
1.17364
1.20204
1.11006
1.07319
0.979434
1.02779
0.950185
0.870426
0.783879
0.724411
0.744512
0.722238
0.708261
0.63942
0.604966
0.520516
0.52929
0.49282
0.548731
0.40921
0.454177
0.487091
0.598645
0.655359
0.707995
0.71025
0.657683
0.598669
0.625981
0.592917
0.667354
0.657991
0.622107
0.72714
0.785939
0.811414
0.806158
0.746241
0.778567
0.749372
0.6499
0.736907
0.754003
0.758677
0.784908
0.877121
0.837186
0.873283
0.842208
0.908647
0.872718
0.879008
0.894922
0.840997
0.84283
0.814553
0.845233
0.782974
0.802017
0.762684
0.82589
0.907972
0.950051
0.964437
1.03214
1.05577
1.03267
1.00255
1.03419
1.01575
0.946478
0.897536
0.84216
0.815329
0.89361
0.927023
0.863238
0.928352
0.860294
0.941307
0.965565
0.879087
0.976042
0.979192
0.9407
0.939604
1.04357
0.938046
0.89825
0.947683
0.918104
0.79665
0.863723
0.866843
0.80716
0.781849
0.69184
0.592722
0.55077
0.398379
0.468151
0.364093
0.525268
0.493526
0.550732
0.538271
0.536376
0.614978
0.560616
0.483543
0.494315
0.500777
0.556101
0.502148
0.538733
0.596986
0.64493
0.658419
0.684696
0.693984
0.719447
0.695857
0.673069
0.715408
0.738005
0.781884
0.847642
0.843318
0.864925
0.871142
0.905315
0.936708
0.942354
0.972747
0.903918
0.767619
0.739216
0.74359
0.689247
0.775881
0.780971
0.743145
0.704145
0.646403
0.623934
0.577125
0.675383
0.668486
0.634568
0.58142
0.589605
0.656241
0.67018
0.73707
0.720832
0.740345
0.736698
0.749078
0.731867
0.680499
0.802995
0.798557
0.771532
0.676866
0.710799
0.682824
0.683005
0.658012
0.778115
0.780773
0.779965
0.776416
0.886018
0.853639
0.891379
0.964198
0.880072
0.983526
0.967617
0.987005
0.923416
0.979302
1.01672
1.01938
0.958754
1.02787
1.11511
1.00088
1.02334
1.05683
1.10541
1.09662
1.09178
1.21891
1.23226
1.2338
1.18202
1.2566
1.25815
1.24172
1.29908
1.36453
1.23513
1.14398
1.09459
1.06769
1.10417
1.07401
1.01357
1.07096
1.1089
1.2223
1.21446
1.19227
1.19589
1.12854
1.07264
1.01709
0.966982
1.01253
0.995522
0.903048
0.904415
0.90712
0.895936
0.916508
0.900974
0.927325
1.00323
0.921608
1.03221
1.0279
