0.00500959
0.0251176
-0.0180629
-0.050919
-0.0273521
-0.0186568
0.0293696
-0.0312503
0.021032
0.0920133
0.0227408
0.00860901
0.046835
-0.021396
-0.0314641
-0.175149
-0.164723
-0.11929
-0.107289
-0.102393
-0.0953513
-0.0587115
-0.101333
-0.121475
-0.147512
-0.152283
0.00750283
0.0831159
0.0378821
0.110871
0.0874082
0.108368
0.157446
0.185745
0.165408
0.180278
0.275264
0.177481
0.109972
0.0901133
0.103221
0.138597
0.126861
0.0600807
0.00369832
0.059673
0.0357111
-0.0401669
-0.0355352
0.000101749
-0.0311231
0.0435783
0.0400509
0.0787153
0.0456469
0.0988253
0.128453
0.0456589
-0.0280751
-0.0016771
0.029404
0.111768
0.149082
0.0972725
0.0644456
0.0207884
0.140506
0.136374
0.137427
0.208418
0.1441
0.159161
0.167296
0.21845
0.291565
0.234026
0.137194
0.193199
0.173552
0.189073
0.197592
0.178514
0.253264
0.215186
0.210189
0.181505
0.144188
0.116741
0.0985094
0.102515
0.145526
0.206076
0.189005
0.163339
0.132551
0.290391
0.233535
0.215147
0.122269
0.125587
0.191855
0.168998
0.199514
0.208982
0.23791
0.164953
0.195465
0.194765
0.155966
0.241594
0.137409
0.134855
0.160109
0.226629
0.278558
0.29039
0.251093
0.256683
0.313997
0.396117
0.412864
0.446312
0.353486
0.306206
0.319381
0.353885
0.439632
0.504442
0.526896
0.435852
0.429955
0.388865
0.365597
0.399797
0.378023
0.365608
0.375609
0.40285
0.390224
0.397017
0.443158
0.445872
0.498986
0.457234
0.536514
0.463102
0.415466
0.400771
0.363487
0.356271
0.343457
0.396979
0.323473
0.333423
0.374133
0.324808
0.274128
0.261449
0.268282
0.221053
0.316635
0.27428
0.309179
0.295921
0.161037
0.22926
0.256979
0.240827
0.331289
0.298503
0.263837
0.305579
0.32904
0.235023
0.255527
0.208835
0.235648
0.247873
0.272357
0.269664
0.31375
0.435007
0.385742
0.320053
0.330993
0.325418
0.360723
0.298262
0.357112
0.364193
0.370269
0.364377
0.384624
0.428567
0.375601
0.453744
0.378976
0.392601
0.364395
0.41607
0.448399
0.535463
0.476116
0.520749
0.535291
0.459817
0.433825
0.400494
0.358568
0.331698
0.385668
0.415608
0.369704
0.422286
0.391823
0.268148
0.212437
0.241911
0.254866
0.29554
0.274841
0.357075
0.453879
0.519101
0.600761
0.599869
0.666804
0.697509
0.696266
0.709992
0.683587
0.618965
0.553228
0.537568
0.567312
0.543379
0.521095
0.552626
0.55912
0.517577
0.634873
0.687818
0.706734
0.778363
0.782589
0.746088
0.678796
0.608412
0.670616
0.705288
0.75032
0.758906
0.81004
0.757775
0.658596
0.640116
0.581641
0.578292
0.549988
0.537448
0.514195
0.537226
0.546708
0.541473
0.496241
0.558506
0.495919
0.503906
0.461447
0.473499
0.423285
0.531239
0.549198
0.504534
0.588077
0.558193
0.502386
0.47662
0.429191
0.377262
0.398991
0.372328
0.361261
0.424465
0.389933
0.377525
0.301253
0.26409
0.221831
0.19613
0.258016
0.294024
0.281909
0.274537
0.257093
0.186637
0.241193
0.243546
0.205319
0.197583
0.242306
0.265479
0.302206
0.291605
0.260526
0.154437
0.120067
0.163706
0.154634
0.137173
0.0634239
-0.0495826
-0.0912094
-0.0791244
-0.128759
-0.051272
-0.0432676
-0.0302179
-0.0608465
-0.0337249
-0.0029327
0.039898
0.0835784
0.118411
0.0855789
0.129147
0.141511
0.141995
0.143456
0.275361
0.384758
0.3778
0.331261
0.220007
0.260705
0.226385
0.109687
0.124977
0.117628
0.124652
0.0973417
0.185497
0.149209
0.0684074
0.11654
0.108038
0.141269
0.115184
0.0824518
0.04388
0.0582939
0.0540745
0.0674363
0.0564204
-0.0183403
-0.0471906
-0.108631
-0.143297
-0.166353
-0.105766
-0.109129
-0.126298
-0.209399
-0.136742
-0.0987002
-0.108864
-0.11591
-0.0713743
-0.109859
-0.209692
-0.278526
-0.251146
-0.313283
-0.266685
-0.305505
-0.316026
-0.286327
-0.296679
-0.268338
-0.280868
-0.163547
-0.224348
-0.165181
-0.169233
-0.220117
-0.234833
-0.230108
-0.258014
-0.244499
-0.257132
-0.253861
-0.278809
-0.23015
-0.141282
-0.141338
-0.143072
-0.163233
-0.072824
-0.00423977
0.00303555
