-0.268482
-0.297722
-0.362736
-0.393147
-0.45183
-0.433424
-0.512548
-0.507778
-0.5362
-0.509434
-0.476218
-0.432572
-0.452303
-0.4895
-0.498539
-0.469139
-0.488094
-0.539758
-0.4556
-0.486454
-0.415896
-0.404179
-0.428481
-0.460016
-0.373133
-0.412383
-0.371147
-0.447092
-0.410458
-0.359629
-0.411573
-0.462796
-0.592623
-0.566885
-0.571355
-0.570238
-0.584038
-0.614625
-0.571049
-0.571932
-0.649167
-0.610123
-0.619007
-0.606983
-0.629837
-0.613764
-0.592545
-0.601857
-0.568476
-0.552622
-0.638935
-0.601175
-0.587828
-0.614152
-0.61053
-0.520655
-0.559892
-0.568447
-0.582295
-0.52657
-0.48573
-0.43593
-0.456764
-0.407626
-0.454029
-0.474679
-0.553649
-0.504623
-0.503859
-0.442204
-0.443546
-0.435127
-0.437511
-0.455656
-0.446514
-0.445241
-0.404733
-0.439865
-0.398487
-0.451567
-0.53519
-0.483496
-0.357049
-0.37047
-0.292682
-0.220806
-0.245536
-0.181339
-0.24344
-0.249515
-0.212667
-0.195742
-0.215119
-0.158228
-0.229417
-0.229085
-0.305481
-0.384898
-0.505666
-0.483502
-0.436856
-0.446012
-0.403195
-0.414228
-0.35224
-0.398744
-0.473147
-0.423993
-0.386884
-0.331743
-0.303754
-0.379063
-0.34161
-0.320538
-0.297622
-0.251266
-0.23996
-0.291778
-0.264441
-0.209819
-0.22852
-0.274212
-0.294623
-0.293909
-0.220096
-0.19283
-0.0654443
0.0033801
0.017325
0.0338637
0.0833206
0.0496998
0.0752801
0.177464
0.237023
0.175243
0.187671
0.141086
0.0777344
0.111455
-0.0174248
0.000845068
-0.0190462
-0.0178816
-0.0403012
0.0293913
0.0127333
-0.0287275
-0.0570511
-0.0182442
-0.0265494
-0.00597936
-0.0157975
0.0463733
0.0857226
0.0691618
0.0918679
0.100296
0.128361
0.13057
0.115763
0.141616
0.15625
0.105006
0.132985
0.019342
0.0657061
0.0761744
0.0411693
0.00695098
-0.0220255
0.0270995
0.0450533
0.0664985
0.0859146
0.0570803
0.108366
0.128504
0.157529
0.168921
0.119553
0.107308
0.133676
0.142272
0.0851397
0.166419
0.186592
0.197758
0.20587
0.226451
0.202952
0.22748
0.249258
0.27789
0.207022
0.197653
0.250677
0.235625
0.250492
0.259368
0.271629
0.343323
0.362691
0.405772
0.469329
0.540038
0.526673
0.554751
0.574911
0.556393
0.584818
0.638368
0.581308
0.588877
0.525292
0.474286
0.464766
0.528908
0.48919
0.533368
0.573228
0.535516
0.499555
0.42552
0.495516
0.468026
0.467159
0.424924
0.433698
0.408771
0.432113
0.406466
0.432394
0.400531
0.389479
0.418382
0.42003
0.46758
0.514887
0.578088
0.549888
0.572877
0.607707
0.667048
0.609277
0.64978
0.576857
0.587157
0.507112
0.50326
0.475255
0.516121
0.470874
0.455509
0.580787
0.565933
0.526485
0.605381
0.50682
0.447929
0.326318
0.298949
0.317708
0.277391
0.227243
0.268236
0.213344
0.198828
0.190809
0.176608
0.165515
0.133051
0.116011
0.0961995
0.076628
0.132264
0.11183
0.114962
0.160975
0.0879673
0.0627002
0.0373301
-0.0264379
-0.0366711
0.0260762
-0.0291
-0.00976865
-0.0453532
-0.096286
-0.102197
-0.125407
-0.137585
-0.192795
-0.0934537
-0.0515313
-0.0982865
-0.0972227
-0.0559013
-0.0188843
-0.0285211
0.0710995
0.0405907
0.0616213
0.11441
-0.00483093
0.0247209
-0.0141795
-0.0411289
0.0382585
0.0122921
0.0532913
0.136411
0.114515
0.156616
0.18653
0.227106
0.148882
0.156171
0.197379
0.107799
0.144903
0.136553
0.0794138
0.0333225
0.0453779
0.133538
0.0967301
0.0686662
0.139316
0.257642
0.184673
0.246549
0.236875
0.262549
0.248824
0.24335
0.195302
0.254802
0.263963
0.217251
0.210698
0.214915
0.213266
0.227831
0.26533
0.258331
0.286482
0.327989
0.353625
0.296116
0.308967
0.275772
0.281674
0.32443
0.287199
0.288138
0.321297
0.317684
0.361077
0.298746
0.308535
0.312783
0.29677
0.22264
0.182304
0.1109
0.0355551
0.0583124
0.0591972
0.0206728
0.0375468
0.0500823
0.00684384
-0.00880052
-0.0297687
-0.0202043
-0.00277748
0.044687
0.01005
0.0280806
-0.0726211
-0.108793
-0.146054
-0.179498
-0.158116
-0.163119
-0.184095
-0.275995
-0.245802
-0.174038
-0.189726
-0.144374
0.00800194
-0.0415282
-0.0379824
-0.0503438
-0.105051
-0.168806
-0.23441
-0.210462
-0.162005
-0.223136
-0.163846
-0.12524
-0.207534
-0.216089
-0.165163
-0.0953642
-0.0969366
-0.0617206
-0.0479455
-0.0365186
-0.0772946
-0.111457
-0.206445
-0.148224
-0.172599
-0.16287
-0.185005
-0.234517
-0.228979
-0.254984
-0.267158
-0.323962
-0.340128
-0.253057
-0.167499
-0.144355
-0.124081
-0.143059
-0.152641
-0.154491
-0.164936
-0.141086
-0.102982
-0.156236
-0.219159
-0.182081
-0.177824
-0.210821
