14.9168
17.6273
-4.80256
-5.78153
18.572
13.375
24.7029
2.70816
-10.8496
1.38605
19.8609
-11.1021
-15.9222
12.2097
2.4265
-9.06246
-18.0155
10.4973
12.4016
1.65825
-2.44708
-16.605
-13.9826
7.55437
-8.37802
19.1842
-15.6941
20.0599
-6.58004
1.45245
9.20164
0.95076
-21.5021
3.23825
1.89687
-14.8184
7.45545
14.9596
9.63129
2.33938
27.151
6.02123
-5.31099
-11.033
-15.4264
-4.95935
-25.5655
-6.75973
19.5825
22.4119
10.3253
-12.8513
-3.51568
-21.9719
6.46056
-4.95869
-25.5066
-21.4553
-3.70361
0.248824
16.0447
-16.6473
-4.41701
-6.66219
23.7904
1.23527
11.3314
-13.5614
-8.78526
-18.2366
28.4522
-44.1971
-13.2005
0.0349167
-8.26294
5.46228
-1.07178
-1.79795
-0.279575
1.15998
21.3197
-1.57695
-10.7704
-4.83922
-33.1059
0.840974
3.54683
10.7532
-19.162
-11.4709
0.60898
4.50265
11.9503
2.67047
-16.6936
-6.83288
-21.1739
-6.60107
18.1645
-17.4775
0.548574
-7.75913
-29.2867
1.33206
-3.89758
-0.300862
-14.5962
-19.8122
23.0051
5.89239
32.1927
1.66748
-14.7396
12.4259
-1.447
15.8274
-9.36532
5.79272
-6.2589
0.80019
7.47769
5.89699
-6.80349
-8.12105
-7.92857
-19.4138
24.821
9.29332
-5.6586
23.0736
-3.32156
-7.76145
15.9643
10.7492
3.30746
-14.9691
-25.7303
-9.49089
13.4867
13.6637
9.92611
-2.67705
18.6981
8.86981
-14.4772
10.4696
-4.00478
21.5396
7.7004
-0.293593
-28.153
-4.59296
24.4637
-4.5195
-0.5272
-1.79493
6.65254
-4.02152
-6.16977
7.77573
4.67159
-15.5402
3.5274
7.64851
-4.67368
9.30465
-2.6986
7.64225
-18.087
2.24473
6.49764
14.3026
0.775598
-2.25055
3.20028
22.2865
26.0109
-3.50719
-26.7156
20.1573
6.98548
5.21127
-24.8714
-1.90037
-2.29463
-9.37855
-14.1482
-20.4111
0.0839128
-1.01713
-3.72827
14.2754
14.7524
5.01997
9.2484
4.14834
3.25186
-0.318025
-7.90079
3.73852
-7.06844
8.00861
-0.789042
12.0154
8.28655
8.65117
11.5624
-1.38872
-6.90657
-10.9294
2.7652
-1.0182
29.9156
18.0116
1.96328
-14.1503
33.7688
-4.11126
5.6898
5.46813
3.71618
-6.775
9.89979
-3.89413
24.8389
13.5875
6.64765
-17.4517
4.42583
-15.1523
5.06532
-8.14457
5.80417
9.00105
0.909842
12.9024
-10.8277
12.9709
1.365
-6.05098
-0.591
-15.3173
0.158391
-1.88106
2.35911
-5.98224
-20.5638
-7.73137
-11.2618
-11.8353
-2.70663
-8.25574
-20.6277
-3.30954
-0.352487
9.04777
-2.88339
-24.9919
-20.6353
19.637
-1.55109
12.8306
13.4541
7.49044
6.35467
9.37825
-5.31144
-9.10704
-9.87002
11.3416
-19.9558
1.25204
-9.94375
24.3224
17.4215
10.9002
16.7493
-7.17816
3.99469
4.74879
15.0793
11.5901
29.1651
13.0252
-4.22214
15.0535
13.3235
9.23096
-3.88971
-7.78229
-23.0553
15.4135
14.0791
-13.5482
-8.87146
-17.0261
-6.91218
0.438745
11.3727
10.5215
3.66846
-17.5492
7.19133
-5.44986
10.8995
-10.433
1.76028
-8.04354
10.3677
-4.58939
14.3283
13.2424
-4.3152
-11.5938
-1.10987
2.81569
-8.07675
4.53066
-15.4975
-8.62848
-0.768434
5.44065
1.51338
19.3901
19.8077
-9.0704
13.8774
0.996242
12.8691
11.7862
-11.1327
0.808493
16.1579
10.6779
-6.08984
-7.54751
1.53271
-9.57276
-6.66597
8.48548
-1.26571
0.105061
21.585
-0.49162
-15.3898
13.7661
9.70173
12.3932
21.5743
27.6737
-16.9981
-0.248423
-33.4552
2.29652
1.88181
2.95847
9.2674
5.45599
-22.1844
6.80809
-1.31349
-9.90284
-7.69511
-19.61
-17.7894
3.10776
-9.83054
-14.1594
8.7337
11.7742
-31.3818
2.93077
5.34485
10.2378
-6.72338
-11.8782
29.8081
-37.0625
-9.52406
-5.35721
-13.4841
19.544
4.31723
6.73584
-4.13164
5.86827
2.58568
-17.0495
31.5883
-10.9767
10.4111
16.0963
-6.15115
11.9509
-13.0839
0.982039
-7.15639
-11.8718
-11.6329
-14.0694
-20.8517
7.94901
17.8076
-4.53815
18.421
8.47815
23.7653
-11.6254
-10.2809
-5.83981
13.9004
14.5075
1.16517
9.87008
-5.54158
-3.98165
10.4752
0.795144
4.65945
-5.74706
-4.9783
1.23344
-16.7499
20.9512
7.95424
3.91436
-6.13641
27.4532
-1.43281
-17.2141
-11.9099
-8.53363
-1.98707
4.06455
3.07668
11.0078
-8.24716
11.9348
-2.30185
-10.5543
9.09608
8.95621
-0.412312
12.9139
4.64941
-13.0425
-11.8055
11.5539
4.61359
33.065
-0.518682
3.10146
-8.30805
2.50553
15.0076
10.4774
-0.423951
12.8044
0.349508
-5.61323
-4.05464
-15.1793
6.90974
8.71053
-18.8458
-5.71126
-12.1176
1.54413
1.10654
0.857283
3.85001
24.6348
-11.6978
12.547
-8.0622
10.0711
-2.6114
3.10886
-18.0844
3.1158
2.89991
20.868
6.02282
-13.9431
3.48975
11.5217
14.714
-20.1429
5.40168
24.2478
-16.902
-8.45354
-7.50758
2.98236
14.7043
-13.148
-25.8453
-6.9253
-4.71654
-6.80344
-2.14009
-13.4325
12.874
-24.2667
2.21057
-28.2733
-6.34512
-5.79886
11.2056
-2.31298
6.66801
4.91789
-21.0377
4.64746
-5.15732
17.206
-16.9334
-8.41862
-6.91928
2.97664
-1.71347
-5.04614
-35.8484
-4.87028
10.0164
-2.01728
-2.99267
-8.91196
20.4156
3.36939
-13.0239
-12.0224
-4.65877
-6.67563
17.999
1.6922
-0.39732
-15.3586
-11.5523
-11.7018
-34.8959
-7.91723
-2.52145
14.712
7.00769
11.9157
7.5539
14.0486
-9.86004
-5.42019
11.5388
11.0393
20.4508
8.59743
-15.0541
8.48391
32.9856
-15.4092
4.66563
8.3754
-0.606936
13.4756
17.1197
10.7503
1.96133
6.33192
10.6254
-8.74683
-7.48984
5.34407
-3.70866
3.07249
6.36369
12.028
6.88437
-9.18206
17.29
-17.8288
16.3861
0.608413
5.08205
27.902
3.93457
4.79756
17.8685
18.5262
-6.19738
26.1649
9.56927
9.72888
1.8743
19.4139
-28.2873
-1.14375
-19.5274
19.594
7.27955
-16.1125
-23.3772
-13.152
-13.127
4.46676
-4.66013
-29.0903
-10.7712
-12.3627
19.5622
-1.68497
-2.47626
35.7481
4.84918
16.3402
24.129
-0.507236
-16.4319
3.96773
6.3432
4.71774
-2.10451
-1.86077
12.3641
15.3271
-15.6811
-34.0792
-14.6528
-2.68414
-6.00597
-2.29927
-14.4957
30.1135
-11.0329
6.03535
10.7785
-9.40311
10.7075
30.1185
17.2271
6.25862
-2.27669
-3.32779
12.3992
-15.789
-18.0732
-5.24539
3.18265
-17.0713
1.68051
6.56438
-5.37703
-1.52346
-16.9218
-2.68016
22.8926
24.6073
-3.20548
-8.06429
9.14929
10.2363
-1.75735
-1.56913
-5.92838
18.9782
2.12048
-20.6296
-5.64237
6.16128
-21.3003
-13.148
-4.46917
-36.66
13.2731
25.0463
-11.4595
-0.0596944
-19.2599
-11.7162
-11.0441
4.40369
-10.4776
-6.77441
11.995
7.72933
-6.23177
-10.9267
-12.2409
0.699333
-20.0778
-20.9521
-11.9231
-7.69976
-3.41974
14.3932
-11.9292
6.87526
1.27405
-14.0753
2.28799
-23.3021
-12.586
-4.03094
4.09542
6.03555
5.90227
7.36924
14.9768
-32.711
-2.66313
13.1024
-35.6852
-17.1873
-16.8663
-4.527
9.01571
8.49881
-15.4221
12.2843
0.514257
8.50456
9.02827
-2.93655
22.5095
8.69475
27.2394
13.5337
-0.632179
-15.781
-2.60288
-12.0261
-10.6933
-26.9565
-24.2196
-4.59018
-0.517112
-10.5839
-8.84598
-6.09857
3.73029
-20.7542
-11.4981
-17.9105
1.12342
-20.0478
2.86554
11.9827
24.5372
-13.777
0.6378
12.6969
16.6678
6.35099
-5.23768
-3.87808
-30.0454
7.28057
5.51848
-4.19757
4.76692
-26.8197
-0.674199
0.47961
13.9226
17.0977
0.444384
-2.65984
6.41263
-2.9109
-8.16276
-9.08992
-28.5999
20.8443
3.37695
7.48914
1.99076
12.9511
-7.38736
-29.1469
-3.50431
-0.830017
13.5837
5.83424
12.5572
6.017
13.7836
9.84126
1.21291
-10.4124
13.1489
6.9651
-4.0507
-3.74808
8.34974
22.3237
-4.80389
-21.676
13.6693
3.8001
-3.73573
-1.58882
20.2132
-4.81187
-12.9361
-3.01016
5.1285
-2.55602
-7.93191
-8.70864
-10.631
3.68174
10.0126
-3.22903
-0.740152
-13.2289
22.7596
12.2348
15.7732
0.408089
6.48911
-13.5129
-10.214
11.5365
-18.8435
-9.92558
-17.551
12.3225
-8.82882
17.3406
11.8997
-16.512
0.67431
-5.88451
3.68836
3.96929
8.59532
-4.40139
-22.5981
-16.0735
-17.9552
1.07843
-11.5835
-10.6327
-9.54881
2.27557
21.8173
-3.36749
2.97535
-12.8441
8.19594
8.76778
-25.2248
11.7752
-9.37518
14.305
14.5299
-0.669576
37.4422
-18.8667
5.13901
-0.195139
15.2246
2.365
-0.487188
0.904281
-8.91991
23.7485
-1.94205
-18.9376
-12.2026
12.835
-0.306185
18.5723
1.12929
1.35782
25.6894
6.68573
7.77006
-8.32616
22.1782
-11.6635
16.9727
12.5701
8.08735
11.2844
18.6289
28.1441
17.8947
3.17696
-7.01558
-19.7091
14.6286
-8.25838
-24.2852
-1.68383
7.35552
-22.4191
24.7986
-12.7502
-17.0583
9.67915
-9.83988
-2.69693
27.04
-2.64329
15.6649
-4.68325
-1.67325
-9.95227
-5.07031
13.3861
-19.3598
4.90484
-6.76832
9.74158
33.8658
-8.87517
12.7723
11.8717
5.88291
9.6665
9.85392
3.24441
-27.3913
-5.59742
0.648374
9.74046
-8.12317
15.8804
10.1752
-5.26336
16.3254
1.67176
-14.1187
-12.8091
-2.07157
-6.26134
-10.3991
9.18678
-4.02163
-9.41642
-3.32769
0.666487
13.4016
-28.9787
-4.35361
-0.226118
-8.46824
-9.44873
21.0551
-19.5176
-23.5021
22.6393
7.86663
3.63758
0.862582
-3.41906
-11.9134
4.68235
-27.0157
7.71355
-20.8877
2.50966
19.2151
-11.812
15.5745
-7.45763
-11.8092
-32.4505
-33.1475
-5.70358
-17.127
-1.30563
-11.1289
-0.801659
-12.095
-13.8614
-3.82129
-10.7837
13.5792
-5.9313
17.1966
-3.8983
-15.4425
24.6733
-14.3243
28.0396
-14.7225
27.3915
12.5449
-12.1488
3.35324
-10.5196
-9.2656
-12.0009
-0.24178
22.9803
11.1891
-11.1991
-7.40274
17.3684
2.57466
18.8864
12.3293
11.8351
7.15956
-9.1026
3.75053
4.52127
-8.71102
4.45972
9.02854
0.81526
8.7052
-25.5256
25.1508
-4.67136
10.1086
-2.50041
-2.03085
1.50301
15.9399
26.3445
-11.8284
9.64363
10.368
3.35929
0.4803
-12.9084
-15.8443
8.65712
15.1449
-10.0101
8.02265
7.76393
-14.4371
5.74203
3.36839
9.30402
20.0893
-13.2723
-0.429922
-8.24419
8.63577
-0.285276
-7.85627
9.07393
-18.8135
14.2797
3.52662
14.5597
3.76477
7.89556
18.0617
6.87401
15.6802
11.5205
5.12391
-18.0988
18.3107
4.66772
9.41967
4.09891
-8.32796
-13.214
2.23381
12.8995
11.4761
6.25135
21.012
0.26532
8.6808
25.8384
6.1787
10.704
-2.52534
-0.750468
29.6924
25.5545
-27.1549
13.5659
15.3017
-5.40096
24.226
-5.12553
-24.0854
-7.79852
24.4737
7.71962
0.355563
-7.95055
-10.5625
-4.54743
2.19693
-9.57316
-9.77915
-6.67326
2.47874
17.7137
-21.7067
5.32644
-30.8766
-1.23739
-25.9124
-36.2958
5.88063
-0.0728154
-29.785
1.70825
-18.3383
-11.4265
3.16145
6.98457
-2.1273
-17.5271
9.54561
-4.41476
-10.6276
-7.2699
3.35461
-7.88372
21.377
19.0171
3.64488
7.45027
-30.9479
5.91549
9.82476
-4.66057
-9.93462
-1.88077
2.09569
-1.24777
27.7134
-2.51596
17.9384
-4.60853
-11.3155
-2.88888
-0.61935
-4.05283
6.2155
-9.0332
10.5107
-4.04418
-30.84
-21.5243
-4.89707
2.6608
5.55974
2.70608
-12.2297
-0.383198
-12.7534
-5.77821
-7.34892
-16.9505
-7.75579
-8.77475
15.2323
-1.14435
-27.0672
-13.4734
-4.18915
-0.774826
2.91615
9.53793
7.62257
23.0424
-28.7987
-10.6621
2.26784
5.24418
19.5116
-1.82728
24.215
-16.079
1.50133
13.2879
-14.4611
5.30392
11.9383
1.34521
16.9196
10.5392
15.9926
3.23188
-18.7146
6.78903
-4.70153
-10.6299
-7.75425
-7.69766
9.31117
10.935
14.07
11.5797
11.1361
9.24003
-12.1044
11.5625
-3.15223
20.8428
5.46022
-17.5189
-8.96734
-11.4223
14.2591
13.9941
-3.36803
6.33881
-13.7951
15.4523
11.0898
-9.70793
-11.4182
-8.05463
7.47902
4.86932
6.84702
7.86466
-10.4876
-5.54136
14.6061
-25.0476
-13.7701
-41.4559
0.69668
-2.46486
0.913475
18.7354
-4.90129
-7.34775
-17.7241
-13.8982
-18.9413
-19.0903
-0.925126
9.41799
-20.4727
-6.15931
-0.394023
-6.96627
7.94981
-6.69235
21.5431
-10.8543
4.51497
-2.5084
14.2973
5.77666
20.1628
0.841727
-26.3472
-17.7204
-24.1431
26.1702
10.9446
4.4766
-7.28985
6.35507
2.23073
-10.3053
-21.4437
-24.9577
-15.8768
-8.20161
12.1999
7.72748
-6.39449
-5.16679
-17.7915
-16.324
-16.755
-2.43693
-3.8107
-0.0319585
-0.808236
10.0639
4.67201
-10.0393
2.10128
10.8354
-12.0716
19.6267
6.9847
-7.50091
-10.848
5.57863
26.1026
-0.712511
-4.62228
-21.6598
12.0158
-5.03848
9.78468
-1.9415
15.3067
-0.0588066
-7.76988
-19.3699
4.55711
-3.9507
-10.8999
-21.1615
-8.01723
22.0294
3.57482
-6.31335
10.7766
10.5015
-4.97434
-8.07943
0.691683
4.14965
4.25429
9.60904
-27.2228
3.47239
-13.2673
16.2722
-5.827
-6.78586
-5.83445
2.69773
2.37323
8.74059
-19.6469
-2.03918
-11.5462
11.0377
-9.87704
12.4145
12.4035
-22.3204
-13.1085
19.2621
-13.9071
-28.2857
0.519424
-4.95493
6.83552
-18.7304
-18.3436
-3.7831
-0.95527
10.2608
1.13075
8.82202
3.37366
-5.5671
-9.38761
-3.47228
0.575418
-7.31533
18.8416
10.1741
-16.6821
3.85682
-1.81941
2.18879
0.552069
8.44483
-8.50141
-12.6789
8.94082
19.0695
27.9097
19.7466
-1.29209
-5.50599
18.469
4.05969
-1.51771
3.41325
4.16595
-23.9655
10.2876
-14.4693
-9.31383
9.82812
-18.2668
6.69448
7.09405
-10.6413
10.7978
2.33029
8.11927
15.2536
10.4621
-10.5267
-42.2889
2.15262
-23.6399
-20.2951
-12.3417
-22.2732
-10.8656
-11.8289
-6.21004
-3.35381
-10.7201
-29.8956
2.04204
-40.1143
20.8267
-11.9227
-6.17859
-4.09828
8.43748
-0.130046
5.24794
8.44189
-9.02118
11.2452
8.62296
0.294874
-4.09958
4.84001
2.02006
11.0525
-13.116
25.0574
-13.8272
-2.95143
1.95987
-3.44317
-5.21741
20.215
12.7664
-19.6517
26.8136
19.2063
-0.17825
-1.68302
-8.72002
-12.2199
7.54649
12.1945
-33.3637
0.929273
-14.1184
7.84822
3.69123
-10.0741
-7.14186
-6.93654
21.8354
9.71775
6.98293
11.3334
-18.0258
2.85302
9.03982
3.01604
-5.04453
-1.58934
8.28042
-3.54253
-10.9998
10.8402
2.23878
7.85254
2.91015
-30.0826
-21.2423
-11.9977
5.32356
-10.7253
-8.31636
5.19862
12.8436
4.59002
8.69058
-2.93703
-4.54613
9.20229
9.60042
2.8059
-14.6272
4.63094
5.64723
4.27186
-9.04978
-0.606041
11.953
10.2109
-3.55357
-15.5066
7.2753
-2.82517
21.5782
25.9191
-11.7705
-9.88191
10.6367
-8.69127
12.7579
-8.93019
-2.44132
10.0069
27.0838
4.70582
-9.21962
2.95687
8.0312
6.16724
-3.86334
-18.3129
-0.641832
13.7785
28.2229
4.7211
13.112
6.50771
7.76185
-2.09807
0.840702
23.6177
2.63395
-9.07146
11.639
28.4747
26.1679
-8.15033
-0.627379
0.0706875
2.4945
12.7915
-10.9918
7.42982
-2.3929
6.54676
3.71936
15.189
-14.8054
28.4338
12.8209
2.27635
20.6623
-7.23913
33.503
-4.35791
-7.69488
4.37213
-2.2554
9.23178
8.78317
-6.65167
-2.13682
8.01383
12.6871
1.5455
-1.97976
1.04922
-12.5854
-14.7454
-5.60814
8.54801
-2.24657
25.7847
9.19236
23.0838
5.69001
-5.74764
4.12222
1.74028
1.31504
-19.1426
-0.0774571
0.907844
-11.0185
6.06028
4.53877
-16.4231
-3.05603
-37.4802
30.5547
29.4018
13.729
18.5992
-19.1401
5.99388
7.86655
-10.7493
-4.49975
25.4356
-3.11204
1.38067
1.57216
-14.8694
12.288
11.7735
-2.3406
-0.941115
2.1529
-5.9439
-1.13331
-3.9503
0.534392
4.31094
6.60549
10.663
-16.3091
5.96567
-3.86403
-5.39891
5.34324
-5.04791
12.5497
15.7538
11.0054
-31.3125
-0.894402
-16.612
-2.5653
18.864
-7.95959
-5.29933
5.73753
15.923
-12.3605
-5.9652
5.27403
-3.62551
-4.52086
-12.3215
-8.39076
-8.96199
-0.183666
-7.45325
15.8405
-17.1104
-10.1669
7.39651
3.13009
4.83673
-20.4268
2.38299
-19.2559
4.6718
-8.31127
-9.0658
7.89269
28.2334
14.6255
-29.4622
7.63016
9.45685
15.7158
9.37457
19.4506
28.0181
21.8961
27.2915
9.92225
-11.196
-7.9175
-8.8332
-21.2081
3.37696
-9.13945
8.70034
-8.04821
-25.5329
6.61184
-9.96737
-12.9279
-20.886
-6.26127
15.9206
-8.76023
0.708969
-2.48843
11.743
9.66576
33.8374
14.5114
17.3551
-6.56951
7.63895
11.7399
-10.3883
-2.15154
14.2099
-38.0241
-4.98072
9.89213
4.11235
8.30151
-2.89922
9.60219
14.4217
5.38077
12.1391
4.42196
-4.36609
2.16496
-2.74159
-0.720102
9.40916
8.04611
28.0826
5.04871
-6.6747
-0.605383
-0.732084
4.08906
12.397
21.4669
-2.73893
-26.7461
-24.2475
-15.0559
-0.640794
-2.89266
28.8193
-14.0845
8.58041
-23.8423
-6.4695
-0.403561
-12.299
0.727062
23.8163
1.84635
8.80808
-15.211
1.84661
-7.34899
14.6638
19.9258
0.795744
-5.13161
-6.27622
-20.9133
-10.9748
17.1276
2.71856
-20.4616
-6.46622
-19.5342
15.1205
-8.7482
5.68722
6.27024
-16.0417
13.2227
-13.6467
3.5961
-4.86861
-4.29779
-5.43523
27.1081
-9.37554
7.8778
9.77392
2.22243
14.477
0.656222
3.94516
10.7747
13.2708
0.785941
5.72594
-9.19769
29.26
-6.44621
-20.4524
-5.28865
5.22886
3.93461
23.8106
-9.13526
6.9016
7.8144
19.1746
-16.7719
7.05931
7.34227
-4.30732
23.4737
22.5394
9.79663
-3.03929
10.9902
-15.733
-15.711
-0.258035
26.997
-14.3391
-1.12331
5.34593
19.5901
14.0496
16.8181
-25.6193
-16.3807
12.5523
-10.1449
-4.93014
6.25406
-16.1725
4.77579
7.46317
7.21914
18.6104
-7.96521
19.0105
-1.12859
-38.8654
-1.21229
-7.93435
-0.991816
-14.2513
-14.893
-29.976
-0.58544
-17.0671
-1.70387
-13.7376
16.8688
9.32786
24.9425
11.8663
23.5604
7.58825
-0.343971
-3.12197
2.60493
-15.7418
1.62118
-2.15106
-12.2573
-2.44677
7.97856
1.12372
-29.8925
-9.50126
17.7899
3.28473
-21.1614
-9.32728
-16.5587
9.51042
-8.30061
-17.768
6.50198
-9.92009
-13.1188
-0.0885715
10.3487
16.6697
-19.1002
12.2535
9.49697
2.34677
5.23672
2.13614
6.3233
-22.0912
30.0566
-2.17828
-23.556
25.7272
-0.678799
25.416
-4.05566
-1.77192
18.8308
7.44795
10.8202
16.1146
7.39984
-2.54022
10.8161
0.426958
-15.4456
0.163045
-2.67497
4.16312
19.2688
5.01853
-7.6819
11.0583
-3.60557
-16.1873
4.50505
4.78122
1.10715
4.07194
-15.0695
-1.27
11.9
-13.6086
29.7971
11.8287
0.741144
0.314427
21.2532
6.82747
10.3916
-4.52369
-2.59846
-18.2348
3.24895
24.0922
11.2413
5.12761
12.192
11.7711
9.19418
11.7903
-8.17841
14.0202
-22.28
-16.0609
21.0067
12.6509
15.0387
-5.11258
14.9847
-6.7693
-6.25019
-8.88858
-40.9926
5.89062
-3.64586
-9.97433
4.20068
3.69535
-4.6287
-17.6156
2.95021
5.43006
-9.67775
12.23
22.3727
22.2074
7.96521
-8.09168
-0.100313
-16.8627
21.8301
23.8981
8.24469
-3.70564
-4.98029
12.2135
0.553287
-23.2313
-20.1462
3.80895
21.7697
23.2113
1.43693
0.305746
3.45296
-12.6413
7.64227
8.10864
4.49067
10.2135
0.893776
7.21759
7.01775
19.9061
6.63912
-1.27373
-12.4056
10.9288
6.63464
-11.5296
1.09482
2.59345
1.70159
8.32205
6.0147
6.89415
11.7641
-7.6113
8.39912
4.8762
-10.0841
16.4527
12.21
-10.9045
-11.6955
8.15302
7.23606
-21.1561
29.5948
0.69627
-5.72003
16.3003
-12.7919
8.73731
-11.823
-2.36251
-4.60171
9.24798
-1.22606
15.8665
