-0.448131
14.548
0.196105
12.5377
12.5014
4.67573
12.7592
8.93487
7.00866
2.85897
-8.57739
12.9077
8.29593
4.97593
2.58347
-0.824288
-12.252
-14.1275
5.16794
13.6199
5.59779
10.0416
11.8447
9.20173
3.09144
2.05128
5.58239
-4.56691
-21.5103
-5.87214
16.5542
28.8193
16.1935
10.0953
-6.07668
-7.35049
-25.437
-3.58301
3.00364
-12.8288
-5.52097
-14.776
-1.01313
2.73374
9.52005
23.0155
-13.3013
-7.57364
-2.21497
-10.8623
2.53951
2.44577
-16.14
7.12663
-20.9423
-16.6783
5.12162
-19.0221
-16.2224
-6.65727
3.13318
-21.2974
3.49727
-3.92368
4.20969
-13.2206
8.87562
-3.61812
16.047
-13.8197
6.36666
7.22184
-12.8084
-11.3949
-9.13232
-17.2842
20.4759
13.9987
3.30625
-19.9675
-9.08371
-10.6385
-19.623
15.8211
-0.58697
6.53986
9.06995
-6.51556
13.1872
9.43754
-23.0079
-10.1193
-3.23712
-7.28532
0.918001
-8.0909
-14.6641
9.19214
19.6747
-9.19678
-10.0288
0.37992
0.573426
-18.3999
-19.3063
-4.54617
-15.9828
9.48706
18.6045
6.31755
-0.551739
7.44669
-2.41505
-17.489
16.1398
-36.5488
-0.745172
20.7101
-0.368135
-1.74983
-17.2322
13.8657
-28.9379
17.6881
9.25935
13.5869
-10.8249
3.29626
-9.14258
-13.4013
-7.55786
8.94787
-9.0552
4.60244
-0.910658
6.73002
5.33724
13.071
16.7491
14.1859
-14.559
-6.99042
-4.54546
23.844
-5.65878
1.97559
-14.6227
-5.58765
-5.73725
29.7037
7.93734
11.499
7.89688
-0.512951
10.5708
-11.2964
24.2385
-4.38559
0.42728
4.86711
-14.2111
2.61042
0.70921
0.624746
-0.135077
7.75853
-1.08658
-6.42302
9.49973
-19.1085
-11.1426
27.4929
-12.1151
-3.60761
-13.228
11.1741
-0.770471
-11.6364
15.8886
-26.021
-25.6626
-15.7676
3.93102
-7.54391
0.240592
16.3688
14.1554
0.784143
17.3762
5.55175
13.3778
5.65978
-1.43016
19.7081
9.1254
3.04713
-4.43261
22.4273
-1.73667
3.80897
-0.767438
-6.1798
3.84748
11.5142
2.8277
25.3605
5.37619
-18.6005
2.81014
-5.064
-29.2371
-21.6459
-6.50377
14.813
7.02987
-27.9237
-24.1573
-1.76443
-29.7122
-6.57281
8.11581
10.3716
10.0746
-0.838936
5.65561
8.4067
-16.0492
-4.46734
2.29442
5.32323
-0.396164
11.4486
9.94558
-5.85984
-7.86899
-13.5393
15.2129
28.2038
-1.97807
16.2294
-8.29397
1.21165
5.28409
3.76369
18.8012
15.5342
5.09112
-21.1145
18.7726
14.635
25.8034
1.90582
18.2068
0.856068
14.5594
4.43465
29.1429
10.4504
15.5033
10.7937
-12.4554
-15.396
23.1921
-8.24037
4.5008
8.47911
-2.83202
34.4245
6.80149
6.11343
-28.0724
-12.5211
-17.4775
0.305751
0.237752
-9.99335
-13.3457
11.9607
-13.5432
-14.4464
16.9667
-6.26825
-2.06999
-22.96
3.23214
-24.4921
-14.1243
3.69989
-0.784496
13.1639
-8.13858
-31.4054
8.83907
5.74466
-5.66208
14.6548
9.56744
-2.54215
13.9178
-33.369
-12.2309
6.42786
8.89669
-8.1059
8.55861
-0.584159
-16.0037
-11.6509
-11.809
-4.01808
20.5857
16.2183
-2.6324
-18.2313
3.24915
15.1388
12.0598
6.79875
6.01151
-5.81989
12.6957
3.62324
6.30735
5.01798
-15.0222
6.91401
8.62468
-16.5795
10.3401
-5.94032
2.90764
-3.76232
13.1111
4.0873
-7.4177
-11.3372
11.6666
-17.1493
28.0581
15.5881
-0.675088
-11.0734
10.4267
9.11459
7.79041
-4.33751
11.2955
-2.22697
-5.15931
-12.3808
-20.5616
-2.39605
-27.4464
-4.05114
-1.04026
3.34741
11.4199
-7.66998
-5.70529
5.20998
-4.19453
2.0831
-5.30957
5.45286
2.28418
6.80791
1.82921
6.09347
28.7502
3.51173
-17.4224
8.17893
3.70514
-1.05115
21.8998
-2.62461
-0.494336
12.2816
-5.83763
-12.5138
22.0645
-1.23461
2.0985
-1.41679
8.78069
-33.653
-12.2383
3.24495
-38.7333
-9.62745
-2.93196
0.123069
15.1303
-12.5661
-24.1651
1.34225
-17.3071
3.79361
10.0435
10.317
-12.4107
-10.594
-12.6981
-1.94666
-13.338
8.12229
36.1634
21.0148
15.1034
0.709021
11.0743
0.176138
-9.70828
-5.11072
19.4055
-7.57308
-10.6988
6.28447
-2.42335
-13.0279
-0.555472
-3.89922
1.41155
-14.1511
21.6963
-1.15276
-37.3288
8.29875
-11.6921
-4.46357
31.0844
-5.27422
-9.5098
1.20814
34.1625
30.6826
-4.86351
-4.0483
-9.55512
-19.925
9.73191
19.7946
10.4727
10.8176
27.8601
5.4325
24.2168
0.199575
-8.31716
24.2528
-3.95718
9.91784
-24.7395
-3.78732
8.76583
-21.1689
10.3404
9.3338
6.46377
8.19757
-20.5715
15.4584
-1.2955
-39.5548
4.33544
5.05339
-0.400724
15.3027
4.94215
4.51325
-8.76938
7.65037
9.16733
-11.1326
-18.2935
4.42988
-29.3819
21.4708
20.8239
9.82507
-2.88796
10.0152
1.61143
17.3474
3.99742
-4.92379
18.6381
9.77102
10.9306
26.7137
18.5643
13.3342
11.7894
14.1422
0.574588
11.5665
-6.14092
21.2026
-29.5092
0.8837
14.3907
-2.77025
1.6511
3.12259
-9.20578
-2.09697
-13.7551
4.78294
7.5048
5.08142
4.18212
15.2583
-21.1145
-15.6008
-21.2037
-2.19477
-5.04649
-12.1576
10.2698
-11.5091
-15.5454
-6.85463
4.48051
1.75108
11.0978
-0.753605
-2.68753
2.469
-3.45472
-4.64665
5.4596
-18.1681
-2.54819
2.60326
0.67666
6.91246
-26.4339
9.29637
15.8864
13.5491
8.71572
-4.3674
6.94867
-2.78197
-21.201
-30.6181
-2.54119
-8.63845
-0.703773
-4.64991
2.70108
-4.70425
-22.397
12.7489
1.71005
11.0932
22.0979
-3.71625
3.22763
-3.28321
5.25075
9.75564
5.38333
-6.88822
-3.87392
7.95665
10.461
-7.70956
14.1453
-4.66084
2.94862
-26.2267
19.8248
-8.47833
10.2932
14.8856
-12.2793
1.96915
14.4045
-3.95683
-17.3007
2.24772
-15.5865
2.90626
14.6963
13.7286
16.3164
-7.18565
-0.552179
-2.28516
-1.30684
15.2007
11.9435
12.8034
-2.08238
2.2077
-12.2053
-1.12887
7.72312
5.77821
0.121649
-7.05124
20.6877
12.5622
1.21371
-20.8944
12.8542
-1.2521
3.57986
13.9752
-0.68796
24.6036
14.3731
7.16182
32.0416
24.7053
-5.81996
6.91412
9.495
-21.7841
15.2706
-13.242
-11.838
-17.2728
8.5145
9.08046
11.7568
-15.1644
10.2063
16.0779
5.79518
14.8211
-2.80261
38.1516
-3.14899
8.77585
9.04105
-6.96137
1.13457
-14.1415
-4.03453
5.31321
9.1259
-5.33051
-4.06281
4.57062
-38.2931
-27.3117
-14.3899
-7.13908
-13.564
-5.17208
6.85546
19.1809
12.8149
7.37753
16.9976
-2.93528
-7.70682
-6.32713
-22.0299
-0.915192
0.0349654
7.77453
16.2815
7.57135
14.2339
2.82461
-5.46346
8.01513
17.1613
1.82049
-10.6488
19.563
14.5533
28.8727
-24.9025
20.4495
2.44789
-1.62474
-15.4125
-4.68711
7.16782
7.91978
9.14864
-13.1583
-13.551
11.2667
20.3393
25.4863
27.9806
-2.25076
-1.32716
8.08776
-2.74193
4.48714
-31.2244
-9.26878
1.49271
9.5173
8.63329
-14.5772
-13.1694
-3.92096
14.23
10.3161
15.5839
16.2921
-7.19763
4.40222
-2.55904
12.732
-18.0649
22.0922
-12.2437
-2.58068
3.68935
16.8782
22.6718
-15.3106
3.74352
17.9387
-7.07392
9.58181
-33.0042
3.36332
-2.38315
-15.6515
-3.9728
9.596
17.5434
2.97122
-4.8238
17.1114
-19.1506
-7.8254
7.29328
10.5731
0.351216
23.5049
-6.12377
17.3053
11.6545
-5.48021
14.1341
13.3539
14.5215
2.84517
-0.283683
-16.0462
-5.33166
-16.272
19.2172
0.973534
5.22747
9.37296
11.8114
-11.9768
9.94646
4.19764
11.3788
-10.6685
12.8279
-24.8908
-20.6106
13.1471
-5.56461
-8.03929
14.2128
3.48956
-9.25997
-12.3621
22.9307
17.3318
-3.57304
8.87945
19.7822
-1.25277
7.11905
14.7841
-25.2021
-27.5025
-3.55897
1.15641
9.30365
10.716
12.457
-7.37326
-23.5026
13.3685
9.25549
-2.21167
11.0486
-17.9895
20.6659
21.2663
-1.3815
11.7749
14.0144
19.8036
-17.0536
18.6958
-17.8262
1.99956
1.30397
16.3244
-14.6106
27.5228
10.3641
12.5904
7.41794
-8.77578
-12.9198
20.6317
-0.0746222
-11.9253
5.39438
5.70055
-7.96525
-7.94252
23.1283
-9.76442
-27.3275
6.96216
-2.02986
-4.20373
-8.25418
19.8466
16.5551
4.97828
18.4021
21.8685
0.867363
27.6593
13.7495
0.930415
3.85028
10.8033
-3.61032
4.83062
-4.91643
2.53996
0.144719
4.32048
-23.9565
5.49146
-8.21112
18.7327
9.18253
28.5245
8.88106
18.6983
-18.6839
9.61561
-10.1457
17.5004
12.8755
16.4057
3.09421
-4.78031
-22.097
-10.6904
21.6844
-21.9611
2.51971
-0.938167
-10.5362
2.64678
-7.23736
-3.42774
17.2195
-16.8326
-2.74621
-19.7021
20.8166
-15.2465
-14.2627
5.70137
11.2818
-24.9426
20.6511
1.82396
-27.4838
-19.0404
-16.3171
16.205
-1.89484
-18.8606
-17.3165
-3.92561
-20.1233
-23.0477
11.9382
3.60819
-7.18364
14.6119
-1.15948
-35.9183
10.5744
15.6492
4.79739
-8.42935
10.5863
-30.6391
19.1076
8.07528
3.93946
0.121149
8.43432
24.7815
-23.1907
8.38561
-22.6501
-18.9378
-4.16049
8.52149
16.8386
-1.05502
-8.81443
-2.85314
-0.247607
5.96429
-10.8711
3.07047
-15.9068
19.2554
0.294114
-26.3661
19.6856
-5.97665
7.21121
7.31068
-5.05493
-19.7621
-14.9761
-24.898
-5.62933
35.6337
11.827
43.7568
7.50224
-8.77635
-7.9786
18.3105
-28.3919
-8.22179
-26.2974
33.1788
9.16193
-13.9111
2.20945
-2.58433
-2.31674
13.7614
-27.0657
-1.06108
1.43081
-26.8618
-0.0802904
-6.42798
-2.10108
-6.15112
24.9656
-7.7062
-3.41238
-8.54761
2.63345
-4.36613
-5.58271
-19.1288
-0.863434
-7.50156
27.664
4.13343
32.9639
-0.569172
2.87453
-10.7143
-15.4448
16.7986
-10.2218
8.83316
-19.1028
-1.45909
-0.350373
-9.34775
-13.5628
15.2804
-31.8649
12.993
8.92211
30.8852
-1.71873
21.1015
-9.36661
-10.5537
4.49775
14.682
-17.6599
-6.07841
-4.46577
3.78412
-11.2391
10.2706
0.315738
-11.2888
-9.56288
2.70468
8.92708
32.6395
-4.48204
-10.7331
11.4279
7.99587
-4.28589
-4.71657
-7.99459
4.88593
-1.00402
4.88082
1.11762
6.83037
20.2202
-10.1036
-8.21772
-7.61456
7.56306
-14.5686
-2.18767
3.25803
1.29873
4.94976
2.9531
-4.96702
-6.35114
0.953138
-24.3472
-2.8539
4.87729
-1.93637
-13.5423
14.7323
-2.27721
15.4169
-10.0138
-13.2361
24.645
-14.8002
-12.3508
-0.407527
-18.7863
-16.2041
-29.6223
-25.6593
8.46583
24.9565
-34.7777
-27.586
-12.1512
-9.46669
7.30767
-8.15194
-31.4327
-9.40612
-6.83039
-12.9547
2.96373
-4.55346
12.7464
-33.779
2.89209
22.7284
-18.1593
-2.03481
-6.14113
3.00402
-22.4046
9.44334
15.2406
4.47396
-5.43184
4.16237
26.1002
20.618
-5.05877
-27.6587
19.9504
11.488
7.24529
-4.02609
7.34888
26.1489
-1.71293
-6.79472
10.0457
-25.331
6.37131
-24.4333
-4.0163
-12.64
-14.108
18.4748
-0.831262
3.30532
-27.0369
6.10514
6.16534
10.1325
-2.92855
-2.49896
34.6238
10.5679
-3.56931
9.76862
0.57865
0.885729
31.9745
5.28056
6.12142
4.41409
-2.47256
18.0742
16.2036
2.49619
-5.49693
-1.13147
-9.31637
10.7752
21.034
16.6703
-7.43266
24.6017
8.96993
7.63707
-18.6879
9.8949
18.8539
27.3681
22.1184
-0.292725
7.66398
14.1763
-8.66905
14.0958
2.52391
-5.53579
-6.68269
7.9483
-17.5113
4.99039
10.9589
12.0313
11.3934
-8.99251
3.54222
-12.7892
5.1991
14.2238
12.1413
7.17656
4.56414
23.7109
14.4
27.9265
-18.2273
-7.70479
-6.18397
-20.0154
-4.24847
20.3518
15.4378
34.5518
16.6154
-15.6754
-10.8997
9.00706
27.6153
0.240195
14.8845
0.934469
15.7679
-1.8151
19.0366
-10.3384
0.186466
12.629
-38.7497
-3.82914
10.9678
14.614
25.5072
22.1968
4.38658
0.712977
-12.6162
-8.27411
11.4297
-4.46577
16.971
-1.21368
24.3073
20.005
-1.40159
-7.28118
6.69068
10.1113
31.8231
2.61914
-6.25688
-1.88846
4.43386
10.1193
4.18614
4.83671
7.86687
11.814
6.36389
-15.9799
16.2128
0.0806862
-10.1815
-16.5628
4.50013
-9.08942
-13.9224
5.65731
11.2737
11.8049
-13.4254
7.16749
17.365
-10.4981
3.84373
5.03763
12.4645
26.7228
-23.4591
18.0716
-15.6899
18.8493
1.25978
16.803
1.8878
-9.23375
-5.78893
7.36618
14.3023
8.26201
-2.96067
13.5428
22.3674
-3.14722
17.4692
-0.654088
-41.8306
-18.8253
-13.6109
-4.26656
3.78097
36.7602
20.2029
2.65641
1.68325
-17.9373
21.6773
11.3671
5.26201
-16.7534
8.16256
-19.7921
-35.4304
-6.51728
-14.6193
23.0267
8.89332
-14.6605
-12.0145
25.4172
-6.07305
7.5367
-15.3586
19.417
-9.21049
3.96207
-0.362402
-35.3111
-18.293
-4.59866
4.30773
-23.979
19.2229
6.04179
23.4371
-22.8849
12.5519
27.0792
6.15081
0.122632
6.56485
13.907
-14.0033
24.8328
15.3845
1.27455
-33.2902
1.88696
-15.0914
8.75588
-1.49074
-10.554
-9.49156
-20.6443
-15.8371
-39.2989
2.9592
-4.56737
-3.76838
20.9853
-2.20599
28.745
21.0179
11.5457
5.53188
-2.02215
17.9152
3.26318
15.984
-2.89223
6.14969
13.6348
26.6138
21.0814
1.72725
-5.04756
9.77389
22.1912
13.423
-21.6422
6.03819
27.5905
13.0361
18.1563
-3.53396
19.1219
17.5444
3.77406
6.20402
-3.35579
3.68716
13.0631
13.456
-25.745
-7.01618
7.79049
-7.96837
-5.44124
15.5891
1.44061
4.37049
6.5214
-1.68409
5.70316
-4.33776
8.1974
0.2702
10.1083
15.3024
40.0935
-2.08721
5.67799
35.5777
14.7438
-4.64395
34.1208
-0.110158
-3.58938
-17.6858
13.4899
20.9399
9.86882
14.5529
5.86543
-4.28342
6.46664
8.3295
-21.1599
13.7278
5.40467
4.83394
0.109031
6.23784
1.91369
-3.86976
-1.93713
29.7124
0.738471
7.03231
-0.942109
13.0349
-16.3999
-15.5663
-19.1693
14.1999
4.46048
7.40252
-0.0203699
-9.36166
10.7577
-7.40899
14.353
17.042
7.042
8.27901
13.3814
-15.8583
5.50209
3.0087
-1.78972
-4.3233
-5.69053
-5.97271
-10.2827
-17.5225
12.3488
13.598
6.06606
13.9618
-1.48794
14.334
-10.0699
3.61078
-1.21672
4.83679
22.5425
-59.2131
1.58376
5.34724
31.6052
-10.1661
14.0854
13.5759
-12.7249
18.6076
1.97584
13.3808
12.7827
26.7475
-0.149874
-2.10735
15.228
-5.30147
13.0858
0.492266
-14.6979
2.05469
10.4698
-4.90013
13.6433
-18.2035
10.7651
-5.56519
-8.86121
-9.56059
31.1319
7.72844
8.65472
-0.658049
-6.93061
-1.78902
7.32869
2.93548
-2.34566
17.209
4.61376
17.1926
30.3409
4.71702
3.56171
5.99802
-9.33413
-4.69967
7.19755
-5.10884
-0.492173
19.9199
4.57152
-6.55396
-1.73491
41.6409
-11.9506
-16.8147
-5.17235
16.8745
11.3375
3.65586
5.44088
-4.713
13.6995
-23.7669
-20.523
-13.9451
-8.84992
24.4884
-5.12442
-8.96713
-13.2704
-2.4265
-10.3463
8.71016
13.9164
0.907043
14.0766
2.57222
14.8746
-21.5838
-27.6575
-24.9536
-4.03907
16.7256
-10.9333
7.61376
-2.76369
-3.70862
-31.9438
-31.3569
4.18069
-2.60899
11.7296
-7.26992
-1.23236
-8.65474
-9.49665
1.81502
9.30631
-2.47522
-15.6074
9.51851
9.24711
-4.74548
2.85311
-28.0844
21.1464
-4.97541
10.5116
-12.812
-18.193
-11.5298
1.15978
-10.5671
-3.72198
-5.74977
16.1743
6.62282
-10.0866
-28.8086
1.96232
-25.5708
5.45594
4.84128
5.5741
-10.6214
-19.2848
6.53103
-5.34269
19.821
8.69466
13.3044
-9.90233
27.6617
16.6863
8.7439
7.22275
-2.27026
3.64989
-9.10444
-22.0682
7.63227
-0.137701
-5.2407
7.39863
12.2058
-7.4031
-5.04588
5.45034
7.00069
-3.51768
-26.4011
-25.8814
17.7846
1.29242
14.1534
0.0202068
-3.61586
15.5661
10.4657
-10.9843
15.4519
-1.83458
-5.72887
8.51929
25.0203
-1.87839
32.1894
11.4607
16.3053
5.92675
-26.8308
15.8236
-22.2077
-9.46113
2.21489
-23.9663
8.41028
-8.82888
15.9247
1.62403
-9.20636
-7.62498
2.07536
4.97087
-14.4228
-5.28843
-12.8566
-7.12716
7.48111
3.19214
23.8685
-7.5536
-8.53955
-12.7336
-7.86773
3.95656
-8.6849
17.2769
7.54842
1.55657
-34.9377
-13.1066
-7.52385
-8.29641
4.43841
-4.52878
-8.14492
-24.8469
1.52224
11.8298
3.91389
-11.2147
1.15532
-6.59114
-5.06385
1.47154
6.09303
-12.9261
-2.6973
-31.8069
-0.211235
-10.4902
-4.20924
-3.17727
-2.427
-5.57318
-21.02
3.21746
13.0981
6.37857
-18.2009
-21.3411
1.28329
-11.5917
-9.75804
-11.9529
-8.22977
25.6205
-8.28611
18.8984
3.24297
-3.5338
-10.5566
-3.80199
21.148
-2.21095
5.65802
12.3478
-8.46834
-63.3263
-16.4786
-11.5333
7.35896
8.32532
3.55982
0.0806333
9.25636
19.8614
12.5633
-5.44096
3.82407
2.00484
11.234
-33.7542
16.7081
-2.19423
10.7547
11.158
27.9898
-12.7351
-16.3858
-13.3569
13.6199
-7.65243
35.5368
12.195
30.5272
-9.52576
6.12119
-17.8642
-5.66746
-14.5924
-38.2077
-6.84971
8.60416
-20.8531
-0.125171
14.7052
-16.2233
2.04195
-25.6644
13.5134
8.06109
-3.48581
20.9119
-1.57593
23.9399
5.32301
14.0606
6.39094
15.6939
6.20293
2.65331
-2.13933
11.7734
28.7351
-10.8533
-0.511242
-6.10484
-0.345517
8.32331
-16.3329
21.836
-5.28346
-14.8766
-7.77598
19.6606
9.91302
2.42746
0.997094
-20.6297
3.52823
-10.7976
-6.85815
-2.18571
-9.22807
-30.1896
7.64173
3.19781
13.0966
0.697551
-15.2586
15.2279
17.6127
13.0668
-3.60291
-7.56836
3.05119
-37.7389
-1.89395
-16.6432
-1.72832
-8.58249
-11.5588
-6.217
6.34451
-35.901
-26.3531
-11.6825
-0.663247
-16.4545
-4.32631
-48.3471
-4.2118
13.0247
6.49159
-8.12729
-34.2491
-3.41701
8.98905
14.3997
-24.1104
14.3541
6.19262
6.45272
-18.1245
3.16248
-16.4735
-3.68741
-17.2911
6.67525
-27.9035
-10.3543
-6.80954
3.37689
10.8655
-18.3117
-17.4064
-19.57
-15.3297
-5.11417
13.228
7.57485
-13.8351
-10.1135
6.73747
32.6488
-8.26899
-3.57156
7.17686
1.50482
-17.785
8.53877
-9.74092
1.94631
1.94229
-15.9263
-8.20304
12.3423
8.67665
-0.884921
-31.836
6.19898
-17.2394
-14.6625
-10.0427
9.27562
-5.6631
-5.47005
-19.2552
-33.8265
8.85082
-15.5018
8.23977
29.9621
17.4246
22.0299
-2.92226
7.79339
-4.13888
5.49639
7.84078
-10.5447
-0.853101
-17.2427
-16.5557
-29.4728
-1.89207
3.63014
10.1612
20.166
-11.9492
1.88161
9.41992
-3.05469
6.01582
-24.105
-13.4053
1.54685
25.4726
4.5217
-17.6069
-26.7586
10.9598
-5.20246
10.1462
-3.91047
6.58377
7.9883
0.694047
-38.6277
-10.9808
14.4348
-20.841
-15.0023
21.7331
-1.78014
11.3085
-9.15295
13.9889
-6.94494
13.32
5.86293
-1.61155
-16.5992
-12.1085
6.94242
-12.1703
-8.97609
-2.89715
-3.79712
-0.642251
-5.7941
3.56618
-12.7642
16.1036
17.9574
1.9222
13.1108
6.58486
-5.55228
1.36709
6.77974
14.2325
-29.3626
9.24766
8.17604
-5.96924
0.138605
33.4004
9.0508
10.9078
17.0025
28.3057
-21.6086
1.03049
-13.7477
12.6144
-29.6102
11.3558
-4.55116
-2.31025
-22.2998
-16.7773
18.0913
4.71974
1.45843
-16.8867
1.95347
15.8856
-12.4045
19.7946
22.88
0.979283
11.668
-6.5569
4.12911
14.3209
4.66779
0.813732
-38.6334
-0.818063
9.82766
21.0216
2.96949
-10.5001
-18.4976
2.65896
-1.37896
25.2806
-8.83301
2.53998
-0.457704
-13.0705
-12.419
-1.21111
-2.13359
3.52356
-6.30409
-12.6954
-11.1076
31.55
-2.51603
13.8856
-2.13342
-0.17077
-25.3213
-40.187
8.42797
12.8109
-13.8376
9.51002
-10.4418
0.757621
-18.643
0.331834
-25.7166
-10.0108
2.976
-5.01625
-10.3627
-2.30822
26.9792
-4.74793
