0.917968
0.943618
1.03761
1.18128
1.16848
1.18701
1.08981
1.21627
1.21935
1.15006
1.24738
1.3735
1.43432
1.61332
1.52816
1.45885
1.45034
1.38094
1.3281
1.39144
1.45234
1.57562
1.65453
1.76897
1.82466
1.79202
1.88228
1.87498
1.80991
1.88219
1.82329
1.90903
1.80038
1.61831
1.54804
1.6188
1.5769
1.66103
1.68191
1.77801
1.66637
1.53799
1.3386
1.4025
1.2152
1.19186
1.30685
1.38239
1.3078
1.32776
1.34474
1.41956
1.48438
1.34355
1.26684
1.20476
1.27596
1.29807
1.24041
1.27839
1.22543
0.92631
0.907386
1.00381
1.22913
1.24561
1.39543
1.46847
1.36436
1.34096
1.4231
1.44333
1.47467
1.56621
1.53281
1.51895
1.58643
1.70911
1.75024
1.75734
1.71648
1.55487
1.62008
1.55765
1.59801
1.66006
1.51717
1.33452
1.19139
1.26572
1.19917
1.18887
1.23918
1.27655
1.2655
1.27975
1.15787
1.1178
0.968779
1.04443
