7.00219
-3.70911
-6.17119
-2.7327
7.78607
3.10409
-9.89536
9.79485
-7.73673
-3.26871
10.2577
-9.92783
-2.60128
-28.9489
-8.93257
-4.51217
-10.9942
1.09567
-6.70173
0.972503
5.2968
-4.35287
0.381644
-1.17995
-12.8042
3.94586
1.54736
-0.68892
0.19572
3.59124
-4.9092
15.7342
-5.84748
8.48959
0.0340847
2.0715
9.71928
2.90045
-7.59819
3.48256
7.33193
5.07964
12.2869
0.642616
-0.665
-2.88857
2.65289
-8.66681
-3.54312
16.6458
2.94669
-1.09949
3.95806
0.212741
-4.4372
10.8975
-7.62654
16.2627
10.6018
7.61443
0.491833
0.0293932
-8.19755
2.10466
-13.5965
5.19534
10.5426
0.821996
-0.070514
-6.54208
-12.9571
6.96487
9.22515
-0.0389875
-4.03766
15.8201
-12.3272
5.32547
-12.3947
0.56458
1.50667
-0.226943
2.36895
-4.65419
15.6939
-1.27753
-5.95987
0.414846
0.36378
5.44786
-2.05394
1.55153
2.28763
11.3765
2.40116
-1.53343
5.08101
-16.13
9.88185
-5.18949
