3.5948
1.2266
-2.53211
-2.9391
1.38144
1.19857
1.01192
5.99137
-2.24832
3.06912
0.202722
-8.40959
-9.32073
2.05627
1.5852
3.54123
0.811797
2.12567
2.15454
4.80674
2.48962
5.13766
2.01578
2.86582
-4.09871
-1.2629
4.94653
-0.825683
-4.11156
-3.66283
-2.55737
1.38672
3.82521
-5.74034
2.41586
5.56616
4.89823
-0.82448
5.88808
-2.6579
2.60493
3.27621
4.7123
4.12082
3.91687
4.47563
5.08311
0.568197
1.31576
5.5752
6.88106
3.93471
7.40846
4.99414
0.301893
2.53605
-2.33039
2.8699
1.63005
2.92944
2.21586
-1.33598
2.3009
2.21757
-3.59231
3.71612
0.7565
3.29152
6.71346
1.69296
1.13259
0.538079
3.18872
1.22816
-3.20358
6.21996
-0.363409
-3.87712
7.3984
1.27568
0.405201
-3.32332
-2.08835
-5.70309
0.633871
4.30004
1.33257
-1.46088
3.43463
1.42504
-0.13269
0.163536
-4.04105
1.81369
1.70327
1.78944
2.99096
1.66283
0.354985
-2.17141
