0.472082
0.486025
0.465904
0.387569
0.434717
0.370423
0.295449
0.351492
0.359378
0.362638
0.431898
0.471628
0.454166
0.472508
0.470353
0.501054
0.467018
0.462564
0.415754
0.349452
0.256305
0.236069
0.226889
0.148284
0.0790472
0.0508204
0.0689635
0.0448195
-0.0550995
-0.0648916
-0.0388201
-0.0280631
-0.0286466
-0.101071
-0.0977877
-0.218425
-0.202016
-0.243341
-0.299782
-0.267837
-0.239978
-0.343117
-0.386215
-0.382213
-0.309737
-0.356411
-0.370088
-0.375112
-0.384766
-0.34341
-0.417424
-0.429994
-0.400639
-0.533345
-0.514168
-0.527185
-0.579559
-0.53729
-0.452844
-0.442181
-0.494089
-0.431923
-0.475353
-0.48391
-0.516914
-0.425708
-0.451759
-0.501647
-0.519134
-0.550215
-0.619395
-0.535885
-0.562991
-0.542551
-0.597792
-0.707428
-0.725868
-0.774027
-0.733346
-0.723531
-0.757707
-0.690309
-0.710615
-0.748786
-0.822426
-0.861876
-0.873373
-0.840952
-0.914925
-0.874329
-0.934976
-0.937457
-0.970731
-0.940155
-0.947206
-0.850416
-0.782106
-0.749422
-0.798988
-0.764377
-0.767457
-0.850074
-0.827858
-0.820937
-0.77445
-0.805428
-0.784322
-0.822129
-0.89741
-0.884065
-0.876079
-0.941214
-0.894513
-0.880825
-0.795539
-0.726103
-0.650795
-0.673059
-0.646483
-0.668475
-0.614478
-0.530136
-0.557019
-0.607718
-0.617429
-0.695131
-0.762771
-0.82604
-0.832777
-0.880664
-0.873332
-0.895546
-0.904574
-0.831264
-0.813363
-0.864354
-0.858088
-0.869363
-0.855944
-0.986662
-0.990495
-1.01191
-0.942086
-0.928195
-0.957603
-1.04535
-1.02414
-1.02482
-0.944826
-1.0336
-1.05159
-0.988932
-0.940937
-0.963805
-0.961696
-0.88288
-0.884781
-0.859505
-0.852416
-0.813225
-0.796682
-0.858341
-0.882667
-0.796293
-0.751203
-0.822836
-0.877717
-0.907376
-0.869525
-0.878696
-0.891564
-0.935922
-1.00454
-0.950635
-0.953853
-1.02023
-0.938369
-0.930278
-0.908152
-0.905567
-0.865773
-0.896634
-0.871994
-0.81757
-0.743425
-0.841833
-0.894429
-0.889866
-0.92119
-0.925905
-0.95865
-0.968174
-1.00871
-0.96514
-0.925529
-0.987778
-0.965441
-0.904061
-0.838919
-0.810732
-0.76847
-0.806699
-0.763114
-0.814289
-0.777865
-0.780357
-0.691218
-0.605578
-0.580287
-0.570678
-0.513008
-0.428114
-0.439274
-0.437977
-0.445756
-0.37325
-0.365381
-0.323241
-0.320588
-0.248986
-0.335026
-0.348666
-0.314224
-0.345059
-0.214705
-0.212231
-0.188016
-0.116068
-0.117808
-0.111874
-0.145054
-0.174834
-0.20181
-0.180756
-0.234189
-0.133977
-0.112632
-0.0229197
0.0620096
0.0901576
0.0769619
0.111926
0.168455
0.248583
0.345987
0.277041
0.338179
0.360409
0.364801
0.375542
0.305531
0.308
0.36475
0.461943
0.4374
0.516101
0.616499
0.641249
0.72659
0.757641
0.715329
0.754407
0.75428
0.633975
0.70392
0.636721
0.652814
0.710248
0.664527
0.67475
0.646229
0.673019
0.671644
0.620049
0.670261
0.610105
0.638769
0.612424
0.648216
0.609233
0.698885
0.642033
0.598724
0.659854
0.709872
0.769298
0.708749
0.676044
0.747899
0.744451
0.724325
0.656897
0.654345
0.666368
0.614152
0.69812
0.643363
0.696549
0.70225
0.736973
0.763
0.725922
0.689862
0.740993
0.738174
0.701902
0.722082
0.659024
0.572722
0.535296
0.571235
0.579453
0.565201
0.524269
0.460222
0.472479
0.476792
0.501107
0.525663
0.468893
0.48948
0.468728
0.435587
0.424557
0.48178
0.491909
0.472107
0.441967
0.365095
0.410437
0.499954
0.470078
0.393104
0.391347
0.337273
0.255365
0.311337
0.278175
0.255501
0.275261
0.224517
0.123851
0.208761
0.15919
0.210648
0.191641
0.128856
-0.0156247
0.0836025
0.0668109
0.0961132
0.135493
0.171901
0.199982
0.179511
0.229339
0.240878
0.253271
0.2559
0.275841
0.252701
0.277648
0.323744
0.282858
0.326429
0.320393
0.250913
0.282895
0.361851
0.403827
0.4409
0.408889
0.342283
0.366616
0.339278
0.319358
0.3987
0.410884
0.448227
0.5081
