-3.84278
6.84869
7.56433
-8.71342
-17.9045
1.17753
-10.546
-3.73613
16.8045
1.08318
7.60655
5.5786
-6.02211
2.14205
0.365577
1.11152
-16.4139
-16.4043
6.293
6.30953
-4.49214
6.91858
-11.0978
15.4102
-3.56618
-9.00399
-5.19774
1.64881
-6.32748
-5.2641
-9.04287
-5.03773
4.3768
2.09001
13.3436
-6.13612
-3.93428
5.38832
-1.34444
-7.78445
13.8419
14.7036
1.62902
15.192
7.38837
-1.71178
16.9897
10.0366
7.01136
-4.31287
-8.12362
-6.88481
6.70837
-5.31946
23.8513
-9.01827
3.69355
1.96332
3.99518
21.5801
11.1901
-17.5914
-22.4552
7.638
-16.5745
-13.066
4.822
12.0801
11.3754
-6.59958
0.228959
-1.52826
8.44705
10.892
-2.95658
4.91685
0.254336
11.5266
7.54689
-8.42999
0.0246409
-10.358
14.5553
-12.2121
-16.0926
6.88661
-13.04
-3.59489
-12.0616
-1.12446
-4.80496
-15.4267
-11.1462
-15.7127
6.92048
-11.2296
17.6768
4.76852
7.93702
6.68185
