-3.88232
6.32754
3.73195
5.37181
5.67741
0.823371
-9.4849
9.08918
2.62755
10.3713
1.8084
-4.88475
-14.0851
1.37957
3.24389
5.68955
5.94562
4.31064
-7.77774
-1.54867
0.0148472
-10.6088
-14.1506
-0.964417
1.77412
0.911791
7.50025
-8.69173
2.90701
-5.23902
-3.71977
0.79943
0.680253
4.69556
2.77775
4.06778
8.31128
4.66579
4.60852
7.26425
-1.05125
4.90268
4.4624
0.325132
-1.32381
-5.27358
5.08758
-8.63912
-6.71899
9.95758
6.54124
-0.990655
8.07819
8.09431
-3.50577
2.62349
6.08547
6.06381
1.53446
-3.01613
2.7011
4.18031
-7.20521
0.999811
4.11628
7.25344
-1.22364
-3.40279
3.27499
0.888433
-5.23243
-4.88011
-7.8175
1.85638
-8.72121
-6.53627
-3.70135
-0.765633
-1.65641
-2.89739
2.63771
0.46558
12.3341
-15.197
-6.87304
-1.15128
-4.45581
0.205595
5.4901
-3.4456
6.04811
3.36054
6.49153
2.56796
5.62641
7.95898
6.4213
12.3182
4.91756
-3.93021
3.59475
8.19932
3.99742
1.6841
9.36056
12.0627
-5.23588
-1.55119
4.59375
-14.0594
-2.63054
4.29514
9.71693
2.44191
2.20213
9.07379
4.47118
0.163162
-1.34178
9.14223
1.24279
4.97845
-4.06878
2.61125
-12.5441
0.207736
2.26752
-4.6614
-4.27531
0.589274
0.1771
2.47597
3.94768
4.3707
3.30346
1.39124
7.02117
1.14288
-3.97738
5.55252
-4.26766
0.432151
7.61107
9.39181
7.49427
4.62991
-1.91781
-6.7588
4.15574
-0.87501
-2.6173
-1.44682
-0.0198183
-6.29109
-0.713579
2.53395
0.565524
-11.2563
-2.09304
10.0559
4.7089
12.9711
10.5671
10.0394
3.18556
5.25542
10.1743
-3.56851
-7.75153
-2.50679
-6.04205
2.43017
6.80278
5.03134
-5.8722
3.9044
-4.08587
0.517193
3.02203
-0.17907
3.51313
6.73189
1.56599
6.17394
-4.48817
1.30639
-7.3807
-6.24641
-7.6335
5.65085
7.27321
-0.533263
7.82304
-8.5651
-0.854376
-5.88549
4.16183
-0.184817
-5.59412
-1.81667
2.74412
3.08834
-13.0651
0.440758
5.30142
-2.50002
-8.20533
-2.01573
-2.00511
3.88329
6.84481
-6.68563
0.112767
2.73018
-7.09893
3.61659
2.56902
8.70768
-0.183163
16.5961
-2.28297
2.5524
4.70771
7.95442
3.46439
5.46846
-4.36663
4.24934
-2.30001
4.91997
14.8616
-5.33006
-3.5213
2.65844
-22.8599
-3.23952
-13.1012
-0.860962
-1.77381
1.56996
9.8794
6.16542
11.9774
4.0425
-0.768703
2.17682
-0.24453
0.317253
5.99765
4.76817
-7.78051
-2.75946
5.32529
7.23996
-4.70851
-15.9956
1.95975
-14.6094
2.30373
4.08065
1.3091
15.4511
1.19771
3.42387
3.00061
-3.24492
0.71576
4.83052
14.5574
1.56179
-7.26378
-1.00975
-10.2102
0.619961
-16.7618
3.80221
-1.48146
4.52462
-0.064514
0.626658
7.29734
2.92128
2.15495
10.3485
7.94133
8.89211
4.07949
11.9523
4.75683
-2.97679
9.77535
3.40551
-4.10613
3.15617
-5.81223
-2.78567
-8.49196
-4.13539
2.82238
-4.3666
5.9179
3.67967
-0.28472
9.00143
6.68001
-7.07296
5.11905
2.2838
4.51766
-0.234528
12.1306
0.743513
0.822801
7.48149
4.83707
-6.94171
-7.80326
-13.2602
-4.37727
0.581008
-2.29831
5.50678
0.970853
2.9668
12.3367
-10.132
5.14836
2.83541
7.57191
-7.71196
-6.25707
-10.3047
0.0741495
12.4038
5.26908
-1.1332
-11.3508
6.83425
0.510921
-0.275676
9.54538
-2.86131
-2.25235
-8.5443
-0.789773
0.824927
-6.45365
-0.575287
0.577644
6.32087
5.96116
9.3684
5.11517
3.41868
10.7119
8.29893
11.4143
8.06352
0.934432
0.205944
-2.94541
0.169624
-0.597259
7.69187
1.16734
8.77589
5.66876
4.78141
-2.82834
-7.87423
-1.9834
6.83915
-2.55406
-0.198846
2.90707
10.9136
-2.36576
6.47847
4.28791
-2.97596
-2.15535
0.968718
-4.80181
-2.05538
-5.36572
4.71502
6.2628
2.52243
9.66241
3.15729
-3.74589
-10.1552
-2.19874
4.61308
-8.70501
2.458
0.554422
6.71296
-4.73744
10.7429
-1.39933
11.6781
-10.8608
-3.52031
8.32809
-5.27507
-11.4381
-5.12096
4.94486
8.31006
9.58305
14.1679
-4.85395
7.53742
5.97619
-8.34167
-1.96558
4.66648
-0.528624
10.4458
2.44559
1.9368
5.894
-7.50963
2.49084
-2.46895
-3.99501
10.4192
5.23982
-5.26903
6.0929
7.98896
-5.44149
-1.03403
-4.68465
7.42234
4.70824
3.10989
2.12868
-5.67424
5.09163
-0.0879084
0.397248
-6.14489
7.94873
9.68597
5.95523
-6.48034
0.532974
-6.60801
4.69936
-2.66505
9.0903
10.1982
6.12409
-9.9051
2.37779
-7.84238
5.47345
0.51828
-10.8757
1.54222
-1.14709
9.74852
9.96761
3.78726
2.78846
10.0478
1.66313
4.17093
2.66707
-3.73647
-3.9033
-10.5212
-7.74467
5.74022
0.765371
5.53713
-0.831602
3.43937
-4.21053
-13.9538
0.535623
0.394199
0.76484
-13.2059
9.91452
-4.71655
4.95058
-0.854448
-8.16997
1.56501
-9.58818
6.62464
7.43282
2.45508
-0.0515365
6.82925
4.17679
-3.80454
-2.22225
-5.18136
-2.32139
5.80005
-3.16369
0.136151
-9.10629
4.59718
15.2611
-0.0831774
-0.418338
3.14225
5.59412
4.17064
0.60723
-6.54505
-4.00154
8.29318
3.29422
-0.729023
-2.64237
5.44075
-3.41931
-0.813888
1.4309
-2.00962
2.51621
-1.73792
-4.34799
4.73899
4.60247
-1.25006
-6.66181
8.32297
0.471318
-0.536074
-4.81056
9.56104
6.33898
7.50557
0.266786
-3.14352
9.3611
-1.42559
-2.85426
5.25764
3.14312
8.74986
-8.46425
-10.9604
-16.2973
6.67487
4.15147
3.80545
-3.1536
3.17154
-5.25306
-2.67593
9.62985
1.47996
9.1566
-0.498697
2.43185
-1.51298
5.02951
6.96612
1.40856
5.04166
-10.0087
-5.08657
9.71274
-3.25874
14.0978
3.28046
0.642723
1.95815
4.49506
-13.5603
5.09954
-3.50423
-11.7547
-4.86012
5.16855
0.584693
-1.53755
-1.35885
2.77232
-5.03413
-3.29478
8.9828
-2.53378
-2.12273
-2.92938
8.2969
-4.74836
3.06486
-0.384631
2.10929
5.35688
-4.85828
-4.63356
3.23598
-1.68237
1.71286
7.91969
0.0289019
4.44055
-9.01553
7.17918
7.5145
0.0576805
-9.59369
0.349733
2.5963
3.7215
-8.97732
-7.99793
3.04921
4.71613
-3.69991
-1.38533
2.09488
-0.932264
8.98795
3.08929
4.42084
8.3629
2.33934
1.71817
2.14296
-1.94814
5.98035
0.901775
-0.637408
9.90408
-5.38182
-0.51076
1.83126
5.91041
9.1795
4.64366
-16.2419
-8.58831
-5.43296
-3.1063
9.20669
8.25159
-11.3105
6.43081
7.95272
0.119359
7.40888
7.48472
-11.3382
8.72208
-0.831922
4.32652
-4.07223
13.5386
-8.76168
-0.47271
-3.19968
1.97262
0.830062
-0.685197
-10.8221
4.40211
9.0514
-8.16486
-7.19793
-0.259446
5.79081
9.75888
9.00743
-5.64516
2.37249
-7.69923
7.32676
-8.04586
-5.27847
2.31818
-0.683395
-0.38079
4.56797
2.68967
7.18391
-4.40107
-14.5284
2.80387
-7.35914
-8.18839
-1.72276
2.39405
-6.18386
-5.63617
0.452101
-3.01847
-2.08254
7.10831
-0.922053
3.03278
3.54734
-4.42983
10.8552
10.6593
6.87475
-0.744528
-4.22771
5.19329
-3.97657
-7.626
-3.49968
0.596209
-3.59904
4.16221
-5.62721
0.708682
9.5808
-6.35539
1.88363
2.59551
3.22235
2.60271
4.35018
-2.40948
3.5939
-7.07591
4.1438
5.25127
-1.27351
-8.77101
1.36572
-0.861105
1.47931
-7.56878
1.9144
6.31583
3.68441
5.10968
-4.53458
-4.73134
-9.92212
0.776494
-2.03124
7.28841
-4.38311
9.76078
4.67405
-6.96948
6.67535
4.48615
-1.05333
-3.55417
6.38965
-1.37424
3.07081
14.1197
-3.14394
-0.113563
3.85758
-1.91642
-0.00531559
5.67133
2.49526
0.968611
4.35988
-7.48402
-5.11641
3.74278
7.01441
-1.18354
-0.636441
-6.72719
-0.0717263
-5.21544
3.05754
14.1479
0.31874
-3.73896
-2.22387
1.67663
5.04706
4.93017
0.775612
5.87793
6.2773
-1.63447
4.96717
2.67285
6.76702
10.7397
11.0243
-9.05885
-3.73435
-5.24572
0.589027
-7.98086
-0.200241
1.24134
4.98858
3.01427
6.55675
-5.53895
2.90747
5.56617
-0.378313
-12.0577
2.19614
7.81257
1.50827
-11.7614
4.00438
3.70663
0.346864
-3.21555
4.49074
0.239514
-9.67623
-0.17845
-14.5876
-3.20319
-2.3154
-5.49452
3.77142
5.28726
9.94528
-2.42141
1.50421
-6.55606
-12.057
-3.66319
-1.07897
-4.975
-5.44185
-4.57421
4.70283
9.42789
15.254
1.36421
6.51019
-0.285426
2.59728
5.171
6.19901
8.81709
6.23859
8.16213
7.67938
-2.2615
1.65181
6.41291
2.14195
6.49567
-1.41187
3.41767
7.89525
6.53995
-4.08678
0.51292
5.58029
-0.618951
2.07789
-7.78834
-0.544502
-11.2497
0.326157
-6.57958
0.111708
11.5866
-8.9402
-1.71331
17.153
0.598847
7.30901
-0.657153
6.59414
-17.3945
-10.0782
-2.22329
-1.15196
4.88763
1.83719
9.67677
11.0836
5.23635
-1.8024
-6.74788
-4.82179
-13.8552
1.97314
11.5543
3.72628
8.14483
-2.16055
2.2903
-2.81364
0.270659
-3.67833
0.428049
1.81318
-15.2718
-2.14906
2.08954
4.25859
10.4981
10.7188
11.0478
2.22363
-3.07768
-11.79
0.702081
2.65573
3.5293
-3.48278
3.62524
-1.51127
-3.54734
6.08897
4.91287
3.73898
3.72653
-4.28962
-0.344908
-4.76931
6.33093
1.1267
6.22006
10.3027
-1.56024
-1.93446
-6.1071
5.57061
-5.86752
2.94862
2.5563
8.52223
-6.37924
-2.38571
-2.58807
-0.37736
-10.5663
-1.72256
-5.20165
-18.2256
0.160754
2.7963
6.11876
-5.02953
10.5357
5.83307
1.32135
6.57278
-4.01848
-2.096
-1.19942
-2.23273
6.28119
9.11116
2.0386
7.57316
10.404
4.55902
3.56916
-0.903149
1.67239
0.713257
2.21551
6.2566
-10.1165
5.96307
7.86322
6.32779
2.35966
2.8496
-1.26422
9.89806
6.62792
2.83048
0.313413
-4.99737
-0.338734
7.35255
7.00702
6.85069
5.37224
-0.984843
8.70272
6.47934
-5.36179
10.6327
-8.33835
1.31255
-10.0364
0.385305
-1.09936
4.95822
-2.1881
2.99712
2.36468
-3.03033
4.02609
-7.52128
-4.31815
11.5022
-1.57276
0.879713
6.33531
0.832967
-5.66442
3.76996
2.46364
4.97922
5.32774
5.96795
2.69924
-2.56297
0.916937
3.92931
-0.329997
-4.04569
6.65974
-9.08565
-7.14175
3.84029
4.81102
10.0219
6.78756
2.8451
-8.39979
-0.876422
0.4403
2.9041
-3.91316
5.05606
3.15728
1.90418
7.86224
6.03837
2.87486
6.72819
-8.76656
3.01809
-2.51867
3.31448
-2.84025
3.0522
7.5059
1.5238
1.15461
2.09761
-14.2504
-3.49175
5.23177
9.37566
1.39489
3.65379
-2.07262
4.03115
6.24573
-8.33715
0.320935
-1.9034
0.922875
-7.21656
0.211031
5.41839
3.97531
-11.0381
-0.998644
7.74406
2.04819
-7.04577
5.66927
4.02074
2.15053
6.84735
1.28694
-3.67295
1.39049
4.98842
6.00176
8.31996
-5.62727
10.4546
5.87407
8.35856
-3.93268
-2.67009
-6.36165
9.56325
-4.79714
-2.63133
3.56106
-3.3781
4.61797
5.74369
-5.06653
-0.625878
3.25365
6.61972
-1.32055
8.40738
8.81289
5.47262
-12.6889
-0.989097
10.8877
1.33849
-2.03082
6.76499
3.27509
-6.9621
1.93552
6.13848
10.3705
8.88794
-4.0178
-6.17011
5.80078
-1.32847
-9.94572
5.03641
0.470744
6.64549
0.568171
9.8818
3.68753
0.386777
-2.17142
0.390674
8.69907
3.19096
1.08363
6.09498
3.66308
-9.12792
4.49736
7.48499
4.27817
10.1874
11.5159
-1.16252
-0.571574
8.6903
-0.737547
-4.74816
10.2409
10.0996
7.34778
3.13379
3.03598
-5.88044
-3.12208
-5.00089
13.2804
-3.93018
-1.06759
1.32886
-3.2213
0.495322
8.4657
-6.25258
-7.41285
7.79071
-2.72435
-3.89188
-5.58147
5.45205
-0.721324
3.7843
2.77264
8.82576
4.06611
1.54309
5.13556
5.68877
5.19528
-3.6202
2.60992
-1.48331
4.0003
5.32685
8.9998
-0.452384
3.94229
-5.10714
5.15935
11.7881
-4.14868
0.82769
5.63656
7.02361
-1.56895
7.44775
-3.36922
-5.27498
-1.91257
-10.846
0.283307
-4.25797
0.349426
7.08224
4.77071
-11.9368
1.25332
-10.3051
-1.78378
0.181187
7.53822
-6.6289
-5.38846
1.87629
5.64036
-10.9589
-1.91457
-1.7018
-2.54405
6.91819
-1.92243
-0.138315
1.75538
-6.4706
-7.00422
4.41606
-0.0542263
-4.134
-1.31321
10.5968
8.00928
4.28156
-7.41702
6.70323
-1.53137
3.89381
0.0812986
2.56415
9.62906
-5.17373
3.75907
0.3431
-5.31585
3.0161
0.017131
-13.0686
6.24569
7.64747
-4.77514
-9.40214
1.58778
-2.22726
3.66893
13.6015
-6.3298
5.882
-8.49185
2.54308
1.61217
0.150398
4.19532
8.13501
-0.908919
-3.06236
-2.83245
-6.7622
0.709618
0.553843
-3.72272
-6.31544
-5.52184
-11.9601
1.09416
-8.67748
8.65535
9.90751
4.63072
10.5965
2.13166
11.9405
-5.67984
-0.876227
-20.9006
-7.80245
6.5277
0.639692
1.83026
1.84466
4.16501
-10.1487
1.39929
4.57966
0.185009
6.0607
4.82406
-3.97969
1.59557
-1.98436
7.47638
0.113044
9.98835
-7.62518
3.52858
2.05048
3.56913
7.58995
9.50636
-2.89357
-8.93203
0.602901
-3.50156
5.49878
-2.18833
-3.49125
1.74202
0.104635
-0.587359
-3.80216
7.03106
6.39648
-0.532415
2.1866
3.38107
-2.80556
-10.7984
0.942265
-2.2271
0.516739
4.03814
-0.258038
12.9225
-13.4588
-3.3102
9.10907
2.6981
10.7344
4.48541
-7.67288
3.14439
8.56343
2.7914
5.05663
-1.12127
-20.4699
5.13702
-6.82429
0.509036
3.09298
-1.08549
-2.67837
0.826009
-8.9932
4.32158
-1.23168
5.08704
8.4515
-8.67041
-10.116
-13.1088
8.54872
-7.99609
0.0603564
8.85448
6.81916
5.61368
-3.26921
-2.74074
7.18945
-4.98804
-0.452732
-0.454997
9.54399
3.92323
-0.514918
8.11556
-3.11161
10.894
-0.127445
-4.81764
11.0882
6.56733
-0.566118
0.345615
1.46027
10.3408
-0.900101
0.649746
-0.257161
4.77563
10.3169
-3.06482
-0.67548
-1.01965
-2.78654
-18.7607
0.043015
-9.69213
-21.6188
-2.96596
-6.50019
3.26236
14.409
11.0279
-1.35729
5.97181
2.4633
-7.03937
3.20246
-0.635878
6.62008
-9.62235
10.3315
9.03289
-1.97735
2.18832
7.07505
-1.6309
7.66577
1.77647
12.404
-1.06941
-3.55799
-4.78726
7.92795
-11.2346
-4.94556
7.78414
7.18485
7.18439
-2.56891
0.08936
-6.33873
1.01445
6.87111
4.72517
5.44255
0.079363
-5.65464
8.18113
9.82745
1.26885
-0.0662912
6.22383
-0.744055
-0.141221
-8.81091
-2.46834
-4.62822
-2.70338
7.43109
-0.805305
3.6789
-13.5277
-12.7091
-9.44212
3.75468
-8.61828
3.50076
0.129695
-3.25026
-7.03808
-1.94685
-2.11546
2.91212
-14.9434
-8.06786
-10.948
-4.33751
-2.77375
-11.3289
-14.0977
-4.60657
-2.72737
-8.41824
-1.15863
4.3228
2.69399
0.177421
1.20228
-0.46028
-10.0537
2.58654
-3.27435
3.92649
-2.00251
-0.387507
-4.1925
-4.02956
11.39
6.99587
5.49208
2.51882
-5.63195
3.67109
-22.2346
5.07105
6.23147
2.55861
10.8171
-6.28761
4.95814
2.62923
5.69892
5.04847
4.82013
-7.66826
-0.0357368
-6.58418
4.26012
9.38286
-1.29131
-0.999724
-8.80079
0.922503
0.633469
8.39862
1.51888
5.95948
-6.06245
-5.64776
-2.44591
2.1199
9.35325
5.67273
4.25478
8.83657
-4.5438
6.42095
4.02001
2.41757
15.0161
5.43794
-1.96529
8.00287
7.12568
-9.68862
-4.78554
-1.28064
-3.08556
-3.40168
8.63696
-1.96627
-1.30886
3.31303
-6.50107
-12.2149
-13.51
-0.593451
-3.87356
3.9132
3.27172
-1.19601
-3.25979
-4.11844
4.48785
0.0301387
-8.96529
2.49942
-1.69442
4.65268
9.91982
-1.88684
9.47171
9.61504
2.87617
1.01626
-9.12029
10.7792
4.12557
7.4052
0.162617
10.3294
3.16337
2.94873
-6.14375
-15.7783
-6.80236
3.3726
15.3156
-4.84851
-0.263421
-2.18998
0.324979
-0.474315
4.21681
1.88531
-1.66137
7.53134
3.66275
3.96702
2.43061
1.82977
4.30277
-10.1637
-2.87937
-8.52153
2.48447
8.56094
8.32922
10.2554
-2.89838
4.75372
2.67025
-1.16383
1.50577
7.84431
1.51361
-3.74564
5.41239
-3.54002
1.88297
2.07601
2.14019
5.48749
5.09355
2.12227
2.09986
2.28716
-1.93647
7.52197
7.66736
7.48321
-0.546629
10.876
-7.19755
-5.71829
-3.66153
6.96138
0.474879
10.501
10.7134
1.70088
-3.766
-4.58281
6.30826
1.5039
3.41963
-4.35727
-9.68207
2.63793
-0.962768
9.64453
-7.14653
4.98993
6.47658
3.42577
-0.159417
-2.30589
1.85112
3.87113
9.75122
-2.3719
7.62722
7.12065
-9.95361
-0.872898
-15.1992
11.64
-1.65971
-7.26115
8.87863
-3.07011
-1.53652
0.157495
8.13094
1.84201
-1.4442
-3.10224
3.02409
-11.4038
1.5466
2.5599
-3.77477
1.4225
2.36358
3.15461
-0.0237975
11.0194
-0.0745814
2.88718
-10.6181
7.37547
1.86963
15.5856
-4.87986
-6.36475
-3.52433
2.87034
10.3227
-3.03469
6.78701
-2.33307
4.85922
0.241779
4.64414
-3.96427
7.03225
13.2518
8.29189
-1.60819
0.469391
17.991
4.04955
1.0607
5.95027
2.95635
10.5372
2.75164
-4.84668
5.7073
7.28935
9.58987
-1.26086
-9.38846
-3.97871
-1.69263
5.76272
2.0305
2.57977
4.54123
12.6252
-0.545972
2.56213
9.51079
-0.378947
6.99477
-9.41029
2.53153
11.5331
-4.21132
14.6474
-3.37772
-1.09579
2.98463
4.48295
-0.232523
1.57058
-4.04905
1.08308
8.52304
3.11759
5.76019
1.23833
-0.683356
0.39234
8.59625
7.67866
10.4628
-2.53243
-14.118
-10.9353
-0.0367973
-7.28895
12.3244
-5.30999
-0.882309
8.68903
1.49379
-0.278908
6.75074
2.23836
8.43794
3.68144
1.24567
1.3127
-1.50718
3.97633
-15.5739
5.87836
-1.40522
-2.54699
-1.5297
-1.42003
8.83535
3.61686
-6.99577
2.23264
9.54341
-5.59582
-18.8045
-2.46334
7.21501
0.600875
-21.0468
-2.87896
-5.09238
-9.40501
2.62342
2.24649
-2.19448
5.24961
3.55379
-11.7587
2.37628
-10.3251
1.31727
-0.92447
-19.2153
5.93957
9.54585
4.96112
4.08396
7.57486
3.86758
1.0946
11.1002
17.1491
-5.8308
-8.10041
-13.8155
5.23052
-10.253
9.3095
-7.26145
2.85567
5.15596
6.97985
1.54012
4.02552
-2.42604
-6.17039
15.4713
-4.26992
6.2658
5.405
-5.3181
8.94123
-0.527237
-2.42267
13.2413
10.306
-13.5129
3.46634
-3.2025
9.54014
1.96594
-5.48274
4.53643
-1.54792
0.284029
0.480894
-6.35827
-1.57793
11.692
1.3415
7.00797
-8.05565
10.4449
-1.17654
6.29761
-0.89023
10.761
-15.7187
-2.47481
0.272728
6.17016
3.19461
9.73896
1.28575
-9.9103
14.1855
-6.67771
6.46874
-4.79286
-4.22765
-9.93227
-8.88259
4.92133
-19.6489
7.83611
11.8505
3.6306
-2.40996
-0.171898
-1.74826
-6.21934
-6.07572
-10.188
10.2332
3.46113
-3.82517
7.06112
11.3012
-0.14941
15.2792
-11.3623
2.88194
-6.98615
3.1241
4.50964
0.656804
-10.0268
-8.21733
-4.36237
3.80796
3.38032
-0.35235
6.45344
4.44766
4.45531
-10.4346
3.31895
0.025641
2.50611
-6.59293
-5.37972
3.43924
3.62025
1.95532
17.4392
2.17826
11.9117
-2.71195
9.20857
3.8163
-1.71006
1.27906
1.77308
-10.168
-1.09645
10.3129
10.3348
-3.3873
-5.95084
-4.40333
7.67047
2.85319
5.03127
-18.0486
2.4683
-7.54608
6.18813
-3.84026
-0.17867
3.49944
-10.2905
2.96675
0.377778
8.61566
-5.29583
0.840565
1.27575
-1.24855
0.156923
4.15817
6.84114
-2.03651
5.51944
-8.01224
-5.00736
7.01833
-1.92739
-5.74849
-2.97818
-0.756927
-5.52775
15.5317
13.9121
11.3075
-2.88316
-12.0206
6.21101
2.13212
10.3422
1.0014
1.9462
4.57368
-2.40599
-10.295
4.09186
-10.1545
-6.97407
8.06421
11.8454
4.31294
0.386018
3.21222
4.52098
7.01558
-6.65626
14.8039
-6.11031
-0.275063
1.42432
-3.02994
-1.09023
8.63158
-8.85032
3.91112
3.18587
1.93868
-1.09259
6.15011
5.58079
-2.69819
5.78802
10.1125
0.89958
-4.5013
2.92408
-1.63861
9.9042
