-7.87442
1.2291
-1.40673
11.9808
0.976878
5.43151
9.5909
-1.71898
0.246904
11.2419
12.1374
-0.159974
-4.02156
10.4171
2.78038
-16.1624
3.91457
-9.62782
5.83943
7.17266
2.87337
9.31161
11.9047
11.4768
3.5178
5.03678
5.87111
3.44897
2.82493
1.12083
-15.8781
8.76643
-4.1582
3.07334
-8.11859
0.0049556
2.85003
-0.00176427
2.7276
-3.51004
12.1191
7.97869
0.950471
4.26607
-3.67529
3.59346
5.52807
5.08171
1.76872
-8.00884
-11.142
-10.9367
4.19914
9.81622
15.498
-2.3305
14.3337
0.978194
7.11151
-3.77814
0.69496
7.452
2.42452
-5.04939
0.140771
3.29284
4.1599
-0.622478
-14.8008
-19.0137
2.49176
-6.51749
-2.23863
0.991059
17.8308
-1.13444
2.48843
9.74193
-10.1034
2.59738
6.08841
10.895
-5.58554
9.76984
-5.08586
-6.26185
-4.83801
-0.216863
2.48776
-1.15935
-5.11523
-5.3506
-2.72045
4.89426
9.79161
-21.6615
-3.75191
3.90433
1.64992
-6.8203
0.666703
-5.63731
-10.6175
4.69011
10.5474
-6.59279
-8.87825
7.92084
4.42178
2.19554
5.50388
3.39901
-3.41108
0.62031
2.16113
5.54328
6.73812
-1.11155
11.3973
3.90844
18.4319
-9.38028
-4.93393
-1.82378
5.15353
-11.0797
-0.398692
-4.61383
-1.27661
-15.6392
-23.9086
-7.80439
10.5491
-6.08538
-9.67046
17.9732
-13.2013
-11.6921
3.96893
7.41642
14.1762
12.5196
11.1661
-1.2885
9.43516
3.61726
5.41545
3.92618
6.78002
-13.8604
-7.92026
9.40308
2.28789
4.12897
9.82441
8.7916
8.97583
-1.6303
1.2425
1.3201
10.4393
-2.37411
1.41776
1.17889
-3.40577
5.5861
12.5832
-1.37566
6.94422
2.55863
3.98066
-4.60059
-0.0429098
16.4559
17.4958
1.67453
7.39229
-6.06274
-4.50084
21.1081
-15.5416
-7.87016
-2.59363
-6.03353
10.6765
6.85204
-9.12656
-5.51098
6.36496
-9.53839
3.55758
-1.38763
1.76088
-3.0184
-1.53315
1.99654
6.25497
3.01378
-7.8627
-7.66717
5.44624
8.16373
1.74035
-1.0524
7.377
-12.0466
5.19936
9.22881
8.31147
0.467321
15.5413
6.53637
-8.38277
-6.0069
6.97961
10.7642
2.40539
1.91765
5.05686
-16.0702
-8.48722
-6.82013
-10.5977
4.49346
-6.16283
11.8562
4.25687
0.643697
-12.5901
-2.08236
0.820153
4.79871
8.36444
0.171117
9.66287
6.30804
-3.32969
-7.23376
12.3459
12.4192
7.69604
-0.2505
2.617
-14.87
1.19486
-3.7545
13.0301
-0.0812637
-0.780139
-6.23328
5.66381
1.61738
-0.450506
-7.48435
5.81434
-2.69542
2.62056
-6.20869
1.8823
-9.21002
0.581201
3.21971
7.86736
7.18922
-1.95245
-1.29878
4.33208
5.31917
-25.3948
-3.02465
-3.90602
-2.69071
1.49903
5.34141
3.15466
-0.265099
-4.04057
14.833
15.0734
-3.13388
4.90344
-6.92864
4.67767
6.40776
8.74627
-4.8169
-1.05265
-10.2163
-13.03
5.50174
9.02546
-2.64404
5.07763
-7.19348
1.20499
3.16049
4.83159
-2.96708
-3.72128
-2.02534
5.35322
-9.53377
7.16048
-3.64489
-8.47937
-4.21838
-9.32487
13.4986
1.15277
6.43562
11.4657
9.26226
13.5628
-5.20533
-9.84225
7.4844
-10.3633
7.48774
21.457
10.5891
-7.95494
-6.596
8.36107
9.76515
-0.954916
0.286077
-3.76746
-9.56742
4.74611
-7.87989
-1.71188
-8.55495
7.39784
-7.4318
2.44591
0.0211961
4.11676
9.1028
12.0557
-4.39406
-4.04596
1.38455
1.59163
3.26668
7.79438
-11.0382
1.29776
11.0205
8.04044
-4.06462
3.85723
-8.69993
6.73736
0.350835
-2.611
9.66452
3.59353
-6.48159
-15.3497
-0.930179
12.8771
-9.46661
-12.0235
-1.40827
2.80423
-5.19385
-9.11181
3.47697
-3.1982
4.60564
-0.287342
-9.75089
-5.69704
-2.52841
-12.9863
-0.200259
-3.00379
-2.50702
-6.062
3.01674
6.61916
-4.3743
-11.5785
8.03099
14.0414
-5.19389
-8.85981
3.9196
9.0832
8.00907
3.10573
3.44529
0.912257
-11.9695
4.43947
-4.40287
-11.985
10.1944
5.5175
5.46004
-5.13526
10.0092
-3.05945
-2.1632
-3.1479
0.839001
-3.20709
12.13
10.5798
10.7501
0.276347
-8.57382
-7.37449
7.64059
0.121184
7.41901
8.90801
-0.173201
2.17594
-8.57219
2.09923
-2.27742
-4.21643
4.04868
3.71768
4.03432
-6.40131
-6.66357
10.5419
-6.89922
1.84116
2.10368
3.21612
7.56742
-9.13543
10.0608
-8.5753
-7.65416
-1.90148
-10.6156
3.36438
-0.303768
13.8342
-3.86417
-13.3699
1.48972
-8.17361
-3.07653
-3.80449
3.07262
8.94308
-5.7016
0.424149
-22.1486
14.3729
13.9873
7.70723
-4.07779
6.68277
-7.54902
2.83751
15.653
9.5998
2.30424
11.1621
1.94044
-14.0706
7.80262
-8.5217
0.807259
17.0302
-0.309825
-9.49796
9.72301
-0.0878996
4.00664
2.31293
-4.95535
-4.89663
4.37377
2.33401
7.49204
-3.90126
4.40699
10.0594
-10.488
2.17094
-9.62961
-11.8139
-1.71855
-10.8259
1.57004
-2.66633
-1.46449
9.91237
0.414882
1.77682
8.32297
6.91934
-2.79661
-0.246316
-7.6122
8.18081
11.1188
6.82679
4.5059
2.25041
5.19167
-2.86826
0.0697617
0.297564
-16.7007
5.49039
-3.59048
-8.19641
-4.89354
-16.0857
1.94932
-4.44452
-0.697458
-2.96341
19.3861
-4.3827
-5.49627
4.88034
-4.32223
-2.11254
16.1065
-2.65196
9.49552
-4.0104
3.45469
-2.04618
3.24114
7.94381
-2.20621
-0.710848
8.07136
-3.87389
-0.797419
-7.33187
2.53901
-2.78898
-12.2108
9.68884
-0.433693
-5.75163
21.8586
1.72518
6.76684
9.051
-8.55607
2.15372
1.59721
-15.1245
15.9035
-2.69809
1.51893
3.33872
2.1201
-4.77003
5.30557
15.1393
7.11451
14.3002
7.64747
9.80562
-1.66298
1.18321
-4.17821
12.0617
-5.98281
1.16689
4.92011
1.03715
-4.00792
5.19477
-5.4949
-10.7118
9.70052
11.5334
-3.42358
-1.57486
-6.41381
-5.4665
-5.26021
8.10637
11.2068
-12.1388
2.52114
-6.35607
-5.67746
5.13041
-4.04526
4.92999
-5.35465
-6.23939
3.31271
-5.8462
5.50085
6.51671
20.4382
3.61815
6.84439
-8.51592
7.43475
3.2635
-3.20553
2.01005
3.84951
0.389553
11.9913
9.59647
4.44739
4.38526
3.65015
-9.01079
3.39131
-5.43346
9.16271
1.56043
13.8143
4.55719
-5.4921
-2.04401
-2.64225
2.25675
-14.8263
-13.8304
4.54537
-7.13817
-14.652
0.333747
5.30306
6.25216
10.7836
3.20861
-14.8531
1.93098
11.0913
-2.65434
-6.71652
-13.1663
-1.76661
-3.04023
3.28405
10.3955
-3.78638
5.44346
2.60669
16.1493
1.28496
-3.30397
-7.42163
1.95801
-1.66239
3.58651
6.95339
18.1263
0.444659
0.713759
9.23734
-2.73686
-0.980932
-5.51328
6.42304
4.01947
-1.83268
-9.55152
-4.94254
-1.37777
-4.58383
3.58503
1.90217
11.6599
2.21998
3.10112
-2.30262
-3.81976
8.48367
-1.49868
0.248954
10.9835
13.0454
-3.86313
10.7269
-10.4471
2.39196
-2.14194
9.93241
-16.84
3.31152
1.17949
17.6027
10.1321
5.43348
15.9512
-3.39351
-6.90269
5.3327
1.71917
-0.314837
-19.4952
-2.10712
13.3305
7.30602
-3.14879
1.5389
3.15896
14.9522
0.764405
-6.18529
1.2536
0.749063
-1.56715
6.41932
2.91446
0.246857
5.80628
-6.56804
10.4465
5.68862
-6.06549
-11.9514
8.66023
7.18077
6.48214
6.25962
5.10949
3.40511
0.99975
20.2661
0.195279
-0.135183
-1.38033
4.35734
-0.803693
-5.56313
0.671386
2.0506
-0.209874
-6.94232
-12.1311
-8.5127
7.33637
-5.65752
-1.12337
-4.38087
-0.75319
0.394017
9.20523
-4.91055
5.46991
-6.9219
8.7836
11.4403
-10.46
17.4184
8.76412
4.43444
0.332596
-9.38256
5.36007
0.242737
9.48027
-4.68231
3.75924
6.00832
11.4708
-4.77073
7.80946
-4.43874
4.30682
-8.05564
8.81931
-5.46908
-8.33216
4.31367
-0.221916
-5.80986
0.299176
8.02515
11.3483
-0.313063
7.89781
5.65742
-16.2299
5.06416
2.67874
-9.73777
5.40654
4.40826
0.703195
-9.72298
3.04702
-7.69632
5.58185
-5.46027
-1.86964
-2.42405
0.306457
4.69889
-4.83984
-5.4683
-2.35279
-5.0823
12.4688
-6.50054
-14.6686
6.58177
-2.18527
-4.08716
4.67398
-1.01148
7.22878
7.44841
1.19187
-3.76926
-2.99957
-4.18912
-14.006
-2.13359
-3.65032
-10.5996
1.27662
-2.73383
7.04705
-10.3669
-0.306339
-9.94141
-11.6491
-10.2294
0.269858
3.59839
-7.05957
4.5263
-3.20126
-3.09377
-8.49652
3.48459
-12.9132
-6.08419
-5.28435
-11.9944
-3.92589
-3.58943
4.39547
-20.9165
14.3982
-1.40668
8.9999
14.8851
2.78123
11.174
-4.49612
6.86615
8.27225
-3.17876
6.53121
-7.78749
-3.68074
-0.851449
6.87657
5.02272
-9.60396
8.76383
-8.92358
4.43515
-0.351776
-5.10112
-9.22948
-6.80623
-23.2453
12.5043
-1.98523
-0.039223
-7.02003
-7.80042
0.864694
-1.52721
6.08803
-7.73628
7.0774
0.137346
-21.8943
-2.14671
-4.92117
-3.22849
8.77356
7.50677
6.27567
10.3505
16.9794
-5.40695
8.38125
0.0709086
-5.44699
-6.79055
0.936493
6.34096
4.63805
-4.2031
6.9917
9.46058
-7.83343
-15.2395
-16.2103
-11.8315
2.10483
-4.28353
3.62081
-1.68497
5.82658
1.89143
25.6359
-3.57501
4.4856
13.5772
-16.1043
-0.525742
-7.13055
2.70608
-0.0548446
-2.6781
-12.1651
-3.38995
2.32578
-3.76705
12.3186
5.69227
-14.7487
-3.34157
12.1308
-2.28638
-2.75035
14.5751
-9.19158
-3.44901
5.80833
-3.04978
-4.76691
-10.6998
10.8764
4.84483
-7.80771
-12.4676
9.92391
8.94901
-1.32277
-0.0963807
11.2154
-7.10577
15.4921
1.22565
12.644
-5.27075
-5.01071
4.35042
3.88858
7.55494
-2.0846
-11.1015
-1.38407
6.38378
-4.08309
4.85208
-14.2322
-12.7021
0.779497
2.17364
-1.64659
11.2541
-5.67946
-14.5201
6.92223
5.21894
0.813385
11.4596
8.71798
-3.14358
0.711764
-4.54831
16.154
1.00061
-2.1661
0.0767124
4.33305
13.3519
-4.18544
18.1376
-4.85724
6.00602
3.81061
6.98588
0.0105191
-3.64466
-8.30631
1.82512
1.0414
4.9114
-4.8547
9.17049
-12.4121
13.8082
-9.9289
18.5867
14.2141
-0.0634422
-1.26189
-3.43716
-2.74186
-4.45673
2.83625
3.33655
-1.50014
-4.81062
2.49619
8.92213
-0.101581
-7.95636
-7.44727
-6.71536
3.51705
3.61704
15.1037
-4.26253
-5.45392
-15.0501
-8.11927
6.6665
-17.3779
11.0635
6.89207
7.87805
-7.0377
6.45356
-10.7074
1.66264
4.3864
5.51995
-16.5191
-5.54693
2.12464
-10.2398
-4.58899
6.36251
5.21584
1.45048
6.71476
15.5849
4.70061
1.33542
18.5729
9.97533
-8.31222
6.26416
5.57419
3.05686
15.3599
-4.27373
4.87062
7.62719
-5.4711
2.62471
0.918689
4.97138
-3.64062
2.94432
15.3873
-7.80901
-13.431
2.69923
1.49166
0.742615
-11.0502
-8.68162
-3.25739
-5.73374
-15.2857
3.00422
13.1747
0.460629
0.62624
-2.01515
1.95718
-1.37211
-5.92005
-0.19104
0.974215
-3.05472
14.8239
11.6504
15.2916
4.91545
-0.161517
3.69455
3.73101
7.01545
5.01129
6.12282
10.7539
-2.14797
-0.462213
9.42362
-13.0988
8.86897
-11.6751
-10.3916
-6.53151
2.56822
-6.46172
11.4813
3.47874
-4.37079
1.28397
5.70244
0.492549
5.78534
-16.2891
2.36424
-10.3014
12.1735
-18.237
-4.24257
9.72939
-5.09835
5.77832
1.08623
4.27241
5.57167
-8.07685
-6.08834
-3.54921
-10.3888
-15.1409
0.019457
9.00325
-1.06885
-0.278975
6.12908
-0.861041
-4.19324
-5.61434
-4.83304
-1.56955
-2.1712
-11.901
2.42576
-3.55242
6.75311
3.87005
-0.699137
6.68079
-6.45509
-14.9767
-6.34758
-9.25357
-0.364018
15.5356
14.7794
2.26051
-5.91314
-5.75592
-2.63297
9.82948
1.10869
-18.4786
3.14489
8.88951
10.6347
-2.78622
-7.78451
2.05819
-5.04681
1.82273
8.04452
10.1297
-2.13006
-12.8629
0.62676
-1.68314
0.921866
17.1244
4.04034
-11.1359
8.57136
6.95676
7.42564
11.8974
-7.19377
1.9161
-1.22314
0.485463
1.61393
-3.30541
-2.74552
17.9069
9.34282
3.15187
5.89037
11.9706
5.07442
14.1604
4.46212
-1.7368
2.84888
9.10692
4.68647
-12.1907
-4.79611
-7.92769
4.1524
11.46
3.11391
3.60735
4.9379
8.1186
3.96699
-11.5929
13.906
-2.54545
20.8425
-0.292563
1.45332
10.2109
13.0761
2.13461
-7.16756
10.6907
0.127044
6.95525
9.39468
-21.5947
16.6093
0.4176
3.59157
-3.92213
4.05256
4.2296
12.1166
-2.16827
-5.08776
-0.216315
-13.2317
-0.664302
18.4861
0.959515
4.04607
5.05865
12.3093
-3.05072
2.57101
-9.23414
-4.13899
4.60084
-3.32818
2.90358
6.14153
-3.77816
-1.32877
-3.44178
-2.67488
13.1072
-1.29105
-2.98153
8.89178
-2.64097
-0.0360031
-7.45185
2.32919
8.72065
-0.569019
6.8928
-9.07059
-5.51774
-2.90883
0.548011
-11.831
-19.0012
-8.10599
2.69987
6.94744
15.5157
9.32198
9.43101
8.68563
8.3443
0.44889
5.2517
4.24468
3.86109
3.18384
11.0991
-9.0869
-5.73787
6.08618
2.27428
-11.8866
-1.47733
-4.17621
2.71078
-2.90668
-8.24366
-4.07257
10.7403
-0.751896
-10.3221
15.3895
-2.84399
-14.6789
-6.24506
7.49056
3.18339
0.535468
0.493046
5.03727
11.6223
4.05844
2.51234
3.92648
0.64585
4.8745
-2.56877
8.82815
2.28326
6.63703
-0.229938
2.65391
6.84838
-15.7717
7.99554
9.50388
9.45191
9.82554
11.0882
4.91356
7.14329
-15.1576
-2.74637
13.1761
11.0554
-8.48354
2.00597
9.54428
-17.8668
10.5557
10.7576
16.8661
1.10887
5.68989
-3.71845
9.78816
-2.08405
-15.1226
4.15672
3.18424
6.15292
8.07755
-15.3323
3.55306
6.8071
-23.1581
-5.14416
-0.757089
-1.51667
-6.33405
1.31387
2.47604
1.37867
-4.38998
12.4375
-11.7604
-7.23112
-8.88985
9.37817
-7.39676
-4.42338
10.0536
-8.89255
6.40522
6.87538
7.44177
5.98327
4.16638
-3.65287
-2.1157
4.4785
-5.49573
13.6246
6.07838
6.55182
-3.11167
2.72555
-15.3238
-0.810557
-12.1337
9.95101
4.97399
-5.13153
-14.285
-9.0114
-9.96865
1.3957
-1.61451
0.842404
-12.8144
9.64683
-15.0564
1.93749
-3.55075
8.72999
-9.97179
13.0516
7.80969
12.1295
3.87568
0.322263
15.2434
-2.51471
13.2413
-12.7787
-2.50094
5.19535
-5.83669
2.5568
0.430477
1.5364
-5.41071
-3.52312
1.33261
-2.39497
-8.65353
-13.4585
1.19914
6.65646
-3.7529
7.91197
2.83162
-16.3626
1.68869
8.07416
9.33358
-6.52314
2.33507
-6.87854
-3.63871
7.11942
8.84315
-4.23582
5.88198
3.73669
-3.69757
2.16618
17.0747
2.83624
1.71682
3.63731
8.58863
4.19221
-16.337
-1.73809
-1.39555
-6.92126
-8.40247
-12.1684
-3.73076
3.43186
-3.12524
-6.22764
7.97058
8.82934
10.837
-2.35448
3.82722
-1.08694
13.5459
5.30247
-5.94082
-13.0376
-5.90759
-2.85372
7.82901
2.84992
10.0402
6.27826
14.5981
5.86296
3.63079
-12.462
-14.2206
-13.6907
-1.02943
-3.35418
-4.10771
-1.82997
-15.0471
7.51081
0.226072
-7.70268
3.32139
-0.326318
3.54367
1.36676
11.2296
1.23642
-17.9073
0.566256
14.5799
-3.22956
-2.92693
5.1961
-13.1581
-14.4122
7.36833
11.2953
-10.2321
-6.25657
-4.68831
-3.85981
-0.106009
8.16765
14.723
-3.47999
1.8857
0.472809
-7.94324
8.34809
13.8631
-5.45274
4.62039
2.37947
12.546
1.44515
-7.57552
9.56454
1.99785
12.6344
-1.0596
6.68913
6.50263
-6.14691
-6.1631
14.7907
-0.99229
5.4206
2.29964
3.32343
5.82535
-0.40284
3.13581
9.06889
-7.66566
-0.878875
9.98477
12.6294
-0.343864
3.26461
9.29537
-1.8881
7.31704
-4.7913
-6.86898
5.77801
4.03097
3.87288
7.87817
-4.24106
2.97548
7.54464
8.98662
-0.507101
2.32197
-5.08779
7.88843
8.65571
1.77536
-4.21496
4.41014
-0.89101
0.44032
14.8881
-4.93911
-0.803584
3.52091
9.82098
-0.867286
-6.28885
-14.4025
-1.06296
9.46392
-4.81467
1.78692
-1.17488
17.3301
0.609344
5.12134
14.4725
6.13934
-4.11542
-1.81867
0.972429
-3.99538
7.07234
8.66453
3.31559
1.93505
6.08245
6.64143
4.2135
3.76339
8.22839
0.581508
-7.79385
3.53391
-4.01278
-12.9858
1.31647
-8.33941
-15.7357
10.7299
-2.09332
3.6175
-2.6641
5.86065
2.28752
2.57251
6.87295
-7.16695
-4.5502
0.472773
0.77577
-10.1074
2.78644
2.39815
-0.635609
7.12908
-17.5892
-9.77865
-0.686347
-7.99528
2.84602
-7.54692
5.82496
-4.06752
1.05943
8.50789
-1.96537
-2.54715
3.92439
13.4356
-1.99426
4.49223
11.2543
3.65625
13.824
0.0156629
-6.9594
-3.61449
-0.482427
3.1587
16.6457
10.2703
8.92645
-1.77653
12.984
-6.99233
7.29211
9.78821
7.69341
17.0474
3.86357
-4.40632
-4.76394
5.3938
5.39889
6.36044
4.8848
-3.37868
-4.27035
-9.42754
-5.53093
0.480099
-0.00276359
9.06391
-1.80356
-9.71865
1.29585
0.41262
4.61733
5.11241
-1.80342
8.66245
0.0948908
4.03301
0.377873
-12.4546
14.1541
10.3441
-8.3165
-2.73414
5.23202
-0.424007
13.0885
-15.0801
-0.509159
1.81936
8.20718
-4.20935
2.33345
-7.13666
1.14246
-9.52265
-6.79392
-0.601326
-8.80878
-0.276443
11.4678
7.23975
-10.1543
-0.0648921
1.57568
5.29782
-4.0119
-5.52832
1.79402
-2.22936
1.67008
-12.3069
10.8011
5.24623
3.3449
-10.5946
6.49201
-0.878158
-8.46348
8.71556
1.32266
-3.84013
-2.04138
5.24077
1.70923
9.46279
-1.37449
5.16516
-7.47458
-2.89799
-4.14922
-11.7823
7.91338
-7.63543
4.3937
-5.58247
-2.97817
-9.15789
13.203
-18.8549
3.95399
5.17658
13.3714
-16.9784
0.977179
15.7074
7.45486
0.234434
3.69173
9.22482
6.67945
1.44999
0.942303
-1.05041
6.44902
-3.21155
14.0336
9.26135
13.1456
0.20906
7.35244
-5.77516
-13.1433
16.4541
12.2949
6.24866
4.64579
-0.448641
2.91593
3.18826
5.80567
2.90401
6.5106
0.0304183
-19.0483
9.86165
9.49587
8.17875
9.80368
-9.38242
-1.12081
7.60832
3.84917
-7.77397
-1.41312
19.112
2.18163
8.60532
-4.35863
7.30659
13.2483
2.07635
8.83674
7.64038
3.84142
13.6053
1.49693
-0.269774
4.87998
-0.804223
4.60825
-11.5988
-4.20647
6.68084
-7.6029
0.434878
-12.1201
0.106543
13.1508
-7.37032
-2.12067
-3.25038
3.48443
-14.4127
3.70149
17.1157
1.27882
14.7517
8.4993
3.85526
4.72572
-15.3424
-1.73221
-6.60269
2.60588
4.4649
4.12569
0.618495
-2.50982
3.58979
2.67568
-0.940905
16.4019
-13.2505
-16.7009
5.40504
-3.72727
9.10196
5.31904
10.4564
19.9802
-9.92852
-2.44119
7.13449
3.53333
6.69307
-3.2614
-3.33542
-11.9865
3.3934
5.84209
4.40443
1.35948
-5.71788
3.58098
2.85884
-0.479548
-1.02093
-14.4578
13.0381
8.2432
-0.0657195
9.15543
-0.193007
4.20087
2.66184
-13.451
-7.16036
-9.75332
0.0111002
-0.583092
3.16669
-7.86758
-5.42282
-13.5054
-3.43343
-7.79419
0.986652
1.62565
4.13363
-0.322658
5.57988
-15.2144
-15.5095
14.9106
4.03768
0.245631
9.03952
5.65313
-1.14666
-8.10278
6.60654
0.887332
-4.55521
-2.46329
16.622
-7.13662
2.99513
-5.43094
3.54115
-14.2073
-9.96509
0.927749
-20.4283
2.49158
0.653353
-2.77084
-0.358084
-15.8463
-6.11855
-8.1053
1.9289
6.72892
-2.52915
8.23824
7.08193
1.52451
-0.198306
0.928685
-9.79575
10.909
12.649
5.00549
5.1551
0.720708
0.434324
-8.04992
-16.2064
-21.2975
-8.80639
-18.5951
-6.65728
4.38122
-15.635
-9.36696
-2.15318
-7.60954
0.73903
-11.5648
5.35302
-7.3486
-0.88593
-0.0887916
-4.64697
-8.70513
9.98077
17.1567
7.99957
1.53248
14.0429
1.7486
-10.1681
-5.02715
3.03751
10.1666
-15.5535
5.07685
-6.50568
-1.7292
2.68911
-2.80942
1.21718
3.67233
-6.06128
-1.31798
7.09914
4.68212
-4.00306
2.80153
-11.992
9.73065
10.8693
-7.33294
14.9811
1.7165
7.13317
7.71807
1.02474
-22.1412
-3.56899
-6.60455
-8.8329
3.35612
2.82456
