0.62182
0.616902
0.429599
0.560278
0.609853
0.50425
0.607037
0.75474
0.889413
0.837531
0.737024
0.881135
0.902167
0.910788
0.816192
0.775065
0.868005
0.799859
0.818969
0.875886
0.871083
0.92429
0.903522
1.02214
0.900295
0.910741
0.847365
0.941665
0.913771
0.922362
0.946699
0.953089
1.01267
1.07306
1.13608
1.07053
1.01152
0.88543
0.841295
0.745655
0.686852
0.668257
0.702186
0.597569
0.700232
0.744298
0.69044
0.694126
0.663512
0.589477
0.484097
0.427448
0.393887
0.417813
0.375168
0.398378
0.413292
0.336711
0.386325
0.393621
0.455758
0.477045
0.494062
0.559106
0.516924
0.57843
0.721889
0.638338
0.557778
0.402648
0.449881
0.456661
0.410127
0.327776
0.2577
0.318902
0.301886
0.26347
0.217664
0.253765
0.374827
0.409347
0.321653
0.324983
0.263194
0.175865
-0.0124783
0.00945418
-0.0566738
-0.0592534
-0.0883962
0.04663
0.13886
0.0750962
0.134842
0.12335
-0.00930473
-0.0265971
0.0852993
0.197248
0.381251
0.373948
0.280072
0.180532
0.249939
0.260051
0.255148
0.204207
0.238517
0.224904
0.171223
0.123172
0.175913
0.220696
0.248788
0.301124
0.452978
0.49038
0.527294
0.502029
0.491998
0.347526
0.427729
0.531734
0.575668
0.4737
0.567967
0.552068
0.552315
0.408626
0.422052
0.3918
0.333294
0.314542
0.252501
0.207662
0.253904
0.362403
0.500471
0.512177
