10.6842
-0.741366
0.885515
3.45667
2.62344
-13.3866
16.3321
-8.44926
14.4137
4.56135
-0.770242
-14.7076
1.9142
0.402659
-11.4653
-1.69986
-8.77035
-20.6024
-0.34341
15.3507
8.27772
-6.0086
-10.8273
-2.7501
4.03999
12.8906
28.5417
-4.83043
-11.6029
-13.8314
-8.10363
17.2111
-7.71061
4.46524
5.48053
6.94283
19.8464
8.84856
-14.5232
-7.54636
2.5533
22.6277
20.9657
-0.0747386
3.38549
24.8957
6.88771
19.3365
14.8725
-14.9841
-5.48063
-13.2241
-4.41909
-1.55976
2.09782
7.28154
-8.58644
8.91084
-4.78136
-5.07209
-12.3158
6.01917
4.54493
-0.346483
-7.09381
-25.0415
-26.2353
-10.9421
-11.8061
-16.2957
7.56073
20.0133
-9.4659
-5.89147
-21.4807
5.68581
9.04379
0.371678
-11.1317
-3.39642
-5.32141
-22.8862
22.8788
9.42877
-2.30227
0.919291
5.68227
23.2371
-5.66871
-0.104234
9.1342
3.94259
20.1192
1.51628
0.442249
3.46798
11.0607
11.1801
-15.7258
3.99325
10.4773
1.21914
-16.3592
4.12534
-7.43867
-20.5738
15.9451
-9.37387
8.26417
-11.6267
7.9861
-13.0449
-20.0302
2.95232
9.17389
-4.4852
-10.194
-9.68558
-17.2206
-10.3006
6.18754
0.575486
-4.00793
-10.6973
-6.39591
15.6944
-14.3959
-0.536629
27.1576
7.79685
-15.1101
-25.057
-0.341746
-11.8382
-26.737
-33.2433
-11.0388
7.78745
8.97748
-11.7479
23.4714
6.16864
1.74609
-14.8067
5.53784
6.44965
9.76253
-16.0511
1.37856
5.30111
13.261
9.57727
-1.51716
-18.3846
8.37165
-3.17979
-1.17175
-12.817
14.4428
0.137386
-12.0649
-6.80659
4.20008
-9.67769
8.17163
-1.07755
-0.483469
-11.765
-5.16248
-9.4916
-6.63704
-22.0353
18.5573
1.78142
-17.7296
0.623311
-2.17115
-3.58539
-16.5902
-19.649
-4.51875
0.763977
3.20739
13.2355
14.1733
-16.4738
4.78552
-9.18879
-5.04191
-20.9081
-14.6034
-2.77782
-9.64925
-3.1944
21.8157
-7.34384
6.44203
-2.90253
-13.24
-20.1716
-8.89932
-30.7717
-8.32515
-9.3302
-5.61907
-22.8331
-2.0121
-10.6242
2.36713
-7.62564
13.9311
2.64527
-20.8638
-12.0291
-18.1989
0.450802
-28.6685
11.1776
-24.4569
4.72104
-13.9167
-11.2528
-9.26304
-8.94302
-4.06121
12.2029
1.9321
3.06958
-25.0295
-5.28054
10.4765
9.6366
7.85138
7.02938
14.8703
11.5511
-19.7581
8.64409
-2.8698
-2.60113
-9.04988
1.5904
6.80686
0.189699
-0.808128
-21.0817
-0.522078
3.32146
-12.4925
14.4108
7.5133
-15.4088
-3.24487
-4.81644
26.1888
-1.61934
4.63946
4.34132
10.9172
-5.59266
1.31096
-6.31758
-17.7483
3.37134
8.31705
-1.32571
2.21775
-7.64604
5.66992
-19.4719
21.5433
-7.07072
-7.28421
14.4524
-13.8564
3.55871
-11.0876
-6.58402
-8.90145
-15.4299
9.00395
17.7418
3.08594
3.59138
5.05176
8.34244
-12.4936
-6.80452
-16.9286
17.6953
-17.3929
-11.0975
-12.4683
-11.949
6.36444
-8.19004
-10.9426
-3.06505
-1.65239
-26.3131
-7.39536
-12.3299
-7.25269
-22.0753
12.7697
0.977221
-8.246
4.80683
-6.76348
4.82308
-1.07344
-7.94521
3.23695
13.5518
-12.6773
-9.80931
-20.6292
-1.58402
-27.3778
0.137712
6.58382
-7.34436
-5.25111
-27.1235
0.545041
3.2555
9.19386
-9.63035
-22.1054
-7.71762
21.9623
-15.7884
8.60776
-12.0742
-2.13105
-10.5605
4.53767
-1.67852
8.47268
-24.9546
21.4637
7.38611
-11.1624
-14.1333
14.6882
-2.38561
3.81644
3.25767
-21.9006
-4.24515
4.92166
3.34963
15.3153
-15.1958
5.51238
3.78527
-1.63289
-6.25642
-9.43622
-10.2693
10.4879
1.7692
-8.34387
7.36257
-17.3844
-13.4427
-16.0898
0.657368
-14.1267
-11.7945
-23.1523
7.21155
-0.217356
23.838
8.78225
7.40282
-2.18906
10.334
7.12797
0.446139
18.7382
-5.02519
-18.603
7.86665
6.99056
-15.5385
-17.1098
5.90916
-11.5624
10.0517
-0.638564
-9.46516
11.2239
7.56263
23.1013
9.10385
-0.376968
1.1206
-14.6073
5.81619
3.32675
-2.38642
-13.3463
6.74588
-3.69193
-8.92933
-13.5428
-1.74838
-19.3791
-0.782351
-20.0605
21.2753
15.9949
9.9593
-12.57
12.1949
-0.550114
-13.8438
11.855
-16.4236
2.33646
-0.453621
5.2139
-2.05438
-1.05936
-12.032
8.40018
-5.71952
9.44058
-5.39779
-0.582903
-3.97292
-15.3571
-25.2401
-6.22376
13.3035
-7.05143
-12.9619
6.48308
9.43315
3.20706
-8.51386
-8.045
-16.6601
-7.95286
1.98732
-8.4643
-26.1995
-7.13511
4.96778
-1.48103
1.44161
2.98713
3.32593
-9.57876
3.12735
-4.61304
-24.3238
-0.38538
-10.0967
5.7434
-17.9457
-3.13101
-19.5187
-14.4265
4.97513
-2.39511
14.376
-1.31503
4.96384
-28.2315
9.28376
-4.9163
-18.1807
0.912341
-34.6831
-7.93365
-18.5531
8.48151
23.2203
-0.349489
-3.03566
-3.27792
-10.8879
5.96513
-3.94458
7.07941
3.42469
4.31758
-21.7262
-24.4832
-21.6987
2.39614
-1.30235
3.78599
-2.1379
-4.09532
14.3656
25.2637
0.866539
-17.5778
-34.4163
-23.9607
-25.7358
-23.8858
-15.9361
-11.2084
2.26572
-10.4993
-7.4457
-40.1627
-13.1476
-6.6799
-18.6014
2.79717
-14.16
-12.4047
4.61325
-1.16272
-9.26915
-16.5369
-16.9288
-3.34715
-5.55613
-7.16267
3.19003
-17.096
3.62666
8.26266
-11.5784
8.44242
-9.94406
-1.2128
13.3724
-9.0275
21.1891
31.5354
11.5888
-3.03208
-2.28406
-7.42124
-7.48636
0.755037
-5.00645
10.0022
-18.2524
15.1399
-14.0343
4.33397
-6.67207
-3.98343
-3.75442
29.0497
2.35445
-26.4314
-0.877516
0.0577023
-2.26348
-10.31
9.35246
0.431971
1.27415
-5.26969
-1.69962
15.425
7.19873
14.3128
-0.519821
6.58502
-1.58275
-3.18304
-15.8199
-2.63205
7.68035
-5.11497
10.4786
10.5431
-3.94433
-4.54991
1.7947
-5.54911
-18.2278
-23.2895
-10.514
-5.62283
-11.9041
6.42932
-10.0601
-16.5333
-15.1539
6.28823
-11.6744
5.32603
-22.6934
5.64227
7.54088
10.6079
-1.62749
20.9082
-4.91436
10.5753
-21.65
0.195759
16.7821
-9.50761
12.1668
10.0639
-6.8519
-4.83466
0.10561
16.7742
-13.9752
-2.7018
9.0022
8.88805
11.6685
-10.2291
-10.3886
10.6804
-1.73163
13.5296
13.0543
-4.90075
13.9154
-18.1747
-2.96757
15.6352
9.96232
-4.79271
5.45421
-17.9104
9.69046
-6.11401
-22.2396
16.8596
-4.61012
10.0138
7.44631
5.07216
5.94805
-7.70349
-23.9013
-7.1141
-19.9214
13.4488
23.797
1.16034
13.8617
11.315
5.60674
-5.08201
-25.0072
-5.71873
3.51435
2.07663
9.85767
-2.68762
4.66916
6.41298
9.21196
-4.09677
-8.39798
0.108122
26.821
11.7015
14.0978
1.29315
15.5608
12.6824
17.0566
-4.2101
-31.8617
11.0066
-1.77929
4.45394
15.4402
-3.72555
6.28259
-2.85574
1.6805
21.1566
-12.4541
-21.2792
12.9634
-19.5443
-1.88319
-0.243766
1.89204
9.56547
-6.98947
9.9023
-2.6906
4.21401
12.3478
-11.6342
-19.5924
-5.76187
4.72765
-34.2218
-12.146
2.84266
-6.68649
-2.82526
-5.64781
-9.99267
-8.29311
4.08048
9.86949
7.17304
10.2187
8.1837
1.32665
-1.05766
-9.12211
8.18859
12.066
7.43157
17.763
0.989658
-6.61929
14.742
-11.4608
-0.52534
11.3142
1.43827
2.27923
14.5045
-0.901481
-10.6818
-0.397849
-5.71867
-4.95876
9.76579
12.1632
11.6477
6.35698
-20.5176
-6.20582
19.9847
25.4645
22.954
2.77218
12.1083
2.34543
-1.81772
-12.9701
3.52619
-0.684333
6.79674
3.87329
7.47107
-4.32907
-9.92754
-7.34458
2.06694
15.9161
8.21308
8.51917
-19.6192
4.84851
-5.72602
0.943928
22.108
-4.78977
4.30138
16.8967
9.04376
-12.9384
-3.89755
-12.9984
-25.9129
-0.0661243
-7.5391
-14.6711
-20.9648
-9.73493
3.70498
-12.9365
4.28499
-3.87188
-2.45514
2.13647
3.51578
-12.2098
5.55716
23.0122
-13.6146
-1.6961
20.4803
2.28317
9.24387
6.13091
-15.9004
0.499474
12.1947
-14.8705
-7.78106
25.9471
-1.8449
-10.5622
0.334992
6.79058
10.0427
-17.0077
6.44789
-0.0428755
21.5835
7.75935
-29.2691
-14.8411
0.30929
-2.43567
-2.82384
8.75854
6.63836
-14.5923
-0.121557
-13.6537
0.109965
5.06305
-9.81702
8.935
12.7398
-32.8498
-8.08791
6.62046
-15.8386
-7.36195
5.68316
2.52151
-10.5368
-6.85611
-4.28628
-4.6729
5.23974
6.59054
-14.6038
15.6539
0.318447
-2.7186
-0.281851
6.97018
24.2299
-11.6295
15.8085
5.63274
-5.65988
7.52514
28.9891
8.38874
-8.23511
-22.366
11.8502
-6.06103
14.793
-32.3324
17.7237
-8.25584
4.9467
-0.507259
10.4122
18.2853
13.5054
20.3085
-9.26099
-16.5616
11.9507
8.66933
7.9229
17.8367
18.6215
5.8843
9.42342
5.49667
20.104
6.62632
7.60698
-0.02195
2.97004
-6.91091
5.92919
3.17159
-10.7047
-13.5729
-4.65948
6.47597
-2.43906
-17.2821
15.7499
17.3818
-16.3011
4.1567
-1.45228
9.76097
-14.2951
-5.66731
6.72445
15.4181
23.332
10.7317
-6.21249
0.303479
-1.18024
-4.97814
-0.191547
1.22095
14.8099
0.937672
17.5267
2.05721
9.55031
-0.629095
11.7466
16.2558
11.6702
-4.58311
9.29318
-8.89386
-1.43132
8.13145
3.04977
9.1523
4.47819
-2.79875
-11.1461
3.61381
-2.65767
-5.98464
2.94989
3.83015
0.561115
11.4151
21.0971
6.0425
5.90195
-12.9945
4.86255
-4.07882
-7.85345
2.71483
2.73611
-11.9541
0.0871859
-13.5195
-21.5361
-4.45106
-18.93
4.874
3.41172
1.07667
5.29985
0.788793
1.63988
-3.69169
14.9952
-1.74627
-5.38241
1.89069
4.25714
11.0116
5.43944
-6.85689
14.1567
-5.48219
24.9112
-7.76773
22.7944
7.72703
17.863
-10.7235
-5.32596
-17.095
-3.57127
12.604
-4.30826
-13.5105
1.05873
13.4326
3.92292
-19.1474
-0.0855886
3.66389
-26.1769
-16.0565
-7.71411
8.502
7.55866
1.49378
-0.551665
6.33718
12.0974
10.3647
-14.5744
-17.2476
19.2659
9.19052
-0.220645
-6.13144
-15.7265
-0.0425673
12.225
22.3608
-9.17219
-14.9064
-16.2803
-1.01934
-7.05181
-8.76632
-16.3128
2.02826
-3.94751
11.9942
25.1827
5.85585
-1.9169
-25.468
3.32387
1.45327
-9.0308
2.26074
16.2239
17.6969
3.53454
10.413
6.89244
13.9568
-8.67842
7.84573
-4.04565
-2.47363
-4.5676
-15.1435
0.231554
1.21954
-2.2223
-6.6415
-6.04768
8.03754
9.58512
-15.7574
8.01655
1.64274
4.66151
25.81
-9.07791
-5.56092
4.42876
3.10673
16.6094
11.6821
-6.53095
20.3963
3.04242
1.84946
-8.26881
-0.244655
20.2438
7.46784
5.93742
9.78414
-0.5481
1.8645
-9.83005
6.57167
11.6891
14.5748
-1.25646
6.27366
14.4106
22.3747
-20.4648
-21.6613
-15.7989
-21.5045
11.456
-5.62807
5.68162
3.09134
-18.0171
16.8246
6.69287
-39.2647
-3.57924
-7.7158
-21.5495
-10.5803
13.6572
-1.5978
-8.73217
-7.07349
-21.4783
-16.7447
1.75977
7.87815
0.0878561
12.8006
-20.8816
0.163451
-18.0026
17.6781
-26.697
-18.6987
-16.6664
16.5472
-8.76615
-10.7404
9.02099
-14.1103
-8.41778
1.93786
6.96237
4.12407
-6.29153
-10.5431
4.57571
-8.75974
-19.2492
-32.3123
-15.5767
-16.7937
5.19397
7.5996
1.22831
6.61196
-4.61837
1.82513
-2.8808
6.24193
8.10406
-1.67487
-0.337068
-6.99774
5.61402
-3.79184
-27.9098
2.66414
0.707776
15.2972
16.4435
-17.7093
-13.2713
3.7399
23.6074
-9.43699
13.2838
22.1946
-6.84179
8.05616
17.8394
18.0457
-0.0374498
11.0444
6.93881
-0.576349
6.72675
13.5701
24.8831
23.7684
0.930359
-10.0539
17.5588
-6.96354
-2.37252
9.04259
3.98588
10.7051
4.57539
8.64595
20.0878
7.08582
-4.12102
-8.01303
-15.0078
10.9644
9.3534
-7.45976
-12.865
-16.9256
3.00153
-0.377942
4.17151
-3.73033
-18.8879
19.4938
5.34047
-2.36322
12.8165
0.299733
-5.21701
19.3941
-15.328
-25.7232
-1.47984
18.377
-8.95229
6.36481
11.7694
7.92063
8.12641
11.0429
2.52781
12.8177
2.29267
1.65103
-8.24006
-4.30838
-1.9654
10.4372
-23.3107
-9.15765
0.591713
8.26232
14.0992
8.64423
6.30339
3.70824
6.89707
-1.77701
1.90635
6.79425
15.2779
2.95492
16.5585
6.28454
6.11661
22.9137
4.12796
-9.63184
-9.40207
-6.46259
9.47337
-1.06192
22.2267
8.48745
-3.34319
-4.04378
5.7489
-13.6954
-5.98408
3.01804
-1.50006
3.23431
0.225412
-1.14179
0.888868
4.46797
-2.06226
-3.6153
-6.27702
17.4216
-9.89528
-8.22711
-18.2549
-0.681163
-13.6161
-4.77411
-5.63113
14.4878
-17.0899
3.09184
-14.6739
4.46318
-3.14124
-2.36158
6.62644
6.07272
16.2142
-18.7141
4.7621
1.27129
-1.19753
-5.76373
-2.53711
15.9255
11.1364
12.086
-6.38143
14.9244
3.61877
-5.20016
-6.3117
0.958407
7.33008
-14.5972
-1.70431
-0.946527
-4.29622
-20.762
-5.32763
-1.86399
8.19404
-20.8218
13.0042
13.4976
-8.4603
-9.6288
3.37369
-26.6423
-28.0466
-4.63374
-9.86925
-19.8183
-4.48929
24.3259
7.8198
1.88556
-10.6855
2.11565
0.230272
-6.53916
-7.6558
-13.5922
12.4937
-22.7203
-8.11419
-1.84313
-2.30938
-1.07993
-17.4186
-2.98963
0.937961
23.0193
6.58877
24.0403
-8.10365
8.22645
0.223792
-8.70732
-1.26666
0.688741
3.66682
8.91272
11.7563
-5.77629
-25.2973
-0.719089
6.81962
3.84234
17.4762
-8.75418
4.34366
1.01506
-4.24723
12.3132
10.6787
1.80401
3.4248
-27.6913
17.4537
3.13085
-15.4788
11.3913
-23.5079
-0.811121
17.0923
-11.6307
-7.06643
7.46611
1.00691
10.1714
-10.02
-12.3525
7.17817
14.1095
-1.95538
17.9229
-13.3764
-0.442064
5.65422
0.402992
13.6688
-14.4836
-2.01609
2.07081
13.2651
-4.66307
4.24883
2.49021
14.556
0.348162
-9.14996
13.1649
7.12013
-1.03195
-10.8276
-16.5855
3.88344
9.47535
2.42754
12.2805
-14.1452
-2.13
21.2466
1.91189
-13.5399
-8.29198
5.16386
11.3585
18.4127
1.65653
-10.2643
-25.6169
20.9038
-7.53367
-18.3603
16.3335
-21.732
-12.6998
-23.5818
2.33857
-5.36479
-13.7376
-21.8247
6.95382
14.431
10.8501
-10.301
22.565
6.71569
-1.34306
-12.1474
11.4062
8.68809
-11.0521
-1.72712
-5.01638
23.0423
13.9626
-2.03266
3.19822
-18.0768
3.21183
21.2817
-9.94297
-22.1793
3.98727
18.4633
5.73689
-3.74722
4.35964
10.3405
21.4825
22.7855
0.158374
-6.48104
0.401386
10.9617
-6.5848
-5.69599
11.4326
3.42032
3.55376
21.1232
11.9412
8.58015
-2.37648
8.93804
1.42334
2.21228
8.24504
6.28372
-7.94698
13.7348
-10.5506
-2.69522
5.85531
-1.58957
17.2402
-0.181709
2.70903
5.82749
4.19715
13.5126
5.43764
-19.13
-3.20733
0.960829
-15.3312
3.85366
-19.4078
10.1623
-7.06851
-3.21372
2.09899
-18.1935
5.66796
3.66766
1.59119
13.6683
4.60578
-11.599
18.927
1.30412
-4.08957
15.8893
13.4566
6.65664
-1.65284
-5.21731
-5.84929
19.1869
7.97433
10.3775
-4.96671
-9.25839
-10.7481
0.289795
13.8318
-6.32888
-14.053
-1.49742
0.642944
-3.07904
0.418562
-2.1263
20.3283
-0.887696
-5.97205
-2.01001
10.1941
10.8999
-9.79961
-15.3893
-26.8885
10.7805
0.213009
1.86825
28.5879
-4.20914
-0.146645
-2.40521
-1.56249
8.66585
11.8131
-7.44944
6.34542
5.18492
-19.8256
12.376
-16.5671
-4.36201
-6.99613
-8.99283
5.53971
-15.9878
-20.1766
-0.106932
1.14453
15.7202
-10.2813
5.00187
-4.0883
11.8218
20.1224
12.0882
1.23526
1.92741
0.259201
19.6224
6.8957
4.33486
-8.42264
-2.59217
1.66678
2.76527
5.03028
-10.5304
-2.24922
-7.56919
-12.3191
-0.207169
16.9705
-0.171003
-14.5152
0.134008
-3.19584
-11.4222
28.3416
-19.8603
-11.8755
-2.56608
-7.91936
-21.215
-8.87366
-4.37553
19.824
13.9631
-3.57518
-1.20312
22.5718
11.6123
-2.96259
2.63322
-31.6497
-4.87166
13.2384
7.99664
5.43562
-21.316
-10.9097
5.97817
0.807401
-13.538
3.49782
-0.80939
-18.1191
1.05524
-13.756
-17.2948
-13.7529
-8.66997
-9.57733
-16.2024
-17.4465
-30.2064
-18.2478
15.6302
-0.662655
-23.9181
6.06051
-0.272994
-19.1883
4.67075
-6.87906
-23.7024
-9.54438
-17.9838
8.39523
-26.2314
13.6663
-3.90791
0.47414
-22.2912
11.6222
-15.6909
-0.266207
11.4456
2.73404
-12.8891
-11.8556
21.4001
-7.44328
2.30132
-12.5624
1.35551
14.9284
13.9772
-3.85806
20.3927
6.406
6.00264
-7.30807
25.7118
8.33844
0.434425
2.36262
-16.2873
-5.71475
-4.78207
13.5583
7.48939
-8.50007
-2.98615
-17.857
-2.6421
4.11952
6.01307
11.8459
17.2513
-4.84482
-4.77289
-16.7629
19.9903
-12.1221
28.5601
13.9851
9.47552
0.0877885
9.89438
4.75712
1.67836
10.5179
10.7888
21.6786
-3.78656
-23.3032
7.32563
4.47368
7.39969
13.1064
1.64791
-3.02491
0.0140923
14.9233
14.635
4.53593
-0.329092
14.4325
10.3239
6.45775
19.68
4.85741
8.29945
-14.202
19.9275
-2.80569
12.6868
7.45317
3.78444
-10.2644
-5.41112
-23.4213
2.09527
14.9897
6.97841
12.8631
-0.624798
-3.72382
8.20617
1.53165
-2.29333
-11.403
3.39876
-4.38227
15.062
-17.5686
17.0931
26.1999
1.43666
3.4952
-0.733841
-8.39564
17.4422
-3.53515
8.84698
-8.22094
9.76828
-32.1007
3.22222
-2.8568
-0.759179
17.3418
-0.948471
-12.2511
1.94172
-4.2008
-10.0025
5.21014
2.53652
-10.6037
14.6274
-0.341977
19.6619
-3.92279
1.97084
10.12
10.1871
16.5384
8.61529
12.1511
-1.41955
20.3082
18.511
3.37858
17.1534
8.64594
16.6142
12.2876
-16.6602
22.4983
-1.06055
-2.92891
10.2674
4.55593
-9.75428
-13.9495
8.03788
6.57179
4.28343
13.7727
-7.31792
-8.08243
3.01795
13.0859
-1.46965
11.1626
13.2242
5.02426
-23.5816
1.43632
-4.53292
23.5834
-3.32448
4.69105
1.73075
13.1935
0.904075
1.07883
18.6732
4.27543
16.2231
-8.03005
17.5879
-20.2972
4.25074
-0.175645
23.1954
0.357242
16.9822
-1.93795
-5.62142
-3.97504
-7.13171
0.0439319
8.04487
-24.1902
10.705
7.01518
2.07466
-7.57416
5.82309
12.0812
-2.89557
0.864382
5.31545
-4.35934
-0.895962
-1.90915
8.1283
29.5786
7.45043
5.7467
19.2813
10.0235
-13.2656
-14.1612
-13.7596
-5.02188
-8.9
16.4032
15.1653
-9.93977
-24.0956
-10.6975
0.822475
15.1618
-1.33708
-23.3746
11.964
9.16267
6.8726
4.9537
-16.3943
-3.29849
-0.492461
9.76188
4.6153
7.28824
6.52073
4.89053
0.761753
1.9764
-10.3715
-18.2447
-1.69042
9.0797
-14.2717
17.0487
0.0918533
13.26
-10.7556
-8.09371
7.00503
13.225
-19.2781
12.0785
1.97317
1.70504
5.57794
-27.016
8.25528
-6.02628
1.32549
5.06482
-7.35757
13.8087
17.8892
15.5909
9.25299
-5.89558
15.749
7.1253
12.5299
16.8114
-0.263162
-6.06068
22.9762
25.829
12.1461
15.8465
11.1903
18.6454
12.8707
16.6434
-1.23366
-6.27517
-2.58516
-3.00173
3.7543
-4.06816
20.2993
-16.9633
2.85518
26.1282
-2.77961
-16.7045
-17.6991
1.16696
17.3432
-7.90918
22.4483
-4.20365
6.00751
-5.07701
16.2149
-1.35852
-11.406
-18.2927
4.18736
17.1845
4.27006
-2.89387
7.73119
-6.3859
6.81468
12.6526
7.83111
17.8094
-15.7804
6.67902
-4.73926
7.28611
10.7439
3.00734
17.8675
-26.5511
11.2918
6.31558
-9.25882
-28.2789
12.0455
13.235
-7.87034
-3.8414
32.5382
7.42564
16.5666
8.0056
5.89811
12.6668
-3.58769
8.09385
0.972558
5.952
-6.56056
-27.4403
1.22702
-1.83711
-16.0722
-14.034
-9.1408
17.7521
1.59802
-15.4518
-11.1662
-14.6154
2.5596
-6.243
-2.1765
7.8356
14.6945
-4.40432
28.3382
-31.6377
10.3255
10.2063
-8.77523
-0.282831
3.80735
-2.19972
1.35805
-9.89832
0.909315
-3.35155
-3.60977
5.34057
-0.665654
11.9694
3.42272
4.35961
