8.36955
8.7318
-6.21515
4.01015
4.43721
11.3046
-3.35113
-5.00124
-5.07243
-0.120379
-4.93927
1.19156
-0.911267
4.38667
5.34435
-10.4842
3.85026
7.86822
2.59651
4.51326
-1.98204
0.506316
6.52882
-19.3938
12.7669
3.69744
-5.20978
0.216086
8.51975
7.19848
13.4067
2.03676
0.439143
7.48356
2.36942
-1.92194
12.367
3.56807
0.233827
4.17966
-2.8238
3.59629
0.823259
2.95696
-1.30358
-5.7765
7.28345
1.15304
-0.32719
7.9759
-5.37356
2.45776
-4.3924
0.244994
1.31216
4.14149
6.4845
0.563738
6.66332
-4.17147
-9.48639
1.38645
8.33545
-3.0406
8.54398
6.26236
5.18778
1.36672
3.22247
-3.41005
-8.69152
-7.03912
0.00755114
4.94684
0.556726
5.45436
6.28123
-0.758648
0.414686
6.59858
-7.0628
6.53885
-0.874095
-6.48578
5.30964
-1.39105
0.836157
-13.3574
14.8941
1.31252
-6.67232
12.4769
5.97586
2.37649
-0.585146
8.91724
0.979067
3.4679
6.27896
4.92633
1.4536
6.33986
6.20312
3.97537
-8.33725
-2.82078
-0.0776469
6.96269
6.42288
3.94177
2.11437
5.68998
-1.84675
-1.76182
4.1634
-2.61632
-2.06657
-13.6902
5.31568
3.30454
4.26704
1.75876
-6.30791
0.269273
6.57121
4.26326
5.42205
0.950704
2.15241
-5.53835
3.75535
-1.38302
-6.44578
0.410191
1.91534
-1.72123
4.43401
-3.91668
5.21422
2.69665
0.000355782
0.729713
-6.23935
5.17607
3.6923
2.02093
-1.02539
8.84606
4.28124
7.45403
-3.13157
4.92952
-1.54148
0.685229
-1.0153
-1.81027
-4.18652
-9.31206
10.2773
1.04114
-7.19344
-6.10054
4.76065
3.60681
2.43059
-5.54172
-1.0933
-2.62631
-0.452822
1.69974
7.5953
-10.1139
4.31985
-6.67266
-4.28818
0.24015
-10.7171
5.04312
1.49986
-2.98171
-2.01531
3.57953
-6.22445
-1.33283
-0.0355512
10.4652
-1.13427
7.41165
6.10966
6.96835
-0.714198
7.51604
-1.3272
-3.83843
4.86084
1.79985
5.05384
-1.67127
1.80071
-3.50392
2.13587
-2.42549
-6.3827
-2.10002
-2.50571
4.78582
2.29897
-4.1814
4.74674
-7.4856
1.70544
-9.08182
-2.29111
1.06886
3.25056
3.5835
3.66084
4.77366
8.89123
4.15732
-9.3083
4.0869
-7.36396
4.72694
12.6227
-0.640998
2.69415
1.53566
5.85123
9.00555
2.56897
-2.42531
3.60077
-7.84878
-6.47912
1.12254
1.90883
-0.992075
-2.65323
1.38447
6.71318
4.20357
-7.80588
-19.007
9.32122
-11.2687
3.2684
-2.45309
0.720908
1.59986
-7.00338
3.21266
-1.99547
7.20623
8.24725
-3.2655
2.07704
-7.89481
-0.556383
6.42998
-5.99203
-0.146323
0.863049
2.54407
2.08422
2.884
0.0225751
1.46784
-3.66191
-2.19265
-13.8265
-0.274651
-5.06415
9.89162
2.19461
-4.67997
10.8771
5.86065
1.23708
-0.68085
-6.71132
7.40094
1.6999
0.40866
-0.836034
3.82107
5.584
0.990028
3.31656
5.59784
7.72023
-2.66934
5.09738
6.15141
-3.26112
-6.9723
-8.77242
4.65653
-0.414621
2.18944
-9.11699
2.3684
7.81547
-8.57433
-3.26127
-1.68768
3.93324
-4.62055
3.57521
0.276892
-4.41772
3.35866
2.10975
4.3565
0.930635
-6.03607
6.98401
5.91486
2.94508
-4.06584
-0.702781
-5.00215
4.75089
4.65792
-1.89857
-4.688
-7.66913
2.86674
-12.4722
9.69244
9.01298
10.5418
-6.04666
-3.61732
-6.782
-0.635711
1.94968
-0.813015
-6.709
-3.15062
-0.730161
10.3262
2.94176
1.94906
2.47681
7.61896
11.4067
-6.02461
-3.38669
4.49798
-14.1191
-8.64955
1.06766
-3.39224
10.0015
2.50377
4.57557
4.70275
3.94033
-4.25486
-2.38895
-5.63192
0.35632
-1.4706
-2.27676
4.57785
0.282363
2.06276
-1.25373
6.13132
1.13183
5.47033
-3.37881
2.88842
7.17722
-2.0176
-14.4387
4.0234
-5.88305
6.5954
-15.1711
-5.72864
3.20279
6.46587
4.26215
-6.72604
1.79975
-14.9942
6.98352
6.2847
-0.0426977
8.41218
-0.662701
1.68113
4.48989
0.885769
5.83688
2.33334
1.74164
-3.65811
-6.99381
-1.23274
10.6205
5.83042
1.6076
-1.40857
6.44625
3.38329
-1.73228
8.69675
-9.18901
9.09213
-1.42644
0.160007
3.51687
-3.94878
6.53027
-3.86959
2.73542
0.351463
4.32069
5.33771
-2.94475
8.58214
4.65161
5.61208
3.15856
2.71777
-6.14749
5.8238
-1.41466
5.27377
-4.50127
-4.07692
5.77237
8.94892
0.982357
1.1791
2.13821
8.00921
3.73443
-1.65532
0.513246
8.95203
3.49244
-0.794722
-3.39907
2.51078
2.40234
-2.17871
1.00493
4.88259
6.01128
-0.360007
-5.6677
-5.67292
3.46087
4.56994
-3.79945
-6.95019
-4.14206
4.73719
3.33938
8.47749
10.146
0.996171
-6.58339
0.688752
1.5309
-0.294901
3.32051
2.38886
8.63745
2.82246
5.81955
-10.9332
0.241702
3.7244
-0.898029
4.90973
2.2539
-1.01364
10.2036
9.39566
-8.32904
-2.93282
3.09688
6.79255
-2.66653
3.09021
-5.3875
-12.0574
4.21738
-1.84802
-6.3787
1.29303
8.66182
7.81285
-1.17981
-1.15841
-2.27107
7.43221
8.51918
0.61728
-0.725461
-0.0802247
1.01075
-8.04163
1.07589
-5.16502
5.66454
-4.92338
2.96659
-0.812621
4.64195
-9.98939
-2.65244
4.48187
-7.87663
-2.30384
5.35867
6.26371
2.32765
7.45349
-1.8788
0.271457
4.03566
-5.67503
-7.03029
0.07324
7.02717
-8.66935
-3.81342
-2.73198
3.34703
-3.78136
2.45696
-0.653652
3.19539
-6.61476
7.23084
-2.11852
-4.1931
-5.34361
-5.54525
6.16975
7.84569
-0.420571
-1.71956
2.00436
-3.08006
7.76543
-5.40559
7.12187
-1.82714
5.74603
8.62645
-0.832297
-1.86871
5.35005
6.54117
-6.95817
1.12912
1.18681
-8.11656
4.94135
-15.9616
-2.38774
0.727806
2.16862
-3.25199
-1.85338
0.599944
12.6944
-2.48679
1.70219
0.00940711
-3.08723
4.3141
5.87403
-9.6572
5.73326
-2.64068
-6.70679
9.68185
4.36718
0.39553
6.70857
7.40053
0.976805
-5.68527
-6.79078
3.88372
4.38829
-13.3937
0.0216777
6.75155
-1.92375
-2.10895
-0.577369
0.98065
1.46623
-0.14367
7.18069
4.27249
0.306087
-1.58726
-0.427906
-10.1351
1.55304
1.00135
2.98984
0.154539
4.34253
-0.387445
-2.16012
-1.79428
5.08306
2.49175
-10.6126
-2.49621
0.89434
-7.03815
-0.463625
-1.48409
0.265832
4.81069
3.22554
-4.4302
-4.49478
5.98537
1.24037
-4.48477
4.36751
2.15513
-4.39847
-6.99041
-0.116089
-6.35881
0.931953
3.29355
5.16631
4.47377
0.0855331
0.1445
-6.31209
9.48932
1.62594
-2.64563
1.54196
-7.80817
-1.1817
8.05128
6.64696
1.8632
-1.64705
4.27226
5.85078
-3.35118
-0.337229
1.05933
-2.99488
-4.38041
3.09105
-6.96982
-1.91718
2.58899
-9.79591
-1.99883
1.78352
3.39206
1.55102
-3.45944
10.9932
4.27738
-10.5674
0.765484
8.42545
8.21933
3.79275
-8.73397
1.71277
-4.49214
0.902522
0.517251
8.24169
4.99273
-1.95698
-2.1921
5.22513
5.21999
4.93613
-1.96637
6.05781
4.54972
9.39163
2.62065
1.55468
0.635971
-3.559
2.82926
-2.1449
3.87522
5.86988
-0.132685
5.64771
-8.09408
0.0205662
-8.84651
7.68308
4.8076
8.655
8.68381
2.91717
8.23289
-3.07504
-3.96934
0.903276
7.32876
-3.97401
-9.29667
-2.82131
1.86068
6.26678
4.47298
0.413846
3.5901
2.71354
5.14956
0.788408
-5.28973
0.535874
9.70616
3.71332
-5.36296
0.309768
-4.56091
1.09313
10.9628
1.43596
0.409756
3.55639
1.89056
-7.08888
6.26995
4.9379
0.432035
-3.56137
9.03073
-8.41596
2.23279
-2.4253
5.96559
4.37649
3.57992
3.40656
-1.6798
4.39868
0.350367
0.515709
3.78105
-2.90534
-6.29474
9.56463
4.03919
2.32939
1.17853
-1.88631
-20.1944
-6.69482
3.99405
-2.09508
-10.623
3.85903
-3.89248
-3.54608
-0.39807
0.0384185
5.68586
-5.51221
4.10452
-6.85064
3.31725
2.01512
2.337
11.0275
-1.489
6.90848
-0.739919
3.80681
-1.38372
-11.2141
-6.82558
-2.07851
-6.34979
4.78152
-2.03646
9.25224
4.02553
-1.7157
3.07865
-3.41402
4.9844
-4.89384
-3.99409
1.1427
-0.0524494
-3.3518
-3.65457
-0.559859
-12.3247
-1.20476
-13.8647
0.832437
7.03879
5.89304
-0.0237542
6.78511
2.56351
1.61046
-2.80157
0.425392
7.31546
-11.7898
-6.14767
-11.839
6.7425
4.30534
5.60673
2.38964
0.217422
7.69607
-1.16592
1.67463
-2.04534
-1.3863
2.30953
4.1038
1.81637
-0.300024
3.82379
-8.40749
6.35244
3.59651
-4.04811
7.31362
1.3875
-1.17526
3.04111
-1.71954
-1.54599
1.80812
-2.79569
-3.48318
3.32152
-1.47901
0.739044
4.44016
-0.672392
-1.71336
1.23144
9.72447
1.80961
-10.4416
-2.76594
7.9122
-8.15253
4.26619
-1.98893
8.52576
6.665
0.391838
8.07147
4.22496
-2.86082
-7.55665
-3.98885
1.09373
2.41455
-0.105132
4.90381
-6.92893
10.8625
-1.7197
-5.51851
1.64518
6.64123
-9.54299
-1.75648
8.87101
5.87076
-1.56759
-6.66731
5.26467
4.17385
-1.28653
-3.25064
-6.33358
-6.23989
-3.35472
-6.09215
0.779516
-14.0374
-5.14366
1.93149
-1.9885
1.35592
-4.42214
-3.54689
1.28473
3.01294
2.11564
-6.56927
9.65261
7.0951
-2.90889
10.1682
10.8403
-7.03366
3.76434
-10.5509
-1.77067
1.05319
-4.52667
-0.3569
-3.32436
-1.6245
3.87807
9.76294
4.61475
-3.08093
5.89852
7.0095
1.33788
4.075
-11.1323
2.14336
7.57243
4.15884
-5.88403
0.976587
-3.12803
-4.85358
4.12432
-14.3923
0.692337
-3.94372
-6.66717
3.20137
5.5094
6.88312
1.97546
-1.35206
-1.80914
7.96422
-6.14834
8.61797
6.70349
3.44653
-2.48344
4.38588
-5.02292
9.69244
-6.5677
9.38618
6.05093
-1.33091
1.30202
-0.258462
-10.6245
10.0908
6.71638
-2.65336
-5.12968
9.07756
-6.95319
-4.00221
-1.88512
-1.89018
-5.1029
0.126762
8.72504
-4.16133
-11.3254
3.39841
-5.88857
1.14662
0.987649
-3.51743
1.93584
-2.98109
4.86023
-1.25551
3.07532
2.66489
-2.02987
-8.86621
-4.89263
-6.84981
4.41438
-5.19501
7.62366
7.32259
-6.13034
5.79676
0.415328
5.80656
-4.52754
-7.90965
3.31033
9.526
0.113172
-5.03551
2.17421
-11.8442
2.10552
4.12692
-2.70724
10.8862
1.97624
-0.818167
1.59395
1.07674
0.282736
-5.0114
8.01705
2.66438
0.991932
1.98362
2.8359
0.557692
-2.62663
-1.50708
-3.89844
2.56497
6.72285
-7.13869
-1.18145
5.77692
13.7162
-2.22344
4.30387
1.45146
-0.442932
-1.39738
0.271728
6.13726
7.82244
3.78155
-3.60733
3.01335
2.26896
1.19191
4.80689
-3.25481
-14.4071
1.56203
-2.45061
-8.29505
9.6115
5.44223
6.92172
1.61439
-7.74247
8.7885
9.00139
1.53003
-2.97746
2.40614
0.850433
-4.99047
-3.40147
1.95264
6.81713
-8.11236
3.96764
3.00641
2.03583
2.88014
1.58969
-0.660384
4.40875
5.94466
2.70756
1.04038
6.21968
-5.73825
6.2795
8.62775
8.84045
2.83875
-3.8202
5.71557
5.76177
2.22295
1.89676
-6.88414
8.12988
8.06441
4.26987
-6.61892
2.21656
4.01005
-4.51207
3.70634
-12.0557
4.14003
2.94749
5.93156
-6.15994
-0.245588
-1.40878
-10.8575
-1.41489
0.856907
6.40879
4.50573
3.17494
-1.05552
6.51777
0.513597
-6.86266
-2.08704
-5.42657
1.13069
4.77506
-4.77336
2.24647
4.83392
5.2052
3.58839
-2.28893
0.332848
-4.76383
0.224753
5.77066
2.96996
6.31214
2.64119
3.57665
-3.2217
-1.97431
1.27468
3.5093
5.16112
-7.15322
1.40623
-1.27803
1.3798
3.9675
-4.16971
-2.1239
5.00851
6.37172
7.95657
6.03021
4.50442
-0.127017
7.29166
4.90772
2.15464
-0.449724
-8.34624
-7.45256
-0.579899
3.62644
4.85759
-2.60885
5.13765
-2.93428
0.682822
-7.22447
-3.7853
-10.2276
-9.11132
3.40803
2.85746
-0.30615
-3.58917
0.666755
-10.7247
-7.00668
1.80458
-4.53353
-8.06764
0.930505
10.0938
3.53634
4.57544
2.88236
-1.88312
5.3995
-2.24581
0.0883198
7.42967
9.43637
3.18249
3.33292
1.58608
6.45038
0.285267
-1.94541
-0.539755
-7.63138
1.73936
-2.47498
4.6912
3.05058
-4.80788
3.03103
-4.12004
8.75576
-7.68181
2.38488
3.53237
-9.79316
1.89058
6.34521
6.83089
-1.90035
0.297348
-1.04668
-1.97962
8.35273
7.20041
7.02124
9.52596
2.28204
0.467349
5.353
6.23579
1.97563
-3.88335
7.53068
-10.4804
4.30777
-0.519863
-10.4249
5.73112
5.28771
4.08588
2.31526
8.74988
0.538427
3.13611
1.42671
1.09795
-0.743004
-5.87855
3.1521
-5.32318
-4.43998
-6.65762
2.3509
6.96424
4.62645
8.43083
6.95472
3.85562
7.97627
2.82758
-14.7963
9.5993
3.90184
4.32727
-7.12708
-1.90132
2.56859
-19.0804
-6.08083
7.00487
-2.3923
2.71602
4.39558
1.43769
-0.270481
6.71707
-5.9599
5.74659
2.21083
-3.47068
0.513843
2.8748
-0.445954
2.27416
5.95489
-6.35047
9.11284
4.68461
1.47901
-7.60984
-6.56194
1.6278
-1.38766
-4.64254
4.21117
4.95156
4.12445
-1.07875
4.70346
-1.11268
0.36804
-1.44773
-6.89415
-6.59077
2.16617
-7.48633
0.865346
-0.650181
4.24107
7.92235
1.06869
5.95957
-5.89669
-4.26225
-1.55494
-1.7
-9.08525
3.48761
2.84738
-3.04274
2.28072
-2.14503
8.77021
0.552491
4.44267
3.19822
10.0931
7.48595
-4.30163
-2.28189
-6.4744
3.62671
-5.31491
-1.75732
-5.97507
2.94933
1.27906
4.34609
1.62921
3.04137
-7.71227
4.93767
2.04857
1.27753
3.84743
8.97455
4.51818
4.09177
3.19303
-6.13126
0.0537145
1.42968
-0.447613
3.97259
-0.990759
3.74719
-7.89716
-10.2358
2.44826
5.81261
9.20298
5.77914
0.939351
4.2308
9.37147
10.2286
7.41525
2.44979
11.3415
14.0509
8.32296
-0.240086
-12.4059
-4.45066
9.94122
1.5843
-1.28831
3.61944
9.26585
4.64148
-4.43214
1.91214
14.3717
5.5181
-2.3478
-2.07945
5.37542
0.510458
-1.99045
2.87241
-0.821062
4.33796
3.03408
-0.030622
1.93826
6.33836
6.4587
1.53103
0.3358
8.64949
7.51994
2.52814
6.35915
6.74672
6.48826
4.5665
-2.97066
10.7733
2.8742
11.9392
7.28269
4.34973
0.0537472
2.41907
13.1565
4.90505
5.22458
-0.388083
-11.4988
4.26125
-6.44472
8.08016
2.60132
2.01627
-3.72296
9.73878
5.63316
8.23758
-3.64462
-2.58974
-4.61681
-7.45802
7.7818
-3.15486
-3.72262
-1.14896
0.354775
-5.31979
-5.25754
12.1408
1.58565
2.33528
-7.2579
3.14038
4.01108
-3.51506
6.79534
2.18226
0.205272
-2.11433
1.06655
-0.311965
7.08047
8.4023
11.8124
-0.763329
6.32174
-1.24892
13.9054
-3.02
-11.2405
-3.55375
2.96188
1.1018
2.36139
-2.87718
4.19603
5.56414
-0.462017
10.8592
2.93569
7.79521
0.540523
4.6774
-0.598891
2.34433
-7.61824
5.8978
0.310441
3.43823
-8.6759
0.199515
2.20789
1.62961
-1.38601
2.58085
-9.58842
0.194285
3.91044
1.74295
-2.25956
1.51141
3.71202
-2.59096
-0.470746
0.770693
6.00462
0.178687
9.32172
8.24121
1.05573
-0.60743
1.39743
3.56336
-12.1285
1.47435
6.42805
-0.866254
1.2807
8.22006
4.55102
-0.592164
3.23283
0.92017
-3.78497
-10.9349
-1.04815
3.48016
-3.07913
-6.23459
1.10144
-0.402326
1.07375
-8.73651
-5.48799
-4.63741
4.42857
6.15606
8.07487
1.46139
-1.01288
-3.73257
5.63589
-4.59496
-0.901229
-0.769176
4.18995
2.96705
-1.03394
-16.778
1.4598
-4.73795
5.84897
4.45033
6.4166
5.99797
3.33476
0.87591
2.41118
3.68965
4.21497
-5.82279
-9.57282
5.27427
10.296
9.36471
-2.31197
2.26966
-17.2561
12.0484
1.05522
0.432572
6.17724
0.27285
1.46457
-3.23634
8.6944
-1.64019
-1.46873
-6.48249
-2.74625
7.24176
15.914
-1.18565
8.2871
-2.09631
-0.437338
-1.9421
-0.290966
7.26346
-2.25336
-7.77426
-8.92005
-3.93108
-0.480045
-0.199744
-2.01579
6.19583
0.583667
5.15757
3.96304
0.181493
4.5278
9.27927
2.95478
4.16028
-1.15191
-9.89208
10.9276
8.79571
2.85933
6.62911
-5.35855
-2.87909
9.00387
-2.32491
4.07063
11.0411
5.47961
-1.7356
-3.84098
3.56154
-3.21945
0.757766
4.78826
5.66195
1.97873
0.405216
0.922761
4.61372
7.42862
7.01299
-6.86587
-2.05493
-0.506229
8.02875
-0.592146
-3.08993
0.861179
3.45137
1.59674
1.3383
-6.21826
0.0811238
3.23192
-1.62047
2.28397
11.2829
-7.03877
12.7453
-1.46442
-5.00898
1.97242
-1.31303
-0.71193
2.63669
6.43678
-6.35019
-2.36925
4.00997
-5.39327
-3.03202
4.05345
2.98542
3.87103
6.842
-3.14894
-1.1924
-11.2863
8.56282
-0.512292
9.37366
-5.26749
5.07457
6.57519
1.23933
-5.83828
4.33482
0.0937056
2.29553
1.12893
3.86398
-4.85468
-4.7786
2.40828
3.74916
4.88042
2.35483
-2.77592
3.80777
-4.36787
-1.9275
5.3792
7.71434
-0.674088
-4.04064
3.55289
0.398026
2.48237
-2.9573
0.322348
6.17518
2.12253
7.41822
-0.950764
-6.41796
-7.31071
-1.9152
-7.29807
2.44937
3.73542
-1.44375
-5.47328
-2.3745
-7.68735
-7.48912
2.69683
2.90043
5.23622
-4.15379
-5.80532
2.01538
1.61693
2.0369
1.51792
1.18225
-4.25013
3.99047
-1.86527
0.30395
1.18059
2.87269
3.41043
-6.83836
5.6588
5.67957
-0.97064
0.822387
4.83775
9.25382
13.8764
-13.5852
0.0711116
-6.99876
-5.73975
-2.6104
-0.297302
0.278167
-2.914
-1.39256
-6.38491
1.14268
-8.32752
-8.62955
-0.151106
5.99209
-7.47377
8.73175
-6.46814
0.884456
-0.220748
0.358991
3.58478
2.63991
-4.17608
3.51112
4.06089
1.7697
-1.40883
-4.75967
-0.303587
-2.90837
-5.68911
-4.20549
-2.50285
-5.08696
6.30955
2.62849
0.813817
3.88765
3.0035
-0.883571
-1.16865
-3.60449
3.91105
-1.20519
-8.63217
3.16777
0.605397
1.14437
-1.81561
6.20495
-2.9326
9.51301
3.11961
-0.996048
1.56408
3.8062
5.36362
-0.40663
-1.34156
2.26355
6.05654
2.24442
-7.07454
5.29164
-3.16419
-2.73742
-8.21855
2.53302
3.63842
-0.0582019
1.25778
0.127747
-5.50463
2.431
5.35544
-0.286359
0.245405
0.372028
6.65605
-1.27207
2.62726
-0.198837
-2.47746
3.1529
-3.47025
0.0631427
-6.89625
-12.0094
11.744
0.887804
0.160718
0.122881
8.52068
0.386773
-0.285981
1.71358
7.31567
-2.5059
6.23663
-5.20199
-0.925347
-4.59707
7.7151
9.52374
8.60763
-1.43549
6.892
-0.077521
3.40632
5.28928
5.16105
9.22222
-3.81695
-10.4045
10.3667
0.162911
-1.95855
-8.82962
2.07684
6.26696
-0.209152
-6.35391
-6.53009
6.8518
4.24387
11.1224
1.61813
-3.09221
-0.30664
0.098197
-2.56311
6.94799
10.9524
0.396871
2.43609
3.33883
7.86912
10.2498
-3.70603
3.79507
4.20048
2.34616
2.41722
7.743
1.35065
3.26902
5.42054
3.68283
-1.8238
4.45541
7.95111
-4.69789
5.57342
-0.448302
8.5673
1.37935
1.35152
3.15234
4.48483
-1.44614
-4.94774
-0.827362
0.0414068
2.30392
-3.06715
-7.83133
9.63265
-5.52199
-12.8425
-6.63472
-10.5107
3.76377
2.18455
-5.65981
-1.51245
-4.32445
-0.422923
-4.73189
-9.10035
9.04804
0.0606406
7.34771
-11.5393
-0.81567
1.92478
1.81566
5.20532
0.507505
0.0204494
-8.05007
1.39163
3.7663
9.26433
1.46961
4.58901
11.3741
10.1002
-5.90285
-13.5096
1.19105
7.91442
4.61573
7.66925
-7.14602
-4.09974
1.34952
-3.9304
-0.854194
-1.84542
2.00105
6.55615
7.66362
0.263936
3.53444
-0.597889
5.44183
-3.9843
-11.8438
4.15554
1.55225
3.43161
-1.5935
-0.370638
2.55595
5.09364
1.01959
4.78492
4.43091
8.86001
1.09506
6.19052
6.49883
8.26522
0.459271
1.5121
-1.09344
9.22157
4.03403
-1.1036
-6.48921
6.93416
-2.82985
-3.82684
0.082085
10.9053
1.86152
-0.232423
1.16056
-4.89776
2.55636
-3.85004
-10.2258
2.61266
6.47725
-0.743382
-3.55764
1.64054
-4.63835
-8.70059
-3.60268
-4.25775
-2.62274
-1.52559
2.99249
-0.332025
7.64042
7.29464
7.92387
-1.19533
3.41143
1.40306
2.24141
-2.2817
-3.91108
-4.16835
-1.599
8.90137
1.57593
-5.11951
-8.74631
3.61814
12.931
7.80653
1.34983
8.62341
10.3694
7.82388
-1.88948
3.58908
-4.4253
-9.06236
-3.43002
1.02046
-2.29042
-0.290211
1.37951
-6.86764
-4.91556
-4.05076
1.81617
-17.4994
-3.65793
11.1295
10.4283
5.66251
6.79142
-13.2167
-6.58767
-4.43289
3.32119
-2.28441
3.61764
0.849759
-2.85514
0.0570543
6.26417
-2.2987
5.70797
-3.64796
1.4929
-5.42888
-5.73147
-7.21944
-9.92127
7.02035
3.15541
3.19288
2.70031
-0.614877
0.0632773
-10.5671
0.893112
-0.329095
-10.0191
4.01452
6.2033
-3.12842
1.54822
4.17689
-3.22844
2.28702
6.38856
3.13681
-4.99106
6.0632
-4.74474
5.27813
8.59643
0.804427
5.88234
1.94192
0.0365477
-6.32705
2.94375
-0.801418
-0.877507
-2.27505
2.29574
-5.20772
-0.0571584
-1.91769
0.712225
1.74347
10.0203
0.433407
4.3233
8.27982
8.04781
-4.53909
0.641278
-5.75624
-2.18646
-7.97435
7.65778
4.88887
9.73697
7.00729
6.78515
7.15633
8.18555
0.962021
5.27201
6.0506
-5.61261
3.35673
-2.84917
-1.02973
1.44958
1.31194
7.75743
-3.01168
-1.48779
3.99131
6.37991
8.39869
-6.88287
4.00161
0.0935875
-1.06175
-8.54723
-0.205382
-3.12329
4.76183
2.26652
-4.46824
-1.19023
-2.93201
0.835817
5.12335
-2.48025
6.55166
1.95596
6.38718
-2.27649
0.360652
0.325097
3.14072
2.45807
0.27859
-3.99699
1.07906
3.93984
1.86504
7.0027
2.78106
7.96373
0.0942551
1.32215
8.73912
5.50438
-4.97336
0.871365
7.93464
2.21789
1.13225
1.08854
-0.780433
6.13796
1.70401
7.25245
3.20068
4.1489
6.49574
-6.29579
2.38044
1.62267
6.56496
6.58174
3.82614
6.18568
2.32205
5.25708
-3.37479
6.19039
1.91621
6.83512
1.25509
1.04793
-0.0276176
1.37329
4.22928
4.08781
3.0297
-8.01193
9.16618
11.9513
9.35832
-0.00254018
6.28692
-4.549
1.27878
6.99955
5.46638
6.93325
1.69377
5.0209
-5.72071
-4.19973
-1.77965
14.1709
-5.03071
4.10564
1.34877
10.439
10.7864
4.37637
14.8404
7.2542
0.101981
-2.35889
9.89077
-0.401609
0.579494
1.06925
-2.77847
-8.75521
-0.41169
10.7268
9.493
5.60767
3.85049
5.33742
-8.97164
2.46388
6.65076
11.7246
6.16512
-10.5733
2.40588
1.46285
0.404363
-2.94397
9.15018
3.94566
7.53515
3.36406
6.20057
7.92803
7.51765
8.03105
-4.45097
5.00609
3.42051
-2.35102
3.74044
1.63364
1.99368
1.29347
10.7986
8.75797
-3.36842
6.33656
-0.834966
0.58569
7.63503
8.52131
4.00865
3.84208
6.50479
5.45884
4.70942
9.86768
2.50468
-10.2586
0.809025
2.14541
-4.64979
0.328857
14.2667
-1.38965
-7.86411
7.27503
8.64828
2.70209
3.08318
3.60993
2.80542
0.943703
-4.72983
7.51818
5.82347
6.33209
-1.94119
-1.07653
5.24086
5.78504
14.0747
13.5
-2.47262
-4.74242
-0.406949
-18.2727
-10.2238
1.51664
-4.65162
-0.625683
3.53289
-0.102267
5.95668
-7.47006
8.99419
9.89556
-9.69125
7.0985
-1.02475
11.8303
9.04527
5.57088
-0.252205
-3.53125
2.61875
0.464558
10.0092
8.14467
2.59183
-3.39198
-2.73385
1.51753
1.92705
-4.90559
-0.76702
2.11655
-0.279591
6.72657
0.327929
1.99146
4.34895
-9.56031
-0.466619
1.25487
-5.42578
8.73127
1.65935
-1.56583
2.28564
-5.13317
4.41794
1.83581
-10.3161
4.94191
-3.8717
-3.58799
-8.75104
-4.56645
0.290584
8.74211
5.99032
0.778001
3.09658
2.20402
0.926509
-4.59729
5.1126
5.91559
3.1491
10.6604
-5.94087
-0.920253
-5.43165
-1.08436
-7.80871
0.509411
6.57593
-9.86376
-0.0953532
6.61882
12.3434
5.56937
1.91117
-2.79447
5.86988
2.98448
6.33385
-1.67682
-0.708535
4.56076
5.39014
3.40668
3.98222
-2.39706
-6.48729
-6.54158
3.85948
0.243302
4.41845
-0.75459
1.27151
6.17173
2.75662
-12.0495
-10.7661
6.33185
-11.0178
-2.42724
0.963269
1.67702
-9.94697
2.8445
-13.1213
-5.71448
3.43824
-4.97185
-9.07022
2.63191
4.1904
0.76794
-1.29305
5.03201
3.7233
-2.68454
-6.86178
4.39422
7.86981
-0.482857
-8.83579
6.87953
-7.77283
1.70668
9.31536
-0.706549
8.27137
1.31558
4.49167
4.53201
-2.4119
-8.60633
4.71799
-1.42288
3.54878
-2.16475
-7.01345
6.05645
6.49858
-4.28953
1.4011
3.49365
0.5897
7.22412
7.22825
1.48512
0.00498796
-4.88047
-3.72051
6.41139
3.98723
7.09895
-13.6062
-12.8641
1.92936
0.502026
2.45406
-0.241027
6.42379
-3.47945
4.88812
7.30984
1.22748
2.96651
2.44006
-4.2568
0.701011
-6.33506
5.68553
-5.9242
7.68511
-3.36523
2.3016
4.13272
12.4311
1.94253
-8.20663
9.06728
1.048
3.85148
7.0031
8.62587
8.55992
6.53117
3.93569
5.11359
3.83992
-2.46121
-1.3177
-4.54665
1.60418
0.498307
3.96974
-14.1053
2.50748
8.14147
-0.351125
-0.987134
-4.99177
0.900271
10.8762
2.40067
-3.6219
-0.468047
5.55133
4.15369
4.54455
-3.81072
6.32922
-4.56399
5.92721
2.88637
-6.36636
1.36347
2.58769
0.764761
12.0266
3.71767
-0.395125
-13.6851
-1.72201
1.39138
1.10791
-0.885582
-6.89702
-0.0663833
0.807628
6.35854
5.43495
8.61088
2.04241
-8.33844
-7.6427
-7.74932
7.88286
0.673409
3.42171
5.46348
5.3562
-2.00263
-5.46996
-12.0899
-4.25563
-3.45547
-3.52746
-1.4092
4.16687
5.85783
3.21036
7.29027
6.87711
-10.2846
7.04155
2.77977
1.41267
0.211548
7.00544
-4.88842
-2.43411
-1.73657
4.67558
0.0937401
-7.36881
-0.288188
-6.97939
8.43679
0.102104
1.48039
3.80305
1.7406
4.80144
-3.21642
2.50934
-0.555279
7.90588
1.67854
4.00085
3.07047
3.89939
4.67609
-3.53344
7.54464
-0.47848
0.857675
8.8484
4.90386
5.99594
-2.81681
-4.63759
-2.9117
-0.0667914
-0.297338
1.2824
1.7346
5.19022
-10.1148
0.0562862
-4.27147
0.795354
4.70467
3.58149
-6.27618
-2.76011
-2.75097
-6.03368
1.99694
-4.5829
2.99494
2.56519
5.61676
1.34223
-6.54376
2.93961
-2.30944
1.61347
-0.635627
6.13883
8.53087
-3.79908
8.05166
4.59924
-1.61053
-6.2918
2.82577
1.08746
-6.95314
-6.52072
-4.4817
0.858177
6.95534
7.88544
6.47608
-2.96333
-7.47055
-0.958267
-6.04552
-6.15845
-4.89153
7.13777
12.3994
0.821137
-12.0589
-8.34417
-4.10445
-2.56124
3.78356
-0.448114
2.80485
-4.79001
1.16325
2.87745
-4.56378
-1.11827
6.63626
-2.47706
-2.73112
2.23107
1.85791
-0.51652
4.65495
0.643988
1.7606
-4.12568
2.38636
8.17542
0.683943
-6.20676
-3.77909
-4.69745
-7.34589
-11.296
4.58364
4.16785
3.47399
10.3221
-7.32239
2.46947
3.70586
-1.12334
-6.14728
3.7711
-1.36277
-8.39769
5.82838
7.12375
8.668
-0.999196
0.880702
0.899911
6.00018
-12.6905
5.61663
3.65929
3.56676
0.652051
9.62229
-5.37246
-17.1198
-1.4582
-5.39046
-2.31972
1.24886
4.31962
10.0468
5.89238
5.89887
-9.00214
-2.83707
-9.04853
4.1725
8.70615
5.92283
-6.65881
-0.99522
4.88007
0.523793
-2.47358
-0.522709
7.84824
-6.12833
0.47997
-4.66676
1.70491
3.40238
4.90094
-0.205924
-3.56942
4.08392
6.82028
6.19151
-1.83103
-5.7936
8.54892
5.75401
2.53344
-0.582922
1.57497
0.330835
6.88053
11.1023
-7.60481
-10.0908
8.46811
0.785657
3.90787
6.3749
0.541842
-3.18196
-5.33454
5.91818
5.20877
14.1647
2.03679
2.90517
1.84509
1.81948
-20.9007
-2.75092
5.42705
-1.54688
-7.05111
12.2853
0.234527
6.77274
1.97564
6.41639
6.93897
10.6897
-7.72837
0.213015
0.658279
8.43798
5.96582
2.68551
3.17297
-1.45079
5.55108
0.31342
-2.59454
2.03872
1.91678
4.12287
2.21193
2.9825
4.7659
0.400813
4.72694
-3.64153
4.38835
-3.60049
2.30485
-5.50422
-2.11921
0.000594194
5.18802
-0.662606
0.269626
-7.27789
3.86518
-9.98429
-4.31643
4.09992
4.05762
-0.257096
-5.28763
1.90062
-7.3653
-0.290065
2.66226
-13.6587
-6.46655
-7.17828
-0.798416
6.96442
-9.99946
1.36978
4.51528
-2.90672
-7.67523
1.43615
-3.57818
-8.53837
-0.760604
-0.989642
-15.7653
5.23754
7.26858
0.537666
6.72568
-3.99697
2.48609
10.017
-4.64486
-12.8589
6.26622
-0.588565
8.78572
-3.11152
-7.41162
-7.37554
-11.68
-9.72272
8.09613
-0.219745
5.8936
1.84032
1.32471
-0.158818
-5.87657
-5.76385
-3.33898
8.68769
-4.50769
-6.6069
-10.6632
-9.93068
9.10617
-0.39767
7.29742
-0.104152
1.09709
0.35941
2.78915
-3.12305
10.8528
-2.8272
-0.826919
0.027136
-0.58678
7.46913
4.48218
5.71892
5.06509
1.41348
7.58541
6.63046
0.0227388
3.32654
7.68813
-0.506314
3.7438
-1.64571
-3.85469
-7.1784
8.04418
-6.53351
-2.59599
0.529253
5.12389
-5.52526
-2.08774
-7.71101
-5.12675
1.37466
0.413414
0.402258
0.53729
9.28222
2.47192
1.59077
6.46699
5.85955
6.43753
-0.68523
-7.16669
-1.19184
5.23668
-5.55306
2.34335
9.67375
4.92724
-4.0124
3.24315
-9.72084
7.8976
0.686453
-20.2437
-4.86542
5.89241
7.84991
8.88574
-3.99402
1.78845
-1.03492
9.92024
2.72484
0.959553
-7.26947
-1.33047
4.24584
-12.2528
-1.68226
1.22931
-2.15995
4.25857
5.61141
4.19882
3.02513
-8.00671
-11.3583
-2.03784
-3.16488
4.60371
4.79592
-5.94387
2.07254
14.9194
0.952703
-6.28637
-1.0791
-3.89112
-16.1798
8.35817
10.3825
8.48273
6.84653
0.255014
-3.5038
-8.86052
6.60815
3.83794
0.690097
2.5472
7.48875
4.13772
4.1501
-4.18708
-3.64627
5.27032
-6.61799
-15.5428
5.21507
4.27352
-3.73433
4.21572
-3.67244
6.8209
8.76308
-0.256394
-1.76256
3.9646
6.15275
4.48552
2.54716
-18.1121
7.04709
-0.796424
5.65339
1.50264
-6.96347
6.38413
-3.65683
0.20271
4.39407
2.7026
-4.35703
-0.677688
2.20814
4.10232
7.3024
11.0356
-3.30351
10.454
-3.3799
-3.17263
4.00915
-0.554661
9.10176
3.26608
8.34654
-17.6561
-15.4333
3.32892
-0.702533
-3.47525
-1.25886
9.04308
4.42357
-5.74969
9.75026
-4.72071
-4.29726
-1.9101
-0.211244
-4.68458
-11.6419
5.93146
-2.75221
5.29604
9.77057
-5.03079
-1.96664
4.98285
3.50296
-0.910016
10.5955
7.64558
-4.471
6.45385
2.21085
4.40742
9.50842
0.124251
5.3151
5.94364
0.533506
0.523515
-0.123178
5.97789
5.59936
-1.36418
-1.95136
-7.7752
-2.65616
4.24941
-0.464441
1.23351
0.596358
4.9623
3.00376
9.88118
7.21558
1.70776
8.23487
2.06581
7.3819
2.30776
0.666919
11.8739
1.10457
-1.21524
-3.33124
5.83223
6.56694
5.24432
4.51406
1.42221
-10.335
3.17185
2.41473
3.41773
12.8663
7.49083
-1.62976
-6.92722
-1.03578
1.8846
-8.47832
3.47909
-3.07194
-1.73319
12.0329
4.28155
4.03477
-6.09735
7.99487
3.78543
-1.8464
-5.31966
5.44273
4.60736
8.26948
-1.62689
0.921221
11.3092
7.7699
7.04184
0.768521
-5.73621
1.10563
3.42496
-2.10977
-0.275872
-0.237059
8.03038
-1.68079
8.16315
8.9552
9.1003
-3.92834
6.5914
11.9255
3.76051
3.15825
-6.98805
-1.07042
7.49557
4.18086
6.21618
-3.62707
-4.67412
6.1109
4.53592
1.14201
-2.7109
-3.66426
3.45023
0.605341
1.32388
5.00927
0.834741
5.29609
1.84766
3.67962
7.24523
1.37398
0.756491
3.22313
-5.33653
2.03527
-9.31525
-1.58702
7.16198
3.02064
0.0212752
4.48443
1.25842
-4.87473
0.988787
2.77786
-7.51374
-1.1086
-7.65176
6.82848
0.525066
5.20413
10.9696
3.11368
-10.4719
-4.57838
3.7883
1.2005
1.04695
-0.809811
4.53817
0.103479
1.09301
-1.09759
10.5398
-2.52079
-16.4875
-13.2256
-1.35884
2.1166
1.42955
-3.21373
-9.88254
5.51681
-10.3981
4.09748
-5.1249
2.23117
3.51372
-3.97015
1.23507
3.63029
1.60629
-2.69474
0.0823459
-9.02991
3.72421
0.97417
9.60891
-3.77579
-13.3241
-0.372556
6.41759
5.45154
-1.57124
-5.04139
3.96263
-8.71476
1.83204
-6.219
0.484096
2.87502
3.45535
-0.0580303
2.92354
0.335967
12.4966
9.26531
2.44273
7.54395
5.10246
5.14781
0.866503
7.09622
6.83401
1.09172
2.23875
-2.41801
8.55376
7.28712
-13.4087
-4.40487
-0.0705297
2.02777
3.56362
0.422709
-1.12712
-1.07997
6.39428
-13.0666
0.151474
2.94556
-0.0349953
-3.60226
-8.60312
-9.15754
-0.291469
-2.80847
0.036363
1.69303
7.30558
5.57353
-2.15759
3.43022
4.06158
3.40818
6.14575
1.73913
8.35707
3.66406
-4.61181
1.51414
3.44101
-1.4998
0.362301
-0.900802
-6.66167
11.5757
1.8563
3.93935
-0.558568
0.654422
3.56012
-9.49122
0.712083
5.34983
-0.110865
0.476445
-0.48297
-2.59695
3.91301
3.35631
2.54257
7.02403
-3.08723
-1.18883
1.72836
-0.799565
4.20948
3.68603
-6.80552
-6.05267
-6.15483
-1.01743
3.94087
-10.2259
-4.14937
-5.53454
1.66148
3.62609
1.86493
2.55067
-1.20871
-4.81462
-3.37108
-12.9502
1.3473
-6.45382
-2.30595
3.22774
5.78875
1.50605
-3.25807
1.43868
4.06353
4.03447
5.81896
1.79706
1.49341
0.519446
8.43853
3.87586
-12.2934
3.61648
2.12546
1.24145
5.89117
9.47504
9.73886
0.818248
1.62864
7.19049
4.08618
-2.72354
10.4109
3.27784
12.6939
-5.50136
-5.47905
-0.512208
-1.21102
1.74718
-4.33932
5.89303
-5.36189
12.3981
3.05509
-12.4875
1.41992
4.85208
-7.10685
1.62994
4.2953
6.70091
5.22849
4.41611
8.71733
0.516337
1.51285
7.90098
6.38006
2.63775
2.00431
5.14017
1.55637
-4.3649
5.48103
-1.45251
-2.00481
10.017
8.52667
4.94815
0.0114976
4.34003
7.18567
4.55482
-3.75644
0.189751
5.48544
-3.10814
4.91198
1.45716
-1.47264
-14.4258
-3.55576
1.41403
8.83416
9.8326
2.96955
-3.62905
3.93595
3.07294
2.87775
0.963394
-1.2258
-6.05588
-5.35555
-0.294678
-9.1406
6.44933
-6.72979
3.6917
-8.66063
-3.18763
-13.3622
5.86843
1.2415
-2.59373
-6.38414
1.87382
6.71705
2.5529
-1.54893
-10.175
7.29839
2.69202
8.48885
0.140777
4.35795
-8.58856
-8.99032
-1.49136
-0.751659
9.08389
0.626318
7.70739
2.34281
-1.24947
2.91913
1.60166
-2.43695
-0.608891
-6.89778
-4.27778
2.82877
1.96309
2.29141
1.47276
5.09958
-0.371704
7.93839
0.17678
5.6128
0.247538
-2.10996
-0.950305
-0.108779
-11.17
-3.08417
7.42259
-1.51528
-0.4232
3.34277
6.22023
6.12645
-2.44221
-2.34934
5.78994
9.67626
-7.38672
-9.567
-8.0695
0.932608
-2.35778
-3.35917
3.98646
-3.20142
-1.82978
-3.81262
6.63218
2.98075
-7.45526
1.44598
4.79785
0.410461
3.27676
-7.61054
7.56018
-10.3528
5.27965
-3.17351
-1.32951
-2.6764
1.04912
2.22973
2.44922
2.5721
0.602545
4.99558
5.27052
-2.64637
5.44539
-9.19304
-5.66193
4.80035
-3.80909
-12.0141
-1.32389
-1.32818
-2.44743
-1.16897
-4.01379
-7.58946
6.6468
6.02981
-2.51938
-3.46241
0.034856
2.63858
0.499544
-1.75913
0.791854
2.09341
0.574344
3.31858
6.23869
5.14861
8.88494
2.72263
-6.12398
1.86871
-0.964085
3.30355
1.55085
-8.72196
-1.78743
-1.70919
3.58583
3.01769
-3.48503
9.4888
4.46205
0.0406835
3.11436
4.12089
-0.706859
-7.85108
6.78092
-1.23698
-1.66078
0.708836
4.78685
-3.03088
-2.83051
3.0061
-0.240995
1.27169
-5.43589
2.73113
3.00967
0.944842
-6.83296
6.04735
3.46104
5.78434
-5.10154
-6.90247
2.73072
-4.46791
7.53417
-1.68358
7.6937
0.172563
0.771577
-0.880166
0.0496481
3.65864
8.01365
7.39504
8.73311
6.83401
-1.03515
-6.05336
-4.87669
-5.5351
6.28807
3.63691
-5.15679
-13.4093
-4.70182
-11.9176
-1.46288
2.84526
-1.16169
1.42062
-6.03594
-2.59414
2.40931
0.90946
0.0470909
7.58136
-5.87361
0.0313915
2.65744
2.14287
3.90548
0.789736
-7.4061
12.1659
3.2408
-1.28159
-1.50254
0.0456962
4.62076
-5.74225
-2.06849
4.89686
7.42549
-5.32911
-3.8129
4.94263
2.78608
-8.94719
2.19371
2.65768
2.90263
-0.423631
0.365208
6.6441
12.439
-3.13584
5.81852
8.71169
6.73957
0.193778
6.62947
-8.77999
7.30855
-12.269
2.91483
13.2603
0.249633
3.2321
11.0463
3.19594
-0.156614
2.08873
2.48558
5.14207
1.79101
2.74546
-1.04475
-1.3784
1.62265
-6.1356
-3.6606
-5.85726
1.31275
-1.94537
1.08458
1.30343
5.90886
5.79554
-12.7873
7.44088
5.1238
-3.92636
4.58464
-1.49286
-1.95299
4.56729
-1.59376
-7.2353
1.07477
-6.42266
-6.26981
-4.23315
-0.432578
8.14811
-7.66232
-5.78409
-0.454617
6.17853
3.33177
1.19123
0.71564
4.96173
5.34955
-2.15434
10.9713
-6.69271
0.458766
-0.863315
0.636634
2.68317
-0.479767
1.36902
-3.30505
-8.23817
9.31982
10.9338
4.26675
5.41224
2.85383
-1.25521
-1.40554
0.84053
-5.1826
-7.85241
4.86504
-3.84514
3.53245
3.13902
-5.23528
8.19392
-0.545446
10.0854
-0.621917
0.467534
4.42891
0.142933
6.60026
6.483
-5.23001
6.23495
1.31814
2.49954
-19.4363
4.17702
-3.50484
-7.80276
-0.702078
7.16288
4.73978
3.12821
-4.63446
0.872863
8.39898
-4.27521
0.969613
11.8533
-1.41894
4.47747
2.04709
-11.1006
-0.706709
-1.47631
11.8489
0.401785
-0.986665
3.23345
5.55696
5.38311
7.63783
3.46468
1.68317
-0.539832
-1.21652
-4.54468
-13.1781
-2.86881
7.41208
4.30124
4.54549
-4.365
7.22121
8.40425
6.27069
3.09616
-2.92985
-3.86013
1.62765
-7.7259
-14.4188
0.979742
4.3286
0.945063
-1.79245
-13.0298
-1.54996
-5.00961
1.83944
9.89614
-7.25174
-1.31001
-3.32759
-16.1591
5.69223
-8.9926
2.34219
9.8268
7.24097
8.80277
1.96401
9.28892
3.214
-2.28538
-1.52995
7.54921
-1.13191
3.09671
7.5331
2.63919
3.88637
6.98393
-3.15195
2.58298
-0.179443
4.31314
0.452621
-0.847959
7.55612
5.14117
3.33488
-11.8174
5.18841
-1.09067
-4.11688
-1.68731
-7.66755
5.53027
-1.03306
2.27297
5.66044
14.0745
9.07177
7.11644
4.94609
0.0240616
2.86983
-7.71884
-2.85166
3.201
0.332362
12.2128
6.75223
4.82626
-2.96837
11.6719
1.29531
3.03705
2.46425
3.93666
-2.97674
-1.10564
-7.03428
3.81546
4.60684
-6.04808
2.12637
1.15433
-5.89141
-6.31045
1.49038
-7.84642
1.30537
6.23482
-2.59052
-3.11489
4.13968
6.09489
-1.67543
1.27838
1.65264
-2.36778
7.84936
3.29121
9.03544
-2.32359
-3.39013
7.31817
-0.424284
-2.70107
-3.7279
-3.84167
3.76931
-1.27776
-0.592252
-8.32339
8.10356
0.552743
6.88236
9.75215
-3.91701
11.0192
-0.183041
12.1715
3.94078
12.4265
4.57364
2.65024
0.369465
4.47989
-9.05103
-0.630014
-1.96552
-9.08995
-0.625451
4.25975
-3.13897
-0.595596
-4.26761
2.84207
-5.11901
0.0856545
-0.483755
7.61586
8.81357
-2.93623
-4.55925
3.00056
1.24263
-2.28978
2.70881
1.20199
2.51958
4.0286
8.61105
8.11145
7.31683
-1.21119
-2.05329
3.64688
1.20936
2.98382
0.465212
-1.05316
-6.6537
-5.14196
-4.79632
-2.15628
-6.4607
1.02136
-9.22046
-2.14235
8.33684
1.03348
2.2856
-1.67899
6.81495
5.12921
2.36668
-1.22434
3.02619
-0.677837
4.71155
5.97569
0.0637023
-3.08506
6.51625
9.47419
-4.95933
5.44007
-0.992424
-1.83556
-2.0095
2.67003
1.54761
3.13201
3.88566
5.42628
7.36918
5.71362
-11.8152
5.68517
2.54659
-6.8537
5.79706
-0.0115976
7.11382
-2.00953
9.63153
1.81737
3.89273
1.39477
-0.90413
7.14043
3.50658
-2.09122
5.02857
6.95429
-1.42998
7.80204
-1.26703
3.10179
5.21669
-3.58489
2.08933
-4.07802
4.80117
-4.64473
11.0182
5.14936
3.98524
11.315
3.59323
0.444978
-4.08742
3.70147
-2.799
-7.82271
4.88687
-1.66426
1.60646
-2.44012
-8.58207
-0.314965
9.41427
-1.67915
-5.33962
1.97625
3.30272
-0.956811
5.26689
5.93079
7.80942
3.03559
7.98919
3.54498
-5.64157
8.07114
7.05912
3.63416
13.0334
8.49923
-13.3873
-2.66428
4.5894
0.571938
-1.1094
6.90227
-11.7559
5.71022
-6.3662
-11.8861
1.24181
7.16429
3.63443
7.33563
10.1713
5.65002
10.3979
-5.11234
3.10424
0.0145152
3.37333
-0.637061
-5.21031
-2.88524
2.41713
9.17153
5.50334
2.51004
-3.12538
1.98136
2.68524
5.77547
-1.77081
2.61975
6.00371
-1.09635
-8.91889
8.8158
-0.454547
13.039
4.635
-1.49007
-1.97675
-6.80496
-0.858542
2.28208
-8.0357
-3.18196
0.291864
5.32303
-2.15278
-7.74006
-2.66957
-12.5926
-5.69186
-2.21444
1.60037
1.30374
6.58781
5.46909
2.68992
-1.80911
-1.91477
5.36827
-2.87846
-1.06596
1.79009
-5.4252
-13.4848
-5.66085
-0.00587957
4.04917
-10.1276
-8.51448
-4.93828
0.979715
0.72254
5.44042
-6.46464
-2.55544
6.42657
-1.45822
4.30016
7.91233
8.98108
5.39096
-10.9624
-10.0992
-10.8906
-7.0646
0.580142
7.76307
5.63061
-9.76538
7.74707
0.152066
-0.740906
0.248847
4.2436
-1.04538
5.77438
4.40605
1.239
4.3666
-8.0602
-4.32049
-8.26457
-6.43943
-3.10752
-0.480977
3.61015
5.17121
-1.67724
1.56897
-3.23736
-0.702399
0.984051
2.49107
-14.3266
1.98921
-2.92459
-0.0945102
-9.01209
6.45253
-1.95162
8.17232
1.87909
3.16491
-0.33251
-4.39964
-0.527488
7.07642
-4.62787
2.3893
-4.3884
-5.38201
-1.24047
1.95047
4.11098
4.12131
-1.71187
2.37582
8.27137
4.88917
-1.08791
10.5751
-2.59436
-5.71453
-6.76583
8.08982
3.65799
0.237021
-11.5724
2.63101
-2.45859
-2.48096
7.32092
-2.56623
0.471912
8.48906
2.45543
3.88943
2.08994
-9.38707
7.18145
12.8785
-2.82643
-3.7439
1.26743
-11.1835
5.63167
-9.71424
-12.3298
2.38304
3.61296
7.16347
2.48766
-0.926313
10.2047
3.22797
8.40055
-0.975404
-19.5479
-3.21707
8.61393
-3.81842
9.06392
-4.65965
5.81879
6.28328
-2.38996
-0.336392
8.91033
4.88974
5.50466
-5.55284
-2.14583
5.53968
2.158
-0.901444
0.330893
-8.98685
2.65399
3.63509
3.41274
11.882
-2.13049
5.33372
5.42486
5.94609
-4.74948
4.41604
5.44797
-0.442438
6.88617
7.97809
15.0576
2.23465
8.33827
-9.16075
1.27154
-3.48326
1.00663
-2.93801
5.10084
8.84766
4.52544
-1.60305
5.76822
8.93448
8.34569
5.20147
9.60191
2.82301
5.84255
3.24486
-2.43127
4.39724
0.268855
0.172887
-5.58045
3.54423
-10.2186
-0.478699
7.02024
3.29306
3.06566
3.90864
-0.612887
3.70167
5.05397
7.97766
7.34078
-2.94797
4.36598
5.67701
-9.26045
-1.43128
-0.364249
1.40878
5.98797
4.02271
-1.155
3.14945
2.30096
2.17859
-0.230973
-15.644
7.24978
-5.08595
-5.35195
3.33432
-9.06495
2.8858
7.01684
2.31771
-2.41017
3.13269
0.467917
6.04778
4.79412
-5.88919
-3.95769
10.5664
-3.92974
-2.6031
-1.61086
-3.24754
1.5001
11.7561
-3.92893
-3.73999
7.40521
6.13724
2.80934
-1.81809
1.99714
1.70395
1.15516
5.50909
13.5588
0.310168
7.63077
-1.71182
-1.28237
-3.14552
2.07417
-3.76332
-7.32155
4.46114
-7.24107
2.75344
1.78599
-4.67443
1.13342
-8.99938
4.44411
-3.11561
2.70616
11.6333
0.316335
5.482
7.13982
3.53913
6.25842
8.33262
6.44054
-11.4742
-11.5388
4.97131
6.83832
-0.84312
0.812882
2.33377
-3.06946
5.86121
5.18742
1.00976
0.236964
-2.78452
-2.20305
-1.58923
6.25884
5.3663
7.01794
7.62171
6.84735
15.2255
1.30834
-3.48721
8.1009
-14.6763
0.987553
-11.563
6.53001
4.55434
2.86558
4.2773
-2.57353
-4.71202
-1.14361
7.83775
6.87751
-0.224292
0.458935
1.47673
-0.697389
0.788853
-10.9328
3.03966
-1.67736
-2.53446
1.29066
2.20043
4.18083
-2.73874
2.27942
2.21209
10.873
2.70409
5.67626
12.2567
1.87596
-0.271596
-4.18233
0.0316037
2.49547
1.05731
-15.8327
3.03087
3.06941
-4.67124
-0.42018
2.84838
-2.73879
-2.18318
-1.12921
1.09832
7.18902
3.34927
11.2478
-9.03152
2.637
2.81318
6.28235
6.3121
6.35507
-8.30831
-3.7584
7.89178
-6.97822
7.60711
3.51986
-1.21215
3.75195
1.9806
7.34629
9.74793
-2.68303
-1.7353
-6.19818
8.46493
8.2685
7.78488
-9.6402
3.64736
-0.296357
0.24848
4.95385
-6.98263
-3.81769
-2.73663
3.64942
1.24814
12.0375
5.68645
0.783336
7.97751
2.77141
0.114816
3.06365
-2.53238
-4.06602
-8.03514
3.60412
-0.729872
1.38355
-3.32256
-4.8478
0.863503
-6.72663
-2.96237
7.98862
4.45892
6.24692
5.06091
-2.48572
-1.341
7.45576
2.93157
1.07075
-7.90595
11.8686
-4.34026
6.51076
-5.26851
2.57399
-2.09258
-2.2033
-4.82346
5.55653
2.84453
2.18967
-0.432588
2.79332
-6.93221
0.682374
7.30374
0.491934
-2.51905
-3.87617
-0.10188
11.6687
3.56593
-2.24433
6.26098
10.2285
9.46298
-8.03288
4.03765
-0.694424
2.24355
7.27361
-11.6877
-2.03455
4.70544
-1.30965
-0.496671
-2.52922
-0.0639672
2.25992
1.25221
6.67706
11.3709
0.56562
3.04811
-1.61678
3.05013
-3.56074
-2.56112
11.4983
0.248273
5.70458
0.0711371
12.8579
-4.78454
4.17891
-2.58868
1.61637
5.89916
-6.55393
-5.99816
5.87343
4.71089
4.5867
3.03678
2.32767
-12.9611
5.73423
-8.47114
-9.65685
2.1159
1.50651
7.03478
-5.04347
2.2147
-5.39246
-5.41702
-0.729669
-5.5431
-10.088
3.6229
3.8715
-1.01888
5.3752
-3.15776
-4.77777
-2.84795
0.371171
4.44579
-2.31063
-0.183455
-2.93396
7.26973
1.77324
4.23684
4.73002
2.45873
-2.11681
0.936905
3.61546
-2.61345
13.2515
1.8965
0.155469
-4.34929
2.86456
1.96967
-0.361101
0.761845
-1.7528
4.81219
-2.39261
-0.248273
8.13254
8.24763
2.3258
4.08823
2.47849
-10.0567
6.16793
7.74976
-3.73219
6.68429
-1.27758
-9.1359
1.10317
-13.3408
7.74591
-2.32305
1.97662
-5.32633
4.6149
-9.21759
-3.07724
9.9333
-1.21908
6.27999
-4.29952
6.81312
-4.01113
-11.2421
-6.6326
4.73986
7.03326
1.35178
0.890916
0.874671
-5.20124
3.84296
6.12658
-1.17385
12.4621
-2.30217
5.12396
-14.5169
0.136603
1.78213
8.13856
-0.928836
-1.74999
3.38809
4.97171
0.239174
5.33343
-1.88766
-9.93685
5.27628
0.840663
5.07764
2.57342
2.32105
-2.55194
4.17719
0.195224
-0.0282096
0.369821
-4.45404
-4.47121
-3.07843
-6.28065
7.33074
12.1659
-0.00865745
-1.0436
7.5207
-4.3756
3.218
0.373041
-5.18865
4.68222
4.03863
3.25881
1.59419
2.55048
-7.70698
5.33186
-1.82312
-7.94106
4.16937
-7.05415
-18.9534
1.31121
-13.3304
-9.14058
2.22939
-5.16985
5.84991
-7.38343
-4.49862
4.59921
7.8397
0.657563
2.02705
9.7735
-3.54312
3.19806
-4.06962
-1.2045
6.66658
-0.185354
7.83976
-0.741633
-2.91739
0.506447
2.90128
-7.59024
1.04269
3.14854
5.92252
1.37346
-8.08978
5.85257
15.3378
6.68652
-2.31472
4.71965
2.76543
2.799
10.8913
-4.27981
6.2585
-2.17594
1.12963
4.43265
-2.86134
-2.53975
-0.47259
-0.648821
4.44686
-7.52675
0.49008
2.45346
-7.41475
6.8272
-0.284582
2.82417
-1.56691
0.308754
6.22017
11.3182
1.34329
-2.53563
7.94904
4.32976
-4.95714
9.25242
2.03873
12.2012
3.98817
11.4743
2.93813
-4.78058
-4.03899
5.56811
-5.76762
-3.45355
5.60648
5.1627
1.03151
5.76311
2.2197
3.08559
2.71734
-2.97281
-6.41699
-12.3918
-4.38283
-1.63748
-10.27
3.69088
-1.08313
3.52354
5.4334
5.30313
-1.6827
-11.6225
-1.87926
-11.7842
6.76755
-8.24132
2.54391
8.45099
-8.35935
-7.341
8.65159
4.48607
7.48749
3.78981
-1.18473
11.5035
3.11108
4.9318
1.38755
3.70254
3.10613
8.5274
3.88926
4.30504
-5.55488
-6.81618
3.09533
3.08089
-7.11465
-0.28132
1.16685
5.36195
0.65526
2.92491
0.867189
-2.08501
6.85172
3.13071
5.93411
-7.46779
-6.36374
8.5587
14.6475
5.4763
7.86977
-5.73834
2.84724
4.46365
7.92662
4.10304
5.31443
9.6915
8.68901
-1.85195
4.65444
6.19999
4.16687
2.24107
2.81852
-3.01933
5.67684
-8.11832
5.54356
-21.9768
-0.325677
1.97781
2.61404
3.02932
2.46519
0.0496987
2.14805
0.83148
-2.23456
-5.9903
1.67655
1.58371
2.92302
3.72574
-0.831644
-2.25242
1.40185
6.75506
1.01562
1.19058
-1.05112
2.04832
-0.00335216
-0.656248
8.53756
-2.26037
1.60252
1.37491
-3.01119
-4.21784
-6.3857
1.16044
1.40775
2.48903
3.34468
4.75621
8.25672
0.496155
3.56101
-7.89832
3.23005
-4.6899
-0.415971
-2.82802
1.65934
1.49532
0.0495768
-2.79022
9.5502
1.31047
-5.75666
-0.916546
-7.40598
7.97278
2.12206
3.94207
-6.09659
4.63446
-6.73589
2.4165
1.8172
7.13622
10.3784
-2.08537
1.45127
3.8163
2.68189
6.10011
-1.27196
-3.09355
-7.09116
-2.24298
9.41401
10.157
-4.3098
2.68648
4.45446
8.07686
12.5841
2.72602
4.40431
-1.17362
3.89745
13.922
7.0011
11.9327
1.43773
5.28397
9.17133
13.33
-5.92233
-2.73578
7.30342
-0.259424
2.08822
0.556589
-6.8605
-3.47245
-0.61667
3.14532
-1.08761
2.79473
-4.79279
12.4981
2.28937
8.02062
4.7304
4.85859
-3.63101
-1.44266
0.614208
5.83334
-3.40091
-3.6219
-11.5433
-6.70713
-3.23628
-1.75263
2.29462
6.7236
5.70232
0.651544
-1.33284
8.17197
4.1988
1.49109
2.0801
3.43646
-1.71116
10.9732
10.7336
0.645629
0.690265
-0.273013
10.6843
8.63797
8.46094
7.57762
-3.18877
4.07602
-0.829438
9.2618
-5.18141
-2.55585
9.46025
10.3041
3.55337
0.767379
2.76181
7.41624
5.93978
-2.64941
14.3042
6.8247
8.54311
3.62061
0.580548
-7.92711
6.92722
-9.57707
6.2686
-0.688397
1.73309
-0.00631213
5.41117
2.21992
6.29788
7.18173
-2.99769
-18.6827
1.98521
-2.65944
5.24228
-6.12479
8.38244
-1.09607
9.61076
7.23609
4.58607
-1.11068
-2.81148
4.7354
9.22903
8.23652
-3.43693
2.57732
10.5439
10.1078
1.53601
4.94731
-1.46692
4.47463
1.30564
3.28956
7.29497
8.98814
4.78245
-9.07607
-4.06299
2.18208
-0.870497
4.23509
15.3002
13.5583
-2.2288
7.2877
6.10334
8.85808
-2.5818
8.78143
1.46247
6.53631
5.55587
1.82563
4.56138
1.2737
-5.62879
12.199
-0.646428
-5.09088
8.08741
-9.70798
-2.10372
-6.42926
1.16812
0.972684
2.32726
5.78186
10.6766
8.24318
13.6566
1.58177
8.15209
3.18428
7.06817
-1.27262
5.51674
8.31089
-6.23425
4.41631
7.72297
0.63824
2.86269
7.42457
1.48479
3.4778
-5.88327
10.6596
7.91139
7.61834
8.76026
-3.36609
1.4314
1.17424
11.9056
5.20421
-1.19221
2.49913
9.19515
5.13303
-0.57544
6.9264
9.53424
0.901757
4.16585
1.17239
-6.78131
4.66653
12.605
6.17239
0.626534
10.5514
9.15834
-0.669528
9.39107
1.4537
-3.1734
-0.0362808
4.4716
0.995536
5.5804
2.69564
5.63472
2.7429
-3.07957
-3.64066
-1.48733
-6.73818
1.63325
-3.84574
-8.15547
2.33252
8.15761
6.33283
-12.1497
6.96837
8.76199
-6.40722
-0.955311
13.3651
-5.13875
-4.65958
2.47854
8.88671
5.15423
-13.0235
-10.9935
0.731149
7.93061
-0.250068
-1.54728
-1.89009
7.45048
1.35192
-1.55096
8.12412
8.34288
-0.180052
1.78586
-3.03695
-1.99152
0.82184
7.50909
2.13366
1.46738
7.69055
1.13256
1.13427
1.08813
3.7892
-3.76213
8.7565
-0.703222
-2.74386
4.30084
-12.7282
-0.497312
-5.04297
-8.0836
-7.41205
5.52824
1.60086
3.05519
8.76606
-0.361917
-10.1123
-1.73217
0.976893
-1.66077
3.84041
2.23995
-5.05295
4.48225
2.24529
1.82411
2.05417
3.73887
-7.90341
4.93309
2.89827
-4.32399
-7.13406
-1.90909
-8.71074
2.69001
-2.84776
4.32024
-2.16576
6.66817
5.11858
4.31562
2.7613
2.01046
3.42207
-3.32769
-4.08914
5.65383
2.38305
4.89895
3.11674
-6.03441
9.56047
1.49921
6.67438
0.815868
4.97417
-0.0243437
12.1923
-6.13681
-0.815505
3.58287
7.34055
2.7498
9.99453
1.39148
5.42556
1.62838
-0.315118
-0.364404
2.63037
-2.48602
9.37897
3.0774
6.84965
6.11071
7.12081
6.16348
2.05656
12.3643
2.87296
-1.5009
3.27384
3.21076
5.54165
1.57984
2.94802
2.99637
11.4483
2.64745
-4.37387
1.45933
-2.02583
-14.2342
6.5303
3.13759
3.16443
-1.92803
12.7989
10.4956
1.03019
9.99661
9.90878
7.33335
-3.58854
4.23076
11.4113
6.05517
-6.17597
13.3832
2.77678
8.0379
-0.636104
5.46752
-3.83068
9.78935
11.1814
-10.4169
-3.35321
-2.12782
3.05843
-2.47891
-8.63202
1.41089
-4.39823
6.89624
10.9312
-5.03903
3.70554
2.52452
-6.95661
5.35647
-1.55536
-2.03016
6.94846
4.95514
3.51362
8.34647
-0.00331721
-10.4489
1.30226
3.96559
0.589915
-2.52727
-5.36932
-4.77506
4.01075
1.08067
4.0126
0.538777
9.64614
3.27066
8.18451
4.08513
7.01841
3.31396
8.32219
6.57776
2.69276
-6.29075
-7.65864
0.60998
-10.515
13.1214
3.36835
-7.67571
0.226086
-7.35069
8.43412
3.28149
5.45397
-5.1653
-3.81798
7.55319
3.05868
0.333411
5.63009
-1.30879
5.92034
10.461
5.30458
4.31887
8.39805
8.47365
-7.09206
4.05091
11.8908
7.89129
12.8546
8.17152
5.04111
6.16791
9.99364
7.36748
0.258025
4.82408
6.14948
4.19986
-1.56494
2.58262
11.5506
-0.401255
-10.4152
7.17695
3.97133
2.91901
-2.83623
5.70032
-8.17234
2.90663
7.64536
5.59119
-1.6975
1.36544
4.37804
3.6967
0.467347
3.8152
3.99707
-1.58637
0.116316
3.90933
4.20361
4.19347
2.36707
-3.53561
-0.537398
1.46782
-7.22215
-11.7405
1.2775
5.23298
-3.1253
1.56192
-1.53364
-8.14321
0.359008
10.5999
11.9306
2.00066
5.92496
-14.2653
1.40861
-1.27225
6.48824
-3.86409
-2.97313
-1.67228
5.0157
5.24033
7.34494
-5.76781
0.253319
11.1734
4.19995
-4.42218
0.791081
-15.537
4.58563
4.97304
-5.08567
4.7254
-0.641113
0.774784
6.08172
-1.22649
5.76658
10.5598
0.701497
9.62471
9.51222
5.93426
7.53484
4.23106
7.86405
-2.65349
5.22831
5.80332
-1.68575
4.06947
-5.17351
3.38161
10.2825
5.54459
2.99705
8.1325
11.4327
-5.10201
-11.281
-7.02028
4.89717
3.17496
3.30325
8.23125
4.10501
3.99711
8.60017
-5.14695
2.57306
1.76537
-6.50918
3.36008
-6.96057
-0.311801
10.4583
2.33257
-2.68551
3.90976
3.75901
4.19049
6.47098
7.96603
1.74624
-2.62749
5.98779
0.0383605
0.0209382
12.4344
1.0744
-0.279902
-0.330943
5.8628
-1.98804
11.2117
14.2676
9.47121
7.69722
8.8844
15.1562
-0.192327
3.62488
9.3301
13.1628
-5.25936
4.40092
-0.72165
4.70796
10.368
3.50316
3.07234
10.0093
12.2262
-1.27221
6.45423
17.0358
5.93965
6.52894
1.90326
9.17007
-7.85556
4.36127
-10.4273
9.54796
6.99751
8.93972
-4.68626
14.655
4.0355
4.01593
-1.71239
-3.12789
-1.52699
-1.27439
7.25293
-6.31036
-1.31686
0.538912
3.58681
4.3849
1.62221
-3.3485
2.21802
4.02887
0.515985
-2.48475
7.98608
-1.33708
1.07252
3.17291
6.94166
-0.331566
8.86838
0.512729
6.8626
5.35088
-5.86541
3.97281
0.857529
-0.936299
0.174596
3.25225
1.2222
2.85755
3.99722
9.49627
-12.205
-2.46766
-0.545602
-4.14195
10.4938
6.33228
-3.3379
-4.48778
1.1409
-0.331004
-2.83775
0.939966
6.58872
1.1888
5.71837
4.08896
-1.44659
1.5254
-4.03464
-1.48086
-1.64993
2.51926
-5.51597
10.4264
4.23435
2.92413
-1.29993
-3.38828
-8.90789
5.25159
-2.97314
-2.2899
2.56787
-1.49797
4.76386
-22.8902
-13.0804
1.67572
0.328468
-4.07354
7.32592
-9.94807
-0.739119
9.36051
2.64711
8.29836
3.7906
-0.27798
-10.8048
-9.17198
-7.17581
11.4183
0.728721
1.25686
1.13618
0.30383
3.2475
-4.3472
0.49044
13.6091
5.95545
-0.427572
-3.5068
-2.1878
4.39135
0.758147
7.29938
-1.72403
-0.110496
4.21429
-1.54606
-1.10136
-4.53522
3.44853
-1.2647
1.9043
-4.60875
2.42793
2.34774
6.03734
-8.84119
1.67313
8.31589
4.10108
-0.750206
2.68819
0.664478
7.49963
4.21547
-5.19115
7.27756
-4.70266
-0.819961
0.938529
-9.72698
0.450116
-4.05571
0.927632
3.28135
-2.72023
8.06906
4.86576
-2.09895
2.94127
-4.94907
0.867973
4.20729
-2.25033
7.31048
3.2518
4.00229
-4.08166
-8.31028
-7.12256
1.0442
7.71248
6.63313
1.69635
13.6383
5.65369
-0.75408
6.99375
2.06605
10.7394
1.43088
1.78675
-3.09777
1.0337
-2.40113
2.27258
-5.80472
-1.86235
4.68041
2.92562
-0.340803
-0.724388
2.96946
2.33519
11.8413
-7.08874
3.20361
-2.23417
6.10114
7.74703
-1.60617
1.96792
-4.52181
-9.8542
-3.77424
3.92736
10.1837
4.47267
1.42999
6.5485
1.28217
9.43863
-3.04056
3.11011
7.09253
-5.33872
-2.58924
0.601587
-3.61166
2.24047
4.41773
2.59712
3.96068
4.24679
0.0689173
-2.4874
1.60652
6.09862
3.83588
2.33726
4.86559
4.06946
-1.80366
-3.14626
-2.16877
9.61088
0.59234
-3.06646
3.30534
1.42942
-4.09189
4.86554
7.71846
-2.11853
2.51153
2.30172
4.09497
1.25986
10.5909
3.38177
12.2596
10.3725
-8.52517
18.9058
9.86518
-2.18103
8.67277
7.84699
5.64263
11.3682
0.310801
7.50116
16.7855
13.2761
3.37604
-1.25326
0.144734
-2.50541
11.3717
-0.761659
10.9404
8.63641
7.99795
9.21007
12.4893
8.71306
-0.391754
8.04937
20.2583
-0.0316766
-5.1024
5.28584
6.16448
1.72697
7.70666
8.10523
7.25497
-8.17631
11.2491
4.60179
2.4093
5.00181
6.00487
1.60522
4.78939
11.3864
5.84659
4.93731
8.11966
-2.4
7.62421
1.16338
-0.321315
11.5376
7.08675
-4.52199
11.5976
19.8286
11.7834
10.9846
14.4689
2.85225
-0.798977
9.04595
1.98208
-6.40761
12.8934
2.66968
0.720906
11.4388
2.79544
2.91395
10.4662
-1.53452
2.78961
2.65002
1.93442
9.23671
3.66451
5.74734
15.8572
9.09107
7.22444
-3.2523
5.82981
-1.31275
2.67371
4.50107
3.29428
2.72185
6.58236
4.69913
-4.3075
4.74038
13.7684
-3.66435
8.75526
6.94295
-6.33077
0.233829
0.481983
8.35888
8.95219
5.33584
7.05486
8.23557
8.86737
3.44893
3.40629
4.72455
3.51632
6.76777
3.87041
2.87779
-1.82623
12.6893
12.3983
12.0082
11.3194
8.53424
11.577
9.45647
6.85466
0.454994
2.32293
14.5473
6.50037
-3.13941
-2.54897
-0.485502
3.49196
-1.78237
6.71233
9.67251
-4.91491
16.0413
6.06194
4.50291
0.0586636
9.14743
-0.719943
10.3306
9.13923
4.9995
-1.28304
-7.98186
4.28974
9.32483
-2.75391
1.83889
-2.41704
8.35727
5.22081
-2.57768
5.36553
2.70172
4.72698
-1.57077
5.13059
1.33219
7.4332
0.0832225
5.32162
-2.45595
-0.910039
5.75267
1.87403
2.06271
6.35608
4.91626
-6.71929
2.38576
7.62297
7.38209
-2.92712
10.1832
-3.84068
6.50012
1.93194
5.79548
-1.60133
2.65097
5.30244
0.201153
3.66234
-1.42819
-0.542748
2.17024
4.74332
1.53089
3.64753
-2.49216
2.32217
7.80016
-2.28984
4.90332
0.625563
8.25829
-5.45183
2.10591
10.7439
2.04823
-0.391281
2.41242
1.37186
11.084
3.09715
1.39275
5.04477
4.99905
0.238997
2.74967
4.72317
3.16413
-0.00346408
-3.99254
4.4672
-1.69945
10.7043
5.57067
4.87573
10.5709
8.42714
-0.336959
5.07558
-3.95539
4.60767
3.25466
4.34582
3.19078
4.6911
8.89348
11.8853
0.0678103
2.46596
5.25073
11.3437
6.69831
3.63039
3.91932
2.77
-0.485089
5.48822
2.71034
0.395463
-6.77728
-0.0657575
-6.47293
-10.9551
9.47129
-0.974911
2.00586
-2.46531
-0.163857
-0.0565936
5.38019
1.32552
-2.55786
0.154476
-0.0917915
-6.60821
9.45644
3.16059
-4.58089
4.06468
8.33977
10.2103
5.74645
10.0079
7.2485
2.85109
15.6595
1.41166
2.13896
6.63805
3.2023
1.71731
-5.2368
-1.63546
0.593827
-1.23216
0.127357
-0.522282
1.12631
-3.40912
3.88073
-1.63052
-8.87841
-6.23226
-7.08605
2.92377
-0.128748
12.1448
-12.5586
6.26224
-3.13919
6.05973
4.00438
-1.11734
-2.18193
-1.68469
-1.20432
-2.37267
2.02573
1.82398
1.74807
-11.6545
-1.83567
2.29251
6.39345
-8.45204
-2.68766
5.43256
-1.05218
4.9614
6.62343
-4.37779
9.24179
9.13754
7.89491
7.66324
4.41241
4.92843
1.94561
7.24834
5.13079
1.90062
3.39215
1.73704
11.8492
4.94457
6.15116
9.64407
-6.14151
14.8883
0.219598
0.203948
5.46323
3.11898
-6.92517
1.87866
-2.93747
-4.21013
-1.30651
8.22407
4.83379
4.54301
1.75179
-10.7251
4.91849
-2.04768
-10.9557
8.05289
3.10434
-4.94259
-0.623391
-1.10662
6.70452
-2.95651
10.682
7.86428
-0.837376
3.02623
-9.97672
7.99717
-10.0961
-2.72156
-4.17908
-3.73699
1.80992
7.66821
4.90974
4.62667
6.48129
6.41454
-5.28219
2.05716
0.541498
7.41696
-3.85853
-9.17014
1.46367
3.43757
3.53487
0.637377
5.06196
-1.03568
4.72324
-2.91106
-3.28392
-2.27739
2.474
0.437988
0.0327147
-1.73214
-1.76024
7.55737
2.65801
10.1335
-1.13231
4.96075
1.77926
-0.123441
0.99812
-7.21727
5.5664
0.641645
1.433
9.59105
16.0046
5.83392
-2.82019
1.39654
-0.671877
-0.21817
-4.29745
2.22054
2.53384
3.87266
0.688024
7.11441
0.198398
0.541025
4.16514
5.74296
4.99399
-1.54561
-0.540563
3.01711
0.342927
-0.760265
5.06096
5.46387
-0.848632
-1.49725
-9.70924
5.38012
-1.77303
10.2398
8.50949
-5.05081
3.58489
7.53495
-14.2374
4.94632
-3.73617
0.845457
-2.86651
-1.24219
-6.13869
4.02268
6.79722
1.53479
4.27023
9.08137
1.44226
7.06466
-3.15679
9.01511
0.114382
5.04342
4.51863
-15.2279
-6.64274
2.50982
0.346462
-7.43571
-3.0393
-7.31768
-7.90039
0.76432
-3.64295
-4.33253
-3.12953
1.28464
1.69287
-0.923111
0.16405
7.59976
0.0509215
-3.37212
-2.6794
-14.0663
2.35403
5.79014
7.22761
-8.0692
5.04663
2.62353
-14.4825
-0.119572
5.23887
5.66325
-1.62337
-1.06238
5.41435
-1.3771
2.29957
4.9103
-3.42253
0.691621
-7.30531
-8.07465
-7.49752
-2.90144
-1.49642
-2.02419
-2.64587
4.26005
0.150627
0.991185
-1.53107
-1.02337
-2.24645
-1.93775
-3.29019
-2.71642
3.50672
-0.876782
-6.95963
-4.2695
-5.09512
8.8208
2.55099
2.98262
0.922394
3.01426
-7.11999
3.29787
2.85669
-5.21678
9.41562
-3.04944
5.87744
-1.96721
9.7549
1.37526
6.07141
-5.67135
1.55103
7.16092
-0.559463
0.782005
-0.683091
9.47309
7.99141
-1.23957
1.2595
0.61895
0.41161
2.7454
3.54125
3.37073
10.7582
0.493491
-1.70605
1.7992
4.73183
-2.05206
4.07496
-3.02541
-4.7908
6.8552
3.56567
0.511679
-0.232175
5.16431
8.11462
-5.63548
12.1269
-0.42107
7.62858
4.1767
6.15275
-7.95895
-1.39415
3.01755
-3.76193
1.09266
-0.489998
-1.42321
0.940368
-3.33614
1.54512
3.4259
8.57418
5.20753
4.69922
0.480664
4.86539
5.30072
-3.45781
0.948843
0.363632
6.79458
5.69079
-1.68031
-5.39138
6.94531
0.532852
-4.51509
6.60404
-3.83664
-0.118048
0.167323
-2.83599
-0.460783
-0.0562638
7.67792
1.65735
9.25172
7.08647
8.29296
-7.87397
-5.81755
-5.46904
-3.85212
2.8856
4.72227
2.64941
-5.01052
6.51239
-10.2579
4.26725
6.9056
-0.0739875
0.760028
0.0433849
-6.64215
-2.9138
-7.97343
8.58929
6.52731
5.71683
0.531814
-2.48484
-4.91491
-6.42127
2.92529
6.77313
6.09845
-6.68056
7.57381
0.303005
-2.5811
3.17522
-7.83053
5.10851
2.17559
8.09698
0.180695
-0.923414
2.86791
7.95096
5.50411
-4.98188
-1.20609
2.14471
3.11321
9.2163
-6.44492
6.74778
15.1758
5.30109
6.68771
-10.1958
0.147476
9.97304
0.991059
-0.650507
3.76562
0.979728
1.84412
10.0601
8.17309
2.09843
1.94384
12.2463
5.45036
-1.94205
-3.60532
1.93514
0.451132
-8.48438
0.587478
-12.1755
0.194844
-3.3114
0.203521
1.18992
-1.06264
0.100634
5.56591
3.69384
-6.21788
0.337903
-0.647904
9.71794
-8.51451
-6.67543
-2.63926
7.18764
-6.67687
-4.21014
1.42206
-0.298224
-2.93904
-1.2593
12.149
1.97267
9.68761
0.489974
8.10962
-2.46633
5.73867
1.00214
-3.92077
-3.94203
-7.36262
-9.92875
3.48107
4.77786
-9.87916
-1.72436
4.75762
4.15858
0.514361
-6.79213
8.62249
-0.416927
6.7023
2.84826
-0.891828
5.72076
-3.28812
-2.8551
-2.36519
3.26978
5.39644
-3.28559
8.90021
3.5417
7.41646
5.15677
1.92159
-0.481515
7.6789
10.3955
4.29715
-3.84449
-0.153408
4.83632
-3.17381
5.56865
7.5216
-8.06827
5.16045
9.82525
-5.25885
0.710642
3.44494
14.939
0.334438
-7.34568
10.3183
0.334066
9.75016
-9.50408
-3.59294
3.89885
-3.50574
4.0745
5.34085
-0.00889736
5.23483
0.0398046
6.01525
4.49611
1.27789
1.09162
8.9801
-3.02145
1.49197
3.39366
6.55642
3.33456
0.398602
-0.569444
-3.17178
8.92829
-4.01242
0.670763
3.6765
8.61419
1.97383
8.54116
11.4204
2.41465
14.417
8.71547
-8.0257
3.37774
-2.40783
2.18742
-0.0529574
6.65911
10.3295
10.4885
3.0497
10.1545
-4.75219
-8.83662
-4.10282
5.08871
1.91507
-2.13427
3.7188
-13.7733
-5.8116
-6.7533
2.05348
2.19609
7.84301
0.483438
-5.74602
-8.62121
-15.5267
7.51371
-4.42872
1.07348
4.2083
-1.86285
6.10596
7.66065
2.8749
-4.29963
3.54435
0.674252
-5.68398
0.837118
3.67728
1.50134
-1.85566
-8.40672
-0.776397
7.384
1.393
-0.117405
8.46485
4.85696
-8.2683
-3.5113
9.26332
4.08505
-3.08263
-4.82033
4.24313
-1.82767
-1.19263
3.37831
-3.05502
-0.646867
4.70541
7.48378
-0.245207
-2.05882
-1.5819
1.7272
-13.1933
-6.4096
-6.4249
-1.42661
0.214104
6.19987
-0.349907
-5.29045
-2.8957
-1.29518
2.8733
-7.90386
-2.82623
-4.01068
1.30332
-1.89051
3.11839
1.96987
2.9146
4.30317
-0.265707
-4.78374
-0.304515
10.7387
8.47952
-2.49674
0.73786
-5.2951
3.27419
0.732307
7.78424
7.71548
-6.3257
-3.89745
-2.07531
1.79224
5.22923
0.174612
-9.58475
7.23126
5.70633
-6.15102
2.51454
5.17037
7.56329
2.54973
5.61665
5.00476
-9.44921
-7.76977
1.63016
-4.40109
-0.66774
10.948
4.54199
-7.67071
2.32641
1.43708
-2.15199
-2.80031
0.941145
3.30673
3.55704
6.28539
3.13851
-8.26904
7.23402
-0.571564
7.11834
9.67865
-6.70988
-3.67432
8.15846
-2.48433
2.45731
7.08741
3.49461
-0.0199122
-6.01887
-6.55534
-9.40675
2.37863
4.19795
3.26004
9.21143
5.43429
2.10983
0.856349
0.563515
6.97534
4.4264
11.2198
9.9771
5.72503
-3.29939
-3.34309
8.46475
-11.5023
-4.26605
-0.51245
0.854537
4.40812
3.14155
-4.88969
4.19083
-2.51934
0.609919
-4.33894
4.16707
3.4998
-2.82438
-1.93878
6.718
-5.30011
-4.35204
-2.86364
1.81561
-0.606203
9.88728
6.27235
6.03671
0.855411
4.47337
-1.16452
-6.88421
3.66196
-1.05303
-14.6893
8.26406
9.4269
3.63687
0.447281
3.64921
0.467491
0.511023
2.69641
5.19404
5.92423
-7.69421
0.502572
7.03511
4.84477
9.78017
6.22513
3.74907
8.24728
7.11078
0.351621
2.87
8.11695
6.25108
2.35924
-7.52577
7.00058
4.51295
5.12669
-8.61542
-6.58959
3.54961
1.455
7.82111
-5.19972
4.3421
5.13961
12.6387
3.6738
-2.07262
-7.80102
6.57863
12.126
0.302573
-6.76852
4.11858
-2.09183
-3.09089
-4.83854
8.67903
2.47221
1.19736
7.17726
0.208042
-1.50021
-2.83971
-12.5583
-4.13906
-1.86486
-3.45771
0.531357
3.8935
9.24147
9.5652
3.96571
9.73816
3.85875
-5.66878
-1.65918
2.64887
-0.47812
-4.08101
-8.26468
4.76229
-1.34767
6.6052
4.84529
-6.92752
3.44694
-6.24462
-3.74177
2.56312
6.52501
1.01116
3.97197
3.96153
8.89547
-6.45373
-8.00157
-8.54525
-7.52414
2.80864
-5.30558
-1.12488
4.8076
0.201358
2.93258
-0.644581
-1.86618
-2.65025
-3.69891
-6.20426
-0.243085
-14.7486
-6.50645
-6.23725
-7.33581
2.04399
-0.0931103
9.71431
3.87655
10.6329
3.77542
11.0704
1.73705
1.85376
-3.61782
10.8588
-0.957593
5.64387
1.53104
3.79845
-21.3999
-6.73612
2.86843
3.0404
7.95094
4.48724
-4.56415
-9.40671
6.35513
4.97775
2.6745
2.61355
-0.796351
14.8609
0.526899
-1.08399
3.59223
-1.05473
-7.23458
-0.156988
-11.1397
-4.35123
6.21298
-10.0659
1.13892
4.2005
6.0785
4.33004
9.98988
-10.9901
-1.6654
2.21411
0.402171
4.96446
0.635939
-1.45276
0.854551
-6.752
-1.91371
1.06778
-0.34373
2.13127
-0.720546
-0.706136
-7.93145
4.06442
-2.89821
-0.338836
-1.87394
-6.8449
6.66828
7.45845
2.95387
-1.76289
1.95436
3.93751
10.2478
3.3849
5.91413
6.93075
-9.1512
3.52913
7.42455
7.43971
-6.17844
-2.94546
5.28448
-0.428207
-4.05417
-0.956089
0.702638
-6.68847
7.54573
-2.94443
6.87432
-3.51338
6.78588
4.35951
5.6839
2.49954
1.19365
3.89104
4.12991
0.472252
2.78879
-5.12027
-0.486489
6.41858
-5.56182
8.21598
12.375
1.44551
9.83503
2.2526
-9.96371
-0.0737542
7.66464
11.2182
-10.189
-6.73195
7.71701
-5.08425
10.408
0.0979141
-3.49713
3.51221
3.42049
-1.14474
-6.79829
0.330326
-4.84163
-3.89595
-1.317
-5.46744
-5.43409
2.52608
3.5561
-5.78247
2.36495
8.51558
4.28307
5.87194
-1.88187
5.72497
0.156609
-2.01558
5.91838
-1.81948
-0.508376
1.48676
0.999273
-4.22955
-3.52221
6.41427
1.30832
3.27889
3.06838
12.1767
2.18628
-2.19547
4.08784
3.57931
8.77262
5.9669
-0.107193
8.09974
-1.0153
3.22162
-1.29445
-3.0679
5.45374
-0.59192
-1.12845
-8.87661
1.11496
-8.08139
-2.33012
8.61179
3.53996
4.2902
1.54024
0.541487
3.82588
5.17919
6.70861
-2.79325
-5.48435
3.14039
7.87105
0.169737
2.043
2.76884
3.79537
-7.81564
-0.0149759
0.503602
5.15733
0.797517
1.34694
-0.564361
1.1308
-5.59039
-10.9238
-2.4385
2.60288
-1.06643
2.40237
-5.00142
10.0517
5.05583
8.81414
3.31977
-7.27237
0.0369239
0.970265
0.287819
1.19915
-3.58234
-2.98001
4.1191
-0.599413
5.92248
-6.44577
-8.68381
-4.59171
8.67771
-5.55141
-2.35968
6.55888
-6.45604
0.321606
-3.43498
6.04083
0.955836
5.24036
0.250068
-0.778035
-3.06867
0.52807
-8.25038
0.788357
3.67291
3.2865
2.62696
4.06111
-6.33581
5.5463
0.584989
0.759047
-5.93075
12.8593
-4.71041
1.85591
4.33638
-1.40876
-8.10411
2.84367
11.2464
-1.56776
-2.22302
3.96048
9.60025
7.0462
-10.2552
3.07682
-0.229319
4.22641
3.53028
-2.07762
5.03101
7.21584
-3.86366
-9.89168
3.33522
0.972331
1.85586
-0.960402
-4.41527
-11.0121
-9.50629
4.41209
-0.2625
-7.57032
-1.92908
2.69824
4.4154
-1.02357
4.81886
-11.542
0.396196
4.39543
9.5994
6.52923
-10.7138
-0.789597
-3.50578
-2.68304
-5.21332
4.39021
-13.4805
4.80231
3.85745
2.22525
3.21398
0.830848
-2.44969
-2.15566
1.61463
3.57163
4.50136
-3.50264
-2.81358
-4.99596
7.86811
6.7957
-1.69928
2.71536
0.707157
5.81896
7.00484
5.93849
-1.18633
2.25306
6.04748
2.04587
7.09272
-0.722307
0.0966724
-6.38612
9.57689
3.12455
6.03733
1.56453
-0.462549
1.15051
-6.319
-1.68731
-13.5792
6.14466
-2.36624
2.31556
-3.48215
-3.66908
4.56473
2.81413
11.846
-0.740917
6.28876
3.18243
6.11729
5.39327
5.79737
5.8737
6.26622
4.63634
9.13214
4.0206
-2.87377
1.76079
5.30199
-1.93219
-1.41857
10.005
2.45399
1.47017
-0.382542
-0.379978
3.33288
-5.48139
0.917845
4.125
-3.65097
3.9908
6.2154
2.31287
0.787913
-3.96561
-8.30345
1.16984
10.15
-2.07067
4.92032
4.10072
4.54705
5.07853
-2.69875
2.10846
-0.834399
3.30994
-1.79477
2.19283
-4.3119
-0.653897
0.363601
-2.07235
1.02144
10.1584
0.329902
0.781313
-6.99689
-2.71237
6.24481
-4.82233
9.89628
1.53102
12.5747
2.96612
4.35205
2.25349
-4.49836
2.4738
-2.47753
-0.853627
-1.49345
-0.17185
-6.87388
6.94181
9.52698
-0.199676
6.35226
3.09124
-2.16268
-4.06187
-0.143814
-2.22449
1.42812
-6.10804
-8.63969
-4.91565
-2.0514
3.81725
7.49875
0.791479
1.72519
-0.493825
-4.96573
8.47365
-6.5587
7.29498
-1.66536
0.421608
-7.01804
3.7642
1.50894
2.99614
5.08159
4.24369
4.86594
0.36358
4.16187
6.225
-0.414729
-6.54952
4.18944
-3.45489
2.75828
-1.82707
-1.09012
-6.57824
2.45365
-3.74389
-1.6787
3.62467
1.52949
6.81186
9.94056
-2.85079
1.95309
3.57991
-1.31206
-2.12813
4.69816
-9.5846
3.64238
4.08652
-3.75277
1.14243
10.3015
-8.38023
5.75871
4.54011
-2.39761
2.9222
2.48035
12.1456
-4.11986
0.588755
1.44026
1.9714
-3.70188
-1.05132
4.87724
9.52358
-9.36742
5.99401
-10.6409
3.50177
3.46305
4.31164
-8.85763
-3.7228
1.64898
2.57851
9.24348
2.61026
5.21362
1.99923
3.45544
8.72647
-3.40928
1.55678
0.151757
-2.75292
-9.37822
2.90391
-5.60463
3.62353
3.78621
7.28078
-6.01399
2.33372
1.85213
-6.1723
-6.57256
5.51292
-1.3413
4.65101
-0.398642
15.3441
-11.8981
-5.20758
7.67277
-8.15689
-5.24838
-5.96938
-8.56542
4.64227
0.374032
-0.604457
0.215073
0.77232
-2.11556
1.90598
6.29454
2.56842
-0.92302
-3.37693
-4.67486
8.6825
-12.7672
4.94231
1.30434
-9.14384
2.0606
-0.537138
-6.76792
4.80145
1.01819
4.37214
-0.426975
4.90092
2.64738
1.68432
4.79408
3.06475
3.78316
5.31132
-3.69783
-4.5031
4.41072
4.52297
2.59996
-21.4881
-0.2959
-6.54906
-2.17741
-3.10515
-3.45511
-1.81748
5.81345
2.23756
-2.58131
1.51363
-3.67526
3.36549
-17.2922
6.69334
1.33374
-5.40645
-2.71645
6.82835
6.6911
-2.52582
0.194649
7.31247
-0.598967
2.28582
-9.4651
3.17284
4.86584
4.12144
1.16275
5.9107
4.02191
-0.231369
-11.9554
-4.78019
-7.83994
6.68858
1.46401
-8.25772
4.65092
-1.88464
1.99138
-3.40995
6.03158
-0.0173698
-5.32096
1.1808
2.21191
1.83297
2.9246
6.84776
4.27197
-0.627738
-3.36469
1.75604
-1.82746
-6.59239
12.9001
2.0831
-2.60639
4.89644
-1.04194
-8.8527
5.07434
9.073
8.09349
0.322386
-0.480449
4.42527
5.9341
-10.205
2.42613
-0.709185
-5.91994
-4.65216
5.31475
8.16448
-9.61007
4.09984
-2.02536
-0.977602
6.56083
3.24327
-5.56578
-1.57554
2.85425
9.18085
-5.73155
-8.21568
-3.70424
1.97943
6.61455
-0.201985
-7.33713
-11.3111
-4.1553
10.8948
-5.27452
-6.26808
7.65184
-9.06815
-2.46595
2.88209
-10.5325
-2.99007
-1.99323
-4.30504
0.474017
4.72348
2.71485
5.70299
-5.93275
7.75252
4.55172
7.17352
-0.0298562
-4.76361
4.75264
-0.203426
-3.80201
13.0991
6.13212
10.8322
-2.78995
7.3594
-5.41496
-6.55577
-10.5648
-1.88121
-1.83773
-1.41972
6.32066
-0.677668
-11.2573
4.25289
3.79788
-1.11898
-1.65735
3.95898
2.213
2.4686
1.65754
6.02117
-7.28459
7.78364
3.55762
0.571393
0.632497
4.22033
-0.843087
0.441382
-6.67454
1.35028
0.0856966
-0.68877
3.84846
-2.91038
4.0349
-2.78196
-2.87725
0.46919
10.6849
4.31667
9.83424
-6.15634
8.22986
-0.876122
-7.66103
-0.0831597
-1.10798
-3.6738
0.395628
2.65601
1.98314
-0.032116
4.05251
7.2572
4.88678
0.943381
0.397058
-8.14198
-8.72187
-2.5925
-3.33387
-4.29821
-1.02646
-6.19291
12.5996
-1.40155
6.36742
-5.67035
2.99614
-2.9237
4.09146
10.8699
-0.0986491
-0.498576
3.09331
-3.85621
-1.21788
0.245685
3.45438
5.76892
-6.5633
-16.3818
5.81655
-2.56789
0.647486
2.87685
-3.33896
-0.710169
3.46591
6.54675
-2.92589
1.07976
-3.73424
9.78846
6.02862
16.2018
5.06638
3.39261
1.34726
5.08749
6.6294
2.89877
4.3668
-2.54855
-8.39989
3.35357
7.21894
9.66606
-3.6993
0.966093
3.92329
8.2858
13.9014
-5.33706
-9.10031
5.89402
8.44551
5.7491
1.70293
1.33249
-0.453889
0.861901
2.54349
-1.54749
3.17181
2.91254
-0.357271
2.75363
3.02433
-0.581875
-8.34994
0.599107
2.5243
-2.32044
-4.27292
-3.77727
-0.939286
-4.60219
-8.45897
-13.5124
0.689058
-11.5355
-1.92962
9.69722
2.55312
8.48224
-0.832162
5.33161
-6.83317
-6.97629
7.09067
0.330615
-3.69097
2.64638
4.24623
2.40296
0.383969
6.82281
7.43025
-4.43112
11.4019
9.34998
2.76462
5.66138
6.35952
5.005
-4.0187
2.31577
-1.37048
3.344
-2.63939
0.855644
-8.08264
0.0475014
-3.53817
-4.59275
2.31523
9.7355
0.469746
-11.7733
8.1607
3.44577
1.98141
5.6674
-1.68412
-1.84628
-3.8685
-5.85447
-1.6114
-0.652771
9.41598
7.60193
-2.49325
5.48303
0.497542
-7.91541
0.0177623
-8.37206
-0.993762
5.44555
1.38749
1.51508
2.84614
1.8417
4.48951
9.26156
3.76407
1.57076
-8.34926
-1.95397
-12.8337
-1.61061
-2.81511
0.169091
3.16071
10.1232
6.003
10.4284
6.02861
3.2607
9.77469
-3.05003
-3.45884
1.99692
-1.09637
-5.26339
-3.58068
9.80531
4.77135
1.43807
-6.07073
-5.45654
4.91264
-10.3107
6.1531
3.4307
-7.44115
3.25326
-9.61807
6.23468
-1.80952
-7.28931
1.52316
3.34725
-3.47556
-3.89385
8.84798
4.26814
-6.41118
-8.75568
5.9151
-2.48166
9.2752
4.42392
-3.84225
1.62559
12.5854
-6.73982
5.71067
5.16532
-8.15083
-2.19196
-2.51684
9.82535
-2.18045
-1.08295
4.98824
-0.574487
-1.18468
0.441842
-3.96513
-8.78172
-4.89109
-13.3407
-12.7744
1.05392
-22.7623
-3.20928
-2.63568
-2.4444
0.578553
0.831988
1.03774
8.56155
3.18573
6.70732
1.64125
13.0647
-1.48456
3.49621
-2.10139
-1.65836
-2.39843
0.171801
2.23386
-0.463451
-4.23499
-5.44997
-0.963876
-4.09098
-3.08124
3.20822
2.54297
9.62625
1.9784
2.87452
0.722057
3.24143
4.40858
-3.83212
0.748423
-0.769189
2.26571
-2.99654
0.492139
-10.3085
2.48234
8.08712
3.90345
-0.357606
6.48376
-6.53684
-6.93417
6.30998
6.16359
-17.6978
-12.9548
1.03644
10.6581
1.52063
13.5136
6.16299
6.14973
-5.43958
-6.74071
-2.91454
-4.51904
3.5616
-0.597379
1.2337
-6.57673
-5.76101
-2.52651
13.2812
-3.43726
5.67867
2.19292
-6.70726
-3.25732
1.71482
6.03757
4.66134
2.82013
4.31781
3.4617
-1.39927
2.89526
6.61088
9.21607
5.75271
12.5984
-0.790991
2.02136
-1.70983
4.83686
4.70197
9.96285
2.10202
2.23908
5.25751
5.70264
4.84384
8.23857
-1.98109
3.46408
-2.69803
9.59219
5.55563
-0.740407
2.56656
2.92195
6.98641
2.24235
-5.32998
-5.70001
3.74805
0.850979
3.55718
1.04158
-6.35595
7.11253
0.0117648
-5.00242
5.09525
-5.453
2.39328
3.60631
0.949316
-4.03019
-1.6743
8.68715
1.63362
1.30639
9.85239
-6.03075
1.02287
7.39257
9.53975
-2.98161
2.04818
-2.48792
14.0516
7.81825
1.56301
5.60091
3.47596
-9.93858
4.41464
-0.458247
1.24875
1.70971
-5.90603
4.02608
0.415807
-10.4996
3.22772
-3.82193
3.89751
-3.30611
5.12405
-3.97631
9.18775
5.9162
-3.3635
6.18282
5.67253
9.37616
6.03188
4.64541
8.20514
2.48818
-8.79787
2.33602
4.37859
-0.686691
-4.3779
5.85295
0.136582
7.89357
0.901193
6.42879
-9.89258
-5.97531
-0.543848
-12.1348
2.76645
12.0033
6.9133
5.10781
1.60029
1.7028
-1.63707
2.38019
-5.42531
-2.51625
-5.58441
-0.785464
8.54108
-10.4828
7.88218
3.38632
-3.35429
4.93793
6.53584
6.81629
0.249351
4.06182
2.98138
4.43927
0.106901
0.623226
6.68901
-1.04171
3.53279
1.52815
-7.28863
4.75059
-3.19713
2.24021
-1.22384
1.63263
7.00066
5.17132
-4.54672
7.48156
0.138287
-5.80084
4.94499
6.1374
12.0124
0.963749
-0.612835
7.90931
2.894
-4.89825
-0.918655
5.24831
-3.44224
0.676052
-5.13309
0.205246
-1.14873
4.35227
-5.40815
-2.37853
-6.69891
-0.252321
-2.46668
-2.11967
0.370854
0.493071
10.757
-1.45746
-6.63063
3.36056
-1.25508
3.68556
3.79151
-1.42179
-2.07483
-2.21314
0.200917
8.56591
-4.88672
-0.00255772
0.810498
3.72129
1.27387
-3.23772
-9.49403
-3.37209
-1.44277
5.83489
2.24215
2.79116
3.86398
-13.1898
9.45826
3.36502
5.732
-5.10573
10.4519
-3.66462
4.44759
-2.70125
-2.9462
-4.80988
2.91639
0.0309374
-8.0463
-0.796214
-4.20175
0.0786698
-1.12042
1.30152
-3.34933
-1.70834
-7.79053
-0.187995
-7.42504
-2.24809
2.82112
-0.511271
6.09026
3.21188
1.30333
1.24717
-2.25154
10.042
-0.0748587
4.59678
2.78928
-6.38672
1.79596
2.09349
2.87345
2.74518
-5.41702
1.12504
6.58176
-3.13065
5.06546
2.85589
-3.90798
-2.37694
-5.59626
-4.52837
3.0122
3.57905
2.91531
4.13971
8.16968
2.77324
7.12865
6.55664
3.88165
-0.61641
0.425818
-5.99716
1.9962
5.57189
-2.3114
-4.25847
1.52424
14.4806
0.778424
3.6086
1.74543
0.921696
7.48411
-5.44785
4.71373
0.227308
-5.25666
4.41149
3.87453
-2.43518
-4.21596
-1.79997
-8.86116
7.84255
6.51612
6.7397
4.42534
3.63094
3.16169
-1.24281
2.58634
-1.65436
1.18358
11.6572
0.0447397
6.20111
0.45233
-0.453294
12.8731
1.4338
10.2317
7.05298
-0.281831
0.0133979
-0.205632
-11.3173
-3.87505
5.8987
-3.34506
3.30648
4.9384
-5.57426
-0.295813
5.28404
2.54937
1.54867
-7.05664
-2.22158
4.19
9.56492
4.6059
6.3847
-4.70557
-0.211898
-4.33821
4.50415
5.5857
-2.11616
7.39454
0.954912
11.2006
2.93861
10.735
-10.0594
-17.0212
-3.0787
-3.88368
-7.01756
-0.260046
-2.26549
-1.93973
4.85026
5.70833
-0.63722
-3.6353
3.79783
2.8801
6.01255
4.19054
-14.7159
-0.396975
2.38907
-5.76218
3.16464
7.57347
2.81669
6.58047
0.593485
-2.83627
1.71854
9.61681
2.35416
6.41811
3.47752
-3.46582
6.42029
3.44492
1.1026
5.46789
-7.88265
9.03277
-6.87725
-12.4081
5.35942
7.5055
-1.59686
7.25315
-4.90868
-2.66072
5.60434
7.08524
0.635985
-5.61242
3.07832
-4.25061
2.01174
1.07518
0.00592662
4.58519
3.86256
-9.53826
-8.86827
-2.34676
-3.14546
-3.03923
1.4568
1.56931
1.39663
10.2914
2.43333
3.48468
0.987338
0.883348
6.40619
0.532221
-0.428703
3.58557
-12.6967
2.39325
-4.80068
4.07675
5.59035
1.75803
-1.09832
-3.04137
12.2141
2.77421
8.85002
5.16453
-6.36669
2.36707
9.33711
2.47342
8.78846
-8.18634
1.7035
3.79409
1.19112
2.20714
-3.40515
2.81435
9.20832
-3.53764
4.72433
-4.16579
-0.555697
-0.616884
-1.30384
-3.40531
-1.7411
-11.2341
-1.51451
3.26997
5.42118
-1.89582
-7.56171
6.95539
4.48163
-3.81376
8.94811
0.912346
-0.963955
4.63613
5.91546
0.415044
4.69238
0.139485
14.6004
3.2529
-2.39449
0.557979
0.484195
9.07598
4.37482
4.95247
6.9774
6.02133
3.09401
1.86468
-5.32627
1.97259
-1.95151
2.041
3.91001
2.46528
2.83811
4.88076
1.97559
0.998951
-2.96014
5.94062
-5.54043
-6.53254
5.87528
4.06521
2.88554
5.64654
-0.922025
-10.1829
-0.145597
-1.6691
-3.11222
-7.72037
1.757
2.14412
-5.46418
-2.18356
2.65193
-2.31212
7.27068
0.727984
-4.73129
-2.0884
2.21331
8.29494
2.41572
-0.0746627
0.971773
5.79668
-3.60721
1.00533
-7.35183
10.6463
-2.29986
-6.22946
3.78385
-2.96726
1.10487
-0.402636
3.77186
-0.759333
6.4115
1.55305
-4.30989
-1.21944
4.38015
2.53406
-0.349967
6.49219e-05
2.44927
9.92716
6.53101
-1.19922
-0.752499
0.833578
7.76534
-6.07314
-7.34888
3.96383
5.02426
-3.04314
-0.470652
3.31274
-0.926721
-0.676711
-5.70734
2.56281
3.12063
-1.89749
-7.7837
-5.17525
-1.54733
-4.53179
4.66873
3.90264
8.41328
5.48755
3.5864
-5.65992
7.44161
6.20002
0.690825
-2.39978
0.53066
2.22849
-1.62964
8.57654
6.48933
6.22886
3.5708
-9.12412
-0.208381
-2.88548
2.7031
1.04334
0.132934
-4.16016
-0.382064
1.59772
2.98681
-1.20352
-3.31748
4.41155
0.197798
1.8582
3.02554
-0.07368
3.49912
2.79209
-2.6909
5.244
-2.38442
7.28459
5.6366
7.22379
-0.606247
1.85057
-0.982599
1.5484
6.66342
-5.97534
-5.01639
1.17172
7.0521
5.91164
3.70386
-3.60954
6.09413
11.122
2.43147
-4.16327
13.8376
1.29732
6.086
6.05656
-2.04766
4.1245
5.63029
5.44428
4.55703
9.55967
3.19406
4.56283
0.772222
6.08926
-1.15044
3.43208
9.73491
14.4734
-5.00942
0.224935
2.44197
10.3122
12.1583
8.85266
4.36777
12.8459
2.31296
9.52204
0.822166
9.17691
4.1518
5.23462
2.9385
6.43698
6.12427
9.18315
5.10414
-0.0473404
3.59998
-1.00665
12.1721
0.96899
1.38943
-5.61139
0.342489
3.22914
6.63022
-14.0367
-3.29425
2.22767
2.1624
6.77168
4.87905
0.355505
0.16253
-9.6588
2.88406
3.2382
4.99064
-6.73904
11.3934
5.23072
10.3243
2.41973
6.71694
3.32311
5.66934
6.0722
7.97117
6.0856
-0.631197
6.89214
1.26852
-6.83857
0.931485
3.79968
1.39682
8.18453
4.1942
7.70678
11.8987
-0.675276
8.93918
3.6189
0.928907
12.879
7.58519
1.18108
2.82048
-3.67981
0.522147
-1.3405
-2.33973
1.06127
4.87361
5.98366
4.06059
2.03764
3.61167
10.9562
5.61793
-4.60362
8.88558
-8.23659
-3.64366
6.52828
2.40232
-5.87704
-1.16532
-4.8692
-1.43031
-3.19972
-10.427
10.8945
1.28209
0.931696
2.97591
3.18758
-1.73352
-0.309819
0.642607
6.89525
-2.36252
1.11357
3.11004
3.42248
-1.22581
5.95778
-6.21148
0.234268
-0.528854
-4.47591
0.151211
0.684702
-0.393977
1.59956
-1.16237
1.44128
2.87485
7.39355
-1.60349
5.10052
2.60613
9.44946
1.03837
-8.76757
9.29651
-9.27522
-1.93171
-1.84168
-9.42958
9.75007
5.73276
2.75322
3.67932
5.41057
0.937053
-5.9973
-1.36342
-3.91262
6.80881
5.03927
3.66914
1.28097
-2.54256
9.68079
7.95102
8.34946
-1.32657
2.12466
-1.67353
-5.05302
-1.4248
0.430363
4.40008
10.8722
4.17033
5.80843
-4.00072
-2.14103
2.2009
7.30461
-6.86245
-16.1107
4.1986
2.61277
-7.93109
6.21409
10.6529
3.45731
-2.04184
8.47586
5.08979
3.60511
7.55245
-2.70691
6.47684
-1.75941
3.81229
-4.78519
-10.9592
2.94416
6.34063
-0.281922
1.15065
6.97198
-8.228
1.55714
-1.15933
7.16513
6.9887
-12.6774
5.72035
-6.94113
2.08686
6.59732
3.55691
-2.12893
1.35129
6.7861
-1.90449
6.17364
5.01146
-5.82232
0.319603
5.93581
-9.42233
0.0683781
1.5544
-3.30816
0.814694
1.87327
0.555102
-0.708372
4.65839
-14.9298
1.64801
-5.19898
5.18794
-3.71421
0.818104
7.32932
0.856897
5.23345
-6.08652
6.19797
-2.48856
9.84348
5.21856
2.84917
-5.23771
-1.07226
7.75856
0.370863
5.18497
-0.307421
3.72166
4.32155
5.52546
-2.68497
4.14552
4.83738
2.5317
-3.08754
3.94732
0.861554
8.08143
3.57706
-2.31797
10.951
7.50915
0.548916
-5.42158
1.19484
-3.56156
-3.10635
4.57357
2.27086
2.72172
4.98147
-9.53859
-2.44293
0.112471
4.63653
-1.58515
3.57058
2.81706
3.35026
-0.991733
0.264117
-0.589104
4.63144
0.295182
8.32643
-6.95118
10.5866
8.06579
1.43645
3.9902
9.66256
-1.6596
9.27916
-0.128661
-1.05032
0.767735
10.4473
11.8351
2.04894
6.77864
-0.469595
-2.02665
-5.22282
2.91282
1.13574
2.71545
-5.2035
-8.59932
6.42069
9.26614
-5.20157
2.06283
9.56857
1.66965
-9.5806
5.69188
-3.24345
-0.631437
0.541099
5.58147
7.4422
6.10376
9.72153
-6.27449
-5.0166
-0.0872555
-2.91684
6.23283
-0.322605
0.137112
9.2194
4.60092
-3.79189
4.77617
3.5695
-2.76128
-3.03335
3.66774
5.77451
2.78911
10.024
-9.96553
1.90597
-6.3042
-4.911
3.72807
3.34863
5.1539
9.49568
0.638976
2.90493
2.16639
4.7959
-7.25006
-12.1477
2.74082
-2.46207
8.49427
-11.8478
-4.04153
-4.00757
4.0339
2.52927
0.218769
-1.02387
-7.13422
-0.334515
0.934214
-4.181
0.540542
3.96255
-5.67975
-3.43698
-6.70053
9.34082
-3.71632
-7.49458
-2.82586
5.85917
10.2936
1.12973
-9.14426
-1.63807
1.92361
9.27826
2.34951
3.58878
0.903344
4.91622
-0.851682
0.9386
2.45925
5.52594
-1.27123
2.04131
6.99935
0.2446
-1.61894
-4.85881
-2.91494
-3.77807
-0.813256
-8.3117
1.81344
4.6354
5.00999
4.59179
-5.19775
10.3225
-6.3138
-0.385321
1.53482
-5.75017
-13.6748
11.1894
-2.87404
-1.16503
-12.9289
-6.60987
-7.02815
-1.14582
-7.39154
-2.21939
1.75088
1.94936
-4.68872
-3.53087
-3.49477
9.36571
-3.52919
-8.26987
-13.1883
2.81604
1.86651
-2.47997
-5.3744
-2.9113
5.63111
2.5901
-2.43106
1.42901
-2.42896
3.46537
5.69816
3.32078
-0.911747
-3.18853
-0.157184
1.29873
12.7481
1.85593
-4.67479
-3.72366
0.764285
0.0467179
-6.30685
-6.38851
-0.575503
11.456
-11.5676
0.837835
-0.435789
2.80949
-7.27922
1.71137
-5.24602
-4.07778
-9.35212
-1.71948
3.01598
9.75221
-6.07854
2.55252
6.08696
-3.23137
-1.88387
3.32308
-2.19039
-5.44419
5.74656
9.18675
4.16874
-0.798468
1.67627
2.25858
8.85136
6.49276
-0.439217
1.14406
-2.87511
-4.19871
-5.62072
-3.23679
1.42519
1.75294
1.79042
8.70467
3.38881
-0.715863
1.07645
0.206606
10.2007
3.89381
2.38724
2.24202
6.75855
1.9977
-3.18545
10.4967
4.95612
0.309798
0.419681
-6.35211
-5.76923
7.2803
4.33277
-9.31002
-3.52302
5.16694
-2.14707
-7.43981
4.99325
-4.82464
-8.51829
-10.1297
-3.40305
4.68482
11.5068
-0.0337076
3.37299
0.565558
2.60251
3.31033
3.80382
1.44532
2.50642
-4.79985
3.59126
2.79579
1.85481
2.38187
3.77936
-4.33057
7.29799
0.938404
-3.33522
9.24356
-6.24732
-0.18799
-5.69697
-9.00139
-4.17691
-4.2779
4.91477
-3.87287
7.1023
4.92482
-1.3827
6.59171
3.23955
2.0242
7.37776
-4.56609
2.97024
1.75584
5.05579
0.46314
3.06815
-7.13427
3.94194
3.41598
-3.78398
1.17746
-7.13184
4.12826
-4.18653
-6.4487
2.47068
-1.61507
4.75156
-0.839801
-0.24004
-0.963373
6.83065
-1.96629
1.92211
2.4472
2.81263
0.166013
8.97523
2.85602
4.08579
-3.56663
-5.18169
-6.19619
2.30758
-0.559026
2.79814
-2.31093
3.86488
1.01718
-5.84405
4.39342
2.6053
7.25378
1.68756
6.82738
0.708936
-4.43948
0.583375
2.85236
3.56424
10.1485
-0.200922
3.1352
-3.17006
-2.64611
0.20372
4.93487
-1.97282
5.50702
9.7904
4.10132
-3.86919
2.04888
-2.66247
3.84005
-6.96831
-1.62426
5.35596
2.17499
1.03904
-2.6809
-2.7712
-6.68782
7.46467
2.00333
3.60349
-1.66091
2.03138
6.61421
6.32497
-1.60596
2.65315
-1.28883
4.54615
5.27472
3.46316
-0.671506
-0.0351029
2.29596
-4.21873
6.48555
-3.08254
6.59012
10.8393
-2.0051
3.22937
4.39628
-1.03755
8.44387
6.76882
-2.7545
2.82993
-3.60421
-1.23842
-5.62671
9.21654
-1.20778
9.56239
-1.19584
-0.616329
-3.21633
-1.70615
3.1989
-8.48879
1.80249
3.34702
-7.85237
3.59711
4.44525
3.93491
11.5192
7.10083
-0.414619
7.12833
3.65529
8.68023
-0.223565
-1.50668
-0.938596
-1.20281
10.5692
-5.33518
-6.41255
2.50618
6.95948
-5.94404
5.06848
1.21791
5.18204
10.3027
-9.90287
5.74415
4.03804
0.615171
0.197311
8.23915
1.04538
2.24608
5.076
4.21801
2.96581
-3.20938
-0.643019
-19.9594
6.61256
3.40704
8.07973
-0.560206
10.1299
2.33065
4.76255
-0.357049
5.32871
1.34248
-1.75762
-8.93054
-3.91647
-4.2777
-1.27622
4.05557
-0.215341
5.50183
0.000513292
4.27326
-4.56188
9.00892
-6.09537
1.56842
-4.28059
1.18039
-2.59519
-0.203189
-1.14809
4.03669
9.63674
9.60698
-3.347
13.8552
3.96984
0.696014
10.0803
5.63589
-0.509843
5.41421
9.24173
-1.5441
3.93733
-2.65471
5.67195
8.13463
3.05682
1.65126
12.2908
-7.52465
9.41921
4.46206
6.40173
4.83575
5.54445
-1.03707
-4.08995
-1.99115
-2.16112
6.34038
3.96164
-0.720949
-4.06199
-9.036
4.56332
-0.756295
5.60328
6.55475
-5.86932
2.89523
1.53426
6.36589
7.24531
8.9623
0.77325
-6.69787
9.30348
-1.81315
2.06101
9.33838
-8.63096
6.82323
4.98364
1.57466
9.8702
10.466
7.59384
1.10801
2.85947
8.3612
11.3812
4.5204
11.6304
0.62897
9.73426
2.64593
-1.4372
-0.994019
6.64547
-3.97171
-3.4582
5.66643
4.13288
9.69216
10.8973
3.43906
4.74407
5.12509
0.959309
9.75045
5.92047
5.95387
13.3122
0.577235
4.78369
8.19528
-9.84321
6.15171
1.61114
6.73663
-3.1947
6.72726
5.48721
-3.43648
-1.56395
1.20731
1.58697
8.60602
-1.758
10.9627
-1.64498
1.60649
-6.74555
7.25055
7.77308
-4.79867
-9.39897
-10.3852
5.29709
1.67817
3.20273
8.0339
-8.15609
4.87573
11.8192
-0.419585
-1.96445
4.68224
-1.96723
-0.676853
1.07521
6.81916
2.57571
0.116475
-7.17565
-0.103881
7.1966
-4.95596
-5.69599
11.2784
-5.03011
-3.38171
0.645609
3.93456
-0.691682
12.9768
-7.61296
6.59674
2.30794
-6.26862
2.04571
10.1231
3.95885
-4.07885
1.37396
3.04383
2.19501
5.94696
9.66059
7.7217
12.1662
2.36799
0.0721973
-4.69081
6.36454
6.72325
-1.52923
7.39496
6.64255
7.4498
10.9389
6.77949
-4.81441
8.10662
-1.50646
7.24619
4.61043
11.2579
-5.7838
-7.61956
-21.7925
-9.0099
9.91865
-0.89674
2.18607
4.55612
12.7798
5.87861
-2.97949
-5.92796
-2.6573
5.02154
-5.98248
-3.97623
-13.8071
5.06226
2.62108
-0.335312
2.96004
0.530972
-16.737
3.61793
4.74565
4.56016
-3.13008
4.43162
-1.75697
-3.26818
1.30847
3.01111
5.34113
-2.41851
0.277055
2.42798
7.80734
5.48645
5.02113
4.67336
3.62242
-1.60724
2.87379
8.37696
6.33218
3.61096
9.84215
-2.47825
4.29012
1.16613
2.7218
4.03299
7.99544
4.96062
0.990801
-6.33371
-0.571984
-2.32072
-2.79603
6.55738
3.94397
4.16559
0.94464
7.31893
-4.46923
8.19727
4.12355
3.67281
-5.24093
3.98898
-2.23003
7.359
-13.5004
10.0921
4.48914
4.94074
-6.07137
4.75121
9.34062
-9.6361
4.61915
4.93504
4.76227
3.52969
-9.19758
1.55292
-3.18253
1.90237
-8.70514
5.23172
5.36342
11.076
2.44217
-3.826
2.64466
-12.63
-1.85129
4.73065
2.50033
-3.22857
6.79421
-9.46069
3.72812
4.87711
-2.21288
2.58673
4.05333
0.552922
-2.9315
12.0638
5.75407
11.0794
11.677
3.20404
2.64407
3.95135
6.40135
1.42928
0.700855
3.60074
8.67785
0.0657797
1.73473
-6.42491
4.88549
11.7644
5.71731
3.6404
14.8811
-11.5979
6.33955
5.35539
3.69288
7.26156
8.80009
9.46771
3.71543
-1.65619
-1.6868
4.27482
-4.18058
2.93232
4.84968
-0.987048
-3.52946
4.79889
4.784
1.27559
-4.93529
7.849
0.226249
-8.3976
2.45885
4.42036
-3.06821
15.478
5.87978
-2.89837
15.8104
-2.69451
14.1174
4.96572
-0.196545
3.04875
0.10617
-3.99698
4.44409
-1.22068
-2.59183
5.22987
12.7133
14.6837
9.1261
11.5874
-4.2751
4.56354
3.38156
-0.275979
8.85305
2.31237
10.802
1.93739
3.8486
0.791132
2.71332
9.7206
8.72313
3.03315
2.76849
2.93452
-4.52132
1.63209
3.40807
-1.97419
-3.00408
5.31981
1.45559
4.87388
6.23519
9.09361
-4.14524
-10.5524
4.02031
8.23707
0.662855
-3.09872
-3.61888
7.62644
8.20292
-0.676049
1.47413
2.78016
5.1073
11.0921
4.98987
7.88674
-5.50799
6.06665
4.68118
2.89171
-2.70115
6.74685
-1.63749
-1.41728
6.36257
7.72401
-2.36631
4.86522
0.757103
8.64184
2.67401
-8.7917
-2.04557
-0.861189
1.89279
18.3322
10.0481
3.55431
3.10645
9.13173
1.04013
4.45931
3.30134
3.12867
12.4575
2.44707
7.77003
-2.05028
-8.29022
4.23608
7.12776
2.49081
-0.118665
-1.2123
3.02592
3.67064
-2.13909
0.435773
5.62308
-0.782811
3.16337
-6.57955
6.62773
2.50053
8.35706
-0.270605
7.91079
-9.00399
-2.61861
4.71128
1.97472
8.39612
9.09777
4.07515
4.43129
6.13343
4.01227
0.932725
5.75736
-1.6622
8.5383
10.4385
14.5635
7.86324
0.529056
-5.09815
2.11466
6.54488
5.51838
-0.00246541
5.48674
6.53593
3.89852
-4.45183
-3.94205
-8.44215
-4.5265
2.58609
9.18655
5.2591
-6.37803
3.66637
-9.38162
4.13733
14.6107
2.69572
-4.59679
5.02943
-5.49499
-2.51511
-2.58667
-3.35089
-3.44755
7.73514
2.70172
1.39331
5.10421
7.32511
-0.891854
1.82287
-8.92979
8.42984
-1.43715
0.357144
0.988752
2.74626
-2.66934
10.5948
-7.5745
1.52791
5.66123
-2.12592
-2.72763
6.2846
4.36277
8.72996
-10.5
-10.2073
-5.81367
7.50722
-10.8824
1.10457
-3.57021
-2.23541
-19.2444
-12.0947
5.23057
1.92323
-1.5954
-3.05718
2.12806
-1.23266
-0.802583
7.54276
7.2185
-0.284959
3.2113
7.35367
-0.80989
0.322739
-9.37227
-0.306119
-0.0934746
8.56277
-1.54311
4.68827
0.811327
-1.58791
-7.17661
4.37558
4.3847
-4.87658
-3.82339
12.7989
-7.91766
-7.12281
-1.66386
-1.98499
-1.33201
-0.11811
2.99969
2.00816
-1.72593
2.0861
0.0167919
1.52541
2.27453
7.39862
6.61609
2.5643
9.20672
2.6149
9.19562
-2.83876
-4.58799
11.1244
7.85346
-1.63929
2.91273
3.38121
-10.0774
-1.11216
-2.70607
7.84622
8.01663
7.78424
2.62669
1.02794
13.792
10.0182
4.69179
-0.910851
6.90408
-2.06536
3.82527
3.85163
4.18904
0.421258
1.51831
-4.05066
0.915839
7.0278
2.10788
-7.75167
3.29336
4.22002
-10.5159
9.78197
11.1196
-1.57336
-1.43335
-5.51719
-9.75366
-0.189804
2.38965
1.17159
7.00904
-0.647398
3.28906
5.95983
5.23206
3.14586
7.96191
2.75602
0.116396
1.25822
11.3191
1.86951
-2.81667
-0.392259
9.56336
5.09424
-8.73486
5.13253
3.16795
1.91279
12.5655
6.35056
-8.7867
4.35283
6.47542
-8.42563
4.07843
2.80736
4.12287
0.478065
3.25882
-5.97014
-6.77481
-1.61559
-1.20025
5.8366
9.05717
4.81075
10.6992
-0.987471
2.03109
7.28291
5.94651
3.2414
0.600556
-4.54718
1.44812
0.933014
2.93269
-0.438007
-1.27204
4.62852
13.7372
6.8628
8.27977
7.78609
2.82911
4.87215
-0.702477
-6.13542
3.828
-3.08985
3.12904
11.086
1.10458
5.8927
14.1451
7.41171
4.74023
-3.83132
-3.21476
3.74257
8.21847
-1.61331
1.84519
-8.38871
-0.170726
-1.66703
-3.06649
-0.276923
-3.03385
1.97961
-0.811105
0.9248
6.81806
-0.16818
-5.6296
-4.10262
2.89657
-1.34951
0.0917879
3.54491
6.52067
5.54195
7.6697
2.49371
3.4693
5.30633
8.12963
-0.65589
-2.38815
5.6092
7.9886
7.68539
-4.12503
5.95194
-1.97611
3.54391
4.97131
2.6716
2.13442
-9.48665
-8.8921
4.65456
11.3481
1.04659
5.29778
2.95167
4.03205
6.31235
-4.21372
-9.93201
1.50314
-3.15411
4.90365
3.43097
-9.08722
2.00376
