-0.665059
-0.546496
-0.530093
-0.503067
-0.468773
-0.440865
-0.389194
-0.445963
-0.330356
-0.385579
-0.409819
-0.394215
-0.377379
-0.415876
-0.527141
-0.505977
-0.481115
-0.457436
-0.496983
-0.501937
-0.510255
-0.538371
-0.509568
-0.558469
-0.487089
-0.472599
-0.434095
-0.461416
-0.427412
-0.404446
-0.424076
-0.367987
-0.386744
-0.377959
-0.332353
-0.271345
-0.238563
-0.224395
-0.238865
-0.245283
-0.246039
-0.257312
-0.31564
-0.355964
-0.442983
-0.448717
-0.443619
-0.414561
-0.46783
-0.400655
-0.363446
-0.408012
-0.323822
-0.281869
-0.368851
-0.399197
-0.454137
-0.415973
-0.400726
-0.372106
-0.406151
-0.397941
-0.327999
-0.343823
-0.355393
-0.215572
-0.234579
-0.239471
-0.190006
-0.100632
-0.130722
-0.190373
-0.160373
-0.119835
-0.142349
-0.170282
-0.158643
-0.188254
-0.172628
-0.160437
-0.193372
-0.172184
-0.178965
-0.16056
-0.224202
-0.190728
-0.237974
-0.233118
-0.160113
-0.113581
-0.092205
-0.128668
-0.211789
-0.173054
-0.190955
-0.131826
-0.211616
-0.217411
-0.154659
-0.103282
-0.102666
-0.0996856
-0.0956041
0.0237911
-0.0280803
0.0216889
0.0910956
0.125398
0.130823
0.122127
0.0980538
0.0323098
0.0122256
-0.0209422
-0.0680125
-0.163723
-0.193165
-0.204277
-0.232698
-0.215452
-0.192301
-0.222695
-0.267612
-0.240615
-0.298438
-0.220164
-0.12623
-0.103329
-0.124531
-0.112558
-0.0800652
-0.0849544
-0.117412
-0.144008
-0.158513
-0.139112
-0.0829851
-0.144096
-0.112937
-0.0588758
-0.0917458
-0.0804269
-0.175644
-0.158241
-0.122905
-0.0907927
-0.0648782
-0.0697727
-0.168225
-0.108247
-0.141324
-0.177494
-0.237287
-0.177568
-0.143197
-0.171417
-0.169138
-0.082
-0.0951817
-0.0741753
-0.0420677
-0.0304576
-0.0862883
-0.103293
-0.124477
-0.103603
-0.0878832
-0.125241
-0.111633
-0.147771
-0.112997
-0.129054
-0.0969815
-0.0438092
-0.0838954
-0.0578158
-0.0573819
-0.119038
-0.161075
-0.16579
-0.239151
-0.195991
-0.120987
-0.11624
-0.225319
-0.28603
-0.251859
-0.242797
-0.30521
-0.315446
-0.307492
-0.364868
-0.334577
-0.368734
-0.357891
-0.390514
-0.510487
-0.545214
-0.47248
-0.417852
-0.368414
-0.384096
-0.381818
-0.29662
-0.265579
-0.278198
-0.31973
-0.236564
-0.192374
-0.176388
-0.0996078
-0.152126
-0.107969
-0.146744
-0.131762
-0.1921
-0.121331
-0.137656
-0.123665
-0.124392
-0.177523
-0.146712
-0.179805
-0.203024
-0.173821
-0.196541
-0.201773
-0.200417
-0.221462
-0.198495
-0.061407
-0.112772
-0.00734404
-0.0454241
-0.0836379
-0.133949
-0.152426
-0.157884
-0.178552
-0.187654
-0.249136
-0.271412
-0.296259
-0.346071
-0.320766
-0.361762
-0.339994
-0.363922
-0.338148
-0.303388
-0.301039
-0.332203
-0.39977
-0.388235
-0.347645
-0.324991
-0.344668
-0.402439
-0.394119
-0.337627
-0.346724
-0.358378
-0.408501
-0.440927
-0.478206
-0.54898
-0.570003
-0.550214
-0.56365
-0.589029
-0.601784
-0.594353
-0.561798
-0.512339
-0.476447
-0.428033
-0.462556
-0.485733
-0.422897
-0.408349
-0.482952
-0.462625
-0.500032
-0.534433
-0.496803
-0.477005
-0.598867
-0.606284
-0.650991
-0.575914
-0.610301
-0.600675
-0.601665
-0.64317
-0.690676
-0.684829
-0.682332
-0.74925
-0.746029
-0.780683
-0.641703
-0.606216
-0.577104
-0.581679
-0.565819
-0.579504
-0.593916
-0.681026
-0.712656
-0.658392
-0.683101
-0.679323
-0.715248
-0.738852
-0.762309
-0.676075
-0.671473
-0.729942
-0.662197
-0.637185
-0.622424
-0.645526
-0.641196
-0.649247
-0.670601
-0.733788
-0.713338
-0.748207
-0.759097
-0.827302
-0.793343
-0.84171
-0.917326
-0.929619
-0.866853
-0.920302
-0.917877
-0.895329
-0.903337
-0.913008
-0.815293
-0.809582
-0.805559
-0.794556
-0.731071
-0.791966
-0.794124
-0.825474
-0.829566
-0.799922
-0.787013
-0.784562
-0.726842
-0.722471
-0.711044
-0.710375
-0.771766
-0.870573
-0.983885
-0.939977
-0.873027
-0.870213
-0.873029
-0.823884
-0.888695
-0.852985
-0.84182
-0.839893
-0.864502
-0.900563
-0.929633
-0.910981
-0.845806
-0.916393
-0.9323
-0.950796
-1.02803
-1.12971
-0.999733
-1.0763
-1.07351
-0.985602
-0.873021
-0.782001
-0.79079
-0.878564
-0.920353
-0.953313
-0.931804
-0.947784
-0.954042
-0.977924
-0.928451
-0.996642
-0.982137
-1.02326
-0.971299
-0.9887
-0.985853
-0.898809
-0.883103
-0.926164
-0.955971
-1.06477
-1.07265
-1.02873
-1.03243
-1.02817
-0.985905
-1.00938
-0.970806
-0.875384
-0.80903
-0.775431
-0.73214
-0.707179
-0.690236
-0.670191
-0.677448
-0.654586
