-4.73839
6.15095
0.0226493
-15.2442
4.46613
-13.4713
7.87288
9.77294
10.7822
7.8631
-18.032
13.9583
-13.7886
-0.360189
-8.55225
-0.0181656
12.3601
9.4446
14.375
-13.0331
26.8761
-8.1943
-5.73875
6.32695
-0.288299
-17.4618
2.89704
-10.6284
15.8212
12.1223
-8.42634
-1.63768
-5.55614
1.60145
-1.87971
3.1312
-6.24945
-0.0308623
1.33447
-3.87918
-6.29706
-7.44244
-1.13457
-1.94143
-13.1025
4.93763
6.25454
-13.2956
16.7871
8.67672
-3.93363
6.21191
15.4205
-23.0659
-5.72712
0.125385
6.86614
11.373
-20.5909
9.12971
-13.144
7.47188
-5.12148
0.4723
-7.97479
5.67361
-7.88538
1.12948
-4.44722
14.2505
-17.8694
22.2394
2.65525
-2.48381
11.3167
-17.7605
-11.2328
3.76064
0.767678
-4.93755
14.9315
0.171204
-14.6505
18.7881
22.5944
-2.30924
-2.72939
2.73973
10.743
13.2853
7.15766
-14.3347
0.990199
-8.00751
7.3346
11.3598
6.83837
-2.48563
-3.56094
-6.0399
-2.49367
-16.3282
-4.20071
3.36353
3.55898
13.5399
6.76319
3.48168
2.87761
-0.0983732
3.06868
-6.06306
-15.3194
-10.5715
-5.89121
5.71226
-20.5552
6.7009
-2.67583
-5.46271
8.04201
9.01828
-2.30596
-15.7095
-0.570215
9.68852
2.46053
3.80335
-6.33315
6.68278
-6.94785
2.64607
18.9896
4.61094
-13.0352
14.1036
-9.08848
-0.380744
-2.50453
-14.474
-3.46418
-5.63816
7.42854
10.6562
6.43461
-16.1039
13.3353
8.27014
11.9708
11.3402
4.9261
-2.21763
12.5671
-0.568446
-5.04357
-8.12116
-4.44651
-2.75903
2.21938
6.20643
0.747093
-2.73678
8.38688
13.254
0.814941
-1.31029
-2.20842
4.89927
-7.54209
-5.06023
5.98318
-2.81828
-12.6751
2.49726
2.66612
-1.55146
-2.99671
-3.56516
16.3855
16.2797
7.55763
5.89239
1.79115
3.15677
-3.11363
2.75609
-0.811988
-12.0176
2.64157
-1.56204
-7.43007
-6.5552
10.8904
-5.72287
1.41558
-2.2385
5.96319
2.93263
7.8953
1.51052
-3.85545
-0.129467
2.15186
-5.41701
3.13252
-12.9123
-3.98839
-7.75912
-12.6178
0.631236
-0.356374
11.8897
6.3578
-5.96338
-9.77037
-8.59469
-6.46534
-8.30766
7.18039
0.519388
-3.46459
-5.76745
6.12234
7.45809
-3.90837
-5.64282
12.1966
10.7799
-0.667958
11.9106
-15.095
-2.56443
-0.0933908
1.94248
-29.6328
-0.542779
7.71104
-1.06797
5.69909
-4.82629
4.33289
-17.6207
10.2667
-9.6909
-22.2393
11.3816
0.73308
-17.1983
-7.29493
-6.36253
-5.00741
-12.2586
-4.15648
9.28963
5.88884
-3.92104
9.83198
-2.03996
-7.65047
1.80423
-2.03465
13.7849
-6.24493
9.24478
-8.95586
-4.7955
3.14755
-2.41813
-1.42673
5.47072
-2.39315
17.7818
-2.05181
-6.06794
8.09774
-3.55362
10.5592
-12.2648
-4.23549
0.476221
11.3558
-0.618361
11.4001
10.9508
12.2058
-7.00834
1.74062
-8.65241
3.40514
-4.6444
-1.28767
3.89069
9.28646
-13.6026
-10.6428
7.99779
-10.2414
8.76613
-25.2038
-4.02121
-4.08699
7.43276
-15.3455
5.79677
-6.20479
-4.62969
0.984074
4.23274
5.25936
-2.53462
-5.11825
13.3205
4.18816
-9.25987
-7.75809
-3.82453
7.39094
3.7676
7.23464
1.79817
23.8319
-0.401511
-15.3933
-5.24303
4.794
-0.44585
-12.3064
-22.1193
-7.46406
0.498937
4.15409
15.8381
8.61984
-10.6916
-2.74839
-11.3432
19.4372
9.65
1.69372
-1.33313
2.52902
3.91036
0.231594
6.70633
0.710342
3.79969
8.77141
-17.6133
-2.493
5.23306
-8.66833
-12.2965
2.34053
0.519995
9.714
3.61833
13.209
8.01276
2.93224
2.87558
1.65041
18.747
-21.4135
-14.8936
-19.2896
-16.9743
-17.6366
17.2952
-7.23356
-21.8954
-16.3401
-15.4478
-8.8035
9.40676
6.50768
-1.84343
-6.37461
4.02171
-3.40136
3.66106
-6.74029
15.4932
-5.02812
0.704899
0.0167672
-22.4287
1.97454
-4.57509
4.13395
1.78679
3.72372
0.696516
7.43378
10.9481
-9.65988
-1.6358
-2.06937
22.743
-9.27348
19.9267
6.29183
9.58645
10.8841
-11.8574
1.67271
5.05506
-5.44908
13.2986
18.069
13.1878
-17.9402
-8.66535
-2.75246
11.3347
-10.3154
8.67507
-3.43482
-2.73853
9.81274
10.836
16.2639
17.858
3.84066
-0.626537
-11.9022
-3.26903
8.13497
-6.52834
0.494016
16.1682
5.56842
-11.0989
5.79212
-11.4896
-3.7853
5.16362
8.77571
-16.0763
-1.78301
17.3158
10.6147
9.98858
-4.22829
5.40305
6.17289
-4.288
-17.0572
-2.50143
0.932552
12.2801
-17.7414
3.59384
15.7399
15.1048
-5.65398
8.62929
3.83686
-0.819274
9.51834
-3.48264
-5.17258
1.61665
-0.615153
-9.3571
1.31947
1.97089
-13.9297
1.47334
-1.47839
8.05005
-5.46458
9.79594
-3.11549
1.95101
-6.14167
-2.15241
9.54155
2.21963
3.90083
4.38053
-2.27368
3.45969
6.91804
13.0658
11.1674
-5.24602
-1.09173
-4.8859
7.65583
11.3181
0.310062
-0.438118
10.6145
-7.06234
2.43836
5.79189
-1.75941
12.7624
6.11546
11.94
-7.96106
-3.5906
-1.42141
6.7218
7.6695
2.52927
12.1517
-4.5733
10.3
1.65724
-8.08068
5.96367
7.42381
2.42865
4.24165
-12.881
-3.42568
10.21
6.47078
3.34745
-16.3164
4.44675
4.47107
5.37597
14.4123
-1.70392
-12.0529
-2.42985
0.195339
-7.8039
-10.1062
-2.46449
21.3534
19.3531
-11.7649
-1.72199
15.0757
-1.13452
-10.9097
12.1513
-4.27562
8.99421
9.75989
4.76416
7.79521
-0.586176
-15.7231
-2.30486
-15.7131
-6.35465
-3.87263
-7.59434
6.99868
3.76026
1.84455
12.2792
8.6131
-4.30146
-9.82426
-5.96107
5.6941
0.0299209
8.46689
12.4257
13.0291
-2.45176
-14.4023
-12.5318
2.1706
-14.544
13.5593
0.646499
11.0621
-6.50148
4.71275
-6.56548
5.74647
11.3142
-14.1801
10.168
-7.19766
8.7957
24.5686
-12.9191
-2.44431
11.3797
7.57972
5.97142
-1.64658
7.96264
-3.84774
8.73162
7.38224
0.660348
0.252619
7.29209
12.9541
5.53372
7.79569
10.7762
1.38296
-11.5802
-6.34351
6.29166
3.15902
-2.82852
-15.5867
-9.29538
9.75485
-14.2153
-0.494873
3.66785
9.77781
-1.7908
-12.1199
-12.3777
-1.69491
12.5918
-3.44801
7.4954
12.2119
9.01855
14.4793
5.02685
6.18122
-5.31746
-7.29991
-8.52607
5.74218
5.8008
10.408
-0.870552
9.30916
-17.6687
4.29439
-4.15895
8.98264
-6.17849
1.1179
5.36939
16.4912
-1.68157
-0.731091
-11.051
3.87278
0.758335
0.198555
-3.71697
-1.35025
5.6345
1.70087
1.20171
-1.59395
4.80033
1.50639
14.9895
10.0303
-4.19625
6.23293
-9.28403
1.0435
-8.21036
2.53984
-15.1983
3.10908
4.59111
8.16134
-5.95726
14.8004
4.53828
23.0654
10.5721
3.07296
-3.04548
-2.83165
-1.17764
13.0861
-9.74825
-20.3089
0.868212
8.1452
-20.1838
12.3459
-15.5225
2.97729
-11.7632
1.42682
-2.2416
10.0616
2.03775
4.42765
-1.98184
3.17643
15.2877
0.504713
-10.6909
-15.9006
2.56824
9.32843
6.52509
-15.5347
-15.7643
19.8493
8.00688
-1.45745
0.852538
18.1372
-4.29201
1.36807
5.96035
2.49204
1.96712
0.877635
-4.30829
15.7082
0.988359
11.1433
-8.13866
-11.1776
16.3522
-0.344922
-2.45834
2.0428
-11.2172
0.391912
2.32035
-7.8181
4.30145
-12.1533
6.91568
-0.829747
4.21833
-5.6507
5.67259
10.2381
-3.94844
-1.94732
4.74434
9.31434
5.18767
-0.204486
8.66555
12.6941
3.77814
1.31868
12.7204
-5.81675
18.5046
-7.53066
-0.790744
11.3276
11.2206
5.59503
8.81327
-10.5954
10.7071
4.97038
-20.7454
-1.18623
2.53515
3.80676
-6.0612
-0.671726
2.91567
1.80794
-2.20756
4.62563
-4.8499
12.6412
-14.8142
-14.5515
-2.25308
-18.2187
-7.11747
-2.0719
-10.5266
3.55378
2.14918
1.48714
12.2466
2.22024
19.2188
-9.92465
-5.42979
4.85339
-2.53125
-16.6088
-2.32789
4.99547
8.32179
15.448
9.34241
0.381905
5.86512
3.0208
-7.2284
15.1943
5.38256
2.42526
13.1976
-2.54583
-12.2191
3.37822
6.85494
-1.25507
5.88873
4.67284
-10.9164
-2.42389
10.5582
-9.38138
-15.0218
10.7352
-12.3407
-5.65289
9.66395
-3.38653
1.42095
7.88345
-4.5999
-0.0501218
15.8057
17.8653
13.5923
5.00227
1.43186
10.3946
5.41781
0.80563
12.8224
8.13429
4.19177
-5.99049
7.65647
8.39681
9.19859
1.5411
9.48015
17.434
-10.5871
-9.17195
12.8034
1.06455
-2.0045
13.8393
10.8516
7.32014
15.8178
6.69078
2.17178
-5.59479
-10.7241
-6.84039
-1.891
-8.03528
11.3872
-1.39704
-9.15421
-19.5047
-0.384887
14.6356
10.0202
7.78045
-9.65169
3.49974
1.27152
-12.6239
2.1317
2.40423
2.29877
3.70519
7.56028
6.82244
0.703012
-3.56455
4.17846
-8.64593
15.9926
-3.47275
-9.37416
24.6776
8.133
-5.44536
-2.00994
-7.43821
18.2036
-7.13218
6.5717
16.9353
6.62659
8.00981
-5.65489
-0.376243
7.00862
3.95711
-4.66344
12.5918
4.12738
0.411072
-6.69988
-11.7901
-14.4421
-0.744679
-20.327
3.58731
19.5347
-15.9689
-13.0979
5.75143
9.44921
10.0225
10.9056
7.01555
-1.69044
-6.08383
-19.4643
11.0795
-9.48608
12.8464
3.59436
4.78999
-0.874629
4.19722
-1.42126
1.72679
-2.39652
-16.3779
8.39691
-2.73036
-2.75334
2.60081
-18.3763
4.47239
-10.9718
-1.53454
2.89092
-4.42716
-8.00191
-2.98387
-16.8032
0.784518
-3.84198
-8.10538
-4.5073
7.41588
8.01788
3.28874
12.1976
-3.71207
2.19214
-4.75202
-0.713497
-4.25901
-6.54944
4.37866
-8.05984
7.3369
0.081062
-8.55278
3.06377
-2.81148
-9.55015
-4.51008
-10.9202
11.3696
14.9704
-0.65758
-6.5111
5.9468
-10.0207
-1.12889
20.774
-11.2831
17.3829
5.93891
12.6765
-2.67
7.73693
3.51116
10.2117
17.4298
6.83148
-2.86717
5.89664
-1.5016
-7.36102
4.23864
-1.77335
-1.86547
-1.10068
5.30822
2.65002
8.09171
-15.9524
1.05172
2.73095
11.4188
8.80553
0.564721
-1.21016
8.15355
-2.89421
2.42359
2.516
6.80105
8.37908
0.238867
-2.75514
11.9873
1.44619
-2.00429
2.00227
-12.8065
-16.1403
-15.7957
-17.1278
-14.2181
-2.53845
-9.49232
7.03018
-17.0265
-3.24071
14.6947
-8.67011
11.2017
3.94605
-5.94923
2.78065
2.2673
6.57447
5.24001
-1.38133
14.8184
-2.13735
-13.0137
-0.555967
-0.695841
-2.39462
-13.752
12.0123
6.25715
-3.90723
-6.38635
-0.923892
-15.7029
0.228241
-2.72628
-0.00483928
0.375645
-0.221606
7.24359
-4.64097
-12.3016
1.7095
4.98372
6.28522
15.5192
-11.1859
2.10195
14.167
12.1707
-5.55804
6.93324
4.90763
3.73507
6.89188
3.73726
16.4714
-6.08935
11.2219
-8.84156
-9.61754
3.31592
15.7495
-5.9733
18.5312
0.360982
9.81406
19.4608
16.8228
-0.719556
-3.2889
6.24411
-4.41587
7.55323
-2.01582
-6.73486
2.18788
-5.52729
-4.48965
-11.6622
-11.3519
-2.0322
-0.590691
6.41329
9.42652
9.24772
6.34522
-4.12732
-5.33298
6.86911
0.251412
1.9707
-7.06858
-5.05679
12.4768
3.00785
1.15006
-5.08636
-16.3688
7.23008
7.92317
4.25227
0.10864
18.0604
13.9366
-2.46324
0.238725
13.2547
7.32955
-1.66133
1.31233
-2.33538
1.17248
7.69852
1.30195
16.7651
12.0411
1.64601
6.82719
4.42594
7.80979
8.47134
0.921585
-0.172797
-2.27247
-2.31243
11.0516
-8.16488
-5.97894
-2.90585
-3.0325
20.281
7.80405
12.8461
-9.48379
3.11944
-4.96757
6.53356
0.808431
-15.1815
1.60477
-8.70192
8.3622
-6.48827
-5.82708
23.2498
-10.95
5.16356
14.6639
2.58797
9.46029
4.49137
7.65526
4.01618
11.7184
-0.867526
13.733
-2.43659
-1.55133
14.5413
23.0284
2.01636
-3.38357
13.0084
-11.1701
-2.82091
3.41994
-10.5271
-1.72009
0.260476
-10.2809
13.6724
-2.06346
-3.64333
9.46356
-7.92001
10.5163
-13.0179
0.975772
-2.52846
-7.35901
25.8429
13.0411
-8.96102
-6.12009
9.67046
-7.73625
10.3044
-2.41515
2.77026
15.7431
1.38726
-7.6915
7.40902
5.37467
9.72954
1.00837
8.5023
-16.6829
-4.37862
-0.738552
6.72694
8.64278
-9.76873
-2.82239
6.78462
7.86627
-17.2728
5.56769
6.55685
-18.3127
-1.30341
-0.939916
-23.1744
-2.22496
0.160011
-2.00269
17.7339
1.87399
-4.14712
0.245153
-1.18014
-5.94731
-4.06359
2.05577
14.4857
8.13449
15.7805
5.51842
0.26133
-14.0912
-20.284
8.14094
-7.0397
11.5807
-6.72288
-10.6914
-22.9873
-9.94461
-11.4688
0.896991
-9.97145
4.59721
-4.97684
4.59973
13.9344
17.0225
-9.15689
10.5551
-8.92631
0.277861
-5.25187
0.746459
5.26731
11.1019
-0.823005
-17.473
7.91224
1.46584
3.68081
-9.90142
9.67121
2.07021
17.3271
16.1415
-9.3131
-7.33467
12.8589
2.2468
11.9043
0.443331
4.79878
1.42206
-2.80791
15.7257
-0.730271
-3.85235
2.8741
-3.25109
-6.37426
2.15548
-12.9264
13.4154
2.56637
8.18344
-22.6131
3.0967
-5.55064
-11.0952
6.75437
2.87434
11.1617
1.79452
-12.7125
9.72875
3.46239
-0.554347
4.69854
4.67427
-0.731221
-3.59927
3.55509
0.775605
-6.28545
13.2465
0.0864471
1.58414
8.84686
3.2297
16.4445
-2.38714
6.50135
14.1924
-10.5322
-2.19867
5.48862
2.96762
1.3379
-4.34572
1.02543
20.9434
-1.82414
-17.3859
12.753
4.23385
-10.7547
0.380062
-8.07863
-1.52686
11.3702
-14.412
-12.0198
1.12773
-9.16809
-3.02304
-1.65163
-9.071
8.5827
-7.35483
8.8594
2.73944
10.3295
3.81792
1.06874
-0.0219497
-8.00205
3.97871
-0.0373941
-19.3707
-15.1574
9.44037
-0.0193413
-6.69013
10.486
-1.65893
7.00706
-4.85205
-7.90495
-2.99395
10.5724
6.50912
3.62155
6.22328
7.61233
14.0676
1.21569
6.35341
10.6701
10.9691
8.24414
8.04679
16.7973
11.6127
5.59969
10.7925
-4.45267
-6.32001
19.2233
-2.34479
9.93718
-3.04536
11.3406
-2.01562
-9.26369
-4.39388
18.4112
15.2733
-4.32245
6.68015
11.1479
8.55179
-5.28692
4.65206
-16.1635
-12.6932
-6.67298
13.5651
5.95279
-5.17266
-3.41588
-1.18265
1.6669
-11.5855
0.251171
-4.02322
-1.60357
-2.1857
13.7208
9.71557
-5.37377
9.53767
-8.22989
-6.86955
4.5666
4.43568
3.78012
1.9034
-0.522013
-18.5774
18.2734
-1.98542
2.79928
-0.0565487
5.01198
-7.50339
18.4191
8.32494
14.0513
16.7375
4.33106
8.76302
-10.9586
-8.63206
12.3529
-0.345399
5.25852
-8.59667
-10.4465
-1.71252
5.16261
-5.34122
-4.33696
17.6677
-10.3693
-1.1593
6.62332
-7.26122
-9.25254
-1.84353
1.15937
-16.7532
2.85465
-3.36527
10.9927
-2.25935
-1.31936
-1.59537
-0.350329
-3.27539
-11.2436
2.70263
10.4434
-11.1732
-9.81659
-7.34934
-10.1395
2.46738
-12.703
4.75717
-5.84481
9.38656
10.3644
3.91483
2.45701
-8.6409
-12.9171
-5.70781
9.90659
-5.74004
-1.92684
3.77533
-28.0631
-14.8623
2.03267
-2.34458
-0.155585
5.81153
-1.04106
0.0999352
-4.74239
1.6832
-14.7832
5.72321
4.50023
0.754646
9.85234
16.7625
-2.09719
-13.3931
12.4694
2.75674
-4.99301
-10.4505
-3.26027
-0.187998
4.76448
-6.72693
0.21199
-13.6164
12.3869
-7.24
-25.1746
12.5445
2.09735
7.76507
2.26643
-5.90652
-2.07533
-17.8448
4.19133
-26.3734
-6.49833
16.8051
-6.91057
-10.8053
5.92057
-1.20211
-0.4289
0.809848
-0.139021
3.16984
9.6206
-0.42235
-2.13705
8.12203
14.661
-8.4373
10.8589
-0.613194
6.10516
4.97796
1.9373
-1.95074
2.25372
-7.5054
4.36306
7.14265
4.38365
9.40102
3.60813
10.6546
-8.46732
18.6223
7.3783
7.32662
15.5794
-8.66998
-13.8771
-7.85334
-10.7891
-3.24568
-10.6942
0.426378
-8.80604
-15.5127
9.7207
10.2105
15.4117
5.37288
-6.11218
0.0172735
2.30192
7.36323
1.18643
-24.7244
-18.0875
-3.07502
15.5736
11.9062
19.6303
11.2646
2.87694
17.8996
11.9654
-23.957
1.43477
8.27538
-12.4211
13.5502
9.29242
6.57517
4.12561
4.27246
0.690697
2.59472
3.16415
13.3292
7.15563
-11.0382
2.12838
5.55031
-0.484719
2.66536
7.54747
4.25273
6.35504
3.22291
3.7502
12.4459
-3.08677
-4.15802
5.02254
-5.78297
-1.32772
-1.32729
6.05918
11.4264
14.4085
3.36319
3.3149
4.09974
-2.70932
-14.318
4.36132
12.1965
-7.83262
-2.37585
-1.74681
-2.39882
7.03679
11.831
2.98191
-25.329
4.2221
-0.988648
8.12775
-0.274892
1.22454
5.20784
6.95251
14.1804
5.42258
10.979
11.0302
-7.37934
3.80642
10.7486
-13.6647
-7.89249
7.29822
9.88969
-7.91787
-15.0008
-1.94479
4.49321
14.4537
-4.31153
0.852651
12.0041
5.64657
-5.39449
-9.9462
15.9277
10.8367
1.80184
-0.157752
-1.3391
-1.64628
5.77334
6.28183
-4.50173
22.05
5.09705
-6.38455
7.94074
10.3679
13.516
12.6608
0.759029
22.0468
-6.22929
0.342106
-13.3054
-6.39013
7.86157
2.39085
4.16892
7.37518
-15.9642
-4.10219
-13.2148
4.80632
19.6785
9.6934
2.67799
4.44325
5.27915
0.83929
-1.55602
0.130544
-8.69827
1.23525
-8.38856
0.236793
16.9986
5.53147
-6.56847
-1.90032
13.9568
-2.672
-12.7623
-18.9707
1.76404
17.7593
2.7221
-8.69928
6.6966
0.528242
-4.05025
0.734209
-18.7496
10.3707
-8.05622
-0.381729
-3.23327
9.98786
-13.5803
-8.09371
1.18977
5.55335
-25.804
5.39278
7.25962
5.14431
-3.32223
-17.1674
9.20535
-2.15657
-5.89858
-8.40757
11.4938
19.6713
-1.23699
9.37649
9.91202
-3.24462
-2.94115
-0.315537
11.9424
-11.7884
6.13851
8.82912
0.730471
-7.35195
11.0622
-6.81476
-0.702073
4.66813
-5.02023
6.30665
12.1895
8.78817
10.2867
3.58902
10.8455
8.8239
5.8477
-4.72712
-6.13037
14.6351
10.6844
1.85006
0.392866
1.43633
2.13699
-4.78923
0.104888
16.0668
9.43196
-7.36691
6.06108
4.68925
1.70837
1.06568
-4.39991
-4.80529
5.81665
3.26584
-6.79759
1.79494
-9.92857
-24.5636
3.2446
-0.94509
-12.2116
12.6463
13.6002
-0.984176
1.17408
-9.94669
-12.9189
18.9596
2.76972
1.7631
1.02163
-9.78994
-1.50597
3.96405
-17.5547
-9.13823
-24.3018
-5.88677
0.63447
6.99125
13.384
-2.83604
-3.15627
-2.78081
-4.63302
8.42679
-22.2038
-1.42484
0.503505
-17.2652
-4.06704
-2.71151
-7.41629
-16.5204
-7.38169
-9.39419
-6.74314
19.3504
-1.18385
4.4893
12.7098
-8.25772
1.21125
6.50177
-5.32744
10.5904
-4.88311
-6.34205
-2.87273
-14.9213
7.44694
-8.5967
-1.69741
1.19766
4.37443
-11.7775
-7.49632
26.0636
14.613
-0.510028
-12.8294
-6.37508
12.2856
0.891098
-2.44242
12.9401
10.4768
-8.36902
6.70129
-13.6566
1.54951
-0.185023
-0.75036
2.25702
6.65351
-11.238
-9.12523
-9.82258
12.7703
-7.5706
-5.58009
11.1657
-15.822
10.3018
12.4136
9.63551
5.48169
-8.87169
-1.44311
-33.7708
-20.0035
-2.53566
-6.24873
-10.7695
-4.5268
-1.2787
-1.08629
5.28576
0.492821
14.5045
-14.1825
5.19503
6.66197
-8.10333
-13.774
-6.6832
4.74331
2.17633
11.3267
10.4186
6.88204
-7.30598
-5.56347
3.01791
5.50672
8.60041
8.21016
-0.0721059
21.3182
11.7447
-5.94319
0.951136
-5.42463
-4.95389
-1.34327
-2.90433
-6.58916
18.0477
0.545833
-0.109726
-7.02416
13.0411
2.36068
18.943
2.13145
-2.43424
1.33891
-7.52173
5.68636
9.84935
1.07082
11.7281
-7.88927
6.84284
-0.847973
18.8591
11.5734
-8.71658
-4.09711
-18.7328
3.8863
-1.52144
11.0348
-7.0837
-23.6196
6.07574
5.19883
20.9909
-0.174787
-13.1716
0.664792
14.2836
4.32131
-9.73287
-11.6387
7.8577
7.9908
-16.9261
3.55688
16.6429
4.63364
-13.9059
-16.4245
10.9928
2.47935
-5.88082
-13.2154
6.43174
-4.21207
-2.9588
5.07104
6.75052
-8.10664
-3.27864
16.5574
0.507781
8.53233
8.35592
1.63435
-3.24097
6.73507
9.0168
17.0514
-0.652761
1.9545
-2.01015
-0.951266
10.563
-12.1312
5.64278
13.3657
-0.443795
-3.82487
16.1936
3.78279
4.74005
2.25135
-3.95845
3.9524
-10.729
-21.8716
4.98688
7.02776
-2.1831
-1.4536
3.56802
8.15236
-2.83782
-1.04715
-9.48215
11.9339
22.3089
6.93444
-8.75763
-3.8726
7.16544
5.28292
-1.01071
-11.0109
-19.1621
-0.866109
5.21024
-0.988605
-0.744391
26.191
4.31631
2.63121
2.73554
3.0017
1.0168
-12.4749
14.1755
-7.9838
12.9039
6.05663
2.03089
4.8465
11.8809
-0.314532
12.8777
13.3594
0.847325
13.7156
-12.397
-7.06739
15.4992
5.43679
14.6236
3.41354
1.36808
10.0785
11.8381
3.67042
-3.27836
-3.14568
14.281
-8.50813
4.20576
6.5786
6.44209
8.15626
-5.61168
2.15752
-7.63385
9.89334
8.12959
-18.8292
-1.27959
6.67065
-9.44369
-11.2989
5.09161
8.95917
0.545789
-17.2165
-8.48544
10.8038
-5.7524
13.2052
2.80916
0.187888
-8.41293
-2.08524
4.31441
13.2997
-0.126097
7.29997
-1.95553
1.32576
9.31694
2.04026
5.76547
-3.74063
-13.2356
-9.48751
4.61856
1.1346
-8.93738
-0.63834
3.76506
-1.90456
-20.8072
-5.71862
-2.52845
-6.14642
-8.69189
13.3158
20.0502
1.95483
-19.0535
-10.0633
1.2698
-7.80968
-10.3854
-3.16667
5.04102
19.4363
-6.75499
-7.74805
-12.7221
9.39344
4.20113
2.26922
12.7029
-5.87705
-1.10542
-5.12906
6.76732
2.2011
-2.9896
1.44968
-2.90356
23.4291
-19.7654
-13.6856
12.1438
12.9425
-18.0585
5.1333
6.26514
5.98731
2.76206
-7.62471
5.49515
10.0154
3.0082
7.23057
-12.4674
4.49572
5.90482
-6.76697
-3.52643
-4.96903
7.51634
-9.47347
3.79039
15.4293
-0.992829
-2.18741
-0.0756257
-3.2538
-0.457701
10.6204
5.30418
-3.38864
2.58921
0.0125335
3.89788
-1.91823
6.00174
0.680787
6.65809
4.72583
2.72366
-19.0544
7.8859
-0.394489
2.00356
7.68073
-12.2014
-2.6922
-15.8879
-6.72208
3.26627
-5.16687
3.00287
-0.702984
12.5867
1.74745
-13.6004
-0.903991
6.24463
15.9465
2.61869
2.22067
24.2734
4.07594
-3.69493
6.61296
7.64948
-4.22089
-4.46428
2.59848
5.49831
0.701127
-4.58493
-0.209144
9.17747
4.50478
6.62511
5.76169
-0.00313869
7.18571
6.84455
-1.67131
-9.68658
19.4192
-14.2565
-2.98041
0.366197
-2.86535
12.3289
9.56017
3.91884
-19.9539
8.31135
-3.36006
-30.5138
-3.57949
7.7618
6.32254
-7.21472
4.17719
8.98234
7.15372
7.65642
0.457375
-1.76721
-10.247
3.3093
4.44695
-5.24093
17.4725
-4.40331
7.68588
-6.89449
4.79579
0.383652
8.59586
1.93492
11.9173
-4.44991
12.4183
9.19592
6.81315
3.72136
-0.510349
-8.7747
-25.0292
8.78065
-7.90655
15.5319
-16.3305
-0.224581
2.08472
14.6139
-8.19667
11.1556
1.95272
0.827091
-0.546621
16.7525
-2.27148
-0.0976674
7.10216
-3.85213
-3.40189
3.09903
1.19459
7.10031
-3.35227
-11.0296
-1.27844
6.2464
12.6206
18.8743
5.23068
-1.28313
-2.50138
9.44359
3.95064
6.82995
-1.46296
22.0047
-0.689769
5.37295
10.8827
0.560518
5.46614
3.76966
21.3186
0.836857
-19.6887
7.55241
-31.8954
-0.787461
1.56413
-0.614812
-4.14303
-4.54173
1.73484
9.92457
-17.7033
6.19834
15.6634
16.6421
5.40731
6.23762
8.64041
14.1349
3.98205
6.90004
-0.193814
10.4944
21.1866
9.93149
2.04872
11.9412
-11.1188
-7.90597
-6.67857
-9.68535
-1.35141
11.8191
0.753609
-3.07623
2.66171
4.90803
-13.0442
-8.80372
-0.287362
3.37577
0.746837
12.0914
-1.28929
5.26347
-1.43276
1.04144
12.182
3.27907
-17.8842
-0.770664
18.1091
-8.67454
0.00115123
-12.7515
-2.62193
-1.11921
12.7429
5.77468
10.5483
4.80706
-14.5331
2.76789
0.200908
-2.70733
-17.0388
-24.5371
-8.37919
0.654724
8.11409
-3.08905
7.42062
-10.7328
1.54294
4.92912
7.73473
-4.03567
-14.0805
0.830055
1.486
-9.97713
-6.79122
10.0788
6.43028
-7.26513
-3.57537
0.259452
-4.71158
3.48824
7.84717
-10.6576
7.83593
1.75293
8.54215
5.98256
-6.96431
-2.30972
-10.0614
6.65173
13.8211
1.82262
1.035
-9.92011
15.609
0.673308
-12.1253
6.99498
-13.7013
-5.26278
-4.28424
0.393243
-24.4389
-9.85331
9.6407
-0.783238
7.57492
-0.865273
-1.10097
-18.4419
10.8337
7.99171
-5.01683
0.123849
12.3974
-1.99965
-3.3757
-2.30358
14.1672
11.6705
-1.75649
0.171442
-2.57616
3.25609
-0.160243
3.05705
23.2852
-6.51072
3.83358
26.8186
-14.2471
4.06748
20.2068
17.9511
1.6289
-6.90913
9.42778
-12.7034
-2.0438
14.0591
-23.6639
-5.73515
-7.53265
-18.1974
10.9095
6.32243
-1.65543
10.2639
4.7494
-14.0098
-12.0335
-5.33822
-8.48542
-15.5214
-3.65886
-3.58673
2.41376
6.45199
-15.5303
8.29057
5.5415
-3.13972
-3.15065
-3.79736
-16.5132
-2.36574
-11.8761
-0.59715
-6.96348
4.44298
9.52741
-4.51228
-1.91951
-16.6581
-16.8532
-4.06538
2.26632
-0.553783
-1.09041
-18.2318
7.78235
-3.54624
-11.1728
12.423
1.97364
-2.23964
-5.0674
3.27875
-0.29217
7.83477
-10.0158
11.4807
-16.4783
-7.36649
20.8109
-0.373385
2.12458
-3.13433
-4.64869
-18.1066
22.0193
-9.52081
7.90806
8.17078
-4.70334
-7.48851
-4.87405
-4.10129
8.04513
-16.7528
-6.02213
1.05622
-3.87679
6.74799
-2.90351
-2.86753
-15.1724
-19.9307
-4.50667
5.83986
-4.50141
11.7766
-18.7371
0.924713
-5.29112
-15.1789
3.14923
0.190972
-7.07455
-0.984889
-3.79731
-15.0501
-4.6154
-14.9229
-10.2461
9.82832
-11.6898
-12.9594
7.69567
-6.77031
7.66903
-4.19158
-17.1892
6.75796
-10.7876
16.9551
2.17083
-1.51789
-3.13118
8.02124
-10.5279
2.78827
-21.314
-5.83481
-4.81462
1.73231
-4.84157
-1.41557
6.49615
-3.12312
-0.477938
-14.6065
1.74149
15.1027
8.32957
-1.05085
-1.85353
-2.81187
9.16057
11.0422
12.039
-15.7509
-3.99889
14.5391
17.3868
27.655
-5.07745
4.26651
9.70642
-3.0542
-6.07759
-11.1351
-0.861169
5.52524
-7.06426
9.56567
3.74239
-3.582
11.0805
0.574952
6.99927
-1.92201
-8.0914
-13.3755
-6.92542
-0.449512
-2.84974
-0.433787
-5.76673
-11.8308
3.66565
-5.48476
5.75394
-12.1366
5.64151
1.07654
-5.75285
-11.5161
-0.286044
5.79406
10.2635
7.56306
9.53862
-2.30248
-10.2613
-3.0482
-5.0932
-18.8594
11.7254
-5.66816
17.6624
-7.39115
2.18265
-24.6527
-2.06113
-3.97814
1.3767
9.73302
5.88289
-9.00013
-14.0661
-24.6484
17.4093
-4.90057
9.05549
-1.85414
2.35869
-5.32758
5.41093
-8.11861
10.9431
9.79943
-10.8252
0.802317
10.2874
-7.8984
11.3939
7.79203
21.1855
-21.7726
11.9539
3.99245
0.356187
-21.9578
-15.0303
1.68168
-1.31747
-3.20012
13.1976
-3.00626
2.38179
-7.22621
5.66255
-3.7414
5.54291
-3.41331
11.4125
-6.26548
5.86445
-0.256122
-1.93178
12.2314
-4.546
19.4346
1.7514
-0.806022
2.00219
-10.5718
2.61289
-1.32395
-7.59188
10.461
4.22222
2.62295
5.86569
-14.0215
27.9969
-12.096
4.58114
3.34065
1.02824
1.07068
9.22743
1.70793
-3.66337
-7.84827
-12.7287
-10.6785
13.8949
3.94637
7.21414
-9.94112
-9.99165
3.05171
10.3655
5.48676
9.78728
0.443118
15.326
-13.5282
2.88412
11.2622
-15.2937
-7.31268
-5.35737
8.95315
1.56491
18.95
-1.57745
-1.26366
0.222315
-0.183907
6.72943
9.66838
-2.94693
7.67387
-10.6843
2.90173
3.07156
-0.723005
9.94239
4.44322
11.5054
-6.55455
2.20054
11.5934
10.4068
3.41742
-3.69672
13.1154
-0.363349
6.98604
-12.2378
0.877399
-2.75632
2.5509
6.75051
-8.06489
11.2784
18.9595
-1.62613
13.8723
-7.35806
-0.216456
13.4137
5.15812
-9.05004
-11.1069
-3.26627
-7.09809
-20.7229
-4.89214
-7.98649
-15.3202
-18.3479
-15.1851
2.58863
-7.67185
5.13497
3.97547
12.3904
10.2318
7.40731
8.74303
2.8472
0.270657
-1.98591
5.63686
8.81995
-12.0939
-20.7407
-7.25
3.66955
3.336
2.77632
-1.04445
2.29195
18.4926
9.53971
-1.38261
0.361069
6.031
10.0992
11.0955
5.61031
-1.72064
-0.468011
-0.937516
3.18453
13.9268
-12.091
-1.0747
5.35327
1.38377
-7.88562
13.2158
-6.1948
3.09988
10.6758
2.75414
3.83305
-7.06399
-7.03615
3.37662
-9.89943
2.09454
5.07453
-7.76567
4.98081
5.81735
-2.28778
-12.3654
2.0264
0.660965
3.16116
-7.95404
15.2064
9.60274
20.9106
0.312519
4.79016
-2.58708
-7.26047
1.88083
11.2392
-2.21893
12.8103
0.553144
14.4361
10.5418
-6.80471
12.871
10.5073
9.452
-0.972557
3.63546
-2.24296
10.7582
8.57299
-17.5919
2.37259
-7.79557
-13.5946
-4.95977
-3.37466
8.81116
1.68616
-0.480128
10.7137
7.83813
-17.9013
11.0745
-6.00388
-4.91703
5.01183
3.74653
-8.86554
-8.26335
11.0744
-3.29014
1.31235
-24.9923
-23.5514
1.87711
-0.119987
5.61015
-8.44604
4.2463
3.7761
-13.3461
-3.32828
-2.24058
-18.5825
-8.63076
-5.17028
-16.8238
-8.72011
-9.14458
-0.599474
3.91409
13.5813
-11.9436
2.95406
-7.54637
9.76883
-3.19588
-9.34592
-7.1348
6.64577
4.6459
-10.7152
-5.23381
-7.32214
-1.52751
12.8219
3.44782
11.1469
4.78838
14.5823
5.64438
-11.0535
-13.3361
-2.19109
-11.5998
0.0317381
10.9978
18.0825
9.87624
2.39216
4.76632
1.37653
4.82366
-12.0467
14.5312
14.6139
-3.46211
13.4586
16.3963
-2.75848
3.9301
6.00306
15.1533
5.69677
-4.08223
-15.8729
1.97724
-3.03567
-26.4075
-3.22452
2.07083
-13.9426
-4.6588
3.27652
6.1172
2.15033
3.4417
-2.89358
-18.9546
0.900544
-2.88041
-10.6926
-3.21888
-5.47564
1.07161
-10.7796
9.19116
-15.0695
-0.130903
11.3437
6.11405
2.95922
-12.9573
10.6664
-4.0297
16.5892
-10.4967
-5.54965
-1.04421
-0.923083
-11.7083
-7.21346
-3.65296
-7.57634
19.1036
5.47239
