-8.24294
5.89324
1.76751
3.22756
-11.0713
6.89334
-20.8176
5.58794
-1.77851
-1.13321
-3.81716
6.53484
2.46178
4.17373
-9.25721
4.49092
-2.3321
2.4035
6.557
8.48145
-7.07089
-2.32182
-7.62291
11.4645
9.75259
2.62946
3.22576
-6.63622
-3.83099
-18.7708
3.57163
0.591215
5.65015
-6.81104
1.82331
-1.73308
4.98329
-4.03091
3.21795
1.48668
-6.70414
12.3449
7.92806
2.23242
-5.79586
-10.9849
12.7278
-8.99506
4.65124
4.15668
5.36495
-8.30172
-8.83381
-0.724543
-1.786
3.18389
3.54653
1.57699
-1.31408
-0.165533
2.47565
-3.79165
-18.1313
-2.26626
-8.28226
-7.75379
0.954506
-5.60538
-8.27348
5.8145
1.78084
-5.8144
7.10779
1.59265
-11.2633
-3.42447
-10.9719
1.38597
-0.223208
-15.1
3.27384
-2.71696
0.847236
1.67112
-9.10258
9.57926
0.106786
-3.05069
11.1479
4.11586
7.42216
1.1853
-1.19384
-4.56043
-0.582021
3.58265
16.2192
10.2169
6.49077
5.54551
7.94572
6.74469
4.56789
-5.17392
6.73509
-5.47108
4.89984
4.06438
8.89902
5.84776
2.40831
9.86067
5.62834
-17.6221
-4.24298
-1.71809
-10.1671
11.8487
5.66167
-9.16958
0.687994
0.539883
-6.43352
6.72323
-1.36082
-7.07064
0.603414
-2.85212
-15.9675
-0.934567
-2.74657
-0.467299
-4.11872
12.2006
1.39904
-0.62241
-12.7648
0.222927
-2.65833
7.62504
6.84885
5.01804
-13.8988
-5.47676
-9.46261
1.2349
0.403567
3.59786
7.52077
0.216681
-11.302
-0.440701
-15.8897
-13.5643
1.23661
12.2328
-4.18408
1.81043
3.60225
11.6412
9.07502
-10.9725
-7.40497
2.27031
13.0884
10.7364
6.15552
-6.77074
13.6772
14.0251
1.68273
3.01847
13.4877
13.1733
4.99368
2.45742
-6.27835
-3.69683
1.69208
1.01469
11.2066
4.05307
1.39465
-14.2329
0.58089
11.6014
9.15929
5.04996
7.88011
-0.924983
5.05749
0.994039
-5.44285
0.927273
-11.7051
9.50585
11.7404
-8.68524
-0.320708
-5.03813
8.09455
6.81945
2.75257
7.22744
4.0486
2.04845
4.94796
-8.60227
5.57148
12.067
-0.9628
-3.82657
3.6959
5.61121
3.21609
8.53076
-2.68169
4.85047
-1.04033
-2.3908
1.7049
9.88768
11.7957
-14.2368
-7.2471
-3.74689
-11.2473
-1.63935
6.80784
-3.19197
-3.86199
6.18995
0.863072
5.62061
3.10589
-5.35251
3.99573
14.5873
-2.91623
7.47849
0.619976
3.90042
11.6086
-14.1962
2.27072
0.488308
1.82458
5.66666
-2.12524
12.6939
-2.5054
1.00452
-1.0698
4.85942
9.4549
13.2704
-3.30021
-3.90733
5.79379
-9.70878
-8.0915
1.19866
-16.0649
-0.628544
-13.0491
-4.65519
-2.20599
-12.1785
-4.38457
-1.52133
4.32081
5.72379
-7.12607
-8.0542
-6.24765
8.30975
-2.97963
-0.55756
-9.88838
11.0711
3.8181
-3.36332
2.70578
-11.3739
3.98431
2.5937
-4.16441
-8.51083
4.9326
3.80476
1.25524
-3.17595
9.76735
9.34022
-15.2584
-10.7879
5.23886
10.3853
-0.362889
2.30897
4.4473
8.20526
-12.9557
1.18462
0.353395
17.3756
-5.56329
9.26534
0.333602
2.35591
2.27313
2.7572
-5.07431
0.268093
-7.22853
0.212746
6.55817
-6.21481
0.736156
-2.28719
-1.52125
-9.68526
4.17
1.28419
-9.55324
9.39475
11.1844
0.417014
6.2967
4.55539
-4.957
3.79651
5.24963
2.64871
6.8809
-7.35273
6.3155
4.19496
-14.9265
-10.4915
0.820179
4.1898
-5.18423
-1.43025
-26.9301
-4.70021
11.0701
8.94315
3.80817
-3.37344
-1.9359
-0.0675611
-15.1196
4.57488
-1.09601
-5.66088
-4.74747
-7.07783
-1.59538
2.47573
-1.44264
-8.16721
2.94142
-6.57457
4.4568
-0.937319
-8.25725
5.15507
5.26652
-1.49476
-9.47799
3.11383
-7.67245
0.512402
6.62106
1.83335
-3.32445
2.1702
0.290338
7.30855
6.83715
-2.6858
-2.99024
-0.635954
-4.35145
-17.2359
6.71084
4.69123
2.16578
-16.3453
-5.00736
5.61144
9.63672
3.2984
6.27768
-1.23285
-2.58557
-7.76733
-3.13059
-1.63685
-6.35938
6.77711
2.5183
8.23833
-11.8273
6.22066
0.246346
3.95612
-11.0009
-7.96079
6.89737
8.40555
-4.55203
6.26329
2.49143
-2.44799
5.19389
2.23999
-9.05862
-12.8943
3.81564
-1.14121
1.55197
-4.58651
2.19296
2.34617
2.33803
-9.66708
7.47887
6.74816
-3.51989
4.29251
11.5493
9.25219
7.52613
-0.622234
12.7877
-4.565
10.0619
-10.2674
-1.13937
-1.69025
-18.9736
-0.697928
-13.3851
3.85309
3.74593
0.635445
6.79662
-1.33307
4.63629
0.120408
2.05877
-8.06295
0.8712
3.06704
4.26775
-1.62348
-5.19815
-9.65682
-5.07528
-4.90646
-0.288833
1.97392
-1.90235
-7.23385
-3.26813
7.1099
-10.9814
-11.0995
-6.6411
8.59769
3.03131
1.09786
-2.94225
-5.04349
5.04495
14.1833
0.151998
6.33152
0.304707
9.33342
3.85181
7.81475
0.179583
-4.37755
3.51251
7.72812
0.603565
-8.11959
-3.25127
7.43128
1.06771
-8.03061
-6.2725
-8.99323
-3.63499
-4.64145
0.0981602
5.42096
-1.24695
-6.53728
-8.83218
-5.37111
1.00954
-5.37984
2.02709
1.71742
0.348933
-0.0447757
5.27035
2.58632
11.4901
7.83294
9.95543
7.36766
1.59813
-0.53411
4.31321
-11.7035
6.88309
0.889498
-1.17283
-1.39335
-4.35755
4.28422
-0.281642
2.97348
4.10949
10.0663
-5.84445
-0.113953
2.66137
8.13335
-0.892762
6.57169
10.6657
2.46733
6.97484
4.89587
2.50254
-1.52649
-0.635316
9.14138
8.69066
-2.02026
15.3903
1.99681
-0.104276
2.35156
-8.14471
2.818
-10.2594
-0.960286
-1.54892
-0.796521
0.392128
6.07042
4.86373
1.97752
2.32357
-6.82479
-4.64854
-12.9662
2.0039
13.2618
8.49081
-10.2909
-1.73894
9.54877
1.19913
-12.2786
3.77814
4.33014
0.00427485
6.37752
8.32401
14.7672
-1.62083
-6.25574
-10.4614
11.1968
7.88672
-4.56409
8.0246
10.2988
4.15613
-3.27345
-5.20701
-8.7455
0.0326877
-3.8577
2.10289
-7.41827
-6.31907
4.79376
-3.94172
-0.454991
8.47268
-0.374171
4.00567
7.8702
-9.96486
3.73018
-3.71861
8.61824
1.36604
3.3303
1.60022
2.77776
-4.12904
4.33755
-0.955266
-5.74915
-9.68449
2.30286
6.41231
-4.45593
-1.11618
-5.84371
4.34005
-4.71655
3.87812
1.34372
1.98172
-5.9875
-5.59644
9.29785
-1.22159
-8.74787
3.1639
-13.0076
-3.45746
-8.27336
3.53691
-9.90866
-2.10185
-1.15614
-3.30694
-1.68049
2.76912
9.18899
6.63573
11.3744
-14.6024
4.6035
-8.53932
3.52128
14.8728
6.95025
-6.40134
19.2972
-4.71047
-7.33793
8.83726
-5.35267
-6.72492
5.32815
3.90973
0.00890045
-1.90601
5.07361
2.34717
7.39964
-10.6679
-7.75758
-4.09869
-2.81363
13.61
2.36898
-3.18464
2.13975
0.738948
-2.7263
2.16985
-6.49228
-0.918429
0.211128
1.2765
2.59536
-5.48814
6.38671
2.52448
1.72204
10.7441
-7.21984
0.913751
0.301995
7.05548
-7.67538
4.56966
4.03514
-7.47477
6.13485
3.0101
7.97436
-7.34647
5.45798
4.39686
3.50895
-2.71916
19.1363
9.42658
-3.18532
-2.44311
4.82145
2.69639
-9.25604
9.00006
-6.01292
3.21989
-4.5967
-1.54561
-2.46104
-4.2764
1.67607
6.40142
6.3503
-2.84183
9.60524
-3.52028
-12.324
2.0437
0.969365
-1.42536
14.5964
13.4443
1.58088
-0.930019
14.0016
13.6839
14.4439
-4.32291
10.4001
-6.90996
-3.14241
-4.36056
1.49397
-0.746298
7.21814
-1.89276
-5.28679
-5.68011
4.78608
2.38572
-16.16
-9.81589
7.45267
-2.57121
3.82552
-11.7663
9.75729
-11.7024
8.66289
3.43649
1.92185
3.26399
3.1418
-0.602871
-0.187291
-13.3653
-1.77364
2.47478
0.726014
-0.334397
-1.90269
-4.12702
15.0212
12.3264
6.06573
-6.5065
-5.77599
0.0640339
-8.46863
2.7099
-1.43816
-2.71147
-3.39652
1.87127
5.49374
-5.09867
1.07759
-1.95758
-0.978004
-2.67656
-4.08358
-11.6984
-0.927548
7.32138
-0.141043
5.35823
-0.098958
13.8604
-4.50031
3.21775
-1.70835
-14.6695
1.15035
0.211918
-5.64123
-0.907062
7.54025
1.25141
4.18525
-0.109404
0.354094
-2.1502
-1.71507
6.23643
3.83348
11.7899
-0.366157
4.19668
9.46731
10.3114
2.29836
5.09116
-6.72759
4.30241
-1.32634
0.0386101
-6.51927
-10.465
-6.66644
-4.8775
-0.280261
-8.81237
1.24504
-4.48858
4.55353
8.32811
-0.0192714
4.98776
0.753914
2.43645
2.54934
5.44489
5.85399
2.17292
0.0973093
-9.61988
11.4211
-13.2689
4.23079
7.50569
11.9211
1.98601
11.4753
-19.1791
-9.36949
3.6986
-0.690429
0.0654487
10.6288
-9.65763
-3.56154
3.40748
14.7906
6.09526
8.00542
6.30784
3.39425
-12.7239
0.473471
-2.43818
8.76749
1.33987
1.55977
-2.18151
-4.05707
-3.30289
-0.648958
-4.27363
5.55787
-8.89473
9.89624
8.41484
-13.69
2.79812
9.40668
14.9364
3.09818
-3.54851
-5.47734
5.81897
1.78736
0.665345
0.868281
9.36619
5.22982
9.35061
9.41344
9.35943
6.56512
-3.66713
-10.5704
13.3225
5.38897
-0.531574
-0.193255
-0.388258
-9.3345
-1.75117
12.3946
-1.148
8.12926
4.34003
-17.363
-4.77162
-12.1207
2.05688
-0.817943
2.24991
-14.8637
-3.22948
-0.330903
8.78057
-5.98788
5.8909
-5.35768
4.35705
-1.49505
-10.0625
0.687941
15.971
1.04398
-2.12699
-0.947628
2.28758
-3.27131
0.87759
-5.86093
-7.06515
-6.46073
-3.4196
1.3655
10.9545
5.10725
2.71985
-4.53179
-2.35292
-8.90617
-12.5021
1.72125
-14.6262
-3.59782
11.6588
5.67342
8.85044
2.64312
8.90459
3.19358
4.79622
7.15296
1.88951
-4.86614
-4.69394
0.642239
-2.97185
1.11449
10.2987
4.34464
-2.35528
10.6825
-8.48891
-10.3833
-4.01793
0.112381
4.99139
-1.84727
-6.25946
6.15403
3.39898
-9.72299
-6.21903
13.3355
-1.59182
0.683061
5.714
8.1409
-2.74347
4.05553
-10.1512
-14.0638
-3.079
8.64117
-1.48433
1.93364
4.49023
-9.85952
7.84399
8.8904
0.21593
0.557859
4.447
-2.7845
12.8864
7.17661
-1.21884
6.44456
-13.8138
0.797042
4.47402
-2.57655
-4.01793
-2.5171
-7.09251
-8.2396
-12.9853
-9.61697
-1.84298
8.00764
4.85072
-1.72376
-2.63588
-9.28235
-8.32016
-14.0773
1.87035
-15.1822
8.57308
-10.3088
2.41363
12.8749
-17.4392
-4.37484
-7.14241
-0.980389
-5.38423
0.985397
1.5215
-2.88195
10.1245
5.31972
5.87551
-0.503977
-2.46625
6.898
7.74586
-3.98499
-6.12681
-5.09852
1.18993
-12.6095
-6.35052
-20.2774
3.15898
5.07488
4.37741
-10.1751
-9.86577
9.76175
-13.0484
9.6953
0.735694
2.4743
9.43719
1.25905
-6.99177
0.285953
-3.0883
0.355851
-0.535055
0.819315
-12.4046
2.2199
-9.9375
-4.28572
5.66511
-0.417179
-2.85248
-0.488325
-11.9172
-7.45957
-10.5711
1.94072
-9.49364
-1.64802
-0.95801
-6.19008
-2.74944
-6.50454
-5.27734
-3.3831
3.46312
4.06094
-1.68497
5.02008
8.45628
-3.25688
7.73257
4.08846
0.0205198
-6.76218
0.399182
-10.2128
-3.97703
3.81292
7.9578
12.5919
1.36202
0.0215476
-8.43003
-6.54525
1.78653
-4.25135
4.24477
11.901
5.75104
-2.78097
6.46036
-3.70845
6.68399
-0.576702
-6.83317
-3.85372
7.97205
3.86028
6.38436
-12.3603
0.258002
3.69097
8.01253
-9.95133
-5.60422
-0.472285
9.72186
0.129846
4.93847
-0.983515
-10.7445
1.39392
-2.65108
-5.82123
-3.78803
0.317637
-0.652614
-2.54152
7.70731
3.03947
11.6902
4.895
-5.09415
-17.3566
7.26383
-9.37287
8.59955
4.38861
12.6384
2.99041
-8.67487
-15.1332
-0.79625
5.25793
-8.29498
-4.35331
2.42816
-10.1208
0.345148
7.64401
3.69543
5.86039
-4.21329
18.8373
1.05838
1.0461
9.17268
10.5424
2.06497
9.33429
-18.9747
14.6811
0.0241682
17.3024
-2.47028
-6.8004
4.24065
2.70366
5.98877
6.80128
-8.24346
-7.65788
1.04982
-8.93052
-2.71733
-0.731284
14.4554
5.17708
9.75294
0.454911
1.45583
-1.40902
-14.6616
-3.14387
1.29168
-3.5691
1.82741
-5.63727
2.9811
-1.54031
0.503983
0.894262
6.95857
-16.5428
0.277344
13.8555
3.57043
-0.610215
-0.567411
-5.35968
10.9398
-6.89142
8.64334
3.37579
-2.90363
-22.3285
-3.94034
-10.9299
-9.18587
-7.49464
-7.19382
3.82036
-5.98479
3.89479
-0.272321
4.98426
4.92641
1.31969
1.40302
4.75707
6.4066
-0.735518
0.325903
4.13707
-9.21797
-1.4931
0.581136
5.60281
-11.821
-1.56703
-13.5808
3.69057
-0.35866
8.66833
11.4928
7.82019
-1.5187
-2.70189
5.89889
8.27619
7.89849
-5.68329
9.25895
-11.5954
7.18887
4.32727
10.6256
-0.267338
-3.68364
4.11205
7.50055
9.12685
7.4461
-1.5492
12.7517
17.2243
9.83359
-0.299479
0.518029
11.1308
1.25413
7.20236
4.17571
13.1122
2.68887
4.51146
4.10127
7.66244
-8.25279
3.17992
-6.27627
-0.0265337
8.84646
10.6547
5.38536
3.82468
9.40444
2.611
-0.831587
3.8964
3.66282
5.2256
-5.86302
1.12445
-4.08184
-0.305342
2.66245
-4.37217
6.82452
-0.117887
9.03244
2.86373
12.3461
-2.71412
2.59161
-9.47338
-3.0789
-1.58109
6.16862
-3.30958
1.9601
2.10402
3.12424
-1.17649
4.70126
4.74685
5.6746
7.53089
-9.4552
4.49225
0.443931
-7.65497
6.51499
10.6206
-1.84054
-4.1237
-0.202236
-3.87034
-3.00348
6.38798
-1.30777
-8.04785
4.37827
0.0593399
10.2495
-3.09561
0.864164
-0.350937
-5.80085
7.97267
0.949407
-6.88509
8.1272
11.8533
1.36478
-7.77301
-2.67732
9.64799
3.12427
0.731136
-4.58895
8.22954
-11.0632
7.87123
4.07447
2.08434
-7.31412
-1.91244
1.29599
-13.9475
6.45878
1.79849
-4.87312
6.91749
-9.35678
2.38287
14.3983
-0.52546
-13.9328
0.695543
-12.5303
7.22329
-3.9009
-5.9696
9.94594
7.66166
-6.68102
-2.81516
-15.1802
-11.2871
6.16527
-0.86758
2.16369
7.2106
-4.23382
-9.26811
-4.99034
1.33955
5.17585
-1.81499
6.74231
-2.02719
-4.9166
-2.33008
6.44236
-0.794821
3.92164
0.713771
-4.29639
3.54186
9.15427
0.97138
2.50041
5.16747
-9.01209
4.44563
1.10457
-11.8515
-10.3241
0.89374
-7.79644
-9.91551
9.40009
-4.78513
-2.16666
-3.15669
-6.00909
7.46421
-10.0669
5.07882
2.65185
5.49633
5.23759
19.3316
3.37233
-6.56236
-0.0418083
-13.0857
-3.13787
8.80912
-3.29275
2.44602
-3.85905
-10.9444
7.0248
0.954763
-6.4303
-8.17284
-6.47254
6.57488
11.872
-5.99524
-1.25904
-3.84776
4.76781
13.135
6.14198
-12.7724
16.0595
4.58257
-2.20684
-0.704235
5.83486
5.071
0.74277
3.13434
-3.12227
-8.62829
9.14089
8.66179
1.41047
-5.08487
7.05125
-3.2336
11.2767
-4.42359
0.378849
-8.99169
3.97562
5.30411
-4.74557
-1.99078
0.730041
9.97258
-7.7565
2.08847
3.04084
-2.03755
-7.58374
1.82751
-0.723217
1.90141
1.20786
13.1978
-5.04112
-2.61229
14.7598
5.81929
6.73573
8.0581
11.7957
5.44889
0.721892
2.26486
-9.54946
3.92274
-5.71868
0.273244
7.80455
3.62303
0.155465
1.39676
-9.36654
6.58194
-9.74611
-0.572749
-5.48228
7.08929
4.27963
-3.82134
-9.13885
7.48385
-12.5054
8.8337
-0.566433
-10.5546
5.18265
8.67807
2.65096
14.5215
0.838204
-2.61241
9.10996
-0.486853
5.5105
-1.05022
7.12461
6.52521
-5.07659
10.1637
0.112745
-4.76974
2.62418
-8.4955
8.71124
-4.54167
7.24302
-5.8519
9.29546
0.29576
3.73907
2.49617
3.59069
7.02909
9.53908
1.56
-8.41721
2.87245
-11.5155
5.30108
0.021652
6.39021
-11.4013
-2.43681
-0.476365
-2.59452
-4.92648
9.76893
5.2633
14.3657
0.242966
3.28783
6.39585
-5.30977
-6.09516
-0.662986
2.12122
-1.58792
5.86005
8.85843
3.30912
-0.905191
5.2562
-4.65441
-7.72737
5.23596
0.278282
5.11047
-6.89973
6.65327
4.02035
2.30069
-5.67025
-0.680211
-8.05089
-6.76801
-2.56289
9.40355
1.53123
-7.03256
-6.58082
2.51285
0.274673
6.42514
-2.3936
-3.0456
1.37839
1.08415
-4.29419
13.0227
7.90572
-11.9695
-4.20818
6.05572
10.6904
-4.62357
13.6114
-1.4358
3.79997
7.86352
-2.30288
0.990329
-6.43909
9.09456
2.16253
-8.02207
2.89191
6.83687
-1.79078
-4.05632
9.06509
0.0769393
-9.57911
-5.66812
2.55436
1.00637
10.9387
-7.60756
-8.50357
6.44622
2.88867
1.11245
1.94596
-11.7801
1.82661
6.36731
0.687775
-16.442
14.3215
-4.80442
5.10295
5.24875
13.0008
-8.26905
4.96673
-8.50959
-1.38004
5.66936
13.005
-6.47559
-4.89528
1.04025
6.57438
-7.00677
8.7272
6.2901
8.78378
-7.51956
-7.42475
-8.53089
0.811219
-5.04327
-2.58741
-6.19824
4.47124
5.25195
-3.55355
0.948468
-7.84359
6.25343
6.32424
-4.50298
3.7636
9.97995
-10.6999
-21.0822
4.6458
-0.743912
-1.61311
-2.03648
-2.55679
-2.75867
2.54699
-1.88293
2.79302
10.116
10.2974
6.8351
13.2642
-1.10583
8.01137
1.28403
-7.00243
-3.09727
-0.022967
-2.60396
7.43232
-2.23901
1.44237
-14.238
2.75743
-0.947731
12.0097
-1.81732
3.78159
1.4905
-2.32375
-7.93571
-2.0193
2.02584
2.85067
-2.71366
12.4928
11.5673
1.32764
1.58209
-7.58989
16.2717
4.66297
-12.5229
-2.60532
3.75529
-12.877
-3.071
1.45983
0.831169
9.86598
10.284
0.790528
2.42844
-5.83335
-1.62185
10.5993
-12.9831
-2.68907
10.3016
4.04157
6.77542
13.4829
-14.4043
-11.1102
-3.99687
-8.90538
11.5449
11.8104
5.01178
0.877969
15.6616
-8.8809
6.57826
-5.11957
-0.776049
3.72567
-1.959
-2.02723
11.689
1.82982
-0.288448
3.8572
-7.72105
2.29753
6.99405
-5.08317
-6.90605
-3.02433
8.29618
10.4411
2.58068
3.98747
-1.36408
-1.86731
6.41721
4.34721
-11.171
-2.15376
2.11084
-9.06172
-2.73679
-20.3623
0.00866355
-0.167945
-1.33737
6.45686
3.10208
0.920591
3.16796
-3.94741
-9.71883
14.1107
-1.26929
9.28292
0.863857
-1.45486
3.97624
-4.34745
-2.10282
-2.90815
12.7835
-4.17898
0.761097
-1.85462
-5.6196
6.61648
-4.42894
-9.6289
9.23102
5.44452
6.69227
-3.55945
-1.92288
-5.76579
-0.955152
-13.6477
4.04813
-6.51955
6.72108
7.98319
0.290967
-4.45461
12.1162
9.17771
-14.4591
7.45703
10.8343
-9.2269
-8.76981
-6.63109
18.7948
2.23177
-2.85648
-4.547
-4.46344
13.821
-3.07751
-4.38833
0.0842627
-9.47773
2.49021
2.69379
-0.180857
-0.800944
-0.784816
2.86685
5.30572
2.71989
9.15208
-4.56609
-5.29039
4.56164
1.71134
4.24833
-5.27516
2.08895
5.68768
-8.57143
1.67801
2.5829
11.5931
-5.27022
2.59039
-19.731
2.39111
-9.66445
4.04054
3.66968
5.2865
-8.53464
-0.244051
-5.8593
2.78294
1.54638
-0.820204
1.66834
4.62793
-4.37043
9.25545
14.3389
-6.04167
2.7395
12.6122
-1.23466
-7.0963
6.55738
5.89804
-6.81004
1.78674
6.41132
-7.78803
11.0368
0.090671
3.27324
7.4165
-1.62165
-2.6013
-16.9062
13.6776
-0.266745
7.45273
-6.42755
6.5312
-4.81425
1.77647
4.94114
8.34019
-2.16197
1.83849
0.743045
6.21824
-0.749258
15.2004
-1.93594
-6.71928
-0.805961
0.370398
9.55484
-15.5597
6.09494
1.68768
-3.70995
14.4926
3.30789
3.67741
-8.93051
-2.71116
6.76965
-1.1689
10.4121
13.5164
3.82717
-10.7993
-12.1188
10.9364
3.71717
8.18533
0.548933
0.178264
-5.59301
-7.73677
14.4805
-0.51078
13.8955
8.67831
-1.63507
-12.6949
-1.9411
2.15276
3.1592
15.8289
2.63258
3.37762
-11.3255
4.83574
10.3859
6.31749
6.26832
10.9139
2.64957
-17.1485
2.04281
-10.0845
-1.8654
6.307
1.66456
3.14314
12.455
7.97225
-5.14971
2.92514
-9.79257
1.55149
7.05201
2.98134
1.05911
-28.7992
-0.391294
3.17845
12.0301
-1.90001
3.25989
-6.30533
10.9754
-0.623389
11.7568
12.3732
-3.25025
-2.00752
6.23756
-2.49337
8.01691
4.95156
5.75296
6.17486
2.90642
13.2994
2.32548
11.2108
6.06245
1.69344
2.07629
4.56379
-9.56008
-1.37644
-5.63714
-12.0694
-7.04558
1.12851
5.78398
-12.1405
-5.26453
2.44094
6.56349
-5.05909
-1.19709
11.4458
0.893765
8.15326
-6.75187
0.0591346
-6.86738
-4.50068
3.03265
8.05394
-6.08426
4.10922
-0.348735
4.65317
6.85894
4.49025
-13.8211
3.46014
-0.891966
1.46953
-2.79023
7.3593
-15.9533
3.09616
4.36408
-5.99807
7.13376
7.42823
-12.1952
8.72968
-5.65041
3.92077
5.24736
-0.676036
-1.24492
-3.81924
7.41435
-9.66484
3.30017
-2.55936
4.45631
-17.1013
3.74935
-7.63672
-10.4695
4.87618
5.20985
-2.76864
-3.42368
9.7204
-16.6369
9.75719
-2.4464
-8.56526
-8.52762
9.20476
10.6271
-12.87
-3.3982
-2.93558
0.208446
-4.06097
-2.0564
4.00447
4.9894
-9.44382
6.99641
5.61135
-4.89771
13.3068
-4.7285
-1.82199
-3.82969
-5.52513
5.70259
6.73719
0.647872
-10.5079
12.9236
4.38172
-6.21742
5.08829
-4.22806
4.6756
4.90466
-0.881816
2.62929
-0.909532
-3.41745
-4.62949
0.0998975
5.98703
6.28867
8.02716
-14.211
-2.2091
15.2209
10.0394
4.23159
-0.0761217
10.4838
-8.83981
-13.781
1.0908
6.02439
-2.97422
10.2185
0.701036
-13.2239
12.5848
-1.9753
12.4968
-1.49231
4.16081
-20.1688
-5.70143
6.01799
9.88083
4.6935
2.05059
-1.91353
2.12167
0.612528
-4.44155
6.8294
3.45503
14.6767
-4.34506
5.36421
-0.0629432
2.97624
-10.8846
1.74399
12.0914
-0.00773549
-1.15587
-8.30968
5.78427
6.80024
-8.74983
1.46156
0.321603
-1.06023
2.17122
3.71372
7.0653
2.72223
6.34601
15.6092
-5.53593
-0.873633
-2.95081
-0.728894
2.87683
2.9146
3.61473
1.71815
-10.788
-5.37661
4.82711
12.8426
-1.20936
9.74713
-1.30227
8.66487
-8.7875
2.43681
-2.34437
-11.1968
4.69415
6.48257
9.03314
3.94884
11.2059
-0.372664
1.56223
9.59124
9.75932
3.5473
4.30867
2.03862
0.970198
4.86697
12.1603
10.6166
4.40583
-16.2492
-9.06453
8.77393
14.9665
4.15986
-1.01573
6.80425
0.775931
3.33838
0.896862
-1.6503
0.931373
9.33358
17.8698
0.278816
-10.9132
-3.52095
-9.33598
8.21672
11.126
5.68293
9.33446
10.6686
-0.949783
-4.60731
10.1615
-4.13496
-1.39884
9.66226
0.0107879
2.22194
-1.60583
-4.41863
-0.765725
0.219655
-17.0118
4.74738
19.196
7.51733
-0.789457
-3.33673
-0.817069
5.31589
-0.55474
1.83818
-3.15246
-7.45636
10.5071
-2.61028
-5.50222
16.3794
11.3942
-5.88931
7.47829
-3.4649
-3.39982
-1.8235
-4.64224
-5.13689
-14.8209
15.8422
-0.635069
-1.50166
5.60193
-0.330872
1.27593
-3.39685
-5.59463
-9.04571
-8.29256
16.2218
4.00744
3.05175
0.791825
-15.4293
-3.75982
-1.2104
-0.102484
0.315265
-3.61731
-0.243513
4.82906
0.220027
-0.594523
-3.07804
-1.38889
-0.772785
0.529521
12.3107
-10.1945
-0.807818
7.96808
4.49753
7.64235
14.0763
0.720431
0.574332
-9.84544
1.20574
3.21597
-0.147278
-6.59797
-3.25649
8.82897
3.95559
12.2443
0.440897
-2.009
-3.48238
0.220736
3.24206
-4.49784
-1.98384
4.01654
-0.601731
0.305321
-3.133
1.25495
9.57419
-10.6154
-2.79839
4.90679
-8.83674
2.31087
4.26537
-8.88187
4.6974
2.99097
2.04477
-0.00513311
-2.5613
-11.0325
-2.31667
8.36936
1.28499
10.3643
4.10039
12.1577
11.2776
7.4236
-3.62964
-1.39072
1.45618
-3.28787
-1.70801
-0.18384
11.2266
3.28825
14.5144
-9.75524
-6.83454
1.62021
-3.27533
5.12654
-7.5807
-3.0736
-1.16373
-2.98856
12.0226
-0.801451
-1.65407
-11.0566
4.96616
2.33123
-6.79468
-8.14733
12.3389
7.6011
-2.11586
-0.170022
-3.44517
4.30484
-0.767208
9.55138
-4.86965
-2.43522
3.40357
-6.36897
15.0539
0.992096
-4.13054
-4.46484
3.07267
-9.5042
-2.87912
-6.72325
-4.51882
5.80098
4.57343
1.89156
-3.42415
-14.888
-6.54131
-1.41501
9.45915
5.07445
-9.65532
-7.45416
2.70326
1.38621
-1.27737
-8.78877
0.235434
-2.25863
-7.92806
-17.0489
9.44439
1.55318
9.1281
6.3433
2.09623
-2.26262
-0.370522
-4.1723
9.23701
-11.8815
5.99842
-6.60515
-2.90921
-0.967278
8.65026
-7.17604
-3.01792
-4.49589
1.78723
-4.23891
-8.50378
2.18331
0.908465
-9.61669
16.5332
-8.99942
0.644443
1.50262
4.79595
5.46154
7.72315
5.12718
7.11271
17.2517
8.09742
6.0186
6.76475
1.91067
7.88118
-3.91863
1.53166
6.37082
-0.146194
5.98789
5.18977
4.54603
3.76471
1.26773
-2.39571
12.5597
-2.86482
10.858
1.57426
-2.11317
6.99704
-4.2794
-15.26
10.9271
-5.7138
2.98218
-14.1377
-10.6248
-9.24606
1.70624
-4.76043
-9.98501
4.58034
1.02158
11.598
3.58769
2.38481
4.15772
20.6395
7.2364
4.59251
-3.25366
2.28923
3.27597
8.97496
-4.19094
8.18491
3.27366
13.4341
3.11632
7.30302
-9.6381
-8.5696
-4.49223
3.44419
-7.08589
-10.0652
8.71873
14.6893
5.4776
-6.31111
-8.49542
3.0989
8.90642
-11.2936
5.73125
2.35579
1.01872
12.9591
5.81501
-1.96377
9.55181
-10.3516
-5.43849
6.25116
-0.0228044
8.42014
4.70232
4.63382
3.01633
-4.89906
5.19849
2.82786
6.02931
4.05419
-4.59352
-1.11497
-1.97805
2.98343
-7.08531
1.84811
9.46032
6.03025
1.42017
11.516
8.31439
3.3592
7.33468
2.8926
14.7278
13.6247
11.4577
1.98318
-1.54629
-0.657774
-3.21768
4.21997
6.38186
-0.210016
0.470783
10.2839
0.495692
-5.46122
2.95596
7.52631
4.71414
-3.95146
-7.76267
-3.02534
-0.332264
7.01503
-9.44341
-3.4657
2.66521
-0.892631
-1.43105
-7.53499
0.539106
11.8348
-1.25836
10.3568
11.0535
-9.95274
9.11755
-14.9128
1.38182
-4.16273
3.88902
7.45373
-3.08264
6.32256
0.750808
1.35238
-0.132862
0.362115
0.305601
0.930697
12.1274
8.65828
-1.67878
5.09557
5.29607
-12.486
-10.7368
-5.1389
-5.43815
14.2107
-5.8583
-4.4268
3.11121
1.09954
-1.58243
3.84151
-3.34632
7.71564
1.73882
11.0514
-8.03846
11.3176
-7.52767
-24.8364
-3.06087
6.79523
-0.461602
3.45934
-7.36719
2.02968
-7.64751
-12.209
-0.490359
-5.43832
3.26595
0.513844
16.4627
-6.99498
1.40568
17.3471
0.457798
-4.71724
-7.83537
6.71592
2.87017
-4.85057
-8.13
3.72957
10.3141
0.0582399
14.7656
-2.39894
-1.28917
3.04035
13.676
10.8574
0.100239
5.26952
5.95774
-6.17985
6.13078
3.78627
-2.52029
4.7111
-8.15401
-1.45056
8.89233
14.5148
13.2634
17.5471
10.2861
5.94505
-3.57774
-5.18159
3.07692
8.02323
3.19083
2.61491
-1.8443
4.43806
-1.89899
-1.12436
2.63384
4.88068
3.06876
2.50788
4.36008
-1.74801
-1.01423
0.782055
-2.67039
-0.104531
2.90551
3.35931
14.4266
5.5571
-3.00968
6.66247
5.70598
-2.39135
8.07482
-6.65381
1.52999
4.40402
6.26689
3.46675
-13.4637
-5.76381
-1.7178
-1.79586
4.34806
13.1444
8.12361
3.74421
1.29371
1.73483
6.31704
0.223994
7.81729
4.00196
1.37883
2.06521
-3.44359
-1.76708
5.25539
8.39476
7.65602
-0.813997
2.82393
-3.18986
4.38486
-1.27555
-6.55129
7.03016
-12.2898
0.0146312
12.8589
-7.11204
12.5889
10.5198
2.17571
-7.4071
2.598
-0.359938
8.92805
4.13292
4.63819
-5.07661
-4.20881
-11.1554
3.15763
12.3988
5.55449
4.1519
8.74581
-8.54627
1.54792
-0.175017
0.0650436
-5.43936
-4.46153
-5.91014
-3.8406
2.9821
-4.8633
-4.01128
-1.55247
-6.14274
-5.60409
-2.79748
2.49402
-7.35999
21.7483
-4.82032
-0.280485
5.14745
-7.1351
11.0214
-9.14489
15.8307
3.28994
-6.66292
6.03302
9.79352
-4.84894
-12.018
7.75119
2.56517
3.86879
-8.84759
2.93894
6.22326
-2.75121
-2.4609
-3.79841
3.51594
-3.89404
1.83842
-4.60443
7.88815
-2.46674
9.66313
5.70328
9.36561
-4.84131
-14.8364
4.14329
-0.308949
9.55341
3.50034
-7.5226
-7.6462
-9.07597
2.66091
-4.57311
-13.0827
-15.6383
8.11573
-5.15804
1.16295
0.167241
2.41385
-5.25046
-5.59202
7.04035
15.059
-3.41766
5.8253
-4.3537
13.9784
-3.89732
2.44166
-7.46308
10.6474
-16.2103
-0.245617
6.34201
-3.91348
1.41624
-0.308202
-9.39941
5.41657
10.3619
-1.39978
-8.10507
-7.68937
1.30144
15.4634
-1.72778
4.14915
-8.10635
8.67413
-6.54193
11.7831
-15.0734
-4.99884
-11.1692
-7.53896
-4.37716
10.4135
-9.57763
0.290574
-7.30018
0.469711
1.54028
-4.32764
10.0804
6.35961
-0.0940419
-4.7234
-7.24867
0.0640988
-2.91537
3.96787
-6.15971
3.95777
4.67521
2.84337
4.31334
-7.56228
3.28932
-9.42564
-8.33478
-9.89476
3.9645
-11.1872
-9.56115
-2.67857
-9.52737
10.3901
-9.7654
-4.01749
6.38144
-0.0420441
-1.10476
1.73472
11.5374
-4.65358
-12.039
-1.28723
7.38607
-4.59446
-7.05149
0.707582
-4.95115
-4.88229
9.70193
-3.26135
4.20105
-1.3753
-13.9304
-4.00542
3.82028
2.65295
7.04157
-16.1412
-12.3662
-13.7275
0.334487
-6.82505
-7.4409
4.65074
-15.2421
-6.62556
1.61871
-8.0538
8.42354
-1.86273
-2.61507
-8.10055
-20.0583
1.43912
2.99582
-27.7994
9.68099
-3.5739
13.2896
13.1062
3.99007
-8.49331
-12.3862
-6.51206
-7.26456
-0.692315
12.9345
1.83528
-14.6783
-5.16337
-6.23389
12.5289
-6.73622
0.376028
0.079772
8.69683
3.64653
2.77179
2.50793
6.24793
12.4626
-4.15368
-2.7561
-1.86133
4.10934
3.37717
2.53092
-0.289741
7.90278
-0.298738
16.6394
-3.71159
12.6722
6.36325
1.33018
5.91095
8.15126
-10.7755
4.37579
-5.44173
12.5647
-11.8726
4.10661
5.63003
-1.9878
-7.08561
-5.46509
0.158258
5.97359
5.96325
2.28072
-4.91243
11.0624
0.00203311
1.85242
-3.7213
12.6377
13.5295
5.36302
6.77617
-0.254842
7.10741
1.4548
-3.78046
-1.16227
4.9449
5.55625
10.2404
-4.6464
-10.3952
-0.062016
-3.58282
5.20304
11.5776
5.85699
-12.0688
-3.22771
-2.62548
5.05258
2.73083
10.741
-9.08058
3.98672
-2.40737
-9.42347
12.5363
-0.531298
-7.25306
-6.36535
1.75229
4.38484
-6.13991
-14.7536
-2.46034
8.17428
-4.77729
6.85086
-3.8195
6.17844
3.56233
3.69152
3.00822
1.33096
7.92589
6.13034
14.3581
2.56526
-2.33022
-0.938922
0.334208
-12.9579
-16.7534
-3.73815
4.20721
-12.7758
2.78152
-5.88316
-5.22509
10.4569
-0.581581
8.39473
-11.8538
11.513
6.90814
-7.22866
3.03235
9.07848
0.760165
16.3035
1.11903
-0.886844
-8.542
4.59792
3.91138
12.6149
5.11107
-2.51872
-14.3396
-0.286103
5.78768
4.73887
8.77445
-11.7843
-2.23297
9.99035
-1.51753
-6.29778
6.36863
8.12007
9.69439
12.2652
6.69535
-2.41377
-5.32696
2.87445
13.1609
-6.76411
-11.1555
6.78083
-4.60287
3.71124
-5.20419
10.6405
10.3941
4.27366
-3.45609
8.31271
5.62621
-7.67797
4.60023
3.33704
3.2688
-0.32598
10.0314
-0.408854
-4.5799
-4.01193
-1.40126
3.51081
2.3529
5.65461
0.192156
2.81961
6.29077
-1.53428
-10.1888
9.28637
-0.994212
-10.0532
-3.05345
14.3383
7.61146
-0.45617
6.89638
2.98572
5.98404
-0.408725
-4.7094
-5.80706
2.38963
5.52633
-2.22116
3.39883
-1.19165
2.63088
8.3724
6.84368
6.70675
3.12309
5.17297
-3.44087
-4.17937
-0.385953
9.72936
3.86854
-2.47657
6.31368
5.37289
-8.65615
-4.60102
8.26126
-15.5107
6.42486
3.49552
-3.43427
6.84517
-14.1658
-6.90023
-6.78246
-1.30927
-9.5256
2.34558
2.00225
8.89048
-14.7252
-5.91381
-15.6269
-11.6968
-0.733678
4.37448
-19.0766
-1.57245
-8.09552
2.69165
3.81005
-0.977508
-1.89687
1.50569
-3.26315
0.909266
-2.88524
2.77546
7.01794
10.7789
8.44256
1.06956
8.20135
-0.0498884
9.77584
1.46622
-2.36253
7.13135
-4.15848
-7.79474
-2.6204
4.80904
-3.28967
-3.22342
6.38736
-12.2533
-9.348
1.83578
7.81385
-0.551457
-9.81747
-2.88863
-1.0326
6.07547
-9.30409
0.338156
-12.8386
-4.62035
-5.69155
7.21742
2.36994
-0.811924
-2.42362
-13.8913
-0.116366
11.8349
-0.626303
12.4353
-4.26835
-3.36691
3.98001
-2.47667
-2.44968
-4.0375
0.158907
-3.24896
-4.75359
-2.93498
10.2173
17.6226
2.69617
-9.99916
7.21459
-2.23033
7.47166
-13.7196
8.53335
-19.9252
3.59839
8.9272
4.53061
3.69786
-0.269854
10.3945
5.92081
13.9244
10.0007
-8.04658
3.64118
-0.528992
4.76511
0.284523
-10.3887
5.28347
-7.97941
-7.64278
5.55347
2.82282
0.12268
13.3049
-9.37168
-0.390198
-0.0306465
2.36587
13.811
3.44913
0.521691
8.87615
-0.798844
9.48422
-2.17391
-5.49356
-4.89403
10.8033
-1.35489
7.32379
-5.13014
5.77155
8.92308
11.9396
-1.08472
0.838997
-17.5002
4.54869
-6.86148
1.35121
-16.4374
1.72162
5.51492
-3.8021
-0.671646
4.65296
2.1889
1.67848
-3.33739
-3.86362
1.74579
0.638408
12.8845
9.56417
14.2818
3.21131
11.0772
4.87235
3.40258
0.277437
-1.47695
-2.53777
0.308423
3.0046
5.43939
0.832247
9.26048
16.8544
4.65869
5.55207
2.93999
8.58989
-1.23329
5.57564
-2.80601
-0.246326
-0.0186156
6.30428
0.246953
-6.24793
2.57867
-5.65039
1.15173
-5.97098
5.44549
-2.18862
10.3937
3.80437
-16.5886
-7.565
-4.08788
-3.23503
0.52803
-2.99622
-3.16299
-7.69901
4.90823
0.554657
-3.55573
2.27675
0.439106
-12.4368
12.9985
7.59823
-4.03143
-5.12122
-9.52189
7.98552
-11.1738
5.55695
2.34916
9.6399
-16.0555
15.3094
4.43685
-0.312314
-2.24978
0.0127836
-0.439938
13.2957
-2.05107
15.4705
-6.98874
3.3657
5.56874
5.5949
0.419289
4.57981
2.75503
-9.42956
1.57103
1.67184
-11.4164
-6.00332
-23.8993
2.46637
-2.2317
-4.06407
-0.368928
5.50639
5.43175
10.8559
1.84613
-2.6697
-11.0885
-14.7252
2.30315
6.75421
-1.18837
-2.14737
-0.563605
7.41969
10.2641
2.48334
7.76836
-3.02089
-0.703129
12.8442
3.35291
-4.30004
-0.502717
16.4578
-0.187675
8.88428
2.62578
0.564526
-3.56942
-8.72634
18.2159
-6.75527
5.38767
-11.4326
-9.36324
2.46447
4.70387
5.8746
-5.52464
5.76755
5.40711
-2.72742
-3.39392
5.83109
1.57239
9.7553
-12.9593
-1.85805
-4.3029
6.84955
-16.1959
-14.5943
-0.706014
12.3072
-6.56666
-7.66241
5.05218
-1.01343
-9.19796
3.19545
12.7324
1.94494
-19.2986
1.88427
7.85197
12.0579
5.30482
8.25392
-5.16145
-11.2674
6.382
3.15479
4.31408
-2.43324
-16.6057
3.38982
3.5415
-8.15858
6.965
2.91009
0.101795
5.00511
-0.0990555
-4.04353
1.32516
3.98611
4.97209
-4.13464
4.52921
2.69849
-0.075338
1.12182
-1.88452
2.64151
-4.35642
3.05052
-12.0015
3.24461
4.68516
-12.7082
-2.5391
16.4725
-12.2797
4.32939
2.41773
5.15533
1.37881
-4.63529
5.89258
3.62217
8.46359
2.32563
3.90163
4.95636
2.37247
-3.05097
1.03829
9.04816
2.5776
6.67659
10.653
3.72804
-2.89194
2.31795
-4.98644
-8.47342
-2.53245
-0.765213
12.0268
4.22293
5.37332
1.31469
-1.99461
0.514385
2.93793
3.30912
4.56385
-5.39789
3.51239
-6.43948
8.25598
3.35725
9.38878
-2.97717
-2.93554
3.49547
-5.11575
1.30946
-2.24946
-3.8776
-10.6004
8.47748
-1.17173
2.497
5.95629
-8.70204
-0.553915
9.38884
8.68492
-3.9953
-6.41453
-0.5575
3.52549
11.0853
-2.91482
1.50424
7.78966
2.49084
11.8424
2.97444
13.8301
-3.65608
-14.6189
0.386047
7.75986
-7.16568
0.860657
-1.29424
1.28286
5.18734
-0.585116
-6.85197
9.97323
9.48556
0.828853
0.548179
-0.920206
7.72966
-9.83483
5.33895
-14.2588
-13.4544
2.81875
9.26076
-6.74317
11.6065
13.4158
-11.2514
3.23088
11.1742
7.17157
7.38331
7.67877
5.60397
12.0744
10.1142
-1.53864
7.44567
0.163643
7.26301
3.29188
-5.07828
4.83304
4.07435
2.52048
3.76711
1.633
3.32224
11.6449
0.846309
-4.47939
-3.77923
0.578462
0.375793
7.66928
11.8911
-1.19872
8.56359
5.70301
1.46151
13.3937
4.63088
-3.28335
5.70014
-5.7837
7.38361
-5.25819
13.6567
-4.54029
-1.28763
1.7588
-1.03265
5.10792
6.13566
-5.14411
3.95197
12.3447
-6.5066
8.71696
4.96627
5.71785
-3.23348
9.23051
7.83675
5.28016
-2.83623
4.67191
6.0387
4.11952
1.19942
11.7711
-5.34682
2.49327
5.76558
12.861
5.39138
4.85215
4.73115
-6.38142
5.9842
4.44127
1.47088
6.93871
-2.46359
1.97719
-5.25737
-0.256923
6.35146
19.2006
-1.9738
-5.94058
8.64973
-7.35314
1.84838
-1.45191
-0.661154
-23.8268
3.77194
-4.74325
2.46187
2.30553
16.1223
1.14162
2.72406
6.73506
-1.50497
-0.63803
-6.31344
-8.06108
-4.67705
-3.27814
4.33708
6.87141
9.44105
6.87508
0.0530966
-3.97707
-3.55987
-10.3407
5.52691
5.84369
-5.58295
-5.22527
6.17842
1.4939
13.2894
12.3983
5.8056
11.4277
4.78669
-19.2963
-1.93056
-1.07595
5.54486
9.26128
1.38261
4.42874
2.96574
-4.0176
-6.04372
-0.488575
6.87763
3.99927
11.8266
4.46508
2.69834
-2.8018
-5.37354
11.2533
1.60509
0.228532
0.208158
-0.802442
1.51735
2.85403
-9.64121
3.23691
1.58319
16.8021
-8.46099
5.9135
-3.57159
-0.48388
4.88242
2.57961
-2.35279
6.55703
-4.92744
-6.11442
-1.27771
9.08469
5.84587
4.92762
8.50557
8.88113
8.68078
20.0727
3.84055
-11.5757
0.964993
13.0091
-3.22299
-7.59492
-1.49376
-4.22503
1.34326
7.02829
2.87278
8.37601
2.70193
9.94571
-1.54483
3.74577
-0.220036
-0.506244
-2.90469
-4.42109
12.2646
2.66123
10.1214
3.58721
20.804
3.64284
2.12621
9.6788
6.7927
-5.40005
6.56039
6.07967
-4.43414
13.2849
2.35314
-5.01577
-12.9783
-3.20356
-1.50806
-0.284358
2.03583
-4.40625
15.8928
4.69373
3.8359
-0.458565
4.82092
6.23349
-0.0909011
-2.33072
-2.73261
-7.62745
2.34461
-7.01606
9.09125
-3.28883
-3.26246
-3.11331
7.42051
-2.78231
2.03495
-6.64661
3.53141
17.7557
-3.19665
-6.89455
1.7481
9.106
1.76109
-5.49682
4.10305
10.9607
-0.793766
6.78693
-1.14128
5.22924
7.49961
12.36
-2.55772
9.84141
5.42425
6.65453
13.6342
-12.991
-0.526064
-8.53239
-1.25836
-5.7563
-6.77168
-0.907709
-6.48513
3.94596
-10.13
-2.14536
-8.21352
-7.34081
2.00625
-8.3436
14.4152
-3.15922
-22.5168
6.57344
2.30377
2.2913
0.91018
-9.21074
4.42233
7.83024
3.54104
-2.4145
-2.05708
8.5415
-1.47945
-8.55078
-6.79446
-3.21483
-5.42318
-2.22231
-1.20631
9.45974
2.75461
3.03801
-5.48166
-1.71042
0.0797539
-8.93984
16.5586
0.0877294
5.09026
5.17511
10.3352
4.07994
1.20922
-6.47596
-2.31537
-1.90303
12.1954
4.47834
-0.879267
1.12013
5.80328
-0.041691
-0.190569
1.64348
4.81608
2.01254
-5.08017
6.67384
8.9146
11.8341
3.12814
1.08463
3.66165
4.84561
-8.65361
10.5239
-2.56676
0.369044
-1.48318
-11.3431
-1.40342
-5.63281
-5.48592
-0.336288
-5.92724
0.430067
6.95821
-13.7453
3.42481
-1.79888
0.395284
12.5111
7.1702
8.93936
-4.67674
-7.9917
6.7829
-2.87914
10.0777
9.19012
-14.0379
2.84195
-7.47365
0.587287
-6.06051
0.0744756
-5.36613
7.2988
-5.33018
3.05455
-12.3129
-8.16246
9.18698
10.9544
3.80251
-0.940042
0.661521
9.19185
-1.64362
-0.251016
2.18437
9.19453
-4.30213
0.444238
21.448
-4.58887
-2.68669
-8.9387
2.09216
3.90831
-0.799064
-12.487
8.10448
-1.12697
5.00241
1.97068
11.2563
3.19767
-8.07319
-0.0897879
6.10251
9.64638
3.42563
6.59206
2.86751
-1.65805
-6.25609
7.98782
13.7468
0.911428
6.67021
7.47319
10.7815
-7.99573
-7.93423
-0.0530128
-4.77799
-6.66796
-5.36581
2.86244
0.204616
4.56627
17.7438
-1.27933
11.1658
6.66862
-2.19851
2.09517
17.668
-2.99234
3.86988
7.99075
3.07917
-11.1334
-5.50475
9.61877
0.529492
0.444326
-0.760485
-7.63239
3.54991
0.632324
4.66033
1.54525
-1.97573
-3.46667
-1.97285
3.65597
6.56923
5.02091
-7.47246
0.429819
13.4429
-3.12302
4.35079
-12.0931
8.59679
8.94052
8.81138
2.60908
-10.7577
1.85141
-3.71588
-20.1827
-1.33572
-10.9604
10.6981
5.55529
5.80817
18.7721
-2.3913
1.83927
16.9028
-9.56144
-3.73039
2.25119
8.7467
-12.4432
-1.88559
1.52991
-11.1906
6.98634
-0.462587
2.75751
8.88451
7.04467
4.48689
5.19462
10.3666
2.83179
15.2612
14.9136
-7.27686
-0.459702
4.95444
7.99545
7.34261
-5.23994
11.0404
-2.42152
6.15872
4.46752
3.57391
2.45146
-2.47458
4.19687
7.03844
-1.2237
7.07279
1.80268
7.32265
-22.8025
-3.34386
3.56675
-2.27192
-15.6869
1.11936
6.02018
3.61083
-3.51685
-0.668704
4.63422
-6.07216
-8.15273
-10.2638
-0.461642
-15.3186
2.15641
3.95565
-4.66389
-8.9363
-9.4794
-19.2318
-0.150826
-3.48385
-0.078673
-7.62311
-11.3862
-22.3478
0.0926966
5.52411
-10.2558
6.32243
-14.1292
2.41879
14.5093
-16.4004
1.98031
-2.92428
-12.1838
7.84664
4.70999
11.1827
0.598688
-3.6399
-5.091
7.21233
1.92246
-2.39666
7.48292
-17.236
5.89504
6.93646
-3.27868
6.18058
-0.563691
-3.73361
-0.408191
-0.551809
-8.48991
0.70669
-5.30915
-8.78635
3.01648
7.77247
-14.1349
-1.46221
-4.68395
10.3191
-6.24399
12.5318
5.58147
-6.86383
5.30384
-10.9686
13.3251
11.6027
15.4442
0.291689
19.3793
10.5386
2.3006
-17.7368
-3.12881
18.4056
7.57901
8.45844
1.12237
-15.5885
2.83559
-3.64685
5.66902
0.951579
-1.01012
-4.86422
4.953
-2.06041
3.41295
7.86961
4.9133
0.284196
-8.22155
3.45651
7.58785
2.68065
1.16717
10.2877
4.22912
9.0902
-3.31878
9.28795
8.20751
4.20898
0.483399
8.22865
5.12763
2.04372
3.54886
3.18473
-2.61253
10.0719
9.03712
0.820281
-2.13241
-2.18066
5.89653
-13.2999
7.74581
8.02626
4.79819
7.81343
7.60582
-8.57034
-10.1455
5.01634
-5.782
-3.39535
11.3867
7.99758
5.12851
-4.38018
-2.8103
3.39246
-1.36826
-2.1206
0.979762
10.0348
8.86581
2.29446
12.4591
0.102647
-11.2056
7.26655
-22.387
1.79148
9.18767
-3.84631
4.33306
5.30354
-0.195362
-1.68808
4.21897
0.312553
10.0937
-8.66396
-9.47389
-1.95635
17.4448
-7.97513
10.0839
1.89392
-5.72568
2.90209
0.769689
-2.32899
-1.88725
-4.17892
-9.67261
2.10486
8.43332
1.14084
-3.65653
10.5035
5.33937
0.145395
6.49066
3.67819
11.1742
11.2236
8.17331
1.88279
-19.9562
0.514562
-7.58126
3.67306
-0.294624
3.88195
-1.26011
2.56607
10.5162
-12.0262
6.71612
-11.3637
6.84122
7.9257
6.13702
-6.58882
9.23033
2.20215
-0.0492078
7.57571
-4.26756
-6.6544
14.3908
-5.24173
7.42323
-0.487725
6.19419
-0.714376
-5.29723
10.6919
-3.31871
5.37734
4.90002
1.36484
1.80286
9.73253
4.24963
0.831961
-1.58674
1.64856
8.86921
11.9163
-5.94362
-1.32511
0.927162
2.35047
0.184658
-2.64126
4.15621
10.9015
3.07667
5.27922
-9.12166
2.68771
6.61851
-1.22062
-15.1507
-0.395188
-4.01832
-2.04999
-2.32022
2.59046
8.09446
4.6989
7.09931
-9.41034
12.0011
1.66236
-5.72078
-4.76137
9.99256
4.90457
-1.31832
8.9712
13.4027
-20.4525
7.78134
1.6855
-1.48667
8.27655
-6.94396
1.70048
12.2198
3.33201
6.34936
-5.04138
2.8138
-0.176178
3.44652
3.08496
9.00506
-7.47263
5.76965
-20.3291
-6.62537
-0.444204
3.29759
4.80183
-2.84055
-16.8196
-0.269231
0.924157
3.45471
-11.7887
1.86132
0.232065
-10.0068
13.3637
14.8051
8.80188
-9.93535
-3.62891
2.06355
-4.53455
-5.18599
6.5928
1.98596
1.55595
-28.882
-11.6595
1.15449
-7.8217
1.11314
-20.146
-1.00956
-7.76836
4.95379
1.44824
4.71658
-7.57396
0.239643
-1.57065
0.0648015
2.04686
-3.07627
-9.07019
-4.11064
-2.29127
4.93458
-9.24706
4.66611
-2.86339
-7.71521
6.01072
7.19317
5.75177
1.67932
9.65946
1.46331
9.15492
-2.22669
1.21516
4.93678
9.64407
-2.819
0.198879
1.54747
2.64105
-2.10037
-16.9569
-5.98324
-2.53945
11.6711
6.44748
3.13376
1.06586
-1.63832
0.341085
-2.62989
-2.13499
-0.407354
-6.31169
0.174129
-0.140668
6.31291
-10.1919
-4.25681
-10.1136
-0.611931
-0.938249
9.54672
4.8938
-6.55635
-5.79943
0.943314
-7.72594
2.13312
-6.55836
-3.6831
6.54121
3.07337
-8.63963
8.9722
0.809094
1.56454
-2.52944
-6.05216
-1.69662
3.7201
2.04949
-8.43189
-5.60704
1.04153
0.236552
4.38202
9.35939
0.849495
0.926458
-8.25289
-11.0294
7.72021
1.60567
-12.2099
0.654286
-5.26305
-10.9828
4.02289
-4.27242
5.26307
-9.02437
-5.07995
7.09272
11.6754
8.19652
2.80057
-1.59776
-5.66086
-15.6506
-2.24797
2.61048
-1.70876
2.63738
6.17938
3.33961
5.2904
4.8767
11.0448
-3.61107
0.232715
-3.28566
4.95214
-8.6425
3.33383
5.05479
3.38194
0.173019
4.68273
-1.91676
-9.55856
2.0732
-3.41756
-2.8621
10.4938
7.57797
6.28874
2.09628
-1.43973
4.32946
1.55604
9.15283
-11.9535
2.3008
-6.11059
6.82746
6.46082
6.17482
-5.61877
-4.48798
-0.25666
6.78862
0.0865364
3.23974
-1.42723
-5.12155
-3.99651
0.585461
-7.04812
0.905555
-0.183997
10.578
13.7333
6.84077
1.8377
-4.57322
-11.2599
-5.77338
-9.74818
-1.77329
4.46746
12.1134
-0.298694
1.29585
-8.02164
7.62781
-4.71406
6.06805
5.48214
3.10354
20.5277
0.9748
-8.31853
1.40173
2.34265
-3.1163
-2.51272
-5.20912
-1.34708
-4.67506
2.6085
-1.0769
4.42288
2.86235
-5.50155
-4.48618
-5.36855
-3.01732
9.89735
-2.76299
4.9751
-7.41468
0.516484
-8.0607
5.0135
4.59438
0.105385
8.65757
-5.77915
1.68095
4.30888
4.53973
5.85628
-9.9613
-6.74321
-12.8538
10.0135
-0.00796549
-2.3726
1.75571
0.136892
5.40139
-1.41803
-4.6316
11.2588
2.66017
-14.6092
3.81895
8.56964
7.18378
2.89983
-6.82615
-3.23335
13.6128
10.4799
-2.13084
-2.41899
-7.82352
-3.99605
-1.27229
-7.85556
-4.97893
1.9574
1.83061
4.01046
-2.19926
-13.7506
4.10705
-1.79067
-2.87969
-5.68078
-1.59954
0.540019
-6.26463
0.623166
-8.65067
3.89996
-0.31902
7.97821
-2.99299
-0.723165
4.55765
-6.164
7.57549
-10.3397
2.09134
-1.76449
-4.44742
-5.02598
-2.16518
-0.32628
4.98299
1.09089
0.245797
-9.91872
2.81717
5.12229
6.03919
4.39302
-8.80703
1.43173
4.34584
-9.99119
5.17071
-5.74822
-5.53021
-0.768703
0.676868
12.2315
1.19062
3.08511
2.8101
8.19834
4.79903
-2.87098
-4.28294
-20.192
0.602557
-1.90288
-2.60391
-2.29822
6.62988
13.7119
1.80694
-5.44321
7.47219
0.602623
11.0668
1.59198
2.12704
5.6531
-20.8969
-0.876522
-7.13513
1.47653
-3.95615
-6.11124
-3.12453
-9.41862
5.79723
7.29593
4.40217
-3.33393
-9.21005
-8.14523
-4.39446
-12.1201
-1.61734
7.46861
1.50633
11.3027
-6.57748
-1.68073
-1.5587
-1.1572
12.7165
3.12095
4.73803
2.61193
-0.122489
9.29715
0.303116
-10.9371
-7.87563
6.1079
5.16492
12.7047
5.14515
0.20106
5.55444
12.0827
-0.901511
7.69789
-0.204135
5.65891
-2.3814
3.27603
-1.0836
-0.407166
-6.54952
9.1581
0.991192
10.0956
-0.0284905
-6.78825
7.28345
-3.36343
-1.97217
6.398
6.04131
-3.83767
4.37656
1.47666
2.34905
2.80447
4.65503
4.51128
10.1526
-13.6928
8.64106
1.00589
-6.51397
-2.42501
-5.54064
1.147
0.518891
4.54749
11.888
1.59718
3.37673
8.36014
11.937
10.0469
-7.85944
0.386337
-1.49924
-1.61979
-1.34455
1.56847
5.71596
7.98132
14.3464
10.1494
2.05791
4.61102
2.4622
4.13229
-0.253564
-1.00269
-4.08805
7.19896
-5.47352
5.63456
0.595277
6.05876
2.11732
3.14352
8.87111
1.7409
0.697814
1.99248
7.97101
12.3135
-2.38084
7.49964
2.58714
10.4602
5.39731
-4.17036
-5.96622
5.80585
7.29187
-5.73022
-4.42919
-0.741181
-1.52936
-6.48015
1.72163
-12.8708
4.01031
6.23676
8.96498
-2.71152
4.63239
-0.266543
0.532197
2.12452
7.64876
2.06595
5.085
0.733267
4.58956
-1.03109
-4.0611
-5.04661
-7.40578
3.20837
-5.46288
-4.74796
12.3573
3.80404
11.7874
-2.60887
7.25611
8.84268
4.65045
-0.691655
2.08137
4.14412
1.84787
6.79224
4.44659
12.2851
-9.47828
-3.54361
5.00844
8.10173
5.14329
-1.03643
0.932285
6.22466
3.26591
-2.53009
-1.79929
9.40187
-6.77911
13.3203
6.65429
6.19324
-0.595757
-0.844134
9.53738
3.90553
-3.18293
2.66091
4.11649
1.76151
7.75691
-1.27796
2.22718
-0.83817
-3.84448
6.29531
7.54921
-11.9243
0.241939
14.169
-9.87346
-5.63775
6.68545
1.01293
2.01156
20.172
14.8733
3.87033
6.14585
-6.79284
3.67169
-4.01485
9.73424
3.90935
-5.84846
4.44008
5.0552
-8.21847
-3.07829
0.415998
0.25103
-2.1906
10.8042
8.33564
9.87088
3.4065
11.6384
-1.97864
1.55727
-5.92439
-6.2649
2.9359
-0.806231
-8.75948
2.83402
-0.499532
-1.35129
2.70371
10.633
-4.45068
2.06177
3.83217
-1.7791
0.103325
3.4584
1.75412
-2.29993
-18.1345
4.45122
17.1408
1.62745
-16.576
17.0689
-2.46484
8.63297
-12.4591
2.79914
9.81422
-3.25835
8.76249
-4.9907
-3.23409
-4.18519
5.21521
10.8744
-11.4473
-6.82673
-1.48397
5.43862
6.65961
-19.7402
-2.54411
-0.308356
4.58755
7.09193
6.49828
-2.89143
1.08676
6.24176
-24.11
13.9913
-6.7175
5.26089
-11.1565
5.63593
8.03848
-11.7885
2.73688
-8.36394
-3.08979
6.48939
-6.36723
-1.79451
-4.80325
2.78361
3.96585
1.32769
0.73857
2.93628
4.78857
1.39727
2.70822
-2.71542
-16.9294
-0.315249
-8.43523
4.76403
-3.69827
4.43541
-2.64855
2.17115
15.7485
-2.85048
9.31808
-3.81767
6.45003
7.39165
-16.3226
10.2483
-16.3451
1.10283
12.0017
13.7116
-9.64509
8.97219
2.27488
7.27682
2.56593
-3.30716
2.76576
-11.0217
-18.8706
2.77877
-14.8963
3.09143
2.64932
0.767206
-10.8123
7.39292
-3.30274
-15.6326
-6.12873
-2.14375
-2.03879
2.70324
-6.96665
-0.308499
-2.1654
-6.75044
-7.98755
2.56733
-4.80835
8.33267
-2.80025
-8.83839
1.11009
-6.54411
7.9671
-5.63121
-4.69939
-7.98362
-0.738182
7.185
4.12786
-12.753
4.34529
3.92948
-6.33857
2.89625
8.34271
-3.13451
2.52997
-2.81577
3.32897
1.07614
-0.881441
0.590347
-8.04245
6.42665
0.227697
12.7048
5.05753
-1.10684
11.6282
-11.4732
1.25676
8.72517
-1.88405
13.123
5.15041
-3.11656
8.38852
10.1777
1.27401
1.95384
12.3823
2.0399
3.87181
5.45398
-6.349
11.035
15.9867
1.82817
-10.1233
5.0171
12.2466
-1.6399
-8.47496
2.36227
4.68132
1.75519
-2.18927
-10.3541
-11.0002
10.6832
3.11614
7.87341
12.966
3.0124
-12.3863
-4.86085
3.08618
5.88443
3.65885
7.02013
-8.19074
0.426389
11.3973
8.84852
7.2065
-7.81106
-4.56563
2.53241
2.06205
-5.16564
9.16848
2.55297
3.72223
2.15088
9.1096
7.78203
12.2309
4.72552
11.9987
-2.28259
0.865395
11.0364
2.4109
11.5428
10.0755
5.14063
2.93265
3.14558
4.45234
-10.0046
9.00887
3.23838
6.99165
-3.36904
-3.5573
-5.72404
3.39039
-8.83834
-13.4934
5.56209
1.27748
3.63209
6.23905
6.77939
2.98705
11.751
12.8124
-1.32083
-1.72769
8.94594
1.44759
-7.13756
5.53875
-6.68975
-11.4836
-4.52587
-0.220521
14.6406
10.0707
-1.68375
-1.84205
0.753507
-11.9406
1.34463
-6.11657
-14.6079
-3.29708
4.53472
12.8471
-12.0975
-0.373114
-2.50037
-10.1059
10.2282
-3.4325
0.350437
-2.70656
9.88537
6.15401
11.7002
12.9422
2.30461
-1.91965
0.469737
-0.149571
-1.99671
-1.38618
0.319511
13.8897
2.90803
14.7923
-0.991985
12.2289
2.75153
4.22667
12.4431
-10.1918
3.46366
-1.23088
-13.2848
4.06245
2.98526
-7.98383
2.06484
5.42179
-5.6805
8.79665
-3.88442
7.31561
-1.90342
-3.82526
17.252
-2.00023
-2.12183
2.21937
2.32086
1.76498
4.15592
-1.99359
-7.97929
-15.4831
3.18433
-8.72827
6.12696
-3.91683
9.44095
12.5731
-5.14323
1.12838
12.6793
0.573179
-9.30509
22.0754
1.88384
-0.097031
-20.9884
-14.26
7.80267
-2.73188
5.46885
7.7283
5.39184
3.48186
-7.88158
5.93969
-0.114921
-4.38779
-3.32986
6.1165
1.75207
8.8687
7.72346
0.518233
0.91413
10.7855
7.36413
-2.91321
-5.4069
3.02882
-4.75467
9.55127
0.485293
6.34987
2.81919
12.3902
1.11006
11.7129
3.84412
-7.07153
-14.6217
13.3362
10.1598
3.54183
7.36813
2.94739
-9.37017
-0.340071
2.4431
7.76804
4.0062
-0.832258
-5.32301
0.781376
-3.35914
-8.37159
20.4529
2.11186
-8.73481
-4.204
-8.32292
5.70798
6.8525
8.80372
0.680806
-0.181657
3.3509
-10.3017
-13.4633
-14.3177
8.53889
-13.3569
14.4052
3.65733
0.293422
4.34768
-2.21291
-9.28824
10.2529
-2.1956
-4.47679
-2.74654
4.9867
2.95881
-4.07622
8.5839
-0.0929038
2.75713
-8.27231
6.94831
5.56969
2.99936
1.73884
6.62127
15.1978
1.68287
-8.23185
-8.99401
10.1964
7.19877
-0.0886751
0.365097
-6.70206
-3.62759
7.09236
5.09246
0.323508
7.12503
10.3365
7.36852
6.96473
6.68411
-4.66642
0.287647
2.10292
-2.78672
5.17791
-7.67804
-2.65836
13.2497
4.31361
-0.446912
-7.30512
-2.90587
3.91802
3.76337
14.747
10.4204
-6.08054
0.880479
8.48013
0.0181477
-2.39682
-1.14482
-6.63641
-4.1342
11.0312
-20.699
-10.9314
-14.0968
-17.713
10.5141
8.18689
6.9658
-3.58618
0.320233
-0.166146
8.44683
-5.70294
3.65236
-4.53877
-9.94
-11.1368
6.80605
1.92633
-0.736567
-7.20857
2.84482
8.87877
-10.0622
14.0453
4.79349
-7.28677
-6.00153
2.12598
-6.93021
-1.41725
2.27606
16.6462
4.95929
-8.0416
-0.830121
-0.39601
-3.7528
12.4803
8.95481
1.4407
0.927074
7.62233
12.2448
8.15074
2.72996
7.97848
-4.61789
6.61182
2.13092
2.97197
-5.18879
-11.4777
14.6176
-1.54672
-7.46507
6.96867
7.9209
-7.49223
0.260174
-8.93253
1.22194
-5.66358
-11.3182
-3.08218
1.70798
6.70658
0.595185
-1.80142
7.36537
6.65829
4.81888
8.71788
9.43104
-7.98889
-2.15652
-2.36257
11.0246
-1.87514
-2.90077
0.638188
-3.56435
0.920913
7.02691
-5.38149
5.80177
4.09124
3.85595
-3.93664
-7.0816
10.8852
1.12542
-3.60067
3.09998
-3.06774
5.18348
-0.287913
-1.61151
14.1916
-7.10312
2.27866
2.02969
-1.28972
1.75216
16.1565
-11.3787
2.18881
1.27463
3.08417
3.97731
-8.72042
8.19777
-12.4063
11.5722
-1.85615
6.73895
-6.31552
-1.74215
-20.2335
-2.08037
-9.91991
9.95727
7.73261
2.47709
6.92352
-14.7654
-6.38037
-1.05998
-7.56778
1.37498
-6.68175
10.2536
-4.69719
3.18546
3.46163
7.35467
2.7325
-0.0280063
-4.97258
-8.79894
14.1608
3.44107
13.5858
-7.3585
5.00758
-3.01901
-10.0849
2.18457
-0.945658
-2.33947
-16.6429
12.8715
7.30939
0.539572
-14.9958
0.941226
7.17094
2.04551
7.03943
-1.23296
-2.47268
-0.872471
-15.3995
3.84219
-17.4172
3.13566
0.806065
2.82616
-1.5272
-3.44663
6.45407
6.13324
7.70115
-5.10736
-4.76376
-9.50484
-0.963786
4.21898
-0.0589624
4.47069
-3.27575
9.06303
1.89635
-4.66479
8.88906
8.54208
-7.50762
-2.71677
5.96393
15.9843
-0.884936
6.03188
6.85176
3.40701
10.474
5.00815
-12.1252
-7.48167
-4.45041
-3.28955
-7.75232
-7.17104
11.3023
3.3763
5.89211
-0.515854
3.843
12.4486
-11.9652
5.36923
2.455
-11.0708
-0.149215
-5.72073
-1.31006
-2.32836
-1.42473
-0.102816
1.02578
2.43163
5.30394
5.69417
4.34425
9.2645
-2.94012
14.1592
2.14788
7.47053
-1.49601
5.93134
-0.148142
-9.11012
3.80475
6.73297
-15.478
-2.41413
3.81669
1.19811
-20.6768
-5.44429
2.08931
-3.04836
10.7588
6.50391
-10.5901
2.05239
4.77709
10.2017
13.2437
-13.6232
-2.2557
-2.66763
-9.48634
13.5772
0.417847
-2.07683
0.178581
5.28082
6.44141
9.05621
11.0333
-6.24841
-2.4498
4.26408
2.69042
-7.09914
-8.75854
8.83431
4.75431
-4.09822
0.165731
-0.848866
-0.0977538
-7.76718
3.27422
-6.7865
-2.2061
0.746357
-7.67713
-10.0491
4.82686
5.99252
-0.741122
1.38273
-4.50956
7.02711
3.93831
2.72902
-6.65612
-6.58899
-4.24776
5.37918
-1.91462
-0.740486
5.99324
4.32611
-6.58871
-9.18169
6.52167
6.23073
3.32683
9.93762
-9.94534
-12.1354
-4.48934
7.1245
13.3102
5.00075
-1.12727
-2.82229
-4.49348
-13.3675
11.0453
4.16302
-1.97473
4.94922
9.98149
4.68201
4.01181
8.5315
-7.92831
11.9409
-3.8244
1.90775
3.92366
4.81792
-12.1721
5.18134
-2.19301
1.69576
12.8265
7.5143
0.230883
8.62319
13.8732
3.57088
-5.28838
-1.73306
-4.63441
6.15671
6.54125
11.3815
-3.67312
0.086185
5.44428
3.7631
-8.94285
-7.72608
-2.28811
-15.3973
-2.43156
-4.73242
-14.4905
3.53778
-8.9864
6.93927
-6.85558
8.46505
-3.56431
0.134191
2.21705
-0.425589
-5.02572
1.63823
-11.1094
-1.81551
-3.09534
0.0883972
7.29183
0.0823939
-13.0613
4.13754
17.6647
-9.3559
-3.74992
4.08676
6.59438
-8.90333
-9.43689
-6.59139
7.00333
5.26308
-5.38398
14.4961
13.855
-0.322668
1.66234
4.82787
-9.02041
-3.80194
-13.0755
6.2372
2.99783
0.322065
10.4713
-3.54978
-9.36363
8.103
-12.2759
0.192862
-6.36722
1.10856
2.17452
-0.188304
-3.29774
2.14091
-7.17655
-0.0827326
7.0499
3.88399
3.65026
12.8465
-9.85994
-2.24228
-7.96865
-4.74509
0.67261
-14.3809
-0.197039
-3.93381
-2.74108
-4.40683
-15.4819
-0.266439
-2.54027
1.41984
1.98308
8.80938
9.98717
-7.65245
7.2511
2.48148
-2.23687
-4.75809
6.83521
-5.18365
9.48803
0.26037
-4.4138
-3.84322
-5.01357
-2.1196
-5.49253
-3.55242
3.71361
-7.17042
-3.64364
-3.00385
-6.95254
3.56495
-4.33605
8.2932
-18.3666
-4.42321
7.44949
0.597403
0.191454
-0.327374
-10.0045
17.7016
-7.67501
3.27814
6.57867
10.8442
-8.13036
6.35066
-5.29281
-0.704101
-0.996406
-4.80731
0.716903
5.70991
-0.0200676
-3.80382
-0.0603184
5.10655
6.29254
3.95827
-5.0092
1.17864
0.947993
3.8382
14.2763
11.2103
13.5524
7.21837
-4.39203
12.1211
-0.908191
7.89477
0.206675
-18.3683
-0.333955
4.55377
7.15921
3.66778
16.862
3.16508
2.02871
9.84819
4.91794
-8.03981
9.15755
0.0619131
0.830278
-6.51738
-0.710167
1.01278
4.92017
-12.6616
0.515718
-4.65031
-0.991546
9.2725
5.02333
11.0388
4.29268
-2.79525
6.28061
-3.90415
1.04728
0.231457
8.37826
13.4103
2.29139
12.8755
-5.64004
11.6053
-0.306931
-3.77621
5.0649
15.9901
7.89345
-4.92881
-5.89728
-2.89665
5.48194
14.023
3.34265
11.3352
3.1644
2.106
0.206789
2.09171
2.24123
5.78037
-4.12982
4.12862
2.84652
5.2422
2.89784
-2.28937
9.45718
2.73562
10.4274
-3.02658
-8.6624
2.36999
7.85211
1.68699
2.3919
-13.7003
3.50408
4.87251
-14.5099
13.8069
-4.05444
3.21119
3.8926
2.55682
-1.66097
4.55896
5.74027
-13.8168
9.36378
-0.0335989
-10.4705
5.62526
6.08688
-9.4356
7.06442
-5.22314
-0.701932
5.19439
-4.03011
-19.5273
-5.73546
2.91196
-8.08397
-2.01336
-8.23569
3.25159
-0.0373336
2.44662
1.33883
8.73682
-7.19026
8.36538
14.6748
-0.041543
-2.37446
3.12096
-5.51405
10.6647
1.91718
-9.24411
4.43334
11.0303
-5.19504
2.22745
11.6342
7.63947
-3.32932
10.5157
16.3869
2.08467
-3.13835
-3.39557
-2.6562
9.57203
-5.89452
-18.572
-7.94357
-20.7688
0.598837
6.17274
7.58892
-5.41639
10.7181
2.47555
8.9163
-3.35681
0.223187
3.27871
-1.45258
1.74772
4.47923
3.94783
3.5955
-5.96406
-3.65496
-3.24251
-1.82986
-0.135885
13.713
2.33289
8.14201
2.40957
-2.55092
-1.60199
2.48167
7.41191
3.7829
-1.49092
-2.13165
11.038
-3.45388
6.89678
-0.8613
5.87592
-9.01946
-14.1511
1.07745
-0.0184812
-3.59218
-0.828508
6.86243
5.12535
6.89788
-9.14324
12.0573
-10.6815
-19.9364
-3.33313
4.25527
1.70686
6.45772
13.6045
-6.58843
4.31394
-1.59688
-2.03051
-0.23135
1.75573
2.17775
-4.64088
1.76399
3.01197
-12.6961
4.11905
-6.52305
-7.67965
1.10252
-3.72191
12.2315
7.8523
-4.93047
1.71075
-5.56993
-1.14312
-2.84432
-9.30864
-20.4789
-7.51284
5.41519
4.9403
4.85572
-7.30981
-4.42568
-3.35146
-9.07157
1.59036
0.161998
-4.21027
-2.33496
-2.27198
-7.39237
4.53148
6.10462
3.08865
2.74017
4.23177
9.98188
-7.33314
0.559696
-2.92014
-13.7892
-10.5375
2.55321
-3.36177
-3.11218
-3.29098
-7.47114
4.66896
-10.8662
7.13097
5.90764
2.70577
11.8008
11.7632
15.9846
11.5055
-0.207597
-3.07369
5.24873
10.5104
3.8315
5.44457
3.63227
4.8356
-1.59027
2.63467
2.76778
6.67969
5.54975
4.05975
5.90799
-6.85527
-0.739201
-13.9542
-9.497
6.50254
13.0484
-9.7095
-3.3474
8.5459
-0.801348
3.24819
7.88027
-7.74395
-12.4718
10.8466
7.96699
8.32015
0.358696
5.00964
4.69981
6.15052
-9.08929
5.05191
-3.94551
7.67829
0.748214
11.7954
2.50031
-0.107884
-2.77062
8.29256
4.49348
5.57791
-0.61992
-12.077
-3.16099
-0.799158
8.95937
7.87928
3.2414
-5.03967
-4.71882
9.51021
0.0608866
2.64446
-0.136653
-5.6891
9.42258
5.56426
16.2096
5.8127
3.52717
11.8179
5.78973
-0.256456
-6.84969
1.99679
8.11921
6.40709
-13.1766
-3.49195
7.33057
7.40222
8.88779
11.7011
-5.20436
1.74911
6.47133
-3.40765
3.32594
10.806
-4.49275
3.28039
-2.43332
4.72346
-0.0935991
5.16089
12.0517
-0.937266
0.953939
-14.39
-21.6237
-2.15524
0.39434
6.66631
-2.70874
1.84145
-2.69143
-8.50979
4.94927
0.198421
0.665068
-2.40834
-3.0056
0.835399
6.37575
2.71638
-4.84454
0.835462
5.90243
-1.24027
4.10922
3.5607
-7.23866
-1.9036
2.58514
9.39861
11.6282
-0.531099
12.8952
-6.10395
2.49874
2.53426
-0.0776599
-3.56674
4.00236
-4.14272
5.53615
1.96917
-1.76688
1.21315
4.31426
1.71955
7.92569
-6.8871
1.21961
10.0536
-9.73331
-18.1504
8.27849
5.23468
3.16059
1.60444
-15.546
3.47617
-1.80101
8.02834
2.08143
9.8308
-3.16498
-4.83727
-5.4071
14.2402
8.00501
4.24584
1.7975
-6.13319
11.2441
8.1747
-2.53391
6.99981
14.8615
5.28144
8.9832
-1.57678
0.512084
0.675957
-11.9878
-3.35141
12.7969
3.33858
1.26045
4.45474
17.3924
11.8562
-0.33844
12.2265
2.26134
3.68861
14.4109
-5.44508
-7.78468
4.41821
4.36261
6.94266
13.7935
3.04943
-2.82891
19.5728
14.8723
-1.01499
8.40583
-3.47019
3.06543
-8.34243
-8.74007
-9.35427
4.42277
4.33744
-7.25802
17.1176
9.54952
11.8266
-2.51528
-3.76393
7.3278
2.0889
-0.246091
2.20327
-9.14378
6.9255
3.21134
10.6511
1.94047
-1.46896
-0.691173
1.05043
12.1562
7.51402
1.19757
2.76525
6.43224
8.93896
6.97334
8.01773
-0.49481
8.10978
16.0474
-4.69882
8.30845
0.909896
2.43629
18.4766
5.84712
-2.16765
8.43747
0.648946
-1.97713
6.81908
-2.91845
3.36378
1.28767
1.39556
1.0789
10.0835
16.8821
-10.77
3.93661
5.09008
7.1038
3.77165
-8.19977
-1.69784
-6.19519
6.52725
-2.52148
4.78424
-2.64683
-2.44619
7.68032
2.38032
10.147
-1.81581
6.80386
-8.81185
-0.826691
-2.87017
13.0688
1.87307
-10.3458
5.26191
-6.33024
-11.6912
-2.59104
7.67203
8.16946
14.5807
13.8604
7.00431
4.60351
-5.67917
-5.82898
-6.96127
7.87152
4.32454
13.6119
-1.79459
-4.51033
7.1854
-0.352296
6.59587
-7.97857
5.04237
1.28157
-1.51175
5.03181
3.35296
8.04932
4.68316
4.9551
10.2506
-12.3403
-7.26378
-5.99292
4.48196
-8.05166
-2.95435
5.66812
-6.63636
-8.62066
-9.81717
8.87427
4.65798
-9.11985
0.714147
3.73189
-10.393
7.56706
8.21536
15.7289
2.34641
5.27519
4.3954
6.35314
2.48724
-0.881755
7.86595
-18.8603
2.59796
-11.552
2.6689
-5.14825
-7.67551
3.53573
7.87854
0.297775
17.1426
7.80094
5.06001
-11.3965
13.0777
2.7889
7.82369
11.4534
-3.52333
-8.32019
3.42312
-2.27799
4.59695
9.31313
-1.08467
3.00775
-18.1926
-8.47866
12.8043
-7.40566
0.449241
10.7729
0.0192989
-0.968906
8.54178
1.05783
3.58158
-6.92844
2.09972
-2.6657
0.0321458
7.63684
3.10806
7.2969
4.49239
-2.1842
-2.0624
2.72005
1.74062
0.0610955
8.9926
-10.1334
0.478472
-0.183662
17
-1.13516
8.4656
-2.64736
11.8817
4.27613
0.0367279
-10.141
0.127156
6.8854
10.7282
10.7671
3.34495
4.65435
-2.32365
4.863
1.12404
-5.70985
-11.1922
-4.68519
0.0267149
-4.08831
1.30721
4.42243
0.439165
-4.85332
8.6462
-20.3131
-5.80055
-4.76586
7.81447
-10.2784
-1.07962
6.44444
6.70993
-0.356134
-10.3542
2.93011
3.5589
0.176515
-5.0239
2.89911
1.98808
8.27224
13.8441
-6.21711
0.293621
-9.05549
-17.2413
-8.62464
2.73436
-9.96511
-3.00485
8.08582
-1.36806
11.1684
-1.82439
2.41012
11.0509
5.68123
3.55695
6.48901
0.349969
12.2034
-2.36996
-5.02149
7.44657
-4.68081
1.69449
2.39437
-3.63345
8.29154
-1.79157
-8.29726
0.761101
0.50669
6.44496
-4.18436
3.59173
2.90327
-0.422181
13.3055
3.43274
-4.05047
4.73687
1.13641
-7.66717
1.90582
9.83149
-2.52539
10.6147
-8.2685
-6.9676
2.65105
0.245951
11.4814
2.56326
-2.78536
4.42232
-4.32183
-1.03558
-10.8825
-14.0192
2.7427
2.42424
1.77179
-2.66267
-2.41022
-3.01817
-20.979
2.46214
-1.15151
-2.75165
6.08719
-7.09428
-0.119676
15.1685
-4.37843
0.409351
10.5166
7.01503
4.20666
13.2133
-0.849928
-0.433245
-7.2999
9.14563
-4.72033
4.26932
-11.6469
4.53811
-10.3715
10.0511
-0.927571
9.91826
-10.2419
2.66801
-5.87249
10.281
-6.22953
0.73302
8.53255
4.24746
2.37716
7.49025
-9.97521
0.184194
2.15955
-3.72871
1.37714
-5.41294
13.067
3.16498
0.412346
6.13931
-1.27791
7.08962
-2.85468
6.66686
-6.66809
-7.92179
-11.4449
-13.6161
-2.9873
-21.0243
9.05509
9.80823
-1.97092
-1.66802
3.38053
3.88205
0.421752
5.0941
0.302472
3.66734
-3.32597
-1.89258
8.59685
0.412779
-5.61322
9.33584
-0.266799
-10.2342
-7.74003
-8.65045
-2.26643
-14.8609
-6.64569
5.46597
-6.30399
2.88403
-1.98097
6.24125
5.63986
-2.31107
8.13337
-3.53966
10.261
4.97078
7.35793
0.707001
11.9307
-3.52178
0.278832
14.5229
-5.94017
-3.46926
-2.41408
-5.56959
6.4069
-21.7163
-2.6911
-4.00338
-5.54903
-10.0222
-5.17706
-6.28299
-2.17452
-4.49021
-2.16872
0.0697962
4.09197
11.5178
-9.6033
-5.55405
11.9458
-10.8104
-1.21492
-2.51419
-4.65564
6.83209
-3.71253
2.19664
7.62487
0.152694
3.99892
11.6598
4.91772
16.0451
-6.06659
-1.25075
0.106389
2.24659
11.4074
1.3324
-2.34549
-4.81494
4.25766
-12.5739
-3.99409
4.59705
4.91045
-5.89463
0.513056
-10.3982
-2.71613
-1.47341
-5.54249
2.46466
0.757933
14.2002
17.246
5.21662
9.71703
-4.21675
11.9192
14.9897
-0.124394
7.86212
-6.98314
-5.92703
-1.57766
5.2685
11.0861
4.5133
0.761223
2.9403
3.22925
-0.969791
14.8584
-0.379934
7.77054
-3.21029
11.5508
-5.82879
3.30591
-3.07015
12.0844
-6.32582
-13.9907
6.08663
7.71963
2.76891
-7.11515
-8.6884
-0.106995
1.77522
12.765
-1.39306
-9.36316
-0.973613
-4.81695
17.2762
4.88309
-0.0447631
3.49811
-5.33171
-0.00737541
3.53058
-4.46225
-0.327979
2.13251
2.27345
-1.19791
-4.35405
-24.0425
9.72216
2.32129
-2.2342
-1.69358
7.87356
25.3735
-1.43993
-2.99787
4.14437
-12.9414
15.2048
3.08483
-5.15053
-2.95862
5.18035
-3.57737
-14.3455
4.45293
-3.59622
-1.14961
-8.10682
-5.62981
-2.53095
6.28011
0.520832
-1.48806
11.3786
1.07582
-13.0542
2.49802
0.9079
-8.37063
4.54589
4.01931
-6.1088
-0.842599
10.896
4.84138
-7.92577
-8.31377
-2.63896
1.8338
4.30978
8.89793
-3.11949
-10.7718
5.79875
6.69894
6.57954
-7.64507
1.13823
2.74211
-0.699863
-7.02515
9.24436
-4.18395
-16.5926
-13.113
-9.96893
-5.23158
-14.0797
7.60196
-5.70231
1.81558
0.156516
11.7936
-5.6254
1.09062
-3.50166
4.37886
4.36968
-1.7456
5.40811
-7.82317
1.3279
-1.89596
-15.7305
-1.53909
3.94098
9.57423
12.7492
0.915592
2.00339
5.94612
6.32367
-13.95
-0.780562
1.59127
-0.574991
6.2808
9.67011
0.341977
3.69417
-10.5641
-2.17846
-0.0943574
6.50683
2.37741
5.19004
5.42443
6.87951
-2.35161
-0.509072
5.00165
15.5263
-2.99877
5.94157
-6.71725
5.09526
11.6274
-4.27986
0.93146
-0.473382
9.00166
0.794414
7.04185
7.78627
-3.58113
6.8327
-12.8082
-4.84193
-11.2658
-9.85698
-0.646831
10.213
2.36812
14.5611
-5.10536
15.1166
5.45372
4.27269
-7.5331
-0.282929
-1.24936
2.33803
1.29144
2.23018
0.382589
-1.79655
5.0549
-11.3691
7.28609
0.98555
6.08723
6.78811
0.00944394
1.4316
1.88026
-4.90444
2.11179
-6.55753
-2.79844
-4.02117
-17.1776
-22.8903
5.71966
-0.761273
3.60788
2.3046
-4.81782
-6.35907
-2.03164
13.8199
5.26514
-8.3224
8.82833
2.72285
-0.645161
9.59863
-2.85381
2.34352
0.927461
-6.26408
-6.03154
7.29701
8.92405
0.754424
5.90563
-13.6235
6.01982
-6.95961
-0.492904
4.68474
-16.8761
5.20692
1.5994
3.43996
-8.81307
2.22941
3.98436
-7.74264
9.39352
-0.615115
-1.08773
-7.26705
-10.6347
-3.67483
-1.69794
3.56215
-0.0125554
-6.05222
-5.32361
0.0340169
-0.302934
-3.98704
3.30837
3.6404
-3.26885
8.25669
5.43744
-6.45644
-3.05277
2.73677
-5.25064
-7.96409
4.68623
-10.7236
-1.15477
0.968085
-5.85914
3.14179
-1.98928
-1.44006
5.42387
-1.66591
12.2248
6.95864
13.3091
2.90325
-2.46862
-4.15677
10.6912
5.77875
-8.32058
8.43458
-1.1748
11.0505
7.29369
1.66477
-9.63265
-2.83299
-5.39571
1.60527
0.283736
2.4387
8.22055
7.51188
-12.2617
6.38069
2.14765
3.78946
-7.43126
-0.67237
-1.57874
7.50144
-6.07813
-3.24594
8.62683
-7.55499
1.9681
-3.14036
-5.1916
4.68917
1.72381
-11.3992
-13.7209
-17.022
4.09459
-9.14555
-2.87559
-3.10022
7.1971
-1.4052
12.4587
0.354325
-4.82409
-5.097
5.57
-11.0147
-4.83202
-6.39756
-4.4081
-4.41343
6.2159
-8.65331
-9.58089
-15.4561
-4.30309
1.30281
-14.2699
4.44012
2.11484
6.73893
7.72831
3.23574
-8.61291
6.98061
-0.228073
5.44638
-6.89405
-0.446696
2.83831
2.00721
2.15102
2.20876
4.21894
-1.3236
-1.39047
-3.16339
-2.30913
-14.246
1.59955
-0.0700677
-0.475747
5.2477
7.25536
-12.617
-5.87211
-9.43139
-6.44633
-2.95519
1.53646
2.95776
-6.57305
2.24424
1.56356
-2.41783
2.57299
2.37772
-2.33688
2.17996
-0.922708
4.81576
-0.744325
9.0146
2.25016
3.82266
2.80361
5.44432
6.02635
-1.89749
3.24472
10.1515
-0.102721
12.4326
-1.01961
-1.05236
-1.44115
-6.06979
9.09562
-9.90959
4.21659
-0.393225
-1.57026
-10.1689
5.00812
-2.18777
-0.74871
-13.5177
-8.98981
1.88975
0.298267
-10.9325
-0.672382
-3.19833
8.30934
-4.69952
-1.83805
5.30363
9.2319
-0.59709
5.09865
-1.15856
-2.62342
-6.25372
6.37896
6.34859
-0.296208
6.30711
-1.07475
9.81553
-8.59779
7.7004
3.18353
7.23546
3.27093
7.54828
-19.1259
1.94092
10.1775
-4.7505
4.09213
14.9026
-0.153728
2.80206
9.47696
9.96694
0.0718531
5.17677
-3.40483
10.6619
7.40383
2.66156
-0.587547
-0.898237
-3.05376
12.5686
3.46046
3.97696
0.346607
-5.62269
-0.214773
2.10697
-17.5093
-3.78084
2.39545
3.10688
-5.1112
-11.191
-12.478
0.421213
2.50241
2.44126
-0.419269
5.09573
0.382865
-9.1484
-11.37
2.99241
2.58391
6.04621
4.59867
9.43865
-9.49145
-7.58245
3.30728
3.68094
4.93386
7.95695
1.74656
0.999998
-2.65285
5.49548
-0.166667
2.71657
-6.21563
-0.205231
0.623768
5.76624
-1.35662
-6.07606
-1.40318
-7.76588
7.42586
-14.5333
-10.8068
6.07152
-3.1823
5.80366
7.31654
0.245612
-9.49296
-14.4308
-7.20527
-0.406447
-9.135
-13.445
1.278
0.0781849
-19.2781
-6.01857
2.32264
-0.11851
10.9288
-19.3819
5.8594
-3.87557
8.98419
6.10759
3.40914
-7.1872
13.7494
0.647733
-1.23648
11.3409
2.59553
3.11734
13.1627
2.51872
0.214908
0.365188
-4.02893
-1.42204
4.62027
2.08045
-6.19019
-2.10922
5.57666
-3.44263
-12.9133
9.54203
1.6911
1.61616
-6.34258
2.06244
1.9597
-1.88859
6.40493
3.52468
2.86972
6.44583
12.0774
-8.21775
5.49189
-10.1724
15.994
-2.0764
1.81325
-8.28977
3.55734
-1.76525
-2.78623
-11.5833
-1.84122
12.5703
-10.8998
1.97936
7.4279
8.54216
8.91449
-1.25494
-8.32253
-2.46378
9.85804
-2.00854
7.2641
-0.827522
-1.36912
15.9459
0.48162
0.00184279
9.52467
-7.92644
-1.10297
5.91414
-1.90714
4.52213
12.4286
-5.02021
1.53029
1.57007
-0.388213
-8.04246
3.41291
-1.91393
-10.1511
10.9889
2.28196
20.3045
-0.412466
4.32805
-3.00899
6.81233
4.95837
3.4588
-9.23083
-12.6656
-0.852691
-4.46233
0.919732
4.27777
-0.238703
-5.10332
13.9442
7.45532
2.6264
6.50274
4.07213
3.80296
3.21434
-15.4148
-16.8895
6.52749
-6.34987
-5.68918
-17.4066
-7.37338
6.92211
7.94505
-2.52086
2.26838
2.24985
8.92792
8.08173
-1.12465
4.18202
-11.4489
-10.882
8.299
-5.44787
-9.18929
-8.74299
-8.20218
-15.2875
-9.29413
-10.0034
-6.06996
10.2006
4.7609
-3.7561
-8.04504
8.18558
-8.91993
2.62029
-11.5815
-2.9687
-9.17738
2.70404
1.35073
16.3519
-5.70615
-9.74757
-2.27031
2.42977
-8.51873
5.50197
-10.4983
3.58762
-4.72145
-1.8564
-10.8214
-1.12482
-1.34703
0.911082
-10.916
-16.5339
2.21922
-8.67559
2.1659
-9.62079
-10.6908
9.10747
-5.75134
0.143397
-7.78613
3.3815
-16.6296
-0.55984
-3.30505
11.3786
2.60662
5.63994
11.8883
3.31099
14.0314
-2.42112
10.0117
2.90455
5.31532
1.76832
-7.70923
-0.267535
0.223831
-7.89968
14.8264
-0.886411
-0.983121
2.82524
2.39131
8.93784
11.1243
4.26504
-9.71588
-9.83253
-5.95025
-8.14943
-6.51805
0.251902
10.853
0.491103
4.51636
3.87154
7.14707
7.37515
6.71356
9.70254
3.58352
5.53065
3.45716
-3.29516
-7.43468
1.36432
-1.70418
3.21318
-4.55349
-1.60978
7.77714
-0.498088
-1.05152
-2.8258
5.22092
12.2012
-12.5683
0.482967
-17.2846
-22.9776
-18.5567
-2.86428
-6.09082
-4.18187
13.4765
8.41876
-7.19094
-4.85834
0.417733
0.32949
-4.75852
-6.36239
1.86062
-5.72386
-3.27499
-3.71689
-3.38363
6.73499
-0.0587008
-12.6837
-2.71824
8.16538
-1.64271
-0.454703
7.7602
12.7237
10.5942
1.36718
-2.14831
-7.24043
2.26473
1.05124
5.90868
7.64842
1.87081
6.27823
-6.12291
6.83828
3.99464
8.71177
-11.1069
-3.80883
8.99831
0.64064
-8.12633
-0.27939
0.889863
13.1452
4.6629
6.5343
5.82194
0.677324
7.05288
5.2049
-6.98891
-4.94026
-1.83108
4.57817
8.87798
-12.984
-7.53766
14.1161
-8.55389
-3.53549
-3.19651
3.83986
-4.63225
-4.08993
9.58375
1.02006
7.58057
-4.98208
5.23296
6.17808
-4.30456
1.90677
1.87353
-4.26376
6.78746
-14.7062
0.468084
-0.776412
1.38326
-0.230271
1.08127
-10.9137
-2.71857
-2.83427
1.84847
10.1579
-2.94041
2.34999
-9.09366
5.18713
-3.28939
12.6856
1.03456
-1.13878
7.52876
0.544787
5.61285
5.08466
-9.42635
-7.25916
3.29492
-4.43924
11.0456
7.23373
-5.83176
3.94499
2.57054
-3.3434
-12.7328
11.2354
-2.49714
14.1143
-2.44568
-8.13715
-10.4709
-9.17021
16.0156
-9.22856
-11.657
-2.13778
3.65771
-1.45685
8.91533
7.96833
-2.25356
7.1043
-2.40483
-6.65877
11.1611
-3.16597
-7.64053
0.206299
-14.345
7.8586
6.48228
12.3679
17.0252
0.46574
-12.377
0.748913
-2.38305
-0.168919
-0.970833
-7.27471
9.19967
1.73849
4.22466
3.08886
3.63466
2.13169
6.82916
-3.86146
-5.76581
8.8999
-2.85424
4.90972
7.97176
0.483383
-9.54437
1.2975
10.9412
12.9021
-7.77873
1.94823
-8.87441
4.74869
-2.91234
1.93431
0.0445186
5.82431
-4.09158
-0.742982
1.9597
-4.97265
3.70816
-4.79806
7.54654
12.4832
-6.55846
7.11709
-7.49344
2.26428
-4.40958
-5.91185
-0.993872
-2.83137
5.39766
-2.85955
3.80762
4.39501
12.4843
6.04762
-13.5023
-6.65591
2.34674
-4.26037
5.4185
6.18503
1.85246
-9.86053
-11.8106
-10.58
1.65114
-2.70402
3.65993
1.80957
0.9825
-8.46507
-7.43829
11.8727
-9.72113
-4.1401
7.87172
0.356853
-2.62686
0.962009
7.41241
-5.27662
-1.75488
-3.22244
11.6713
-0.480198
-4.49441
9.37631
-0.843951
-2.04297
-0.00782252
5.85184
10.6877
4.67241
14.3928
-4.10792
-2.99917
-13.8636
1.88138
-1.16105
-1.14146
-4.70599
1.76245
7.31153
-1.07269
-5.0084
-3.31991
4.98267
14.5211
-10.2265
1.74407
4.91016
4.57298
0.0418582
-9.88709
-1.74536
0.935458
12.3897
-2.27284
7.94167
-0.0404719
-4.95547
-5.01567
2.20803
-0.44823
-2.99611
2.84634
1.3001
4.88338
1.10022
-6.73602
-1.70372
-7.29177
-1.60344
6.47233
-16.9019
9.79624
8.32759
-0.0104509
7.61177
16.6778
2.94024
-24.174
0.447149
-0.976279
1.72626
18.3703
11.7265
-7.04498
-20.3247
5.45921
-7.3843
1.06163
-7.56789
6.31941
-4.58444
-9.02818
11.2399
0.61066
-6.76258
1.29548
12.2977
-6.46534
-3.89023
-9.85864
0.302424
-2.20414
3.95989
13.314
5.49586
-5.30777
-3.52365
-1.24038
-3.46977
2.06537
-8.24689
-5.08392
-4.47689
-1.77467
-1.21903
-1.80781
9.80635
-4.25058
-3.07622
13.0618
3.00062
-0.834672
-2.29698
-11.3414
-8.3169
13.1512
4.14516
-9.47855
-2.98204
4.53143
-8.61454
8.57457
4.89482
13.6701
-4.69454
5.32097
13.9405
2.77581
-10.313
-2.54278
-3.59148
-1.12892
-3.57025
6.26785
5.65392
0.286066
-2.1241
-1.89054
2.86438
1.70049
-1.42251
4.10545
-3.24472
8.53964
-1.81961
10.8877
1.09065
-7.08266
3.54039
8.21336
-1.81767
-13.6506
-16.647
-11.1319
-10.0816
-5.61037
-4.11952
5.14223
-2.14625
-1.36162
0.740414
4.57412
-0.731069
-8.45524
15.8927
13.0889
3.91826
5.68423
3.68757
11.4412
-9.72811
-0.72064
-12.6693
-0.909508
-10.6869
5.67074
9.65614
5.93659
-6.44587
0.606762
-0.78652
-7.88362
10.6238
3.39296
5.52806
-7.75943
-6.34787
-7.78187
6.41536
-9.48182
-1.12867
3.60194
3.5363
-2.20196
2.84781
8.32064
6.06942
3.47856
-9.18549
-0.651675
10.088
12.1568
9.00936
11.1322
1.48214
12.5387
-5.93163
-5.71279
-0.999433
-11.8738
-1.00048
16.126
7.29828
2.68689
5.0344
-0.87371
2.64827
-4.89172
-12.4869
-7.19905
-10.5066
-4.61165
4.28227
-6.68858
3.64534
10.2649
21.507
-19.175
3.70809
-26.5728
-1.14287
0.124074
-8.458
2.55944
-9.37307
-0.944635
-2.80018
11.3898
4.66606
-4.8739
-6.68089
8.50518
3.57837
-0.175913
-8.2384
6.51045
14.3553
23.5648
-9.29281
5.68505
5.67974
9.52555
13.4599
-4.73093
6.9378
0.766537
6.24113
14.3324
9.76688
-6.99221
-3.78619
-18.7626
-4.92693
7.9023
-13.0114
-2.46786
4.62752
0.505877
-2.27219
4.00709
-8.52749
1.43245
-1.39257
-2.69719
-10.5233
-2.50535
3.45951
-2.37901
6.12728
-4.70857
-5.0285
6.39474
-1.60683
-2.8161
1.75216
1.50178
-6.01021
4.0355
16.0472
-3.00381
0.784128
5.52183
-10.896
-11.135
-6.27567
-5.12497
-2.33422
5.06167
-2.12367
17.3144
-1.48601
-0.56818
13.0867
10.0732
-7.54019
-1.09192
-10.3228
-1.84052
10.3192
3.01458
2.66607
-12.8566
-3.11603
1.75176
6.01942
10.6325
-6.22876
7.5041
6.58787
-14.8683
-10.1108
-4.34744
3.87666
-3.36079
8.14556
2.81962
12.9724
-0.814925
6.71914
4.64296
0.603338
-3.87359
-3.62705
15.6787
5.99836
3.02049
13.3677
7.89539
-14.5958
6.75957
-6.40945
5.59835
7.59368
0.549129
-3.44188
-5.68465
7.37392
9.56172
14.7033
15.1808
-1.72328
5.34582
5.91161
0.244551
6.26088
7.43754
6.02307
-6.9485
-2.66833
-17.3168
-0.619434
8.44501
-4.7417
-6.856
-5.64313
4.34772
-4.67233
4.85662
9.93023
1.50303
-3.06548
-2.55012
4.94995
-5.43352
-3.52719
-2.44704
7.98958
-3.8657
9.65018
-16.2353
-9.62345
4.9027
-11.1634
2.90056
0.100504
-9.30121
5.73138
6.71522
-9.53608
-4.43669
12.0188
3.28444
5.30601
1.21791
-1.38617
6.68509
1.05846
7.2855
0.538692
-1.21137
-12.2754
10.1477
7.82442
9.10976
4.44407
4.93302
-22.992
2.37607
-11.9293
1.7071
0.926519
-15.7764
-2.07918
-3.2916
12.0208
-10.7685
8.09338
11.3042
7.47889
-2.82364
8.68711
2.39786
1.64172
-5.31456
-2.30225
2.93323
3.34992
13.7187
5.22182
2.918
17.6772
-1.0113
3.99117
4.5367
1.23806
-18.8446
-0.0863173
3.51008
-1.21776
12.3104
11.344
5.40365
17.1508
9.16848
5.48918
-5.64243
12.8961
1.14191
-1.27733
5.31578
2.38941
-7.64623
-6.80736
-3.73346
8.08188
7.29943
1.70612
-1.43499
8.27075
2.45505
-7.71663
7.20125
-10.4572
-0.4992
2.81242
5.9892
-5.00553
-4.2087
-4.10116
-0.820148
0.829064
-4.36063
-3.28254
3.32301
-6.55997
12.319
3.19035
15.8203
8.12762
-3.05076
1.75598
-5.13922
8.57834
3.76755
-10.4568
11.6449
5.56762
2.93608
6.19539
-0.947403
4.10671
-7.49706
-4.3979
2.23135
-2.50682
-5.47811
11.7585
-0.15009
-13.5834
-2.67054
0.3384
0.53173
-4.36678
7.40031
6.82599
1.60316
7.84495
0.328447
4.07193
12.7477
-11.6397
-2.9636
0.590545
-0.148911
3.98169
7.24025
9.61503
13.1922
-7.76651
13.7386
7.39006
-3.91149
4.82563
2.46118
9.09524
1.33442
-6.17262
-2.87761
13.5617
3.39191
-3.09823
-2.91103
-0.0284238
9.16422
3.65666
8.25852
4.85552
-1.86342
-13.9814
-7.43593
10.9658
-0.0930934
8.39481
-5.82228
2.45853
-3.61705
2.73567
9.32297
11.6394
5.52335
10.1478
-0.324645
-1.75815
5.04037
-7.74048
12.2038
-8.52148
4.92569
7.20159
-8.20437
-11.9361
-0.139852
13.2063
-0.767748
6.71616
1.73931
-6.34868
10.2417
6.11043
6.50031
4.57086
16.3036
8.643
8.85545
4.54619
6.32305
6.61618
17.2694
11.8992
7.5589
7.63829
6.29088
10.5753
-1.92322
1.4154
3.86317
-3.21356
-9.31917
4.51551
9.7927
3.20652
9.68714
2.65506
2.99036
1.53621
6.11289
1.00501
4.81791
-0.365229
-5.25846
-3.01697
2.68015
-0.427927
-6.24449
-5.53131
12.5379
1.91528
-10.3425
15.7148
-4.18813
-2.01426
14.5905
3.0495
10.1006
-0.685946
-7.97086
-2.32668
-1.16927
15.4899
-6.0627
-0.0937786
1.29136
6.48276
18.9414
4.09263
7.98615
-0.481401
-7.12368
-1.21282
5.03391
4.30311
-12.3201
1.58009
-17.3994
0.925275
-8.31183
0.545091
-4.30215
0.329463
5.56758
8.52151
11.9864
-5.39061
5.81658
2.43408
0.772124
-5.27332
-1.80627
-15.0229
2.50173
-5.38899
7.56963
7.82072
-5.96794
13.5895
-9.73402
4.12962
9.88172
9.46362
0.223087
2.20386
-0.631789
15.3347
12.0177
10.329
9.92483
-2.62866
12.1713
3.13548
-7.64105
5.4397
8.54314
2.60535
4.43082
7.13864
1.0837
5.79342
-2.35047
-6.33931
8.0638
-2.31357
2.57535
-2.45306
1.7823
7.04961
6.67697
-0.0980619
3.48294
6.88616
0.375925
9.46543
1.12809
8.84553
4.82521
-7.12893
-0.646052
-1.09169
10.3791
0.217811
-0.937724
-12.6101
-3.33322
-5.57495
4.26968
2.22817
-3.81841
3.73373
-3.59244
5.413
0.889891
-1.60433
3.97956
3.21996
-12.9916
16.1524
-1.22243
3.6786
11.6804
10.228
0.962127
0.220796
6.22563
-8.37373
-4.28468
11.566
3.41312
1.50583
7.28189
6.01577
-7.97651
-7.45973
-9.76911
16.9819
8.61399
10.3764
-13.0899
-6.30751
20.4695
10.963
-0.477921
12.6424
-8.1864
-15.0933
3.68557
5.12697
-0.640094
0.246327
-5.75109
8.80384
-8.73798
5.31365
-1.61563
10.1224
12.983
4.00048
11.3901
-4.17063
13.2548
-1.34092
-0.149321
1.61888
14.8108
10.5678
0.730128
-6.87694
-7.01949
3.84721
-1.97174
2.86824
2.07598
-0.433126
-2.40152
-13.2449
-10.4804
4.43352
2.34315
-10.0426
-3.65973
-6.57289
11.3042
-2.29542
13.5621
2.76541
4.73284
2.01363
2.00141
8.78659
11.2239
9.23318
9.53074
6.88258
-5.19509
5.63615
-12.3811
7.86484
-1.88941
-12.3162
4.03263
0.48781
11.3026
5.3151
13.6361
14.1426
1.43892
13.683
-1.81155
3.93852
9.32557
4.68012
1.0589
1.06598
-5.61543
4.05622
9.44704
-1.43126
-6.33659
-4.76653
-5.71383
8.42206
-2.80099
14.3708
11.1149
6.01802
4.86031
13.8745
7.93479
9.79249
0.953786
2.59986
0.855008
7.84345
5.90448
-4.25358
14.1923
6.14357
13.1542
-4.97238
-3.70919
-4.42878
6.23501
8.2071
-4.91114
-7.98744
11.0927
10.9307
12.9658
-4.27161
-1.32746
-1.80887
9.27452
4.71771
1.88592
-9.12955
13.3341
4.34132
-11.1755
4.21639
1.69039
-3.45363
9.81031
-5.41645
-5.35591
8.45032
10.9375
7.73381
2.46868
-3.18655
-4.59617
-0.627201
-13.2323
5.9009
-1.5643
9.30063
2.91989
-0.547682
-0.254425
9.58733
1.20362
0.00883634
-9.53295
-3.30326
-0.794044
-1.02446
6.99272
6.53511
0.346187
0.462641
5.47925
8.99936
5.44777
2.44255
0.332915
5.31217
-4.5233
7.97119
-2.8267
-13.5653
-4.59207
-6.57309
-6.01868
8.66997
-8.64294
-5.52435
1.54705
-4.41482
-2.65113
8.51984
6.44638
-8.27824
5.89292
2.19352
15.5845
-3.4797
-14.1541
-4.32478
7.74923
1.79381
1.83841
6.98169
12.2953
9.60959
-6.20356
5.67539
-7.61409
7.75741
4.4674
-4.41953
0.630316
3.49833
9.16414
5.89038
3.26478
1.75561
-3.00025
2.05822
-11.0505
-8.60192
8.93648
0.205517
1.79067
6.19967
-6.50503
8.40741
4.32589
0.917237
15.6585
4.99032
1.88423
-1.85654
0.00251824
-12.7942
9.41442
0.368765
2.60075
11.1287
10.831
-11.1938
3.13248
-1.42325
8.75674
7.82591
-17.9938
2.66461
9.90808
-7.66899
0.950589
6.37686
1.27181
-13.9524
0.396638
5.83318
12.412
8.92377
8.64291
10.1681
2.93697
10.2038
-2.22165
-9.59514
-15.4819
-1.95625
0.420889
3.08154
0.140682
18.1943
3.34802
8.58655
-2.45675
-1.03974
0.0761214
-4.9544
16.0221
10.5257
5.31754
10.6531
0.995349
1.43246
4.91701
12.9903
11.9203
8.2867
-4.68719
0.596022
10.8554
5.07919
-4.56653
9.42946
11.2453
11.7217
10.871
13.7153
1.95775
0.960268
11.5817
1.86098
1.59731
10.2033
2.57196
-0.491001
1.19286
0.647746
5.51289
14.8566
-5.23508
9.33454
2.10928
-3.41596
2.89368
6.93924
3.47271
-1.09454
5.30582
8.87085
1.61477
4.48044
13.2053
-12.7995
1.78455
-5.51827
2.24246
4.0685
-3.38982
12.3178
-4.93732
0.583937
9.29209
-0.979808
-7.82245
-8.1334
-0.950838
5.41388
-1.68384
1.17294
12.5091
-4.65198
19.2137
13.1485
5.11721
7.76402
5.34702
-10.0826
5.57931
-6.52698
-0.542725
0.578498
-3.25923
7.77627
-4.51379
14.9492
5.84303
5.30702
-9.90307
6.82738
5.03409
-16.3816
-5.49375
4.5574
7.99495
-0.205411
12.4531
-12.6213
-5.24872
9.91048
10.5198
-1.7189
4.71454
4.12216
8.94423
-6.14535
1.44397
9.29668
-0.348533
4.43762
2.3711
3.55447
2.42045
9.74736
-5.7993
5.19825
8.83987
13.8558
4.15218
-3.80382
-0.849827
-2.06172
4.19027
0.758504
-3.90637
5.77918
14.8221
5.66518
2.76849
5.40031
3.98012
1.08486
4.29102
-1.07151
1.73689
1.314
9.56891
9.76337
5.83677
-4.27886
0.244116
2.92901
1.12411
8.31725
11.422
3.44377
6.26535
15.127
1.6797
-3.79428
-3.53768
0.372002
-7.81571
3.50869
1.50943
8.81874
1.42482
-5.14109
8.99593
8.27987
-6.09953
-2.9155
16.1385
-0.141277
2.97411
-3.01064
-1.68606
4.77603
4.00382
-6.43019
-1.63713
-3.21805
17.1851
4.07582
2.46979
9.09177
-10.247
-2.67573
8.46543
9.60227
2.29855
-2.50396
-7.05635
3.51282
1.87601
4.46586
-2.64888
2.40684
-13.4224
-6.60873
1.21905
8.65568
-2.42795
1.1868
-3.45156
-3.32984
0.618835
9.13697
10.2734
4.25292
8.41841
-6.9262
-2.3697
0.842645
4.3603
6.99796
-4.4135
-9.8185
3.61061
-3.30829
5.12407
0.981043
6.21123
-10.5955
4.5301
0.421868
1.02898
2.13743
-2.58828
6.85784
1.46537
-1.4985
0.784044
5.52828
-19.3442
3.20728
-5.345
-2.93573
0.322483
0.746015
11.1478
-2.94162
-3.67421
0.81939
15.0949
-1.76379
10.9968
-5.73679
0.584487
-10.4038
-9.19101
1.84608
-5.20546
0.453294
1.85174
-1.24267
3.92985
2.60863
9.61619
-6.20857
5.80234
5.20245
-22.4223
0.00258819
-1.25897
9.59872
0.390027
-1.546
8.12042
3.16543
1.03536
-10.5391
-3.34798
-4.75356
-1.30729
6.11008
7.70755
-7.73558
-5.66141
-9.38667
13.5775
-2.11385
12.0836
-2.51095
5.58832
5.42808
14.2718
8.30085
0.270697
-1.73325
-10.243
10.142
1.38325
3.79773
4.51721
16.1049
5.54032
-6.05877
5.61656
10.15
7.53578
14.4417
-4.61588
1.0984
-2.84062
12.5953
11.7309
11.4017
12.4868
-0.83915
-6.23817
-5.05915
6.57567
-3.41555
-5.18479
-5.54083
4.71707
3.21573
-8.05641
8.9482
-2.69785
-8.52228
1.38727
7.06106
-3.18245
6.24199
4.28325
1.98848
-3.84751
6.65059
5.01713
-11.3815
7.23487
11.9584
-1.10905
-0.218715
-5.92678
-5.32693
4.88928
-5.39849
11.5613
1.90214
2.21149
-0.0934492
1.79968
4.60371
-2.92107
6.40181
3.80972
17.2954
-0.318851
1.92513
-0.262836
-1.64092
-0.439867
1.30013
7.37831
3.39843
-2.80783
1.08291
4.58344
-12.5503
11.594
1.85136
5.04176
0.911108
-4.16028
-7.06377
-9.59159
-3.93034
4.7794
11.4307
-3.28527
-3.28667
0.306038
7.62155
9.52225
12.4236
10.8198
-1.76842
9.37998
3.61757
3.25137
6.7471
5.94343
13.7042
0.237785
9.55659
-2.72684
5.71947
-2.93002
4.94679
-8.00206
1.25256
1.29699
11.3987
-9.20496
1.37642
10.3673
1.84086
3.47067
6.62492
1.19656
13.0169
2.77136
6.59921
-4.52255
9.30329
9.43382
-5.50692
5.13367
-1.17015
6.17536
2.80917
0.969146
-20.6086
-1.83639
-3.35636
2.81736
-2.35575
-8.00838
-16.0788
-3.47696
5.62279
0.744471
8.9591
7.30806
3.29996
0.465449
1.47688
-1.43979
-1.38544
15.5457
5.14554
-7.29435
10.6216
-8.50519
2.96385
-7.21876
-6.47137
6.35341
-5.51071
-13.6355
9.75136
-10.7404
-0.0489845
-17.6647
-0.0504472
3.97436
-4.22113
-1.49258
-3.47215
-10.1636
11.0594
-8.06479
-8.58975
6.8227
-2.67147
5.43213
-6.74622
-1.43529
5.85877
-2.67249
10.5774
-8.71153
6.24614
0.0418385
-23.7912
-8.56098
5.39029
7.63099
10.2584
-11.8572
7.11122
-3.57535
-6.20881
-6.50562
6.42618
5.05537
2.97129
-12.3166
-1.2213
-1.96515
-7.86835
-0.174753
-1.54078
1.83157
2.8298
6.39258
11.8146
-3.76561
-1.12978
20.4431
3.07137
3.59024
3.08952
-2.24304
0.0837906
-3.90066
1.79953
-3.44886
9.04301
-2.68138
1.88297
-4.32188
7.98987
3.48336
2.41597
-9.8045
5.25995
-0.00644823
-5.2224
-4.05916
5.09013
6.9173
4.37338
-4.58548
4.23471
8.39477
-0.7657
-6.62327
5.19454
12.4905
-2.56685
0.178246
4.31436
2.53189
-8.43953
7.82967
-1.78304
-2.51748
-0.720476
-12.4141
-2.28331
5.7831
-7.6013
-4.13507
3.68351
8.60008
5.71212
-14.0939
15.9191
7.94253
9.21546
-1.80635
8.66479
17.1498
-3.20406
-0.400445
-5.27514
-4.60345
5.11293
3.22819
0.722318
-3.17193
-9.0928
6.1262
1.70793
8.68815
8.02142
-3.90011
-1.91485
9.47697
-1.50312
2.65588
-7.95129
-4.92636
13.8519
8.82443
0.990491
4.37092
17.3675
3.38354
-6.51601
-20.0565
6.1462
12.4073
1.73497
-3.87851
11.4844
0.831129
8.00903
5.36472
-2.44796
8.52028
7.44422
0.361272
-2.94406
-0.034474
10.6005
-11.3776
3.12552
1.62481
-2.82907
5.39377
2.42566
2.50227
8.24146
5.34538
-8.30852
2.86477
-6.17856
5.49273
-1.49763
3.55582
15.1008
7.91604
9.87103
-5.28839
20.3217
-7.33829
5.11179
-1.23116
8.255
10.0005
4.94963
10.677
-0.641834
1.2014
-18.7041
-5.06248
-6.56651
7.86793
11.3753
0.267111
11.5578
-5.50797
10.9044
1.58199
5.43046
12.297
5.835
0.145795
4.53289
0.453245
5.7982
11.0477
-0.0410063
-4.82496
-7.02876
7.31841
-7.92385
12.6919
2.90474
7.29588
-14
-1.9542
-9.06288
-2.51955
14.4659
-16.9264
-12.6341
6.52089
-0.752892
-3.96396
10.858
3.30009
4.08341
10.3381
5.49984
13.5315
8.4309
3.74697
14.6595
0.200239
-0.714543
-7.90347
-1.81223
8.7667
9.96129
-1.99478
-12.7511
-2.32222
4.78699
-7.95556
6.18011
3.48243
3.3541
2.50591
6.0638
-11.2981
-11.053
3.35438
11.525
3.3139
4.22384
0.769122
9.97875
-3.27024
11.5379
7.69196
9.50247
-9.09569
-1.92656
4.57488
-6.15905
-0.243605
-3.22339
-1.5296
-1.97571
-7.43231
2.07414
-3.81163
-7.12701
6.48847
-0.615176
2.48004
3.92179
5.24675
-8.25512
12.4934
-3.24935
12.0657
12.3007
-8.14702
3.96253
5.35676
3.28707
3.27987
-1.23222
1.76044
1.50981
-9.96076
2.28229
-4.08102
5.09375
1.45969
-8.709
-0.143322
-15.6011
9.91111
2.56292
17.8782
4.13661
1.18025
-7.34433
1.38261
8.7752
3.06542
-10.946
3.22544
5.2764
9.30993
-4.20741
15.3127
0.120726
-2.94653
-0.942905
10.5545
-3.05491
-5.60978
1.83644
3.33609
9.57146
-1.12809
1.13146
9.89805
-8.15055
-8.92636
-13.9688
-11.9272
0.0384494
2.49725
-5.04576
2.43463
4.64449
-10.5232
-8.80869
-4.31329
-11.1322
4.06222
10.3581
-3.44551
-11.1088
6.35514
7.74884
9.50573
9.41253
0.854372
0.413222
0.332997
0.875693
6.67681
10.1164
3.62021
1.55395
4.50333
-1.44888
8.45384
4.65251
-12.6453
-0.167733
11.514
-1.53676
7.73476
8.44341
-7.53305
-2.27025
-2.18213
6.07759
2.44343
16.0249
0.703983
-7.86398
10.1167
15.5797
6.84612
9.23715
1.7343
7.64559
2.33664
1.73199
2.16964
1.81842
-4.71138
3.54903
7.36659
0.151027
16.2969
12.4901
1.1173
7.87951
-5.71163
0.0170589
-17.2366
9.09878
0.498686
-1.06242
-2.21498
1.76922
-3.78334
-7.46718
1.46955
3.54292
4.97229
12.9197
1.28635
9.2304
-2.41352
10.9809
4.42039
4.02617
11.9354
-0.401244
8.3538
0.309995
-0.225717
6.17497
6.14467
4.13768
-6.1022
5.89736
2.12861
-2.34103
-3.64535
0.0353225
2.07581
-0.113617
-4.99672
-5.8914
4.22434
-17.5253
-0.744172
-5.54892
3.86394
-10.8792
7.82006
-7.32655
-4.96428
-0.571938
10.1968
0.206364
0.931867
8.03845
1.06799
-2.86974
0.313754
8.01434
-4.82691
9.19409
9.65798
17.6498
6.34707
0.352625
-2.4538
-2.94432
11.4312
2.0701
7.53398
3.97438
-21.0977
1.95582
6.15148
7.07409
5.40177
7.83481
-1.99627
-2.2263
10.8071
8.87304
-4.80005
6.16027
-2.36434
0.950986
0.735178
-9.39264
6.00689
-5.1075
16.821
-0.391833
2.46889
-6.64867
1.67687
-3.26536
11.122
4.17186
-7.80046
-12.1334
5.20225
-1.48265
8.88247
-2.13118
-0.786486
8.99881
6.39836
-1.01316
11.1544
1.69873
8.57592
11.5758
-9.18
-4.48252
-4.12924
3.46176
1.42279
-9.59083
2.15022
2.19299
7.70935
-12.0979
9.20642
-5.35349
-0.715371
4.66879
6.12065
-8.25104
3.77064
-8.6269
-4.5757
6.23891
12.9446
7.14954
21.2411
3.33795
-2.2763
-7.28019
7.20548
-1.31151
11.6622
-7.9442
-3.04977
-11.4237
12.0359
7.10135
0.994022
2.0871
6.4379
-2.23489
-2.07418
0.64355
3.27991
4.32172
1.66026
-4.82218
-10.5215
-3.33463
2.88478
3.46959
9.29302
-2.19934
-4.88141
11.6395
-8.32696
12.8431
7.97872
7.1245
-5.60153
-0.842335
9.07198
-13.738
12.5134
1.08306
-1.46666
1.79835
1.33344
7.40941
10.5953
-7.94036
16.2419
-6.43415
1.22227
-4.63635
-1.44133
-6.73018
16.0395
3.95368
-4.92485
7.38408
10.3871
-6.79361
2.27503
0.105655
-3.28926
-2.06174
-11.9655
0.605896
-7.40141
5.52427
6.39342
0.221821
-6.38969
-8.877
-4.17545
-11.8958
2.74515
0.653018
-5.25925
8.67798
-2.42672
-2.72137
6.91763
-4.37928
-5.02478
-3.09234
7.82916
-13.0324
-7.78948
1.08257
1.06033
2.24404
-2.75755
-5.01919
-0.597767
9.91477
4.13201
-2.50662
9.61216
-12.4641
-0.511392
10.1051
2.50276
-0.204327
4.12854
6.59744
-14.6111
5.88328
-1.6529
-5.30551
-0.72222
9.84869
1.06179
-0.957946
-0.823128
2.13948
9.20585
0.258888
-0.58452
4.63638
-5.49107
9.77151
2.27125
-3.389
-9.01549
-7.12467
-10.1873
-3.22889
14.2121
-12.6505
15.2213
1.00192
4.14509
7.29315
4.88682
1.09791
-4.51038
-4.80758
-10.4056
-9.18685
-1.24567
2.4776
1.05794
1.68791
7.79235
3.7858
6.17052
2.63196
12.9814
8.41634
-6.13141
1.88417
1.4809
1.72791
-4.6121
6.78992
-9.04701
-0.513738
-7.89686
9.98988
4.22272
-2.45719
6.63377
7.14568
-4.59452
8.81203
9.89293
7.80576
4.79494
-0.27046
8.49787
6.12276
8.7501
4.82762
9.02543
-2.75096
-4.71237
3.27525
-12.495
-0.889459
5.05865
6.81991
6.52878
5.04818
4.21651
-8.68858
-1.12778
-1.09335
9.19476
0.69994
-12.735
2.90196
1.33785
-10.8766
-0.712204
2.80336
9.65446
16.0173
-12.0635
5.82109
3.15467
-5.99751
6.44711
3.71128
0.412463
7.56467
-2.0125
10.529
1.0345
8.09687
-2.19734
4.05629
-2.8716
8.51031
9.51396
-5.53124
16.1124
7.43342
10.7056
-2.36819
-3.92861
-2.24276
0.0822095
3.34721
-8.06409
6.64584
7.99051
8.53108
-6.21006
-0.362944
6.35206
5.83778
6.73757
1.29984
-4.85014
-16.9432
4.94484
-1.8284
5.3565
-7.15118
2.94854
-3.1176
-0.327791
3.15336
-1.24187
1.08541
2.27505
1.12862
-11.7877
-3.7262
4.51559
0.340912
6.55615
2.68984
12.5863
-2.68933
-12.0048
-2.18781
-25.3412
-4.6636
2.78738
-2.93495
-11.7835
-0.385114
8.94996
0.999574
-3.71633
-10.166
-8.99467
7.72592
9.3159
11.5197
0.505632
-0.0522579
14.089
-5.02336
12.2114
8.09251
3.75116
-1.70519
-0.899746
3.73858
7.04711
4.76205
-7.17817
2.93216
-8.32932
-5.85572
4.20278
14.2098
1.00891
-16.8427
-5.26855
3.87687
0.425086
-5.70774
9.14824
6.23158
0.668193
11.9594
5.53727
15.3369
4.98146
-2.38593
5.61861
-2.77766
-4.37896
2.31711
-4.76563
7.18279
7.66484
0.987369
-0.816498
14.8729
7.54115
7.7759
-3.10172
-4.32131
3.7881
0.711364
-3.76148
-5.01792
4.27319
-7.98229
-12.8157
3.50526
3.49706
5.29402
0.743046
7.21092
6.27741
