0.294572
0.317286
0.280043
0.325031
0.254802
0.281675
0.29162
0.242814
0.178198
0.138168
0.196874
0.18427
0.256106
0.209182
0.212569
0.229385
0.218869
0.231231
0.232781
0.227722
0.134373
0.100709
0.0575897
-0.0139369
-0.0752765
-0.0140884
-0.0403525
-0.0175782
0.0107582
0.0335848
-0.0256861
-0.00023473
0.0102899
0.034971
-0.00610893
-0.0178427
0.0325523
0.0295381
-0.0262178
0.00102946
0.0308192
-0.00833342
0.0158979
0.0704643
0.0590847
0.0134455
0.0281289
0.0544204
0.0215455
0.0464501
0.0216166
0.131797
0.178679
0.139678
0.144268
0.152302
0.146271
0.120618
0.172886
0.261571
0.176168
0.229632
0.160768
0.0540745
0.044799
0.0626891
0.031392
0.0957067
0.0833088
0.0421744
0.0710287
-0.00504488
0.0570113
0.0570188
0.0439969
0.0753279
0.11079
0.071687
0.0430155
0.104003
0.169463
0.136322
0.105938
0.0752443
0.0347971
-0.020364
0.0582214
0.0131925
0.0110457
0.0851268
0.0863355
0.0554721
0.0222008
0.00590641
-0.0275131
-0.100932
-0.0937853
-0.0740934
-0.0998734
-0.0589903
-0.0514964
0.0248425
-0.0476658
-0.023738
0.023581
-0.00198151
0.0383733
-0.013154
-0.0389499
-0.0954518
-0.0870907
0.0359948
0.0365477
0.0754109
0.0482808
0.014891
0.0395618
0.109718
0.0797697
0.0156513
0.0401629
0.0627241
0.0983612
0.0317263
0.0362063
0.0667622
-0.00695924
0.0174612
0.0238577
0.00783182
0.0474879
-0.00865085
-0.0599287
-0.00764198
0.0162863
0.0409569
0.0188456
0.0238418
-0.037431
-0.0340871
-0.0810776
-0.131778
-0.139512
-0.142317
-0.0788564
-0.148804
-0.216415
-0.168721
-0.105225
-0.101904
-0.105616
-0.0334943
-0.084632
-0.0315277
-0.000784235
-0.0142247
0.0372534
0.0499307
0.0733725
0.109933
0.0458486
0.0103412
-0.0378607
0.0148875
0.0296277
-0.0281311
-0.0263296
-0.039281
-0.107782
-0.114514
-0.051279
-0.0214588
-0.0803853
-0.119224
-0.0826457
0.0307603
0.0962656
0.140674
0.202587
0.176714
0.139478
0.156433
0.175976
0.215111
0.314258
0.325335
0.324949
0.320199
0.340257
0.350827
0.349495
0.33114
0.351659
0.334513
0.39849
0.401301
0.402702
0.524515
0.554157
0.573331
0.578317
0.488833
0.444805
0.43732
0.413553
0.387904
0.383693
0.449495
0.472847
0.436827
0.412771
0.356689
0.293082
0.305498
0.394394
0.373847
0.388671
0.413095
0.367491
0.302874
0.319985
0.323892
0.30456
0.276538
0.214696
0.263717
0.23161
0.246024
0.182613
0.158915
0.111059
0.0476848
0.0749079
0.118037
0.171901
0.253443
0.204492
0.117373
0.0667065
0.0393888
0.0731601
0.0797582
0.0539974
0.0630023
-0.0233139
-0.0745556
-0.0544626
-0.049825
-0.0935111
-0.19729
-0.207165
-0.113998
-0.0360485
-0.00247814
-0.03417
-0.0932519
-0.079077
-0.0733701
-0.103481
-0.00626731
0.00687706
-0.00508115
0.0240577
0.0670764
0.0744698
0.0379923
0.00517859
-0.0727089
-0.123653
-0.0993562
-0.0179023
0.0211544
0.0522591
0.0430369
0.0748674
0.096011
0.164629
0.247584
0.267572
0.377915
0.361528
0.419178
0.334309
0.316143
0.228339
0.250324
0.233951
0.228494
0.158471
0.123069
0.13567
0.105704
0.214901
0.176752
0.207357
0.240654
0.221697
0.164461
0.190533
0.163957
0.122995
0.154954
0.114841
0.150647
0.182584
0.170353
0.152906
0.0947921
0.167554
0.13325
0.194865
0.155389
0.270038
0.33003
0.319595
0.334259
0.360863
0.443668
0.463997
0.489695
0.452811
0.435687
0.367132
0.372124
0.378282
0.375305
0.351486
0.395349
0.360346
0.343056
0.345935
0.328511
0.283631
0.383241
0.3708
0.24831
0.275118
0.322113
0.360107
0.430675
0.375322
0.352836
0.409276
0.34416
0.374159
0.340683
0.296171
0.341239
0.386343
0.447779
0.416986
0.371986
0.354977
0.254456
0.198253
0.226917
0.239345
0.201154
0.137278
0.152308
0.141702
0.154183
0.187099
0.14848
0.233932
0.218037
0.212462
0.294794
0.247265
0.245852
0.217421
0.208556
0.151223
0.23217
0.29252
0.294869
0.293237
0.289073
0.288858
0.32729
0.312956
0.295807
0.288413
0.302649
0.319707
0.339601
0.359748
0.317388
0.297287
0.304677
0.30484
0.275614
0.250296
0.202487
0.210762
0.177546
0.193206
0.131
0.0698366
0.0628674
0.0860408
0.183651
0.202938
0.213166
0.237554
0.309321
0.280906
0.332832
0.333223
0.302559
0.268065
0.276174
0.266645
0.313487
0.316639
0.35991
0.326898
0.276482
0.238181
0.281365
0.279458
0.258829
0.30169
0.24728
0.289157
0.26111
0.319372
0.327116
0.35872
0.343103
0.31401
0.363059
0.404372
0.448415
0.45593
0.390659
0.359303
0.377213
0.359504
0.341155
0.307816
0.340729
0.418167
0.395383
0.389519
0.428393
0.424313
0.448889
0.502464
0.491112
0.456399
0.399954
0.355496
0.332198
0.261535
0.283274
0.292797
0.295581
0.299605
0.348302
0.357029
0.298143
0.286826
0.274536
0.279963
0.287142
0.330612
0.271041
0.271666
0.241977
0.294128
0.306018
0.384137
0.336931
0.370122
0.442727
0.373006
0.267333
0.227925
0.188183
