5.36261
0.629133
2.25595
4.71785
7.77921
2.08285
9.12953
6.76794
5.40515
-1.10687
5.45797
-6.42238
1.87371
0.376216
0.273358
3.0871
2.40886
-3.62897
-1.11443
-7.26432
-1.15032
10.7066
1.15701
3.32593
-1.6432
-5.28083
3.76394
0.805843
0.277779
5.9471
9.87552
7.2288
-0.225718
-0.501141
-5.56497
0.381958
6.19277
2.63202
0.00177015
2.42765
4.40009
4.33264
-5.41351
-2.20103
-0.686912
4.02906
5.70999
7.62568
-0.628263
3.75558
3.67074
6.05252
-2.24781
9.12435
2.24244
3.80485
-6.46288
2.05811
3.51015
8.91006
-1.95097
-3.91802
1.52644
-1.8875
5.49076
2.59109
0.492307
6.30203
8.93876
3.10493
-7.70825
2.16117
5.76655
2.6617
4.87948
2.70668
3.49933
-1.77175
-2.14083
-0.886064
1.46566
-2.31164
7.36489
-0.04442
5.77658
-4.60062
-0.267304
-1.30485
-0.854991
3.78339
1.81677
-1.62406
7.05763
5.21784
1.34547
1.12684
-2.87638
-0.81439
7.40587
-2.25272
5.58085
3.43269
2.7128
-3.11745
-0.834311
2.52301
5.32608
0.1018
-3.32983
3.92707
-3.52047
-4.67689
0.947211
0.341772
2.91859
-3.11735
7.67847
5.06402
2.1487
4.39085
3.37494
7.864
3.69823
3.6005
-9.41085
2.9999
-0.426716
1.11294
-3.66492
2.47217
-2.01599
2.49796
0.854739
1.7683
4.88326
6.1423
-2.2566
-0.971056
1.76108
-0.0152863
-0.713781
1.12424
0.606273
0.963777
-1.30722
-15.3964
-3.40742
1.05919
1.81986
3.59792
-3.60354
-3.41608
0.114462
-2.21018
1.79554
-2.86806
6.6939
1.21281
2.98392
-0.790017
-3.85287
0.663659
4.70783
2.38277
-1.791
-5.3612
-3.91442
4.17869
7.01892
-0.968932
4.57882
4.1726
-5.60489
6.46498
4.28027
-6.1918
-2.38212
0.156748
3.66143
4.17981
4.69635
-1.83787
1.86055
-1.97042
2.61769
1.61678
-0.895114
7.61007
1.44182
3.21366
1.82425
0.692333
0.382731
4.11332
-4.93636
4.82862
2.90521
-4.96212
-4.34694
3.76513
-4.34039
-0.0860187
5.18166
-3.05432
2.76225
-0.58643
1.00542
6.8838
-1.26688
0.441123
3.88568
-7.62782
2.27871
-0.22474
2.95663
0.921864
6.91421
0.407424
2.14802
3.9581
5.57459
-0.920172
9.08567
-6.55483
2.05591
2.46989
-3.25755
-0.571355
4.47008
6.00278
-3.43805
5.77127
-4.45569
-0.40982
-1.05211
1.28455
3.76891
8.74578
2.46771
2.33839
1.20062
-1.14847
0.723421
-0.769658
-3.34645
-3.23659
2.5274
7.36181
6.69925
5.62896
-3.38685
-7.21677
1.53575
-0.996439
-3.57315
6.2545
-4.83892
-1.96141
0.39692
-2.03926
4.65694
3.04867
4.10154
-5.40391
-1.47479
6.35095
-2.86844
0.992774
0.346773
-4.45029
0.545169
6.22398
7.06855
-0.812559
-0.543469
7.47056
-0.0625968
2.675
-0.778821
-0.331175
-9.89229
-6.52224
-1.33656
-4.87667
-0.611691
-1.01749
3.88183
-2.55532
-2.80251
1.86634
2.41411
1.61098
-4.23961
-2.09986
-7.62173
-1.5151
-2.20134
5.63038
0.511564
-2.0184
3.57428
1.79017
5.80638
-1.45257
2.76051
4.77245
-0.704492
0.087184
-12.5618
-2.22694
-4.07675
-1.42235
-2.95246
-1.09453
3.38273
-1.36754
2.57071
7.36091
5.29721
-4.45332
-2.96486
2.67126
1.02077
4.88429
-9.56836
2.78386
4.55871
-2.61513
0.259845
-7.22775
-4.31621
5.62137
1.65314
3.89001
-0.445685
0.164352
5.5879
3.72137
-8.57567
4.26131
1.47663
2.74287
-5.04817
1.798
-2.36882
2.70176
-6.48958
3.78153
4.21101
-3.05644
-0.678252
-5.05435
5.75618
4.14883
7.05894
-0.355171
-0.430695
-2.49968
1.99621
9.49824
-0.864499
-7.23761
0.976175
4.96887
-9.20816
4.41532
-2.30716
4.51068
-1.25527
4.02424
-5.59862
-3.21705
-6.56982
-2.7363
-9.22421
-0.603574
-0.00493789
-3.4098
-1.14551
4.71867
4.98678
0.203257
5.10303
1.72274
-0.496107
0.597489
-5.7062
2.03909
7.19776
10.3497
-0.64022
2.62481
4.44509
-1.10506
0.105503
-4.23435
-1.95806
1.48996
-1.59938
5.00948
-6.49999
-1.19144
8.70493
5.23385
2.66217
0.980922
-1.88034
-5.24778
1.49297
-3.97309
5.7014
3.19467
2.59096
-2.0807
-11.2398
-5.03098
6.31175
2.49082
-7.29478
0.0213148
-2.316
-7.26321
3.07425
-1.70679
0.654927
4.02039
5.76478
0.255305
4.77065
4.32817
2.68719
-3.23671
-8.91774
0.416229
-4.64214
-0.458209
-0.410818
-0.875775
3.9519
6.06175
0.618501
-5.26677
6.53623
3.63922
9.08032
6.05889
3.22245
0.96903
0.640784
-1.94249
3.84939
5.86843
-1.5283
6.52496
2.06115
-1.65688
-5.4449
2.68401
7.58622
5.41256
1.96717
-0.278426
-4.79882
1.09055
0.903961
0.0312535
1.49458
6.83149
3.44744
-0.933486
-0.625593
6.18011
5.40405
5.73734
5.20187
3.35292
1.32741
-4.25085
2.14029
2.68883
0.83537
-4.46174
2.1595
3.43177
5.38429
-7.1817
4.80542
-4.34114
-0.0426889
7.94231
2.14158
5.63881
-4.92098
7.38056
-0.399945
-3.24365
7.72609
2.45074
0.23324
1.88946
4.76371
4.58429
0.974887
0.948482
5.22661
-1.87909
-0.384821
1.14664
-0.178942
-4.31459
-1.46675
1.77203
1.72677
0.0572701
0.000376088
5.35172
5.09614
3.12637
-1.55255
4.88121
4.69022
1.44732
3.75016
1.23098
-5.24177
3.0436
3.59186
6.66591
4.41759
2.81714
-0.832953
3.91882
4.81368
4.88325
-7.3949
8.73779
3.85966
5.88507
-4.68906
10.0737
5.30434
4.23189
9.38059
7.59894
0.968305
4.02052
1.40623
7.47498
2.82531
4.93555
-1.91001
2.71431
8.67728
-7.43777
-2.50193
-1.74392
-2.1466
-4.90634
1.53682
0.50032
10.4542
6.25303
5.78643
5.39581
-0.505986
-0.586936
2.18561
1.17435
4.2818
-6.70345
-2.93487
-6.77203
3.85355
-0.44013
-1.72257
-0.984882
1.13963
0.340872
8.91399
2.40487
-1.0821
4.04332
9.0869
3.45282
4.05343
8.02183
8.1805
-1.35359
-1.98736
0.514935
9.19599
6.52197
-8.71718
-0.727683
1.40028
5.8359
3.61828
1.23746
-1.24699
5.58077
0.816217
7.56959
-1.64493
2.34763
-11.1948
8.66836
2.98671
-4.61033
-0.917044
-1.08668
6.93406
2.10235
-1.77188
-4.90608
7.7981
-11.7035
4.38957
8.80416
-8.68227
-1.78694
-2.07819
-0.397361
-15.2562
3.79107
-2.59955
5.29453
1.75641
5.88336
-2.96725
-0.0242972
-0.903261
-4.72221
2.33814
3.0966
0.156473
3.85553
1.28796
4.45129
0.57222
2.9426
-1.01668
-2.4072
-9.64344
-3.12529
3.72237
2.26014
-0.368612
1.47937
2.10118
-1.03323
2.15004
-1.07407
-2.22317
2.1206
4.75937
0.93172
-1.69738
-3.01873
-0.607867
-2.2881
-11.5328
5.05833
-3.04908
-4.09123
3.32157
-3.22852
0.503556
0.0529371
-7.8798
-2.17366
5.62317
3.88271
1.74144
-2.56396
-3.13144
0.378903
-4.17611
7.86948
-2.18725
0.637406
0.283057
-4.74219
-5.79889
0.280245
7.0283
7.72802
-4.69609
7.22657
3.60265
2.25897
1.91346
-2.32095
4.20415
3.03488
0.429224
-0.394914
1.68123
3.94658
4.01635
-8.49377
-0.132353
1.56831
8.93235
2.73223
2.04907
1.6825
4.57576
7.18734
3.07962
2.13394
-0.970753
-10.0637
5.57369
0.526128
-8.17298
-4.13659
0.213998
4.27387
2.64536
1.30059
8.18178
-2.82986
-1.91669
5.68776
-0.569698
-2.1994
-6.60132
3.7013
2.25026
6.16983
0.213363
-0.244456
-1.36536
-10.3778
0.0844999
-4.35056
3.46299
4.908
-2.14705
-7.42022
-5.55104
-2.20472
1.2484
4.41049
4.2383
8.49508
-10.7112
4.69653
-0.437857
3.85668
0.996185
-4.2423
-7.39431
3.47069
-1.61351
2.40116
-7.35922
-1.54484
4.13792
0.360129
-2.55901
1.805
4.02927
-8.13959
3.85365
-1.35507
6.0863
-0.569829
-2.17717
-0.0459162
2.8087
0.230687
3.14211
6.63453
-1.02157
2.87161
1.77753
0.912157
1.52848
-0.836584
0.84191
-3.63729
-2.50375
1.35395
-0.311903
0.451922
-5.79239
0.0568699
0.60417
7.63485
4.8264
0.441873
1.19374
0.906268
3.81685
-1.8065
3.20292
1.79965
-7.02762
-6.21703
2.38574
5.2394
6.82382
-4.96825
-3.51049
5.61959
2.80989
3.26595
0.15762
5.18925
6.16009
-5.14021
-1.2347
3.85689
2.63465
4.50187
-1.04722
-3.14399
-8.59178
-3.64056
-3.71966
-2.72279
6.48095
1.27313
-0.217921
5.61265
5.51953
3.34207
4.50541
-6.84822
7.91895
6.68081
0.600096
4.30447
-1.60378
5.00386
-2.41361
-1.08291
-0.750655
7.17486
-0.14004
-1.48467
6.29095
4.14335
2.53632
-1.04715
2.81279
0.440293
4.00871
-0.182112
-3.61856
2.32106
5.11081
3.07424
6.38594
-7.16567
3.7259
1.29648
1.62056
-3.93401
-1.31985
1.44381
3.68048
-4.04872
-4.68812
-5.32528
2.60505
1.86236
2.47244
1.79162
0.407746
9.35281
4.97126
4.76825
-4.23346
4.69893
3.93919
7.04478
4.76783
4.15062
0.153643
-3.16707
11.3711
3.67285
7.85023
4.41704
-5.1039
1.4929
-4.60238
0.663199
-1.97296
-1.4422
1.99051
-1.81913
5.1555
5.13726
6.32842
-3.57246
-2.54365
-1.33777
-3.21874
0.369446
-0.490504
5.23858
0.498638
2.57488
0.427399
-4.40965
1.26837
-2.31101
3.73635
5.7046
-2.46725
-4.31011
3.81846
6.45298
0.712733
-1.55941
2.49027
1.42142
-2.00595
6.10314
-1.72897
2.50602
3.14259
1.15091
-0.0775075
2.58762
2.89421
-0.696776
-2.26491
2.83129
2.61802
-5.56686
-0.144154
-2.08549
-1.95814
-1.77423
3.10567
5.89366
3.08624
-6.63504
-1.24393
2.348
6.028
5.11374
-5.54488
9.80993
7.70984
3.25716
-1.82809
-3.37364
-1.70213
-5.68519
2.11239
-0.282298
3.35815
6.99508
-2.37147
3.62218
5.97062
4.95539
-3.81588
7.0618
-2.8825
2.61678
4.50407
5.40832
1.99387
5.51179
8.159
7.54957
-5.84185
3.68857
2.90945
3.39719
3.04415
1.02927
7.98676
2.42505
-2.53987
1.42634
1.2216
5.45914
4.1509
0.219396
-1.92933
-3.35931
1.35154
-7.76249
3.41774
2.89638
-0.0180432
1.75218
7.15925
4.28651
4.66553
2.04166
9.95913
-5.21974
4.24441
2.08784
3.19603
-7.96092
8.6987
11.149
2.46895
2.13593
-3.828
-0.176477
2.49374
-3.27362
3.93156
0.839243
1.56196
-5.65759
0.201351
-6.56565
-3.36597
6.88654
6.01827
3.81526
-0.011224
0.791892
-2.6059
-3.35382
2.85114
1.71621
-4.29305
5.51576
2.1109
2.49573
3.84574
-3.87834
1.37995
-3.42745
6.53794
-4.22086
1.37447
-3.92665
10.1234
-5.40637
0.091964
6.77481
5.79011
2.37202
-1.00845
-2.02063
-5.30896
7.44505
4.5721
-4.52568
0.970416
1.89439
0.00305453
2.84794
2.07676
3.75086
-0.271929
-0.416784
4.01397
-2.60928
-2.44136
-1.80631
0.0810003
-0.761118
1.02999
3.26865
6.84507
4.12198
6.63481
-12.783
-0.555669
3.81132
5.20086
1.67925
-6.85862
-2.11405
5.01467
-1.90643
-5.51643
4.61455
-3.67064
2.33274
-1.57658
-3.6864
-0.601684
7.00468
-2.96174
5.85731
3.30131
2.34675
2.00947
0.586981
2.8494
4.84975
-0.830697
2.74451
-8.32685
2.07332
-3.81198
-0.109971
2.93981
1.07929
-0.414519
-3.2913
4.66769
-2.59697
3.96664
3.24834
2.38762
0.0915292
-4.47855
-2.47318
5.8162
5.54659
1.91496
5.3331
3.41136
-0.887984
-3.16614
-3.89126
1.5536
3.92147
-2.12854
10.3639
-4.38794
2.67262
4.88885
3.80532
6.33698
-8.12234
7.04249
3.24891
3.03342
0.316758
-1.37234
4.39392
6.48545
-0.0392154
2.06959
-5.41002
-0.681093
4.72185
4.24023
2.44903
-2.36835
1.18129
6.76756
6.19768
4.17132
4.20004
-3.19879
7.66265
1.43166
0.672147
3.75896
2.0694
3.13212
6.7846
-4.20103
4.68126
-0.610391
0.261551
4.54614
-3.08389
-3.61205
6.60349
-1.46668
-5.32376
2.11316
-7.79616
2.82059
-0.547974
-6.33444
2.35221
0.0897196
5.84091
1.01342
-0.214753
5.58308
-4.36176
2.74976
-0.7831
-3.06226
7.13885
2.30162
4.96009
-4.00528
-1.46468
3.25239
-3.55814
-2.52356
6.52454
7.47456
2.88983
6.67344
5.69903
-1.00557
-0.296083
6.0754
1.84636
2.32061
-3.39336
-0.80536
1.02886
-3.03925
4.1881
7.95616
1.38356
2.7684
-6.41368
2.82289
2.20855
4.96671
5.90799
-2.83525
4.82454
4.3702
0.503366
0.910424
1.59349
4.12566
2.93309
7.53962
4.71722
1.34808
-1.88772
2.71476
5.74219
-6.69297
7.14211
-3.13211
8.46768
-0.795882
5.47403
2.24547
-7.87378
-2.17966
7.51182
-0.0765103
2.88133
-4.60476
-7.46841
-5.55194
4.61514
3.07771
-0.662438
0.394231
4.19584
-9.30437
-9.91972
-8.30091
0.536539
4.03714
2.02238
-3.31107
-5.14553
1.46013
1.54889
1.94104
-3.06756
-2.79791
-5.55696
2.43958
6.97359
7.24301
-5.10831
7.26137
-2.33943
2.76857
0.225542
1.83985
1.44966
-1.50227
-7.78009
6.73818
4.09901
-0.532366
-4.49648
-2.44885
-9.77993
-3.68465
3.27614
0.1045
-8.21968
5.58218
-1.26233
-9.71197
-1.07523
-2.46841
2.78784
1.66085
2.56113
1.81788
-1.85497
-4.36697
3.26249
-4.93531
2.93476
-0.272321
-3.69205
-0.446762
4.50994
-2.32378
-5.08773
0.921903
2.66423
1.59418
-2.1882
4.30478
4.33319
4.98916
0.948919
-10.2902
-0.896455
2.01674
11.4529
5.54392
-1.72795
3.9714
8.1522
-0.799367
-1.95527
-2.25886
4.68804
6.40151
0.389196
0.161086
5.65077
-4.2242
4.79233
-3.75957
8.71352
1.08804
-0.575794
3.52764
9.64884
6.23196
-4.92823
1.65153
0.93158
6.56022
1.74609
4.85907
-6.3783
-0.973708
6.78238
-2.33851
-0.755283
6.95441
2.9412
2.66226
-3.45528
3.76865
4.70391
-2.28702
0.88762
3.02982
0.476615
-3.48245
-1.42509
5.67979
-2.77651
-1.47238
0.0455352
-1.83897
8.4819
-3.27898
-0.967298
7.92131
4.47615
-11.1405
-1.1927
-2.92413
2.42056
-0.439985
3.07059
5.27153
1.53587
4.673
-7.19992
0.454046
-2.69342
2.07621
1.38274
6.67306
0.109703
1.72275
1.64024
2.15892
1.95463
2.94901
-2.28172
3.24554
5.52514
-2.20204
-11.2808
4.46265
5.70281
9.08887
9.25857
4.01716
7.11445
-1.45785
-0.687723
8.52517
4.92351
3.89433
4.42128
1.83155
6.31268
2.15901
1.71731
3.11505
1.55731
-2.19355
2.63092
1.15695
-1.63429
5.34477
2.32901
3.4122
2.80811
7.61954
7.69921
1.50742
1.9722
1.15334
-0.768012
0.45109
-0.306719
0.680438
5.82636
5.45847
-2.71278
-2.95432
-3.20657
-5.39819
5.1082
1.82073
1.88163
2.08184
5.9638
0.859174
4.52786
-0.189822
4.19302
1.38348
3.2257
4.60416
1.76485
-1.9688
-5.36293
5.18485
6.58319
6.79261
4.76147
-9.97135
-9.84365
-0.0851762
-2.87901
-3.36743
2.43021
3.28789
-2.16676
1.13905
-1.16503
5.66288
-2.2546
0.521715
-3.58325
4.44394
-0.367033
4.74385
2.87004
2.79511
-4.3296
-0.18064
-0.431588
-8.47415
-0.559374
-1.40026
1.3743
2.75732
0.506596
7.88459
-2.22946
-8.46966
-16.3588
-5.44312
-0.417396
0.932154
7.43594
-6.24811
0.319526
1.3647
0.096728
5.31967
0.23444
0.191658
-0.686712
6.17584
2.29163
-6.56724
7.96026
4.73023
4.30678
5.60603
6.16781
-0.811721
-2.60403
0.378065
-6.88521
2.48505
-2.76239
1.28623
3.60451
-7.0283
-5.42222
1.21164
-1.91264
-0.631247
1.26146
7.77491
-1.27936
-3.61631
0.593179
-4.93332
6.17535
-3.40414
-15.4642
-5.60797
0.673254
-3.87022
6.91052
2.15641
-0.193875
5.91433
1.27308
3.08552
3.8905
-3.23469
-5.85151
-4.12977
1.55201
7.16824
4.71996
-0.761501
-0.158673
1.89517
-5.80017
1.3028
-2.80675
8.92596
2.38689
3.33447
9.32864
7.75045
-2.52797
2.1092
5.82436
7.84866
0.515473
8.23741
3.38929
-6.29735
-2.4685
-1.08664
-12.2606
1.93561
-1.57634
10.2528
1.27966
4.1124
-7.0215
-1.98043
5.90952
7.15255
1.55911
-1.56091
2.04029
0.140079
-1.25162
-4.08288
-3.00685
-9.31594
5.25276
9.6315
8.07202
-1.19083
-1.42096
3.82209
2.51099
5.4841
3.86011
-2.33849
-1.82706
1.91832
6.01
-6.29322
3.72946
0.544035
-0.945096
9.44942
7.11609
-6.02529
4.65837
4.81241
4.87086
-0.343163
-4.70094
-0.745805
-4.14518
1.3792
0.307748
-4.25965
-0.0465379
-5.85162
-1.28216
0.0429464
-6.18456
1.18887
3.70211
5.13904
1.46593
4.57196
0.028496
4.11564
2.70183
10.107
-3.96602
-2.97894
-2.65828
-5.02266
-1.42785
4.88256
0.53212
-4.68793
1.83492
7.56106
0.330979
6.16423
-2.65655
1.82558
-7.00743
-4.42244
-4.15773
2.50652
-3.03985
-6.26542
-3.31604
2.56168
8.28034
2.0831
4.49261
-2.09696
-8.14616
6.378
-3.27212
7.70022
-13.3521
9.82582
4.9023
3.0516
2.07357
0.205776
4.43199
6.10946
4.89778
-0.81935
4.76482
2.65983
5.32933
0.0663682
3.0195
-3.5117
5.73478
1.33372
-0.284566
9.58323
8.44587
-2.89377
-1.54587
5.23338
1.95947
7.82356
-5.35375
8.2652
-1.09311
2.36596
2.90765
0.242548
-0.168086
7.35835
-2.83661
-0.910922
2.3465
-6.89645
-10.5668
-4.2543
5.84596
-3.93879
5.60146
-7.31804
-1.16959
0.627909
-8.02497
-3.80444
3.85076
-1.16251
3.83683
7.70743
5.17706
-2.19569
8.07198
6.23457
-2.975
6.08098
4.42991
-0.538595
1.75055
7.15087
-0.27188
1.2902
0.770483
-2.73605
-2.49161
0.480019
3.41602
-0.0766689
1.64111
-8.10273
-4.68527
-3.81813
3.12225
2.42084
1.88152
-4.2627
-5.50896
1.61011
4.07737
-2.90906
2.07725
-4.87853
3.71202
1.67189
-4.03308
7.18763
-7.24011
-5.31266
10.0014
-0.988684
-1.64644
3.31769
-2.62162
7.24301
3.06397
-0.336621
-4.41242
4.45928
-1.79765
5.61609
4.68193
1.55794
-3.38162
2.02232
1.84208
-2.63575
-2.27149
-4.52421
5.43982
4.48854
-3.31149
-3.04597
-0.827244
4.5379
4.54944
4.60608
6.36758
6.57134
5.18483
3.50955
-0.0961102
-2.82681
1.28261
-10.8544
6.57576
-1.2782
10.834
2.20775
8.11656
-7.08629
4.57418
6.391
4.10222
3.91136
11.3916
3.70583
9.9005
4.60219
3.32134
-3.32347
1.23959
4.28601
6.36216
-2.84781
5.32188
-0.196141
5.14085
-6.25232
2.1237
3.03391
1.88736
4.40976
5.15502
-1.00726
-3.41017
-3.94837
4.67244
-1.49394
3.01431
0.0990531
-0.244289
4.44664
-2.13839
3.61125
6.70313
-1.22496
2.08802
3.03717
8.99204
1.85573
0.0264226
4.98678
-8.10167
-6.22959
13.1113
5.02853
3.29306
-1.49052
6.15588
5.75521
7.33464
3.66576
0.449612
4.1721
0.589696
0.555342
-0.803114
-1.06002
-0.00235891
2.47542
-2.65816
8.84858
-5.259
-0.665901
1.27034
1.2736
-0.443494
-1.85558
-0.249102
4.45322
0.681511
-1.66734
3.10356
9.85207
4.82979
6.6013
8.9036
3.07691
-2.41402
-4.53428
4.93493
-6.18263
1.39936
3.07265
1.00474
7.04459
0.0678728
6.44453
4.97216
1.27843
4.53469
1.00892
0.648069
-1.1785
2.28967
1.73406
4.90357
8.63234
3.9279
-4.37895
0.892057
2.83167
-3.14014
-0.866412
3.99406
-2.41918
-2.63885
2.44795
-3.14091
-4.52302
4.99894
-3.46371
8.24492
-6.27125
4.10253
2.73771
4.64154
2.5208
-0.53875
-2.61507
5.53286
5.77089
-8.74675
-0.667466
0.0355056
4.59659
-0.521114
0.388795
-1.46513
0.803179
-1.75026
4.94881
6.48709
7.48605
-2.93723
5.10506
5.80759
4.52756
-1.53096
4.36866
1.36685
2.07397
-3.17613
3.94859
0.552503
9.47946
2.47253
0.179107
0.654231
-14.8237
3.70335
0.225605
0.300699
-4.299
-3.5884
5.54429
0.910172
2.02761
3.73347
-4.6429
-1.0047
-4.05938
2.3188
1.42976
-4.79411
0.565017
2.85588
4.66472
-1.10091
-4.82599
0.0276675
-0.881104
2.86215
2.80432
0.508627
-3.25321
9.71783
4.27169
4.63214
-0.312823
-2.31179
8.68069
5.87672
0.419297
0.597275
3.35076
5.80996
4.8349
1.8857
-2.95134
-0.763711
6.23257
4.05462
-2.25172
-0.689794
7.98146
4.90591
-1.96157
-6.40314
1.56522
3.82861
-3.14576
-3.12382
-1.17761
3.39399
7.08488
6.53375
