-0.226897
-0.234469
-0.207306
-0.185545
-0.345863
-0.393351
-0.399639
-0.448488
-0.410311
-0.423314
-0.47655
-0.471178
-0.455281
-0.406159
-0.366466
-0.309928
-0.295264
-0.400686
-0.361706
-0.285343
-0.233725
-0.112563
-0.159444
-0.151585
-0.136308
-0.12358
-0.0513776
-0.0265292
0.0116883
0.0903843
0.105086
0.107299
0.117118
0.141912
0.101118
0.0610578
0.141024
0.111512
0.0473434
-0.0284181
0.0552685
0.0448482
0.024232
0.135983
0.138323
0.250496
0.279489
0.182089
0.242977
0.225442
0.181995
0.096638
0.037212
0.133781
0.158611
0.0375073
0.0776982
0.177115
0.119729
0.0880373
0.103115
-0.01449
0.0352676
0.0731568
0.0526936
0.0993782
0.0867274
0.155876
0.197237
0.195243
0.228224
0.254443
0.236872
0.247385
0.242125
0.24927
0.33731
0.320432
0.298827
0.228908
0.198864
0.232927
0.335606
0.318511
0.321245
0.372035
0.394369
0.361914
0.465191
0.488108
0.451122
0.39569
0.38978
0.287581
0.28097
0.308544
0.249124
0.172135
0.148048
0.102774
0.0783154
0.103509
0.0409955
0.108476
0.0380039
0.0457208
0.00222738
-0.010354
-0.175143
-0.118376
-0.152734
-0.175686
-0.0867184
0.0569805
-0.0234512
-0.0216974
0.114084
0.121137
0.0997419
0.0505977
-0.0064709
-0.0475806
-0.0228692
0.0768057
0.0126905
0.0208504
0.00798068
-0.0461377
-0.020309
-0.0562035
-0.139144
-0.0141452
0.0356707
-0.038181
-0.147106
-0.122481
-0.0875421
-0.0488966
-0.137432
-0.0640308
0.0131949
-0.0297134
-0.0953625
-0.0816745
-0.0928583
-0.0495427
-0.081672
-0.11331
-0.0718921
-0.0018826
-0.0588517
-0.074538
-0.090827
-0.0789397
-0.0725721
-0.0458959
0.00542253
0.0676527
0.0447391
-0.063225
-0.0786754
-0.0731408
-0.101602
-0.143749
-0.170871
-0.166726
-0.192936
-0.150713
-0.205003
-0.145723
-0.124822
-0.135653
-0.142362
-0.151239
-0.0979462
-0.0732459
-0.112844
-0.0871206
-0.00385014
-0.00838245
-0.0615069
0.0207399
-0.0909031
-0.18328
-0.188526
-0.130884
-0.263316
-0.142585
-0.159434
-0.15386
-0.199557
-0.155221
-0.113826
-0.0870677
-0.141041
-0.148036
-0.160533
-0.193195
-0.202902
-0.241076
-0.207057
-0.189811
-0.150932
-0.145197
-0.209481
-0.324726
-0.343101
-0.331408
-0.298528
-0.248547
-0.2077
-0.0712911
0.0381357
0.0217622
0.0480432
-0.0249247
-0.0898246
0.0297765
-0.0017511
-0.000494835
-0.042361
0.0417372
0.0885532
0.0705303
0.014173
-0.0283917
-0.0329604
-0.0791246
-0.0957378
-0.145052
-0.205406
-0.195988
-0.154008
-0.155964
-0.106995
-0.0258216
0.0589291
0.0391023
-0.0560714
-0.0113878
0.0400619
0.061037
0.0706456
0.11201
0.135481
0.129444
0.128573
0.109182
0.113314
0.121823
0.216644
0.0908153
0.0752059
0.0632826
0.088555
0.262309
0.277025
0.305862
0.206822
0.0560283
0.0315754
-0.0492957
0.0307948
-0.00949593
-0.00061557
0.0416821
-0.00284392
-0.0838051
-0.0767394
-0.127059
-0.0284014
-0.0486634
-0.0496872
-0.15457
-0.221706
-0.127714
-0.168494
-0.0864081
-0.151516
-0.151516
