0.417289
0.410385
0.452075
0.313099
0.272829
0.128071
0.0680602
0.0323783
0.125413
0.164623
0.237024
0.336018
0.389757
0.359965
0.378193
0.333645
0.234804
0.234448
0.232446
0.222642
0.246386
0.282539
0.398257
0.378342
0.346056
0.264345
0.149123
0.141934
0.0593527
0.165128
0.0997679
0.108315
0.0849482
0.0743585
0.0125161
-0.0504623
-0.0538591
0.067414
0.108012
0.0322443
0.0808022
0.0855229
-0.0141855
0.122888
0.253714
0.35143
0.348369
0.29884
0.302833
0.295904
0.382694
0.294144
0.257875
0.205894
0.172808
0.202199
0.165193
-0.0373863
-0.0907175
-0.159014
-0.2419
-0.354997
-0.290047
-0.349208
-0.362145
-0.318919
-0.331253
-0.333234
-0.146924
-0.0566836
-0.130151
-0.0529525
-0.0681073
-0.140334
-0.276115
-0.225101
-0.308893
-0.296411
-0.43427
-0.3675
-0.323483
-0.244733
-0.286838
-0.259927
-0.264224
-0.272474
-0.23093
-0.162568
-0.113846
-0.0415648
-0.0799392
0.00359417
0.16584
0.161426
0.219128
0.241326
0.251935
0.276646
0.195423
0.365999
0.392655
0.433282
0.445149
0.441223
0.505698
0.427783
0.335161
0.311351
0.368208
0.388912
0.344615
0.374611
0.348887
0.296171
0.281471
0.245529
0.253582
0.35992
0.367006
0.298627
0.160094
0.083384
0.0103472
-0.0249664
-0.0290434
-0.0500746
-0.0375837
-0.0486176
0.0321122
-0.141725
-0.261783
-0.121594
-0.167894
-0.177055
-0.280884
-0.206673
-0.191269
-0.0378152
-0.0812082
-0.0897318
-0.152291
-0.0719615
-0.0167795
0.0424659
-0.0492979
-0.0281072
-0.0546947
-0.0763646
-0.125734
-0.204417
-0.159958
-0.0515529
0.0415081
0.0809168
0.122194
0.0526577
0.0159819
0.055787
0.109462
-0.0113543
0.0214509
-0.0552408
-0.0962571
-0.0524428
-0.128658
-0.0383683
-0.146007
-0.0459201
-0.0164272
0.0414061
0.181251
0.189593
0.212452
0.193714
0.266604
0.213683
0.293022
0.330428
0.32141
0.31457
0.370467
0.36852
0.314591
0.281757
0.24354
0.2802
0.295372
0.358463
0.464046
0.450699
0.381669
0.348346
0.281295
0.239108
0.262935
0.192146
0.23622
0.392922
0.487805
0.514145
