-42.0211
11.5705
18.5091
5.32397
8.74536
-12.6165
27.9995
-11.0797
8.05451
-31.0705
6.80641
-10.345
1.97552
10.6954
-18.9932
-2.43847
1.89596
-7.58485
14.2276
-1.04931
8.4855
0.33154
-46.7708
-14.1947
2.81813
1.99341
2.72152
7.69214
13.5723
-13.5908
-22.863
15.635
2.96444
17.1769
-2.28765
4.08463
13.6007
-4.50558
8.35426
-5.70397
-0.251438
-0.998399
12.0031
2.40382
6.40058
-2.35336
22.1128
7.60675
6.30401
19.1301
2.91328
-11.9838
9.45604
-22.796
18.3717
-20.336
-15.967
0.145218
0.870327
-16.0625
13.7504
-11.7946
18.4171
-5.84636
-14.5883
-16.4422
7.68927
22.9288
-3.10072
2.60831
-29.1555
-23.2388
10.5372
10.5919
-3.59576
-7.56985
-19.0117
-8.16304
-33.4366
8.18195
7.57225
-2.76093
15.3875
-27.8274
7.03862
9.49571
12.1833
-10.8217
6.71497
2.92415
-7.38147
-15.0799
6.48719
4.22483
10.1016
-5.19315
-2.67754
-18.4742
17.6
-12.1837
8.81216
12.6095
-24.0891
-27.121
11.1863
0.267539
5.18616
11.5856
-0.177419
-10.2827
24.3964
-13.8483
-8.56573
-19.2594
-1.63212
-1.02345
28.8362
-9.06154
3.63122
-0.797354
-5.64192
3.77408
5.7898
-4.74678
5.68838
-7.91811
4.93582
-17.5096
23.0263
-0.173379
-25.9745
-4.26772
17.3595
8.46029
-0.549632
-0.465627
0.0867764
15.5136
1.99166
-29.6541
22.803
-9.50826
1.45167
16.2119
-11.7733
12.8532
-16.7337
-16.0201
2.87725
-31.0499
-12.8564
-5.53057
2.13
-2.61826
-5.32471
-7.22179
-6.19905
-12.8576
18.9446
-12.1611
-0.318337
4.73115
-15.3635
-2.37957
5.87995
-22.5138
-14.0699
14.006
-4.70874
5.25696
-5.46498
-29.5194
1.93745
-4.93314
4.55998
2.9302
-10.2673
-12.9719
2.85672
18.6007
-3.15777
-11.2245
11.2314
6.00633
16.0899
-22.4898
9.1384
-4.03978
2.968
13.1397
-30.7523
9.17
-5.00868
17.9734
3.56819
-31.5941
3.37867
19.4141
7.6709
-1.84814
0.302466
-6.24099
-23.0562
-14.3366
13.3281
-20.6956
-14.6858
16.9678
6.48779
-10.9067
-24.2121
4.25654
-20.6751
-12.177
8.2521
20.598
25.2346
-1.12798
-22.6704
31.1761
-40.1995
3.99648
-12.9297
1.9455
-19.7682
-9.92991
3.53312
-20.927
-26.8339
7.62271
-8.86266
-3.57481
-3.44762
14.8925
-23.0668
1.83687
-2.28776
0.730468
5.47084
0.931132
2.97258
1.86518
-8.38475
-0.338764
-15.1823
0.782793
-16.7253
-37.1277
3.53427
-12.7823
-29.4537
-22.382
6.58937
-30.9152
-17.7617
-5.49238
1.44985
6.95201
7.1585
6.57212
-2.4026
-13.5311
-0.764931
10.5811
-8.87732
-8.37084
4.56519
6.33567
3.44678
11.0197
-23.397
-8.59582
-11.0633
1.7238
-4.54455
-16.7461
-26.1823
10.378
13.5731
-21.965
-19.4247
-7.0976
8.27502
-10.6556
4.39906
10.9479
-10.0786
-9.66278
8.97952
10.9958
-7.15921
-11.6753
2.82196
4.58705
-4.94142
3.20298
7.27791
5.17738
19.414
-11.9881
-11.6455
16.5234
17.9552
-6.17712
2.28255
-8.92922
-2.92158
1.98865
-8.75468
9.26423
1.66376
2.23278
-0.23963
-30.46
-13.5662
-20.7014
-8.11872
16.5058
33.9211
-26.8752
-18.1825
-14.1036
1.63022
26.9771
25.4722
6.25137
-4.56228
-7.99441
-10.2154
-14.5506
18.7715
-22.2681
8.00158
-6.28319
-8.85038
-10.2701
19.7307
-9.13943
19.981
-1.79007
-13.6969
11.8484
-2.72424
11.7817
-19.7057
12.4759
-1.27188
-9.62322
-14.8244
24.1639
-8.90204
-19.1583
8.56935
-10.4128
-7.8207
-11.5436
-28.107
-11.8355
9.8457
-13.1785
-14.0346
-7.26355
-37.4426
-1.14198
2.43817
15.8665
-28.2447
-18.1761
-13.7733
1.07553
0.893766
8.47527
7.36594
-7.2972
28.7382
15.4691
-11.7588
-7.3248
-20.5909
-8.83703
10.7387
24.5738
15.2448
-8.14415
14.2562
8.75382
2.52932
-21.6232
20.8951
10.3945
0.719972
14.7785
-10.6933
-5.88248
-27.9574
8.26688
-0.473296
22.458
9.21589
2.93675
6.72881
-4.76745
-0.134556
0.921967
14.6544
14.4865
5.30601
1.51248
-29.3032
-27.961
28.4312
-1.25382
-13.704
4.03402
10.2116
11.9337
11.6404
4.776
5.89367
-9.60229
20.7748
-17.5067
-9.06865
-1.22545
8.20997
20.1842
14.888
3.97252
-3.53958
21.52
35.7098
9.63722
-0.163828
0.043243
11.2771
7.76233
-17.5342
15.2993
-6.97427
16.8253
30.1578
15.7283
-12.2809
9.00656
-11.6887
-3.97256
-0.950606
-18.8685
-20.6315
1.07863
5.20832
10.211
7.77382
-11.0654
3.92698
35.048
-20.4208
-5.01284
25.4777
17.4228
-10.6872
-1.76962
-10.9419
1.36333
-13.5321
-0.227087
-7.94474
9.36912
5.5627
-2.49488
18.9353
21.409
6.44885
-13.8445
-20.3245
-0.0563566
-22.2756
-9.64675
-19.3536
-15.4739
10.6517
-15.7544
24.3498
9.60076
-3.33553
-4.53374
0.862938
-24.5918
12.9725
-6.47345
-3.83046
-1.65912
15.1877
27.7838
1.48859
9.09604
-4.56996
-14.6312
-4.57896
3.53283
-4.9362
9.35818
6.8591
-17.5575
-14.1589
-34.4154
-3.86557
8.00422
1.46614
-13.0254
-9.36922
-4.20825
-13.5411
-3.12964
25.8153
-44.9487
-0.538195
-7.28516
17.5722
3.46654
-7.98524
-12.4367
7.68188
-2.68085
-11.0324
16.9003
-15.5956
-11.5256
6.2891
22.0886
11.62
-9.70471
-6.6972
-0.971152
4.44099
20.8387
15.7349
14.9329
4.75087
-3.72914
15.5199
7.10387
3.52478
-2.81773
-32.3533
11.0117
17.1539
0.437199
12.2405
5.22573
30.2448
19.5508
28.4258
-7.49834
-0.957621
8.21068
-21.9717
-7.67916
9.13389
22.4261
-18.1695
11.7853
9.83768
-24.1122
-8.66692
11.3297
19.9837
-22.6234
-15.2204
0.585798
13.0077
18.7068
16.8076
-5.55786
-15.799
-18.0295
16.4625
17.3489
-9.54038
-6.00349
10.4768
8.96284
34.761
17.6368
16.8196
-5.26859
20.3004
-2.09771
21.9278
-17.7721
2.56062
19.1283
-31.6773
-0.702156
11.1114
3.41127
6.71911
31.317
-17.1037
-5.50038
-17.219
4.61346
-0.79644
-1.11407
-13.4116
-16.9055
-2.44856
-6.4807
22.5319
18.7431
5.53588
-1.27892
0.581582
-37.0823
-18.8267
-6.52035
-0.924476
6.91192
-13.8098
-34.5992
-0.0202626
-19.9508
-12.7247
5.60017
-1.11488
-18.3714
5.89318
24.8908
-12.5053
10.8465
24.8686
10.2293
1.12951
-2.88354
-8.25338
-15.9342
9.72276
-2.51983
6.24696
-15.8845
21.8792
-0.284419
6.17421
4.48448
10.197
-13.3774
21.1921
-1.16074
8.66673
5.07409
2.71797
3.71867
6.03762
1.32837
17.7056
-3.26455
3.55563
-6.55827
-2.64725
1.97506
-10.1188
-6.22287
-19.8696
-11.1408
5.05344
27.7051
6.30048
0.535607
-30.366
-10.1376
7.22823
9.63122
3.98927
-2.48108
8.85666
25.6476
14.8373
-0.798491
14.9019
-0.555048
-46.7804
-15.2352
4.03243
-0.18688
11.525
-18.3743
-22.3058
0.016773
9.4102
7.16064
0.622788
7.74818
-8.12598
-18.6176
-24.9521
-0.871493
4.66875
2.52444
7.17009
17.2779
-18.1221
-25.9045
5.69851
-19.5541
3.34763
-5.90988
9.83677
-15.3839
-2.42135
-0.864581
8.2853
-2.91341
-13.9579
-12.0022
43.3291
0.983249
-17.772
4.38303
7.74002
2.97468
11.8625
33.0644
21.3747
-25.6502
10.829
17.5398
11.4447
9.64458
-11.1568
20.2115
-8.77677
18.2444
-20.4758
8.9566
-2.51549
-3.96161
13.5031
5.6733
-21.7164
4.65891
8.25592
-9.80732
-22.9443
15.2011
21.626
21.2475
5.59646
16.9587
9.20605
5.89282
-14.4025
-10.0846
-14.7657
8.43863
-14.084
-11.2122
-2.04661
-10.5832
14.7521
-9.21439
-21.3299
-1.85377
-19.9358
19.54
1.1968
8.43862
-17.8679
32.6408
-4.7623
-13.8442
-6.99494
-14.5993
-11.4125
-20.724
7.65061
-4.93247
7.3977
-0.497245
12.941
8.4113
-14.4004
-20.2711
3.07835
0.0653758
19.5312
10.5048
-0.31507
5.80552
-1.9447
7.26227
12.5366
-4.01619
3.98387
3.54509
7.09607
3.63321
6.01348
-13.2232
13.2622
-5.59858
-5.55394
12.8133
-15.2176
4.98403
-5.60468
-2.59172
19.6948
5.98618
-4.2493
-11.3775
-5.61234
-19.4578
-19.2098
-11.956
-27.7703
-9.15425
-7.03385
-4.21924
-18.8036
-41.3014
18.3625
-1.88917
0.745492
-8.55989
5.4291
-15.8397
13.2577
17.4513
26.6911
-5.60691
8.89658
21.4802
-18.7682
-4.93853
1.51726
3.80944
3.42167
18.9865
-3.91824
4.12725
-23.4804
18.8456
10.1738
-2.92048
11.5078
17.1652
10.6266
-4.71016
-8.97383
-25.1681
6.108
1.33259
17.6049
4.6681
9.92646
-19.9235
-2.46696
-6.16497
-7.45889
10.7673
0.0562261
-27.3285
4.60297
-14.0622
-1.70527
12.675
-42.7763
16.9401
-1.39127
10.7628
-17.8663
0.660885
-19.9917
-11.5436
-1.92131
31.8518
0.0266653
-31.1823
-13.9615
1.02092
21.9393
14.3236
-35.895
-4.85774
-7.22329
19.0413
20.0397
8.0889
15.5449
-25.4566
1.63179
0.901914
1.94123
2.96248
-19.3651
-27.9694
1.39044
-1.88184
-1.18312
-21.4463
1.75233
5.18626
-0.621254
-1.68846
39.2198
-22.2625
-2.94186
-2.49761
-33.2293
16.8607
4.93208
7.50575
-3.6084
6.881
0.0504918
-18.4018
-12.6427
17.4018
10.4876
-2.467
-2.36405
-16.8586
33.0327
-15.8851
-21.4042
6.57564
-20.3675
14.0477
11.6588
-31.3709
0.547202
6.31994
-36.652
7.10743
-22.3427
-9.54227
-5.72117
6.16498
6.07831
-6.9177
22.9245
10.844
-13.0983
-4.08573
2.01479
4.79613
15.3006
14.7168
3.13847
-6.53449
2.57819
-26.0566
-0.0143539
0.579584
6.38529
15.552
-2.58178
9.30398
3.65393
5.91775
-18.6819
5.3402
-9.83595
3.15086
-14.143
-15.9143
4.90153
-7.49015
27.9933
-24.063
16.8839
9.33151
-30.3279
14.9955
4.00856
0.850655
-7.00312
-30.9615
1.46853
2.2628
-18.3731
-9.70499
-15.1246
-6.00575
19.1094
0.736265
16.1387
12.8374
-0.655217
-19.9121
-10.848
-17.8273
-25.5153
-17.2724
9.8033
-1.78414
-11.6774
-5.12171
-5.4001
13.4146
7.39737
-5.44239
-8.16337
7.45221
-6.11307
-13.0843
11.7578
-24.7082
7.24291
1.48839
-19.1456
8.92417
-4.2916
-18.4592
6.08768
-3.05356
30.0412
0.057207
22.0104
22.888
10.8034
-17.7554
2.54936
6.38621
-5.83083
-6.68072
-6.03429
4.64937
-4.81582
22.3744
6.31369
-16.3051
8.39178
-26.7874
0.857538
-1.66021
-2.2677
-11.43
11.6831
-9.54691
-11.5004
1.77118
-9.55408
-4.8423
-24.8947
13.1491
-21.8986
9.95892
-1.65875
-17.056
-15.4201
4.25663
-24.2688
8.32261
14.0764
10.6056
25.0669
13.9717
-3.82126
12.6776
-9.4708
18.5099
-5.11968
17.6523
-11.4882
-19.9534
21.5447
-29.121
8.86382
-4.67341
-32.9754
2.83596
-16.024
11.3386
0.551894
-1.41946
13.5686
8.27117
18.8723
17.6471
-3.49294
-4.55971
2.48169
-7.89025
1.3853
33.6703
13.506
8.59827
14.5308
2.01493
-3.37036
5.37825
-12.8159
3.62016
13.1882
28.159
-2.2335
-2.07944
-22.3621
-6.94232
-4.75908
8.82935
11.4235
13.8326
-7.84443
6.42705
13.3187
6.03764
-13.3006
22.5399
23.5871
-13.0689
-4.77439
10.2963
-26.3517
6.34718
-11.1834
0.559575
-12.193
13.1711
-20.2985
26.3755
-21.4966
6.02809
5.28067
5.10951
22.7551
-2.50412
25.2988
10.3945
-11.9541
-10.8926
8.8543
18.0296
-5.76002
8.4195
16.301
15.0199
11.7466
13.0713
2.39945
2.08939
-1.39329
14.0751
22.6379
-13.2913
2.68152
16.1357
10.6748
17.6474
31.6439
1.16338
-21.6287
-4.56371
-3.26524
11.2491
10.2539
3.1438
24.8577
8.53228
17.0387
7.12277
21.3847
1.747
0.907835
13.2043
-3.6132
-10.2005
-13.6364
24.9768
-24.8501
-30.5431
-6.45733
-8.13393
-16.7471
16.8336
16.8663
-0.267738
-3.70904
-7.10279
-5.84431
-10.3888
-12.7452
18.0286
0.0642941
-19.259
-3.85153
15.5684
3.34697
27.6492
-3.82413
2.30856
6.00742
-21.5961
-2.02039
3.19791
-8.48484
-2.97242
14.779
13.784
8.51947
-35.2192
-4.92895
-0.948239
-10.4325
-8.63259
-4.02965
-8.77911
7.67884
3.10321
-34.4834
-10.7896
-9.56716
-5.21151
-2.15341
15.4496
1.51225
7.8095
1.9125
-30.7874
-29.6803
-5.29837
10.8788
16.2526
-15.4071
0.962509
8.71165
-17.7385
3.65106
-14.5778
-8.71522
15.0136
6.70123
1.59287
32.3371
7.77024
12.4959
-0.570859
-21.8883
-18.2825
0.338219
-3.37879
1.08558
18.8341
4.61333
-4.02629
8.29431
20.4822
-6.5718
-1.67957
4.14151
-0.664832
20.8033
16.8651
4.29901
23.032
5.86142
19.0281
31.2833
3.11985
15.0868
19.5281
31.501
-25.9527
1.13892
6.00418
-21.6563
24.1294
-0.624586
11.6094
14.05
10.3736
29.8764
-11.4283
9.24466
20.412
25.1737
1.85093
-0.601678
-11.0692
-16.5242
12.3077
-21.4448
-8.34227
-8.83198
26.0649
3.18435
-13.2595
10.5124
6.72169
6.2932
8.90341
-6.97683
-28.3604
-4.11384
22.6563
23.4405
16.975
-25.9625
13.0524
5.75211
-3.24569
-1.81685
-10.4335
1.89003
-16.0224
8.39852
1.99854
5.74439
34.0219
-18.5472
17.3887
6.36161
-26.4355
21.2387
-11.2851
13.929
16.7399
7.67666
2.88718
-11.7457
8.69772
12.6235
1.5919
8.54658
-6.30012
2.64775
22.2973
0.197225
-0.174314
1.68914
-3.88926
-10.1955
-23.5375
3.62283
19.1283
-0.292484
6.27297
16.1285
12.2759
6.74142
-5.85031
6.63428
-2.30485
16.0178
-4.88489
4.54974
14.0043
16.6296
-20.5536
12.1295
27.0568
-0.258563
2.37555
-3.85438
-22.8772
9.18366
-5.3346
37.0346
9.65603
17.2786
-14.9857
5.01811
2.27803
8.30723
4.61175
9.36871
-18.6604
20.3204
2.01741
1.92862
6.04703
12.0109
4.85515
14.3552
26.5768
-4.38546
-7.82257
0.17092
6.63333
9.56121
11.9365
7.75726
5.62749
-18.0697
-13.5339
6.42256
-4.55484
0.927412
-23.3883
4.28696
17.0281
-30.1721
-15.0311
3.00154
7.21285
-1.926
17.5235
17.8742
21.8098
3.35991
0.837918
7.37922
-25.4462
21.6132
5.22558
-22.8869
-31.4783
-18.7164
3.01222
13.3929
15.7489
20.6486
-5.72206
22.2433
-13.3517
4.99601
6.34432
11.2303
15.7099
18.06
-8.92099
1.2363
8.08159
7.66127
6.81068
1.14179
22.4252
-9.47544
-3.45457
16.1979
-15.2046
-0.344721
-13.7396
-26.1775
3.86759
-4.19562
4.24073
22.0521
-0.563507
-9.62761
13.5661
-5.86123
-8.78637
-0.17287
5.50688
-14.7934
13.3316
-25.6771
5.97498
21.1406
-7.2369
15.3887
18.3677
9.16488
-12.0128
4.2419
16.5497
-33.4345
11.4796
-15.3172
9.94803
-29.908
-10.8507
-13.058
-8.81056
-8.39051
13.1973
-36.4707
-2.14657
14.7607
24.5623
-17.1005
-9.26776
-25.2176
1.83463
9.64463
-31.6012
-3.95256
-1.31042
14.809
13.211
-32.1484
-9.16839
-7.81011
-35.5363
15.779
18.5953
12.9204
-11.4047
-11.8095
4.84756
12.7256
35.1271
-1.8104
6.52537
-8.84688
5.96725
24.7196
4.16902
19.5354
37.2758
-3.4776
-2.92931
17.486
3.11471
-1.11141
13.4046
5.1162
2.54027
13.7489
-14.482
25.5899
10.4298
0.0511914
11.6188
12.0102
20.156
-25.8799
-12.0703
-12.2618
-14.3105
-2.26065
-7.01837
-5.00833
5.12115
-12.5253
-6.79382
-11.975
-12.6319
-2.66242
19.1298
11.1399
5.73976
6.88787
10.9132
2.61061
21.7811
2.19612
-23.859
10.1502
-2.02704
16.0043
-3.93423
-5.54053
8.85756
6.53477
-8.02168
8.86714
12.322
13.4694
12.7586
-16.0896
-26.9707
-13.7243
8.80379
10.4138
-4.03891
17.528
1.43519
13.4068
-16.4478
-1.82874
-12.2498
14.0125
-3.15395
9.65188
-1.71523
5.72934
-7.06276
19.6825
9.72266
-29.5385
-29.2961
-5.84281
2.31399
-6.54235
-4.66986
-6.45338
-24.2963
13.8883
14.6449
25.3113
-1.57691
7.74415
-16.1549
-14.0531
-9.524
-12.8051
-3.44015
27.9497
-21.2105
-10.1416
4.12327
12.4198
11.0974
19.7391
23.873
5.05958
-2.3035
-0.303219
3.28378
-4.70374
6.63126
10.7138
8.3588
-12.0485
16.7086
15.6303
-11.8788
5.87409
-2.07687
-2.28383
19.0699
23.6277
4.02988
24.0515
5.65453
10.5261
-1.75534
-10.0734
3.25283
9.01385
0.19325
21.0517
17.7691
17.4372
3.3754
13.9936
-23.9068
3.17522
7.5742
-5.70576
12.7544
10.4071
-4.09007
16.8972
-13
-4.02212
-12.1081
7.40435
-13.395
-0.59957
22.032
-1.96549
-0.332151
14.4257
27.5786
21.1896
15.2788
9.96333
17.9884
14.1461
-22.1335
6.07433
-6.82289
-13.0277
-28.755
23.134
6.33896
12.4787
-10.7828
-22.8773
-0.523382
19.29
-19.9127
26.5764
-2.36235
18.5627
-5.68861
3.165
-12.8316
2.85751
-6.16026
9.27868
-5.4255
-7.18592
4.41878
11.9235
-2.50034
-11.2682
6.42197
2.83376
26.8264
12.874
11.7156
-1.85577
-11.1008
16.1325
-4.08102
1.26967
-20.5848
17.998
-9.99941
10.5595
13.6709
-7.92574
2.96138
11.4767
-3.81453
1.23662
-18.2035
-26.4212
-10.7304
-3.98866
12.0325
-4.43314
-7.95891
-16.8774
10.8418
0.319472
0.368189
5.2014
-8.13266
1.07213
21.6716
-28.8332
-2.78508
4.06417
-1.20924
6.15614
-13.8522
-22.2378
-3.04122
1.5736
11.0788
4.03024
6.49372
12.7476
-19.6621
13.0092
3.61464
3.78174
-5.98151
4.72409
2.5568
-16.0716
8.49964
10.1994
2.2634
-11.9544
-0.301264
-7.05098
-0.235318
-34.4979
-5.16126
-13.2988
-15.2253
-16.0341
-40.2059
1.79371
2.3626
-11.1193
18.3628
16.4646
9.78232
14.9624
26.9575
22.7649
6.20247
24.834
-8.0029
5.33889
-6.00035
10.2326
6.75729
8.39079
12.4132
-1.65348
-4.25104
6.19639
4.93744
-14.5636
12.4708
10.8039
-3.74597
19.3118
9.32396
-5.76922
2.43604
-30.2853
3.55823
13.1963
-11.2976
6.65961
4.05192
-18.4701
17.2171
4.4917
18.232
-9.01452
-3.97454
-5.6027
-3.51546
-26.6358
-23.5066
5.81189
-10.4038
13.5309
-10.7983
8.00298
-2.46174
-17.0617
21.6658
-36.4641
14.2494
19.5578
-23.8288
-3.69914
-0.629658
23.0948
2.75069
-6.74443
14.8661
-3.35462
22.1012
-1.25583
14.313
3.63786
-14.4857
26.04
-0.360363
-4.36568
32.8474
-17.6037
2.17002
2.40147
9.21112
12.1402
-8.03225
8.21377
-12.0091
-25.9231
13.8755
-32.8547
21.7788
-10.4337
-6.75629
20.3737
-7.54475
-10.4623
-28.8928
-2.89713
16.0582
7.19219
18.4882
-6.49983
-48.6222
7.95417
-10.6282
9.75824
28.0805
6.9318
20.9413
-8.33799
11.4416
8.25352
-7.40058
-18.4517
31.5937
17.1929
7.18356
12.4275
4.7582
-11.9722
30.7356
8.72066
-21.579
16.0739
-2.53775
-3.14569
30.2691
22.2732
4.88989
-17.2124
8.10313
-13.7792
-10.573
27.0189
7.57348
14.3922
-7.92673
0.683973
-23.1797
-4.48309
25.5078
8.80663
-29.2214
-21.3106
7.5735
-1.48671
-20.8733
21.7723
-24.224
11.7058
10.4614
11.2661
19.4379
14.2447
5.71332
2.13432
15.5938
-1.6036
1.7778
43.6366
-13.2107
5.37298
14.8189
-22.5847
7.94233
4.20752
24.6097
15.8945
17.097
17.3491
-11.2467
6.86381
12.0587
14.744
24.963
-11.6823
-9.40627
3.38079
18.4209
5.81071
0.380689
15.1136
4.52102
-3.40602
6.22644
-4.21634
32.0049
2.69206
-10.369
4.56985
7.08006
-4.56404
10.2597
-5.97604
2.23462
5.22809
17.2502
36.6392
-32.1761
25.8051
5.08181
-17.2338
-0.709838
-17.1436
20.0476
11.9314
-16.4064
21.8969
-25.4954
2.88021
-10.4914
-15.6937
10.7906
4.28644
20.5436
-11.2832
-6.73569
19.0491
3.67726
-10.5016
-4.29988
-38.9451
4.9294
-4.18023
-4.37035
-1.86065
-0.696263
-1.04361
-19.1207
13.8756
-3.28435
-34.1738
2.44953
-5.79002
21.1118
-7.22495
17.2556
-5.80664
14.5778
-33.6067
0.532003
8.60629
-7.33019
11.2878
6.46793
5.7514
2.64294
-24.1323
6.48811
-11.4166
7.19463
-9.58986
-11.9283
-9.93807
11.7149
16.3351
0.209599
13.4374
10.066
6.73645
-7.1947
-5.30801
4.60835
-13.5874
11.7534
20.6589
-39.4028
1.20857
15.6762
9.12693
-3.79467
5.71549
-20.5843
-21.6244
-22.9419
-19.7875
12.7743
0.778826
5.31795
2.1082
-7.65614
13.3014
-9.41339
29.4265
21.5349
2.80735
10.6534
13.0048
-15.8158
15.5998
9.80426
5.65485
11.3111
17.3414
15.1333
-12.3164
-4.30742
-21.4793
7.69326
1.52985
-11.2951
-34.553
9.24493
12.0147
-10.1182
7.78461
-2.79747
8.95145
-9.10738
-8.16935
-8.32018
-1.20876
-14.9917
-21.2971
-5.98495
-6.08492
-6.72881
5.25597
-25.3572
6.72839
8.82816
1.33991
14.2101
10.7899
8.35655
12.4628
-5.2022
-7.27881
-20.4775
-3.25439
11.5144
-8.3936
-11.494
-9.50571
31.5723
13.7508
22.3516
9.46506
-8.87569
3.71691
26.0903
-5.87745
-27.877
26.5925
-42.3986
-1.27193
-11.2741
-2.10079
-17.8831
17.6973
-27.4209
-8.46087
-2.06176
-16.1758
19.471
-2.75419
-30.7157
2.66178
-13.1079
3.96037
15.6142
24.2194
6.31607
28.4927
12.8531
23.0023
-19.0227
15.2308
-9.30462
3.85652
-14.6504
-13.3818
19.8767
11.6045
22.144
8.15168
4.95595
-49.9393
-5.28324
16.6734
-0.648583
7.57045
-30.5244
-17.9579
6.82845
9.1807
-2.43821
12.9043
24.1367
5.43555
0.00642485
7.01811
-2.48468
1.51249
-6.63859
-14.7968
11.2451
11.7898
-26.0501
6.9985
27.0624
14.1826
-17.4844
3.06386
6.60761
35.5658
29.6113
-1.48388
-6.5551
9.50674
10.906
-10.2456
21.012
-0.198121
-32.9866
18.5389
6.71354
-27.312
0.856466
0.749257
20.2226
10.9366
-26.7836
2.48609
6.76878
-10.7093
-21.7818
-0.573253
-11.7285
-16.9034
-16.5299
-0.0144108
-11.5847
13.6733
-0.84137
4.23976
1.10562
15.2459
-7.42045
-3.54107
5.0014
-23.302
15.0086
9.80881
8.86469
3.155
3.33742
-1.71148
8.12562
5.78864
34.5716
-32.3091
-11.9334
-17.2543
12.6089
-9.14255
-13.4263
27.8079
-16.0276
-12.6469
1.30396
27.663
3.73429
9.13063
4.78987
12.4976
-6.19983
2.24623
3.05524
-7.72216
6.31702
8.45225
-15.8011
0.334544
35.2481
-6.97537
9.57651
22.7989
14.9067
3.89408
-10.0209
-20.3294
21.2808
-0.678874
-18.4196
6.00512
-5.55074
-5.69025
-7.91196
10.0168
-15.3076
16.4443
-21.3532
-4.53473
-2.38652
-14.4156
13.6873
17.9247
-0.444213
-13.3726
-6.40725
-15.1481
6.29036
7.38667
-37.1047
15.6111
23.0553
-8.70359
31.3078
7.50314
3.94628
1.90438
19.5958
8.85853
-18.0052
0.101311
28.6196
5.58321
13.6887
1.9802
-7.52515
12.7908
4.37042
-28.2427
-8.33747
-18.0442
-1.94927
-18.6027
5.95413
20.106
-1.0837
-22.3747
-7.10223
7.26343
-3.72096
1.0151
9.59671
1.75384
-19.6044
-0.255377
9.11802
26.4067
-8.21555
-7.15228
24.7154
17.9752
13.403
2.01033
-9.86695
-31.1186
-17.9716
18.944
24.065
-1.35908
-6.79931
-1.30206
14.4311
-8.76546
10.745
1.13323
30.5755
-1.36365
-5.14121
6.23261
38.5229
36.8351
-4.53076
12.7663
-10.2142
26.43
25.6066
3.08925
4.41663
11.4697
0.0744786
8.02621
7.18887
-12.0997
20.9761
-3.87353
14.6795
-4.53213
12.6794
21.715
-18.7474
-13.7872
-6.11334
4.13204
-5.39221
12.7349
8.66231
-20.4137
-23.5085
-3.14817
2.26466
-16.1058
6.35442
-3.10144
-10.1693
-4.23449
3.68902
-2.99496
0.372297
-15.7381
13.4649
4.22042
-12.1337
8.88256
-9.69674
-8.58524
9.4062
-2.85771
18.3416
16.9541
19.0503
4.60207
-8.28315
-3.83433
-13.332
0.211137
-14.223
12.6395
-1.0145
6.47854
-6.77254
10.6638
-7.28685
-11.8742
19.7704
-9.5304
5.28677
13.0871
3.0863
12.3511
6.90846
-12.4169
-3.05819
6.29899
-20.5746
-1.6449
-29.6619
-3.0846
-7.63236
-17.8786
11.3507
-22.4892
-22.6309
3.35044
1.98648
-11.9461
16.731
31.988
-3.31123
0.255317
-15.4154
-7.24557
-15.175
1.98754
-0.745448
-2.1108
-4.54617
-7.94472
25.4378
1.95503
8.87195
5.19191
6.96128
-0.570702
7.60789
-25.0777
-11.556
2.11512
-1.06018
12.9273
13.0284
11.9384
-9.03556
-8.74192
-11.1326
-11.1723
1.53694
-23.2427
-8.15558
38.3331
-6.4644
-5.05062
31.3187
5.91951
-20.4325
14.6186
-2.63011
-0.377121
-6.52655
-5.97893
-1.8979
-22.8908
-18.0872
-14.2976
-4.42454
11.6865
-1.99014
-27.8231
-31.2369
-14.1714
4.08555
6.18434
-0.188019
18.9374
-10.3109
17.231
12.6662
-7.61232
3.75009
-15.5057
9.88605
-16.3084
12.2521
22.0651
-3.28751
11.4599
1.7435
8.04849
1.34497
9.10528
17.4745
24.8996
11.0341
29.0329
-12.0491
-11.7789
10.3083
-16.4165
17.5086
20.5246
11.5583
3.46254
15.9537
-16.3461
25.3252
0.618746
-16.4265
4.50592
-19.1312
-9.15005
-1.30783
8.68713
18.4703
1.11814
22.7035
26.1579
2.99216
5.27847
-12.9581
-3.64544
25.9717
14.1645
3.45371
-32.0226
-1.6324
9.28549
5.37138
4.68437
8.24635
0.810188
1.00782
-22.862
-30.0086
15.4284
-0.172598
-8.20665
10.2081
-8.41317
6.75782
-16.4276
2.96359
0.22896
31.6706
-15.6232
9.04455
-2.10739
15.8285
3.21432
14.2406
7.73859
-6.97411
10.6166
-11.8213
12.4714
-3.94201
3.7144
14.4492
23.3248
17.9829
20.5831
20.7201
14.5529
-8.98961
2.47289
26.3419
14.7517
-20.8969
-4.06248
3.88555
24.5362
9.76043
-17.9998
-10.8749
3.31065
18.1212
-9.61773
3.65106
12.6781
15.0284
7.84318
11.4172
15.4807
4.23447
8.13758
7.06066
-5.03036
4.6799
13.111
-16.7806
-14.0807
-13.7749
-29.3117
8.16576
13.4818
13.1884
-1.34039
11.7337
-13.8816
3.96232
-10.0293
27.6007
25.7662
2.48947
8.72686
-17.1101
-3.90815
-10.3027
13.3867
38.1138
-0.448086
-18.553
10.4186
-20.1282
-6.80968
13.5207
-10.254
3.4883
-4.1627
-10.98
20.9822
5.1717
-5.28381
0.424438
8.0297
19.7159
20.1222
7.88733
0.0832637
10.4517
18.9039
-1.11828
17.0835
-16.624
-5.81555
13.2476
37.4509
-4.40613
9.53591
29.5013
3.34684
20.6649
-2.92725
3.33904
20.6594
1.87324
12.388
-19.4968
-10.4654
-25.5859
8.73304
23.1202
7.03823
-0.509602
6.2522
13.9966
14.3336
20.479
1.99288
2.92823
-8.03066
-0.641461
-5.43468
14.607
-19.866
26.7931
-10.3311
-1.79665
-18.9139
24.5678
11.2387
30.1069
21.7296
-9.94209
10.0572
26.9074
13.2718
20.1668
3.34483
-9.82257
-10.3241
-22.9377
15.266
6.97816
-1.93698
9.32361
6.96743
8.95004
-3.46451
7.78083
28.4026
-6.67109
-8.13593
-2.74267
14.7427
-4.97019
14.1621
-13.2603
-15.727
-8.69591
5.54416
6.12015
0.16988
30.9044
17.3164
-5.97836
-9.03694
15.3208
10.8917
-29.3208
-27.9435
-32.3073
-7.81259
-17.112
6.8937
-16.1719
10.8524
-4.50526
13.3797
-27.2043
-5.65752
-5.71752
25.8394
-9.71437
2.60887
6.18858
5.66907
-4.09329
-11.086
21.2427
-17.3076
6.40096
-7.32975
28.3186
-13.1906
31.738
5.9143
20.0901
0.974441
-30.4146
16.7487
27.7929
12.2863
14.4173
-0.997098
5.76649
-17.5876
3.68049
-13.7278
19.9036
-6.20281
19.6663
15.9765
18.7909
10.1454
9.54594
4.69323
-1.28293
20.6645
2.82777
2.14656
8.94623
6.25048
-4.56846
5.46541
20.4698
-12.3054
11.8299
0.737843
16.5493
12.3714
12.0991
-4.87354
0.655535
9.97425
17.3541
12.1023
6.90927
-2.37111
25.9905
-7.43107
-9.38679
6.1036
-4.65288
-12.3253
4.83499
5.34241
15.389
10.3081
4.13714
7.82529
-14.1023
10.3179
14.7031
12.3476
3.76578
-9.54367
-1.36678
-2.44753
2.75996
-8.53819
11.9986
5.37984
-2.51903
19.4145
22.9039
-23.0066
5.46949
19.209
-1.64672
-15.6907
-18.4423
10.6391
22.2339
-26.1792
15.4968
6.32723
4.44291
22.6125
4.50271
30.8608
-14.6533
13.4378
1.46427
-1.22943
21.2623
-1.31539
4.3175
2.62081
-2.85637
13.0645
29.9081
3.3282
8.52269
-30.5219
-8.28825
-1.90653
-0.122979
-17.9183
13.6998
15.212
11.5666
-17.3492
-15.8939
-2.93641
8.80323
-1.90837
-5.22832
8.94765
9.58768
13.0079
-12.9181
1.77741
-7.63481
-4.51293
-7.85595
19.3981
18.6231
3.90932
-9.72753
-8.33701
3.44551
-12.5388
14.6126
-8.71791
-5.97464
20.7834
-0.24305
-16.6384
1.16903
-0.372303
-20.5756
-20.4078
-4.61295
13.6708
-19
8.65195
-2.70569
2.02109
15.6008
-10.1433
-0.0408659
-9.57498
-6.50974
18.7154
8.25859
1.4041
-6.6423
-2.91147
-14.0785
8.08631
-16.0778
20.354
-41.7513
21.1189
3.47187
-4.50578
18.4135
-14.1801
-8.79416
-7.55
13.8663
22.7655
5.72848
-6.25662
5.49686
-23.0309
18.1125
-3.8442
26.7379
-0.0236078
11.5661
-14.8327
3.39625
3.69255
-15.0226
-2.11358
3.69486
-24.0148
-18.4372
4.66684
1.6986
9.37149
19.8726
-12.5306
-1.78478
15.4155
-6.25132
-11.8504
18.4962
-9.87012
-5.00362
21.9344
0.841764
3.43108
26.4604
-11.0622
-10.2279
15.0781
17.4563
-36.9275
14.1955
21.6921
-11.457
7.23597
34.6921
4.98928
-19.637
3.485
-15.9169
-19.7427
-17.6882
1.58998
33.0697
-6.27559
32.0333
3.84103
-18.2218
19.0683
5.55934
-3.19579
33.7766
5.59041
4.57743
18.9882
-11.3564
13.8793
7.3146
20.9185
9.49761
-4.13559
15.7963
12.3838
1.54076
25.9605
15.6506
8.87311
-3.00512
6.92258
-4.90941
23.0953
-6.4554
3.16771
8.59025
5.81615
-0.7867
5.96184
3.27465
16.3034
-9.95249
-15.7445
-13.3351
-2.8435
-1.25211
-37.518
-17.6359
-1.43881
10.712
26.0394
6.05297
-3.46765
6.98762
-15.826
15.0745
-21.2249
-21.1909
9.09284
6.03058
13.1114
1.42303
-2.80349
6.49478
-9.24661
-5.16448
8.74164
9.09673
-3.20101
2.40016
-8.64152
20.2568
-1.85102
0.587329
