14.8862
-3.04552
-11.7091
-17.4702
-7.11714
18.9887
3.17137
-22.7422
-5.39637
-4.2079
8.11354
-23.1432
-11.0034
-7.97416
10.011
-32.8569
-2.48558
-7.7545
17.0872
11.3506
18.0352
2.24977
3.70798
8.57954
-12.6858
-5.2846
11.5113
11.013
-2.85255
1.98915
4.31205
20.8225
19.4752
2.00713
28.7476
1.9493
14.6319
-11.4646
-5.22978
5.82819
-0.022145
14.6545
22.6235
2.56371
-2.05722
30.0649
-13.7902
9.3808
-2.98409
8.6249
14.4161
18.1734
6.31606
10.2533
-8.01297
-5.98878
21.1727
6.67252
-22.3032
-6.23415
20.7976
10.2094
5.25315
-9.25182
-6.59952
23.723
-12.664
-25.1844
-6.21797
25.0825
0.625824
-23.1334
-4.2457
-15.2096
16.8192
-8.18579
16.0085
18.1334
7.54999
-3.11928
-5.32618
-19.8116
-10.9915
3.42146
2.18356
12.8369
3.96754
-5.8869
26.3984
8.24042
-18.3142
6.276
18.1452
10.1525
-7.6851
-31.8784
-9.17189
-3.94008
4.26661
6.34893
-0.745744
-4.7743
-33.6243
-17.0355
28.7183
10.0832
-1.41577
-1.79701
-20.688
-9.92192
11.3019
13.9275
-18.7398
4.46271
7.0476
19.1701
4.19972
19.1072
-4.20597
6.03201
-8.09325
7.38634
5.13818
4.13036
-6.3165
1.93565
0.438552
-20.1771
-13.898
5.52474
11.3878
-13.5981
3.10395
-19.7231
-27.2659
-28.0598
0.686909
3.18022
-27.5521
-19.8664
-30.9064
4.73244
-12.29
-10.4273
-24.5789
-14.2293
11.015
13.455
-1.2064
6.28638
15.535
-7.41018
-4.02934
0.451253
-3.10722
-6.46933
-21.3466
-23.4759
-6.33649
-20.3803
25.992
-13.3419
-0.206958
17.8955
11.7963
-6.64162
-13.2948
-2.73935
-6.19159
-11.2024
-18.8683
-9.85453
-39.5043
-3.91919
-4.16628
-11.781
0.853928
-10.9087
22.2733
-25.0602
-19.9291
17.33
1.34663
4.58626
-13.4072
2.42272
13.8121
-9.53958
8.33893
-13.3925
-18.3549
-9.52157
-15.3434
19.4799
2.93915
1.0751
9.016
20.7676
24.5208
13.4946
15.269
-10.4614
31.1324
3.86043
-7.84642
-14.1279
-16.6918
-45.9191
-5.15227
-27.9953
20.5338
-12.66
-3.07634
-23.8094
-0.467797
5.60982
-4.75459
20.7289
8.37699
-4.47293
-2.35761
-7.85851
-35.8239
-9.87888
17.8005
17.9808
18.1325
-24.8804
2.65667
-13.0354
2.17314
-11.9015
-23.258
-19.4875
10.9389
-16.4971
-10.9387
7.51477
-24.6374
-17.7181
27.4725
-35.9378
-1.61773
-8.39699
-8.9212
-1.90041
25.8016
5.68688
3.06002
11.5849
-32.9287
-3.11762
-6.97118
1.69654
-7.80467
-11.6837
-15.9186
-6.60455
24.02
10.5646
-18.195
5.64634
-4.42178
-6.74649
-11.5772
18.3989
12.8491
27.7946
-3.63168
12.5486
1.58767
14.0981
21.2898
5.43424
-19.5538
6.17322
-21.7217
-4.48237
-17.2577
2.42206
-9.07258
-15.1026
16.3267
6.36322
5.78593
-20.0074
15.8555
0.592755
1.31888
-3.25358
-1.94066
-8.24183
7.35383
0.946868
-5.42728
7.42702
24.53
14.7453
4.41423
-4.96527
-21.1402
-17.9535
-6.0643
-7.23537
-1.24122
19.8917
9.45457
16.7795
0.430341
-30.3714
7.55097
-12.0652
-26.3217
3.26015
4.84633
27.437
-1.54501
-5.28736
18.5025
5.6785
12.6969
-27.4544
-17.8757
11.6073
-9.7957
20.0845
-13.9937
-7.93374
-10.0932
3.3011
17.5796
-6.90332
-0.190947
4.9167
-31.3333
-15.6781
-0.668048
-12.9143
-0.70932
19.3081
25.1585
-11.1587
-0.864384
4.895
-17.2394
-4.98887
16.875
-21.0863
1.05174
-17.8817
-6.07944
2.85712
-2.67981
8.66694
-24.5521
1.45954
-14.9623
-15.7725
1.55773
32.1393
-0.0539242
-9.05466
-11.9375
-11.3284
-2.78677
-1.38786
-21.3571
-14.0195
-6.66083
4.81155
-9.01097
-20.4955
-2.81341
-12.0662
13.1131
-4.1849
3.56591
17.2434
9.4951
-5.21538
11.5913
-4.8018
25.7811
-18.2692
6.95499
14.273
-10.8176
14.492
-2.53959
-18.6042
-11.1042
-14.4793
0.249135
-14.0848
-15.1645
9.1549
35.1288
-25.0348
-9.36947
-5.97849
2.96429
14.4441
3.06924
-7.22964
-8.50087
11.5171
5.38573
-1.43129
-1.4439
-6.99923
-5.29754
-21.7405
-16.3171
14.0046
-11.1396
-1.24323
1.73691
4.38446
9.29853
29.7212
15.2733
1.66635
5.00456
-25.8812
4.68885
13.2743
30.7724
4.20601
11.7797
-6.35205
5.34145
-9.07514
-21.9371
-10.4584
4.04427
-3.4524
16.0566
6.4318
18.096
-3.45268
-37.3302
5.2625
11.0898
12.3116
7.05804
6.77104
24.6288
37.4142
-1.91621
-21.8931
-2.46303
25.7669
19.4572
13.4037
-5.86346
-3.86709
11.8278
-13.728
-8.73506
6.26613
-20.3774
24.7013
5.71068
18.1357
24.5187
12.0815
20.533
-3.83144
-0.308043
9.11271
6.07896
-20.6889
-1.36796
-4.93921
-6.35509
19.9153
-2.79395
-1.93519
7.98042
8.88983
1.90058
13.8142
17.4345
6.97668
-24.9372
3.1512
7.94885
-5.10566
-11.8695
23.3668
3.11075
-5.12924
-2.9249
7.8882
9.541
-25.7678
3.23375
12.1965
-7.5863
-10.7527
-7.74944
-6.42745
9.99312
-7.24662
3.89109
13.0019
-1.48442
26.5883
4.23609
12.9475
19.0139
8.15273
-2.2078
-15.7485
22.0214
-7.67793
9.11075
-30.6567
23.5388
8.15979
24.1544
14.3085
-1.16832
-16.2201
2.97639
0.980336
-1.43495
-15.0343
6.93407
16.2943
-5.40218
9.98814
9.75364
12.8611
15.8609
-8.85867
5.37471
1.13256
-9.58581
-8.06032
-7.55196
-7.06161
16.405
8.02221
0.910858
12.5304
-2.91228
4.5237
12.5174
20.8969
5.71438
6.34632
-2.71445
-4.48723
4.44031
6.59336
-13.8661
-7.70123
-3.16206
12.6888
6.0205
4.94363
23.2651
20.5285
-13.9739
1.9514
9.52424
11.1202
-5.97881
15.4965
5.95469
-10.6823
6.78133
31.1653
-10.523
-9.39659
-8.59545
6.05878
-6.0755
-13.9194
-10.2876
-27.9632
-10.7813
-5.24328
8.50252
10.058
19.015
8.96223
18.5237
-13.827
-16.0999
-7.79036
-15.0808
-11.1274
0.858839
-10.9175
-20.4319
-10.8891
-0.102803
1.25207
-11.1019
-14.8369
-5.62599
-4.57766
1.86302
-5.02684
-19.7634
2.79013
0.251332
4.09065
-2.50839
1.08638
7.25419
9.74767
9.61209
19.5618
17.3551
-6.36217
7.30281
-5.80493
-7.42291
12.7611
7.62298
-7.55395
-6.26001
6.05152
-1.63696
12.3875
-6.49341
-3.77475
-10.7442
-31.5844
5.29208
10.1407
2.11477
13.8546
-7.63072
0.210969
2.51742
0.100372
2.54633
3.34127
-10.0727
5.01483
4.99487
4.85451
-8.13011
7.34496
19.1731
-38.5469
6.27311
-14.4242
18.9988
-4.13692
15.595
11.1252
13.4792
10.3435
-1.13367
-12.3058
9.24729
-37.6405
-2.78038
13.9563
6.79077
6.35161
1.31422
3.4495
14.8276
-16.0102
-5.84744
-2.05372
-5.73666
18.8171
7.49881
-32.2868
-15.398
22.0408
5.92499
-7.984
-2.41146
-15.1786
-1.72652
10.6423
11.5712
-18.9752
-1.00452
-3.1355
3.46472
25.838
-1.04569
18.3883
-11.6271
2.55569
11.2067
28.5706
2.65554
7.26381
-16.2103
6.38179
16.7911
-12.6313
-17.0138
-2.96282
-6.71787
-26.3299
-16.776
16.5056
16.0046
7.82162
16.3082
-8.68393
-0.624233
-16.3613
-8.02019
23.5501
4.19106
-1.40098
-13.4149
18.0738
33.6938
-7.45228
-25.9615
-1.61847
-0.5931
4.91273
-4.81308
5.81125
14.329
6.20207
-6.28817
3.28125
-5.20312
10.1392
17.6795
3.26155
-8.90506
-34.6202
14.4799
-5.58104
3.97329
33.467
5.30847
14.3677
-0.202051
-10.4439
1.95586
-23.3435
4.84674
37.3864
26.6342
-2.79444
15.0624
-1.73514
4.05765
-11.7922
-5.72728
43.4949
14.8887
-8.02305
-12.3876
-9.14334
-17.9162
3.37673
11.695
-14.1312
-0.342363
-11.3552
22.4394
-1.74979
-11.6647
-15.8307
-15.8395
-23.9633
-11.3879
-8.79142
-2.5022
12.1276
11.9369
0.79442
14.4205
-3.45638
4.68175
16.0957
19.9435
-6.37483
-17.6562
8.24691
9.5938
7.93639
-6.25419
-9.17422
12.8682
4.55265
-10.6449
-1.67434
-7.38822
-17.7793
21.1263
12.9696
-6.5227
-14.4
5.2808
-17.2524
-1.69108
22.8381
-7.20825
20.9507
8.02702
-5.15312
-12.6485
-19.5817
-20.7282
8.72383
3.75338
12.5042
5.02799
6.52334
-19.5989
5.40386
11.6619
-5.28038
1.54204
-6.63336
5.67749
-0.357672
21.8501
-2.69908
-32.2822
14.5736
1.01755
13.719
2.62918
10.2808
5.62413
22.9211
-19.6251
-1.67591
-25.0947
5.70773
-15.0802
2.51109
0.699556
9.83697
-1.18562
-0.520081
-25.6557
4.45919
-1.27081
-8.31542
-5.21715
-12.7739
21.5913
5.49344
0.318736
20.0052
4.69579
19.8198
-18.3205
-16.3682
15.186
0.336533
6.12851
-7.42596
-19.3048
14.1111
15.4722
6.28054
0.166085
-10.2045
-25.9201
-9.51131
-0.109714
-3.51619
3.33749
-8.66893
16.3994
-4.29283
5.91284
-19.5856
-1.67586
16.6993
5.08852
-23.0731
-13.0586
1.68198
-15.4098
-7.40763
-20.851
-40.4959
33.5731
-14.2526
3.1594
-5.54686
0.207878
-28.2388
15.9809
2.3996
-23.8157
13.704
-2.84544
28.7224
-15.0646
-1.06985
-5.75328
-15.2104
21.592
-1.74628
-3.15037
-1.75262
-35.2643
-3.19955
-16.7415
22.7096
6.13881
-24.572
-27.727
6.81262
0.825486
-20.4833
-12.9629
-2.53418
-2.05483
7.58076
-21.0094
-9.80539
0.223171
12.7001
9.94903
16.9747
3.33582
3.99276
0.342733
-18.2459
5.27133
11.7595
2.07126
8.71637
-0.460878
11.173
25.77
19.2446
-3.68124
1.52531
12.8541
-20.1621
5.48598
8.61262
-4.04213
6.00921
3.87699
-13.7095
4.99543
16.0109
-0.592298
-22.1274
-21.3632
-32.6122
-6.45076
-3.53361
0.350236
27.858
13.9299
15.8691
9.515
-10.7313
-7.35428
-5.83183
-14.7863
1.96658
-17.5957
-9.16685
22.5039
0.179939
-5.74753
7.5341
11.8395
-9.33327
6.60692
17.2524
-23.1376
-17.5298
-15.9469
-13.238
-0.459095
-1.19165
6.22767
2.50497
-30.2311
-27.4771
-9.27874
-31.8684
-12.4577
12.0616
-6.11999
-2.56858
1.60225
25.3966
-15.6753
-30.223
-1.24674
-24.1383
-28.2214
-3.57091
-3.30844
19.1722
-3.89983
29.1181
36.6038
-2.37685
8.27405
18.431
18.3427
11.3106
17.3019
14.2907
12.3411
17.1544
3.68389
18.5254
0.735577
13.049
-8.98069
17.8099
9.1788
28.0856
17.9213
16.7353
13.545
7.66404
11.5849
2.87417
-18.2798
-2.1801
10.6896
3.45295
23.6005
17.9257
10.5515
7.06191
-5.13284
18.7202
5.25667
-9.04796
2.51514
1.15726
10.5362
-2.07763
-8.20579
5.17976
19.8221
25.2324
9.51542
-24.6214
8.72548
-14.2709
0.379529
11.2403
4.47658
18.788
2.85216
3.14561
-11.1712
26.895
-27.9533
3.06719
-19.9225
16.2246
-16.0631
-9.6937
12.7882
0.378918
19.7111
3.96324
16.753
-29.9043
-3.78585
29.4258
-24.8709
-3.8987
-14.7904
-13.2598
8.4454
-7.30449
3.88812
6.41293
3.85173
19.2571
9.87446
18.0307
3.44291
10.0296
22.5365
6.10587
26.5949
-3.66772
16.1032
11.7276
-0.311989
15.6033
15.4663
3.65024
6.65188
2.81199
-5.03565
-0.860334
6.00734
18.2976
-17.5836
5.05663
14.3754
-30.2003
11.9393
-8.60263
8.26431
-5.78012
1.52671
21.3979
15.0769
6.97429
1.86714
1.32
-6.66016
-3.232
0.457063
0.0725699
1.11859
-11.3455
-4.27678
25.3027
14.6865
-17.8548
-15.0072
4.6168
15.7231
-1.11192
-4.47686
7.52563
-4.56231
-9.84906
10.9781
13.3512
-18.8505
-5.94618
-30.9825
-18.8977
-19.4233
-13.479
6.08731
2.85602
-2.33164
4.03249
13.3357
-4.93848
-3.04065
24.7257
25.2763
6.2983
17.0287
-11.0937
-5.74277
15.0947
-13.653
3.47753
3.93322
1.54675
6.5719
13.212
25.9815
1.1282
18.304
12.4472
15.277
30.0977
11.8628
5.95824
-5.13281
10.7719
35.6307
-15.3363
24.5669
20.6271
5.03753
-28.9677
8.10502
4.76325
14.076
3.6941
4.46952
-9.37379
28.5096
-2.44088
-26.5965
26.7941
8.21783
-3.08557
21.9001
-2.13697
12.5851
-8.32799
8.54709
-12.4936
4.80378
21.2781
-9.99477
11.0169
-7.92001
10.8037
-14.014
-14.4702
19.6553
-5.11362
-10.5004
23.7476
8.05348
26.2471
1.60891
-36.6011
14.4471
9.04743
11.3682
26.4502
-5.9435
-16.5055
9.98324
16.5846
12.2694
2.76887
-10.3108
-4.39392
-8.55502
7.51558
-6.77733
3.34184
-10.2897
-10.9303
-7.3701
18.9899
-9.50188
28.2635
12.9212
-6.96744
6.15359
-10.0973
2.14861
-1.00692
-15.3487
-15.9877
-30.2248
12.3013
3.85211
-1.94124
-11.6085
-8.58382
1.41762
4.30394
-0.536008
3.74011
8.14222
26.4105
-20.6668
-44.0429
6.74124
-2.84382
-8.45758
-12.4595
17.8296
6.2601
-6.09282
-28.5587
-33.9835
-10.1382
9.28711
25.7366
-24.3502
-19.5004
3.73959
21.6931
4.74803
-12.3473
11.6049
-42.4461
-1.80155
9.80353
0.0026769
5.93229
6.88757
-17.3173
5.42066
9.54791
-6.5695
-16.3615
7.66765
-4.00383
-17.8334
12.1086
14.7213
-25.4849
10.9483
5.34678
-8.13962
-4.30542
18.3286
7.28451
9.08784
35.804
-9.57793
-2.69396
20.626
-9.01086
-41.8456
-15.7258
7.08709
15.0007
24.0266
-6.5722
-0.5433
-16.3032
-1.14559
-0.220214
16.5255
5.47465
2.89251
-32.1893
-28.0281
4.43219
-11.5065
7.56195
13.2993
4.42058
13.952
-2.29091
8.52898
-12.5336
12.6371
19.5681
-21.2925
-4.59159
7.40833
-10.3316
4.77242
11.0887
17.6656
21.3572
13.6869
-9.13191
15.38
-4.97149
-12.9519
13.1591
-5.95671
0.714564
-10.4876
-14.7839
4.70302
6.27678
17.0726
5.57322
5.66136
2.4286
12.503
-19.5715
-10.1513
33.7205
-24.867
24.6948
1.34939
-8.61604
-11.4806
-13.3253
-0.690942
11.389
5.88187
-30.8608
19.5062
-19.7641
-4.08279
9.68218
-32.7417
17.2605
2.79363
0.104853
-6.0105
-0.28286
-28.1364
-6.10712
-14.2179
15.158
34.0604
-4.33996
-7.67175
-8.51241
6.23858
10.1386
-19.3538
-12.5338
-7.80524
-2.21214
-13.8517
9.03375
8.15488
-16.1918
-11.1597
11.6713
21.0859
-11.3644
12.8914
-1.35957
18.0276
10.1014
16.059
-1.21437
-9.05803
4.18518
-1.99623
6.55048
5.50056
6.35401
3.92559
7.48848
9.48918
12.5601
-13.565
3.61002
-13.0253
10.0337
3.33438
-1.02084
-1.64724
5.21171
-13.0998
4.21667
-8.79929
9.14037
-7.22665
20.2922
16.5382
19.8355
43.1666
16.3808
18.8442
26.8151
20.3346
-6.49355
-3.48578
-18.6752
-7.25365
9.75879
-14.3633
19.8482
-4.19679
-13.8016
6.39534
0.837888
-5.59962
-5.54336
-21.9284
-31.6661
2.70161
-13.3591
-4.27243
-0.680376
1.48682
15.2111
-12.0186
16.6638
-22.237
-18.695
-12.7916
-3.2181
4.05547
9.76565
4.53634
0.154241
0.332386
12.1482
0.604196
17.1744
3.63951
-1.4762
11.7283
-12.7557
18.4561
10.7521
4.76238
10.2199
12.0825
7.72324
-13.5694
15.9451
11.6685
0.530937
1.53955
-23.9872
9.02398
0.0610337
-15.914
-26.4467
-9.43084
1.45017
-6.00046
10.415
12.6334
11.4355
1.5553
23.4105
15.796
5.35274
-7.41082
-1.9985
2.17726
-5.90724
-20.895
16.6722
12.0755
16.4067
19.0666
-23.9127
0.888095
4.24975
8.19394
30.0553
0.140367
-37.5376
19.26
12.041
-8.34164
8.98159
-18.1001
-25.7927
6.78351
14.6026
11.0378
-10.1622
-1.0315
14.7192
3.79489
17.1176
21.0355
17.8718
4.3665
36.7772
-17.7653
-14.6072
7.349
5.82665
-3.69526
21.8306
-1.74375
4.33517
-24.5979
-18.2389
-4.39442
-19.5995
-21.7475
20.628
-16.3816
16.4865
20.4066
-1.83226
9.93701
14.6625
5.10893
-10.7942
27.8271
7.0241
3.55888
20.4711
-10.2172
19.4725
-13.0059
-19.9363
-0.0333012
-8.44178
5.80518
-0.328436
3.43588
-22.812
12.9015
-4.67209
14.52
9.53055
-19.6534
3.12609
-10.5586
17.2809
-31.4495
-8.33509
-5.22885
-13.1734
5.22076
-0.11946
-15.1431
-25.5513
7.21911
-4.18818
24.9663
12.9716
8.82184
-11.6777
-19.6706
-25.0455
-20.4532
-24.0553
-18.2509
-7.56684
-6.55605
6.01997
-11.192
-5.21195
-3.76736
-6.27581
11.8546
-8.11476
7.88852
6.80531
-7.53611
-29.5396
22.0611
-20.7584
8.06315
2.44768
-31.3361
-10.2494
-4.22247
0.737334
5.89374
11.5447
6.57456
16.1817
6.93468
7.18073
3.82846
-6.68476
-14.762
3.15205
9.24934
11.926
-2.08151
-25.5801
-6.54164
-9.67509
14.7437
-8.21147
-8.17359
-28.8792
-2.50069
-12.2822
3.4657
-9.41583
-3.16723
-17.8591
-11.3597
-12.5082
29.5654
5.33862
3.49708
-2.15918
15.9109
10.2232
-17.2861
4.46604
1.92248
-3.69167
-10.6109
-27.1323
3.48483
-15.117
-1.26618
-18.577
8.41577
6.23648
14.5627
-6.27928
-6.52705
1.48663
24.3075
4.34941
-1.42632
2.70451
12.0624
-8.24734
-19.9713
-13.1125
-7.67813
13.6992
-10.5055
-0.0548526
-3.84848
12.1974
0.112145
-14.1901
-7.23069
27.13
-14.1565
14.6278
10.7058
-12.597
-11.0738
8.89575
-1.13775
-6.51817
9.00408
16.4075
12.3718
11.1123
6.546
-19.7122
-10.1465
-15.1062
-23.3202
-22.7789
-11.7319
-9.40364
7.31664
-17.1171
-7.49291
-6.13361
-7.25858
18.2551
6.07431
3.10259
-13.0487
-1.52127
-29.6533
4.99649
-10.8726
31.2286
25.066
3.84931
7.21312
22.7843
14.7479
-4.00656
6.82706
-22.3802
-15.2877
-6.17666
16.3641
-0.957338
1.04285
9.14674
-12.5027
-0.442304
-21.226
-20.0377
-10.2549
17.9978
-16.4723
0.328349
-4.22071
-9.70962
-8.80961
-9.80524
-2.58888
4.175
-23.7122
15.3943
18.4748
29.9001
5.72915
3.57038
-22.9291
1.72586
2.67706
-25.5397
-23.643
9.63128
-1.38756
-21.5055
8.02264
-1.58552
-10.7343
-41.7848
-9.20632
-23.8611
-7.18799
0.553769
-15.0407
-9.82961
-24.6519
-17.3569
4.12648
-27.551
-22.6289
2.57949
3.81292
1.41294
-2.1071
10.3023
-23.8828
10.2867
1.32529
-32.5521
18.9923
19.2822
-20.4469
-2.76699
-16.6721
-8.23092
10.8087
-9.54137
-12.2743
-16.4974
-14.2391
8.8066
-5.83654
-13.8052
2.4136
1.07964
22.0248
-32.5966
2.23119
10.8253
-6.58315
-1.3967
8.00777
-11.8599
19.3408
-6.94091
-9.32759
-9.46389
-30.7573
-11.0872
15.5258
13.7589
-0.820124
-12.0457
19.8196
16.7398
-14.5021
1.70745
11.9754
-32.1385
15.5796
13.2932
-19.7621
28.42
0.386384
-16.3439
-0.0955668
22.6927
-25.2295
12.5151
24.3497
-8.28406
-7.0955
17.9151
13.0229
-17.5066
-5.93464
14.2128
8.09197
-20.7282
-0.92822
10.4671
5.03028
4.09869
9.36047
10.9586
-17.5421
1.32692
-18.5173
10.0187
-6.41599
-10.3948
-0.620485
31.7921
9.32456
-3.60038
-1.43954
1.79167
7.01503
-6.97472
-21.5617
-14.7191
-4.084
21.1309
-8.85367
14.1516
6.03344
-1.111
7.51565
3.96901
15.955
-5.39868
-13.2894
0.00220058
14.1419
5.60085
13.0656
20.168
13.2222
10.2423
30.9325
12.6915
-24.9391
15.4431
-6.84751
-19.5622
16.3616
-1.95308
-13.1274
2.82606
-19.987
-21.4244
11.4177
12.3668
11.7097
12.4391
-21.3533
-2.6746
-3.22106
-11.741
-2.36844
3.03687
-0.0427224
-15.6741
-18.2105
-7.57631
-47.8013
-15.4109
-12.2245
7.59739
18.219
-8.07027
23.8903
-9.09403
-16.896
-7.51755
6.06162
9.71748
16.085
8.16017
-2.81078
18.8188
-13.81
-1.49308
-15.4006
-11.0178
-7.69026
-31.6418
-0.304957
22.1746
-27.2636
-1.03032
1.58173
10.5261
-18.7236
-3.07609
4.76107
34.015
9.79292
-10.5447
23.4128
-11.4734
-9.54982
4.52377
-10.5242
6.86509
-7.85952
-3.01231
-1.13016
0.832769
-16.2785
16.3181
0.632047
-12.9829
7.79468
-17.7165
27.5511
-1.91201
-0.240038
8.13073
-12.0179
-15.8333
-3.66552
6.72206
-1.78851
19.2562
15.8459
16.2811
-2.14428
8.373
-20.2934
-22.9008
-12.0737
29.2144
6.96375
-6.23315
-4.59576
-15.5176
17.5464
20.5364
17.2908
2.26709
3.68865
-3.27918
-26.5859
10.0121
