-7.86789
6.42287
12.3214
-10.4051
-0.996772
9.24866
-5.36415
8.34599
26.8938
-1.70847
-2.08184
3.85255
8.61955
-3.0643
-11.8417
-4.46916
2.23736
-12.8493
-7.24296
2.32066
-16.4713
0.550383
11.3783
16.6172
5.86795
4.62368
-3.8871
-17.4871
6.86742
-26.3455
5.62025
-14.633
-2.08304
-15.0992
15.9233
-25.9465
12.8184
23.0989
13.0439
8.5087
7.56085
4.63005
-2.65974
32.1726
-8.01585
5.67087
3.23647
12.6958
-10.5174
-16.0733
5.39467
-3.17032
23.624
-0.907594
24.638
-17.0297
-2.84141
-6.80147
10.558
-20.537
14.5748
-5.46098
-17.2031
0.776524
-3.12069
6.19826
-3.32904
3.17873
6.76844
-6.99297
-9.24092
34.4262
5.98944
3.07524
0.214119
-6.70799
-7.12529
10.9964
-21.963
0.350128
29.8318
9.4467
-14.0372
4.5414
11.061
11.3734
-6.07801
-9.44694
-11.0961
2.68622
-5.99045
-2.55033
-10.1887
15.8425
20.0963
-22.998
-2.14379
0.61303
7.49029
2.51147
-7.71205
-24.8253
21.8668
-6.11661
-26.1945
-10.8062
-12.7986
5.6874
-5.50013
3.63354
8.7948
10.5907
3.40586
-11.0059
0.492042
15.1125
-10.4808
10.3732
-14.5627
8.60399
4.75259
22.4237
-27.4066
24.8112
-21.8777
7.92325
-4.1258
13.2032
-36.0405
9.80404
-27.0982
-35.4384
-40.9453
2.79263
-8.03356
2.11914
-14.0926
7.26727
6.78437
-17.6007
7.96315
-8.92656
16.9479
-3.71227
8.5626
2.55322
26.8401
0.820682
0.122832
-10.2076
-2.50417
7.96336
6.54868
0.607807
9.63924
-1.22523
4.94538
-12.0225
22.5728
-27.6834
10.082
-4.60772
-2.17141
-13.9145
13.9491
16.5529
9.96285
-10.0655
15.1003
18.3635
7.73438
17.3868
-14.18
-17.6567
-18.0636
12.5882
6.23278
2.03866
3.77167
-8.20414
19.9634
20.4188
-5.18993
9.24644
9.99883
3.36981
-2.6338
-4.06023
-5.03093
4.1473
-16.7692
3.43459
-8.34902
6.69397
-11.0966
-1.79505
-14.9083
1.04208
14.0327
9.29599
-1.95813
10.0652
-18.1608
8.19655
-9.00337
10.1534
-2.44236
12.5131
3.68388
4.47822
-9.89142
15.1346
20.5096
16.3005
-10.0029
-27.9957
-1.94225
-34.6437
10.9106
-1.69082
15.8645
-3.35323
20.7754
-18.9941
8.36351
25.5276
-2.46344
-2.08687
13.2928
-3.83851
4.48445
-14.3694
-26.2279
-3.22883
9.26812
-5.07343
-17.3295
-29.866
-15.0532
4.75333
4.54866
20.1657
18.3912
13.7074
-1.49561
-23.678
-12.2206
-7.19934
4.5064
0.571624
-9.67116
17.7469
-2.11578
-15.7428
-5.34595
-27.3055
-6.37068
-10.0221
9.55565
1.42136
15.978
-6.33152
-1.71942
12.1577
-17.3576
14.4027
-17.015
-12.5334
-3.16386
-32.1735
34.6738
-9.24991
-1.77009
-2.8122
-28.884
-8.10658
-10.1524
2.3501
-0.192214
-1.84623
10.38
-10.5432
-5.77084
4.59753
-2.37693
13.18
6.86277
6.62637
-18.9586
1.07576
7.9753
-0.215272
-23.5048
-12.1686
-7.14739
-16.9127
-10.4413
-0.58938
5.10155
-16.4796
2.92335
-3.52643
4.70934
18.8874
7.0993
17.1076
4.20899
-12.1037
2.50148
-4.95817
13.3395
-3.70014
23.1441
10.3691
-4.01451
-6.36635
-1.21069
-7.51477
-0.0832271
-7.79401
-16.4238
-12.2122
-11.66
11.3375
-6.22398
13.3633
11.4288
-11.5029
-15.6455
-16.0581
-2.17551
-10.5636
22.9218
-3.5496
-1.8764
11.4215
22.911
-11.4771
2.74692
3.73499
11.7453
-8.86019
6.78232
-8.97776
11.2393
5.55111
1.14889
-5.54696
8.52345
-8.14795
5.06008
8.83658
-22.0661
17.7088
-16.7357
1.57381
-4.76879
1.23079
-16.5034
-12.2252
-27.7126
3.78398
39.1073
-21.5775
8.17908
-11.2906
8.88229
12.229
5.16362
19.0202
-8.99226
30.5054
11.0826
-21.2184
11.3435
-0.344914
-23.8594
-15.0452
4.50551
16.4498
-14.3108
2.82274
6.14156
12.5272
-10.9972
9.1974
-10.6483
-17.9721
-19.3643
0.0760251
18.3772
-4.43172
-22.204
-8.55193
-15.8193
24.5807
12.5091
-10.0104
11.4873
-7.52745
4.06986
-5.10874
-4.50968
7.88807
-1.62686
-0.0537103
-3.68987
-2.8143
-27.7967
4.64841
-1.88493
-15.0785
12.2721
14.6895
12.5901
-8.89288
8.59588
4.63804
-21.5437
-13.9821
8.55396
-2.30793
6.36885
-2.09307
18.5052
18.1352
-17.9488
-1.7094
-20.0323
-13.3846
11.8783
24.9544
7.22494
-8.29767
20.2268
23.6394
13.2822
-2.49023
-0.246803
-0.778945
4.31212
7.33111
7.06518
17.0007
-1.27891
6.21345
13.4954
-1.03326
2.42215
12.8069
-3.58842
-2.25845
2.67985
-1.16907
-15.9344
8.39469
25.2477
9.29387
-7.23607
-1.64103
18.79
-8.18998
9.37519
-2.05315
8.10993
16.9342
-11.5829
3.71821
32.1762
-5.31083
4.60078
10.7312
27.2958
4.56247
-23.2557
7.95873
4.96317
1.24511
-0.450477
-8.83244
-4.84262
21.4839
4.35773
12.9458
-6.27677
1.24712
11.8602
18.7517
-12.7396
22.631
-9.92696
4.37877
-9.0524
-10.7876
14.1052
3.5714
-10.5303
-0.64595
2.1872
13.2002
20.8972
-5.96661
-9.75211
-10.8469
4.03893
4.14136
-21.0967
10.9721
-31.6266
7.94151
-12.2392
2.59159
1.13412
14.2466
17.9529
-20.4134
-4.04103
-1.14035
13.2307
9.17891
6.65701
1.85838
10.6312
-1.62156
2.25149
-15.2996
-36.1679
16.2875
-16.6888
8.06319
-1.19136
-19.2532
2.12958
6.6908
12.9247
3.89429
6.94514
-11.9819
-14.6094
15.1418
4.66757
11.4057
-4.09836
11.7512
7.12745
-2.77261
-18.9464
-5.64649
11.4786
-1.52787
-6.10498
7.41507
-28.4182
1.33583
-0.432567
-10.7585
7.10659
-25.6452
-3.37092
-8.72138
-27.7763
-11.7228
-8.42864
-18.6482
-11.3696
32.8803
-14.783
10.9986
-2.95738
18.3532
-10.6559
-3.98945
1.6798
-4.72177
-19.1017
-17.1842
14.2339
3.92533
-3.45803
0.435229
-1.77219
18.8832
5.68389
9.36767
30.5072
13.3672
10.1843
-7.87835
28.6861
-1.44106
-19.9484
-12.126
4.19672
-2.16742
5.88156
-27.1606
-4.59647
7.50745
5.01096
-19.655
8.17329
-2.61187
10.3819
16.1681
19.1231
12.5092
-3.52452
2.87694
-16.4472
-13.4069
30.04
5.72551
28.2322
1.56769
-5.59729
-20.1267
-5.39102
-49.9205
8.74163
11.9607
-6.18083
-4.41151
-22.349
5.90136
19.7367
16.8608
18.9838
-0.315407
28.3644
23.3426
5.90109
5.03414
9.91943
-19.2479
1.95583
3.05018
-11.9831
-11.5185
-8.66151
-13.7043
5.61101
0.0176691
-5.22081
37.3337
-16.3057
-12.2577
0.140831
28.2763
-2.42908
19.6283
8.51114
9.73298
2.81109
8.85178
18.1835
23.3277
10.9973
15.0953
8.30323
-24.3805
-17.9118
0.216008
-0.748815
12.9261
7.19194
-20.9429
-13.715
11.8573
12.7165
-15.9598
-7.52368
6.61238
7.07876
-2.12131
22.1908
18.5827
-3.90574
-4.22539
22.1034
-16.6916
9.75832
14.5017
-13.9281
-8.1123
6.94359
3.88361
3.81264
-9.4499
13.2433
5.59188
7.01143
1.94168
-1.39019
10.6785
-4.8021
9.32175
-25.3718
-17.5162
-1.9504
6.55663
1.47244
-3.72642
-16.5174
-6.86765
18.6882
9.57467
-1.30623
4.81319
6.89822
4.76486
-9.47098
14.8691
-15.0831
20.8806
-10.7587
3.41492
-17.0121
-4.51907
-10.0759
-15.7995
5.26255
-13.2223
-5.26096
1.46377
9.93315
23.8826
5.25541
-3.58981
1.847
-6.11186
9.10472
1.57119
8.02563
-4.96107
19.2865
0.291998
10.0029
1.75148
-0.949173
-7.51655
-0.845231
-15.0666
-1.90578
-4.58685
-5.84948
-13.7367
-3.83195
9.65878
6.55106
2.30555
2.43815
21.7182
4.50823
5.61445
7.17875
10.2788
9.55676
19.4736
15.306
26.3111
4.71759
3.52155
-3.72923
13.3145
9.2479
-3.11515
21.8291
8.38716
20.7713
-20.2653
-14.4948
-9.82808
16.7154
14.6631
-16.9266
0.302457
-19.2905
-1.94423
7.51514
3.18218
8.35909
-0.227278
9.59361
-10.5917
-15.2899
-5.34243
-0.361459
8.60151
2.07513
-11.4643
-10.3358
-8.13778
-23.6383
-18.8777
-5.75911
-7.77637
7.72711
4.17927
-25.2888
2.74324
18.8577
-4.43484
-31.5308
6.62715
27.3571
0.0961118
-10.1799
-1.05066
-4.5975
-3.25632
-8.80641
-3.1854
9.92595
-9.90912
-25.7647
-2.73297
9.69162
9.41922
26.3341
1.02945
0.960546
0.370712
-10.1065
-7.94261
-2.02984
6.27074
-1.12672
18.9389
-3.34336
-11.5893
7.4162
-23.7728
-2.95767
-12.2107
26.0957
-7.81601
-5.19012
-4.2842
7.52018
1.86282
-6.37438
-15.3857
6.48046
11.3115
-7.36798
1.19181
-21.2818
5.60403
20.6415
15.7887
14.3592
-25.5697
-1.646
24.5319
14.5104
3.11726
-11.9874
-0.138429
-15.2473
-21.2859
10.7948
15.5307
-7.21049
5.66051
2.89245
-22.7526
7.03564
18.7358
2.08081
-8.42402
20.4272
19.9184
5.43117
33.3359
-3.74218
-14.1093
15.8267
2.68371
23.4033
3.98027
16.9127
18.7365
10.5781
34.2007
-4.67926
-10.6824
21.6045
14.466
-1.19596
-1.53892
13.4159
-0.300107
-0.837936
-13.3693
-2.63307
-5.63036
-18.801
1.53073
2.08281
9.72072
10.9148
9.70062
7.28915
-24.3595
-19.0713
-3.45906
-19.3277
-0.345023
18.4763
6.9704
9.7844
13.7045
15.907
-1.12067
-2.84923
3.99147
-15.3217
31.0003
-8.45832
4.84414
-1.34697
-8.56254
5.57419
-24.1629
25.9663
-18.7009
2.50136
-9.37665
1.30305
3.96211
-21.7042
3.48356
-7.79775
11.3776
-29.2861
6.50089
-10.5865
30.949
-14.1614
-24.6575
12.5941
-13.1266
-4.65918
2.81793
7.78734
-0.792471
-15.7356
-5.65286
-6.17777
-16.6848
-3.55912
-15.8185
28.1063
-15.2244
-2.99996
-2.34286
7.85662
-7.9985
21.1306
-3.28113
-2.15971
21.729
13.5429
0.26442
-14.1711
-2.47123
3.42629
-3.46888
-0.0717349
-5.86339
-0.134923
18.973
3.94345
-16.6477
-0.249862
2.09328
-26.5002
-1.36911
-14.7198
17.2541
-8.95406
-5.82875
-2.79464
-10.6414
-19.1032
-3.1934
8.76607
-1.98687
2.53629
0.694134
2.59414
8.15066
9.6317
6.90478
4.08002
-0.0523146
6.64045
11.4595
5.64194
-26.0327
-5.68597
23.5477
-0.774087
17.5589
3.95581
-8.74269
-5.21445
4.76891
24.5501
-15.7256
9.29909
-25.4139
-2.77217
5.94803
-14.2305
-3.07314
2.85468
6.30031
5.89839
-8.86761
-3.90951
-9.99553
3.3522
-7.80085
-7.24547
-1.21824
12.2249
12.3129
10.7643
-8.40568
4.52982
-16.2298
-2.63193
-31.3142
1.74933
10.0372
30.926
1.15878
15.9961
-15.4548
-24.225
-8.48022
-7.64865
-10.4483
1.51286
-19.1098
-18.9031
5.27345
8.92958
-7.53629
-31.5962
17.3322
5.37368
-6.46307
16.2646
2.43761
-31.3252
21.0703
9.03861
-6.70171
-0.75156
-13.7102
-15.2928
-1.07355
20.8237
26.321
-7.14322
3.84169
-11.757
11.2507
-3.75363
6.90369
-8.80183
-15.2632
16.0403
-14.9518
16.5883
-13.1461
9.0316
4.91379
-4.74798
14.9143
14.8327
-6.3722
-3.50298
-43.8025
-18.9216
13.3762
9.60182
1.4741
-7.91912
-5.21155
-5.7561
4.26928
5.90238
-12.8573
-1.04976
15.1718
12.6689
5.99617
