-0.709842
-0.653402
-0.700973
-0.656851
-0.720604
-0.696765
-0.630831
-0.646865
-0.760886
-0.719955
-0.849137
-0.752586
-0.594193
-0.594119
-0.571045
-0.558711
-0.609054
-0.625357
-0.584381
-0.518882
-0.597589
-0.621342
-0.511044
-0.552282
-0.530919
-0.54318
-0.544268
-0.643646
-0.53675
-0.453631
-0.364367
-0.422933
-0.501633
-0.525883
-0.566236
-0.545452
-0.498542
-0.529078
-0.589503
-0.567506
-0.61366
-0.679544
-0.602709
-0.582729
-0.519182
-0.522542
-0.569252
-0.472464
-0.394031
-0.417547
-0.30896
-0.342753
-0.290507
-0.224329
-0.285554
-0.319683
-0.259921
-0.35973
-0.269737
-0.329825
-0.383136
-0.426946
-0.440372
-0.514498
-0.597326
-0.622229
-0.564455
-0.575476
-0.611227
-0.555582
-0.524732
-0.652697
-0.599967
-0.599416
-0.498297
-0.562517
-0.531365
-0.429106
-0.430408
-0.382387
-0.442838
-0.566053
-0.717961
-0.689027
-0.669141
-0.622095
-0.51788
-0.514557
-0.482363
-0.418268
-0.394528
-0.446241
-0.511548
-0.497824
-0.425022
-0.500782
-0.441679
-0.420731
-0.517115
-0.541829
-0.646349
-0.693182
-0.673633
-0.631225
-0.699253
-0.786317
-0.783602
-0.749321
-0.669114
-0.706947
-0.702627
-0.631867
-0.64537
-0.666518
-0.56884
-0.62514
-0.754189
-0.647113
-0.632566
-0.642599
-0.761882
-0.803286
-0.934224
-0.895362
-0.775536
-0.728757
-0.842543
-0.879153
-0.801629
-0.801352
-0.929396
-0.937704
-0.966702
-0.882226
-0.898038
-0.823735
-0.725353
-0.713172
-0.705783
-0.640639
-0.588944
-0.515862
-0.477637
-0.400281
-0.33974
-0.332942
-0.335661
-0.42102
-0.419433
-0.391175
-0.383796
-0.421947
-0.42242
-0.407979
-0.394132
-0.398764
-0.33643
-0.402033
-0.3991
-0.466539
-0.471275
-0.423806
-0.506471
-0.404388
-0.293473
-0.3642
-0.416761
-0.31778
-0.241152
-0.260172
-0.225553
-0.110988
-0.164088
-0.237762
-0.217601
-0.252238
-0.284138
-0.258039
-0.276877
-0.364511
-0.397708
-0.341968
-0.460436
-0.473521
-0.559577
-0.602745
-0.639063
-0.611455
-0.631042
-0.519963
-0.551518
-0.630768
-0.669816
-0.691787
-0.662952
-0.605072
-0.639672
-0.655732
-0.729554
-0.715823
-0.653728
-0.704925
-0.611947
-0.626856
-0.637713
-0.649524
-0.61914
-0.645565
-0.651597
-0.663752
-0.651971
-0.727554
-0.832051
-0.765621
-0.718409
-0.625823
-0.525081
-0.518991
-0.550158
-0.585262
-0.605001
-0.615727
-0.567722
-0.656761
-0.600165
-0.534508
-0.503468
-0.556502
-0.483981
-0.477908
-0.538636
-0.599605
-0.611567
-0.592222
-0.645472
-0.687936
-0.72531
-0.686987
-0.632208
-0.50601
-0.535742
-0.544488
-0.516008
-0.56342
-0.607145
-0.735411
-0.7591
-0.867261
-0.994897
-0.888431
-0.855452
-0.797349
-0.729261
-0.702201
-0.72069
-0.716932
-0.718143
-0.68045
-0.632625
-0.644618
