-0.142658
-0.199645
-0.188011
-0.245117
-0.250027
-0.278857
-0.235113
-0.107089
-0.0289094
-0.012653
0.0866606
0.0470141
0.140487
0.116581
0.0276391
0.124674
0.0457778
-0.00826244
-0.0759568
-0.214589
-0.101879
-0.0682986
-0.0650965
-0.0572098
0.137651
0.231951
0.343657
0.385016
0.380248
0.487431
0.534324
0.566619
0.530853
0.527959
0.500221
0.502877
0.564763
0.504048
0.418408
0.409732
0.372904
0.404141
0.425773
0.482566
0.443243
0.452857
0.472384
0.505334
0.395313
0.398573
0.563461
0.545233
0.523789
0.509166
0.536738
0.533761
0.510814
0.482679
0.491331
0.510642
0.48675
0.531796
0.457361
0.467179
0.314689
0.246674
0.370137
0.531895
0.566649
0.587975
0.496064
0.373749
0.376719
0.237238
0.207685
0.206963
0.303736
0.19302
0.119736
-0.0308309
-0.0891222
-0.0237921
-0.0101696
0.0194566
0.0984829
0.149001
0.0160198
0.0796855
0.160553
0.0108711
-0.0723676
-0.122999
-0.0643875
-0.13076
-0.158015
-0.135643
-0.0735449
-0.0728409
-0.150719
-0.198254
-0.214058
-0.234131
-0.231649
-0.273965
-0.196649
-0.309178
-0.214854
-0.0880442
-0.00490517
-0.0169408
0.0093744
0.152649
0.13095
0.0718105
-0.0906133
-0.0544708
-0.152901
-0.177155
-0.158071
-0.260605
-0.270172
-0.357911
-0.423991
-0.49053
-0.488104
-0.526599
-0.403795
-0.407097
-0.564927
-0.609077
-0.634423
-0.706139
-0.760161
-0.734901
-0.726759
-0.731788
-0.617895
-0.621794
-0.551811
-0.52143
-0.565949
-0.500329
-0.40473
-0.391401
-0.360449
-0.289377
-0.220688
-0.273939
-0.19107
-0.188083
-0.162006
-0.172459
-0.146841
-0.281522
-0.353585
-0.31969
-0.287697
-0.264611
-0.326821
-0.355272
-0.34871
-0.321109
-0.2118
-0.134433
-0.174069
-0.192538
-0.413146
-0.526946
-0.389321
-0.416284
-0.391782
-0.436653
-0.411218
-0.419868
-0.401832
-0.336217
-0.278372
-0.268693
-0.193906
-0.132182
