15.9825
15.8721
-31.5151
-9.8433
0.336648
2.0861
-27.2326
-4.01027
10.5033
37.3085
8.53662
-8.1713
8.72485
7.53871
3.23392
0.967981
1.03244
40.7439
24.3161
-6.72384
13.251
-22.38
34.4016
-9.54437
-11.3188
-4.1784
5.30237
8.78754
-20.0877
10.0816
15.4519
-6.63176
-16.3883
7.0898
0.127222
28.1843
-7.22289
-12.3895
-3.00692
1.50215
-5.64718
-19.3345
-9.35411
26.0254
4.05147
-5.07487
9.27607
3.35288
-11.1882
-17.3033
5.74343
14.2926
-2.89435
-22.1783
-0.622449
19.1872
-10.5279
-11.7651
-15.7424
-4.54336
-11.4304
-10.4747
-9.12302
8.57912
-45.0958
27.9199
6.63921
-17.3705
4.60678
-34.507
16.5814
-4.91419
-7.48513
-20.9899
8.05382
-1.80535
28.9234
4.15049
16.1532
-28.6201
-7.51212
-5.47405
-24.6084
14.5924
17.5125
-26.4787
-34.2004
0.876506
28.404
15.6402
2.82794
-50.1184
-6.91503
7.67241
-0.0223024
-6.55938
11.0316
25.1455
25.8231
4.13863
5.22274
3.51095
-12.2568
-12.949
1.01689
12.4027
18.7854
-25.1616
-2.63281
13.7579
4.15402
-1.44239
-7.23695
11.0977
-1.56391
-6.01149
-16.8002
-33.6173
-11.4944
-5.78573
25.966
14.6361
-33.7307
-22.7693
-8.89407
3.62099
-24.3092
-35.0615
-5.66067
-11.9246
8.20624
8.01118
-29.1221
5.01784
7.87539
14.2456
20.2876
14.2132
-6.26984
-5.19126
33.6471
21.7791
1.11173
4.46459
-5.15155
-1.60603
-11.1571
26.5604
-22.2855
16.3554
0.132134
-0.0623595
-13.3913
-9.40076
-16.68
-6.52137
22.4379
-2.01387
-6.44593
-18.4222
-5.72874
1.88082
-27.1041
-3.48707
-3.02094
-13.7716
13.3774
3.66475
35.8665
-8.9797
6.23838
-12.7564
-10.3033
3.11018
21.2159
-6.91635
31.5763
23.3619
10.7
12.1161
-7.07589
2.69625
23.5053
4.57034
21.0702
-1.75113
0.823328
-8.92164
13.9502
-8.22854
8.39174
10.068
20.4806
7.37012
-4.99315
-0.385938
-7.54593
13.9015
26.3336
18.6036
11.4072
-42.4061
-1.70587
3.31311
-25.3602
-25.1056
-25.0912
-8.49714
-29.3117
-18.6674
-28.6761
-17.367
-0.366083
-29.1275
-10.8414
-2.8243
-9.29011
-14.6942
7.97408
2.48053
-3.22209
-4.97864
-11.8742
-18.8511
21.6606
21.0237
-0.433091
13.7307
2.94569
33.7119
19.0311
-20.1262
2.83261
0.74655
14.1761
-15.4395
6.76341
6.21122
-19.1632
-13.9458
25.9745
2.7658
13.7348
11.3799
8.30115
6.55877
-13.88
12.1723
1.50985
-9.09405
-20.6973
-10.3192
1.59757
-6.38389
-15.7786
-9.71701
14.6252
-1.25662
-3.76928
-20.3806
-5.9497
-5.40576
-11.0209
-2.20772
-24.2011
-45.9363
34.7906
15.9859
-16.9235
-1.27075
14.6459
25.6912
10.5983
2.19662
-18.9372
-3.17273
13.7418
2.19593
-29.4122
5.54858
29.7792
-26.7739
-5.37203
-13.0253
7.79791
-4.17354
4.21563
-22.3428
-13.8326
-2.66494
-12.5995
-15.8109
20.5599
-24.6605
-17.1844
4.27624
10.5883
-31.5969
0.941883
0.151594
17.0912
18.8967
-13.1073
6.34556
-3.89685
-6.43541
30.4228
5.35388
20.3386
-3.19913
11.3196
10.5796
13.125
4.2818
1.4859
22.7929
9.1475
14.4002
24.0072
13.351
17.3042
-2.89346
-3.64572
1.99099
20.4739
6.74067
14.9335
5.67386
-13.1285
20.3481
-13.9414
18.8206
-21.8045
2.01853
8.88533
-4.51646
-14.3915
0.847241
7.19802
20.7634
14.5801
-16.4212
30.4846
-16.392
9.96506
16.1829
-5.85915
0.310498
-11.4287
-7.58068
12.7912
-33.6096
-10.9085
-17.4521
9.55166
12.5777
-31.8967
-8.01964
-3.77105
13.951
13.8161
-24.6739
-1.79694
7.85464
19.4914
-19.9393
9.62718
-5.89247
-11.734
-24.0575
-18.7786
0.491903
20.0175
-12.3189
-27.5231
-5.75899
-5.81985
18.8451
1.33389
10.7734
-28.3021
4.51413
-4.17448
16.693
-2.07763
12.2076
-1.36637
1.86981
22.5459
6.50794
-10.2309
1.43896
22.6987
24.5993
-16.4632
-1.72691
4.08469
-1.44617
1.97308
10.0794
7.47711
16.6307
12.1462
-3.32559
-11.2182
-16.0912
-4.8274
-19.8367
-2.51837
-15.1544
-4.23091
-2.13087
7.3537
-4.55307
6.28009
6.14283
44.5057
18.1033
2.39751
-11.9941
-4.46205
19.8614
19.2759
4.1883
-14.4638
-2.62843
9.01084
28.102
2.80394
18.6119
12.4587
-21.0382
-1.13791
27.8655
17.9371
-5.20487
10.3213
21.1845
-1.70462
18.3277
-38.1554
-5.79291
16.1085
14.3725
-1.85601
2.26527
-18.9718
6.28404
-4.15619
21.5565
4.37676
9.05983
14.2399
-13.0987
-0.326757
-0.458017
31.3553
26.8386
-1.3299
-12.6729
11.3388
-0.67716
18.125
14.7988
27.0474
8.63765
-16.5608
9.87401
0.469753
-9.94014
-28.7699
-26.6238
7.25941
-9.08873
-27.9496
-7.43933
4.70216
-12.5721
-8.48435
0.49079
-34.311
-11.5424
0.480335
0.601076
-12.3938
-1.54826
4.12782
-6.69298
5.51591
-9.09362
-0.731389
-17.2217
26.7725
15.7981
-3.16564
-12.3426
18.7326
12.8005
40.6193
-1.74763
6.33258
-21.5814
20.6864
14.5172
-8.70326
6.11188
11.9434
-7.18137
-16.9509
25.5719
0.680434
22.3478
19.7796
-13.3333
-7.64561
7.18598
9.35241
2.79206
30.1251
-22.9699
1.49514
-3.93618
-8.24526
-26.5631
-20.8456
-18.6269
-10.2208
-6.88851
12.4158
-13.0618
-5.66945
-11.4541
-29.0618
5.34803
10.2996
8.44108
0.140494
-4.64485
8.19876
-16.3015
-5.06935
5.69765
-17.3697
-10.0489
12.8404
13.9498
2.08175
-13.6357
13.5364
7.10271
0.496855
-16.7663
23.3509
22.2624
-6.41396
11.9397
31.4032
-3.07186
-2.66602
-17.4371
-2.89
17.1349
21.9247
4.34797
7.51768
-27.6076
-22.0993
15.8624
-17.6768
-0.731275
-28.0905
40.2096
15.7104
-22.5228
11.8504
-11.9349
5.67591
7.39052
-0.338274
-12.2338
-13.3676
-11.7607
9.12068
4.69185
19.55
14.9423
-22.4903
5.11087
-6.95893
-2.31308
-3.17154
15.4859
13.5825
6.44722
1.48966
-9.12669
19.9479
22.9939
3.03186
0.532923
18.061
20.1967
-6.20519
-22.1105
-1.05155
6.29152
-20.0053
-5.00787
-8.37588
-10.0168
12.8087
5.34291
-11.7549
24.0325
-11.2428
-41.343
21.1144
26.2958
17.4818
0.645179
-3.19997
0.299472
1.87608
29.2659
-9.47169
-2.74218
12.9495
11.3578
28.4565
1.74557
25.1024
27.015
-1.7828
0.32944
-34.0049
-11.1384
-21.1248
-29.0371
-17.3221
1.93842
-3.57902
24.3205
-9.33258
2.07957
-2.91519
-15.637
-13.9959
9.87415
20.017
18.4166
-7.46613
-5.40314
-8.30669
32.6431
13.6089
17.8199
35.1965
22.4568
-0.659313
-40.2531
-4.25881
-16.2617
24.0961
45.911
2.40111
-19.2022
26.1207
3.57507
20.6318
22.8305
12.4223
16.2456
15.8394
-5.44147
12.9774
5.22908
8.00066
26.3196
1.41925
26.5131
-0.689061
9.45331
-1.56995
14.79
6.17908
0.181215
-19.0911
-5.94473
-12.7031
7.5937
2.86242
3.09441
0.263483
13.7563
-3.51175
23.7563
29.3446
-8.18063
-10.6397
-14.8926
-1.66075
-21.349
-13.6985
-42.1417
-12.9542
-24.4389
19.492
-29.9994
23.2489
-25.5506
-6.59464
-26.1252
-3.284
28.2072
-10.4554
-4.18874
-45.4742
-11.7216
-4.26509
-15.0071
0.0107066
23.4359
26.2592
2.72356
10.4663
-7.70449
-14.5815
-8.74593
-32.4571
11.6582
1.65038
-4.2119
-9.07629
7.52675
-4.35088
-9.75524
6.00969
6.5935
3.44077
-49.9758
28.9544
-5.58221
-24.1464
-8.06313
-20.0235
-9.09035
3.72652
-20.465
22.1507
-3.69491
-9.27718
13.6047
-7.54605
6.51011
11.1588
-9.95543
13.7575
26.4607
-30.5929
-11.5923
-21.8713
7.70168
-3.53242
-11.3888
4.85857
-4.82584
3.30165
-13.8886
-7.98911
8.76707
-3.44675
11.4933
-14.0081
29.2686
-4.50116
-8.5337
1.16106
-5.51252
-29.9653
3.83523
9.50313
-21.0894
-3.52299
4.21447
-3.57041
9.10359
14.8466
-4.28844
-24.1483
-12.7288
-3.95938
-9.54738
-10.0039
-15.764
5.64828
-3.85113
-31.0292
14.7314
5.44667
-19.5785
17.6411
-35.9615
-19.9754
-5.64323
-27.6905
-5.87438
-5.17836
-6.50752
5.8781
11.9493
-10.1948
0.618968
-16.2825
-21.4216
15.6546
3.61294
11.5847
-15.4523
17.9843
19.3686
-14.5852
11.8391
13.1062
10.2495
4.39665
1.05915
-4.55057
-25.2234
8.88816
-7.46696
0.585635
2.68312
-0.631692
-2.90731
-6.41138
26.0161
-2.81293
-25.1365
2.2962
-10.4571
7.66957
-4.98377
-27.4682
10.2112
12.2197
-10.2764
4.22777
31.7855
-19.7417
-11.3523
6.84662
6.46586
1.82859
28.7833
-21.6933
0.680795
29.7286
-14.3727
5.84349
-21.087
-14.2749
24.1212
22.3983
10.6738
-21.856
-23.1825
5.82459
-5.32958
-1.5622
-7.21769
-23.668
-23.6595
-26.9653
3.49568
-1.97274
-13.5529
24.3649
-9.55992
-2.53422
-19.4039
-20.1318
17.1278
-10.3728
6.7526
6.47626
12.4049
-16.5702
-27.234
26.0044
10.9512
-27.7903
3.27246
-43.8847
7.91169
21.7579
0.319331
20.9932
-0.672714
-7.41489
15.9607
-40.8218
-24.3412
10.9967
-1.86611
10.6227
4.72085
8.97224
-7.95184
2.05483
-2.64908
-7.62116
-9.40883
3.58621
3.76664
18.3295
3.59293
7.81369
2.64004
29.3231
-14.2809
-7.84037
-2.41037
24.5092
-2.40358
-0.274876
-4.58231
29.5508
11.5498
7.4917
19.9399
11.9485
12.7106
25.5818
16.5172
42.5283
-0.920472
1.62955
17.8006
-18.0418
15.4052
8.47083
-7.5212
12.5217
0.845284
-8.8472
4.81296
6.81908
-9.59755
1.67804
-6.03961
5.12004
-13.3352
22.4887
14.9875
-11.1899
-14.5783
-5.44728
-17.4847
12.9452
9.55597
-19.4344
23.6571
7.64188
1.80273
11.7017
14.2717
5.48261
12.2539
-15.3385
-1.38001
23.2386
10.0803
-15.4
3.75203
-1.98137
14.5681
-1.00428
2.45035
11.102
25.814
14.9197
11.6389
0.877396
2.40266
14.3385
0.588561
-12.3214
16.7597
22.4512
7.5664
-15.4336
-7.21597
-1.47559
10.3891
-5.99354
-14.753
8.5908
16.8215
22.9106
25.3715
15.4768
-25.3527
20.6233
-10.99
12.1706
8.41289
11.8041
-4.3953
11.2311
-7.86516
13.0583
5.40006
-15.1343
-4.73509
15.6712
-28.9632
22.9621
11.9067
23.5491
26.7688
-4.815
-1.95016
9.59384
7.82065
7.81436
15.3818
-13.4511
9.83337
0.73834
5.50844
22.9145
-10.5201
22.0346
-0.971423
18.4948
3.82542
5.72309
14.8584
-3.86999
-13.3982
11.1968
9.56869
0.335931
9.15783
27.4371
-15.1062
-13.3689
-18.4542
-13.4594
17.8191
10.0038
7.84402
8.29791
9.46653
-28.5488
23.312
-24.1769
-0.00303329
2.16986
18.2112
-4.97788
11.2998
12.8208
5.32425
8.85329
13.8096
-10.564
13.1012
16.2614
8.43134
-23.6009
11.6822
19.4083
2.22294
-13.4469
-2.81427
-22.5394
-4.13977
-10.9043
-7.62918
-16.9126
13.8851
-29.4406
22.9618
12.8986
2.3302
2.16784
11.4505
-23.9351
-8.10754
21.1785
17.702
-1.6143
-1.06417
-3.62429
2.07989
19.716
-21.3947
29.0486
-20.9589
4.7234
2.85096
17.6514
0.457715
28.2086
0.520719
11.1666
19.0076
16.7308
20.6478
12.479
24.3327
10.0558
19.0649
17.8864
17.3076
-3.64707
2.03216
2.18652
-19.1547
4.45033
1.47886
5.22765
-8.8973
20.8001
-29.8378
5.03881
-2.22029
3.95406
3.60886
-32.1773
5.17678
18.9573
0.83195
6.72011
31.4139
6.03435
10.1472
2.2334
-10.8279
25.0136
6.1016
-11.9298
-8.23139
14.7225
-1.43806
6.06984
2.6785
24.2888
-25.718
33.2459
-6.12991
9.78568
19.9773
1.93359
-12.7617
7.40589
17.2546
-2.65758
23.4546
-2.6941
20.3011
-13.9405
5.88957
-16.4447
5.35971
-5.75452
-8.84239
18.1448
22.9217
13.9308
-9.18503
4.43819
-10.5595
1.16439
1.14118
-2.747
11.3936
-4.6132
-9.49425
5.93932
27.8934
19.5676
28.8934
-18.9412
7.54694
-5.49113
0.108821
21.8927
-14.0261
28.5556
5.7926
-31.4976
-24.9414
-7.15637
14.2295
-10.494
-20.6209
22.8601
20.7278
14.4616
18.5424
-16.5044
-3.49839
-1.53385
31.927
24.1591
17.8711
27.2951
28.8338
12.9274
4.15098
9.88331
0.71463
6.10819
10.2735
6.49433
-7.53563
-3.69343
-7.08684
-1.59634
14.1133
-15.3912
4.66347
4.83983
-20.3283
14.2927
-24.3419
4.46102
11.8172
9.38254
-12.8374
11.0777
15.7692
2.07817
26.6989
-14.4463
2.79924
0.786242
16.3414
22.7283
16.6885
22.3067
-13.5247
-33.9964
-5.89701
30.3714
-4.66413
0.262321
11.1292
2.40766
19.1318
-26.8404
-14.1212
-13.0254
16.3148
-8.50222
-9.74465
8.99021
-17.7086
10.0146
9.48356
28.6355
15.7181
15.2548
-15.9334
26.0015
-15.6918
31.2619
12.0739
-15.878
5.99069
-8.96145
-1.85758
27.8336
-6.28635
-16.4853
-4.59414
0.259271
9.52566
-11.6677
22.4993
5.29928
5.53508
7.95066
-10.9724
18.7522
-10.6722
-24.4221
-9.85449
-1.70128
-26.6257
9.34679
13.0971
7.72797
-11.4699
-15.0517
3.13894
-6.57317
2.90996
2.07342
-7.72701
-21.1229
30.572
-13.4453
-28.6585
10.4486
10.2901
6.37389
-7.93504
18.6879
6.31037
-36.9467
-2.84531
-26.281
-3.52515
-29.5975
4.7605
18.5789
6.43534
13.0242
-5.31439
8.0609
-3.39149
-1.14503
29.7212
-38.5556
31.3757
15.3806
4.88376
20.9172
11.5271
2.28999
-6.19268
-9.88202
-7.53289
-3.96899
-21.8941
13.29
-23.1213
-11.7185
2.2677
-3.79957
-2.29388
36.1574
19.883
13.9324
-12.4302
15.2337
22.1308
-3.8183
15.405
-5.07097
-22.7574
8.88243
-1.54998
3.11966
-6.44001
-4.87634
0.0227276
4.31759
-15.3164
-9.11303
-1.18616
-1.28944
31.6573
9.46324
17.2829
20.3237
-10.7571
-0.396286
8.28181
6.77077
-8.16551
-27.4692
-4.25162
-3.40411
-5.25629
19.9286
15.5249
2.00629
-13.8046
-9.39001
21.2631
2.07873
11.2057
21.4443
-16.5381
-10.6969
-13.1166
4.7108
11.9806
17.0786
-0.323769
11.7239
21.6186
23.5065
11.0025
-4.86965
-37.874
40.5203
9.45043
25.8527
-3.34197
-26.9294
19.4736
-8.69101
32.6933
19.4117
3.33959
7.34142
12.9084
-6.5276
22.9506
-5.10784
10.5057
-17.2036
9.39969
-10.1866
-11.4628
-9.92119
-17.3738
-27.0221
-22.6557
13.0097
13.5622
15.1752
4.90729
-13.3202
27.7231
28.3572
24.4374
-10.3063
-1.13946
34.7198
31.9635
1.80515
0.87691
-7.98159
16.1752
-7.61382
-2.87666
-24.9506
39.7784
-24.2881
-5.61842
4.84177
11.5741
-0.867254
-13.5739
4.33794
0.444329
25.7452
-8.98461
23.2529
4.42992
-9.12228
5.06032
-22.0838
-8.8297
-6.91638
-33.0725
-11.8928
7.15441
18.3101
16.4098
16.7051
-15.6843
-35.4742
10.2836
-21.7903
-4.97414
3.57545
-0.922728
20.7823
0.81921
4.11231
-35.5604
27.9454
-2.36167
-6.69303
-26.9768
-22.8636
18.2111
-16.2625
-9.81916
15.5084
-11.3993
2.68722
-24.7913
-24.3688
4.90275
-10.6637
-18.6875
-7.67323
-9.43689
0.77042
0.546967
-17.3466
-7.59411
14.2343
-17.5708
-6.36034
8.0998
-5.77467
-7.58225
-1.61951
-15.7041
6.70622
-14.4589
11.5013
1.31265
0.201663
4.58097
5.12558
1.76154
-5.92954
-13.8653
-6.65887
-7.56602
-1.342
5.99584
18.5873
-9.18874
27.4818
1.14326
17.863
-11.4581
14.4505
-9.71636
8.08244
5.91434
-9.98585
-3.21695
23.5715
2.50634
-1.67482
-15.7029
-0.721301
8.66545
2.75585
-20.3273
-5.60854
-10.6269
-15.5671
-17.4646
-13.9512
4.1762
-3.17478
-1.29975
-10.8504
18.0054
18.9665
1.93405
4.76898
-3.89229
-18.6288
0.104202
13.972
8.12109
-9.26621
-26.0796
16.6105
4.04011
-0.394534
8.50189
-0.035338
6.87886
-3.31154
-4.36899
-1.35939
15.2293
-5.43071
-1.5456
-4.96285
-24.351
6.0346
14.1048
-15.0885
4.14224
-14.7146
-12.9338
-10.9071
-14.7565
-32.4853
-3.37138
1.31294
6.91174
0.913943
0.231454
-8.48285
6.46301
-24.2681
3.92454
-3.50897
-15.6792
-17.3404
-8.37049
-21.7929
7.11982
27.6346
-5.02907
-2.25602
-11.2382
11.8363
-3.55311
14.1059
4.53038
7.50608
7.73213
-3.21948
5.01855
20.1352
-0.65878
-7.73212
-7.60564
-6.21281
0.373735
4.27623
27.629
14.4338
-1.01166
-2.5292
14.0178
-18.7615
18.633
-28.2206
7.19838
-2.02993
-28.3954
15.0484
-33.1888
-30.8913
-22.2427
-9.37887
-11.0672
-24.3999
26.8696
-10.3503
9.67906
7.5287
0.474213
16.1135
-28.5494
-10.6819
-24.2631
-3.61005
20.2855
5.0472
7.08947
-18.5205
-6.2263
-7.65745
-17.4375
11.7736
-0.208246
7.32233
-23.6147
4.65983
11.3078
-34.8672
-6.34859
10.7329
-15.1322
8.26118
-41.1117
-10.9725
16.015
18.2489
-21.7898
14.6964
-6.56042
9.4527
8.82533
-5.31107
-38.9195
23.1312
39.1263
14.9897
1.63136
-19.2928
11.9389
9.90374
-6.01663
-0.61365
-11.1407
-9.05044
15.369
-1.86709
19.4669
5.79377
-4.95176
1.22048
43.8323
-16.742
-16.3319
13.1851
-8.89242
-16.8839
-32.3549
31.8123
-24.8916
-20.1387
-2.15646
7.83933
10.1808
2.23085
16.4645
-10.4266
27.8837
-9.31701
-18.1516
-12.937
4.2362
10.8738
25.6869
8.18568
-22.2686
11.4832
20.0867
-34.9422
16.7023
21.3424
-8.41454
1.38353
25.3985
10.0032
-19.7061
-32.5573
7.01319
18.3131
2.44819
1.8161
-1.34419
8.09589
-9.4488
4.60792
-7.39055
-12.139
-1.46729
8.09668
-16.4186
-16.4315
-32.4325
4.4222
1.43519
-29.3888
-5.19791
-25.9
-1.6843
6.24316
-20.398
7.63987
-19.9851
13.1566
-12.8402
10.1573
-14.5502
33.4209
4.62911
-1.86401
-6.03518
-13.8935
6.36762
-16.4105
5.42906
-5.35404
17.311
32.9207
-11.7176
-26.9431
3.65776
-11.5415
-4.26975
-7.39319
-15.3695
-9.7339
-1.50545
4.83211
2.84869
5.93901
-13.1357
-0.716387
-10.7137
-35.5345
-29.7818
-1.04992
-10.4525
8.13076
25.2
8.31756
3.03776
-26.8218
-10.4693
-0.00232955
5.78847
9.04026
16.7798
5.20092
16.4869
3.11088
4.36276
-9.31767
1.08384
-10.2847
-30.0824
34.4004
-2.87349
-6.9443
15.6974
-7.41856
-19.0884
3.47142
-5.90222
-21.0035
13.0568
-1.64072
-2.20337
-33.6387
0.720441
-6.66628
-12.8716
-12.3603
-15.2924
29.8398
-10.6439
-11.6141
-5.91964
12.7333
3.47946
-15.4314
4.29633
-19.0146
-1.83867
-0.87342
-8.89402
14.0745
1.92
9.67865
-18.0563
5.30048
-0.419832
-9.70156
6.32757
-7.49783
-15.4441
25.6237
24.4213
8.3646
12.2289
44.3551
27.6338
-12.5432
18.8663
-11.6365
-10.1431
-9.23175
-6.00138
26.915
-2.58517
-9.16826
-7.25984
-0.425008
-1.03599
-3.97491
-13.9168
-24.0697
-0.807289
-22.1495
11.0618
-6.0571
14.5735
-10.336
0.44611
7.8833
-27.809
12.0011
5.92235
6.54569
-12.2955
-24.7239
-3.70152
-21.3842
13.6442
2.86458
-5.4576
-0.604863
-10.6671
33.2857
28.2142
-12.7149
-7.72418
22.0865
0.52136
11.9687
29.3429
-5.45645
21.3422
11.4185
-7.28662
4.57113
23.8746
5.60491
0.931123
-8.28883
-4.83895
0.392121
-4.25588
14.3617
8.86866
-13.9684
-9.24375
1.39172
-9.33435
10.487
-15.7116
2.25174
0.989273
19.6076
-2.0794
-18.5143
12.5887
19.5928
-20.5508
14.6391
16.574
-13.8545
-27.6255
22.1881
16.6129
4.58381
-14.5518
-2.43756
5.00535
16.156
2.62397
11.4663
-21.7636
-20.7241
-13.4953
14.4751
-12.1949
-14.7796
-14.8309
-5.56445
5.09755
-20.465
2.46062
-6.81518
-3.74203
10.2759
8.01133
-13.7214
21.9378
1.4909
-10.9218
0.518383
13.9522
-9.11208
1.93812
7.18928
8.4369
2.84674
11.7311
10.2087
20.6684
4.24409
0.298768
-2.34337
33.086
9.78909
27.0283
8.88666
34.4059
2.08902
0.446582
5.93049
-20.3955
24.2317
15.7569
7.877
10.3888
1.84247
9.5759
-8.50527
-11.7376
14.6935
-20.4335
-58.6686
5.67226
-12.8909
-19.5562
4.7773
7.69293
10.4726
4.68454
7.06084
5.77406
-24.5056
2.91917
