-7.01591
12.1574
-15.2832
1.43462
-21.8671
0.0165465
11.4648
7.67099
-12.157
4.47349
5.47275
3.58064
-5.06484
-6.9689
10.8882
2.28248
-8.97463
-4.36659
-11.8828
16.4543
9.60967
-5.02933
8.71181
-8.42222
-4.028
-14.9484
-15.2186
-8.90521
-17.6627
-8.11596
-1.47448
-4.39066
25.2133
8.04419
-10.3653
16.021
5.89095
-15.4298
21.7641
16.3242
5.76563
28.0328
-11.7378
-19.996
-31.4862
-16.9437
12.6632
13.6149
0.564587
-19.317
-9.67939
-0.209238
7.87102
14.2998
3.33574
-17.2993
8.38122
3.46249
2.46677
4.82513
7.2201
-4.68246
6.91831
16.6444
1.54073
-11.9298
9.81456
8.24248
-24.5716
12.6363
15.9335
-0.654947
27.1427
-14.3284
5.72984
26.9549
-13.8017
-1.02643
15.2879
-14.8271
-5.63091
-6.30547
4.53891
-0.619955
0.85825
18.3173
-7.06975
3.65554
17.3205
-9.84997
15.1396
17.9088
9.1077
1.90297
-2.89763
-38.2916
-8.30042
0.544117
-0.112861
3.36918
-36.1014
-17.3632
-12.1408
-10.5377
-7.36699
-7.41306
6.23916
-6.6052
15.4528
-15.5024
11.2446
-21.3751
7.92317
20.0755
-14.382
5.73159
-17.0328
-14.2205
-20.3706
4.68856
23.2117
18.3328
-6.43227
-10.2034
4.49773
18.6214
20.107
-12.8774
-13.6069
11.1614
17.4564
-0.859105
-7.40377
12.1155
6.0055
-6.57845
2.67984
0.881975
-28.1141
-38.7471
-6.62079
-0.545945
16.5392
23.1625
-6.57536
0.111533
23.215
-4.63455
-5.81401
-7.02208
6.97421
25.769
8.21294
6.97121
7.5271
-8.75718
-14.6626
10.5999
7.40055
-20.8519
12.4315
-6.52277
-11.3096
1.79013
-14.6961
20.2618
-12.1891
2.61085
-3.34792
0.540208
16.9674
-15.8351
5.53805
3.79264
0.738902
11.4303
-24.5282
-2.08616
15.3769
-0.0829259
-12.6733
18.5642
-25.6631
-11.3519
12.7603
-2.85016
-23.3026
-19.0425
-10.7022
16.5381
13.075
-8.12388
0.552414
13.1986
26.1681
-21.3737
-6.72647
-18.127
-0.280517
-13.2874
6.96796
-8.40852
9.09297
-14.5042
-14.9125
-16.059
13.0743
0.595741
9.58509
14.5373
-8.84165
26.4547
-10.0026
12.1674
0.111223
11.5463
-28.6009
5.47737
-0.25223
10.6562
2.87974
0.851135
15.2125
-23.078
3.77101
20.3611
-10.1774
-17.5111
-3.05268
-4.42106
4.74741
18.6344
4.07188
33.7784
-8.68178
-32.0389
14.0274
2.01939
5.54119
-36.1978
21.0014
-7.6541
44.2752
-8.28648
10.3526
-2.17083
18.9742
5.41044
-0.887636
15.2189
-3.75418
12.7067
19.8643
15.9554
2.62082
26.003
26.2709
-18.6953
21.7657
22.9733
10.0205
-4.44639
26.9659
-5.94083
-1.89931
12.9512
3.56031
4.89094
5.46381
16.7907
12.9498
-27.5917
13.3723
19.8923
-13.9369
17.5236
-16.2871
9.42769
16.8854
0.776301
3.78597
1.04042
-13.9641
-8.42463
16.4227
-12.7614
1.17169
18.294
15.3586
10.365
-13.2172
-4.54439
24.6658
-30.5767
-17.6444
1.10265
18.2374
9.26355
-22.944
3.75833
8.36241
-13.747
-18.7986
-0.838858
-11.5479
9.86555
-20.9761
-13.5707
-2.75266
5.82082
-0.608966
-2.82091
6.13776
14.7679
3.86468
-3.58426
7.43766
11.8171
5.89792
13.6697
11.4005
19.6841
-18.3325
18.0274
-15.4265
0.897424
4.66977
23.9221
2.87604
23.6356
-3.62646
-30.1944
8.18664
-3.1281
-6.22976
-2.12334
-10.4056
22.9154
24.041
6.23956
-32.2288
-0.437954
8.18189
-9.80057
0.811373
-11.6458
36.0037
30.886
17.2148
-14.6219
7.94302
-31.6352
-23.5122
18.7663
-24.2657
14.3282
7.71653
6.21157
-18.5632
-9.58154
4.68093
28.6973
23.7939
13.162
4.01946
17.4289
-0.848737
-13.8042
-6.62478
-4.48721
6.90652
4.63407
-1.70269
-15.0905
-25.6889
7.58192
-18.6169
-4.77422
29.835
28.1188
-12.4788
2.04318
-26.4202
11.8981
16.094
15.0968
4.46098
-11.8962
17.2177
23.0041
13.3741
19.9268
-1.74594
-12.8985
20.2426
-2.44753
37.8287
16.8943
19.5866
-3.81152
6.00939
-3.22777
-8.17664e-05
-21.2421
9.45596
-9.42045
-1.17257
14.2095
9.04474
-1.17675
16.556
35.7845
7.03126
-11.3256
16.3523
-2.73565
26.8974
4.54918
22.1634
19.6017
-3.61989
19.861
37.7415
3.3908
-7.63376
-28.0341
-19.6643
-2.00087
17.323
25.3498
18.4251
19.4394
-23.6526
-32.3942
-0.631449
11.2365
11.4069
10.4596
-9.33654
1.54612
-0.690537
-8.26605
-23.2196
2.76299
19.0613
-3.95733
-2.81405
7.91039
-1.45186
-12.3791
-1.7657
7.25623
3.02768
-14.1164
24.7337
-24.6738
16.5263
23.2604
19.786
7.21538
3.38919
14.998
-5.50374
10.8982
17.3343
32.8613
-0.493296
17.5181
17.9733
-6.56558
6.3675
-8.99158
19.1696
29.6348
-0.569045
23.6006
19.8719
10.1543
13.6798
-5.6649
-4.44065
19.1201
-16.5667
21.9096
7.12077
-6.04865
26.9569
20.1957
22.7333
-4.07878
29.0718
-2.76505
-0.370137
-9.15489
9.63359
3.75171
5.45018
6.76137
22.5567
-0.851401
-15.3664
19.1932
7.72545
4.57984
-9.9495
-2.95887
2.23131
33.1379
11.0094
-7.56284
-7.73587
5.61002
11.0603
6.95069
16.325
-5.46644
-1.93063
21.3805
2.97578
7.22315
-20.6294
0.306702
-5.31511
20.6739
-1.38699
1.35579
-6.20851
-19.6019
15.144
13.7344
22.4784
1.26581
2.91126
8.38185
-9.51851
1.82232
-6.93194
14.4405
3.75162
1.65748
26.1662
11.8761
-19.4649
12.6376
17.8615
21.6781
15.1115
17.8193
-11.8049
-16.3903
17.8647
-1.29312
2.44129
-8.77311
27.9974
20.1472
-8.79063
8.08761
-7.17961
0.283806
7.21821
6.23515
8.40111
14.6651
1.26668
27.5529
11.4534
9.95475
14.84
9.69874
-19.1045
1.67527
-32.8693
11.3117
-13.9279
-11.0529
-24.1262
-12.0302
-8.69966
-6.43581
0.929989
9.92775
21.6173
2.2786
12.0981
14.9496
-7.68508
-2.11239
2.22506
-3.12256
-2.44992
16.6545
-11.1743
6.84353
-21.4579
-19.4378
-8.92244
0.15497
-4.26927
21.3982
28.2201
0.757956
17.922
-8.0679
-29.3576
2.15593
-20.8357
14.0411
7.61847
22.7622
3.75889
-7.82456
-13.4333
5.07894
24.5334
2.71027
2.42317
22.0472
7.93412
15.3896
-31.1239
-7.8811
5.02036
-12.8976
8.34293
-15.1939
-3.16203
4.31584
-14.7524
11.9661
-19.0962
-11.1781
20.7332
5.24569
10.1714
-11.7906
-6.17612
-1.00209
9.91208
-7.89614
-23.7505
15.9291
3.86331
24.3582
-9.79657
14.573
-3.68869
9.48356
6.77529
-0.280849
-2.57713
1.25698
14.5352
16.5569
-3.18582
-11.443
-3.88097
-16.7028
-3.24452
4.2455
21.4738
-12.958
4.56778
-15.4695
14.2151
15.3837
4.25752
-0.49669
-10.4943
-47.8059
-1.00311
-11.7885
-7.72079
31.1319
21.2146
-25.9093
8.97699
10.37
-4.77841
20.5769
15.382
-21.2634
-11.6355
9.74169
7.67689
10.0475
0.506194
-2.8696
4.28143
14.3361
-41.2586
11.7091
-26.3001
-8.45549
-3.03472
29.078
32.3861
11.6299
11.2481
-3.96473
-3.05369
13.2057
12.2314
19.1043
17.3131
-2.26109
22.8156
16.045
15.1866
-11.9861
-2.06331
-15.831
11.8211
-1.25302
-2.01419
5.15012
11.7575
-21.5431
49.4758
28.9799
26.6336
10.8186
35.6231
12.4877
12.7243
10.7397
-11.5819
2.04237
23.7939
-23.8724
12.0814
16.6101
1.89481
-26.8312
-18.2829
13.1834
-6.4772
24.3219
-4.39401
-16.6746
3.42007
-12.3152
14.8242
13.6748
8.35855
-8.3053
6.42367
-1.73947
0.602565
-34.0994
-5.00535
-2.45004
30.4513
0.39917
1.45411
11.4646
-10.1101
16.71
-15.0413
-1.8592
13.7589
19.4904
7.24984
5.55368
0.246537
-13.5646
-8.06511
12.5881
-10.224
-2.70181
0.0725743
14.1594
18.263
9.94663
21.5055
22.9426
-42.064
15.687
3.12828
-2.29596
-18.2695
2.08222
6.79414
-14.5417
3.31879
-15.6348
-2.62568
-1.18097
3.44043
31.9912
17.4684
8.2393
9.35574
-8.09129
11.911
-0.241037
24.4316
15.6002
6.70621
-9.39212
-2.10033
-4.47291
0.385475
-1.13988
-11.4513
-8.02803
-9.92245
-21.6412
16.8231
-9.7779
-5.18968
35.8051
-8.48185
-4.56782
-23.8124
1.11327
9.03763
13.0845
-0.27963
-24.0012
-21.4997
7.88454
-10.591
17.9248
10.1241
9.06738
4.10803
5.74181
-20.748
29.3404
27.6233
-0.679713
21.4515
-6.27158
-18.3027
8.58694
-1.88242
20.9615
28.1643
3.48008
6.52273
-7.03907
-0.589242
21.259
-3.28863
-3.73421
5.88993
-1.04754
13.3291
-4.80187
-19.0736
12.8113
-3.46446
1.32491
4.80097
-15.5797
19.7456
14.6712
9.85668
18.7411
-1.59305
6.21844
-13.1995
-14.9972
2.37087
-5.34205
-0.000790139
6.11537
0.929118
12.0118
17.6568
-2.86738
-22.1303
-1.7494
8.30611
-0.374511
-5.70989
-11.1432
13.6253
-12.8889
-5.6918
16.8779
10.5231
-19.7395
15.173
-12.826
-15.9464
-3.46033
-35.2295
32.2504
9.46976
-9.97866
-17.6185
10.0203
0.664125
5.77875
-12.3414
12.7086
35.6337
31.3018
10.5403
2.735
2.31166
-24.3637
16.2009
6.62088
4.85621
-33.0991
7.02168
3.81495
5.56252
-13.4923
21.2824
-15.4647
-2.61766
20.3517
-12.8199
5.94573
21.0247
4.22289
-12.3382
10.992
-35.8628
8.01779
10.7446
3.55204
6.42954
3.75284
-12.4945
9.27916
-17.6096
22.6729
2.33896
-35.0657
-1.09903
-14.4593
5.23193
-15.9974
-14.5937
-20.6871
-35.0741
-22.8927
9.77831
-13.2479
-10.1207
1.10005
15.4715
6.16746
-17.6713
-2.88633
-10.8594
-9.30687
13.4535
5.32082
-23.5412
21.0639
-13.1862
2.27617
22.5637
6.81083
2.00733
10.737
9.64089
21.3332
-5.145
20.8533
1.0671
22.2288
-10.4188
-17.4224
-13.567
10.4752
-9.60948
16.5378
-13.3055
-4.86895
-11.0465
-0.285809
-9.77984
20.1387
-24.9841
34.7878
-12.6418
24.2763
1.93938
-16.0042
6.71038
3.98136
17.8027
12.1975
14.1773
22.8674
0.896328
15.057
-21.7482
-6.27026
2.97566
-16.9559
-4.31455
6.64661
20.4067
-10.765
5.96163
3.9407
-27.6578
-3.41918
-9.72617
-12.5985
-32.5741
17.2758
-6.88992
-17.1277
-11.0842
6.25133
1.88161
15.6477
0.490052
-7.55819
-7.30238
3.45519
-15.2265
-2.59564
9.56366
-3.54186
0.757403
4.60149
18.0178
4.28098
23.2072
-19.2139
2.28436
5.99749
1.06772
-7.78427
-15.9995
-1.12686
-2.2319
5.55001
-22.8909
0.597958
-18.3244
20.0543
-14.3903
-3.63605
12.9258
25.2259
-1.09947
14.4472
-2.4095
-3.8259
-2.34314
-0.378958
14.9235
1.00974
11.9634
-0.965333
18.6704
9.67432
-7.38109
16.1924
26.2423
-12.2241
-13.8287
7.70239
-6.42264
27.5256
-14.0856
-40.2566
4.81052
11.9612
-5.45836
-15.1553
5.22684
-0.283783
-10.8544
-15.457
-5.50992
-1.83157
0.323921
5.59024
-12.3381
21.6748
-10.4521
6.42117
-1.58962
8.1291
19.4281
10.6139
11.3538
17.7743
-13.4775
-1.05272
-6.57385
18.1395
14.9971
7.62465
-18.5477
-1.68886
8.21012
-12.028
-8.7111
-15.3737
-6.1373
5.12522
-3.45773
9.16878
15.228
-2.44666
12.4122
-0.684104
-7.13029
-7.42373
6.35902
15.8527
27.173
7.43365
6.17409
-22.1996
18.2981
20.0614
12.1297
12.3431
23.1177
-8.6337
-0.864505
19.897
-17.5724
-5.06416
-14.572
9.303
-9.29827
10.8179
7.75851
1.80441
15.0725
16.0971
1.22502
5.69517
-7.81333
21.4012
-0.193322
-10.2602
29.2336
-1.81324
-4.65137
-2.78729
11.0633
-1.47893
11.3584
-27.3262
31.6231
-1.20407
-19.8474
-23.2026
-12.192
-1.42392
-9.28543
6.62193
26.2862
0.477773
-8.59005
0.980561
15.2796
4.90619
35.076
15.0343
12.5161
0.523625
9.43357
19.0349
18.0573
2.37101
13.6194
5.68097
-6.37517
-6.02931
-5.67794
-22.7379
2.25107
-6.5947
3.15014
6.15602
3.59622
-19.9656
-8.99184
-12.633
-12.3822
-0.0287618
-4.59351
-10.6178
-1.99879
-6.17462
8.11306
-7.39257
-10.0993
-2.61189
20.7825
11.7672
3.91754
-4.18422
-19.6058
-11.668
-28.0623
6.66105
-15.6915
-7.68178
-25.8797
-15.3583
-4.09644
11.2436
-2.45242
-8.44026
7.10741
6.78658
-5.72742
21.048
16.114
-8.49752
4.91225
3.11212
-6.30774
33.2862
37.675
-9.32893
-0.341955
6.66517
9.67245
-10.58
-25.2554
-9.5863
-11.9653
7.90429
10.3731
-6.38814
-10.2711
4.22793
-6.44647
19.8115
-0.822059
-4.19724
11.0247
-9.21802
4.65065
18.0248
22.9047
10.336
14.0877
-2.03885
12.2045
-19.9678
16.6446
-18.3723
-5.7388
3.88201
-14.7128
-2.23728
2.39803
9.03558
18.4177
8.9019
-12.5749
-13.545
26.7975
11.884
8.64562
27.0807
-2.93835
10.9071
2.91995
-3.8058
-29.0138
3.20978
20.5216
-5.21683
12.6716
30.0945
-4.03223
-6.5317
20.715
15.3343
9.38857
13.1058
-9.26565
-0.387262
-8.93379
5.24671
-2.8927
2.88228
-4.60129
-15.3069
10.1113
8.29405
-21.1062
6.71961
5.23872
-8.29352
9.07467
26.7525
-3.87606
9.54746
17.1086
-1.05204
-2.82885
-7.68053
12.4184
-1.17128
30.2762
4.65213
1.31542
21.9909
22.5701
25.0625
-23.3439
-2.54005
-16.1492
-8.31856
5.0146
5.42514
8.28693
0.0914298
13.2544
12.2826
17.06
9.58797
20.5834
-29.8685
-0.710973
-3.34413
-45.615
-0.532763
13.2001
-2.68223
-7.05713
-2.91569
-27.2388
22.5414
-7.65373
-21.3949
5.58516
-2.90407
1.93376
-3.01031
-24.689
19.9762
21.3014
-2.26204
0.926386
-19.4217
-0.0957256
-12.4303
5.48786
8.82984
19.6637
2.46875
-4.54474
-9.63025
20.5574
4.79752
-4.71452
9.85092
-24.7286
-19.9799
1.01869
0.935689
7.7124
3.70754
-40.0599
34.9108
-5.46057
-1.26094
3.81814
33.1133
-17.7437
-4.12112
23.4556
11.8529
2.75187
-16.1833
-10.207
-6.39176
8.07814
-4.48507
10.7815
-9.31435
-4.70906
1.60667
-15.2431
4.50453
-1.68556
9.80909
7.74452
12.4704
-2.57856
-15.7821
19.9128
6.3205
-8.98065
18.839
5.77303
-14.5966
7.37239
14.1556
4.63701
-4.2914
24.6805
3.60605
-22.5886
-0.659037
25.7671
-9.25952
-15.8244
15.1302
-15.2776
18.0229
10.5997
-23.0723
16.9075
3.26981
17.5975
5.44885
-8.2813
-13.2547
12.4381
15.6786
0.401957
6.78144
-9.77714
-2.37001
-12.5434
-1.24078
-5.98354
-10.1143
-16.7904
9.91187
13.4776
-0.0976714
-4.95371
-8.68326
8.1066
-2.38397
-23.4761
-22.3224
1.5847
-10.5817
-3.81699
-33.8936
-14.0518
11.9575
26.3349
2.07042
14.9379
-25.8022
-7.7111
1.69291
-9.83044
-15.8179
-4.69987
-12.771
10.1312
18.5128
-11.7021
-4.75708
2.64664
-18.2033
23.0151
8.1754
3.66604
-17.3526
-2.99558
-4.63239
-17.2406
11.4632
-13.2115
-9.14784
12.1121
11.2036
-1.55225
-13.5894
-4.77601
-6.41988
7.94731
3.0691
-1.92324
14.9153
-60.7009
15.4958
1.00175
17.8154
-1.34547
-0.4033
29.5009
-0.996877
-1.6053
21.41
0.795112
10.3699
8.55472
12.4576
12.3295
16.4526
26.7764
3.5112
10.4369
8.96496
-23.8662
-1.53946
-17.9659
-5.43221
-3.68555
24.959
-13.0827
1.06958
15.0709
2.48055
-14.0514
12.587
5.10025
-3.75537
0.685499
-25.817
14.5462
4.62719
6.26295
4.78863
16.367
15.9554
-24.5788
-30.7394
-11.1474
11.0136
-8.24226
-12.1794
2.41291
13.3925
1.48942
-16.9269
-8.66848
9.63697
-7.91882
-5.9963
-2.12578
-1.76103
-0.131513
-20.9295
-1.25095
-0.914459
-19.9119
-15.6541
-0.777604
2.50865
-16.9214
0.370556
7.58228
-2.89851
5.34958
-17.0286
-13.2048
-25.7731
-5.61895
-8.20623
16.1112
3.44077
5.11655
9.33695
4.99074
-23.031
0.477916
-19.4961
11.3912
14.5554
28.1619
-0.0332943
1.7985
-8.18972
7.31596
-5.2193
14.8156
-2.36128
4.87342
3.10916
-6.70853
7.56558
-12.1068
-7.1808
-6.72437
5.59816
-0.316367
-26.6754
-6.39721
8.51603
-6.48612
20.8126
-9.51248
31.3677
-8.60237
12.0303
0.466072
-9.30098
7.68894
-4.79575
4.64455
12.9806
1.8737
-8.28948
-22.4083
-7.21875
20.8865
12.8886
11.6862
-31.1037
26.3246
11.8918
-8.24105
-2.94239
6.26557
32.4183
-8.80959
5.92317
1.73764
-3.40012
-33.752
9.79585
-8.19961
4.4237
22.6799
-0.827307
-18.9461
-0.713278
-4.98519
-22.9243
-11.0114
-0.0936447
0.0426624
13.1574
-15.7545
17.9668
24.9696
-1.19927
-15.4058
-3.34321
7.28749
9.79865
-10.5589
6.71831
-7.17666
-20.9152
17.3365
-0.475293
15.9962
-21.7724
-9.45055
-11.4716
9.5009
4.22946
-35.7312
-11.113
-27.1613
-10.7222
1.85643
1.18922
-4.13099
6.01738
-9.96309
3.02271
-23.3332
-7.37003
-1.35767
-26.7202
-19.5217
-17.9699
-5.34074
-10.0338
-3.03927
4.59634
4.86051
8.13396
6.67553
9.28228
9.97726
-22.2351
16.0697
-19.2875
-6.36234
22.9232
4.64085
23.5531
6.0881
25.0186
-17.5896
21.0259
8.31933
-2.50272
-4.09499
-1.38082
-3.06246
14.6977
-7.00974
17.5277
-14.8816
-21.917
14.79
19.9819
13.0897
9.75912
-6.80614
-19.7521
12.9046
-14.4738
-0.516985
-18.5442
-13.0067
2.32083
5.12349
-9.82646
-14.3921
-20.3064
-11.348
-4.74169
4.22154
-13.7051
7.86414
0.932121
11.9693
13.9388
26.9541
29.402
3.13761
5.2549
22.7483
-17.9962
13.9286
8.54498
8.34797
-26.5363
9.80674
1.71638
7.94615
5.77136
15.0783
10.7981
19.7619
12.2075
-8.43789
-12.6356
-0.723577
38.9611
10.2705
20.0308
-16.1586
-11.9243
-17.9392
22.0689
-3.37305
-0.270502
-2.55925
-8.96931
9.19823
4.47679
-13.7034
6.46916
-22.092
-0.0558388
1.44797
-7.41551
18.1179
1.51466
-29.0069
8.64713
4.41065
-19.0663
30.3878
-6.26285
-10.0829
7.57128
-22.5973
-2.61924
-6.68824
7.85085
-5.13983
6.11512
-0.693215
24.0402
-13.404
0.930851
3.72268
-4.06966
-7.65585e-05
18.462
11.4093
-15.316
-12.9905
18.6271
28.6531
-13.9794
14.7714
13.9205
-7.87718
23.2938
1.44421
38.7558
-7.36813
-13.2518
-6.41762
-15.1092
-21.8171
-16.6903
7.70459
21.8557
6.46975
-19.9818
-20.4187
-1.88929
-5.14283
-30.4743
9.98692
-24.9504
15.0019
-4.62256
17.6176
-9.7536
8.7765
18.3351
-16.2572
1.39312
-20.1762
-12.4539
-12.3991
-6.66667
-28.4909
26.4735
16.7108
4.74907
-7.86686
-7.59709
-2.52161
-11.6522
11.5625
-23.1809
-7.13309
-3.88493
-13.5787
12.588
-21.652
-30.9748
-12.8515
2.60061
-13.4706
-6.94463
-7.76989
-21.4627
5.40164
9.28856
9.94449
24.6858
-30.3048
-6.64561
-6.84893
3.62817
-8.78879
3.92374
-6.47674
-11.9107
-6.331
2.90553
-0.522187
16.6214
-3.95304
-45.3396
0.46541
6.73352
-13.7727
-0.401671
-1.8687
-10.7355
-1.38952
9.01157
-4.31132
-1.83033
0.14427
14.5471
17.3731
15.886
-13.4151
-5.5911
1.77733
17.8701
-2.07082
25.5821
-1.91739
28.5302
2.24022
21.315
35.0829
20.7172
-12.7944
4.9528
-11.5338
3.93615
-15.9855
-3.85323
-9.12573
21.9975
-13.7418
17.2283
-9.28688
-32.4906
-14.814
-1.49726
30.2626
-17.2824
34.9404
16.6945
34.6641
-7.23493
3.13052
-15.6312
1.63482
-15.2697
-6.56026
-9.57002
-20.2086
-16.061
21.2142
0.702635
11.5785
10.5979
13.4701
13.9302
23.5123
-1.32013
-6.26302
6.34087
-1.79441
-15.5121
5.52868
17.6418
-8.26404
-14.6819
5.95497
-28.4179
-29.5295
-15.2104
-2.55645
-27.0444
1.1668
23.8877
26.8424
-13.7626
-5.23014
18.8956
-17.4278
-0.768701
23.0577
26.355
2.47496
4.81769
-18.2411
-16.1791
10.3197
-3.97977
-9.83327
6.87613
4.96084
1.03322
9.04129
21.4922
20.7385
-2.48214
2.20148
14.9999
-23.9768
-6.69918
9.48831
-19.4351
22.5853
3.46579
11.4965
9.87851
-26.1373
25.8347
4.55579
7.90922
-11.7403
-1.2536
-25.1397
1.35684
9.68734
23.6746
-3.34259
-1.26093
2.30493
12.2725
6.58475
20.862
-6.06692
20.7277
-7.17414
17.1645
-33.1002
20.5886
-5.45569
1.64374
-9.26673
16.4241
13.5998
-14.3375
-9.01454
-12.5225
-0.141994
8.61013
-42.7762
-15.5324
-16.9908
-33.0329
11.853
-0.0414447
-0.369874
1.23937
5.11289
17.9923
-15.1371
6.35252
16.5465
-9.68498
5.21778
-14.267
-4.39656
7.05206
5.42388
-5.07043
6.21544
-13.9758
27.9674
1.95071
-35.309
-9.31959
-12.8239
-21.9371
8.75431
2.06867
-12.3246
10.6099
-41.7187
-5.59417
6.12055
0.265358
-9.2952
1.5427
-25.5022
-15.2287
4.36254
14.9888
22.8841
5.93293
2.73315
-26.535
-16.8641
-2.06678
3.22084
-19.9454
15.1712
0.595004
-14.8121
-0.103079
2.88144
2.39392
-0.0322453
-16.8278
3.14179
-23.1275
5.45669
-4.72975
-15.2753
-32.1413
-11.5111
4.54624
0.041904
6.29686
-16.0664
-2.89447
5.49602
1.78111
8.27611
9.71645
-8.18742
6.05678
-0.19356
5.18455
13.7701
35.3654
4.77212
-14.0517
-9.58457
21.1433
-1.76753
-13.9265
-24.3061
2.06638
-14.751
-5.13771
1.17514
6.44239
-10.6263
-42.9106
14.156
-8.99524
15.6518
3.87279
0.18716
-8.1534
-15.7454
-0.401564
0.57298
-23.3501
-5.07646
-28.715
-19.1366
5.03578
6.80371
-1.50084
-5.45056
9.67793
5.1246
3.48096
10.5231
-4.41244
-5.68907
-5.64916
-2.44462
1.1574
21.1955
-28.7149
-11.2636
4.13699
1.94543
-11.5464
12.4434
12.8838
9.38393
-6.86086
13.665
4.50587
-16.6554
-5.99742
15.1518
3.3708
3.81429
23.2361
-7.74016
-4.41395
-7.32276
3.26052
9.74113
-14.4972
20.9037
26.4431
4.5124
7.89675
5.79647
1.59555
12.9531
7.75691
-1.37277
20.2995
-28.819
-14.991
-34.7087
24.9225
-15.7897
-25.2766
-13.4153
-27.2953
-12.8085
13.2342
-14.4089
-7.46697
-7.73865
-13.5754
29.0932
7.86768
-12.4997
-11.3962
25.7301
26.869
-24.9449
9.26085
5.95174
10.668
0.580535
5.7749
-10.3263
-5.71964
18.5845
-0.714971
4.24106
3.32616
16.8987
1.61421
11.8826
-3.02354
2.00509
6.58821
-27.6375
7.84601
-4.57553
-3.44127
-7.11068
10.7745
30.474
-1.50601
-6.25337
0.580422
20.18
-40.7611
17.1689
-0.0643593
-2.58934
2.90468
-5.41655
-21.8663
7.64156
-8.64965
-15.9064
-10.6723
6.19051
-0.804452
17.7114
7.71589
-5.35902
4.41641
-3.10881
2.33669
4.52976
-0.725934
-5.44435
0.435888
-2.86859
-5.13682
-1.43708
15.432
30.2364
-18.4408
15.2614
-11.0826
20.4942
6.55525
27.1312
-10.6633
30.9999
-23.9061
14.4423
-11.3751
-1.0088
-30.4171
-7.54422
-1.31846
-16.1142
6.99128
8.04538
21.407
5.76871
2.04287
-23.58
29.0767
-1.99209
33.7784
4.11382
-10.6726
9.39996
2.30134
-6.77153
0.999536
7.39018
13.5535
-6.06842
7.43877
16.9612
27.9081
-1.54868
5.67024
7.922
22.0515
15.7182
4.6404
18.4794
18.4819
15.9384
2.12893
16.4727
13.8361
22.2257
-13.5491
-37.3172
5.0023
-2.96131
-35.8556
-1.89081
11.8133
24.6506
6.67088
-9.19819
7.32679
-7.16183
-12.6107
-9.33293
-0.904931
-1.77001
17.3209
-2.84285
-20.4348
7.48391
-13.8189
-4.62757
-14.4839
8.60616
1.99822
0.547281
25.6411
5.40255
6.87149
15.0905
-23.7676
38.6585
14.0376
11.5899
30.7022
6.56515
16.6359
8.90659
3.85545
7.06321
-13.9308
-1.99002
-15.2991
8.23587
-17.4719
-9.89506
-22.9077
-17.4413
-12.5227
-19.1877
19.8953
5.44135
-11.983
12.1033
10.8956
-18.1781
8.1638
15.3699
8.65858
2.10824
-17.2531
19.7428
27.6816
-19.8046
-6.10803
-25.5406
18.5996
-20.2394
-18.6004
-2.02961
-6.91662
0.874291
-7.07916
4.50327
14.7962
-33.3959
9.5063
-8.10303
5.04785
-4.26908
-4.23692
-4.90512
-3.36378
11.3498
6.93805
-3.55996
0.267892
4.60699
28.504
0.372698
30.4638
2.02928
1.87563
4.01561
11.5027
10.9432
-2.73991
5.18161
16.1856
34.2793
-0.531793
17.6365
-7.66681
3.13902
9.45799
-8.27978
31.4432
-6.04616
2.55114
-30.1871
-13.6574
4.57167
8.2921
-25.8967
15.3209
-26.4292
2.16962
0.212647
18.5607
-7.68113
-10.5865
28.146
26.2961
-14.785
-2.66393
-9.55311
1.37572
-0.29899
-19.1812
-2.40812
8.60056
-14.3767
-12.882
-3.44476
1.14621
2.83787
15.945
-1.49075
-2.54787
35.12
19.7831
-29.4669
32.1045
-9.56971
-4.33741
-27.3476
-10.6495
2.9771
-6.71762
-3.76407
-22.071
-7.17724
4.98578
2.63177
3.25116
-36.0261
-4.12429
9.28387
-8.20009
9.87548
-10.2846
10.1828
5.29173
20.0068
8.17437
9.32783
7.68573
-5.22881
6.08642
-3.18047
-10.4048
7.70462
16.7091
-2.32548
-7.41509
-12.3992
-6.22023
8.06586
-12.6042
-27.6544
3.02505
2.05852
-1.51967
13.1202
-36.1154
-15.819
-28.7024
10.7477
-26.6628
-5.79812
-2.60106
-9.78887
17.345
-8.92426
-1.39452
19.504
-21.3794
-7.51591
-16.1043
-8.64064
11.8149
20.3265
11.0623
-4.6612
5.49974
1.19839
4.79474
4.08281
-2.54434
-2.91612
1.10772
-0.0283008
0.24439
20.331
8.18265
17.1343
-9.46274
8.08003
12.5968
9.65405
1.92988
21.0754
22.6889
-15.7207
-0.901871
18.0774
22.6054
22.2123
-0.587036
-0.882908
-19.235
-0.548766
-3.01205
2.46971
11.4456
3.12045
-6.83479
7.37657
-7.94457
12.3599
-2.79308
7.71104
-11.7515
29.9466
-12.1125
-1.2115
10.8266
-0.900254
6.87776
2.68955
2.79145
20.4001
27.2228
12.7178
-11.9348
10.9206
1.45232
21.1033
29.1153
-2.31353
-7.67576
-27.0735
-16.9182
-20.0273
19.2886
15.2994
19.6419
7.39712
-10.5549
-13.9151
-3.67362
11.8115
-21.3063
-18.5246
-29.1192
4.21267
13.9062
19.1716
3.83218
21.7645
-0.0539733
2.71238
-6.87089
-9.76808
17.0828
-6.2801
11.9569
-49.3227
-10.4555
22.0527
17.6549
4.93603
15.4306
-1.37294
1.70021
-30.6209
5.96886
21.0554
-14.8826
-15.0164
-33.8751
28.247
25.6945
7.80738
2.97181
8.20462
13.9757
-31.433
8.96909
-12.543
0.398204
-4.13057
12.0999
3.13772
9.44855
4.81339
12.0015
4.60504
7.71222
11.9535
3.18708
-19.8272
9.02426
-29.2538
-3.50178
-0.328117
-11.3676
3.72313
2.86746
-6.50452
-4.8084
-5.80865
-3.01123
6.55974
-3.92534
-15.9992
6.08973
-8.33259
-8.24484
-16.7426
2.86536
-25.3149
-14.2056
0.0064208
25.7584
21.265
10.4486
1.20866
16.5897
1.3597
10.8456
25.4853
17.6834
3.01563
-4.27319
10.1657
-4.91514
-4.52216
-3.79554
-1.05495
13.7991
-10.7699
-7.68356
-2.49991
-0.142939
30.3306
31.758
-11.5366
-13.6517
6.00592
-1.41166
12.6308
21.6518
5.26952
24.895
4.65833
11.8629
-3.51492
7.96589
-1.67143
-4.40777
19.6503
-8.91451
-15.9292
9.41099
0.871666
24.4874
-52.3963
8.7483
4.14118
-27.9541
-7.10494
32.0267
4.2488
10.9777
-7.54197
-18.7993
9.44722
-15.0437
-9.2263
-10.6516
29.9404
-4.7533
3.84856
16.9594
-4.22781
-1.1907
-26.3642
5.11649
-4.64363
5.30945
-30.343
5.16347
6.42164
-30.073
13.9917
19.8597
-15.2628
-1.36008
-0.523231
-10.8668
-14.0348
2.23022
18.4893
-12.1662
-17.4386
-7.9448
6.33547
11.087
3.88964
5.63829
-21.2563
27.1384
-8.93855
-14.9943
22.769
-9.06039
-1.35394
14.4301
19.4159
1.6965
2.73601
-8.28673
11.8435
20.5967
2.08355
8.8387
-18.5608
4.88881
21.2808
-1.24644
-4.9381
-8.9584
0.578977
-0.228546
38.4965
19.367
-0.268908
-21.2098
4.79065
-15.5807
9.33715
-4.46642
-19.8362
-0.0428973
-6.48674
0.0123684
-12.808
3.548
-6.56405
7.34993
-10.5322
8.40675
22.6763
15.1481
-10.7994
24.4509
1.5778
25.2175
4.06964
-20.0282
6.45886
-5.11166
-27.3166
4.4376
0.677156
-7.50286
-4.68935
12.8281
-9.78067
11.1436
-9.63697
-17.9609
-9.95669
27.4286
-24.8748
13.9829
-14.8929
-25.6786
-11.6206
5.32059
3.82097
-7.36052
-10.1083
15.286
-4.7832
-23.9903
-19.7168
-1.94039
29.5459
-0.366123
5.81463
-4.43226
-20.2818
0.722075
9.97078
-0.0879526
12.1768
-3.57494
-8.45872
28.2763
8.06864
5.94337
20.2609
25.8784
14.8302
-30.6899
-4.93427
28.2761
-2.63518
10.1244
-33.4394
-2.88719
-16.0361
25.5066
8.90991
-4.40634
-2.88106
17.0305
5.64926
3.26063
-8.86549
17.1251
-3.16775
-0.73882
-22.3026
14.7211
-22.5448
3.07824
-15.7059
10.9209
-4.37155
15.3657
22.543
1.46482
10.242
-6.42068
-12.3562
20.3151
-13.3785
6.23115
-0.214064
-8.6717
0.373494
-10.7079
-6.9612
-21.1262
13.9009
-1.9363
23.3642
17.523
16.214
10.1043
17.3968
-7.06104
-17.6049
12.9395
-1.81086
7.04137
-24.3428
-1.74481
0.445489
10.612
2.84552
9.72297
-19.2545
-12.3447
0.22018
-3.25164
-6.03285
2.49353
-6.56202
16.0826
2.96167
-6.35641
4.10026
9.67961
-4.97033
3.23176
36.8509
-8.64308
-2.41582
8.95145
-27.3123
5.75536
3.43394
21.3724
18.232
1.70535
-18.8987
11.0072
-13.4459
1.37102
-19.6798
33.1089
38.9746
-22.342
7.29675
-20.7748
-22.0462
-15.6107
-1.68887
-13.0847
5.72514
-17.9328
-9.5796
14.3085
-12.6149
-19.0285
-15.0698
16.4234
-3.15562
-1.51777
-15.983
-19.7728
1.78104
11.2051
-16.879
14.1629
-22.1952
-18.2599
-3.61437
-20.0207
-17.4976
8.07585
4.27984
14.4169
6.7127
15.4963
16.623
-12.3125
14.2394
0.126736
0.774932
12.962
-33.8727
-5.89861
-36.9344
-0.686877
-11.5528
6.09891
-1.30968
31.7958
22.7486
9.54998
-9.6758
-32.5233
4.34342
-13.2555
-0.678915
18.1309
-8.87669
10.8588
-0.00424899
13.14
4.02156
2.06683
-16.6354
17.8623
8.22214
19.6088
1.09386
10.6282
-18.8054
-12.0734
13.5376
-13.7678
-1.97936
1.00753
-12.609
10.7692
-19.2599
10.5946
-7.26574
-0.304504
-22.2268
22.6049
-16.4387
-4.89463
-11.0674
3.50723
-19.7492
-1.60678
-0.288279
-2.31486
23.4513
-16.2712
-14.4642
-16.4326
-19.8127
-11.097
29.2439
26.6661
11.4478
-1.89731
13.0516
19.6666
10.0655
-3.68388
-28.5148
-17.3637
-8.05219
8.86287
5.94721
11.2417
11.2742
11.7459
3.62053
3.46111
20.8126
16.9556
-13.7828
10.7816
9.18938
-4.94255
21.6133
-15.7086
12.6982
-5.48245
13.933
-40.2352
3.17161
4.23596
-1.60035
16.4968
24.8968
-7.38331
-18.3194
-9.05528
15.5701
-11.625
-40.4051
-7.87747
2.90809
-20.1099
-22.8093
-5.28255
-2.34963
3.78909
6.12281
-2.9397
14.5172
22.0276
-13.0406
14.427
20.2944
2.23475
12.118
-2.05051
7.08435
16.2288
7.85636
23.0165
14.3887
17.2387
-5.57776
25.7383
13.7825
-3.8781
36.2982
-11.0529
21.7399
-17.4577
0.809569
-15.7628
-9.01494
9.68011
12.2957
32.9742
-7.3254
-3.48491
-5.58602
34.6201
28.7525
18.2443
42.0781
26.1572
-19.6313
-11.855
-2.76545
29.1457
-1.94651
-23.6825
1.69185
12.4657
-7.03799
43.7327
14.4381
-20.6014
9.31154
18.8636
-6.13185
5.78839
-1.27937
-18.6744
-7.24344
4.44678
-5.82963
20.3143
10.499
8.95324
5.28296
-24.9139
14.2527
-6.06612
19.3503
22.4511
-5.13376
7.73105
8.32549
9.89875
16.9378
34.4453
-10.0155
29.4302
-28.3503
4.43379
0.817153
-13.4054
6.14128
-9.54352
-0.44313
24.5196
23.672
-6.19121
0.333262
-9.24162
-15.2087
2.24435
-0.856673
0.0523114
10.0049
20.1984
-18.1831
4.67909
42.7122
23.6237
8.18034
3.88119
-9.04287
-8.36605
5.24552
10.6329
-21.6877
7.02751
6.6669
-13.1289
6.10928
9.75633
-23.786
10.4563
-31.4715
3.74631
9.91396
-31.676
-7.32402
6.86677
27.3189
-6.59995
26.7875
11.4373
18.6803
-0.0446957
11.1281
-15.4944
9.79512
2.65376
10.6627
10.0512
-5.60212
-10.999
-11.1368
-12.9058
1.59301
-2.18311
-11.6219
-0.688625
18.3703
-14.0888
4.94185
12.0457
-12.5917
-20.5646
2.53367
17.9624
13.923
27.7741
-28.1122
33.6565
10.4495
7.22598
35.6134
-25.4981
12.2301
6.81744
5.44794
9.16156
-21.3542
-19.9408
23.9291
-14.9827
-15.3306
-34.4841
10.3473
5.85972
-5.62194
-2.03358
24.3713
5.09551
-8.92575
-15.0542
2.87056
10.3383
-12.4723
-8.23227
29.2878
-23.374
28.802
15.5024
20.9078
25.1799
-11.6281
16.0407
4.77662
4.23212
-11.7794
7.84866
-3.57691
-9.73997
10.5025
-6.45571
47.3601
7.36086
-3.4045
3.04761
3.08709
13.0151
-26.9337
19.858
4.1041
-5.18879
7.35239
-15.662
-0.303158
-12.4412
-20.6205
-11.743
30.6914
1.45373
19.827
9.85836
35.711
-13.421
17.6978
-7.17344
12.7381
-20.094
4.90778
-1.27168
-17.6876
2.51986
14.7039
-8.66274
4.53282
12.0922
-5.14848
19.6904
-4.93041
-2.12886
2.62563
23.9766
29.5335
2.71294
-12.0063
-1.56991
13.687
6.42558
-5.41047
20.2119
8.6998
12.2976
3.51452
6.74644
17.7795
18.6564
12.8022
-8.46737
12.5595
6.53453
-16.0081
-5.78473
6.70026
12.9806
-6.90639
-6.09418
-6.74185
25.3028
-21.5058
0.860396
-8.48802
-6.97053
3.42626
18.4397
-1.21948
-0.560315
6.51822
22.2217
17.6756
-4.41639
-4.48077
2.17712
-7.2325
-23.8052
-18.6494
12.6265
7.00627
3.30761
11.6011
16.8577
39.8374
15.4244
-0.839638
-8.24659
31.532
6.25837
0.189551
-4.08298
-17.3799
6.11863
-10.5665
27.2116
-26.6695
-34.716
7.2831
5.98837
11.0043
-20.5081
23.981
-17.8675
14.9989
17.6634
6.75115
8.62252
-13.8538
1.54115
-14.6223
3.78858
15.4235
9.05183
10.3951
-6.85183
-13.0554
17.9794
18.6063
-20.7006
-7.54722
-12.4364
11.7541
-19.5236
20.3265
1.26452
-4.16785
3.68693
-14.6774
-20.8357
-22.1155
-30.5383
-3.59921
24.0422
-24.1433
0.698449
-32.6959
-4.78668
-17.9185
-14.3173
-4.53278
-3.00364
-11.6485
17.7139
20.6618
23.8866
24.3477
-21.2786
-17.8192
-7.2243
-6.96147
-15.3355
10.6578
-5.05179
-12.0791
-5.2192
-9.69051
-1.96914
-9.06114
23.3761
11.0371
6.4124
16.8862
9.95927
-8.12782
13.9226
13.9572
16.0343
-12.084
-3.2058
-20.6742
-11.9987
-36.0829
-15.2054
-16.1765
-1.4883
-40.1102
1.27681
-31.5708
-3.3049
-12.992
-23.388
-2.10201
-6.03417
17.6827
-31.1431
-4.5646
-1.57606
2.44325
-12.6264
-2.25639
4.95672
-3.09927
-29.8593
-2.05463
-1.64889
-9.54575
3.26996
-17.409
-25.7068
10.6321
3.77203
27.9419
8.24558
6.72686
3.49502
25.5948
-2.21397
-26.8683
-18.6865
-12.8697
-4.92605
-3.93957
-12.7811
0.698858
-0.120618
-23.6086
-5.98225
-0.90989
-19.0033
13.0583
0.890868
12.9903
-14.4813
0.32703
-15.3348
-9.65241
-0.370449
5.44751
5.90199
-5.69853
-22.1811
-8.34178
-9.40351
8.87564
13.1416
-5.70007
-1.93808
-14.6397
1.52977
-10.1336
-6.24075
-15.4642
4.77738
7.87908
0.114688
2.30357
-3.0494
-1.57709
29.6899
1.68555
-23.9861
-15.0256
-4.72429
23.3007
-7.49273
-3.0002
2.42653
-1.85881
-10.6406
-21.5743
-5.37055
4.28328
-35.3827
-2.57714
-17.2123
1.03434
25.0371
8.38322
-10.4777
-4.49579
-0.51483
11.2002
-18.7641
7.48493
5.93505
7.46609
-47.5874
-22.4516
-0.968801
-23.8859
-13.0925
28.9643
-4.24231
7.31979
-25.4232
3.03425
-30.5232
1.34203
-14.7725
-0.305233
12.7214
-23.2044
23.7737
-7.82246
-20.1561
-18.3207
2.10797
37.9022
-27.8207
14.9597
1.88007
-21.8464
3.76753
-18.6052
12.065
12.9017
4.25155
-10.0978
-8.13957
-12.134
-4.69314
-7.6666
20.7593
1.97657
8.80219
-11.1453
19.5952
5.5046
-1.22493
0.0980332
20.6938
2.09807
-15.8217
-4.34749
10.6246
-15.5488
-4.87728
1.2262
-7.03344
7.07784
-18.8315
-4.34695
9.11283
-7.19681
33.4792
21.2704
-5.46431
27.7429
-4.77585
15.7206
-5.58637
14.4451
13.7299
-9.26845
0.78657
3.88349
19.168
-10.0128
-10.59
35.9651
2.93181
23.4952
-4.71432
-5.73255
3.98029
-0.23944
-8.35599
9.15043
-4.94408
14.7093
1.17249
20.0794
21.6689
6.86547
8.15511
-10.8828
9.9122
9.90907
-9.05549
20.8346
14.624
-25.0734
3.02048
-13.1742
-18.9926
2.83415
-12.6343
-1.73353
18.9343
9.80469
-32.9254
5.01011
-5.61318
-9.77607
-12.7662
-33.2474
-8.28555
3.20174
-7.48994
-5.39574
16.4089
-20.5768
-6.27484
-15.9575
11.9129
27.9758
-8.05199
-30.2587
-9.14974
-5.32116
9.34704
13.8248
3.81261
8.79677
-17.2289
5.37983
-10.8491
7.96773
4.17488
-4.08889
-8.65867
40.5189
28.0126
-13.4776
12.242
3.62293
-0.133912
22.4617
15.1049
2.44673
-3.1539
-4.58703
-8.64997
28.1965
-15.394
2.14761
34.3465
16.6167
9.2094
12.2426
-3.35913
-2.11992
-10.4445
0.162698
-8.37387
34.2787
20.7432
-32.1616
25.1673
5.07511
-4.5614
3.91656
16.8154
27.4229
11.5059
-1.19353
-5.02161
14.5032
11.7326
-25.9889
10.9217
9.13833
32.697
-4.6288
6.57781
-0.729128
-2.81235
12.6449
-0.147885
5.21736
-4.8502
-2.2202
-15.5235
-8.68145
-2.67715
17.1491
7.08902
1.11729
13.9124
-0.748723
-8.56938
-10.1259
-0.804056
-0.952118
12.1306
13.7732
14.3106
-15.0992
24.16
-20.6207
-17.5309
5.82721
11.0056
4.61145
11.1869
24.7908
-21.0359
2.92507
-17.068
-31.6555
18.1185
6.64489
6.08108
-1.95583
0.262227
-18.0196
8.17553
2.41705
13.4367
-2.85716
-11.0496
-7.0165
-5.06249
-29.8379
-9.1301
-19.5094
-54.3313
4.36249
-10.3521
-19.4176
-0.260854
20.7289
-16.8442
1.6965
-9.9956
-11.4254
0.754669
-12.9672
-13.0416
12.8802
2.95389
-4.15897
15.0758
-7.38541
3.10493
24.9165
-9.53031
3.29504
-2.16164
-15.7044
6.3185
-16.7347
-4.738
14.8193
6.62522
-18.3226
-2.11038
-37.4258
36.1102
-11.503
15.8454
0.697781
-27.0548
-19.3014
9.80284
-18.1472
-21.3803
5.42073
-28.2421
-11.2451
-22.1375
-12.8976
-19.3529
12.2607
-10.0356
2.56145
21.2904
12.8564
7.91979
-6.6613
9.92021
11.5249
4.192
33.2818
8.13824
-12.7236
9.97683
-12.4326
3.88051
25.245
21.3575
38.6435
17.483
-2.13734
-23.3846
-17.2584
-9.40182
4.17129
16.6588
-7.84769
-8.65669
9.17651
-6.51711
28.8245
-30.8521
-4.45661
11.2355
-2.46833
16.0812
10.5811
26.3655
16.5501
-11.2395
0.686265
-4.2115
-8.96968
28.9946
-5.5663
-43.5493
10.4037
14.526
-7.41997
-5.72226
-19.2961
-12.9291
5.56978
30.4961
6.69904
-7.18725
13.4188
30.6383
-6.55228
-31.1313
-12.3698
-10.3899
-3.75448
-15.0024
13.0696
1.00873
-51.5897
-28.1166
-20.8101
5.49132
6.28898
-17.1322
-9.73315
-2.54503
13.4626
7.2692
-3.16906
-7.35352
7.90618
9.13131
-27.1519
-22.9668
-14.3404
-6.41183
-4.81869
5.93674
6.02234
-3.07778
9.22472
-2.27504
-6.04285
8.04808
8.04655
-48.7866
11.1287
-23.7025
-14.9034
0.434781
-15.3254
0.347128
17.1086
0.440059
-22.3006
26.5817
2.99796
7.41341
-0.914053
-20.4573
-6.76515
3.40922
0.526401
7.46552
3.97313
-6.783
23.3591
-0.0287965
13.7864
5.61288
15.4731
-7.70344
7.57222
-26.5958
-18.3433
14.1006
9.57
-9.58742
3.0015
22.271
19.8214
21.2042
-1.4156
-16.902
6.0861
24.725
10.7755
-13.6307
-4.45797
11.6209
17.942
21.2222
-14.068
-21.9202
-0.48418
9.27796
-12.6443
-8.03746
-13.9636
-0.804311
-13.9514
-9.40903
-11.1809
3.23258
-3.80958
-2.46929
3.15924
21.4017
14.5737
15.4856
-8.67531
-13.707
-9.4949
14.5438
12.6853
-0.740668
-3.52995
-15.2264
5.31585
30.0061
-12.012
-5.33517
-4.23529
2.20704
20.6392
-0.109445
15.2823
-19.0956
-6.23086
13.8243
14.6842
-7.76482
-7.69815
-2.71603
-22.1714
0.626671
-22.2402
0.514814
-2.12517
34.6475
18.75
-15.9626
23.0975
2.33853
19.5012
20.8018
-1.22559
-4.90357
-18.0916
18.4027
-20.3593
-9.34318
-12.7552
10.9959
17.8078
-12.9966
25.6515
8.43955
20.6442
-6.22195
-30.319
17.8008
26.1335
23.3943
13.8527
-3.43806
-11.358
32.2164
-19.9083
8.59234
-1.05855
4.64551
-3.26998
-7.69848
-19.4295
-2.34021
-16.6095
-0.681102
8.89273
11.3942
4.66128
-9.08552
5.40742
8.38932
-34.778
-25.5374
13.1084
-24.1307
21.5999
-36.4503
0.392435
3.49042
29.4229
14.5006
-11.0612
10.3345
10.3746
-6.61538
4.63584
3.31497
16.7029
11.0467
13.1221
-2.86871
-10.385
15.5522
-1.02906
14.657
12.8304
19.1433
-8.25741
-12.9187
18.7009
24.4556
8.47261
-8.92785
23.9637
-24.3893
3.06951
24.7197
-10.7261
-24.4536
-5.88787
20.0454
-0.367461
-7.18323
6.83306
-5.30916
1.90717
-16.3871
44.9335
-9.62598
2.40991
7.25746
0.171674
-5.187
3.79407
0.907598
5.16253
21.3965
-8.88238
5.91835
1.02728
0.518802
20.3496
-5.35279
-12.5808
18.79
0.850783
-25.1743
16.2228
-18.7331
-17.4763
14.2768
-8.73313
12.9219
30.8279
28.6512
26.6655
2.21508
-1.20085
8.96146
11.1017
7.76911
3.0733
-0.260726
8.37305
10.5569
18.4226
-19.135
19.9078
7.18008
-9.83082
18.4348
-18.2434
-24.3102
0.0734967
15.1063
-11.0587
13.1044
15.526
0.408215
8.3397
27.2555
16.9302
-37.6854
15.8474
-17.1406
-21.4661
14.136
-4.38293
13.1541
11.4788
8.87408
1.76753
4.63464
-10.3994
26.9581
-6.62371
13.8797
3.35412
0.674241
14.4504
23.7772
9.19938
-3.60822
-7.26519
8.6808
9.68616
-14.1507
8.11469
-10.6536
-8.64812
0.677251
-1.79444
-26.3484
-2.21918
-19.3121
-22.165
-12.6693
-30.1916
15.8468
13.9135
28.2418
4.56106
4.23674
-4.56146
-5.01898
10.1472
14.6275
-25.2029
-8.83146
26.7869
-2.07562
-22.8245
0.846499
27.2472
12.1815
-4.23263
10.2138
-16.7098
25.2111
-13.5164
2.65814
-2.85774
0.76833
-17.7768
-4.34291
-5.28728
15.4667
-18.4004
-29.0917
9.15143
2.13275
6.81578
-12.8779
6.96093
-1.56715
-3.34487
12.9739
-3.61455
8.44587
-5.22275
-7.43541
-6.2463
3.54052
-6.8555
13.7248
-23.5178
5.12428
-6.94427
-0.665403
5.35661
15.1015
0.357343
-12.9042
2.84734
-1.39261
6.506
7.00587
16.5223
1.90768
6.43923
6.77549
1.29876
-2.34924
16.814
6.45419
15.3029
-8.44588
23.7094
4.6086
31.2501
3.66443
11.7954
5.65172
-11.9876
-25.1428
-16.0678
-22.5684
-19.5415
-11.4345
-1.03875
-17.723
8.8176
27.4128
-3.66843
33.3641
10.2289
15.3492
7.93418
-1.03356
15.4341
2.9455
36.8328
13.636
8.72063
34.8462
34.2363
6.22681
-3.50423
24.8317
8.82938
12.8538
5.45422
-9.10377
0.8783
3.96554
-11.5543
1.39067
-7.43665
-4.39221
0.391656
19.6265
5.94559
14.6839
11.555
-17.99
-18.7791
-10.7235
-30.6658
-25.1208
6.02285
5.68635
1.85271
-3.53603
-11.1181
16.3378
-0.122083
15.0397
14.3369
16.0537
9.85049
-8.66264
-4.40506
17.0216
-0.400291
-22.2281
-1.4492
-24.6703
-8.82477
15.5948
45.6595
21.6616
-11.0332
22.0891
-17.1953
29.8475
-7.15702
-2.32182
-31.8849
41.2811
26.4799
9.18629
23.3418
10.8627
7.75084
2.12917
31.7493
11.4629
17.0752
3.33144
2.66622
10.4304
-17.6879
-11.8696
11.0209
9.60894
10.8105
-12.0591
6.64254
13.5387
-1.02408
-3.70156
-10.839
16.4503
-9.54767
3.31927
-18.6072
-33.2985
-5.9035
13.0353
23.0716
-0.780365
-8.83749
-13.0178
-4.54635
-3.90154
-14.7147
11.949
-7.43529
-12.5212
23.8022
24.9545
-18.1253
-5.09149
5.26118
-9.53835
-20.8311
-23.0937
8.55455
4.04268
-5.56425
-0.223579
-9.08464
6.5408
-10.053
10.1112
1.30679
53.5104
34.2266
-18.4154
11.5037
31.4789
-11.0009
-21.2724
-1.9304
26.2386
2.54257
21.7998
-2.1717
13.6365
-5.9133
-7.92891
7.11733
-14.7874
12.3149
-3.66447
-2.03007
-8.66992
-0.506872
0.969936
-13.525
1.9532
6.84038
19.794
1.1778
4.72486
8.38846
9.09421
30.81
-1.19734
-4.6573
11.526
28.5584
2.26931
-10.232
12.5851
10.6815
4.2001
-2.8657
-6.7921
7.36141
16.5749
19.8239
-5.57866
21.8555
4.58062
3.14252
-8.82093
23.5536
14.0583
23.8523
-30.1219
-1.41497
-10.7569
-13.1023
-51.6704
-3.00884
-16.6262
-3.3756
-18.8367
-6.89097
-34.0779
0.337618
1.9236
-8.02573
-4.6059
5.10026
-31.4382
-10.9554
-12.4102
-1.55863
-0.363729
-21.9833
6.89598
-26.7742
-2.97863
-0.107095
-9.17519
14.8179
14.7477
-31.0807
-28.7324
-20.4779
-21.8151
6.35564
-8.40303
10.5076
-16.6179
23.7719
-9.83897
-10.2756
8.56317
-19.163
6.19578
3.70974
2.31438
20.1754
14.1835
-6.58626
-9.48862
-27.1806
-20.0783
17.734
-18.4971
-15.547
8.91075
-6.49288
11.1979
39.3995
17.9326
3.48976
-1.77746
8.01552
24.3638
-27.9718
2.43509
12.3848
19.1847
8.10263
6.68396
-6.25021
12.6086
21.7436
-17.6638
-15.5298
12.5632
-5.21179
-5.76796
9.07734
7.0071
24.1544
-4.41594
10.7475
-14.3481
-10.6061
14.8411
-7.52647
7.63845
14.5822
-5.15248
-26.2424
31.433
0.185866
4.48771
-6.83032
6.76342
-20.2662
6.29374
3.53613
-7.21281
11.0578
25.3874
0.707481
-3.31204
-10.6019
1.62849
8.97701
10.3746
-1.11093
15.9466
-4.58266
3.79833
36.8354
-11.8276
-2.31141
-8.06408
10.5555
-8.66121
-17.9387
-8.83125
-14.4035
-10.2518
16.7752
17.96
0.27083
-5.13594
10.7554
-4.89072
-15.3702
-1.81945
-8.08876
-5.75824
7.25486
21.5522
32.3437
21.0455
6.45289
-12.299
9.53783
3.50348
-16.5282
6.55919
0.488589
0.520495
-38.3042
15.0732
-13.5008
19.3844
-12.8491
-34.8952
-8.67346
25.772
1.16732
-25.8739
3.0999
22.987
13.826
15.4302
19.8745
16.8806
17.2494
10.9002
19.2919
3.39116
24.648
-5.43411
20.5478
17.4743
13.7578
8.89564
-6.3576
22.6906
22.1548
-10.1778
-21.5051
-7.99332
0.137768
0.696924
7.35221
10.5026
-2.86172
31.7176
7.70438
5.92727
-3.95979
-18.9991
1.12731
7.97392
6.40986
13.8237
24.6489
-19.6497
-16.0022
6.74277
-26.7408
-40.1704
-19.6445
-17.4277
-25.3691
4.32178
-13.3966
9.07083
-5.10356
-2.81511
7.46551
-21.1981
2.9329
-3.23657
-9.77059
-3.40744
14.9935
-2.50796
-45.4492
-21.0842
0.330125
-19.1005
-3.32453
-13.0518
9.05831
16.6823
-9.55568
9.49275
-15.0438
12.7196
-17.4632
12.6023
10.4471
9.49388
13.0169
-5.21841
-7.67841
1.5797
20.6892
-8.71207
14.0728
1.61204
-19.0001
-10.3646
11.9867
-13.8307
-11.395
22.4463
-20.3778
12.6535
6.9051
5.49625
-10.455
22.3625
26.805
-3.8941
17.4213
14.3899
-35.8661
-22.4625
26.4098
15.0968
25.2646
12.9952
0.483935
0.618967
16.9657
-10.0162
-20.8899
11.3065
17.7988
-25.2218
1.96144
-10.7043
-8.54817
20.3451
8.08398
-1.34157
5.66884
-21.4824
-22.927
20.0437
8.80133
5.11394
9.4989
-0.404539
-9.33826
31.2256
5.96049
-14.5203
-1.01841
11.6213
-20.5341
30.5726
15.8397
-16.8749
15.7075
11.5866
1.5357
-3.73373
-35.9277
-17.4766
-25.4191
0.0292841
-10.7858
-14.1664
8.02838
1.56836
-24.1852
-0.78688
0.668892
2.64962
26.0018
-14.8372
-7.37206
-11.4087
-4.47077
-11.2218
28.8716
27.0461
-8.22229
-5.84131
-14.6718
-25.9321
13.1503
16.2023
8.41574
8.49255
-21.2137
-9.16661
6.5689
0.844116
-3.61744
-6.30734
13.0937
17.8199
-20.7557
-4.72173
3.96621
5.75823
11.6546
-18.8764
13.7122
-24.2504
11.4498
5.50721
6.34222
-5.11049
-9.16941
-3.67826
-0.487286
7.43612
2.12836
-7.71057
-1.74232
8.92262
-26.141
-10.7795
-4.21501
13.0301
15.511
14.9288
-1.40085
-3.08518
6.24065
-22.6953
-12.4079
-1.48797
-48.5266
-12.4769
-8.37829
7.92053
6.65177
-20.1818
31.6722
20.5353
-0.210935
-9.56483
2.7771
-26.4508
17.2103
-22.5522
-2.1837
-30.4174
1.28001
7.62
-12.763
5.23323
2.38025
10.1166
20.2384
14.9385
0.940459
-1.54893
-2.08509
-10.1796
-5.20286
5.31988
-17.3412
-23.8679
4.70805
13.8805
-21.3698
-18.365
6.90231
-7.83667
14.6271
8.36176
-0.298326
-8.97494
4.27243
-2.56856
18.1564
28.6129
4.96885
1.63396
-10.5524
-0.840665
16.0306
-0.269914
17.2193
13.5579
-17.6042
-30.1692
15.3407
12.8348
-1.88428
-2.62147
-18.0038
-2.89841
-10.0648
5.03849
30.4095
23.4859
-10.8268
-15.5881
-2.7106
0.550808
19.1632
15.3247
24.7488
-17.8121
2.25228
8.50171
0.113486
6.35393
-0.57253
-12.7836
-11.336
-3.7129
-4.83792
12.6438
-6.17676
-13.2406
-29.4698
3.98891
15.4063
9.56636
-3.96956
-8.97089
-6.55941
4.0825
3.95974
24.5137
23.2928
1.63061
-8.23873
8.42554
-18.8906
20.6743
-6.39949
-8.72265
-10.324
-3.42017
7.56841
-6.74827
1.37346
10.63
-0.795568
22.636
-6.75699
25.4438
-4.9169
9.17692
9.48296
3.33191
19.3491
-18.6891
-11.0683
0.22371
20.9142
3.74605
10.1457
2.37023
2.26555
-4.29662
-22.1709
-1.46303
-19.1594
-19.5879
5.39728
8.30225
-13.7335
10.1306
15.6365
-6.41493
-8.64988
8.19378
-9.36268
-15.9903
-11.9053
5.25638
6.59041
17.1715
11.3427
2.86151
9.48299
7.78312
9.59896
-6.90876
-9.5924
16.5633
-22.183
22.267
-2.34678
-11.6999
-17.7863
18.3314
12.5297
-18.8657
5.74203
-18.7645
18.5508
12.0719
-8.36717
-8.27189
4.91569
13.7517
6.04019
4.19578
8.53788
6.34765
26.3632
-20.4684
18.4083
1.14093
-20.0266
-2.62615
1.43285
4.28429
-4.99338
21.1753
2.0207
-9.63263
-2.54129
1.03917
1.82335
-1.2405
8.28257
-5.76886
7.88924
-22.8501
-19.2316
21.9933
8.35543
3.18848
5.28294
-12.8811
-16.8812
-2.10407
31.0335
23.7167
-2.79998
-27.9993
1.21626
-1.681
18.4364
-0.929552
-26.7716
-2.80441
21.1253
4.88362
-10.4322
11.0024
10.4684
23.7342
20.2404
9.57658
-10.3007
10.3039
-13.2084
9.49368
25.7583
4.44417
10.3465
23.0267
18.1133
-53.3466
0.755678
-12.253
11.9392
-5.3541
-23.8502
25.9167
-3.218
7.87126
0.112257
5.84811
-28.7562
-8.85228
9.99652
21.7947
6.28886
16.0032
-11.8118
-6.64618
-24.058
1.91281
8.39662
9.55213
5.05381
20.5255
0.696724
-5.8396
-11.4413
-1.07989
-37.4421
-26.7958
-5.05857
-2.18684
-18.1188
-12.1509
15.646
23.58
-20.2973
-20.1981
2.74855
7.17576
-30.1555
-3.82153
19.3697
-30.3412
-9.04581
-2.85874
-6.24531
-5.81176
-14.9915
-21.0638
0.884326
-4.33508
16.2077
-3.86806
-1.58191
19.4413
-35.7451
15.1856
14.9762
25.7032
3.14356
-1.229
-2.03079
4.06204
-21.2713
-6.12241
-9.60452
-5.32689
-0.232531
-27.8232
1.61692
-9.93707
3.16031
7.92286
11.7362
-19.302
-5.54482
3.53167
10.2926
12.8869
9.6672
-3.20895
9.83767
-18.8174
-10.2082
3.89496
-10.2225
29.202
-20.1143
-9.99381
-5.77529
-9.78837
-5.31869
-10.274
-14.9397
6.27329
-8.94956
-13.7543
9.72465
10.092
-6.64992
26.1429
12.1746
-1.04378
-15.876
6.95071
-34.2739
0.3998
11.7511
-3.87552
2.15478
-4.80205
-24.3328
5.82
-14.8833
14.666
1.34255
2.76474
-2.84229
-11.622
4.70508
-7.81176
-20.9543
19.0028
5.26328
-9.17917
-13.985
-1.8727
-10.0809
12.5956
-23.4532
-15.6639
2.2264
-6.9644
-20.5774
-5.60037
15.7568
-11.4071
-10.6967
-3.25953
6.75258
-39.957
-16.7799
-21.9061
27.0643
-9.34781
4.81837
-19.2747
-7.21469
10.5934
4.56248
-2.4234
-11.8688
-12.1387
2.93231
14.9664
4.89009
-20.9386
1.60139
-7.87816
-2.87088
3.30098
0.451145
-20.1563
-4.03376
25.2005
-7.46356
5.93043
-4.48612
-16.6137
4.78116
-18.2212
-13.3965
7.65713
8.65518
-29.6851
-9.97626
-28.7869
8.99269
-21.3929
1.37158
2.11268
31.897
13.5504
24.1051
-36.1125
2.0129
-2.08774
-14.1744
5.61676
10.7543
9.61919
-14.0994
18.5269
27.554
-9.76258
-18.2894
-2.12085
4.86996
11.5201
-2.16382
-2.40496
-11.7363
-14.4954
8.5806
4.80039
1.5189
-15.8073
11.3267
20.8669
4.41021
-5.75385
3.36175
-9.12239
-8.32051
19.261
13.1469
18.4074
8.39818
19.8595
4.62017
5.11581
-8.68928
0.389857
-2.17146
10.334
-25.5386
2.16016
-8.66824
-15.6899
31.3104
3.28269
21.0267
12.1425
5.62801
1.11148
10.926
-5.8451
12.6513
16.4335
1.00623
5.82229
-25.3029
6.72765
25.342
15.6622
-8.29398
10.7662
12.8432
10.3419
7.534
-1.46196
36.0239
-10.689
-10.2873
28.8593
16.2254
7.32069
17.1282
15.4182
-37.2262
4.94522
15.1203
8.38941
16.5036
-12.6655
-14.5438
0.0982713
22.6564
-5.31362
-0.00213702
-0.112397
20.5363
20.6369
-3.59209
1.74241
22.5723
15.303
-18.4937
-18.7037
-8.28977
-15.8634
-5.13745
7.85072
16.1466
-0.859943
3.4067
13.4949
-11.6386
14.9666
-10.6822
3.0325
-16.9518
7.0461
0.0649352
-5.66091
1.324
-13.3323
33.5234
6.30242
14.6131
3.08396
-2.29317
-7.89023
-4.90125
-0.077746
9.46007
17.5905
-7.11363
0.0462198
-11.6923
32.5415
-9.93661
-1.79425
-3.43995
-14.4252
15.9105
-9.9823
11.7134
-5.60433
18.9245
23.5186
-9.60375
1.77015
-3.70593
-10.7237
-16.544
2.93706
-2.20806
-51.4136
10.1161
-0.354322
11.1973
19.8215
-9.16047
-22.6992
14.3311
21.1567
24.5458
5.37609
0.0711657
4.23022
7.70438
14.9851
-1.06463
3.77195
22.6246
11.013
44.7662
-5.30147
-0.388825
0.457992
12.4066
-13.4364
0.139592
10.5629
0.971825
2.72269
15.8222
-3.70718
14.4463
-2.109
-14.7474
-6.18597
0.617904
-1.93457
-14.485
-3.04571
14.1436
9.8812
0.435403
22.4131
-8.69481
-6.71146
-12.1976
22.3469
-6.58825
6.09172
6.65209
11.378
-0.259796
11.4837
-16.8861
10.5586
-2.96047
-1.25286
16.6603
0.359193
15.6678
22.622
5.76808
-51.718
-2.27409
24.6378
-28.3342
0.62567
16.2397
5.33833
6.48604
-26.106
-0.390366
2.79497
28.1562
-10.4507
5.50986
-4.73588
-15.977
-1.58665
6.79636
0.146025
-4.63317
4.26425
-34.541
-16.9841
21.2284
-9.96644
-16.2033
23.2875
16.0463
-15.8343
-3.67972
7.36585
-5.4837
39.3534
16.5982
1.15597
29.8638
-2.00007
14.1059
8.6047
-18.4024
18.8809
-11.5912
23.2075
18.6304
20.4636
15.5129
23.2119
-2.60072
-17.7549
-23.9127
-3.68724
-10.7128
-4.90024
0.338658
15.2155
-13.2562
2.6629
5.59408
12.5851
15.3284
1.94648
-11.1544
1.78695
-9.52219
2.84401
4.91943
17.9132
3.12033
12.0772
-3.15796
16.1224
22.4163
-19.1184
11.6411
12.8506
-13.4487
-22.8573
-3.5445
3.68184
-10.7276
6.95499
-2.73072
-18.3074
3.04094
11.0041
12.018
3.85779
-25.9931
-9.00559
4.75261
20.6413
5.26824
-3.37995
-20.3179
2.08613
17.7204
13.922
22.6047
-2.99803
-18.4067
15.5509
12.3134
-20.3937
-16.9794
13.2934
1.98348
-11.9247
-18.4299
28.4861
10.8237
15.5191
21.7391
-16.2368
15.2845
1.65242
-5.93847
-4.37087
40.4385
6.20711
-26.1167
-34.2865
-16.0413
9.83905
6.355
4.48154
-22.4881
21.018
-21.6799
-9.03225
-0.978116
0.045379
3.87551
9.19235
-2.04894
-4.1137
11.0666
-1.3836
-13.5367
-6.67347
20.5222
13.3547
9.95314
-25.8667
-13.4228
5.46501
3.86265
-0.108082
2.13157
-2.28281
14.843
18.4256
-3.76269
16.0322
18.1423
-18.3845
-32.1359
-2.23456
-11.6206
-11.2146
2.08477
10.2286
-15.2132
-4.61093
12.4529
-2.52655
7.79948
19.3133
20.5024
-7.67561
-8.47619
-4.36542
5.10386
-5.65791
-11.4651
-2.69397
-4.16206
23.8505
-1.90461
-4.65296
-1.00995
-5.01462
3.85749
-17.2206
-0.86177
2.89148
7.85388
11.2494
12.1288
-5.95711
-23.5841
0.0405899
-27.2242
18.8635
-10.0645
17.1863
-1.22542
-3.72348
25.3534
-19.9833
-27.6799
15.5293
-4.9921
-9.70609
-17.0376
-33.4689
-14.3331
-5.82195
13.4486
-33.0288
-8.14647
22.9332
-1.16868
4.92259
6.09346
-20.2209
22.4343
-6.085
28.6127
4.83054
1.06147
-10.0637
-14.9516
2.25994
18.0381
14.0664
6.00496
6.91254
-2.84358
-7.00292
3.42704
17.828
5.33896
20.4605
23.6339
20.7522
-1.83006
9.3182
-11.2042
-21.2902
-27.0132
1.51469
13.4589
-5.21589
-18.8428
4.11678
-8.11911
30.1143
-10.8227
-1.11917
11.6307
11.7363
13.5105
-4.47295
-2.40445
3.86582
22.4243
8.39258
6.11994
-11.9562
1.29419
0.224328
23.3513
1.55634
-6.82947
24.2002
-8.17227
22.2094
3.73212
-10.1383
2.36429
-51.4708
-5.61664
9.45625
-5.03446
12.8075
1.52518
20.001
14.9427
5.72915
3.96315
-27.5328
-16.3977
15.2681
-2.25357
-7.13902
-5.99409
17.4173
-13.7228
-33.863
-8.39318
-12.6966
-25.897
7.14822
14.3958
0.938878
6.37482
7.83792
-13.1414
14.1774
-12.1443
7.20689
1.24203
3.67346
8.06058
7.19318
10.1243
-13.8613
-1.99736
-24.4288
10.1118
-0.737501
11.2912
9.16051
-8.41201
-24.4902
10.834
-26.8618
-2.00674
-11.2684
-7.98475
15.2383
15.7857
-19.4744
-16.3583
8.58635
10.3008
6.87333
3.32559
5.8191
2.22252
9.66509
-4.25249
-9.35499
-1.89404
-26.2308
-21.2204
-3.43123
7.96591
-14.4109
-10.8973
9.63357
-23.7403
4.77942
-10.59
-15.7902
-5.95447
20.1754
-6.72374
-14.9328
11.1342
-35.7159
14.623
-0.159627
1.55884
18.0855
-1.90957
-1.86953
-4.66587
16.1183
-16.2112
9.81126
2.13461
-0.571479
-10.809
-28.2713
-9.79842
-18.2189
-0.797813
15.0805
19.0494
-4.74915
-26.5297
-11.308
20.5376
-4.75132
32.2899
11.5121
-8.62413
-4.29945
6.41399
11.4728
24.0973
-14.3956
4.53625
6.72888
-1.28407
-1.93525
18.5799
-14.2714
-18.0988
10.7711
-4.99788
36.3685
-34.7441
12.2887
19.9587
1.33422
20.5229
9.28744
6.3505
-25.6311
24.5228
22.4738
-8.05641
-3.74863
4.66873
10.3927
-7.5127
9.47657
-2.44423
-2.98111
2.52075
-12.6607
-5.2494
22.1543
3.77797
4.4843
14.0287
35.221
-17.5833
13.2787
15.209
-1.00287
-10.1772
0.906341
-10.1395
7.48132
12.2495
7.79629
-2.70975
-5.19961
-6.07918
3.15749
8.07537
19.4098
-10.5455
-14.7575
-30.4426
10.0936
31.9908
32.4259
-17.8016
12.0984
5.32607
7.76924
-17.074
37.2901
6.24487
-23.8134
14.7981
5.90728
21.8302
13.4101
-12.6111
6.6282
0.930098
9.93926
10.0805
-21.382
-9.85825
-10.4409
19.2861
-13.5668
3.51714
-28.6834
-2.8124
-19.1463
-2.66232
-17.1186
-23.8658
-2.61351
-14.0393
-10.4973
3.82548
-7.54611
0.282878
-6.65949
6.97591
-2.03644
28.4514
2.31166
1.49247
5.09867
3.48273
15.9184
-7.59758
1.82253
6.75506
8.42048
-5.82029
-9.07228
-9.17643
8.57882
-2.36736
12.9673
5.41721
20.073
-27.548
1.09869
-17.1571
1.6091
-25.5732
2.78279
-14.5535
-1.41649
3.28519
8.46735
44.9527
30.0612
-4.91909
5.51232
10.8182
11.2305
11.1255
21.3651
16.8169
-25.8188
11.7233
-19.2056
21.2625
8.09228
8.72272
12.5376
20.7941
10.7287
-25.4874
3.18094
1.15571
-10.9378
6.69967
4.77196
-7.82042
12.2699
-13.0806
20.7552
26.1964
-21.43
4.12469
-15.7534
1.7501
6.54423
17.3977
29.5604
-18.2777
-7.06437
12.4939
-18.255
9.21407
3.5641
12.0236
-7.76917
0.0398064
-5.17349
38.5593
22.254
2.38788
17.3538
0.82149
-1.19758
5.80093
-27.0558
-4.62618
-12.3306
19.7649
21.8781
-28.489
-4.27683
-5.44961
-17.8776
12.4903
16.6073
4.30964
18.7384
8.55252
-5.96216
-1.90234
26.9119
6.13653
-6.62121
-15.6168
-1.39464
-10.8615
-18.7526
-6.86679
-0.435839
5.99433
16.7039
21.4074
13.9594
1.21709
4.00837
16.1803
27.0268
-19.1592
22.1946
-8.58228
-13.9829
-21.7951
-61.5801
-38.9243
-7.52901
-32.4585
-11.432
22.5787
23.4725
-3.58859
22.0574
5.20382
17.7197
1.81903
-18.1681
12.2141
1.87791
5.16293
-26.7924
9.5851
-7.0391
-9.92546
-21.7803
18.2637
25.302
2.49122
-5.31739
19.0829
4.84798
-4.30501
-10.2185
-6.5112
11.1191
-6.00079
11.4849
-5.74331
-6.86061
-3.32308
19.2256
-4.12854
1.16934
26.3243
18.0723
16.3328
21.3585
10.9208
-9.74689
5.80666
-11.5463
6.01088
-16.962
-2.24091
-11.8957
-11.51
31.2411
-15.3301
30.0506
12.1133
14.696
-6.59227
-9.48978
24.3813
4.0722
11.4101
4.47823
21.1036
23.3253
18.6458
2.71361
15.3829
18.7538
-6.26735
27.4139
27.2856
6.89825
4.21156
9.89256
1.52243
29.6598
-9.87406
14.4256
-13.6901
-10.1121
18.0378
10.8187
-7.32111
15.5372
11.3959
5.98634
-14.3139
12.4747
4.52399
-14.9357
14.3277
-0.288686
-24.4415
8.89654
-15.624
4.37413
-11.6597
18.5112
15.7417
21.2937
-5.34612
-4.38128
-18.8569
19.451
-11.1426
6.82208
7.93954
11.1234
4.19715
16.6712
2.76693
18.5263
6.94666
-9.46827
9.81395
-5.11797
13.4002
-5.17496
8.10844
0.42049
14.3886
11.1764
-3.5729
17.0663
-2.50713
-5.96122
-11.1171
28.8408
-15.0996
-22.7218
-12.2405
16.6842
13.1275
-15.6208
19.0332
2.71165
-11.9683
-25.445
0.571781
12.5254
5.90524
-35.459
-2.32245
4.30212
9.86088
-21.0869
10.7133
22.9881
31.7518
25.7053
5.64147
15.5617
16.5474
-5.32609
-11.3878
6.498
-9.55737
-19.9085
7.98078
8.53124
-40.1615
-0.216704
8.67108
-10.6839
26.8906
8.47233
17.0675
31.3514
8.95793
-9.31436
-7.67763
34.5216
-17.317
0.207628
1.98293
2.6623
-8.48225
3.71092
-25.7903
-10.0196
-8.1262
18.0637
5.26722
0.871162
-18.6981
-6.61308
-32.1538
-30.781
-11.8216
0.743198
7.23719
5.62923
-15.3745
16.4756
-18.0126
-15.2337
-33.7414
8.33961
9.08341
-14.8422
-13.9412
3.80525
0.0854757
26.4781
11.7367
6.5571
3.00216
7.32071
-16.8721
12.0685
-27.8655
17.7567
-6.79728
-4.1985
-6.24659
2.69038
13.2766
20.3892
-9.20716
17.981
7.97798
-24.3271
1.98526
24.5239
3.52419
-5.3686
-12.9194
8.85915
3.12963
10.6396
3.11307
1.11338
-13.9808
-7.27335
-9.86099
5.99873
9.25521
-2.29152
9.74817
17.08
4.50141
-7.81975
8.72397
-4.98237
-7.54723
19.2437
-23.252
7.75475
43.7241
15.9211
20.1379
0.568804
-20.6956
-2.33645
5.98677
-10.1242
17.4373
19.8334
-12.1114
3.74228
6.05015
-25.7137
5.94187
2.40736
-22.7756
6.71759
-26.17
19.6025
-16.644
-15.4495
-19.2365
13.2836
15.0939
-19.1218
-17.2662
2.31467
2.50043
10.6134
9.33105
3.72885
-4.89548
-13.3244
-11.6774
11.3759
13.0112
-1.09454
19.0894
4.92119
15.1146
-3.92651
6.51481
1.91819
-5.60924
-0.800685
-23.9263
25.881
-2.4643
-1.03985
19.0773
4.88131
0.388926
-21.9679
-3.58198
-11.3969
-4.16884
17.3186
-4.78082
26.0868
-3.70831
1.30071
-1.15714
-32.943
2.61752
-2.6019
2.98525
-14.8389
17.929
-0.641206
-14.995
-0.831286
-18.0875
19.1421
13.2847
-17.0324
-14.2779
7.30903
2.83899
-9.89374
14.154
-0.934172
4.68791
-23.3414
-7.60079
29.7299
2.78405
-6.22777
-2.41965
-12.8282
5.66181
24.8996
-41.8816
-35.2581
9.09188
-3.67479
10.5197
-10.2948
-8.25926
0.40104
-2.01308
13.1156
13.043
34.946
21.0547
-3.1561
-10.5007
4.8925
24.7146
14.1493
-7.65941
6.14825
3.74707
13.9109
-4.77142
5.98873
32.5072
-13.7299
14.4188
-7.99375
11.8282
-10.318
-7.7254
13.025
6.76418
4.44099
-10.3858
23.2789
3.95937
12.1503
-6.35252
7.00264
-9.14115
-2.09779
7.62134
7.92578
-11.2264
-33.4903
2.92985
-13.2589
-17.6401
1.21153
20.6984
-4.74789
-11.2895
-28.1084
8.89411
-10.9303
3.6701
-15.8897
6.63497
-4.21655
27.0665
10.6049
15.7961
11.3863
-25.2931
-4.37099
-2.14935
-20.6963
1.30728
17.3334
-11.7668
11.0819
3.93493
-33.7276
13.7535
17.8367
18.1039
-20.8492
-6.90162
-13.3754
-15.4847
5.75559
-17.0687
0.131392
-6.02734
-5.86343
4.00451
16.0215
3.70931
26.2275
-9.60084
-17.6598
22.6272
17.7754
1.02022
-21.8744
-3.76083
1.05951
1.16131
-10.3151
31.7476
8.84875
9.82944
-6.09351
-4.97231
-9.36375
8.96979
31.5361
1.82943
-2.38323
-3.72494
1.04623
-7.88493
-13.2646
-7.30039
-2.89994
-1.10417
-15.4168
-18.1637
-40.6654
20.7681
-2.32758
-0.158143
14.939
3.09091
-25.3931
3.58328
3.33384
-12.661
-18.8625
-12.4945
-9.18191
26.0636
3.27035
-23.3672
19.9928
-0.27399
4.41437
-11.598
13.3139
-21.2153
15.4539
7.05703
-13.9507
33.6131
-19.8839
-9.91524
10.2174
-3.43656
-14.2795
-28.9778
-10.5044
-13.5966
-21.2563
19.195
28.7652
1.68093
-22.8399
-0.293114
14.3454
-16.6133
12.6838
13.5895
-7.23954
32.979
15.0912
13.0774
33.9043
16.5254
-17.3798
-14.7731
-7.10775
17.8634
-34.381
-6.95542
34.4865
-9.66388
11.6702
4.86195
-2.01302
-14.9896
-4.14245
-9.68333
-5.20652
-22.4472
9.72234
-0.832588
10.469
8.02522
2.71515
7.28645
-1.32318
11.3707
22.4061
-21.5673
-5.45862
-10.2384
6.88358
25.7606
15.4989
14.8506
12.2671
26.4942
4.36834
-6.58937
16.9198
14.2591
-0.100415
10.5527
-15.43
-11.1344
-5.52754
12.1565
-5.15921
-29.8414
-17.8685
10.5421
9.12815
17.9898
8.45481
15.6545
0.0671088
-8.97696
27.1657
14.8936
14.5838
-4.14135
1.21921
15.5118
-3.84137
-29.7124
7.78068
18.1626
29.4224
-14.4747
-4.81272
4.45323
24.9084
9.33865
12.4801
-31.4059
9.94943
3.40005
19.8972
-25.3456
9.56404
3.04517
-4.7415
2.55888
-8.74824
-11.2792
8.49125
12.6236
-3.36805
11.9791
-13.1097
-3.69079
18.6234
2.84607
-9.06862
-14.2902
3.37547
18.0407
-12.9411
4.76604
-2.9676
-4.46499
-13.6439
-11.1376
8.19815
-19.1642
0.104074
3.75725
5.20928
7.40583
18.9246
23.8294
17.2388
24.8554
-8.49212
-16.848
6.46338
-27.1464
25.7012
14.9732
4.50838
-3.19455
24.9258
-6.15745
20.5245
0.656629
-20.3744
-6.15327
0.66563
11.0633
-8.53453
4.9221
-12.905
5.41054
3.98656
-23.5197
8.1551
-32.4328
19.5584
5.10748
-17.4086
7.63591
-6.14115
6.62524
19.6875
-5.313
-34.1651
-2.45121
16.3422
-36.4275
6.69336
10.8371
-4.61664
25.6638
37.5774
0.310753
24.6751
-3.70665
-20.4771
8.12618
-37.2467
-9.56667
-13.4556
19.4937
9.16675
-24.0422
-19.6061
-3.04595
11.0169
-12.555
3.98036
2.55318
13.5664
0.394221
1.42727
14.8901
32.5186
-24.6794
-12.2395
28.2405
-2.2293
19.4164
16.085
9.04243
-26.3899
3.64545
4.16951
-20.7406
21.8343
-29.2972
-2.05215
-14.2496
-8.29336
12.2199
-4.05539
-5.23319
6.97943
3.65613
-37.3289
-33.8109
-5.52017
6.10606
18.295
-4.13503
-7.42444
21.9776
23.0694
11.7091
7.30089
10.1306
4.60872
9.36567
16.8437
-5.19547
-8.46082
13.632
25.6497
0.100959
14.2256
-1.52452
1.81885
17.5092
14.1013
-6.63208
12.5753
5.6127
-31.6724
-22.6017
-9.35503
19.7861
1.3739
4.85089
16.5316
-14.2445
23.9836
-10.4111
11.0135
-8.34225
6.40617
12.26
-0.592375
-13.8352
-11.4689
-2.93508
-33.2468
-17.7101
-13.2589
-9.78044
-6.887
-2.24227
-3.03696
4.21808
7.55618
-8.93397
2.44013
5.49434
-0.835266
1.60927
5.62562
-3.44641
12.4594
1.50092
32.9463
6.1466
13.4611
3.65851
20.2635
30.9427
7.49503
-13.4835
-4.95903
-3.1158
-28.934
4.14949
-23.4048
-0.731445
-5.92799
-38.1759
-8.85529
-16.527
5.01175
42.0582
-27.0604
6.32748
-2.14756
-13.6302
-19.1847
4.10327
-0.99547
-15.4183
-6.1833
9.53325
-4.70352
-13.7129
11.7044
-16.0953
10.4801
-13.776
8.46557
31.39
1.23081
41.8138
-0.0684219
-3.58438
8.44487
32.4175
9.23326
-26.5599
27.9386
9.72674
-9.1109
-17.887
9.19692
-32.7961
1.32765
-11.8554
-2.77311
10.47
9.03823
-17.2811
-2.071
-6.78656
-6.28849
4.39781
-20.1133
-15.5976
24.271
-14.1064
-12.8891
-3.35027
6.7607
-13.0572
-1.14918
-7.09696
18.4506
11.0497
-3.58098
-5.429
-27.5006
10.3496
2.57974
2.36044
-9.75858
-14.7872
13.4944
-2.35108
-1.33463
4.48296
4.0245
13.5903
-42.224
-23.3325
5.71914
3.36262
-10.1553
29.2614
32.4851
-11.0726
12.724
35.4728
17.0886
-2.9996
-9.13688
14.7954
2.70914
-20.1754
-1.00037
-2.38557
15.8843
14.0462
-2.85219
9.68355
2.3931
-24.8969
-38.2739
-5.56771
-10.8492
10.5464
-14.3293
29.8351
-12.8524
26.0506
1.28376
-9.27981
-6.87711
-19.6565
-12.43
6.73861
-10.3272
-9.79535
-1.95018
-2.86585
24.2225
-8.97664
-8.13553
25.3613
-10.1245
10.6697
-15.7982
8.13995
-7.51615
4.32167
18.3973
-22.707
-17.3638
20.6431
-20.7747
-12.637
-5.93807
-8.10023
-16.1835
18.0842
12.8925
9.62627
-12.7246
2.13828
22.6012
-16.2011
0.0327567
-6.99015
3.13645
-5.5129
11.3695
0.956245
-7.73385
15.947
-11.7924
-23.9862
16.0837
5.72633
-17.678
20.0697
1.97231
13.0202
-4.66862
2.26075
7.4474
-3.49418
-14.6171
-15.2711
9.05762
6.63079
-7.79568
-0.582805
28.1267
12.9561
-1.92135
2.17136
5.29397
3.23222
-3.75233
12.2836
0.395763
24.8913
9.88095
-19.8441
5.53033
0.386899
16.6696
28.1814
-7.86047
4.13098
11.3611
-25.2357
-1.1846
-11.5608
-51.796
21.139
2.26704
12.3192
-12.6822
6.55054
-24.3291
2.30551
-18.9508
-14.3667
6.96745
-52.1756
-2.65074
-7.89584
-8.17959
2.58486
14.6462
-27.7078
-27.1251
1.89979
6.96729
32.5817
6.43275
11.6553
-7.29401
-12.4287
15.0177
18.7142
19.611
16.0776
0.729356
32.8964
22.2176
18.5117
-12.2907
-4.23595
-19.2259
-16.2698
-1.42133
3.79995
19.1225
26.7286
20.5329
4.67106
15.1229
21.031
-2.39972
50.5372
17.375
0.103414
-3.49609
11.0196
-16.2911
6.25664
4.93998
7.28711
-14.8029
10.677
-5.55179
-10.3191
-2.08479
11.9979
-12.9412
15.5931
-7.16653
-12.7858
-19.0509
18.0039
-2.55399
-8.11312
-5.33248
-1.85212
-10.7988
-4.88272
-35.1576
-6.66057
-1.45925
-38.6603
4.8163
20.0367
-12.3884
-1.94494
-5.47754
18.1755
19.4791
1.04671
-44.3051
7.8115
4.99713
-0.400604
7.17508
18.9109
-16.7845
-11.6652
-13.4502
-27.5429
14.948
22.2951
14.8389
19.3835
-18.4353
-1.96203
7.48454
17.1007
-4.37833
6.74502
17.426
3.61717
20.4376
3.5147
13.3757
35.12
15.3364
-15.6759
-15.2303
-8.60113
-1.72438
-10.102
-0.610872
-0.460938
2.67458
-11.2383
6.48881
-16.5876
-11.5913
-6.21397
-11.1421
-25.9209
26.6125
27.5797
0.410173
-19.9524
34.1578
29.1573
25.7192
-6.86288
15.0816
5.1017
2.74203
-10.3496
-18.6879
-5.57632
25.9417
-14.831
8.80993
-4.41599
-14.082
-4.27755
19.6478
-0.649566
22.0205
-43.3218
-17.358
3.27387
4.33451
18.5564
-23.7354
-5.25084
-15.0982
-1.08623
-13.2325
8.84658
7.01848
9.67934
5.44088
19.3551
28.2905
8.93747
-4.09346
22.3871
6.05293
13.8064
-9.23251
7.47102
-7.61898
13.9908
-0.52837
-0.906768
20.83
13.0389
7.86395
18.0749
3.35524
11.889
-1.19925
2.14421
28.2201
5.71579
-11.5133
-9.70679
-19.7782
-18.9513
-8.9422
9.36452
12.104
-32.7721
-5.36874
4.52971
3.67751
-1.1856
22.1207
-1.50378
-4.1259
-6.19791
1.92839
-7.42336
11.8576
-22.2072
24.6876
24.3811
9.1507
3.99206
-10.7991
7.02539
28.1815
2.39488
12.8555
4.81596
-50.9019
-25.7832
6.60861
-3.8797
-17.271
-5.41778
2.68928
13.6521
-14.8971
-8.78203
-0.529668
10.1682
-11.2375
-27.5828
30.998
-14.367
-7.32372
9.97953
0.819434
-0.978586
-3.15154
11.1888
19.5108
-0.887796
11.1858
10.9374
-9.71759
13.8343
29.0743
1.84097
6.07106
-4.43229
32.4916
-7.78729
-23.8676
-6.14357
-16.6456
0.511304
-7.2364
-7.75903
-13.618
-23.1298
-7.60957
18.4345
-10.6934
-1.02345
-0.103767
21.3246
6.19997
5.16832
-23.2114
7.51206
1.61531
3.43649
6.17442
1.88355
14.6718
-6.23205
-1.93821
-20.1207
7.29994
9.00277
22.5001
4.21342
3.79533
7.14125
-0.669231
2.77481
4.21259
11.863
22.879
6.6105
20.9528
-3.22036
1.72294
2.8548
12.1218
-27.4056
14.5157
11.2865
-3.05209
-5.24663
24.4666
22.0306
11.1016
-32.8232
15.5317
22.4673
-0.155983
0.716604
18.7883
-6.99533
-18.954
-12.8083
-2.2486
5.12523
8.53273
-4.85885
-48.2693
-7.92162
0.602876
-13.3594
5.45665
-1.96518
-16.3939
-4.42862
9.99491
-5.89555
-3.53273
-4.60497
-11.1578
-9.46006
-8.22112
15.4897
0.587635
27.1045
18.9404
-10.5354
-3.43982
14.148
12.096
-13.3135
20.4943
1.72659
-7.97816
5.61459
14.29
-1.76379
7.39826
4.42405
-6.38571
17.7252
-2.5988
-26.2037
15.4827
0.24624
-2.18151
-3.94366
15.7137
13.0824
-2.80101
-4.05063
3.98209
-11.5254
-4.97756
4.34348
22.3327
-17.0807
-49.043
23.5967
7.85934
-11.5776
2.1625
-15.9276
14.3999
-0.946734
-0.690136
-4.10692
-27.7523
16.8991
1.75564
-21.0053
-11.6299
-15.3862
-3.66879
19.0945
5.62246
6.54709
-17.2834
-5.78729
-3.30834
-10.2565
-9.54657
-47.035
16.6777
7.38695
3.38337
22.0523
-38.5812
15.4035
20.8448
34.0202
-7.5675
-6.93674
2.64089
7.40027
12.1318
-1.35416
0.602901
-7.46942
-16.707
-1.04711
0.975467
7.3141
13.9975
9.48793
-35.4817
5.97927
1.94199
-7.01323
18.6057
2.2644
18.3608
14.7305
-32.5037
22.3621
-34.2169
-24.1352
2.56616
-13.2297
21.5948
22.8863
9.09916
5.47245
-0.157178
17.6734
2.82926
10.3806
4.85796
-25.072
0.895321
-43.6643
-34.264
22.244
20.6975
-8.65199
-3.24206
-22.8133
-6.80947
3.14617
0.765066
-11.815
-7.06577
-30.9169
-3.91314
-8.00283
17.9195
-15.0354
6.32266
11.0882
-18.0712
-10.1818
3.37416
-6.82325
-17.8777
-4.7101
34.2656
0.276494
10.9914
17.8054
-18.6359
-2.99646
-5.39172
-3.51307
22.2354
9.41954
-24.951
-7.05673
-7.19003
27.2172
-0.958823
-38.4264
1.10787
9.46142
-0.529777
9.66721
-21.4897
6.04983
-14.3416
-2.64803
-0.632624
1.5995
10.2347
-1.4095
26.9026
-1.14237
-15.8476
17.2019
8.95322
17.2024
-0.391368
-15.0281
-6.19683
-34.846
-6.26248
-10.6286
3.14614
-27.5943
-19.1032
-18.9292
-24.6568
-12.2797
4.24982
7.89682
7.64366
17.6723
19.5374
25.2409
-17.4276
0.512716
4.27587
26.9186
-10.7022
1.70048
-4.70368
-29.5454
10.5863
-3.34764
-6.93088
22.9555
-10.9388
3.27079
-2.261
4.98581
14.2808
29.6531
-10.8268
2.01996
7.36162
15.579
17.2929
-8.63238
-10.6654
4.10832
-25.058
33.7893
2.04642
1.53481
-26.9027
-5.15209
5.47861
27.7342
23.9852
1.54708
15.6
-4.09291
-7.29725
-14.8023
-9.27464
9.4261
-14.5873
-5.17506
-13.7887
-18.528
15.9713
-4.30311
45.421
2.58808
-3.04299
7.37145
15.038
33.1266
0.957494
-9.29486
9.29081
10.9951
23.7523
1.52697
3.89476
5.2573
9.65759
-17.0422
-9.1605
9.55668
-9.18392
-16.0073
-7.15996
-14.2082
-4.99329
5.46888
-16.534
-7.99564
16.0689
26.9663
-38.3555
5.7054
-14.1987
15.3886
7.32818
3.70569
6.04955
9.44382
10.4032
-1.8255
11.3363
-1.83247
-2.02073
-13.7777
-1.9381
18.5099
-16.9624
-7.62507
-20.6942
-0.970281
-0.524267
-4.15877
-9.88978
-21.3124
-5.65841
-33.3256
9.65014
13.0591
-24.3236
-15.8646
-3.38323
7.02838
8.48983
-13.9685
23.704
7.20891
14.9638
-17.4077
28.5328
17.7546
16.1041
8.80903
-16.9814
-32.4131
-30.3308
-17.95
-2.90485
12.6903
8.14949
13.126
-12.5833
-1.36289
27.792
-9.09658
7.65008
15.5498
-10.5434
-17.8652
7.37328
26.0052
14.8979
-22.5304
-8.86594
-14.486
-6.22211
22.534
-0.702913
-3.10059
0.237559
12.4187
4.51784
-17.96
39.4327
-10.9234
5.00316
-0.616613
1.67162
-23.3732
-10.1293
-0.823174
2.88729
12.737
14.9596
3.19484
-15.8274
12.2597
-24.4744
-4.57244
-28.5338
8.97628
-21.4295
0.409862
5.18559
3.12381
20.5862
30.8783
6.30411
-22.7235
-14.775
-21.1545
8.7936
-1.90264
-7.36767
18.8147
24.7745
-11.3182
4.23801
5.66809
41.0863
1.80305
20.0901
1.98112
16.0194
0.231461
23.6595
-5.87602
-12.2004
-20.4687
11.5688
0.797905
9.05088
4.08122
43.4327
-25.8338
4.82708
8.35219
17.6114
-5.13492
-21.5652
-18.5421
-9.90471
-4.77495
23.8522
1.9401
5.12014
0.15752
-21.3723
1.85815
5.07022
-4.59944
25.9642
-7.94408
31.5222
16.257
-35.7763
16.378
3.91249
-11.8877
-9.13157
32.2406
33.3944
1.44054
7.95832
7.67792
-7.27985
-15.7465
16.626
-19.8625
-4.21372
-11.3042
30.2747
8.57698
0.442963
1.47658
17.9954
-9.67889
19.1632
11.4978
-1.00472
0.172291
4.03316
3.76698
5.99853
20.6702
7.34704
16.0803
7.82256
6.09519
23.667
9.869
-10.065
31.3401
-2.53323
-8.70452
4.85948
-11.3303
10.8346
-2.71956
13.699
8.50507
22.5102
-8.81823
12.0364
-6.13335
5.93728
-18.1528
-14.5704
-14.2938
-17.0578
-21.0944
0.715463
-3.26071
-10.6395
25.5022
-26.5542
16.0779
5.2586
12.9601
11.3867
-4.53858
-7.51283
-5.09136
-18.3763
-13.5823
-12.2077
-23.8889
18.6632
-1.168
4.77011
-0.395692
-7.60277
31.869
1.2522
-0.690028
12.3045
-8.63732
8.01015
11.0207
4.16467
17.713
-4.62246
9.91583
-20.7303
-0.805818
3.32229
-22.6355
19.9289
0.0311834
-13.3725
-14.8351
-5.72628
-14.8019
-2.73713
4.20382
-26.2736
22.0553
-3.26852
8.07934
11.7487
0.391656
10.1053
-2.23432
2.16364
6.1638
12.1215
23.893
14.0152
-5.09205
-5.74618
-26.2033
26.2092
18.4994
10.675
8.15021
10.5372
-3.20984
18.0487
9.10909
16.6823
-14.1069
5.75157
-6.18866
-33.9883
-7.8884
-5.2702
-21.6489
9.69987
-3.72143
-17.2113
15.2476
14.8388
1.45793
8.31871
-43.5054
-6.34618
14.5047
8.32853
33.6887
-14.0737
10.6849
45.0425
-4.82267
-7.24074
11.9743
-6.17099
15.4419
-22.5757
-4.14978
-4.49158
30.2147
24.6628
6.41564
-1.25734
24.9728
-15.4865
16.5718
-18.024
0.752607
-34.1331
31.679
6.54259
-24.7302
-19.2114
-8.16206
-5.30475
8.30627
13.0099
10.942
-7.84298
-3.04312
-12.4917
-6.39945
12.4854
4.66833
-0.0920817
7.43864
-1.64896
-10.8191
-17.5463
18.4369
-4.67321
-7.10578
-5.37992
-17.0375
-13.2693
1.23027
16.8592
19.8083
-1.19579
3.66351
-0.608015
9.84746
-8.91255
10.8548
-27.5857
-12.4113
6.02666
-15.3055
5.81653
-7.46651
2.96042
0.0749912
-35.739
-10.0951
6.33388
0.732708
10.0213
16.8672
-25.3819
-17.6168
0.867691
13.3396
-23.799
13.6467
1.36167
-5.30554
-3.8122
-23.3991
-7.26194
18.979
22.4161
-24.8561
10.459
13.0511
-5.11664
2.00749
-16.2326
-4.4893
9.72168
4.92143
1.80662
5.2077
-0.935928
-11.216
21.3093
2.72121
-0.814425
9.38447
-24.8221
27.0392
-3.72321
12.5709
0.663924
-4.20993
-10.6456
-0.556233
14.8242
-7.84907
7.49537
2.40442
22.366
-4.51879
10.556
19.5256
-1.3053
32.2657
-16.2464
2.42377
14.9969
3.61621
11.7066
19.4617
-10.461
22.2091
-14.9204
-3.71277
-22.2701
0.439552
-16.3413
2.95476
-13.7569
6.15925
4.64811
3.93051
8.72064
4.78496
8.4364
-7.05461
29.5424
-20.5901
28.1347
-12.5225
3.48035
-15.1104
10.3482
25.7345
-2.19461
11.0941
4.71899
-11.4127
8.30453
32.0923
-8.29142
-1.54723
-17.9207
8.66225
5.5451
10.3225
9.32674
-6.41117
5.45167
-4.83423
-16.4564
-21.5012
1.40419
7.67716
14.0095
23.7085
-9.41704
-15.9012
10.9946
7.58183
-14.8238
7.32367
10.4114
-9.32381
14.2721
-0.339386
-11.5149
-8.91954
-2.16708
11.8888
3.45166
-24.4861
-1.02354
16.9223
15.3822
-8.62409
-20.4868
-0.266149
-6.53927
5.62109
-11.3284
-8.971
2.10699
-23.0675
-11.9805
2.10933
-11.7539
-24.1678
-23.3448
-14.6047
-19.419
9.55687
-4.47008
7.78879
13.7654
30.889
-3.81717
4.89887
-14.3523
9.60726
20.9304
19.2656
7.0635
-11.8447
19.2076
-2.24462
20.1233
-14.4412
21.9028
34.0579
-33.9481
34.3022
4.01203
-16.0719
17.5632
-4.70066
-15.7881
7.88489
8.06778
3.88198
-25.5668
-6.68015
-8.75998
33.4576
-21.798
24.7811
-12.4767
-19.334
-14.6309
-6.34253
-15.8833
-38.2615
-1.19144
-4.93403
16.5114
-1.63502
15.1602
6.33508
-10.6807
10.8183
-3.16085
-13.8764
-10.9909
-2.20071
9.40637
-9.77736
15.1193
6.75396
-16.8111
-2.33387
2.07231
13.7314
-17.7985
11.4643
4.9408
9.5292
16.9683
-3.53249
10.4267
-11.237
-1.93158
-4.11252
-11.8178
32.2751
-14.7687
-21.3753
-30.9294
9.51336
-25.0311
12.3681
-4.65602
-1.03485
-13.1042
-12.0438
-2.40383
-4.87817
1.26195
5.91932
12.7395
-3.20361
-13.8068
21.7532
4.0352
-13.2683
-29.8674
11.7912
-10.4576
3.84706
4.74816
6.50846
18.6253
-11.954
-36.4715
2.20731
-12.0276
9.72354
-8.60697
-14.4524
-18.0912
9.16836
4.95771
16.1213
12.5387
-0.858096
-20.6263
2.35608
-3.79137
2.93962
7.05516
-15.5336
6.28043
1.80172
-5.50003
-11.1497
5.93662
9.05108
-12.0731
-20.183
13.0174
30.9194
-9.67426
13.9471
11.9107
-39.5786
-10.9426
19.4133
20.8368
-13.3432
-17.3833
-2.43322
-4.36626
9.72227
-1.1138
23.6392
-6.20086
-2.24164
7.92363
-0.333712
-7.41852
-10.5775
-15.4731
11.4471
-13.2129
-23.4318
-21.5496
11.3961
-21.1984
-2.5608
32.8636
-11.1644
2.65721
-0.461257
0.381743
-0.160584
-20.9627
12.4873
-10.267
-9.88216
12.7162
-20.5779
-22.6768
-11.2492
-14.4102
-19.5074
-30.7259
3.16625
11.357
5.66992
3.78533
-8.49887
-21.4708
-11.1286
-6.12247
-10.2681
12.8808
-12.6902
-2.85654
3.29459
1.07686
-7.15956
12.1696
0.719577
19.8009
-25.4304
-48.4691
3.14284
-4.79711
-27.9213
-14.9642
0.674861
4.10056
13.7054
23.5021
1.3657
-21.5319
-12.2782
-13.58
-5.55232
6.58693
10.5471
-0.115735
11.0392
-4.56176
8.60943
19.5866
7.95967
21.6205
-0.179744
5.09464
7.89907
-1.91273
2.97746
6.8677
23.926
0.478115
-14.3283
14.5803
-2.26487
-11.7633
-27.0493
10.2113
-9.78175
-1.31227
11.3401
-4.26126
0.695392
20.65
14.2762
6.21135
15.5273
-15.4196
2.08867
-9.17468
3.53493
-3.04561
9.93074
9.36704
10.9896
22.0015
11.7913
-11.458
-17.5946
-19.9563
-17.2399
-26.9946
-18.3902
1.33269
-8.45465
11.5938
5.34657
-11.1214
17.1189
3.2248
-12.8586
12.1237
4.08155
-62.2649
-0.167844
-24.9143
-45.4296
27.8408
0.816375
-3.18621
-22.4068
-22.3466
-15.6056
24.7459
-6.26318
-2.39568
-7.02388
-22.6621
-21.8324
-7.78932
-0.904442
-0.567384
-8.05628
-12.0885
25.6085
-18.2381
-10.5149
-6.80587
-12.1268
2.59252
-4.0023
-8.17475
-8.5895
12.0198
-13.9591
9.94667
4.83114
-21.2942
-10.7846
11.653
12.8864
-14.3512
-11.4474
0.126411
10.5563
-13.951
21.8009
-18.0963
9.02514
16.0751
22.3668
-19.6186
3.18488
-16.8654
-16.2986
6.46896
28.5277
-5.99343
-6.98241
-6.4043
2.70859
-0.768591
13.959
-9.67952
-15.7421
-18.2617
-16.4858
9.92583
-8.98504
9.90674
15.5855
1.28845
-8.15873
-18.3652
-0.87115
1.07234
-11.4664
-9.43454
14.942
-16.2304
3.03636
-1.9971
7.01367
-11.3567
19.6331
-14.1714
21.4876
-6.5867
8.2787
-3.306
2.79828
-4.54484
-16.108
-10.7289
15.5965
12.093
-12.8064
2.03583
16.2382
-7.55515
18.7628
2.32861
-13.5411
-29.1476
26.48
-1.48457
-1.19944
6.56118
-2.71879
-9.42386
9.72125
-16.1478
11.3681
2.61542
18.2426
-3.19009
6.53934
-18.1512
-4.13968
-6.91161
-5.46092
1.10871
4.19644
-14.2946
-20.4167
-13.2687
5.62756
-14.5058
-0.761425
10.3761
-16.9951
13.0357
-17.082
18.8819
10.5048
3.05572
0.120081
8.30881
9.57527
25.1881
-26.3802
-1.15254
19.2858
-8.01063
21.877
8.65921
10.0668
17.4548
3.28904
22.5114
-13.1733
27.8516
11.2855
-5.11351
-7.97042
0.537848
16.7749
19.2865
-11.1547
-14.7596
6.64822
-10.8445
-11.8578
-12.5892
5.37823
7.96919
4.54357
-32.7331
-9.20926
23.8805
16.5134
-0.173183
-8.27111
4.56263
4.9603
4.26511
0.310691
7.84809
12.3997
18.7523
-9.36596
-20.5467
-24.3766
10.3922
6.72518
5.12152
-12.783
-9.09883
17.6592
-2.20878
10.6534
-2.48799
-17.8732
8.56841
37.3726
-0.426079
-13.6456
-5.21364
27.4418
32.0438
1.91403
25.8423
12.7348
-8.42493
8.59961
3.68952
14.5952
-17.0638
1.48134
10.475
25.5482
19.4469
-0.483095
23.0229
-10.192
-2.48163
-18.0491
1.69203
-6.72114
5.95035
-3.47397
-22.7269
2.4627
-21.4502
19.3713
21.4405
14.3841
-9.87789
8.10633
-3.07269
5.03952
1.56927
-20.4337
-17.0788
-5.07091
10.5842
-23.4521
-19.2121
-20.7217
20.4013
-29.8726
9.76099
10.7209
5.74146
-11.8089
-30.7526
24.1394
-3.81045
-29.0013
-8.27721
-10.4559
-2.95199
10.724
-19.4749
10.0186
6.13411
12.5951
16.2246
27.1646
-21.1544
26.1126
9.88498
-5.65041
1.67813
-13.6017
18.6196
0.699867
-2.81964
-12.5051
-14.134
-13.8593
0.341614
-9.33564
-8.23723
-6.73382
-8.24818
5.86297
6.54845
12.1163
4.3596
14.5623
7.85435
7.18482
3.14708
-3.93371
-13.0845
6.62597
-8.98402
-7.8781
12.108
-1.54447
7.06089
-13.4835
0.616544
-15.0762
-37.9873
7.07623
18.7879
-15.686
24.5517
29.5266
23.0025
-3.26233
-14.0583
-1.95189
-19.8388
10.6224
-27.7596
-23.2084
28.971
5.02553
-3.07871
-11.4778
6.97977
0.921118
1.36058
4.06936
-13.047
6.32323
-25.2736
6.0102
10.1694
2.93065
31.4291
9.04849
-16.7764
-1.29287
18.1631
-12.5332
-9.00367
1.29151
14.8388
15.9832
31.9603
14.6933
18.7916
25.0623
13.8252
-11.1458
-13.709
19.768
5.60853
-17.3556
4.43569
-16.4214
-17.854
-18.7409
5.51549
-14.7849
3.82859
12.6288
12.6698
15.605
14.3913
14.6167
7.36593
14.0602
-10.7825
-25.9707
-20.8678
-2.08934
-7.67781
-19.9475
11.9119
-8.68777
-12.3709
-21.7632
11.2246
2.02268
-13.9666
-1.13589
-2.40561
18.0685
15.582
22.6034
-24.7488
-0.336274
13.3154
15.1533
29.2547
16.528
30.2791
20.1581
5.95821
-12.8468
-1.44907
-10.7194
13.8858
18.8679
14.797
26.8865
-37.2095
-17.7764
28.1217
9.15581
11.1479
1.07975
1.61224
-0.435301
8.7083
-0.568483
12.4308
14.8881
6.70289
25.7409
-1.51606
-22.0692
6.78958
-19.5387
-4.95341
28.3459
-14.8014
17.0894
-6.61281
-26.279
-12.189
-4.61303
42.2559
16.1728
9.49939
-19.377
7.07737
-11.4133
-20.2382
-12.3906
-12.8843
13.7673
-29.6124
6.08515
19.0275
14.1951
21.134
7.51523
7.80363
25.837
-15.308
23.3543
4.37438
-0.639044
17.9155
-11.9225
-5.65557
-8.98992
13.269
-38.0745
6.14261
-13.0222
10.3353
9.48506
23.3537
4.50041
-1.55263
26.8122
20.6647
-17.6324
1.74989
6.95902
-8.12418
-7.58659
-5.57362
-15.5806
13.7738
18.1666
10.8895
-1.1914
-4.02799
1.07971
-3.22592
6.52702
7.78235
4.05332
-15.2357
-11.5667
-15.5267
23.0334
9.21618
26.4174
-27.849
-1.74629
-11.7078
0.477371
-9.55644
-10.6601
1.2267
19.7329
8.54601
-0.418138
-0.913315
19.055
11.8749
8.99853
8.81882
21.602
-2.73361
-25.8585
6.05181
-1.56454
-28.2035
-6.93792
-6.67016
8.03433
19.0236
-18.7262
-24.9831
19.705
8.04958
6.47126
10.7354
3.77471
-1.56886
7.02448
17.765
-9.4877
16.1476
23.9321
-3.74127
8.0273
42.0675
5.66514
-9.43192
6.38701
2.80148
-8.87436
13.828
-5.60711
9.0459
11.0572
3.9485
8.06707
19.9696
8.31649
11.2605
5.15017
11.5411
-7.22914
-5.81411
31.9722
8.15521
-5.89509
6.03925
3.94328
-7.11559
4.36884
18.5622
-3.66256
-28.3398
-8.12883
4.11393
-8.00792
-24.4161
-24.3122
-21.9799
-6.6419
-20.8588
-1.74619
-11.4751
6.28202
-42.5555
-16.1812
2.6013
-11.3052
-14.9243
12.9313
4.33451
-3.25654
13.5717
26.4485
-1.21706
9.90503
-11.2996
33.8597
19.712
12.2153
8.61659
0.406273
-0.226081
20.0012
-17.392
12.1617
0.0608732
-0.584721
13.1016
2.12117
25.6048
-19.8801
6.88565
-20.1462
12.5747
-30.204
-14.1212
-4.42658
-15.8125
-19.4827
4.68532
15.3824
-2.66696
0.447779
1.41074
9.15818
-9.86224
-16.2521
-4.66766
-15.7904
18.2743
10.6985
12.2912
17.5769
-1.68415
-2.18033
-17.0501
-21.5689
7.38363
11.2347
-24.6692
5.55033
-17.0403
-8.74088
-24.5612
9.46481
-4.7914
-10.6179
-12.5058
-3.9083
-11.1326
-22.6897
-19.6547
8.15549
-20.0691
-0.630637
-0.492385
16.9811
-11.1782
19.308
3.92958
-36.9026
-20.967
-33.9717
-5.09137
14.9713
8.90007
-21.331
31.0991
-15.4073
27.7542
-20.5677
-0.121805
16.8799
-6.90247
0.0208042
6.92649
14.3489
7.97115
-8.01851
3.46532
3.08046
-12.7804
1.59685
-11.2986
3.33364
12.4502
21.1405
-19.4343
8.20941
-30.1632
6.27066
2.05521
27.8429
27.1257
-6.02999
1.91587
-4.3208
13.384
10.7839
-10.7798
25.3039
-0.252206
-1.87813
20.6473
-12.7844
-4.21015
-28.2014
-13.9883
-14.4967
-4.6352
10.9305
-6.96745
-2.259
-27.0436
6.89536
-3.27172
16.4135
-15.3716
-11.6637
-11.8655
14.2434
-1.40791
11.9765
-6.01348
-12.9461
12.7772
29.7292
-14.5526
0.190301
-16.5862
-6.46598
-12.9691
-4.43008
28.9108
4.61983
-20.906
-1.3942
-6.27625
16.1265
-14.6578
-4.03601
22.5111
-12.7113
-21.4476
-2.11275
7.59857
-9.35057
6.73591
-5.05314
-2.07298
21.3587
-13.8177
12.564
-12.0422
2.61108
19.1533
7.14715
10.7665
1.3737
4.94172
21.6502
-7.7364
-7.74246
-20.8506
-19.7548
3.35976
4.66389
35.7815
52.1808
13.7645
35.2926
2.43173
13.068
-0.475839
5.58428
-2.54503
-19.0706
5.01313
19.1615
10.197
5.93087
-10.248
-2.71662
10.1523
7.88012
-6.31425
32.8328
-15.9132
13.6966
-12.6232
-4.31085
6.6929
-12.5808
13.5799
9.44958
-1.54558
16.0385
-1.37871
-13.5292
-9.33908
-16.8468
4.11786
16.6101
9.50592
18.7443
-3.19523
-0.593301
10.9704
24.5202
-14.5568
22.7655
-5.12595
5.96108
-23.5197
29.1056
12.9877
38.8446
8.98318
-15.7828
1.93426
5.70286
3.66598
4.33825
4.4537
0.956295
-12.8475
3.51429
-8.68123
43.9511
4.65315
-1.70561
-2.09899
-13.0352
21.1257
-0.268815
-3.96941
32.2011
-3.64757
9.82499
28.9109
5.60948
24.1881
2.09667
15.5128
6.29698
10.2309
2.57413
13.7046
7.84563
20.8926
-20.4566
14.082
4.61145
-4.14022
20.4419
24.7388
2.11143
10.8335
25.0958
-4.29156
2.70636
1.61527
-8.22755
25.4446
3.20469
5.95357
-16.231
-20.6518
-11.6759
7.96767
-28.8021
-20.2635
-0.75038
20.5709
12.6163
14.2819
-6.33057
-3.74025
22.1173
-5.50192
24.0993
14.3693
8.51134
14.7779
1.27957
11.4459
17.2507
6.22746
5.51744
-4.17019
-4.74865
4.82364
-13.8977
-23.1103
-9.59766
6.41417
20.2095
-7.08976
4.5677
-11.5395
-5.54291
-19.6722
-1.6551
2.15198
2.03056
7.48109
-19.2842
-30.6209
-4.12763
21.0463
26.4805
34.9603
12.0006
-10.0061
3.91056
16.0014
6.01734
-8.20168
26.9157
3.62175
-2.31072
26.4357
29.2622
37.4946
-0.494169
5.21482
36.0655
3.20748
-1.92929
-28.0675
23.0119
9.15736
7.14408
-34.9441
1.72917
-6.23304
-17.7932
2.14255
-1.48099
38.4057
24.8913
8.5101
10.0844
27.4737
1.4072
20.4854
8.77511
-7.38559
14.4751
16.9186
3.66191
-25.1965
0.70594
3.53077
-23.7411
-21.094
-25.5129
-3.80782
-3.84706
-9.06251
35.2647
1.47789
24.0243
-22.2696
0.406394
20.9445
3.20482
1.10221
-4.59568
13.7663
10.8654
-8.02503
6.89999
4.90088
-5.66384
-11.288
12.3824
14.7689
38.8026
-2.81466
22.4322
3.37609
-15.4439
-0.600428
9.89198
-3.02753
12.0147
-2.57617
1.75243
-15.1629
16.2561
-1.43426
-5.03672
-7.25005
23.6827
19.3162
14.2854
-2.87914
3.44899
-2.29449
17.8128
7.67759
0.556952
-2.78299
2.03199
-3.82177
4.97415
7.15918
3.06994
33.7579
24.1156
10.0264
-17.4542
39.0422
26.3951
19.5828
-4.58776
9.65861
-17.8924
16.2213
-34.1788
2.89833
6.29886
-5.75774
9.60777
-8.95129
10.572
11.1495
2.41022
8.38443
-8.29415
-10.9554
1.69817
-22.9614
-5.95731
-16.215
-15.6614
-20.4127
-1.93893
5.33603
13.8001
18.2584
0.162874
6.78513
-5.24237
-9.08971
4.20313
1.31835
-16.5383
32.0703
-3.36373
-9.30176
21.4819
13.8193
-34.8375
-22.9004
-24.8808
-10.0417
-9.46894
12.4562
0.556462
14.5841
3.88748
-1.60956
0.139339
-5.86653
-5.24771
-9.21009
-6.56622
10.7341
-11.4999
-7.33211
-2.82275
-7.69525
-18.1761
-21.4732
1.8958
8.03475
6.89499
-7.72041
6.93488
3.98141
-3.71263
-33.815
8.62907
-0.216331
6.64358
-8.98808
18.1694
-6.31328
4.22372
-8.75185
22.9479
36.8344
11.202
-19.2692
7.95623
3.12555
-23.756
-22.3098
15.3341
-4.19136
-6.70713
10.3516
16.9492
-26.982
-23.3146
13.9813
-17.344
-8.61202
13.2044
-16.4439
13.7439
-4.56395
5.79246
2.22531
9.17703
4.41832
-1.06798
11.0372
-6.05426
-9.99655
20.1791
25.2753
-7.14636
-11.0346
15.1684
-18.9368
-30.6387
4.38174
31.8074
-4.2604
-1.21795
4.23653
-11.463
17.4995
10.5207
-24.9408
0.456015
-11.6692
12.9443
-32.9426
1.709
-6.08369
-15.3125
-6.09144
-6.98918
7.09787
-13.5676
24.8021
-4.96034
18.5868
-3.43132
13.3446
30.1687
-2.25513
-2.38165
4.73341
-15.7651
-24.3119
18.1032
-18.0407
1.7587
-9.91644
16.6013
-5.46722
-11.8126
-21.4482
-0.869808
-5.44217
-17.7567
9.29346
12.2329
6.94032
15.0518
16.3652
-0.218854
-14.5144
-2.31875
-6.02282
-7.35378
14.1726
-1.40057
-8.30217
-5.12492
0.400259
-31.357
-7.63377
-5.84411
28.3179
2.13719
-0.559078
-3.89751
-10.3624
-7.81896
-4.85859
4.23798
2.78634
9.74061
3.71447
-1.76535
-7.01952
-1.68898
16.7218
-5.64248
5.30219
7.22668
8.44913
20.8466
16.0607
-5.78169
4.47853
14.9574
-2.95863
8.06676
-5.06246
32.8247
-4.47866
-1.62129
-22.0378
15.676
2.26202
1.53526
-34.7045
-7.88046
10.5884
-1.3904
-8.71702
-5.11773
3.67341
-0.696641
-33.1873
17.2222
19.6683
-9.93849
8.93026
-20.3382
0.904514
-17.6414
-0.684037
5.85794
-18.6356
-22.4906
-12.9279
-3.40306
-3.78684
13.9438
7.37766
9.92646
29.2283
9.48425
-4.63909
-8.05081
-2.16756
30.9219
-0.249118
4.76102
-12.3695
7.63606
-0.601845
-3.81798
-15.4944
-24.4943
3.66183
-13.171
-1.30239
2.8689
11.9117
3.26019
-0.0389553
-16.9256
2.61823
15.5538
-10.1963
-6.69532
-16.9259
-2.05415
19.3171
-25.0282
22.0093
7.08332
21.2759
-11.4479
-21.9818
16.8672
14.7528
-19.7024
7.48011
-2.68756
-7.77794
-2.08519
12.007
21.4382
-25.6425
-21.1864
-13.1091
3.69038
-12.8659
4.07944
1.47656
0.331407
-17.8903
-2.89882
-11.2533
0.335227
-5.07718
-27.3807
-3.44089
-21.6255
7.09102
-15.3163
19.0997
14.3433
7.77788
28.5114
8.10197
1.47574
15.7113
-4.62154
-18.6352
11.5318
3.99742
1.0284
-7.77163
7.76313
8.84713
9.93995
3.33165
-21.0821
-1.56722
-34.0227
-11.4113
-25.2742
-10.9635
-2.4954
-10.1742
-6.58048
9.15048
21.162
5.36053
3.15361
-8.71638
2.37499
17.1421
1.38022
-5.78882
3.27622
-17.926
15.7637
-2.62121
18.3733
5.85586
0.746901
-0.12541
9.95848
1.30728
25.3549
-7.45311
-4.97921
-1.71856
13.3247
10.9148
12.4381
10.3829
-32.7362
-0.897456
-25.689
-17.784
-10.2722
0.888465
-0.560534
-4.68335
9.07172
16.5579
7.26114
12.0076
-14.2252
20.3196
4.21716
-19.6365
-4.53257
-10.2139
4.51985
-21.6923
-23.6557
7.55467
2.27327
6.93639
7.15605
2.68044
-2.87853
13.3909
-11.3823
7.58759
12.6899
-28.5205
24.8131
-10.462
-20.1277
4.80299
-5.38493
-40.7073
23.5496
3.37652
-8.70583
-0.48224
19.5962
-19.0844
-19.471
24.1547
-13.3329
2.37732
4.61308
14.7742
4.14952
-38.6149
18.4214
17.3798
-1.33843
-14.3027
-10.6039
-3.91964
-4.53751
14.3571
2.9783
0.62451
9.66237
-11.6347
-7.004
-25.5028
6.52528
13.8229
9.34196
-6.87732
33.657
5.1729
-3.52094
-10.9699
10.0122
-9.88947
-0.21747
-19.1811
-9.70436
-19.5909
-14.2721
24.6731
22.3626
10.0083
11.6681
-1.74172
13.85
-14.8432
-26.3016
-28.6153
5.71232
10.3297
-3.1533
0.92287
-12.413
-17.4368
-3.79054
7.37591
-8.47757
10.5112
-27.1913
4.42219
3.17982
-9.95079
-29.3813
-9.64407
0.0915021
-3.38539
-17.5181
-32.3387
-11.0228
-5.49971
-28.4993
-31.6539
-6.17733
29.7948
-11.5627
2.62451
-13.5526
-9.69092
-36.5809
-34.2989
1.4217
-11.4329
8.06795
-34.769
19.3995
-23.2302
3.15823
8.2891
-6.26086
13.9739
33.9005
8.92734
25.8702
-3.70555
-10.8004
12.9364
-3.27702
2.7246
1.41743
-29.7466
8.46851
-5.49664
-41.2092
-0.426463
-9.46542
7.85064
-1.55315
-5.5144
-15.1111
-4.55715
-31.9023
-9.45027
-29.0479
-24.9372
6.76457
16.5547
-49.4894
-12.6279
-21.536
13.6147
-3.96989
10.6269
-19.6978
17.1719
-2.91291
0.263164
-31.6733
-7.3502
14.7634
-15.3478
2.67318
3.39666
3.26453
-4.80717
12.7285
-13.4771
-27.9491
-17.2282
14.3389
22.9269
19.9781
2.5472
20.6961
16.958
23.168
12.2669
19.735
15.4028
2.62339
40.9298
9.81321
22.2015
-2.4212
10.8535
-13.9562
15.5701
4.28611
-10.0691
-10.5932
6.55994
-12.1212
14.925
-0.735954
8.84777
-8.79856
14.5409
4.43073
-0.800287
-1.4883
17.9947
22.5458
3.77883
14.5292
-2.11864
17.1131
8.20244
1.80224
1.48049
3.06617
4.5
2.02186
-3.42759
-3.49758
-27.9356
8.92319
13.2851
16.5759
-6.61932
14.2065
-9.30369
12.6904
-13.5569
9.38505
3.71845
-3.14142
-21.1122
-2.36204
9.7453
18.251
-12.8357
20.8873
36.7099
11.952
-5.34814
-4.47447
29.6604
-6.16057
7.52052
9.18572
4.45883
-8.33341
-7.02739
19.0351
7.99227
-20.9577
-14.6062
22.9565
6.52531
-3.02557
22.1086
-3.65485
-0.998775
6.04369
-19.7326
-9.2424
6.21692
-13.7449
-4.50323
-0.895386
8.25787
30.017
19.4998
18.1787
1.25918
-29.7196
-2.12642
10.865
7.70562
17.2621
-8.79121
-26.883
7.39919
16.4112
-15.083
5.90707
-2.71026
-33.426
-9.92201
8.34617
8.21919
6.54817
-19.2216
28.9684
7.80201
-27.641
22.1333
-5.9504
16.5243
-32.2762
-5.85905
-6.05345
-9.0962
-5.29633
8.0262
-9.10603
27.3996
-6.15069
-9.56876
18.5493
-7.76054
2.63728
-20.1701
-18.4245
-19.7886
14.3016
0.131275
-9.80264
-27.7008
-3.25642
14.6575
-17.7645
-20.3664
6.22675
-28.223
8.71645
1.63171
16.7895
7.33822
-3.22038
3.5461
